637	1662
626	1555
670	1602
715	1428
684	1340
702	1475
680	1296
592	1273
689	1285
726	1561
691	1452
681	1518
692	1267
663	1361
611	1620
552	1488
541	1385
550	1595
518	1612
509	1316
575	1449
569	1415
579	1631
548	1504
580	1403
535	1414
542	1394
539	1438
533	1314
556	1487
518	1382
588	1361
554	1305
549	1172
556	1130
559	1099
537	1326
575	1254
555	1385
572	1244
566	1333
572	1437
604	1487
657	1343
667	1504
618	1375
642	1176
593	1243
602	1332
545	1509
601	1797
611	1632
593	1677
587	1652
686	1703
639	1554
688	1487
629	1545
659	1270
622	1419
612	1379
694	1499
614	1424
594	1570
586	1449
622	1414
587	1571
659	1547
672	1436
569	1276
650	1441
667	1583
639	1470
592	1373
571	1479
609	1384
585	1441
627	1427
566	1377
549	1622
568	1437
580	1699
582	1829
596	1591
644	1638
643	1573
607	1564
646	1490
660	1367
606	1348
660	1551
625	1455
633	1442
616	1487
632	1726
587	1627
602	1651
665	1543
599	1257
637	1333
657	1532
724	1564
602	1475
664	1636
662	1474
615	1366
588	1399
607	1540
624	1611
540	1574
590	1483
587	1363
532	1264
599	1376
571	1423
559	1338
587	1412
536	1270
592	1275
602	1500
642	1421
645	1567
619	1548
688	1581
657	1198
666	1370
604	1532
586	1415
585	1451
570	1290
568	1445
527	1345
533	1460
585	1491
523	1511
539	1335
533	1422
612	1428
567	1255
562	1318
593	1350
613	1317
615	1511
603	1422
622	1400
571	1566
560	1359
583	1333
540	1277
589	1224
581	1268
570	1469
555	1423
574	1324
624	1292
564	1443
556	1455
565	1629
545	1567
523	1514
499	1157
500	1193
502	1305
480	1174
468	1193
509	1258
486	1402
557	1409
478	1342
475	1416
496	1230
454	1399
497	1323
469	1412
546	1590
498	1336
491	1248
476	1293
533	1385
540	1419
477	1344
526	1252
480	1426
489	1254
502	1209
488	1068
551	1322
537	1297
542	1379
529	1265
496	1324
535	1282
511	1270
521	1229
505	1246
467	1059
524	1188
457	1136
516	1452
492	1243
571	1389
561	1477
493	1495
460	1480
504	1391
501	1324
507	1286
487	1254
492	1196
504	1320
473	1553
470	1454
528	1426
508	1492
457	1549
560	1673
477	1388
517	1397
509	1248
503	1163
523	1206
504	1388
464	1409
491	1472
536	1543
500	1484
473	1410
519	1261
567	1199
483	1223
517	1138
571	1387
520	1179
519	1479
546	1279
503	1221
538	1098
524	1193
492	1413
539	1368
493	1315
493	1328
501	1291
478	1249
532	1165
524	1105
547	1241
474	1289
510	1140
548	1254
547	1251
573	1226
494	1216
552	1321
494	1258
495	1098
514	1080
501	1292
458	1154
473	1207
548	1175
548	1288
540	1270
520	1164
506	1220
555	1161
498	1199
594	1313
601	1300
634	1178
585	1184
580	1206
562	1212
552	1296
559	1168
571	1416
480	1348
527	1307
525	1270
558	1293
531	1412
565	1479
554	1150
569	1223
597	1231
565	1338
541	1454
554	1278
544	1313
581	1284
564	1443
608	1473
556	1542
547	1525
529	1591
529	1559
546	1506
576	1366
568	1610
524	1633
554	1577
591	1457
587	1552
603	1685
549	1855
537	1829
583	1852
535	1735
537	1686
550	1701
574	1702
594	1725
561	1856
537	1881
562	1807
533	1847
578	1895
467	1653
538	1601
547	1380
546	1496
575	1661
586	1599
616	1565
555	1721
540	1687
521	1663
601	1586
542	1666
598	4082
625	3950
622	4884
563	2538
518	2184
519	2157
552	1877
547	2000
445	1515
457	2015
474	2103
496	2179
504	2268
518	2126
594	1830
448	1491
478	1599
497	1599
489	1624
521	1820
552	1716
523	1591
533	1546
501	1258
519	1477
542	1558
501	1572
477	1411
465	1317
494	1439
532	1448
543	1372
537	1073
546	1156
499	1232
512	1368
499	1350
546	1460
483	1337
595	1399
532	1581
523	1486
557	1362
547	1346
501	1211
496	1205
575	1257
517	1333
498	1235
497	1203
534	1238
505	1299
505	1298
531	1443
528	1309
529	1487
527	1343
532	1334
544	1239
587	1367
553	1455
538	1358
503	1261
468	1312
452	1305
527	1593
525	1556
481	1557
597	1508
500	1455
502	1291
530	1462
586	1630
536	1658
555	1504
516	1476
525	1552
534	1545
499	1583
496	1514
564	1318
544	1345
518	1456
540	1382
547	1406
536	1251
509	1479
505	1471
460	1468
489	1526
479	1543
505	1421
524	1348
487	1346
568	1420
562	1582
546	1534
511	1560
493	1486
532	1622
507	1496
512	1425
539	1391
506	1537
485	1468
523	1481
493	1621
471	1484
516	1471
536	1639
532	1596
556	1618
509	1729
511	1673
506	1461
548	1287
493	1385
544	1636
508	1457
452	1443
488	1490
486	1478
504	1373
536	1241
537	1223
509	1406
549	1429
551	1283
466	1441
499	1261
518	1198
531	1106
490	1488
482	1356
466	1379
516	1501
566	1574
478	1289
485	1256
535	1581
557	1400
627	1311
508	1429
521	1520
534	1531
531	1296
502	1230
514	1427
488	1337
577	1263
566	1149
529	1201
561	1252
580	1290
577	1169
489	1319
628	1291
578	1163
573	1264
510	1424
487	1404
504	1279
551	1301
556	1320
479	1379
527	1409
534	1336
533	1046
560	1249
508	1292
556	1225
499	1167
533	1533
534	1407
591	1372
574	1406
594	1313
600	1356
551	1270
575	1430
585	1202
601	1184
632	1248
623	1287
534	1538
611	1352
624	1389
696	1387
719	1143
732	1208
639	1419
691	1301
684	1555
675	1733
603	1551
691	1430
628	1545
681	1459
682	1304
657	1504
610	1598
672	1517
623	1375
602	1513
662	1620
654	1668
563	1716
620	1580
582	1609
633	1477
608	1596
651	1753
622	1663
631	1539
672	1637
639	1596
659	1525
663	1542
593	1580
668	1691
608	1498
570	1837
603	1643
607	1462
660	1713
632	1371
649	1524
693	1523
643	1616
626	1704
589	2179
644	1816
697	2084
612	1673
617	1520
627	1602
594	1680
625	1566
621	1518
529	1481
587	1391
565	1423
542	1397
517	1519
514	1464
480	1596
477	1566
574	1463
512	1526
540	1331
476	1366
505	1275
505	1283
536	1297
505	1303
504	1434
508	1380
478	1416
463	1457
446	1564
480	1814
494	1623
515	1550
519	1564
492	1530
482	1457
493	1310
522	1296
531	1317
522	1442
518	1657
592	1500
661	1710
577	1447
589	1425
652	1527
672	1527
769	1461
692	1433
603	1486
632	1461
715	1703
826	1657
790	1441
745	1480
918	1594
1211	1520
1560	1360
1393	1354
1436	1492
1543	1599
1645	1570
1795	1325
1825	1368
1682	1520
1806	1594
2085	1473
2620	1586
2657	1677
2609	1633
2824	1638
3160	1787
3666	1796
3841	1795
3793	1770
3401	1583
3674	1724
3920	1864
3963	1801
3483	1786
3221	1605
3087	1525
3404	1432
3582	1619
3547	1670
3365	1488
3487	1651
4002	1866
4629	1907
5015	1993
5081	2036
5203	2179
5803	2352
6752	2416
6764	2608
6585	2292
6297	2373
6531	2171
6954	2341
6780	2281
5983	2131
5330	1841
5235	1739
4897	1673
4689	1560
4574	1625
4412	1647
4877	1591
5391	1650
5707	1674
6504	1958
6994	1945
6542	2091
5111	2094
3596	2060
3432	1964
3807	2112
4594	2174
4416	2154
3825	1714
3557	1694
3429	1641
3229	1536
2777	1506
2519	1589
2370	1484
2313	1755
2542	1697
2250	1605
2148	1621
1877	1524
1880	1660
2080	1607
1923	1640
1702	1610
1792	1470
1708	1606
1702	1526
1911	1567
2188	1582
2433	1644
2769	1771
3176	1864
3161	1791
3074	1668
2425	1491
2220	1732
2605	1891
2718	1927
2569	1675
1936	1463
1479	1464
1420	1326
1474	1466
1353	1461
1102	1510
952	1497
1038	1454
1182	1512
1073	1345
882	1258
748	1350
808	1569
808	1608
865	1344
794	1285
763	1595
648	1587
709	1438
674	1228
670	1355
672	1490
631	1533
533	1552
541	1490
584	1473
582	1562
566	1522
543	1397
530	1430
530	1411
521	1367
548	1428
540	1371
571	1476
547	1489
596	1458
571	1658
606	1765
576	2281
585	2201
539	2030
615	2272
587	4220
556	5503
623	4996
716	6819
616	4921
627	4488
689	5829
691	5732
669	3981
720	5595
712	3769
674	4644
664	5782
674	4552
597	2213
604	2031
625	1874
567	1766
510	1517
523	1677
533	1578
529	1581
492	1548
552	1748
546	1659
611	1551
573	1523
591	1911
648	2496
664	6205
627	2247
607	1900
624	1750
597	1569
584	1717
574	1555
568	1471
582	1501
607	1492
595	1503
608	1692
606	1657
587	1517
638	1528
617	1552
571	1428
548	1242
607	1188
651	1529
572	1390
569	1416
542	1438
593	1348
563	1585
555	1626
608	1590
540	1562
614	1750
523	1622
567	1511
565	1483
576	1373
509	1499
525	1312
493	1453
508	1603
471	1663
476	1635
558	1555
541	1621
568	1583
633	1493
595	1489
556	1372
594	1649
556	1471
626	1621
558	2005
574	1896
617	1826
583	3009
533	1972
551	1813
580	1748
598	1436
523	1504
554	1510
589	1397
586	1366
575	1387
615	1381
567	1396
579	1503
515	1912
572	2123
543	2246
585	2332
571	1754
592	1695
660	1677
637	1545
657	1485
669	1382
660	1657
618	1541
535	1524
509	1809
589	1593
511	1593
540	1380
579	1785
579	1428
546	1443
577	1749
525	2804
575	3357
520	2935
548	2481
526	2179
552	2072
479	1920
524	1752
553	1742
479	1435
463	1533
534	1605
476	1342
432	1371
495	1328
496	1355
571	1279
517	1451
484	1424
511	1381
509	1605
529	1577
521	1638
480	1620
502	1458
526	1389
474	1338
507	1354
491	1337
488	1459
444	1463
399	1385
491	1286
484	1288
484	1263
484	1526
484	1536
501	1532
547	1383
537	1395
490	1357
542	1167
499	1272
559	1190
534	1172
506	1167
516	1196
488	1369
479	1500
458	1478
489	1519
544	1525
515	1637
528	1586
490	1304
442	1381
460	1445
540	1478
515	1198
492	1368
546	1252
552	1454
539	1339
530	1462
514	1393
468	1514
502	1373
510	1377
502	1472
543	1459
477	1480
528	1378
568	1384
539	1439
511	1650
513	1558
520	1560
513	1420
523	1406
516	1353
499	1453
531	1520
470	1404
488	1349
470	1251
556	1273
504	1257
470	1444
440	1548
504	1629
466	1463
478	1459
518	1561
519	1545
484	1408
467	1403
471	1516
478	1353
487	1418
544	1506
493	1313
575	1405
524	1493
518	1309
419	1470
461	1217
490	1209
503	1299
497	1362
554	1422
462	1252
535	1421
442	1589
500	1518
496	1426
562	1239
487	1379
470	1408
488	1443
481	1304
506	1260
498	1369
510	1338
613	1420
545	1606
596	1469
627	1500
573	1494
552	1587
511	1383
529	1439
459	1366
483	1477
534	1427
525	1628
526	1560
493	1493
518	1635
514	1469
563	1369
574	1384
626	1496
520	1464
555	1445
529	1476
611	1416
640	1274
526	1175
493	1213
523	1249
537	1321
465	1417
553	1290
540	1153
561	1165
490	1333
461	1265
517	1258
532	1449
471	1432
436	1436
454	1353
532	1232
498	1241
538	1158
468	1290
487	1240
594	1119
496	1419
499	1342
536	1479
484	1349
461	1288
536	1333
496	1233
555	1255
516	1436
532	1433
526	1330
536	1363
523	1370
520	1382
519	1379
509	1145
554	1358
569	1316
539	1367
543	1399
543	1232
616	1325
627	1435
567	1446
565	1384
627	1301
562	1526
654	1914
624	1594
568	1356
633	1496
582	1456
601	1525
575	1446
545	1345
587	1289
577	1231
509	1309
515	1231
562	1227
541	1431
580	1406
571	1299
486	1299
563	1437
590	1512
524	1583
571	1367
605	1396
617	1379
602	1658
679	1599
585	1550
599	1565
637	1450
653	1427
625	1599
608	1444
664	1463
607	1429
626	1420
546	1540
616	1352
580	1393
627	1281
591	1274
562	1327
615	1469
593	1352
662	1467
660	1480
699	1558
692	1491
681	1302
723	1361
683	1323
692	1290
645	1746
700	2304
685	2137
652	2286
719	2900
745	2722
826	3105
823	3678
766	3803
841	4621
789	4206
882	3903
883	5384
794	3796
780	3279
836	3120
882	3425
788	3519
777	3009
816	2716
793	2163
766	2325
754	2590
806	2408
786	1921
782	1493
796	1631
853	1825
827	2385
898	2974
925	3351
890	2851
1021	2892
1104	3025
945	2974
963	3251
995	2857
987	2847
898	2472
877	2404
889	2417
818	2360
811	2125
813	2220
763	2051
769	2163
830	2326
808	2149
847	2027
862	1959
866	1925
804	1856
751	1744
877	1760
787	1868
751	1767
761	1642
743	1602
709	1446
682	1494
678	1322
685	1214
658	1237
699	1271
629	1478
639	1543
663	1418
613	1518
622	1527
632	1360
591	1308
663	1446
569	1409
666	1404
591	1651
584	1629
576	1630
614	1355
578	1372
553	1537
591	1530
603	1368
597	1608
589	1538
634	1356
559	1675
676	1632
640	1623
609	1498
545	1541
569	1616
535	1541
601	1589
538	1428
508	1437
544	1461
592	1460
511	1399
556	1550
575	1708
549	1556
551	1401
525	1613
516	1265
534	1216
504	1459
525	1346
529	1248
608	1313
492	1324
593	1662
571	1548
555	1363
606	1289
609	1415
573	1404
559	1337
516	1385
569	1374
507	1391
536	1552
542	1457
530	1565
496	1518
501	1732
588	1614
496	1628
501	1598
533	1440
455	1424
489	1497
508	1617
599	1642
511	1501
576	1399
532	1274
590	1328
463	1334
491	1448
482	1440
449	1330
502	1412
503	1517
565	1499
516	1357
564	1345
502	1526
585	1421
547	1452
557	1488
568	1333
598	1457
565	1414
596	1395
535	1407
537	1414
537	1391
609	1557
651	1431
565	1465
596	1470
584	1517
723	1354
634	1522
613	1359
600	1439
617	1328
569	1336
589	1342
637	1462
547	1240
613	1417
529	1447
536	1552
625	1466
579	1469
555	1299
613	1348
554	1283
657	1320
631	1311
585	1321
618	1280
606	1553
538	1572
583	1981
654	1976
616	1657
612	1718
579	1884
583	2039
598	1946
611	1381
643	2612
681	4797
638	5763
772	8271
815	10820
911	12648
887	11780
1197	16953
1166	15908
1136	15215
914	11306
786	8296
762	6050
732	6621
718	6072
788	7964
921	10879
851	9088
922	8769
954	12385
1001	12575
980	12389
844	9798
778	9553
833	10427
818	9282
807	8236
786	7210
811	7201
900	9833
844	10856
818	9893
773	9222
845	7082
809	6546
769	6695
832	5706
851	5391
835	4657
827	4285
917	5463
992	7508
910	4463
887	3485
879	2208
861	2195
805	1842
874	1943
892	1645
899	1485
840	1335
858	1574
893	1811
875	1584
978	1351
981	1561
924	1441
949	1628
1067	1641
1034	1661
1088	1487
1109	1526
1111	1742
1143	1760
1058	1695
1050	1569
1056	1472
1006	1429
1062	1533
1077	1386
1018	1441
1023	1490
1020	1396
1042	1426
1018	1279
1053	1333
1051	1265
1062	1198
1043	1379
1030	1303
1072	1363
1016	1432
1150	1697
996	1445
1096	1572
984	1481
930	1563
1046	1696
1010	1590
892	1290
1024	1427
934	1405
966	1504
989	1548
942	1438
979	1366
1075	1331
1000	1616
1061	1371
1066	1282
943	1416
1007	1448
978	1488
989	1411
931	1450
955	1551
850	1411
954	1510
926	1591
945	1376
936	1391
852	1584
863	1512
917	1518
959	1642
968	1619
943	1496
970	1465
882	1495
914	1586
889	1499
873	1545
833	1615
860	1546
925	1610
867	1683
862	1403
904	1466
791	1411
848	1430
841	1428
822	1462
754	1354
761	1490
798	1515
834	1501
795	1504
833	1528
742	1479
761	1393
797	1365
747	1332
671	1431
749	1311
710	1468
687	1508
661	1414
630	1381
646	1287
601	1103
565	1219
600	1251
615	1309
690	1259
682	1277
606	1270
658	1348
684	1489
698	1565
600	1497
612	1665
581	1611
640	1265
593	1355
561	1320
572	1408
632	1385
614	1585
586	1936
582	1822
572	1656
613	1618
641	1581
628	1444
653	1660
574	1460
593	1408
613	1443
632	1490
641	1746
659	1614
643	1489
652	1415
626	1509
564	1510
645	1445
615	1314
608	1479
608	1233
654	1281
672	1230
676	1322
640	1351
710	1355
700	1427
663	1320
644	1309
660	1184
613	1379
666	1241
713	1112
627	1173
612	1404
664	1456
668	1251
633	1292
668	1455
633	1414
621	1400
676	1407
589	1531
654	1406
693	1411
640	1402
572	1347
632	1420
646	1407
595	1287
618	1266
627	1505
674	1400
691	1484
729	1203
760	1246
719	1336
704	1447
913	1408
805	1259
719	1322
686	1338
916	1400
1264	1400
1543	1406
1468	1507
1277	1619
1389	1736
1704	1619
2099	1694
1884	1633
1625	1483
1705	1469
2176	1861
2443	3070
2397	2972
2041	1999
2205	2313
2458	3051
2599	2108
2303	1890
2014	2238
1822	2591
2013	2540
1998	2152
2109	2050
2030	2109
1948	1942
1773	1853
1737	1625
1753	1709
1760	1607
1731	1586
1685	1624
1413	1379
1449	1644
1326	1616
1410	1830
1433	1599
1038	1476
721	1436
720	1570
715	1330
716	1478
706	1567
654	1552
631	1382
674	1422
733	1412
691	1445
672	1708
661	1480
659	1622
707	1483
665	1351
662	1792
638	1854
657	1940
660	1742
538	1384
621	1493
619	1322
583	1353
587	1448
575	1386
519	1297
571	1650
590	1550
567	1692
614	1795
521	1506
557	1505
557	1415
579	1548
561	1563
562	1553
486	1510
523	1247
563	1352
590	1278
611	1436
563	1400
500	1476
568	1366
561	1386
594	1265
520	1282
612	1383
599	1583
588	1516
576	1282
623	1354
563	1289
563	1266
572	1245
568	1281
502	1178
511	1428
634	1387
554	1354
551	1341
558	1356
514	1632
481	1514
531	1454
546	1484
483	1210
518	1326
526	1436
540	1502
550	1512
536	1670
535	1501
494	1211
574	1321
593	1341
587	1400
624	1243
580	1227
498	1372
572	1254
590	1230
564	1357
601	1341
554	1308
556	1418
566	1350
512	1448
572	1428
554	1344
540	1434
500	1415
502	1410
533	1411
577	1474
548	1360
572	1500
591	1522
611	1566
655	1635
630	1394
597	1456
608	1532
677	1652
646	1362
638	1347
649	1392
625	1428
586	1360
637	1524
700	1535
664	1457
626	1393
648	1328
634	1600
709	1526
638	1633
638	1535
631	1570
605	1774
670	1712
681	1535
625	1788
681	2115
640	1798
697	2106
689	2383
728	2748
773	2364
738	2475
664	2086
731	2172
717	1930
665	1841
688	1855
718	1613
608	1765
687	1732
679	1598
625	1826
681	1926
697	1746
679	1670
806	1802
704	1987
686	2062
646	1780
644	1917
671	1767
649	1751
671	1787
646	1772
635	1871
625	1772
595	1615
723	1561
701	1863
637	1706
606	1847
630	2073
635	1961
605	2080
685	2033
678	2181
632	2429
685	2291
717	2098
631	2213
710	1947
704	2045
623	1858
589	1628
650	1650
614	1587
572	1637
590	1832
508	1688
627	1696
595	1844
640	1683
552	1819
568	1737
588	1910
520	1715
598	1473
553	1566
580	1714
589	1670
563	1830
562	1877
630	1839
637	1788
610	1733
565	1742
596	1839
509	1895
563	1900
609	1846
578	1711
562	1848
528	1754
523	1885
546	1854
648	1838
599	1586
581	1641
603	1450
577	1632
581	1841
540	1688
639	1630
545	1562
577	1523
615	1708
553	1825
562	1959
564	1720
558	1741
570	1779
556	1884
542	1819
543	1752
573	1611
504	1764
512	1752
555	1758
590	1696
546	2005
527	1624
578	1809
540	2006
483	1745
531	1421
515	1371
539	1508
513	1489
539	1456
499	1637
515	1530
525	1882
552	1894
480	1996
554	1808
557	1668
458	1420
500	1423
520	1549
533	1507
528	1643
547	1736
495	1473
490	1401
548	1711
470	1506
513	1415
545	1449
485	1666
518	1600
534	1658
521	1652
529	1570
497	1552
506	1431
478	1428
485	1480
458	1538
494	1529
524	1577
590	1772
575	1535
600	1564
597	1326
524	1769
534	1468
525	1400
573	1601
523	1511
511	1583
517	1576
539	1692
492	1614
554	1310
485	1374
532	1397
532	1349
502	1480
464	1245
532	1415
564	1624
584	1562
607	1622
618	1806
597	2418
602	2653
605	2224
652	2738
634	3664
615	2353
667	2718
670	2694
768	5703
587	3329
623	2921
616	2039
592	1764
621	1828
614	2402
591	2418
630	2806
615	1886
595	1777
550	1555
596	1469
538	1342
565	1299
513	1437
568	1561
576	1511
553	1510
561	1511
531	1634
483	1734
495	1794
537	1669
510	1824
520	1655
502	1555
461	1545
437	1617
482	1482
529	1513
495	1429
480	1457
480	1480
487	1592
508	1411
480	1542
474	1661
475	1652
504	1634
530	1471
502	1585
490	1536
465	1453
523	1513
507	1670
433	1662
488	1622
525	1488
447	1553
508	1284
520	1517
523	1254
511	1312
524	1352
479	1359
495	1475
480	1373
555	1485
470	1303
527	1468
492	1207
479	1412
469	1235
533	1417
498	1481
530	1403
488	1406
541	1328
518	1473
505	1430
511	1459
537	1492
495	1658
545	1336
522	1435
550	1404
531	1412
527	1332
539	1470
537	1473
526	1611
476	1293
556	1386
516	1406
565	1441
529	1615
487	1580
495	1398
513	1375
535	1655
474	1771
529	1620
503	1631
596	1634
497	1511
502	1292
522	1464
558	1609
512	1465
514	1445
520	1618
590	1326
545	1287
553	1134
548	1501
600	1412
522	1530
541	1361
480	1565
550	1632
495	1260
461	1585
489	1688
492	1589
525	1452
536	1338
498	1315
474	1406
504	1381
463	1481
507	1773
499	2242
486	2843
463	3320
550	3830
626	2985
505	1574
482	1517
579	1460
493	1610
573	1457
496	1438
500	1421
495	1355
509	1217
520	1244
511	1215
504	1415
515	1377
521	1562
514	1404
543	1609
500	1482
483	1395
471	1359
566	1423
537	1305
541	1379
581	1465
534	1504
532	1491
527	1416
506	1328
472	1250
422	1368
443	1126
405	1105
446	1514
462	1406
509	1239
560	1356
486	1458
484	1363
483	1361
427	1262
520	1447
480	1441
513	1771
521	1599
531	1508
529	1289
539	1441
536	1424
548	1451
515	1732
523	1471
472	1549
470	1466
504	1587
445	1563
502	1468
465	1554
488	1343
515	1294
471	1362
427	1261
446	1323
437	1318
471	1072
459	1334
477	1373
528	1407
476	1503
449	1526
529	1504
515	1452
425	1388
455	1298
469	1411
489	1369
492	1197
483	1298
469	1223
521	1111
504	1199
523	1249
479	1328
446	1341
493	1334
483	1501
570	1310
516	1289
453	1279
541	1283
456	1292
454	1216
439	1229
510	1105
517	1381
533	1602
501	1322
510	1331
525	1141
505	1203
515	1328
511	1250
510	1470
528	1282
516	1403
531	1244
461	1200
521	1317
535	1159
563	1221
486	1327
530	1432
484	1407
489	1295
535	1204
450	1296
499	1317
507	1224
535	1251
484	1301
499	1285
507	1516
569	1398
539	1382
545	1366
586	1290
495	1279
532	1267
465	1263
484	1337
478	1462
517	1587
482	1544
522	1452
514	1158
530	1388
506	1518
557	1259
601	1287
528	1327
466	1407
524	1274
559	1590
523	1337
532	1339
565	1450
497	1429
501	1416
484	1408
562	1297
582	1278
579	1191
558	1163
544	1338
507	1443
525	1298
526	1257
534	1350
521	1470
527	1435
500	1364
503	1414
491	1314
523	1505
529	2510
554	3205
540	2510
568	1687
551	1586
542	1315
546	1244
513	1231
543	1022
527	1282
511	1457
562	1382
524	1440
471	1447
508	1399
532	1460
475	1417
509	1411
508	1387
518	1579
513	1569
559	1443
492	1338
495	1458
498	1445
511	1412
512	1511
569	1242
572	1466
506	1550
489	1550
622	1558
506	1501
522	1613
475	1530
483	1288
544	1403
571	1227
525	1352
532	1415
530	1452
549	1426
575	1431
571	1535
561	1570
606	1555
527	1657
549	1702
568	1433
567	1405
550	1288
616	1650
593	1638
591	1506
581	1498
608	1473
650	1453
675	1420
664	1411
738	1434
550	1429
504	1518
547	1675
594	1656
600	1543
590	1479
578	1639
587	1600
595	1543
517	1259
561	1334
579	1530
558	1554
479	1366
576	1508
542	1361
551	1501
567	1569
575	1405
568	1484
592	1487
556	1565
601	1570
726	1466
802	1576
826	1915
756	1756
763	1656
646	1547
600	1464
690	1435
722	1570
631	1449
641	1366
704	1535
735	1636
792	1426
749	1491
674	1711
745	1666
757	1584
712	1379
755	1423
891	1336
754	1479
757	1419
1179	1479
1421	1860
1595	1989
1475	2222
1115	2053
788	1706
753	1797
985	1635
902	1619
848	1690
715	1533
759	1478
766	1481
688	1347
590	1488
589	1526
530	1715
557	1612
527	1544
554	1472
490	1444
530	1426
542	1618
508	1457
488	1482
473	1458
524	1791
500	1932
472	1741
476	1646
526	1616
544	1584
534	1398
471	1309
466	1490
499	1556
470	1534
500	1457
484	1625
509	2430
579	3530
533	3460
536	2513
506	1862
561	1991
513	1864
518	1763
528	1709
553	1725
572	1819
546	1778
518	1495
540	1525
514	1451
496	1481
477	1350
476	1331
523	1415
521	1325
555	1606
524	1652
476	1684
487	1735
565	1671
568	1817
559	1890
534	1725
571	1689
512	1844
485	1707
516	1519
548	1613
529	1557
556	1385
526	1374
500	1134
473	1300
508	1343
548	1559
501	1546
475	1463
518	1472
513	1487
509	1504
474	1524
484	1492
489	1575
546	1635
560	1449
459	1514
546	1407
495	1504
492	1323
554	1289
509	1222
520	1329
567	1347
505	1364
535	1301
493	1238
490	1413
490	1355
537	1326
502	1430
546	1588
582	1759
535	2101
555	2437
531	1896
541	1799
545	1786
525	1674
523	1565
603	1889
476	1724
529	1776
585	1719
559	1748
547	1744
544	1708
612	1539
603	1811
584	1836
579	1800
539	1695
552	1590
544	1410
578	1517
561	1723
563	1834
547	1852
583	1957
509	1752
535	1766
523	1738
567	1626
567	1587
592	1625
539	1725
542	1660
598	1873
622	1891
592	2234
621	2180
633	2091
654	2505
690	3496
600	4248
625	4186
784	7519
846	10878
843	12583
834	12426
745	12036
819	12279
877	14252
904	12870
749	5831
705	4817
717	6828
727	8261
709	6702
631	3282
661	3357
649	3173
598	2633
600	2370
677	2040
600	1917
617	1938
620	2096
643	1925
600	1620
638	1603
606	1570
627	1592
630	1498
603	1655
658	1567
660	1689
640	1554
628	1588
665	1672
690	1515
677	1526
680	1767
621	1634
573	1357
662	1421
658	1477
645	1546
660	1459
620	1343
573	1367
591	1479
622	1684
680	1588
710	1663
710	1814
655	1530
626	1490
606	1710
667	1477
707	1359
655	1280
676	1355
630	1340
589	1417
602	1422
627	1350
662	1318
618	1381
623	1388
653	1530
655	1496
671	1263
605	1657
714	1561
643	1521
656	1395
693	1555
702	1457
615	1652
685	1446
688	1502
703	1478
656	1275
698	1232
617	1358
662	1555
629	1427
618	1435
675	1283
659	1338
618	1495
679	1649
745	1515
657	1495
689	1408
671	1297
678	1320
673	1361
708	1213
633	1309
621	1259
617	1268
661	1428
570	1401
583	1380
640	1486
570	1483
640	1547
608	1349
578	1284
596	1303
585	1423
582	1711
620	1718
594	1649
568	1557
673	1733
641	1757
613	1703
540	1612
543	1630
519	1512
514	1563
599	1733
569	1643
618	1352
559	1498
482	1625
521	2006
513	2119
556	2140
603	2000
646	2196
600	2333
600	2553
614	2649
603	2759
571	2621
600	2704
582	2576
535	2201
590	1899
550	1844
527	1807
560	1536
548	1760
512	1518
592	1582
561	1819
552	2159
616	2490
582	2697
584	2522
588	2625
594	2529
594	2337
539	2499
569	2696
570	2184
552	2043
546	2077
567	1815
562	1771
545	1883
623	1897
571	2037
570	1731
515	1783
533	1959
503	1851
507	2105
483	2121
559	2278
552	2453
512	1939
560	1919
555	2080
578	2018
543	2249
533	2145
572	1917
533	1670
573	1520
562	1612
567	1458
625	1490
645	1573
614	1970
600	1969
677	1845
629	1863
668	1758
677	2048
714	1666
757	1649
898	1581
1007	1659
1060	2842
1011	2374
963	2011
1044	2818
1143	2268
1179	1935
1166	1490
1152	1849
1392	1643
1731	1374
1804	1504
1626	1691
1571	1390
1705	1248
2537	1463
2885	1551
2801	1437
2571	1606
2912	1802
3427	1467
3295	1472
3227	1367
2851	1508
2980	2299
3185	1640
3084	2437
2693	2310
2896	2084
2550	2270
2305	1884
2152	1571
2197	1808
2285	1931
2292	2190
2003	2293
1816	1871
1456	1745
1405	1622
1553	2209
1463	2389
1206	2083
1091	1772
1165	2050
1111	2175
1039	2313
855	2388
816	4361
798	3882
868	4115
759	3356
681	3566
648	1856
648	1599
665	1778
667	1613
617	1498
538	1964
566	1862
548	1534
628	1727
592	1594
566	1504
589	1519
576	1568
585	1343
487	1409
505	1413
581	1314
559	1227
541	1155
526	1339
530	1444
551	1342
551	1369
560	1190
580	1154
518	1374
574	1276
511	1250
533	1159
532	1227
512	1388
524	1403
549	1388
519	1241
566	1281
548	1202
552	1163
613	1336
693	1184
726	1196
725	1211
728	1300
751	1291
745	1306
720	1287
719	1254
703	1245
667	1311
664	1335
705	1514
672	1586
678	1506
602	1436
581	1294
622	1326
636	1294
547	1390
643	1475
643	1308
624	1231
678	1449
545	1513
619	1636
518	1852
563	1760
530	1791
512	1685
579	1710
546	1590
602	1452
522	1372
521	1381
544	1399
516	1427
500	1426
491	1659
541	1402
511	1474
561	1413
514	1556
507	1593
527	1719
602	1944
517	1604
467	1647
477	1772
516	1675
523	1567
497	1596
553	1572
517	1477
495	1656
512	1553
573	1626
558	1509
515	1743
538	1614
528	1590
497	1484
482	1334
465	1214
486	1223
591	1403
541	1602
521	1598
451	1460
515	1422
536	1506
487	1508
567	1542
537	1666
509	1554
523	1604
488	1523
545	1352
484	1312
512	1222
509	1261
472	1231
441	1369
514	1317
472	1384
488	1474
468	1423
511	1475
495	1388
506	1587
432	1715
545	1464
512	1297
537	1585
563	1364
587	1399
498	1480
479	1353
529	1296
599	1196
531	1378
517	1248
476	1410
492	1385
568	1152
495	1415
492	1418
516	1585
559	1510
447	1537
460	1466
517	1466
532	1429
483	1525
483	1582
549	1746
479	1678
521	1433
479	1317
486	1423
496	1526
540	1504
470	1731
497	1590
458	1590
484	1656
536	1375
549	1444
529	1383
524	1477
557	1479
589	1402
509	1293
561	1338
547	1271
544	1438
526	1406
481	1520
514	1491
578	1373
569	1355
558	1263
573	1222
529	1163
530	1234
507	1167
510	1292
510	1210
474	1174
495	1183
545	1379
517	1353
569	1532
577	1500
595	1429
548	1377
562	1529
576	1403
481	1466
556	1597
564	1552
563	1373
535	1408
469	1456
524	1595
501	1554
586	1465
521	1469
498	1340
449	1449
496	1377
565	1839
492	1606
546	1252
520	1323
512	1219
498	1161
509	1197
593	1386
544	1311
498	1176
459	1094
511	1282
548	1359
558	1417
538	1408
551	1473
537	1532
555	1594
503	1412
606	1430
531	1485
542	1384
529	1342
523	1424
501	1292
560	1376
587	1397
574	1416
550	1258
538	1277
592	1429
554	1511
587	1646
546	1539
564	1484
516	1443
506	1599
512	1779
503	1740
516	1584
532	1474
486	1411
504	1450
500	1384
514	1380
554	1187
559	1307
558	1454
517	1361
528	1302
520	1423
493	1297
505	1199
549	1225
519	1307
469	1407
463	1269
466	1320
479	1266
516	1264
517	1333
481	1444
536	1609
480	1552
477	1573
511	1421
553	1411
550	1121
480	1197
496	1151
477	1286
445	1310
504	1674
502	1624
515	1650
560	1499
490	1407
584	1411
535	1502
547	1289
545	1216
569	1288
579	1310
589	1413
585	1301
538	1206
573	1191
483	1187
506	1438
563	1359
563	1447
469	1411
537	1458
553	1487
561	1251
513	1300
572	1404
561	1177
562	1272
566	1277
576	1179
583	1280
585	1321
519	1299
596	1400
557	1347
605	1439
532	1442
515	1407
503	1297
550	1214
586	1383
537	1524
501	1508
512	1566
558	1634
607	1680
608	1658
571	1371
545	1351
572	1474
601	1703
557	1688
584	1508
557	1307
609	1349
575	1521
569	1445
547	1541
519	1282
485	1534
478	1409
498	1461
555	1445
530	1306
520	1393
472	1257
550	1313
551	1462
563	1418
536	1421
577	1418
620	1513
621	1747
640	1523
669	1574
631	1733
578	1830
566	1879
568	2095
525	2469
497	2789
720	6414
626	3687
558	2889
523	3063
644	4489
697	4569
685	4966
650	4259
560	3408
581	3228
611	2722
629	4088
595	3917
642	3986
721	6791
849	8495
682	4533
742	6560
929	9544
709	6738
597	4226
591	3306
587	2695
515	2416
601	3409
499	1786
501	1771
494	1893
490	1864
454	1851
491	1602
462	1370
491	1393
548	1306
575	1431
533	1721
591	2669
520	1874
543	1945
498	2961
641	5810
567	4099
530	1902
513	1855
499	1682
517	1599
542	1651
550	2204
577	1996
494	1727
478	1614
566	1599
547	2186
551	1972
479	1859
474	1643
521	1528
517	1730
535	1741
522	1747
496	1647
496	1614
520	1365
471	1404
484	1275
456	1212
558	1375
497	1369
487	1375
536	1474
598	1510
598	1543
582	1358
612	1406
715	1239
703	1142
584	1385
515	1299
535	1296
559	1402
531	1455
471	1256
508	1518
577	1975
579	1715
664	1641
707	1804
738	1659
688	1313
569	1446
533	1278
618	1500
670	1569
539	1669
565	1876
511	1991
583	2021
548	1948
505	1945
541	1726
559	1506
493	1460
527	1486
450	1618
482	1332
530	1593
513	1698
530	1961
506	1820
486	1896
571	2014
529	2258
584	2116
565	2141
563	1955
502	1803
535	1659
521	1637
497	1876
582	1700
525	1664
516	1607
519	1716
548	1496
511	1439
508	1590
511	1529
533	1537
548	1953
551	1945
561	2266
568	2407
553	2865
552	2707
573	2671
525	2464
539	2038
600	2036
600	2125
544	2317
517	2310
591	2182
556	2151
587	2194
528	2053
519	2235
616	2498
523	2744
585	2548
585	2684
532	2601
513	2463
567	2409
554	2234
543	2103
578	1911
654	2146
599	2223
611	2409
605	2367
603	2269
591	1933
569	1931
549	1894
497	1547
583	1696
521	1716
598	1968
527	2321
564	1854
549	1857
506	1782
557	2271
596	1906
633	1899
579	1668
587	1628
609	1602
471	1825
483	1498
491	1586
508	1482
466	1311
545	1441
482	1538
558	1577
583	1755
552	1942
639	1677
565	1831
518	1505
534	1570
563	1917
580	2185
501	1935
525	1881
554	1522
497	1403
456	1516
522	1618
479	1623
471	1616
516	1587
460	1466
458	1465
535	1391
531	1370
564	1384
507	1447
512	1451
530	1519
531	1547
509	1436
541	1500
559	1463
572	1606
441	1698
508	1482
475	1549
539	1594
482	1548
527	1525
431	1668
486	1474
476	1331
433	1359
471	1324
539	1423
486	1603
484	1551
473	1514
522	1427
499	1451
519	1354
483	1272
482	1480
480	1417
499	1445
507	1435
489	1682
524	1822
557	1866
508	1807
566	1645
508	1691
605	1766
533	1928
496	1506
564	1571
543	1535
558	1433
527	1622
625	1551
539	1200
525	1097
523	1262
533	1338
491	1454
555	1460
457	1451
467	1259
473	1368
528	1346
482	1261
462	1388
510	1326
531	1470
498	1400
470	1452
536	1468
510	1218
497	1436
524	1268
511	1314
491	1491
532	1370
559	1307
555	1268
488	1319
429	1271
475	1317
524	1229
483	1237
520	1359
510	1273
569	1251
535	1297
572	1325
555	1276
545	1285
615	1234
603	1365
582	1436
557	1414
489	1621
509	1538
512	1631
559	1339
512	1449
521	1478
627	1701
539	1451
552	1268
546	1335
557	1268
552	1310
607	1441
600	1380
514	1527
501	1540
489	1525
508	1654
529	1579
510	1769
540	1899
537	1828
545	1668
542	1481
583	1947
515	1794
514	2001
451	1881
518	1505
499	1429
536	1485
465	1466
527	1503
547	1451
526	1408
473	1378
533	1433
488	1355
505	1469
506	1606
529	1702
511	1580
533	1518
520	1364
516	1223
490	1366
489	1493
454	1578
477	1333
491	1133
455	1161
453	1327
540	1439
521	1615
482	1550
515	1257
501	1444
517	1341
470	1415
486	1593
521	1488
508	1326
525	1392
563	1555
515	1517
487	1333
487	1374
474	1423
524	1419
526	1408
478	1402
517	1374
544	1416
561	1328
530	1263
532	1385
542	1498
517	1371
525	1376
454	1450
497	1622
481	1497
483	1570
476	1287
463	1419
528	1550
574	1409
461	1650
510	1409
530	1503
506	1407
504	1253
544	1409
489	1384
531	1541
494	1449
501	1302
485	1427
497	1255
511	1225
534	1230
524	1425
506	1505
512	1493
546	1477
537	1432
522	1571
516	1352
526	1491
550	1678
549	1774
542	1513
491	1575
495	1564
449	1474
512	1468
490	1445
537	1398
544	1560
494	1643
474	1480
464	1555
464	1652
513	1665
569	1437
505	1503
519	1499
474	1402
499	1489
502	1586
515	1350
502	1292
472	1410
494	1481
509	1447
538	1271
477	1285
526	1269
515	1442
543	1244
501	1554
538	1468
481	1511
465	1337
529	1270
503	1300
474	1713
522	1499
497	1567
533	2015
544	2266
541	2200
498	2479
528	2395
535	2055
594	1769
604	1659
529	1683
519	1411
509	1357
545	1426
500	1547
504	1413
516	1318
484	1353
522	1357
487	1391
526	1402
451	1375
525	1338
513	1447
519	1531
546	1553
518	1622
527	1516
532	1412
594	1322
557	1444
543	1612
508	1386
575	1682
563	2144
564	2348
530	1991
560	2507
547	3045
588	4066
589	3301
577	2916
505	1978
534	1590
580	1745
516	1666
605	1852
582	2290
560	2029
554	1810
549	1730
587	1596
546	1446
599	1489
674	1514
745	1407
643	1577
592	1538
667	1736
659	1763
538	1731
514	1602
542	1776
543	1581
538	1636
517	1683
507	1580
493	1537
542	1730
587	1595
514	1797
529	1847
513	1629
515	1471
507	1553
483	1828
480	1748
523	1754
475	1811
435	1739
476	1835
484	1821
483	1827
454	1560
497	1605
497	1475
463	1617
486	1619
503	1543
454	1624
521	1714
489	1466
538	1375
507	1546
550	1662
502	1690
545	1861
507	1749
536	1690
500	1535
495	1551
555	1584
552	1744
597	1829
546	1596
511	1541
522	1757
521	1719
530	1658
589	1811
568	1374
523	1329
640	1452
613	1364
546	1462
537	1553
583	1524
606	1615
577	1509
560	1555
538	1589
529	1497
563	1576
521	1600
601	1550
576	1507
597	1604
611	1418
648	1558
636	1378
675	1458
642	1451
630	1500
665	1654
769	1352
717	1472
761	1559
724	1603
746	1695
759	1795
744	1759
751	1585
740	1551
776	1473
799	1499
749	1363
829	1441
859	1486
769	1531
803	1510
930	1595
971	1804
918	1459
745	1305
910	1419
1040	1544
1022	1496
966	1481
922	1491
1019	1330
991	1446
1101	1540
1000	1553
953	1707
994	1839
941	1336
944	1608
1017	1758
982	1493
1080	1473
1084	1589
1091	1627
1027	1486
1021	1482
1079	1232
1158	1497
1222	1726
1151	1628
1160	1627
1074	1535
1217	1528
1168	1531
1112	1404
1094	1549
1040	1415
1092	1400
1004	1491
1049	1350
1036	1382
1017	1338
988	1431
971	1231
958	1502
1016	1861
1021	1611
1109	1493
1069	1487
1023	1579
1140	1454
1090	1775
1173	1464
961	1468
1108	1685
1079	1891
971	1754
960	1560
934	1589
1047	1532
976	1384
967	1550
934	1497
951	1532
935	1377
991	1260
1005	1291
1088	1416
1026	1649
1052	1434
1017	1473
985	1626
1054	1684
1103	1804
1075	2003
1114	2051
1073	2005
1035	1818
965	1775
1008	1963
1050	1831
1083	1407
967	1555
961	1575
951	1680
977	1723
879	1551
894	1671
885	1593
932	1792
921	1751
843	1544
839	1505
882	1525
812	1567
813	1668
825	1363
812	1382
839	1389
862	1405
863	1565
877	1506
826	1398
848	1464
843	1622
751	1354
825	1292
783	1309
778	1283
819	1683
747	1593
786	1480
810	1318
794	1578
759	1637
688	1547
797	1525
698	1524
798	1596
746	1595
770	1600
765	1556
754	1473
750	1489
736	1572
765	1370
704	1507
744	1381
711	1601
735	1640
713	1561
746	1362
711	1557
703	1227
715	1177
733	1501
696	1505
717	1432
681	1391
652	1227
619	1506
634	1277
585	1344
595	1586
665	1551
661	1643
652	1640
653	1693
618	1530
664	1491
620	1539
642	1589
627	1539
602	1599
626	1555
587	1555
616	1521
538	1341
599	1323
572	1554
593	1599
587	1603
599	1452
617	1510
579	1561
599	1392
552	1445
594	1491
542	1598
513	1742
533	1538
558	1726
582	1621
560	1518
505	1480
479	1622
565	1611
519	1626
569	1714
585	1752
565	1940
518	1980
451	2023
555	1758
540	1842
559	1577
541	1596
591	1754
542	1846
549	1611
487	1550
557	1589
587	1559
478	1400
552	1529
516	1438
537	1611
512	1438
534	1629
517	1346
514	1369
536	1486
578	1299
521	1309
497	1294
533	1281
575	1409
494	1433
504	1505
483	1359
546	1465
543	1452
520	1377
533	1381
573	1673
534	2039
606	1936
526	1945
501	1630
483	1440
547	1509
520	1622
523	1660
489	1750
548	1883
529	1699
570	1698
601	1763
540	1712
538	1574
485	1804
594	1753
563	1738
588	1830
552	1779
527	1832
555	1886
512	1689
509	1594
479	1466
524	1626
549	1479
521	1538
481	1651
506	1446
556	1515
506	1657
579	1652
535	1306
564	1326
498	1421
560	1525
555	1545
491	1425
479	1550
538	1531
499	1344
494	1274
482	1330
573	1444
508	1355
538	1393
458	1425
481	1501
501	1694
507	1670
492	1642
523	1775
532	1723
464	1802
506	1643
534	1520
484	1644
460	1722
501	1721
510	1716
511	1565
528	1405
518	1560
479	1379
507	1381
462	1381
467	1401
440	1220
479	1351
484	1290
496	1494
467	1394
518	1366
538	1424
562	1338
514	1377
491	1395
568	1313
561	1188
513	1217
556	1243
667	1290
578	1243
483	1131
508	1058
525	1266
535	1355
515	1254
543	1058
570	1207
576	1370
551	1199
561	1352
606	1284
668	1211
606	1238
571	1446
658	1326
538	1482
584	1575
555	1346
567	1551
548	1517
577	1461
623	1446
527	1167
585	1305
614	1105
629	1144
610	1275
540	1477
538	1478
590	1654
540	1735
561	1537
515	1414
489	1430
481	1448
494	1436
470	1363
492	1492
501	1347
450	1408
499	1510
511	1485
491	1634
499	1684
443	1515
491	1568
550	1502
558	1597
510	1750
526	1477
543	1542
477	1464
503	1558
519	1409
573	1671
502	1655
492	1606
513	1532
537	1881
581	1952
503	1648
518	1566
496	1630
518	1774
493	1739
490	1663
484	1463
517	1712
534	1777
549	1748
519	1918
514	1844
548	1618
567	1656
546	1722
553	1633
575	1805
575	1710
525	1667
561	1915
575	1768
604	1724
551	1602
567	1567
586	1826
594	1582
511	1479
619	1701
637	1916
629	1882
612	1751
603	1466
589	1877
647	1702
570	1425
572	1528
581	1596
571	1567
601	1689
626	1429
660	1452
630	1475
572	1382
602	1309
663	1431
640	1637
623	1586
611	1699
592	1515
639	1680
566	1496
552	1438
622	1583
661	1684
602	1454
544	1686
566	1649
656	1773
623	1664
607	1734
569	1586
619	1542
569	1608
619	1577
605	1569
567	1332
588	1264
531	1280
572	1291
649	1372
666	1423
661	1411
588	1372
640	1604
595	1560
644	1594
684	1556
662	1605
618	1578
603	1499
618	1542
599	1443
641	1444
651	1412
611	1500
628	1647
607	1487
673	1712
635	1666
639	1487
631	1709
606	1541
665	1459
637	1468
674	1304
681	1353
694	1465
675	1378
648	1406
677	1380
663	1372
692	1410
680	1426
737	1437
733	1242
644	1388
774	1306
737	1466
670	1572
659	1670
715	1440
666	1622
737	1849
734	1937
690	2333
744	2161
826	3645
710	3140
719	2350
773	2290
730	2386
739	2357
703	2162
668	2012
745	1878
724	1914
690	2001
668	2108
719	2156
719	2065
792	2249
740	2039
683	1696
683	1430
672	1490
721	1487
730	1335
698	1586
731	1553
714	1593
762	1505
692	1564
735	1652
735	1523
741	1568
678	1480
681	1465
700	1383
752	1358
720	1436
691	1475
717	1387
665	1371
727	1500
695	1311
675	1329
723	1362
760	1301
757	1535
790	1471
744	1601
741	1600
787	1681
737	1643
720	1552
661	1478
674	1325
707	1381
741	1586
742	1629
661	1384
688	1379
655	1487
710	1344
779	1308
819	1524
794	1392
860	1447
931	1539
801	1442
872	1540
870	1586
816	1825
844	1859
843	1958
830	1761
701	1691
873	1724
810	1664
828	1470
838	1552
927	1727
1095	1861
1075	1884
1078	1962
1088	1789
1056	1931
1082	1709
940	1628
1029	1808
997	1687
949	1583
989	1446
1013	1417
1038	1511
1064	1671
1166	1476
1188	1479
1238	1450
1230	1635
1224	1673
1103	1775
1093	1728
915	1543
979	1499
958	1570
854	1519
829	1474
799	1470
793	1361
819	1486
812	1580
888	1427
830	1555
910	1348
939	1473
929	1729
994	1774
1034	1730
1069	1636
950	1604
1006	1736
1011	1713
930	1638
840	1542
820	1395
829	1365
771	1433
746	1484
827	1317
740	1468
787	1459
775	1415
874	1547
977	1546
1062	1534
1123	1556
1178	1732
1187	1572
997	1675
1008	1524
936	1466
888	1401
792	1553
692	1464
803	1638
796	1655
809	1438
798	1542
724	1400
737	1522
663	1650
740	1654
680	1592
686	1742
624	1744
656	1664
680	1567
728	1546
668	1720
633	1539
579	1531
658	1743
703	1596
619	1475
633	1544
607	1397
573	1507
641	1718
607	1582
618	1428
653	1495
641	1567
645	1532
648	1471
604	1609
608	1527
654	1505
628	1654
588	1520
724	1663
690	1377
684	1521
694	1596
637	1635
625	1409
655	1548
665	1688
658	1741
576	1830
589	1929
612	1907
654	1419
685	1600
614	1337
581	1492
594	1877
623	1663
643	1589
746	1509
711	1596
705	1718
697	1690
745	1763
759	1736
676	1699
763	1564
736	1584
848	1704
793	1417
817	1680
871	1442
974	1771
988	1646
944	1810
967	1565
1030	1598
1211	1987
1295	1909
1406	1726
1425	1864
1553	1967
1496	1903
1567	1976
1727	1818
1633	1806
1669	1879
1617	1768
1388	1817
1427	1910
1576	2010
1597	1848
1184	1866
904	1604
873	1693
978	1703
988	1661
817	1581
730	1602
677	1325
717	1312
836	1484
749	1464
678	1460
608	1392
609	1429
597	1321
615	1279
552	1464
533	1551
494	1571
552	1457
579	1473
563	1555
559	1593
545	1400
551	1486
586	1268
613	1538
571	1599
594	1496
513	1511
588	1721
568	1648
662	1799
591	1630
574	1636
477	1413
540	1482
513	1516
556	1424
473	1553
511	1504
458	1508
514	1488
474	1539
497	1570
455	1600
536	1609
513	1517
573	1601
513	1557
551	1625
487	1627
470	1364
520	1356
451	1339
464	1230
486	1233
527	1472
529	1573
499	1612
503	1327
519	1561
536	1656
518	1501
473	1543
561	1667
465	1605
512	1578
530	1387
542	1385
508	1428
504	1358
491	1438
542	1494
440	1482
523	1688
496	1616
540	1316
479	1456
451	1524
499	1429
521	1413
510	1468
505	1534
502	1641
517	1519
497	1574
517	1637
498	1533
469	1441
510	1556
545	1494
494	1484
500	1457
531	1664
503	1694
465	1528
478	1544
496	1475
453	1397
493	1420
566	1474
525	1296
600	1284
517	1523
587	1559
647	1934
578	1706
592	2014
539	1676
591	1823
634	1811
649	1689
581	1577
577	1873
544	1759
548	1457
555	1444
550	1385
575	1324
529	1389
591	1540
562	1307
566	1268
540	1265
603	1213
614	1339
565	1269
583	1551
630	1691
624	1550
579	1858
578	1936
627	2357
741	4096
742	5014
721	4311
653	3867
633	3852
635	3882
582	3669
598	3811
653	3478
658	2313
624	2962
628	3034
565	2246
545	1525
517	1463
524	1460
474	1395
480	1331
513	1542
565	1924
543	1554
551	1639
509	1756
536	1816
557	1663
523	1641
544	1662
572	1576
527	1619
547	1639
516	1454
497	1574
463	1579
433	1603
457	1501
555	1556
476	1527
471	1670
526	1329
506	1402
536	1461
560	1519
509	1549
504	1458
486	1542
497	1393
567	1432
508	1643
587	1842
529	1668
519	1682
532	1680
572	1486
549	1646
506	1663
490	1679
544	1824
528	1585
511	1652
444	1709
504	1685
471	1729
531	1709
487	1671
532	1530
480	1646
467	1637
512	1590
502	1564
529	1579
475	1848
505	1600
519	1807
542	1789
509	1677
524	1662
495	1794
525	1651
496	1620
495	2203
512	2322
582	2370
486	1940
542	2382
546	2325
532	2391
477	1977
472	1733
493	1693
471	1757
485	1739
534	1654
563	1657
535	1750
519	1727
562	1747
516	1788
519	1623
490	1519
528	1693
460	1713
564	1503
521	1277
527	1535
509	1699
486	1423
528	1367
575	1426
603	1602
623	1674
576	1772
628	1795
613	1419
580	1524
591	1359
527	1511
461	1451
512	1398
538	1565
521	1637
557	1542
599	1509
494	1389
476	1228
546	1133
541	1270
539	1476
559	1398
539	1508
534	1838
526	1752
470	1769
488	1644
449	1617
463	1484
521	1457
530	1250
413	1298
496	1372
487	1290
515	1318
471	1404
490	1572
512	1636
522	1488
500	1391
497	1355
465	1349
484	1474
498	1426
533	1537
483	1517
529	1531
547	1432
478	1395
498	1458
550	1464
483	1573
484	1403
490	1503
483	1586
515	1522
497	1593
496	1572
455	1585
491	1789
517	1664
481	1715
492	1634
538	1613
480	1751
469	1606
603	1573
543	1883
505	1927
523	1888
547	1884
522	1970
488	1695
462	1983
490	1825
525	1698
551	1586
474	1601
454	1638
466	1559
545	1496
618	1640
585	1462
579	1698
577	1525
546	1737
531	1808
488	1590
517	1496
497	1584
544	1763
572	1692
569	1858
591	1840
577	1571
501	1541
538	1520
480	1483
521	1458
515	1650
495	1844
524	1799
479	1623
422	1858
466	1685
503	1727
448	1650
492	1507
446	1695
440	1871
448	1806
454	1656
563	1698
507	1767
509	1598
403	1448
492	1548
449	1562
466	1511
437	1578
429	1559
446	1715
502	1700
454	1465
415	1526
493	1723
469	1821
466	2068
533	1836
521	1669
519	1669
431	1695
560	1982
532	1650
568	1756
476	1875
461	1731
624	1702
570	1517
483	1448
562	1620
588	1586
567	1378
650	1619
629	1238
638	1454
621	1541
584	1498
542	1641
630	1681
609	1646
569	1662
534	1585
531	1518
534	1593
599	1719
561	1483
571	1501
561	1547
628	1688
544	1537
535	1486
461	1660
488	1619
530	1822
529	1733
510	1609
552	1715
529	1648
531	1561
554	1581
523	1616
527	1672
504	1567
507	1413
484	1492
518	1526
442	1442
477	1461
455	1626
438	1398
471	1494
499	1341
479	1442
421	1325
478	1412
400	1425
482	1586
427	1638
465	1609
412	1341
416	1611
476	1867
488	1695
447	1662
505	1791
500	1852
488	1746
471	1613
475	1567
532	1695
487	1695
492	1712
447	1926
472	2221
445	2111
471	1983
475	1914
493	2202
547	2166
550	2151
620	1858
535	1823
474	1647
434	1495
482	1790
528	1495
486	1510
469	1291
546	1164
432	1284
469	1306
504	1483
464	1371
498	1510
475	1561
491	1687
506	1567
520	1753
525	1750
498	1568
560	1445
500	1375
553	1253
499	1673
547	1543
438	1638
459	1402
502	1472
504	1645
406	1507
486	1538
401	1454
457	1890
533	2355
489	1854
468	1460
484	1485
487	1525
483	1336
535	1698
416	1668
520	1530
494	1529
500	1432
472	1419
483	1512
471	1498
524	1393
459	1428
555	1340
445	1614
502	1369
574	1457
447	1606
511	1401
544	1467
513	1370
577	1339
697	1598
619	1526
549	1614
668	1950
717	2095
804	2208
781	2200
717	2317
798	2156
881	2034
872	2019
865	2278
671	2379
797	2115
892	2357
966	2476
991	2244
910	2556
961	2258
1031	2076
926	1971
771	1887
845	2250
692	1977
605	1827
571	1990
506	1831
641	2031
538	2103
611	2203
658	3041
621	3624
670	3995
690	3929
649	4268
552	3719
578	3409
682	3508
584	3580
573	3290
628	3033
520	2214
463	2225
537	2492
541	2245
581	2420
556	2387
546	2871
598	3285
572	3404
653	3336
546	3466
494	3354
624	3171
625	3211
596	2482
548	1937
544	2074
598	2390
513	2790
567	2729
553	2374
523	2186
526	2317
484	2218
451	1785
501	1851
497	1742
489	1653
564	1640
550	1551
485	1658
499	1516
508	1914
537	1748
523	1695
541	1631
508	1772
510	1937
458	1756
490	1780
494	1796
512	1917
492	1733
490	2051
473	2054
520	2030
482	1999
532	1888
505	1883
527	1730
528	1881
576	1979
567	1923
598	1865
575	1879
543	1859
551	1903
573	1763
514	1761
552	1851
551	1622
584	1712
535	1618
550	1829
475	1735
485	1683
481	1700
531	1795
511	1666
504	1896
449	1818
485	1591
451	1674
506	1504
438	1688
509	1593
553	1555
513	1768
555	1724
560	1907
556	1744
557	1700
483	1759
470	1745
456	1736
562	1985
523	1777
495	1638
473	1702
501	1514
489	1471
514	1485
537	1308
520	1574
465	1537
527	1604
531	1594
471	1610
522	1850
548	1653
548	2143
519	1983
480	1838
520	1618
541	1781
532	1847
572	1716
580	1969
538	2081
519	1953
523	2340
592	2178
552	1761
559	1603
585	1803
555	1814
587	1941
553	1887
648	2329
632	2613
581	2245
625	2145
643	2014
606	2128
591	2075
638	1743
674	1763
613	1762
609	1556
585	2041
508	2028
652	2253
594	2632
600	2648
594	2507
622	2230
544	2102
529	1968
581	2064
645	1705
633	1466
607	1404
619	1621
578	1494
688	1560
577	1505
609	1579
555	1718
625	1513
616	1763
591	1630
571	1868
613	2299
557	1970
528	2128
526	1737
471	1569
512	1661
488	1783
509	1505
548	1513
472	1509
472	1572
527	1379
556	1530
517	1527
562	1676
504	1692
501	1600
484	1718
486	1934
540	1933
503	1449
514	1538
480	1460
565	1455
545	1593
500	1554
524	1324
509	1552
532	1713
489	1711
567	1683
501	1748
473	1905
494	1930
573	1900
568	1889
552	1737
493	1511
533	1550
536	1539
508	1654
502	1640
463	1677
467	1567
477	1540
478	1664
480	1850
478	1994
488	1640
476	1568
471	1644
483	1695
514	2362
508	1966
514	1941
513	1998
534	2633
527	3701
475	3329
559	3462
558	3084
650	7752
684	9214
645	6568
618	7486
685	8045
519	2891
512	2147
475	1897
522	2402
533	2491
515	3287
582	4438
566	3811
524	3208
542	2846
567	3246
481	2762
522	2075
446	2267
557	2516
484	2083
462	1818
524	1844
498	1727
529	1546
554	1841
533	1693
481	1643
456	1551
464	1857
451	2558
505	2598
485	2516
473	2023
481	1928
497	1725
463	1639
465	1575
499	1760
483	1519
453	1380
475	1743
496	1884
475	1947
474	3335
547	2864
493	1847
520	1869
535	2188
523	2542
469	1836
529	1861
461	2426
554	2430
478	2424
523	3443
567	3288
607	3076
583	2590
594	2216
519	1976
561	1936
534	1744
607	2734
693	5297
595	4077
610	2070
590	1737
548	1605
511	1823
510	1743
493	1251
434	1516
485	1495
460	1443
518	1458
509	1505
596	1516
513	1553
580	1442
529	1538
532	1495
555	1457
587	1386
523	1343
548	1510
534	1456
546	1648
490	1670
527	1760
522	1886
550	1745
559	1943
613	1812
482	1900
525	1725
556	1476
523	1430
533	1424
554	1516
520	1637
575	1860
501	1737
545	1835
480	1804
516	1639
456	1775
539	1554
552	1657
589	1555
573	1450
538	1512
549	1644
512	1490
598	1607
558	1406
541	1673
575	1771
565	1781
553	1543
569	1536
513	1426
616	1582
474	1316
560	1248
507	1452
568	1647
610	1395
527	1601
550	1998
526	1841
518	1982
563	1879
560	1431
537	1480
508	1582
527	1494
533	1483
550	1703
586	1695
586	1646
551	2260
504	2262
526	1966
478	1873
521	1817
497	1971
551	1903
520	1918
539	1883
504	1923
576	1984
550	1943
537	1681
497	1732
563	1608
509	1741
536	1764
473	1684
517	1898
543	2010
466	2073
446	2255
540	2625
521	2490
529	1921
519	2078
479	2212
489	1997
511	1844
475	1511
536	1506
498	1512
507	1800
534	2338
476	3161
501	3043
596	3184
577	3210
577	3180
584	3446
654	3082
589	3054
608	2823
585	2637
683	4312
663	3380
578	3629
626	4542
558	3129
570	3425
544	3634
629	3719
529	3028
537	2559
543	2234
544	2578
546	2859
512	2553
584	2377
550	1845
586	2094
610	2010
623	1969
609	1769
604	1870
603	1888
647	1849
609	1404
611	1533
625	1609
558	1485
581	1610
636	1742
568	1617
531	1723
625	1829
618	1677
599	1697
593	1533
645	1632
623	1995
633	2263
613	1902
637	2135
715	2447
771	2812
754	2591
725	2397
725	2339
871	2075
1173	2243
1374	2363
1082	2257
1114	2188
1296	2256
1531	2842
1605	2558
1610	2878
1447	2922
1505	2829
1719	2545
1687	2261
1504	2201
1391	2131
1512	2091
1842	2127
2440	2286
2812	2181
2696	2289
2671	2294
2724	2298
2936	2188
2806	2202
3063	2322
3025	2219
3312	2342
3282	2280
3013	2097
2706	2141
2848	2036
2585	2256
2220	2099
2272	2395
2091	2323
1960	2146
1586	2098
1175	1867
1111	2024
1276	1924
1289	1827
1462	1748
1266	1694
1159	1937
1118	1714
1234	1629
1220	1568
893	1415
716	1561
634	1502
635	1414
631	1362
636	1306
542	1468
579	1708
616	1651
570	1530
555	1563
513	1426
553	1254
476	1489
536	1258
544	1411
480	1371
511	1310
537	1298
519	1291
518	1390
487	1512
562	1532
519	1618
512	1397
431	1188
552	1429
517	1496
478	1452
495	1446
506	1318
484	1460
520	1328
585	1234
513	1267
416	1378
430	1325
470	1497
494	1366
534	1436
470	1286
489	1195
515	1332
535	1409
501	1344
481	1215
571	1243
523	1385
472	1438
534	1408
521	1317
523	1298
531	1479
521	1364
520	1396
539	1374
488	1358
491	1453
484	1322
453	1633
466	1324
505	1442
462	1575
506	1667
456	1529
421	1386
495	1628
489	1611
467	1514
546	1478
466	1466
545	1503
466	1414
463	1421
439	1246
436	1422
438	1565
468	1570
496	1383
476	1271
545	1256
494	1171
491	1258
471	1381
468	1307
462	1419
499	1187
512	1450
488	1388
523	1367
512	1599
500	1477
479	1361
501	1416
545	1704
505	1651
492	1388
529	1562
501	1572
454	1695
503	1484
431	1517
413	1732
444	1627
518	1558
457	1576
527	1641
478	1664
428	1678
465	1309
456	1445
500	1392
535	1338
480	1370
410	1158
461	1302
476	1420
490	1356
543	1349
494	1406
490	1406
510	1271
520	1498
525	1593
513	1685
544	1886
492	1853
493	1756
502	1707
496	1671
451	1704
496	1781
491	1678
484	1421
531	1497
444	1479
496	1722
520	1796
566	1702
543	1445
518	1456
444	1536
525	1489
578	1706
535	1745
504	1786
551	1512
507	1595
524	1792
497	1667
523	1606
552	1592
468	1508
435	1430
489	1833
502	1726
516	1622
539	1462
526	1689
545	1537
520	1597
573	1630
544	1681
628	1703
543	1620
527	1548
536	1555
499	1592
514	1719
528	1635
533	1878
505	1822
530	1651
550	1652
484	1513
469	1814
507	1723
475	1676
551	1758
553	1893
514	1774
520	1815
467	1902
462	1567
530	1596
491	1609
447	1726
508	1935
462	1935
478	1933
439	1743
484	1768
482	1500
474	1382
459	1485
431	1490
443	1686
541	1615
494	1575
470	1636
457	1598
487	1558
553	1594
513	1603
576	1597
491	1681
493	1702
532	1532
522	1418
572	1665
572	1771
555	1590
502	1467
532	1791
492	1814
514	1559
487	1588
490	1449
528	1522
473	1656
542	1602
527	1539
563	1453
494	1471
527	1606
440	1561
502	1475
508	1497
495	1409
501	1428
515	1425
548	1497
512	1512
456	1430
500	1410
488	1406
516	1476
507	1403
537	1452
584	1552
529	1489
528	1534
537	1654
527	1488
518	1500
533	1393
440	1726
476	1606
526	1568
538	1598
501	1705
476	1478
599	1591
574	1648
492	1583
551	1718
499	1758
555	1514
570	1605
520	1730
543	1593
507	1508
510	1495
525	1445
502	1536
540	1579
523	1624
545	1681
517	1547
576	1571
519	1765
562	1640
476	1343
533	1589
566	1672
503	1715
565	1747
595	1673
567	1754
564	1775
565	1773
544	1670
646	1692
582	1838
621	1711
564	1585
530	1582
558	1612
554	1785
562	1492
540	1696
493	1689
487	1372
495	1488
493	1493
522	1319
549	1393
610	1644
494	1753
542	1966
564	1974
539	1658
501	1556
517	1796
536	1583
542	1658
535	1571
562	1471
549	1788
563	1539
599	1723
582	1570
486	1690
494	1446
476	1599
514	1735
551	1510
575	1552
508	1541
513	1365
539	1328
537	1371
449	1359
539	1268
508	1449
538	1622
511	1620
509	1567
518	1620
460	1643
502	1515
448	1456
437	1580
460	1506
529	1532
455	1559
489	1490
575	1444
522	1338
461	1438
557	1585
476	1501
557	1370
546	1468
509	1391
508	1495
524	1596
489	1717
473	1661
474	1695
498	1632
464	1443
489	1403
546	1723
482	1496
482	1351
472	1608
461	1302
486	1520
482	1373
438	1247
421	1206
479	1532
472	1512
453	1310
463	1310
480	1333
441	1278
473	1280
391	1324
418	1294
505	1304
486	1246
508	1238
468	1366
462	1329
488	1588
456	1578
478	1557
523	1467
503	1360
500	1512
552	1519
541	1544
592	1670
537	1506
473	1569
485	1366
433	1639
586	1447
561	1469
529	1372
553	1534
624	1450
535	1232
530	1240
498	1277
575	1226
530	1162
565	1218
634	1299
553	1357
607	1489
567	1337
574	1416
597	1341
563	1157
590	1283
554	1614
568	1525
517	1428
597	1731
670	1492
600	1187
546	1270
568	1378
605	1377
654	1455
664	1249
719	1466
669	1460
738	1332
716	1404
713	1442
639	1279
600	1262
640	1283
626	1373
585	1363
693	1490
673	1684
650	1515
629	1405
611	1423
606	1366
624	1430
647	1373
645	1486
549	1517
566	1408
532	1472
525	1621
581	1553
554	1564
518	1521
508	1418
535	1486
552	1577
519	1390
537	1628
543	1462
514	1485
574	1542
559	1597
612	1436
613	1530
593	1702
544	1601
542	1614
468	1356
522	1491
540	1460
555	1601
530	1932
499	2594
528	2452
517	2428
546	2129
544	1938
529	2727
568	1804
738	2116
783	1858
813	1469
858	1498
826	1393
890	1397
1020	1396
935	1691
821	1659
714	1549
756	1646
805	1715
820	1769
778	1572
878	1589
1131	1833
1345	2064
1646	2194
1553	2017
1664	2134
1811	1823
1754	1999
1705	1781
1491	1628
1535	1661
1540	1707
1598	1704
1808	2245
1809	1790
2145	1892
2727	2207
4004	2495
5020	2586
5798	3077
5716	3321
5602	3459
5564	3368
5028	3331
4240	2813
3428	2814
2470	2446
2263	2899
2044	2045
1742	2489
1627	1900
1680	1850
1738	2275
1763	2040
1990	1755
2079	1865
2393	2078
2428	2213
2204	2261
2073	2448
2113	2340
2443	2403
2365	2492
2146	2306
1915	2211
1829	2799
1737	2275
1494	2118
1228	2623
999	3240
1105	3033
1026	3355
1088	3139
872	2368
821	1791
749	1655
757	1623
771	1684
750	1482
763	1646
575	1576
678	1299
667	1644
650	1577
568	1626
627	1790
564	2229
589	2180
544	1598
604	1666
617	1652
556	1595
557	1523
606	1558
593	1495
584	1611
565	1580
567	1593
559	1500
604	1449
557	1536
520	1522
595	1580
575	1638
589	1531
583	1475
550	1569
581	1299
551	1518
570	1682
611	1560
514	1315
639	1472
594	1922
594	2009
594	1750
575	1469
648	1624
606	1519
570	1539
584	1425
641	1326
687	1608
637	1596
567	1569
644	1475
594	1528
546	1455
565	1517
584	1489
534	1517
599	1501
591	1464
586	1602
566	1445
588	1419
551	1450
602	1318
650	1482
635	1648
535	1552
591	1587
593	1589
615	1820
552	1857
553	1713
496	1551
510	1607
519	1548
491	1542
512	1462
513	1578
541	1563
515	1626
565	1664
597	1673
588	1739
606	1631
555	1512
614	1238
626	1381
574	1408
552	1529
527	1691
602	1676
484	1637
535	1578
588	1465
469	1599
563	1739
519	1629
537	1663
524	1494
600	1536
531	1579
526	1459
483	1505
573	1466
504	1466
452	1327
498	1488
480	1406
465	1592
490	1539
502	1449
529	1357
527	1277
508	1543
499	1546
560	1428
522	1225
521	1192
522	1355
535	1239
528	1208
561	1422
569	1344
531	1600
526	1257
538	1240
531	1505
637	1501
652	1292
562	1374
669	1485
839	1527
866	1499
872	1320
914	1328
979	1353
924	1239
864	1455
845	1585
726	1523
783	1613
744	1701
755	1669
810	1948
834	1724
756	1703
628	1790
622	1645
676	1773
627	1658
676	1492
597	1724
639	1617
631	1428
642	1531
651	1670
675	1625
738	1560
656	1573
670	1516
589	1567
649	1464
667	1481
667	1536
655	1372
626	1474
663	1390
695	1454
730	1449
653	1275
639	1405
627	1365
682	1504
768	1382
724	1360
700	1456
699	1471
705	1431
788	1346
704	1373
711	1363
745	1355
827	1426
809	1577
746	1685
784	1533
826	1568
824	1549
847	1718
792	1530
897	1595
859	1578
759	1598
715	1292
845	1289
831	1270
826	1346
803	1303
802	1200
797	1510
870	1422
870	1501
879	1651
888	1472
974	1367
972	1678
1010	1387
957	1437
1087	1471
1078	1348
1090	1208
1035	1299
930	1309
962	1323
934	1427
922	1284
919	1420
884	1500
921	1516
967	1400
1012	1462
1007	1366
1025	1581
1050	1341
1207	1286
1194	1629
1344	1632
1356	1564
1313	1519
1354	1636
1395	1702
1268	1571
1235	1532
1176	1494
1219	1667
1075	1647
1065	1568
1055	1664
1012	1695
1037	1368
1169	1591
1149	1908
1122	1737
1188	1600
1369	1568
1468	2156
1565	2857
1634	2132
1629	2685
1883	6735
1873	6325
1932	7460
1759	8436
1748	6859
1582	8194
1595	7325
1466	4385
1427	8751
1405	8748
1202	4358
1268	4309
1260	3919
1331	3262
1309	3838
1324	4015
1425	2560
1595	7021
1561	2558
1550	2277
1516	1980
1481	2095
1534	2056
1492	2017
1477	2014
1519	4099
1456	5907
1443	7488
1362	4514
1382	7261
1367	6596
1267	3297
1370	3632
1312	2739
1293	2295
1422	2088
1317	1878
1323	1780
1366	1554
1296	1606
1297	1624
1280	1770
1245	1596
1159	1552
1171	1556
1207	1597
1135	1568
1066	1743
1097	1706
1053	1828
1009	1418
1053	1550
1160	1738
1173	1615
1219	1656
1200	1536
1159	1382
1276	1681
1193	1566
1173	1464
1157	1304
1153	1425
1100	1317
1111	1446
1068	1361
1006	1466
998	1660
945	1718
961	1589
934	1609
957	1484
992	1533
1031	1530
985	1564
989	1589
1036	1611
1105	1706
1061	1480
1039	1474
1088	1591
1051	1603
1035	1585
1021	1616
955	1793
964	1746
967	1740
962	1868
860	2095
828	3032
905	2679
847	2994
799	1948
863	2234
853	2201
879	2746
946	2668
900	2246
873	2379
894	2207
901	2033
949	2257
874	1929
896	2002
895	2040
885	1608
825	1513
844	1387
809	1589
823	1534
738	1942
746	2049
761	1922
703	2112
722	1887
778	1870
841	1900
793	1832
832	1808
810	1947
822	1847
782	1743
730	1596
802	1613
757	2070
781	2009
806	1906
769	1877
737	2085
775	2179
700	2137
661	1933
840	1883
690	2069
649	1972
702	2188
719	2270
690	1822
668	1893
646	1981
674	1806
706	1678
658	1496
688	1525
736	1897
630	1665
646	1649
673	1507
644	1540
653	1474
591	1586
642	1696
692	1425
667	1397
698	1397
700	1463
670	1475
648	1457
692	1274
647	1370
664	1376
616	1264
648	1225
657	1119
675	1260
630	1549
633	1402
618	1357
630	1385
607	1344
638	1225
650	1333
623	1226
651	1434
622	1351
646	1426
594	1491
594	1540
597	1528
591	1348
682	1365
564	1381
627	1586
579	1688
612	1573
609	2640
628	3465
782	6644
773	4639
737	5994
865	8624
801	7953
772	7787
834	8348
835	7982
704	6705
678	6706
651	5119
663	4817
706	3297
623	2514
613	2437
621	2506
629	2423
588	2315
692	2807
590	2630
627	1772
592	1866
571	1848
609	1798
586	1761
644	1645
601	1639
550	1636
566	1493
582	1498
485	1284
587	1302
552	1429
536	1521
603	1640
517	1452
548	1545
532	1562
566	1593
557	1599
539	1674
532	1670
535	1610
569	1754
599	1680
626	1774
600	1668
624	1685
591	1725
560	1585
580	1610
651	1671
640	1836
647	1381
551	1354
558	1338
543	1556
589	1459
612	1462
628	1440
594	1619
606	1604
529	1473
651	1451
684	1459
768	1431
594	1380
542	1354
576	1516
601	1532
584	1681
633	1532
593	1850
532	1703
557	1313
538	1523
535	1409
521	1809
606	1617
618	1651
577	1650
614	1483
605	1616
544	1616
516	1643
531	1584
583	1616
535	2050
566	2418
522	2626
523	2262
583	2485
546	2266
539	2055
604	1946
587	2262
542	2375
565	2374
578	2064
599	1939
567	1980
573	1950
586	2152
647	2596
606	2424
583	1909
596	1673
526	1757
534	1798
550	1695
585	1735
581	1883
603	2443
671	2200
577	2349
607	2057
665	1858
610	1810
583	1782
609	1608
556	1839
583	2205
590	2018
520	2322
579	2159
538	1871
560	1828
536	1779
533	1782
566	2005
551	2237
544	2030
599	2008
561	1984
541	1742
527	1559
584	1775
574	1658
585	1482
593	1514
618	1475
651	1730
615	1748
613	1979
634	1829
667	1701
658	1815
666	1714
636	1837
669	2102
781	1990
777	1801
856	1728
799	1437
740	1577
720	1492
696	1325
676	1353
690	1480
698	1538
721	1623
672	1698
693	1529
726	1547
707	1648
627	1394
645	1433
677	1480
700	1735
686	2142
702	1790
721	1687
669	1928
651	1691
619	1622
639	1790
621	1916
650	1825
685	2645
553	2347
664	3376
668	7034
656	6900
650	3679
680	5880
624	6272
671	8167
693	10355
589	4930
625	4793
649	4317
566	2143
569	1768
551	2003
539	2069
515	2234
554	2554
578	2549
539	2899
480	3306
545	3378
583	3676
572	3672
606	3409
633	3731
584	3067
589	3870
580	3522
548	3403
542	2970
549	2697
588	2747
643	3066
576	2791
564	3030
624	4329
623	4048
601	4346
558	3455
580	2017
543	1811
513	1876
536	1811
616	1784
562	1701
528	1652
592	1584
557	1557
574	1509
660	1735
676	1767
607	1687
597	1522
552	1526
586	1588
596	1632
590	1632
604	1593
596	1486
571	1442
525	1422
554	1458
572	1417
592	1630
519	1470
506	1489
510	1432
549	1497
502	1675
510	1910
561	1697
489	1361
513	1684
423	1771
445	1749
503	1790
485	1660
448	1589
513	1528
526	1731
530	1568
519	1592
548	1601
480	1674
542	1629
505	1517
513	1654
469	1703
536	1535
599	1494
501	1670
484	1798
508	1763
528	1704
477	1687
532	1622
537	1725
483	1759
575	1642
529	1831
512	1711
549	1590
507	1644
556	1518
588	1645
572	1648
534	1455
571	1580
521	1537
551	1369
584	1482
466	1501
528	1591
463	1427
498	1416
493	1597
555	1529
520	1665
515	1511
552	1579
500	1660
567	1738
591	1717
566	1839
510	1549
489	1620
476	1747
545	1818
509	1590
541	1782
582	1750
513	1711
515	1542
480	1677
556	1644
526	1560
618	1709
530	1806
528	1680
495	1553
550	1659
481	1740
512	1627
526	1840
494	1631
497	1577
575	1514
496	1748
517	1593
502	1749
471	1666
480	1592
499	1652
533	1651
445	1758
480	1713
525	1823
494	1655
456	1588
455	1556
530	1611
517	1664
523	1646
481	1562
507	1550
482	1609
440	1724
472	1622
471	1632
523	1720
572	1732
528	1680
520	1617
495	1495
505	1585
449	1683
460	1700
499	1734
431	1489
472	1480
531	1526
487	1479
469	1445
513	1646
494	1591
546	1656
507	1661
546	1373
510	1427
507	1516
505	1463
497	1517
581	1571
513	1468
577	1451
579	1590
641	1750
635	1636
599	1519
576	1465
578	1503
606	1635
516	1741
479	1708
592	1694
561	1570
536	1519
589	1572
578	1517
614	1400
576	1447
592	1596
618	1634
642	1534
637	1507
678	1610
727	1625
677	1609
612	1503
626	1651
650	1602
691	1630
623	1618
602	1621
626	1804
527	1897
548	1719
483	1366
516	1478
544	1631
539	1624
519	1514
498	1554
517	1494
557	1406
553	1449
548	1476
612	1611
560	1698
562	1591
517	1524
490	1561
521	1574
513	1663
535	1479
519	1290
545	1245
533	1545
499	1518
503	1448
482	1320
482	1610
469	1510
487	1431
470	1385
498	1383
505	1429
465	1546
497	1444
462	1599
474	1527
462	1601
483	1483
446	1484
485	1394
489	1362
497	1310
438	1338
468	1399
449	1146
467	1387
426	1521
462	1415
430	1390
415	1492
478	1348
462	1257
494	1307
447	1299
482	1318
473	1303
497	1387
503	1384
512	1294
449	1304
543	1343
506	1477
610	1452
525	1576
591	1402
561	1439
459	1535
579	1568
522	1489
522	1655
603	1542
543	1727
543	1652
527	1699
556	1418
511	1587
654	1358
691	1491
647	1415
741	1534
739	1543
739	1487
683	1489
619	1563
766	1685
663	1462
544	1522
563	1628
518	1697
524	1664
497	1794
474	1548
479	2107
537	1685
490	1570
503	1812
508	1929
521	2310
548	2802
558	2879
496	2803
424	1990
547	1403
469	1422
476	1462
506	1725
491	1460
510	1324
508	1237
491	1501
504	1485
477	1472
500	1356
554	1430
519	1489
495	1489
506	1338
542	1592
551	1302
507	1447
465	1501
518	1440
522	1259
549	1286
488	1264
594	1366
520	1669
533	1672
512	1697
555	1644
556	1655
510	1462
553	1489
556	1649
558	1838
533	1692
534	1695
549	1439
534	1340
546	1402
525	1561
533	1750
598	1694
502	1477
559	1448
610	1520
547	1631
544	1574
525	1626
546	1628
557	1561
599	1574
556	1463
581	1540
536	1596
579	1429
485	1290
520	1589
512	1761
526	1715
518	1540
491	1351
545	1406
499	1521
520	1635
589	1464
495	1537
555	1624
510	1579
482	1440
541	1473
502	1398
582	1641
508	1661
569	1660
511	1551
547	1486
473	1409
496	1540
502	1454
532	1471
538	1552
528	1654
432	1711
515	1595
494	1634
510	1559
493	1434
431	1481
471	1194
475	1327
526	1395
526	1401
506	1408
525	1717
512	1954
550	1925
526	2488
575	2286
565	2485
619	2548
640	2434
603	2308
580	2118
545	2395
576	2298
578	1954
545	1605
507	1611
495	2213
556	2385
571	2928
604	3992
643	4800
632	5274
582	5106
666	4581
585	4531
618	4962
627	4459
551	3786
597	3000
619	2292
591	2537
641	2904
677	2400
860	2227
957	2353
959	2597
933	2379
826	2063
654	1653
545	1654
570	1832
555	1595
522	1414
513	1512
526	1567
504	1473
542	1363
560	1683
552	1362
494	1423
551	1519
604	1356
557	1456
535	1185
534	1321
566	1307
594	1288
510	1459
569	1505
561	1543
536	1550
537	1796
521	1984
497	1786
493	1661
608	1741
545	1779
483	2040
479	1920
592	1766
626	1779
592	1458
589	1510
576	1556
589	1453
602	1369
583	1344
513	1452
579	1433
554	1583
578	1508
546	1876
569	1942
630	1896
632	1518
655	1535
702	1492
632	1595
594	1364
654	1423
616	1637
636	1549
567	1449
548	1346
639	1558
623	1475
641	1594
625	1642
666	1557
730	1290
724	1523
719	1465
669	1357
648	1383
672	1744
655	1486
592	1568
657	1418
693	1430
638	1451
669	1346
652	1422
652	1574
633	1689
615	1564
727	1460
673	1604
683	1662
734	1849
660	1812
608	1705
648	1586
664	1720
633	1717
670	1750
671	1877
706	1711
683	1608
649	1892
731	1696
688	1528
730	1405
634	1359
709	1396
687	1515
673	1607
701	1348
708	1494
732	1633
685	1631
644	1658
673	1480
663	1359
691	1552
625	1588
575	1473
619	1650
554	1446
567	1301
598	1442
639	1398
587	1432
600	1574
598	1650
700	1532
709	1765
719	1709
700	1741
680	1721
674	1591
635	1697
630	1454
676	1203
610	1270
637	1262
548	1356
562	1347
583	1568
551	1771
592	1626
602	1444
673	1395
583	1851
622	1673
693	1507
656	1539
659	1461
703	1456
655	1434
629	1502
640	1539
715	1522
734	1772
702	1792
668	1700
616	1812
633	1733
633	1528
623	1511
633	1643
627	1856
595	1624
578	1586
595	1582
603	1525
631	1474
626	1514
574	1572
676	1424
645	1659
595	1856
555	1724
580	1453
531	1545
577	1531
521	1575
565	1627
614	1513
570	1479
516	1511
560	1485
517	1453
577	1355
508	1535
572	1352
554	1305
580	1368
515	1303
532	1389
529	1504
515	1607
553	1477
510	1435
504	1396
543	1258
529	1540
499	1479
483	1371
514	1443
569	1418
523	1305
504	1481
479	1312
518	1561
465	1581
497	1730
499	1574
541	1710
529	1648
497	1543
546	1736
524	1869
507	1374
551	1484
476	1762
512	1863
435	1512
472	3642
534	5402
665	6327
623	5428
486	4279
558	4750
602	5301
513	4098
526	4117
503	5440
490	2964
551	2231
531	1983
530	1454
510	2306
566	3204
466	1937
482	1512
489	1370
523	1391
444	1529
451	1358
497	1530
521	1376
476	1235
495	1357
513	1542
473	1583
506	1416
511	1392
494	1382
459	1307
460	1401
479	1437
506	1239
450	1303
496	1492
516	1580
552	1474
502	1432
538	1330
585	1507
560	1471
587	1372
564	1264
646	1473
593	1538
559	1729
613	1473
485	1475
513	1648
490	1496
484	1476
480	1580
516	1586
546	1616
522	1707
480	1439
597	1434
545	1529
498	1585
516	1493
523	1372
556	1397
547	1546
492	1478
520	1542
566	1529
570	1339
548	1468
571	1551
550	1575
531	1619
542	1551
526	1515
531	1459
548	1538
574	1497
460	1605
527	1608
541	1426
598	1399
543	1624
556	1652
630	1599
542	1556
532	1465
575	1519
510	1637
550	1660
534	1620
570	1639
518	1697
593	1664
509	1510
557	1551
553	1699
568	1487
544	1464
530	1428
577	1470
519	1586
578	1424
491	1286
532	1406
530	1566
561	1314
540	1317
528	1358
533	1303
586	1292
612	1470
547	1709
605	1407
601	1635
594	1814
548	1501
621	1628
587	1625
583	1683
542	1568
612	1624
575	1507
533	1621
560	1551
480	1649
545	1674
553	1760
570	1497
523	1593
549	1691
514	1580
565	1536
583	1295
500	1319
509	1573
533	1635
514	1514
540	1537
549	1438
617	1602
544	1577
575	1590
529	1638
546	1726
478	1461
510	1562
557	1362
530	1474
481	1499
533	1529
502	1511
590	1990
578	2136
604	2094
561	2062
561	1969
546	1848
586	2086
586	1675
549	1563
526	1508
545	1686
565	2029
544	1939
523	1795
510	1848
572	2037
572	2169
684	1974
710	2113
716	1920
756	1804
854	1557
887	1709
825	1596
873	1464
892	1734
968	2409
989	2725
1137	2303
1055	1826
1068	1811
1050	1648
1087	1750
1070	1722
1068	1769
1108	1726
1202	1798
1257	1959
1355	2013
1265	2203
1287	2088
1360	2409
1314	2749
1341	3268
1247	3555
1225	3626
1155	3460
1220	4062
1179	3918
1184	4832
1178	4522
1212	3375
1203	2917
1311	3751
1238	4831
1298	4208
1139	5812
1265	7915
1369	8089
1265	7534
1290	8314
1371	8467
1399	8419
1388	8334
1404	8345
1363	8432
1376	9410
1380	10810
1302	12999
1186	11654
1176	11426
1323	14270
1343	14290
1318	13344
1189	13000
1215	11929
1104	12753
1007	10985
976	8247
917	5631
847	5786
854	5359
917	4750
788	6280
770	7025
771	6056
711	6021
740	6111
735	3991
660	2502
548	2054
605	1948
566	2084
640	1840
585	1768
576	1863
574	1663
588	1527
528	1589
601	1510
605	1584
625	1490
562	1435
614	1549
548	1579
544	1755
502	1894
556	1849
569	1844
550	1792
584	1770
582	1553
582	1631
556	1786
563	1633
578	1617
606	1556
546	1715
556	1650
609	1504
607	1481
604	1712
532	1351
525	1635
543	1517
529	1720
546	1562
529	1315
537	1183
503	1396
539	1421
547	1669
539	1479
556	1514
542	1260
514	1351
528	1447
549	1504
520	1515
527	1475
519	1474
567	1632
560	1564
542	1470
538	1366
518	1292
539	1343
528	1264
579	1476
543	1570
517	1543
595	1586
565	1606
534	1570
592	1618
554	1645
514	1579
544	1702
599	1602
586	1448
550	1430
538	1663
580	1597
570	1740
542	1581
582	1585
622	1639
609	1519
636	1509
587	1642
548	1466
580	1551
572	1603
568	1788
599	1686
629	1864
562	1938
565	1851
618	2041
641	2203
589	2387
600	2453
522	2645
644	2093
622	1407
670	1597
611	1659
685	1714
677	1731
762	1581
642	1702
565	1708
637	1395
679	1438
756	1413
692	1525
655	1372
687	1219
676	1467
781	1567
751	1393
808	1470
845	1475
751	1339
817	1418
826	1662
798	1681
901	1479
853	1424
866	1679
998	1502
900	1392
915	1230
981	1387
1069	1563
1044	1568
984	1460
1051	1509
997	1581
1034	1523
971	1432
1127	1629
1139	1648
1044	1439
1210	1508
1562	1521
1519	1401
1662	1626
1517	1799
1411	1484
1212	1570
1162	1476
1288	1657
1179	1658
1153	1762
1291	1671
1226	1578
1044	1399
1040	1416
1079	1469
963	1423
986	1652
882	1580
935	1720
1004	1573
852	1676
831	1280
816	1283
860	1373
974	1453
1038	1478
962	1573
922	1431
843	1436
832	1376
828	1295
736	1661
632	1573
602	1657
662	1388
672	1562
609	1533
693	1559
690	1645
650	1829
610	1778
599	1890
619	1448
603	1564
546	1524
587	1583
607	1756
577	1551
639	1872
596	1562
568	1265
567	1411
491	1484
625	1701
553	1865
612	1517
635	1526
627	2070
662	2373
678	2304
655	2319
753	2599
651	2603
694	2423
679	2975
716	3179
688	4083
801	5869
774	3163
761	1833
749	1674
722	1463
704	1473
711	1341
789	1485
852	1611
791	1565
951	1999
1072	2724
1172	4264
1263	6031
1406	7380
1385	6296
1081	3870
972	3482
856	2456
949	1791
781	1657
858	1509
803	1430
770	1515
728	1606
705	1742
735	1975
761	2538
932	3179
861	2710
970	3888
891	3058
899	3048
873	2939
836	2099
802	1812
789	1724
759	1599
933	1525
922	1441
847	1535
858	1334
869	1516
976	1353
995	1332
975	1273
942	1190
885	1290
918	1492
891	1492
862	1456
893	1501
843	1573
863	1452
944	1682
965	1697
859	1576
862	1638
748	1618
715	1679
692	1612
720	1480
743	1515
628	1496
676	1405
661	1656
606	1526
672	1309
675	1379
717	1452
692	1506
738	1590
725	1547
673	1617
725	1625
732	1501
727	1309
650	1469
621	1341
659	1580
629	1705
626	1706
607	1547
629	1620
679	1523
642	1505
633	1454
676	1565
699	1583
654	1326
693	1343
682	1341
755	1390
708	1480
816	1778
733	1692
712	1657
665	1564
656	1667
672	1674
672	1669
651	1853
614	1756
647	1994
606	1972
611	1773
619	1827
650	1710
645	1474
609	1528
590	1629
653	1730
579	1459
580	1723
600	1703
576	1576
577	1614
596	1611
623	1450
624	1523
586	1482
601	1713
599	1809
586	1802
545	1696
569	1745
551	1736
570	1838
603	1590
560	1893
579	1766
676	1727
664	1639
825	1674
744	1727
974	2212
1384	3688
1766	6021
2403	7622
2102	6617
1865	5353
2161	5478
2569	5460
2574	4655
2641	4726
2542	4487
2570	3765
2662	4109
3101	4296
3335	4941
3797	5859
3681	6269
3951	6345
3929	5242
3824	5128
3933	5366
3258	4631
2675	3615
2009	2602
1793	2602
2009	2770
1897	2737
1615	2501
1195	1951
989	1776
1066	2027
1146	1931
1070	1830
805	1683
794	1594
867	1853
1072	2130
965	1920
867	1983
690	1545
648	1805
587	1723
553	1751
573	1621
580	1629
570	1477
592	1479
689	1607
624	1709
508	1571
573	1746
604	1630
646	1677
573	1540
616	1693
641	1471
580	1575
597	1505
576	1482
519	1664
534	1748
601	1847
556	1576
522	1529
596	1703
611	1423
576	1165
525	1232
566	1307
580	1408
566	1502
551	1484
585	1414
529	1530
502	1547
480	1682
540	1654
504	1463
538	1578
561	1632
549	1666
568	1607
606	1721
592	1632
519	1772
557	1776
572	1818
572	1705
622	1836
576	2029
627	2099
625	2027
647	2291
562	2146
575	1828
534	1652
614	1818
638	1736
576	1601
561	1423
565	1686
559	1809
551	1452
600	1722
605	1641
663	1687
584	1499
571	1564
595	1608
608	1775
580	1809
595	1976
575	2047
604	1759
618	1975
580	1870
566	1997
664	1854
583	1938
571	1981
528	2151
594	2121
528	1820
603	1909
658	1699
644	1712
660	1837
731	3755
698	2268
608	1495
662	1506
600	1564
624	1448
568	1526
555	1417
579	1569
570	1635
594	1612
545	1425
581	1438
551	1410
535	1527
555	1590
553	1659
571	1649
574	1504
604	1471
534	1652
549	1560
550	1685
635	1648
678	1637
651	1658
612	1911
639	3203
682	4890
591	1847
600	1438
541	1577
538	1326
496	1721
545	1816
538	1676
538	1609
548	1796
537	1643
588	1633
581	1633
586	1769
565	1671
591	1523
588	1558
595	1582
661	1557
622	1723
587	1653
589	1732
560	1557
543	1594
575	1510
516	1573
539	1449
470	1423
518	1454
500	1661
609	1435
541	1661
543	1746
572	1666
531	1566
548	1526
536	1505
570	1629
650	1849
630	1658
608	1681
617	1645
672	1649
580	1461
601	1626
544	1634
524	1598
483	1649
525	1488
597	1570
554	1542
542	1453
552	1584
560	1713
564	1708
544	1582
470	1420
565	1528
517	1749
520	1776
513	1835
538	1573
572	1514
505	1636
501	1766
525	1805
587	1722
580	1827
543	1783
560	1847
594	2511
590	2247
537	1702
617	2896
658	4097
554	4200
591	5580
581	3692
588	3202
567	3763
533	3097
553	3105
552	2204
504	1668
530	1727
512	1391
466	1584
502	1874
469	1957
498	1694
517	1568
531	1750
508	1512
492	1254
458	1379
486	1404
523	1410
468	1467
495	1641
479	1501
465	1703
457	1669
495	1544
460	1458
463	1526
509	1617
484	1494
493	1503
534	1567
509	1539
477	1516
463	1539
473	1444
508	1696
481	1559
500	1532
484	1623
495	1576
489	1504
477	1545
436	1386
442	1619
393	1492
498	1536
403	1563
446	1475
441	1760
475	1519
456	1516
437	1570
477	1526
482	1381
495	1467
490	1555
541	1535
510	1421
502	1378
531	1541
483	1331
535	1306
490	1347
517	1453
504	1454
522	1672
546	1455
517	1647
499	1645
507	1731
471	1417
478	1536
471	1469
486	1503
500	1322
463	1581
476	1734
511	1511
484	1506
482	1600
463	1509
467	1646
487	1769
499	1652
479	1554
514	1561
518	1749
480	1900
458	1856
493	1493
463	1728
494	1794
525	2007
522	1718
502	1777
495	1884
512	2054
566	1574
495	1643
556	1860
541	2912
521	2929
571	3841
662	7486
675	6629
650	6933
673	7344
745	7897
794	6395
593	3434
647	4927
606	6101
672	4748
608	2134
544	1735
573	1839
509	1547
577	1564
588	1747
609	1871
544	1898
561	1764
562	1696
516	1585
584	1922
592	1814
603	1531
572	2101
658	1946
641	1636
618	1858
677	2287
639	2136
730	2244
852	1879
861	1867
836	1987
830	1566
845	1682
884	1684
892	1605
948	1586
840	1464
888	1733
924	1523
982	1489
1018	1481
925	1372
911	1383
952	1347
993	1605
1083	1789
1017	1533
913	1550
998	1470
1068	1608
1291	1690
1441	1628
1350	1882
1414	1625
1428	1768
1826	1532
1911	1858
1692	1768
1703	1765
1677	1628
1787	1735
1761	1856
1773	1744
1689	1697
1695	1703
1817	1832
1980	2026
1910	1949
1835	1840
1963	1802
2066	1731
2031	1826
2082	2080
2076	1937
2090	2097
2061	1894
1987	1763
2044	1914
2079	2041
2219	2008
2076	2085
2104	2418
2116	2371
2288	2303
2241	2383
2217	2335
1967	2312
1849	2041
1698	2232
1828	2146
1791	1971
1584	1906
1511	1893
1389	1857
1441	1809
1306	1838
1176	1492
1107	1574
1130	1706
1155	1891
1098	1975
1059	1850
993	1789
846	1589
813	1527
827	1683
751	1723
708	1689
715	1781
724	1681
732	1586
679	1556
672	1502
636	1548
708	1589
632	1617
630	1523
590	1614
609	1589
624	1543
602	1533
616	1472
577	1675
620	1744
638	1727
670	1562
642	1464
657	1649
640	1684
628	1473
730	1512
653	1428
646	1421
577	1683
603	1715
598	1434
650	1318
630	1293
627	1285
640	1531
710	1385
760	1293
822	1628
834	1823
987	1892
957	1900
993	1752
923	1619
873	1587
803	1337
707	1442
663	1237
631	1381
632	1341
600	1451
723	1444
626	1268
600	1414
632	1445
630	1452
670	1429
648	1359
634	1403
662	1271
750	1261
759	1328
817	1272
755	1631
696	1707
740	1391
779	1590
737	1672
709	1425
668	1387
654	1387
599	1255
643	1396
683	1355
679	1303
644	1478
680	1776
644	1743
603	1716
727	2023
688	1877
691	1726
746	1915
702	1725
717	1522
711	1627
625	1421
673	1376
693	1782
644	1766
694	1561
685	1663
752	1767
826	1491
724	1716
724	1823
790	1737
839	1601
880	1590
860	1538
858	1728
855	1644
964	1793
935	1821
922	1692
981	1580
975	1710
1150	1681
1371	1572
1414	1564
1463	1426
1381	1589
1523	1601
1686	1528
1808	1511
1518	1599
1446	1636
1481	1572
1666	1503
1700	1432
1573	1554
1503	1780
1457	1829
1625	1709
1711	1737
1808	1862
1893	1712
2103	1356
2236	1690
2699	1502
2868	1312
2941	1653
2965	1603
2939	1645
3098	1895
3071	1800
2906	1728
2652	1561
2542	1618
2550	1728
2247	1679
2288	1574
2114	1717
2226	1812
2321	1669
2489	1601
2805	1717
3202	1617
3321	1617
3604	1762
3528	1904
3606	1711
3728	1594
3530	1601
3127	1718
2713	1746
2315	1642
2304	1643
2133	1512
1922	1622
1616	1548
1520	1407
1437	1483
1586	1418
1516	1554
1505	1548
1616	1565
1684	2513
1810	1466
1617	1508
1756	2546
1732	2612
1599	1900
1577	1706
1493	1495
1432	1658
1234	1686
1150	1523
1161	1658
1108	1610
1090	1311
922	1507
844	1414
775	1479
886	1532
863	1471
863	1372
951	1366
897	1659
921	1394
871	1462
825	1414
852	1430
830	1301
784	1321
796	1597
666	1375
768	1450
755	1548
749	1408
706	1391
700	1522
631	1580
620	1616
654	1601
670	1679
615	1679
583	1661
547	1515
610	1493
595	1350
628	1398
528	1306
634	1397
550	1322
563	1527
586	1291
560	1406
483	1521
567	1536
560	1506
561	1655
560	1585
550	1598
490	1565
490	1503
497	1649
503	1592
552	1414
513	1559
524	1626
547	1583
501	1551
565	1577
541	1476
555	1493
549	1505
531	1601
520	1500
463	1520
559	1566
606	1705
586	1787
533	1958
571	1569
626	1422
514	1402
541	1502
494	1652
542	1808
564	1788
543	1709
502	1586
499	1568
500	1595
532	1542
541	1648
553	1536
557	1753
526	1701
532	1651
511	1714
520	1672
564	1920
569	1616
525	1726
552	1470
472	1381
512	1444
536	1719
547	1589
523	1585
589	1647
659	1572
575	1653
594	1622
616	1727
557	1572
508	1428
576	1632
581	1635
523	1630
488	1512
570	1542
599	1628
554	1533
525	1599
541	1757
546	1624
554	1441
580	1273
584	1477
596	1386
569	1310
623	1375
613	1347
647	1677
596	1521
608	1579
601	1498
593	1400
538	1544
564	1540
555	1522
581	1366
602	1457
551	1633
547	1492
565	1591
637	1574
551	1620
529	1560
571	1570
526	1498
529	1422
576	1615
581	1521
579	1354
586	1551
563	1499
638	1469
586	1663
538	1735
598	1620
596	1679
542	1757
447	1958
525	1560
544	1512
456	1660
496	1579
569	1646
488	1622
506	1567
549	1470
509	1325
540	1342
570	1476
545	1547
505	1597
503	1481
525	1639
570	1770
610	1650
582	1621
594	1710
670	1737
547	1651
597	1418
551	1451
597	1706
625	1660
505	1650
546	1534
483	1540
518	1749
520	1597
484	1439
586	1670
536	1758
570	1807
578	1727
541	1809
642	1703
551	1624
543	1568
532	1802
494	1566
548	1667
524	1689
533	1676
502	1771
595	1602
636	1685
612	1541
595	1743
580	1692
641	1412
609	1519
557	1428
592	1500
550	1602
542	1399
536	1486
506	1526
538	1519
542	1811
536	1614
562	1532
596	1606
611	1617
678	1761
638	1724
688	1562
717	1561
638	1578
607	1590
679	1542
667	1618
604	1536
590	1409
734	1672
748	1500
660	1144
712	1510
753	1480
759	1535
698	1699
754	1624
817	1602
807	1602
721	1644
724	1773
596	1400
638	1484
626	1353
614	1581
640	1578
661	1591
611	1570
619	1452
567	1552
532	2006
582	2254
534	2029
514	2060
517	2307
507	2807
599	2338
523	2168
529	1908
456	2007
563	2196
566	1919
553	1924
584	2526
615	2953
597	2612
636	3588
609	4178
587	2969
553	2514
547	1987
592	3529
607	4021
566	3287
526	2629
544	2882
493	2407
534	2184
522	2046
470	2129
485	1809
517	1983
486	1708
526	1614
518	1648
571	1910
547	1646
593	1523
549	1469
544	1449
523	1485
595	1472
572	1441
535	1552
531	1574
507	1606
524	1487
543	1845
583	1697
583	1679
542	1535
586	1494
542	1526
557	1620
586	1462
501	1784
483	1619
578	1528
489	1566
511	1633
515	1676
529	1585
569	1699
529	1714
466	1587
557	1655
564	1560
567	1528
534	1481
544	1860
557	1962
492	1750
544	1523
538	1363
519	1457
526	1410
545	1429
618	1393
527	1382
522	1580
572	1533
564	1749
557	1812
534	1870
527	1658
581	1797
540	1632
502	1449
531	1691
572	1735
529	1668
567	1623
536	1620
527	1515
492	1494
489	1621
545	1675
530	1459
551	1613
512	1632
518	1561
518	1557
565	1467
530	1611
539	1707
569	1507
555	1643
585	1713
547	2015
561	1787
586	2492
607	2600
525	2125
532	2081
552	1907
594	3147
679	6771
678	6874
529	3663
514	2494
564	2811
632	6713
687	9105
770	10606
851	11273
703	7073
747	5491
749	7665
843	9570
790	8023
553	1598
541	1711
596	1510
599	1667
611	1697
587	2062
539	1702
566	1871
574	1959
574	2240
629	2946
684	3371
658	3389
752	7294
770	7134
897	7573
779	4840
708	2377
782	3686
835	6042
675	2981
725	1604
640	1604
706	1868
780	1372
724	1289
711	1394
650	1447
636	1457
642	1549
680	1626
655	1507
593	1450
676	1359
653	1278
716	1448
647	1494
689	1461
636	1572
599	1614
609	1559
632	1511
615	1540
684	1431
675	1488
577	1421
554	1523
621	1484
604	1407
609	1509
577	1662
616	1496
629	1462
650	1492
652	1605
569	1660
572	1649
612	1543
541	1530
549	1421
564	1660
525	1658
539	1697
587	1739
530	1646
567	1621
549	1790
555	1496
567	1286
548	1452
522	1455
610	1530
541	1638
525	1688
585	1557
580	1702
592	1739
617	1733
606	1989
562	2033
561	1809
558	1833
524	1812
560	1809
550	1750
548	1779
571	1771
490	1779
500	1523
520	1343
506	1612
511	1629
505	1464
462	1797
561	1687
475	1821
530	1721
539	1764
490	1673
584	1492
518	1666
560	1592
597	1348
553	1403
525	1388
515	1500
551	1574
548	1646
550	1415
562	1633
564	1709
521	1536
507	1546
496	1687
582	1820
541	1754
520	1752
534	1678
602	1524
605	1490
565	1600
599	1612
622	1507
679	1713
607	1867
615	1919
605	1735
538	1835
576	1717
605	1781
573	1737
581	1822
518	1792
545	1826
572	1650
549	1838
584	1739
601	1741
580	1870
525	1597
587	1607
551	1603
569	1673
599	1503
526	1799
545	1752
497	1545
524	1543
515	1612
590	1665
530	1436
512	1401
479	1599
506	1762
498	1676
478	1807
487	1750
525	1483
555	1417
517	1406
580	1511
555	1694
619	1709
570	1803
585	1707
606	1714
564	1882
539	1893
554	1797
555	1734
557	1753
528	1930
585	1720
544	1881
601	1623
557	1654
585	1525
502	1648
491	1665
514	1708
582	1879
547	1730
538	1698
603	1838
570	1893
582	1688
570	1749
534	1814
578	1565
583	1489
519	1495
494	1358
529	1495
503	1358
493	1282
509	1376
550	1401
512	1543
506	1655
537	1481
513	1417
549	1416
575	1650
604	1698
552	1604
493	1599
569	1775
514	1539
488	1438
544	1491
580	1624
520	1598
596	1556
530	1473
454	1425
527	1636
538	1419
520	1385
494	1543
570	1488
536	1689
521	1602
540	1515
578	1666
588	1550
530	1474
561	1428
582	1483
515	1681
586	1543
572	1581
538	1728
568	1750
510	1634
558	1483
516	1752
619	1864
583	1713
566	1510
578	2168
625	3010
574	4397
623	4204
511	3708
584	4043
641	4876
616	4300
583	3190
537	3195
594	3282
620	3205
563	2755
586	1897
544	1424
489	1697
529	1470
552	1817
564	1683
511	1595
482	1580
471	1599
536	1663
508	1452
514	1581
483	1608
520	1503
518	1386
467	1464
546	1441
487	1470
568	1425
535	1361
511	1382
480	1459
515	1602
500	1454
540	1558
493	1429
585	1439
522	1689
471	1531
523	1555
566	1678
580	1645
493	1536
580	1600
541	1644
597	1793
582	1638
560	1703
515	1691
568	1578
520	1598
569	1742
539	1547
563	1614
617	1587
569	1576
489	1598
570	1412
497	1612
491	1549
517	1519
541	1517
558	1644
536	1613
564	1529
544	1513
586	1529
607	1450
606	1479
600	1487
598	1318
613	1414
632	1608
640	1726
695	1713
681	1719
682	1665
633	1440
650	1765
645	1741
619	1707
633	1585
685	1540
623	1559
681	1388
685	1618
694	1723
736	1709
773	1630
756	1679
746	1689
716	1531
815	1639
784	1634
810	1647
800	1820
798	1685
816	1639
811	1676
812	1709
725	1624
793	1701
800	1677
764	1650
778	1702
712	1721
691	1515
760	1452
776	1563
740	1741
715	1593
705	1498
727	1532
834	1569
775	1278
757	1495
781	1521
719	1460
692	1617
716	1603
641	1679
670	1652
709	1590
679	1652
697	1625
682	1342
669	1383
624	1668
694	1551
640	1637
640	1705
652	1685
685	1720
714	1551
730	1704
670	1560
657	1494
607	1624
663	1589
670	1820
568	1479
569	1466
572	1680
601	1786
589	1744
625	1838
627	1739
657	1786
596	1603
623	1495
637	1588
599	1524
582	1516
630	1660
531	1629
586	1573
576	1526
607	1514
621	1454
490	1426
520	1365
554	1375
569	1244
524	1325
579	1449
589	1327
581	1412
607	1261
595	1465
533	1405
499	1484
511	1334
540	1419
522	1409
526	1420
557	1407
524	1411
511	1471
485	1551
501	1362
559	1439
529	1487
489	1279
458	1399
567	1553
504	1466
517	1203
499	1362
475	1534
549	1477
497	1313
502	1290
540	1280
508	1390
488	1557
538	1464
529	1584
530	1633
524	1582
554	1736
536	1807
507	1888
527	2049
522	2171
507	1994
508	1716
456	1566
538	1715
518	1698
530	1724
448	1916
544	1695
513	1556
457	1654
464	1485
496	1577
505	1623
492	1529
541	1585
473	1874
559	1870
620	1762
620	1839
616	1773
583	1605
611	1668
664	1776
630	1629
691	1743
790	1813
865	1613
907	1595
858	1623
875	1580
850	2252
757	1811
861	1822
832	1746
763	1756
694	1639
752	1420
732	1521
687	1287
636	1396
684	1536
708	1592
730	1578
705	1339
681	1309
643	1392
572	1569
547	1633
573	1426
583	1474
535	1286
586	1544
593	1451
640	1503
584	1508
547	1628
558	1564
543	1531
514	1424
471	1529
551	1391
526	1338
510	1251
493	1391
482	1443
531	1418
567	1501
536	1218
558	1425
458	1363
495	1418
505	1380
462	1537
486	1567
483	1413
468	1444
478	1709
521	1562
481	1548
463	1621
555	1415
493	1577
481	1394
527	1459
509	1455
495	1343
517	1381
562	1326
505	1438
512	1461
529	1723
558	1477
564	1826
566	1478
521	1564
505	1663
568	1684
592	1759
612	1535
614	1539
604	1478
552	1474
544	1651
607	1565
544	1793
591	1821
598	1596
495	1476
643	1640
613	1679
576	1559
588	1578
563	1716
631	1510
594	1486
619	1295
615	1488
613	1492
612	1369
621	1462
652	1451
620	1427
586	1489
606	1408
617	1448
643	1490
598	1584
652	1465
650	1405
667	1579
631	1294
657	1631
633	1480
699	1411
684	1487
714	1639
656	1728
677	1586
685	1578
676	1606
635	1578
614	1401
686	1420
669	1375
660	1254
635	1462
663	1325
693	1460
610	1579
692	1882
594	1889
641	1517
674	1820
682	1687
679	1419
649	1571
680	1690
650	1737
655	1769
604	1638
697	1607
624	1533
592	1823
607	1722
586	1568
610	1514
590	1480
609	1700
602	1718
593	1780
562	1784
554	1811
641	1695
586	1572
554	1839
625	1703
555	1523
513	1673
542	1614
533	1510
559	1525
605	1713
614	1556
587	1542
584	1523
562	1515
603	1558
599	1454
584	1613
559	1440
636	1520
605	1616
652	1477
657	1451
629	1257
616	1311
680	1464
704	1493
733	1430
666	1515
713	1512
677	1441
763	1383
792	1503
827	1420
674	1429
783	1503
880	1364
857	1494
851	1645
824	1293
774	1369
759	1409
682	1405
770	1447
749	1306
699	1366
646	1482
594	1351
600	1375
618	1341
651	1516
597	1494
593	1407
555	1512
558	1438
576	1545
548	1383
550	1408
529	1578
550	1290
566	1489
566	1373
538	1339
474	1408
567	1484
547	1361
551	1538
522	1369
592	1385
550	1482
559	1540
543	1642
556	1695
559	1489
519	1606
511	1440
520	1412
505	1556
507	1638
502	1380
535	1309
533	1279
515	1425
492	1429
510	1618
510	1673
584	1684
586	1524
552	1938
577	1549
546	1580
563	1462
537	1598
517	1362
605	1192
582	1373
546	1265
590	1325
527	1339
534	1507
501	1576
569	1526
523	1432
496	1637
542	1407
529	1517
628	1548
643	1859
633	1488
610	1363
623	1729
622	1505
645	1392
602	1450
591	1369
640	1656
618	1531
621	1405
600	1486
601	1458
672	1533
565	1528
636	1514
646	1646
630	1730
667	1670
635	1485
636	1574
617	1517
604	1562
641	1515
620	1483
517	1363
523	1428
574	1410
501	1516
579	1515
533	1876
548	1512
535	1433
564	1610
561	1414
594	1537
533	1438
541	1437
521	1473
558	1425
500	1439
513	1464
541	1500
552	1618
566	1645
608	1689
584	1451
505	1450
580	1474
537	1483
594	1588
549	1330
540	1580
456	1826
485	1638
508	1659
616	1525
565	1444
560	1413
509	1439
570	1509
614	1483
617	1773
641	1562
618	1636
731	1402
798	1745
828	1530
750	1526
872	1431
1111	1630
1313	1734
1284	1543
1253	1665
1470	1969
1717	1807
1945	1990
1998	1982
2259	1950
2309	2095
2751	2325
3088	3002
3225	3164
3069	3128
3070	3115
3416	3175
3654	3291
3790	3579
3716	3201
3593	3387
3856	4213
3965	5602
4073	8442
4143	7724
4187	8290
4260	11442
3455	7555
2196	4399
2082	2848
2565	3377
2322	2942
1708	2765
1745	2277
2041	2299
2297	2828
1834	2148
1252	2062
1038	2150
894	1965
892	1793
822	1696
693	1781
658	1994
692	1979
783	1947
718	1861
686	1884
689	1791
691	1783
675	1845
725	1727
711	1637
677	1484
731	1354
635	1426
708	1619
595	1637
690	1675
703	1650
718	1765
711	1974
717	2095
653	2072
597	1858
690	1794
716	1651
669	1475
681	1540
680	1304
735	1369
735	1455
667	1374
720	1406
717	1351
813	1274
684	1370
736	1439
758	1349
789	1428
724	1386
741	1463
718	1384
745	1573
809	1393
900	1255
842	1514
857	1580
850	1490
839	1513
891	1852
907	1788
933	1915
865	1938
974	1981
913	2002
842	2235
843	2271
830	2041
908	1854
961	2120
1088	3756
1128	4286
1005	3819
989	5268
1051	6085
1038	6007
1044	6331
991	5838
997	4506
869	4029
929	3717
850	3481
888	3135
817	2538
820	1761
751	1731
801	1513
841	1528
781	1720
728	1545
721	1655
794	1706
808	1987
780	2053
827	2524
735	2590
795	2802
777	2835
742	2915
718	3049
760	2879
709	2480
668	2191
683	1842
642	1793
714	1617
666	1636
750	1671
680	1507
606	1595
637	1786
637	1853
575	1728
629	1671
589	1793
642	1829
560	1599
551	1749
543	1414
523	1333
571	1616
591	1759
597	1689
568	1680
603	1645
601	1614
582	1448
557	1346
514	1397
529	1588
500	1501
483	1579
522	1605
500	1490
451	1354
480	1396
552	1365
515	1494
495	1407
434	1383
470	1423
440	1449
471	1613
502	1449
466	1415
501	1458
452	1723
517	1381
505	1538
509	1516
399	1528
477	1628
466	1580
562	1635
509	1677
494	1729
473	1486
468	1626
455	1513
516	1479
549	1622
480	1662
534	1503
498	1705
449	1708
533	1905
556	1481
455	1485
534	1497
456	1356
488	1543
443	1597
519	1478
452	1859
478	1730
415	1560
438	1670
388	1558
489	1424
490	1584
454	1509
496	1535
514	1527
464	1632
410	1572
390	1624
397	1705
400	1403
473	1518
506	1523
458	1490
424	1394
472	1407
491	1347
469	1333
465	1299
453	1557
473	1413
441	1607
507	1639
479	1471
454	1558
461	1432
461	1459
504	1554
499	1422
470	1419
481	1469
538	1532
513	1529
500	1636
488	1411
470	1429
464	1653
471	1553
501	1368
494	1298
477	1386
559	1483
579	1400
489	1347
549	1466
523	1478
493	1512
473	1452
488	1657
447	1568
517	1528
407	1456
467	1516
464	1262
436	1368
495	1401
487	1510
489	1511
506	1724
522	1528
529	1564
511	1585
521	1483
539	1566
514	1609
507	1449
477	1434
526	1643
492	1562
524	1564
492	1638
514	1752
480	1851
468	1823
429	1636
493	1610
531	1704
481	1585
487	1702
512	1502
467	1587
488	1544
498	1595
517	1951
550	1907
497	1880
531	1836
492	1829
477	1714
507	1749
495	1673
505	1603
506	1535
486	1647
446	1507
470	1567
547	1780
528	1612
477	1598
485	1629
478	1855
503	1892
511	1674
514	1847
532	1809
491	1755
505	1689
496	1850
568	1809
493	1806
544	1665
585	1843
582	1650
451	1737
514	1664
559	1809
524	1746
544	1938
588	1815
493	2024
482	1927
478	2030
496	2152
513	2012
520	1939
534	1828
548	1928
548	1860
504	1747
501	1767
488	1713
517	1582
561	1588
516	1572
522	1736
511	1696
561	1854
480	1560
545	1543
513	1573
503	1613
530	1534
499	1556
510	1386
506	1344
534	1535
577	1481
525	1524
527	1575
572	1632
497	1422
506	1619
485	1396
558	1520
548	1505
563	1463
575	1673
566	1661
593	1761
509	2046
585	1856
480	1627
575	1571
518	1668
556	1868
534	1721
527	1510
527	1539
539	1573
497	1466
562	1833
522	1644
518	1752
506	1668
489	1577
516	1697
547	1424
513	1536
519	1836
546	1939
557	1974
594	1679
571	1606
528	1654
570	1844
578	1769
593	1837
581	1758
550	2063
522	1934
507	2098
512	2023
543	1874
545	2054
601	1862
588	1837
554	1617
584	1547
626	1688
561	2057
574	2578
659	3210
571	3119
569	2486
551	2394
592	2340
545	2388
568	2275
568	1960
563	2230
558	2412
574	2431
590	2509
523	2914
606	2583
522	2700
572	3556
595	3386
581	3352
647	3814
582	2960
586	3742
605	3843
594	3536
594	3037
583	2316
564	2126
560	2301
547	2251
556	2679
577	2247
552	2051
533	1728
513	1671
579	2030
574	1834
546	1638
475	1613
488	1518
489	1464
561	1626
493	1552
519	1641
485	1698
483	1591
570	1939
470	1686
525	1592
547	1558
464	1578
540	1696
549	1779
558	1772
578	1825
557	1718
544	1538
535	1511
