2455	2088
2508	2131
2457	2218
2781	2400
2512	2331
2171	2189
2074	2130
2170	2353
2308	1989
2207	2287
2157	2146
1997	2073
2159	2046
2478	1971
2324	1835
1882	1820
1595	1783
1561	2020
1636	2168
1575	2054
1480	1960
1331	1788
1326	1689
1311	1590
1314	1825
1365	1653
1519	1749
1590	1839
1608	1964
1623	2049
1693	1977
1753	1930
1740	1802
1792	1723
1844	1802
1764	2091
1899	2389
1758	2232
1759	2008
1734	2099
1671	2056
1749	2099
1789	2335
1744	2282
1737	2202
1709	2039
1745	1820
1817	1841
1863	2114
1866	1917
1962	1846
1861	1793
1797	1843
1786	1901
1749	1967
1747	1777
1591	1597
1329	1828
1316	1924
1318	2061
1255	1746
1273	1788
1179	1965
1190	1937
1210	2117
1275	2172
1317	2315
1268	2528
1229	3224
1192	3766
1170	2871
1145	2491
1154	2514
1177	2686
1091	2439
1068	2091
1069	2044
1102	2117
1136	2405
1162	2254
1135	2406
1117	2473
1147	2159
1200	2210
1192	2297
1158	2319
1170	2312
1183	2343
1271	2724
1325	3040
1346	3140
1433	3589
1649	4142
1971	4050
2274	4522
2535	4755
2367	4222
2537	4502
2212	3886
2051	2909
2075	3149
1865	3842
1720	4281
1595	3092
1627	2427
1640	2369
1648	3518
1756	4410
1858	3936
1991	4664
2188	4084
2361	2625
2523	2521
2686	2270
2856	2717
2838	2668
2756	2647
2698	2563
2640	2562
2484	2567
2333	2612
2038	2147
1905	2612
2022	2678
1976	2658
1980	2517
2122	2718
2032	2146
2077	2165
1999	2420
1581	2312
1408	2121
1572	2116
1761	2105
1841	2019
1513	1945
1375	2011
1337	1932
1499	1943
1443	1961
1272	2100
936	2168
935	2192
914	2188
895	2193
926	2382
849	2767
766	2709
776	2208
860	2222
773	2382
738	2567
701	2291
708	2366
699	2563
734	2890
648	3330
615	2830
592	2821
598	2750
594	2790
563	2756
541	2698
606	2605
621	2607
579	2544
593	2286
569	2718
527	2463
559	2354
544	2010
575	1767
505	1715
528	1910
521	1889
512	1855
537	1962
481	1587
476	1705
478	1758
453	1852
485	2019
543	1894
473	1760
420	1882
465	1802
466	1604
456	1642
413	1597
439	1579
441	1772
453	1835
447	1636
432	1460
432	1593
438	1601
407	1518
417	1539
390	1408
439	1645
404	1712
401	1754
459	1680
386	1685
418	1574
393	1621
410	1851
468	1664
382	1665
401	1484
434	1536
455	1640
393	1611
461	1638
409	1722
446	1826
455	1838
419	1962
416	1532
414	1866
394	1754
424	1766
446	1649
451	1534
403	1544
415	1501
419	1596
433	1510
387	1591
471	1742
461	1655
408	1518
402	1561
365	1816
411	1773
435	1773
433	1824
439	1742
440	1581
419	1636
401	1668
381	1745
408	1666
424	1497
395	1641
420	1451
454	1438
437	1378
454	1445
450	1437
503	1501
426	1513
424	1604
418	1468
431	1511
451	1398
430	1514
474	1508
448	1520
458	1627
421	1535
422	1369
412	1637
399	1553
422	1501
397	1662
433	1781
420	1724
431	1769
405	1611
409	1561
424	1392
482	1508
519	1457
475	1352
501	1733
489	1624
451	1968
503	1878
480	1850
459	1813
479	1919
544	1823
573	2583
548	3048
539	2249
540	2265
639	2976
634	3698
666	4764
636	3582
597	2920
648	3832
646	5426
627	6288
578	6675
607	6114
542	5968
599	5993
537	5584
553	4968
525	4421
592	6245
606	8161
633	7770
627	7811
681	7724
648	6331
650	3825
631	3498
705	5669
663	6162
681	5412
590	4404
619	3595
567	3095
513	3018
539	2746
528	3216
573	3171
547	2811
541	3503
609	4149
614	2630
556	2157
524	2073
567	2080
603	1941
567	2085
541	1944
573	1777
602	1936
618	2189
634	2229
597	1847
510	1621
577	1872
590	1795
529	1940
503	1699
519	1975
510	1957
490	1855
482	1755
493	1858
586	1810
508	1923
581	1763
513	1789
516	1817
563	1773
552	1756
539	1800
547	1845
469	1676
499	1607
502	1678
486	1499
480	1679
494	1691
540	1633
512	1718
486	1680
514	1863
485	2003
501	1839
480	1831
427	1987
473	1786
469	1730
517	1855
524	1744
504	1769
461	1815
488	1776
471	1544
495	1496
453	2004
480	1771
439	1972
452	1915
450	1846
455	2085
435	2051
424	1697
434	1829
472	1765
458	1738
479	1746
459	1839
417	1757
432	1770
415	1856
449	1880
410	1915
425	1758
469	1909
462	2025
428	1787
410	1684
424	1669
429	1969
395	1805
500	1815
429	1965
455	1873
463	1801
454	1876
437	1785
408	1853
415	1839
480	1832
452	1608
413	1514
413	1789
424	1844
381	1736
436	1762
431	1888
439	1934
444	1759
427	1715
395	1649
411	1711
446	1808
467	1737
398	1642
408	1497
450	1561
407	1588
449	1595
428	2013
479	1987
425	1810
432	1752
426	1730
375	1832
441	1917
427	1802
452	1978
471	2002
418	2045
461	1970
476	1873
420	1915
423	1663
467	1400
415	1589
430	1506
403	1669
430	1794
427	1812
465	1723
447	1636
449	1612
451	1898
416	1788
430	1651
432	1839
461	1666
484	1642
394	1593
429	1756
472	1876
443	2411
482	2706
417	2957
519	3397
449	2501
465	2058
444	1999
480	2155
490	2048
440	1876
455	2084
460	2245
492	2586
510	3007
436	3216
478	2438
475	2979
514	2998
481	3471
484	3250
486	3158
483	3861
490	3833
508	3856
487	3429
460	3422
471	4028
490	3728
465	3623
479	3851
573	3981
491	4382
588	4219
549	3820
550	4892
547	4810
570	5140
547	5840
553	6310
608	6710
582	6599
544	5683
546	5353
506	4109
482	3941
577	4647
562	4740
513	4404
539	3755
474	3494
511	3565
473	2725
476	2840
438	2824
420	2333
471	2998
428	3465
496	3828
512	3443
479	3592
461	3609
459	3503
427	3030
394	2266
438	2118
375	2305
456	2435
482	2287
475	2190
507	2243
446	2233
498	2479
530	2638
557	2038
513	2182
481	2067
480	2024
481	2020
492	1999
473	2147
414	2188
517	2587
498	3238
489	2646
485	2280
514	2694
478	1953
420	2230
555	3924
443	2466
508	2820
537	4132
510	3530
507	1821
435	1946
471	1845
439	1779
453	1681
475	1692
416	1634
430	1857
468	1721
512	1681
485	1864
474	1897
499	1803
463	1811
457	1845
467	1866
503	1936
499	2191
580	2194
544	2206
581	2048
577	2003
516	1846
594	1642
607	2063
587	1698
655	1796
663	1837
738	1810
793	1862
799	1689
827	1676
847	1772
920	1875
938	1969
1071	1950
1004	1751
1109	1718
1300	1528
1534	1672
1453	1939
1412	1779
1447	1805
1459	1739
1556	1827
1485	1770
1595	1920
1510	2063
1330	2154
1236	2054
1150	1996
1052	2003
1093	2055
1011	1784
867	1920
760	1763
862	1702
865	1517
854	1564
743	1738
640	1784
655	1496
672	1718
641	1688
598	1672
485	2087
541	2171
518	2472
640	2657
554	3350
561	3009
528	2557
530	2681
558	2909
541	2166
480	2035
478	1958
474	2004
497	2169
439	2084
510	2274
516	2400
490	2287
518	2148
448	2117
486	2528
531	2296
490	1998
483	1779
514	1940
473	1911
520	1765
474	2070
498	1942
481	1806
468	2039
469	1852
505	1735
508	1871
468	1836
489	1869
495	1740
520	1829
492	1817
461	1826
424	1760
423	1763
484	1730
425	2128
467	2033
467	1890
425	1816
455	1764
470	1549
441	1885
523	1953
452	2017
509	2053
500	1967
471	2009
496	2196
441	2060
445	2033
484	2050
425	1771
443	1739
426	1768
424	1776
440	1723
436	1794
465	1738
425	1791
413	1843
452	1604
480	1761
531	1858
464	1895
474	2093
416	1816
487	1800
472	1859
440	1598
435	1726
465	1861
424	1691
458	1874
420	1766
449	1891
449	1877
478	1655
391	1757
438	1777
416	1778
454	1864
434	1751
425	1657
385	1771
451	1835
462	1652
480	1669
452	1527
473	1585
482	1610
470	1814
454	1679
500	1850
523	1671
461	1861
487	1836
424	1966
502	1824
431	1749
480	1456
445	1678
444	1656
399	1832
462	1809
419	1702
450	1910
473	2078
499	1893
493	1755
477	1870
477	1828
451	2028
463	1982
476	1863
476	1885
465	1711
446	1825
507	1867
449	1797
444	1712
449	1952
446	1823
476	1917
501	1813
504	1910
483	1711
497	1895
454	1843
478	1932
527	1591
490	1789
524	1851
446	1677
480	1914
473	1606
488	1436
515	1522
467	1616
469	1630
531	1716
566	1372
473	1690
527	1703
606	1750
509	1452
437	1646
523	1786
554	1828
561	1885
554	1844
501	1792
483	1734
471	1913
549	1852
476	1675
482	1948
510	2064
524	1868
548	1800
470	2040
499	1758
518	1814
554	1821
535	1868
500	2103
513	1949
535	1812
503	1589
449	1543
463	1702
503	1843
522	1911
492	1809
529	1960
597	1962
577	1893
543	1780
515	1836
475	1749
500	1760
501	1987
528	1874
535	1741
482	1627
525	1912
493	1978
478	2292
505	1997
505	1849
497	1962
493	2192
489	2106
519	2338
561	2329
495	2218
511	2247
551	2325
479	2209
513	2105
531	1784
487	2161
482	1955
488	1788
424	1944
493	2022
490	1919
540	2097
494	1944
500	1805
480	1832
455	1566
496	1851
503	1934
515	1905
512	2113
489	2084
487	2162
491	2430
497	2302
486	2062
487	1976
482	2613
424	2227
521	2564
459	2119
487	2054
488	2207
582	2681
536	2335
485	2129
469	2611
499	2539
569	2192
606	2051
530	2002
491	2203
568	2188
621	2125
648	2324
605	2161
621	2213
594	2286
525	2088
591	1958
587	1995
540	2089
492	2176
522	2130
524	1962
429	1825
552	1810
561	1919
494	1989
455	2023
471	2240
512	2515
501	2823
511	3197
546	3021
534	3859
536	4454
504	4305
532	3386
489	3578
503	3923
499	4214
497	3529
542	4042
559	5097
513	4547
540	5682
582	6582
553	4760
577	4500
652	5320
640	6172
643	8736
571	4705
548	3756
633	4323
606	2804
587	3128
575	3537
579	2431
524	2543
522	2500
583	2964
511	2675
529	2738
585	3248
516	3161
560	3219
589	3884
561	3583
512	3192
504	2234
495	2130
477	2158
430	2152
527	2353
464	2445
497	2465
504	2822
477	2726
499	2154
455	1837
457	1704
443	1600
485	1544
441	1570
484	1663
439	1496
456	1385
458	1311
498	1415
480	1395
443	1661
441	1519
481	1506
422	1687
530	1673
470	1593
430	1701
461	1587
418	1519
472	1738
419	1696
439	1645
423	1588
401	1736
468	1768
421	1966
495	2068
416	1864
450	2119
457	2159
498	2229
417	1852
450	2489
411	2269
457	1741
477	1590
462	1832
439	1935
486	1614
425	1607
418	1654
479	1745
416	1664
404	1736
408	1725
391	1664
423	1692
419	1878
440	1818
422	1662
386	1731
382	1697
431	1572
423	1645
383	1699
437	1747
401	1575
412	1806
443	1483
416	1633
381	1884
471	1561
423	1707
460	1574
406	1634
412	1570
412	1769
496	1721
441	1644
429	1612
401	1678
443	1615
469	1645
445	1522
515	1454
438	1621
423	1468
415	1549
410	1699
434	1796
417	1643
448	1545
481	1347
480	1494
448	1494
488	1720
459	1714
452	1467
415	1521
442	1725
411	1823
414	1853
432	1859
430	1970
418	1988
445	2153
385	2044
403	1835
464	1687
440	1881
448	2000
460	2069
468	2061
440	2016
442	1776
456	1511
424	1512
391	1738
371	1736
406	1630
442	1801
432	1714
412	1735
466	1575
539	1730
469	1890
461	1735
455	1646
477	2542
463	2589
504	3640
505	5204
522	5233
483	3067
553	7107
559	5546
531	2171
434	2624
428	3032
404	2353
455	1804
449	1607
471	1741
511	1750
500	1710
390	1826
434	1676
471	1754
437	1659
470	1666
368	1740
425	1818
389	1657
422	1373
459	1634
410	1727
423	1562
446	1690
407	1862
485	1762
427	1907
449	2029
496	2147
506	1849
490	2004
417	1963
426	1688
406	1574
411	1574
413	1622
470	1510
420	1562
428	1452
390	1351
432	1584
400	1603
432	1867
488	1937
435	2028
443	2037
460	1697
463	1921
447	1932
426	1850
444	1639
415	1772
459	1815
464	1837
504	1938
463	1930
491	1890
541	1799
448	1833
405	1718
435	1876
488	1467
402	1901
465	2017
451	1857
451	1856
444	1869
456	1660
445	1768
474	1622
425	1540
400	1711
388	1664
435	1762
428	1652
448	1815
452	2004
426	2002
420	2043
429	1925
421	1865
421	1747
460	1698
517	1933
399	1822
427	1959
416	2001
420	2031
416	2041
357	2070
402	2174
431	2062
413	2171
469	2526
426	2193
435	2466
476	2521
482	2981
431	2906
481	2207
460	1912
455	2107
430	2224
472	2417
444	2659
453	2495
513	2057
489	2123
501	2362
432	2291
405	2089
484	1960
472	2260
484	2020
471	1882
501	2031
539	1859
493	2067
513	1826
470	1820
491	1683
517	1925
564	1924
476	2041
468	2173
546	2172
541	2263
483	1935
504	1927
488	2112
432	1790
485	1703
449	1856
549	1914
517	1979
476	1830
480	1644
462	1789
496	1731
465	1989
490	1681
522	2012
486	1724
456	1818
444	1860
433	1780
443	1619
461	1652
445	1555
431	1377
481	1530
481	1611
529	1641
484	1710
529	1651
449	1977
501	1936
495	1614
453	1793
490	1878
440	1880
436	1762
462	1839
502	1756
529	1882
539	1924
488	1989
540	1833
567	1734
549	1682
477	1572
451	1525
454	1660
519	1805
570	1757
508	1768
545	1675
537	1795
514	1798
535	1893
505	1700
563	1899
592	1767
570	1582
595	1528
580	1737
546	1554
575	1599
605	1651
609	1795
574	1614
525	1803
568	1536
595	1582
608	1586
572	1621
566	1500
613	1463
527	1642
501	1731
641	1643
551	1760
576	1674
562	1472
580	1728
563	1727
612	1992
636	1999
644	1919
601	1954
644	1839
583	1762
552	1681
622	1482
524	1701
603	1610
579	1840
550	1822
540	1635
544	1517
516	1418
477	1665
568	1675
601	1601
508	1624
577	1705
640	1570
584	1708
578	1641
643	1876
614	1567
597	1557
614	1806
610	1848
641	2173
571	1844
566	1864
575	2048
523	2338
546	1898
489	1986
532	1639
534	1800
563	1975
500	1981
511	1991
468	1900
515	2376
568	2103
511	1816
531	2021
537	1816
508	1681
510	1756
528	1745
500	1541
486	1593
510	1719
507	1542
479	1792
543	2005
570	1654
499	1656
517	2005
506	1867
502	2332
522	2383
506	1799
495	1836
526	1730
528	1768
447	1755
508	1760
503	2033
494	1849
535	1705
496	1381
471	1691
468	1567
411	1670
483	1719
391	1697
484	1626
408	1652
435	1659
446	1824
476	1825
468	1571
467	1757
454	1574
482	1991
441	1802
443	1599
483	1983
444	1933
470	2073
446	2133
408	2040
405	1965
388	1578
436	1657
461	1883
401	2043
412	1948
484	2001
437	2028
451	2120
460	2168
473	2025
410	1951
456	2010
456	2076
461	2103
434	2423
439	1995
410	1790
395	1746
422	1722
345	1929
519	2063
436	1988
433	1942
475	1815
434	2086
500	2002
415	2005
423	1972
444	1868
461	1843
448	1846
476	1762
467	1832
482	1964
478	1876
439	1830
480	1804
497	1958
468	1894
491	1982
478	1913
497	1880
514	1670
480	1972
430	1818
449	2216
444	2404
512	1978
447	1864
481	2248
450	1960
450	2213
485	1976
496	2006
433	1993
480	1944
447	2142
462	2135
385	1866
412	1885
484	1881
461	2569
408	2753
476	3385
455	2922
472	3032
510	4162
493	3100
475	1879
508	2900
512	3951
467	3796
481	2227
456	1939
506	1810
522	2050
511	2100
501	1907
440	2014
502	1979
490	1880
448	1904
480	1997
466	1882
454	1816
461	1798
427	1793
461	1724
491	1891
482	1971
443	1692
402	1597
434	1561
450	1555
452	1681
434	1485
508	1648
470	1719
404	2131
479	2505
454	2126
446	1942
440	1809
458	1908
427	1936
432	1737
429	1860
479	1817
568	1743
453	1825
480	1794
442	1813
456	1746
475	1712
497	1772
458	1630
474	1798
486	1605
475	1469
486	1413
467	1624
481	1525
480	1601
375	1639
483	1613
487	1534
511	1807
497	1836
490	1922
488	1792
508	2026
518	1920
434	1637
470	1871
458	1843
436	2172
457	2602
447	2930
478	3250
455	3348
485	3448
510	3952
437	3590
460	2536
520	2295
493	2863
497	3216
478	3142
482	3610
453	3126
462	3182
473	3617
480	3702
495	3575
463	3062
428	2844
456	2541
470	2518
488	3834
640	8663
553	7393
471	2951
432	2588
471	3529
518	6239
549	5330
470	2690
432	1863
458	2103
455	2825
424	3024
468	2697
454	2606
458	2465
438	2047
488	2571
454	2195
447	2021
461	2063
484	1779
482	2231
487	2306
514	2018
576	2106
504	1832
460	1688
486	1820
532	1855
482	1921
499	2075
531	2246
482	2103
503	2340
447	2457
464	2168
494	1963
545	2176
520	2202
507	1885
534	1851
497	1860
447	1706
439	1613
470	1820
449	1927
454	2037
457	1860
450	1961
441	1997
458	1903
404	2057
455	2068
444	1819
449	1875
512	1760
504	1765
500	1778
485	1836
455	1649
518	1609
475	1561
466	1631
474	1528
488	1537
460	1747
495	1769
449	1636
478	1689
521	1841
539	1889
574	1726
609	1904
539	1953
578	2067
574	2139
533	2089
579	1897
567	1705
591	1716
569	1777
656	1688
694	1834
784	1770
727	1809
674	1853
583	1938
525	1796
520	1527
564	1454
520	1768
466	2040
483	1844
488	1814
514	2157
497	2069
522	2120
479	2100
473	2119
447	2129
462	2135
513	2179
460	2254
470	2401
448	2158
484	2349
470	2184
454	2319
404	2023
436	1949
429	2035
442	1893
427	1881
476	1934
485	1971
397	1786
427	1794
418	2179
508	4081
463	4179
478	3152
479	3481
549	4475
489	3548
474	3905
492	4716
450	4467
501	3331
522	2323
511	3357
521	3272
460	2045
436	2016
466	1837
459	2068
454	2421
481	2682
473	2702
485	2630
482	2529
442	2285
422	1668
413	1698
468	2019
467	2346
459	2251
472	2150
540	2704
537	2915
513	2416
478	2708
489	3150
532	2869
462	2206
457	1954
510	2189
487	2287
485	2272
526	2446
502	2215
493	2019
490	2115
502	2092
440	2152
473	2404
473	2343
540	2208
488	2170
458	1980
427	2022
472	2211
453	1856
452	2045
436	1654
425	1555
385	1605
477	1820
407	1753
463	1784
445	2060
470	2097
463	2082
477	2026
400	2093
433	1861
439	1700
456	1848
493	1864
448	1996
459	2152
470	2421
447	2437
461	2275
420	2100
485	1944
451	2220
443	1990
449	1783
444	1674
412	1886
421	1762
480	1601
479	1810
463	1840
463	2046
452	2085
478	2063
491	1938
466	1828
468	1638
430	1727
451	1716
442	1911
429	1819
377	1957
407	1793
426	2029
458	1856
474	1792
366	1761
426	1760
431	1872
441	1620
490	1680
434	1719
422	1825
380	1492
436	1570
466	1603
419	1528
393	1514
412	1687
486	1642
494	1827
475	1758
459	1608
497	1684
442	1688
525	1860
506	1830
526	1745
510	1828
522	1848
555	1731
516	1642
458	1749
480	1850
539	1744
620	1888
546	1993
603	1932
512	1892
502	2074
502	2125
536	2017
570	2159
567	2401
551	2450
534	2185
579	2319
525	2306
469	2168
478	2143
502	2069
500	2164
540	2447
536	2090
466	2005
480	2096
522	2077
485	2278
462	2168
435	2007
410	2086
428	2016
442	1930
497	2056
533	1957
515	2241
515	2013
498	1927
447	1890
490	2163
405	1727
488	1960
466	1874
489	1940
501	1861
455	1804
431	1804
468	2013
422	2093
441	1998
454	1980
506	1941
463	2103
456	2033
509	2072
416	2042
498	2000
496	1803
508	1854
473	1807
469	2074
460	1912
448	2088
422	1831
424	1881
441	1788
420	1543
440	1805
486	1985
476	1835
424	1592
481	1910
460	2039
516	1951
511	1862
396	1725
463	1796
460	1817
455	1972
446	2004
462	1842
492	1638
451	1676
441	1657
471	1956
486	1836
492	1870
493	1888
461	1950
467	1942
468	1968
526	1871
473	2101
434	2062
393	2014
406	2302
386	2121
401	2071
391	2215
426	2069
418	2142
439	2062
450	2046
480	2010
413	1769
416	1738
447	1849
425	1828
432	2219
436	2225
394	2205
483	2374
459	1928
420	1835
399	1866
413	1939
438	1864
465	1925
422	1921
451	2096
423	2237
439	2112
466	2079
439	1974
455	1968
441	1670
487	1583
495	1843
412	1853
544	1796
489	1710
518	1963
476	2027
435	1917
429	2116
472	2088
442	2005
462	2177
465	2091
459	1929
513	1908
418	2120
430	2031
441	1851
448	1759
490	1842
444	1938
418	2232
370	2141
366	2009
402	1820
407	1719
444	1769
441	1747
447	1708
448	1907
425	1756
453	2170
464	1919
445	1991
423	1992
449	1910
521	2005
497	2129
505	1783
532	1683
548	2000
611	1842
661	1802
600	1502
655	1537
722	1464
1003	1640
1112	1935
1057	1733
1066	1864
1207	1866
1265	1926
1303	1927
1175	1805
1094	1700
1256	1742
1345	1729
1467	1699
1395	1494
1386	1741
1373	1643
1155	1785
1239	1853
1443	1585
1458	1614
1518	1757
1369	1690
1265	1478
1484	1597
1479	1771
1342	1649
1292	1504
1394	1553
1512	1799
1431	1892
1658	1853
1611	1834
1394	1868
1414	1869
1469	1520
1511	1695
1677	1734
1640	1889
1559	2022
1317	1919
1355	1965
1377	2031
1047	2189
915	2001
828	2165
940	2043
1028	1737
921	1841
846	1854
817	1921
812	1752
832	1589
862	1702
710	1992
683	1972
673	1915
717	2040
693	2713
665	2533
542	2467
550	1961
536	1710
505	1956
472	1901
426	1757
464	1909
453	1826
501	2097
476	1787
464	2089
439	2213
503	2740
491	2850
500	2619
445	2310
527	2026
412	2003
471	2071
482	1910
446	1971
461	2189
418	1938
411	1870
446	2066
438	2026
440	1950
464	1980
468	1834
490	1814
501	1947
472	1744
460	1941
413	2029
427	1954
436	1755
424	1697
425	1404
447	1308
470	1470
465	1453
438	1482
420	1611
429	1494
389	1504
460	1446
477	1606
472	1623
453	1696
536	1787
425	1847
421	1726
445	1654
458	1965
425	1841
455	1829
448	1697
435	1974
433	1711
421	1700
500	1655
448	1727
447	1761
433	1625
474	1672
407	2035
468	2195
433	2221
434	1889
407	1507
427	1844
394	1911
447	1729
399	1610
438	1656
397	1762
403	1801
426	1710
407	1806
432	1731
438	2063
348	1934
429	1793
404	1895
419	1731
421	2108
426	2372
412	3750
436	2186
403	1907
478	1729
473	1628
463	1687
491	1833
427	1893
467	1645
473	1550
450	1704
499	1753
431	1996
463	1814
396	1536
453	1740
521	1728
442	1852
530	1977
542	1982
435	1852
411	1752
498	1843
508	1789
473	1667
420	1646
424	1816
454	1728
411	1896
437	1924
438	1832
449	1815
477	1803
506	1839
442	1666
440	1737
392	1575
454	1491
476	1644
453	1753
489	1777
492	1510
473	1542
484	1764
414	1680
466	1658
523	1812
513	1856
555	1699
550	2190
651	2137
556	1915
589	1860
615	1813
738	1636
733	1723
760	1851
671	1609
824	1842
844	1776
682	1583
636	1770
613	1699
604	1668
650	1730
531	1818
523	1912
508	1791
522	1891
454	1982
463	1667
445	1663
515	1652
455	1556
473	1622
504	1645
442	1719
445	1752
458	1743
518	1954
489	1622
474	1646
413	1777
418	2008
456	1718
454	1662
461	1690
476	1777
462	1674
432	1749
415	1661
430	1836
400	1898
394	1781
477	1770
450	1776
464	1792
428	1650
459	1617
466	1668
476	1533
498	1619
447	1803
477	1771
474	1723
433	1735
429	1925
413	1601
472	1534
420	1512
427	1638
477	1695
468	1505
445	1570
423	1749
415	1656
415	1917
427	1874
467	1923
410	1859
414	1741
440	1588
419	1896
447	1752
388	1974
438	1932
480	2023
417	1686
415	1496
416	1827
450	1917
540	1896
428	1724
398	1731
439	1742
461	1787
429	1812
488	1520
511	1694
511	1811
473	1722
388	1607
464	1815
538	2043
514	1916
509	1908
504	1832
493	1928
435	1970
374	1910
480	1697
465	1426
455	1538
423	1865
496	2100
491	1858
466	1801
547	1841
506	1939
534	1601
507	1646
505	1582
551	1629
504	1796
477	1603
481	1748
511	1646
492	1806
562	1583
489	1789
511	1817
456	1887
509	1824
527	1964
530	1776
534	1868
555	2030
573	1835
459	1803
560	1763
528	1778
532	1829
492	1672
536	1880
517	1796
505	1603
481	2002
513	1826
484	1891
524	1784
494	1686
501	1815
498	1753
514	1932
454	1807
526	1900
502	2175
490	2437
494	2584
545	2097
539	1918
513	1948
525	1963
551	2120
519	2002
505	2718
511	2696
526	4027
644	9676
830	14639
815	12934
614	6845
548	3980
510	3189
486	2901
478	2694
518	3300
563	3927
558	4570
519	3013
515	2918
486	2595
473	2313
464	1926
533	2126
497	2053
482	1913
460	1884
484	1946
463	2033
454	1763
411	1697
444	1878
443	1982
483	1959
466	2059
426	2213
499	2189
452	1991
488	1943
470	1825
493	1804
543	5021
481	5720
548	6738
505	6297
472	5639
523	6062
526	4278
506	6219
500	5156
451	2526
447	2516
455	2322
415	1918
421	1895
418	1825
421	1926
433	1922
471	1976
440	2310
449	4358
456	4477
474	4767
524	5789
479	2202
494	1974
429	1780
396	1740
456	1879
429	1925
429	1787
396	1675
369	1800
410	1640
417	1662
413	1560
390	1889
398	1768
397	1850
411	1763
440	1841
456	1822
450	1786
446	1682
455	1640
430	1783
377	1931
404	1997
463	1759
492	1894
442	1887
384	1585
388	1592
406	1743
393	1620
457	1692
451	1738
463	1743
508	1700
457	1775
470	1928
493	1944
434	2012
369	1833
405	1880
397	1992
435	1811
434	1767
454	1741
408	1720
480	1651
461	1542
477	1615
433	1653
496	1777
466	1916
428	1922
452	1856
462	1978
415	1743
439	1791
458	1947
455	1917
455	1864
433	2008
446	1593
484	1646
479	1753
450	1821
472	1768
445	1836
432	1779
454	1682
439	1807
412	1670
476	1608
490	1690
419	1826
419	1772
473	1672
419	1627
441	1577
475	1649
442	1603
435	1668
532	1499
506	1689
477	1678
478	1757
506	1676
556	1823
562	1781
613	1479
595	1561
526	1535
615	1687
678	1991
836	1919
865	1882
877	1885
935	1942
976	1677
1124	1648
1000	1609
964	1870
975	1897
1062	1867
1028	1626
969	1678
1093	1702
1065	1749
1096	1939
901	1985
903	2127
1012	1821
1025	1969
912	2094
812	2118
767	1933
743	1952
728	1991
697	1996
687	2137
641	1931
573	1900
670	1912
648	2147
554	2172
499	1990
523	1735
491	1917
517	1951
523	1848
502	1897
479	1866
495	1914
507	2083
533	2102
547	1745
522	2074
555	1928
541	1992
499	2106
520	2581
498	2403
457	2090
490	1943
441	2178
511	2249
462	2133
483	2072
451	1887
453	2109
449	2010
480	1888
520	1755
521	1986
469	1871
497	2140
467	2106
479	2248
473	2361
514	2396
505	2242
519	2368
506	2042
473	1891
440	1866
460	1979
439	2072
479	1947
451	2037
464	2031
491	1661
451	1755
461	1736
506	1778
389	1755
443	2164
456	2211
446	2141
496	2143
469	2073
479	1913
472	1907
474	2067
469	2026
481	1716
431	1840
442	1892
461	2191
462	1871
481	1884
582	1927
480	2133
466	2043
432	2095
440	2049
457	2002
432	1966
455	2567
502	3582
548	3925
479	3107
508	2728
451	3236
540	3619
495	3932
493	2787
518	2902
474	3004
492	3091
513	3003
510	3017
459	2687
515	2787
489	2668
471	2588
437	1960
457	1938
484	1920
467	2136
485	1840
480	1966
481	2056
486	2081
547	2044
718	2062
870	2147
673	1929
638	1783
774	1845
1275	1920
1742	2115
1718	1989
1673	2010
2021	1990
2993	2372
3572	2858
3223	2845
3162	2845
3204	3491
3221	3446
3142	3586
2871	3465
2896	3261
2891	3438
2630	5094
2254	6107
2363	5177
2500	4394
2459	3328
2373	3008
2428	6202
2385	11823
2423	11869
2423	7601
1915	9330
1606	8869
1399	7908
1131	6291
1160	5881
1041	6494
760	3784
622	2514
639	2855
720	2569
789	1654
604	1752
492	1780
521	1750
566	1710
544	1618
530	1475
516	1681
555	1776
492	1554
429	1665
465	1944
461	1821
428	1635
473	1752
463	1699
478	1655
498	1823
482	1684
490	1690
463	1699
521	1854
524	2153
514	1845
533	1899
519	1820
419	1794
439	1697
468	1775
479	1528
475	1612
477	1701
493	1494
516	1670
535	1732
551	1661
479	1759
470	1744
441	1614
493	1629
491	1599
447	1764
452	1733
462	1556
455	1468
479	1535
418	1580
449	1755
408	1904
487	1645
498	1704
433	2016
490	1936
486	1998
480	1674
460	1765
483	1848
451	1782
440	1670
457	1908
432	1797
466	1559
490	1697
492	1975
496	1864
491	1880
439	1860
439	1903
478	2142
467	2004
457	2174
477	2066
460	1893
394	1688
473	1569
487	1567
446	1971
479	1872
478	1965
475	1814
510	1860
523	1932
500	1682
516	1726
502	1990
498	2099
451	2011
441	1939
475	1809
454	1842
436	1836
439	1888
434	1825
446	1638
460	1833
443	1900
488	1795
485	1731
444	1641
435	1652
450	1491
470	1505
448	1371
428	1407
458	1613
495	1666
428	1619
474	1633
411	1660
437	1474
505	1613
458	1834
463	1823
468	1898
437	1792
479	1497
477	1611
441	1684
448	1617
412	1940
457	1842
438	1697
470	1545
470	1575
539	1662
458	1810
436	1719
436	1753
486	1723
475	1749
549	2801
504	4175
603	4443
534	3985
576	2943
550	2701
525	2284
524	2308
545	2533
500	2869
587	2105
553	2448
567	5232
651	7605
670	6972
639	9498
531	3339
540	2346
539	2822
544	2473
567	2336
632	2491
558	2724
566	2303
488	1944
528	1923
525	2277
505	1906
506	1754
487	1941
494	2066
491	1873
548	1899
457	1925
528	2171
526	2797
516	2588
524	2680
603	1846
519	1692
564	1530
561	1776
527	1782
501	1919
508	1961
525	1979
568	2002
489	2081
482	2037
506	2154
517	2264
531	2137
537	2236
551	2490
561	2740
589	3581
563	2669
542	2152
552	2939
674	5113
751	7741
697	7153
684	6793
606	3700
596	3474
703	7446
545	3212
449	1834
539	1770
450	2087
500	2044
539	1734
488	1610
544	2235
559	2770
539	2808
526	2559
531	3004
575	2659
532	2468
576	3080
522	1835
480	1821
526	1893
503	1856
486	1790
501	1452
459	1431
473	1461
452	1545
498	1800
446	1808
443	1728
451	1719
482	1655
478	1974
447	2074
492	2109
473	2092
482	1969
490	1926
478	1806
462	1980
440	1860
489	2048
455	2295
494	2413
579	2816
513	3111
428	3199
500	3112
544	3954
576	3916
529	4243
509	3927
556	3788
519	3705
487	2779
509	2499
472	2362
511	2035
462	2272
502	2169
479	2327
490	2307
531	2552
560	2397
574	2482
510	3147
522	3258
638	5567
788	7150
790	9052
703	5088
493	3826
598	4487
641	4718
516	2597
545	3159
599	2930
593	3172
628	2408
610	2751
585	2656
605	2953
557	2372
548	2168
606	2669
545	2292
515	2082
576	2150
627	2906
645	2811
654	4047
704	4447
620	4281
620	4225
635	3827
595	3660
554	2625
533	2403
555	2993
542	2741
548	2481
593	2252
597	2279
571	2559
562	2606
572	2831
572	2731
562	2440
530	2327
499	2310
604	1937
549	1810
507	1684
567	1647
579	1775
592	1808
518	1824
561	1504
468	1554
495	1680
537	1472
548	1543
479	1659
500	1845
536	1832
548	2086
479	2237
525	2325
560	2145
509	1848
505	1702
486	1646
501	1694
479	1641
463	1592
452	1842
511	1860
525	2064
473	1822
540	1912
491	1850
491	1799
543	1857
551	1894
492	1951
534	2069
488	2155
477	1887
447	1930
522	1857
486	1903
534	1755
478	1979
491	2096
520	2003
538	1895
506	2133
525	1979
568	2119
532	1982
544	1906
574	1668
584	1724
566	1671
619	1759
638	1637
637	1778
684	1964
569	1541
579	1664
559	2006
540	2150
496	1775
549	1840
533	1787
587	1725
570	1825
633	1805
600	1699
613	1636
604	1650
553	1694
601	1970
559	1855
541	1825
583	1602
608	1792
627	1624
590	1696
653	1611
595	1691
605	1586
596	1439
567	1686
594	1766
611	1699
552	1509
535	1760
566	1692
552	1674
543	1679
600	1863
612	1910
579	2029
585	1820
791	1720
792	1875
774	1922
657	1711
621	1779
610	1702
642	1681
666	1835
665	1729
609	1613
705	1893
1018	2067
1147	2069
1130	1882
950	2018
735	1982
737	1807
703	1877
688	1808
623	1690
675	1891
721	1884
760	1877
713	2033
724	1940
662	2056
632	1878
637	1961
619	1981
549	1768
635	1945
591	1908
616	1786
539	1883
557	2031
571	1962
601	1752
614	2063
581	1709
515	1657
539	1699
531	1799
538	1883
507	2164
521	2290
465	2180
521	2159
491	1817
565	1887
526	1680
517	1718
532	1475
526	1724
572	1736
596	1883
611	1627
650	1618
651	1704
775	1747
710	1964
751	1770
715	1659
677	1716
701	1772
724	1639
693	1728
659	1920
651	1984
759	1898
641	1803
624	1653
649	1718
710	1859
757	1891
650	1688
610	1844
602	1914
635	1971
577	1764
526	1815
535	1752
554	1872
591	1608
522	1705
548	1582
551	1900
525	1769
480	1785
482	1648
499	1827
473	1664
512	1842
450	1602
479	1619
478	1640
479	1743
472	2010
477	1899
491	2114
449	2207
471	2019
466	1871
472	1921
482	1952
459	1972
459	1962
439	2025
488	1775
471	1991
429	1755
495	1698
490	1871
502	1472
455	1481
486	1416
482	1550
461	1612
546	1597
507	1707
488	1673
464	1606
484	1831
575	1827
536	1874
540	1856
585	1868
644	1743
720	1840
704	1986
705	1798
719	1620
860	1592
1038	1765
1023	1641
1045	1720
1036	1767
1370	1658
1807	1505
2005	1599
1828	1632
2096	1916
2913	1915
4207	2099
5413	2184
5324	2212
5144	1977
5518	2006
6690	2318
7599	2628
6547	2298
5787	2000
6522	2127
8093	2457
10230	2750
10615	2612
9540	2687
10245	2679
12210	3157
13751	4220
13940	4659
13887	4612
14544	4904
15272	5965
15287	6372
15060	6089
14925	5871
14509	5516
14994	6151
14619	6442
14032	6447
13946	5855
13748	5647
13024	5742
11592	5150
10819	4926
10837	5104
10604	4955
10072	4713
8991	3765
7973	2834
8161	2964
8639	2775
8203	2894
6853	2549
5816	1953
5348	1877
5882	1915
6034	1744
5414	1640
4469	1567
3891	1589
3587	1636
3676	1737
3237	1632
2584	1588
2176	1400
2290	1489
2299	1523
1908	1651
1524	1556
1360	1576
1304	1662
1388	1798
1248	1698
1073	1807
929	1635
970	1894
1105	1830
1054	1642
902	1694
799	1720
847	1866
835	1750
811	1764
735	1688
659	1547
623	1662
650	1558
654	1599
571	1482
615	1753
611	1945
549	1853
515	1794
579	1733
519	1816
513	1643
516	1794
537	1705
490	1550
443	1582
519	1824
494	1609
491	1615
473	1647
462	1704
461	1534
432	1740
442	1746
469	1850
516	1881
515	1810
465	1738
478	1665
401	1643
420	1660
497	1905
460	1869
508	1964
482	1733
468	1817
518	1760
562	1795
531	1637
579	1679
635	1722
521	1614
598	1442
474	1572
479	1626
550	1718
525	2088
509	2087
489	1857
482	1940
510	1635
462	1876
413	1820
422	1807
446	1837
370	1720
434	1675
472	1768
431	1588
451	1748
423	1882
434	1886
407	1669
424	1883
466	1606
427	1589
391	1716
399	1605
438	1528
457	1608
440	1527
449	1612
413	1718
374	1490
398	1554
405	1658
402	1637
449	1538
400	1701
462	1521
405	1482
448	1557
437	1744
435	1866
447	1743
531	1721
478	1885
493	1881
484	1701
450	1766
453	1846
455	2092
456	1855
481	1831
430	1727
512	1755
486	1578
504	1707
473	1699
440	1705
423	1471
457	1363
454	1508
473	1667
464	2611
455	2664
444	2798
422	1606
445	1568
466	1666
454	1602
451	1617
438	1891
474	1652
497	1761
491	1933
484	1911
510	1721
519	1944
514	1617
508	1722
500	1884
474	1782
447	1821
479	1663
509	1762
470	1773
513	1938
506	1838
493	1881
456	1876
477	1799
503	1759
471	1823
491	1733
472	1948
490	1764
487	1838
487	1611
580	1805
528	1667
539	1750
470	1716
575	1730
558	1594
513	1660
487	1639
491	1526
481	1465
536	1618
563	1790
490	1724
547	1864
536	1557
532	1650
491	1710
451	1802
518	1735
495	1908
553	1782
516	1757
508	1752
537	1903
522	1854
520	1602
518	1820
506	1692
528	1758
547	1481
536	1768
496	1828
493	1849
532	1770
543	1958
504	1864
507	1619
475	1775
534	1955
531	1857
476	1954
473	1842
444	2138
513	1938
551	1888
525	1766
507	2093
453	1819
506	1739
513	1890
484	1815
528	1721
496	1746
505	1858
494	1629
458	1642
518	1678
488	1847
447	1648
458	1618
491	1870
470	1868
489	1951
465	1904
483	1747
541	1816
487	1777
465	1534
492	1644
453	1672
468	1689
554	1826
459	1865
549	1589
516	1674
499	1768
477	1876
532	1879
526	1722
542	1724
546	1928
483	1680
479	1851
502	1825
558	1697
543	1808
529	1751
531	1736
489	1769
550	1682
470	1829
580	1903
530	1741
581	1800
500	1922
517	1615
529	1597
564	1797
583	1771
524	1714
512	1778
582	1805
563	1631
493	1750
606	1540
551	1577
599	1681
568	1726
610	1707
609	1839
666	1786
687	1656
666	1699
597	2024
717	1908
639	1955
650	1696
663	1652
652	1645
620	1682
682	1878
522	1614
511	1602
565	1553
595	1616
511	1763
587	1880
541	1573
603	1785
637	1804
620	1895
625	1804
628	1995
614	1954
629	1768
625	1746
627	1833
617	1798
616	1801
590	1501
645	1512
589	1669
541	1714
531	1586
602	1550
538	1746
558	1813
599	1891
574	1938
593	1881
645	1950
575	1785
559	1775
606	1887
606	1842
543	1873
529	1890
629	1897
586	1611
590	1641
562	1773
567	2014
530	2124
522	2056
587	2181
584	1982
548	1993
552	2033
535	2044
603	2104
625	2155
602	2147
579	1989
612	1828
597	1821
615	1758
582	1831
555	1741
555	1911
533	1735
526	1861
603	1818
540	1995
565	2010
592	1878
572	1970
570	1829
525	1782
495	1760
455	1705
493	1599
500	1757
542	1865
533	1635
526	1680
541	1620
563	1631
575	1673
561	1614
609	1632
563	1567
538	1489
521	1495
545	1627
493	1785
584	1822
595	1921
566	1666
566	1626
514	1693
577	1644
610	1562
578	1546
587	1506
578	1582
580	1730
517	1584
522	1522
523	1811
536	1753
600	1782
558	1734
505	1724
565	1870
485	1687
527	1906
499	1918
516	1622
498	1850
528	1625
473	1974
552	2024
591	1915
530	1826
485	1804
546	2047
501	2101
550	1735
499	1771
485	1632
524	1623
491	1684
523	1750
511	1759
460	1709
518	1606
472	1748
434	1633
517	1779
549	1908
555	2034
531	1912
502	1835
510	1897
521	1961
540	1882
532	1870
469	1746
495	1959
468	1692
522	1934
496	2029
530	1831
524	1863
558	2022
557	1801
555	1730
516	1545
535	1777
540	1868
526	1705
523	1678
487	1751
539	1885
512	1697
549	1668
504	1770
565	1656
579	1840
536	1739
557	1594
561	1639
565	1659
552	1761
498	1761
504	1744
515	1877
522	1787
562	1919
587	1628
536	1638
589	1733
534	1698
562	1977
518	1842
495	1861
559	1799
522	1876
528	1817
510	1723
494	1763
486	1948
494	1710
496	1756
516	1803
502	1787
574	1996
567	1997
477	2025
543	1962
494	1851
491	1829
546	1634
558	1904
470	1905
544	1649
541	1935
542	2101
566	1798
528	1745
541	1892
562	1702
551	1612
524	1722
572	1794
580	1602
578	1554
549	1418
477	1572
507	1800
553	1712
510	1759
546	1897
567	1978
517	1979
535	1892
562	1624
600	1712
598	1730
568	1635
609	1677
623	1688
674	1676
680	1889
657	1707
635	1738
694	1773
762	1731
762	1701
829	1815
834	1581
939	1751
953	1942
1001	1920
1054	2088
964	1994
1036	2001
1199	2049
1249	2012
1258	1893
1155	1997
1138	1999
1175	2087
1158	2229
1158	2064
1161	1997
1118	1839
1214	2084
1124	1853
1201	1801
1165	1889
1174	1920
1206	1941
1218	1936
1192	1928
1230	1996
1285	1804
1244	1795
1159	1689
1108	1906
1075	1941
1085	1768
1046	1779
959	1814
857	1992
958	2087
944	2081
983	2020
916	1945
971	2055
884	1801
905	1770
906	1867
908	1836
823	1894
856	2000
871	2010
911	1898
924	1977
885	1955
834	2013
808	1750
845	1752
793	1767
799	1970
767	1736
731	1693
744	1661
710	1925
691	1839
632	1653
732	1763
783	1779
699	1916
744	1805
747	1977
754	1966
780	1978
797	2030
779	1786
747	1823
807	1940
824	1872
768	2026
745	1524
731	1649
702	1697
657	1595
689	1709
725	1846
720	1814
751	1960
767	1832
770	1891
718	1940
685	1694
744	1968
761	1893
773	2096
831	2421
833	2633
802	2899
855	3259
875	3239
817	3761
748	4065
706	4081
673	3622
714	3153
715	3015
657	2385
698	2094
651	1754
634	1720
641	1659
659	1808
709	1602
713	1833
733	1647
718	1483
713	1587
679	1703
636	1776
662	1565
680	1451
663	1635
624	1738
609	1779
649	1743
640	1641
670	1640
640	1686
674	1804
616	1527
593	1564
616	1813
601	1864
620	1956
635	1821
611	1853
604	1929
595	2016
623	1772
598	1859
539	1771
562	1841
565	2005
585	1560
578	1816
615	1993
552	1887
551	1763
556	1735
546	1445
538	1602
519	1646
562	1398
588	1706
534	1832
545	1654
517	1596
528	1459
544	1479
503	1571
501	1527
503	1635
549	1633
510	1855
568	1940
537	1776
463	1664
505	1782
457	1659
526	1650
484	1459
524	1618
503	1595
478	1706
521	1986
522	1812
496	1873
465	1663
506	1585
460	1750
521	1525
525	1584
482	1565
571	1601
489	1648
547	1750
470	1744
446	1744
466	1725
459	1755
463	1837
486	1788
457	1691
482	1683
450	1665
424	1769
438	1708
501	1932
443	1790
457	1874
517	1697
463	1770
443	1634
396	1820
483	1808
478	1580
515	1588
508	1599
487	1808
518	1730
421	1823
442	1906
510	1718
536	1768
503	1874
464	1863
461	2072
460	1834
475	1709
490	1842
512	1884
509	1654
511	1837
425	1783
464	1991
496	1770
481	1893
443	1904
476	1690
429	1820
421	1717
480	1963
457	1769
501	2014
489	1942
423	1785
460	1791
495	1675
498	1775
503	1709
440	1842
541	1819
492	1810
454	1825
453	1821
446	1767
445	1748
458	1557
497	1584
436	1710
451	1772
495	1818
471	1972
454	1705
442	1731
487	2086
492	1796
431	1805
462	1830
443	1996
402	2159
452	2141
443	2060
475	2123
452	1955
497	1670
476	1850
491	1769
472	1680
498	1762
511	1709
513	1721
476	1665
440	1680
442	2026
488	1870
505	1923
511	1766
480	1678
491	1805
448	2117
439	1860
467	1602
456	1654
475	1742
444	1910
449	1808
454	1660
405	1691
411	1857
478	1953
456	1782
466	1780
420	1759
447	1775
486	1648
500	1863
468	2059
448	1971
487	1830
487	1805
480	1882
448	1893
423	1829
444	1809
534	1883
474	2042
428	2059
438	2037
434	1927
397	2013
404	1990
455	2051
458	1945
476	1840
430	1734
447	1701
453	1684
466	1641
460	1759
427	1721
469	1744
433	1632
402	1699
465	1665
423	1553
442	1727
468	1942
447	1691
472	1476
479	1859
423	1574
445	1837
475	1716
463	1816
519	1787
467	1532
549	1621
431	1506
482	1697
484	1674
454	1766
500	1639
506	1822
500	1736
544	1804
498	1873
490	1839
542	1751
543	1691
462	1528
519	1650
511	1511
582	1610
507	1696
543	1673
480	1615
541	1751
570	1511
512	1643
528	1721
585	1734
477	1820
506	1901
485	1549
504	1705
524	1748
562	1804
482	1644
485	1729
513	1923
554	1883
511	1667
491	1809
496	1929
480	2075
511	2217
448	1909
534	1748
519	1856
549	1794
541	1795
599	1664
542	1794
586	1842
614	1740
589	1586
556	1574
607	1743
573	1772
657	1927
587	1860
588	1932
579	1879
591	2042
567	1867
610	1817
552	1632
570	1661
597	1816
663	1790
667	1873
651	1960
635	1899
620	1751
786	1920
764	1760
786	1810
612	1734
770	1757
859	1820
1013	1826
980	1769
998	1670
1063	1674
1165	1703
1587	1802
1493	1780
1280	1496
1284	1768
1507	1916
1819	1873
1856	1818
1818	1821
1669	1791
1998	1907
2399	1837
2545	1963
2488	1940
2704	1618
2867	1807
3666	2021
4651	1980
4595	1788
4562	2353
4487	2100
4974	1968
5280	2051
4888	2057
4609	1985
4237	1814
4296	2050
4541	1904
4485	1827
4186	1947
3992	1824
4202	1885
4667	1898
5021	2098
5310	2114
5093	2220
5258	2019
5206	1995
5103	2056
5138	2126
5709	2294
5834	2119
5580	2094
5249	2027
5195	2010
4971	2152
4892	1889
4225	1705
3328	1715
3159	1724
3331	1580
3234	1696
3060	1758
2813	1828
2770	1746
3073	1906
3192	2160
2884	2016
2422	2129
2233	1981
2364	2038
2670	2133
2457	1899
2041	1933
1747	1883
1710	1886
1563	2006
1508	1892
1439	1740
1398	1997
1416	1842
1491	1723
1554	1940
1533	1864
1718	1825
1906	1839
1639	1945
1774	1801
1813	1783
1963	1870
1951	1855
2020	1815
1842	1887
1921	2076
1955	1787
1863	2044
1738	1995
1787	1818
1846	1951
1800	2010
1729	1864
1797	2014
1704	1982
1962	2055
1847	2179
1899	2097
1959	2177
1861	2060
1945	2010
2025	2077
2237	2260
2315	2239
2401	2331
2408	2300
2397	2471
2437	2689
2444	2464
2416	2335
2338	2487
2261	2427
2323	2370
2335	2546
2331	2599
2529	2907
2635	3264
2399	2859
2089	2812
1998	2662
2242	2816
2046	2757
1809	2187
1270	1901
1228	2077
1146	2127
1127	2265
1097	3807
974	5547
868	5005
909	3700
887	3750
910	5179
671	3059
647	2976
689	2206
709	2246
683	1857
616	1856
649	1885
637	1948
622	1858
630	2170
643	2249
569	1999
587	1969
613	1852
581	1762
618	2043
637	1835
558	1750
568	1939
654	1835
558	1811
516	1832
521	2008
585	1920
527	1826
540	1775
532	1766
522	1727
560	1670
586	1725
495	1900
528	1835
533	1635
556	1798
521	1721
517	2200
543	2027
518	2020
478	1942
485	2060
521	1838
513	1964
459	1813
496	1959
512	1917
492	1889
501	1915
478	1803
527	1855
537	1821
507	1864
518	1870
497	2038
520	2063
479	2000
508	2148
504	2194
472	2205
500	2552
642	2962
530	2598
533	2704
602	2593
943	3100
1064	3317
1093	3206
834	2510
870	2649
1054	2961
1221	3042
1151	3144
1229	2876
1395	3204
1823	3857
1625	3990
1652	3554
1554	3498
1439	3478
1513	3218
1439	3193
1384	2941
1480	3128
1488	2970
1435	3463
1281	3242
1213	3078
1157	2968
1187	2976
1049	3180
1064	3109
1008	3267
1049	3588
972	3664
885	3513
723	3364
730	2869
707	2588
672	2539
682	3042
707	2649
823	2632
762	2940
798	3232
769	3182
850	3239
775	3356
782	3801
854	4510
904	4548
802	4156
756	3688
727	3471
798	3263
763	3213
734	3337
708	3383
700	3271
711	3399
703	3552
693	4014
684	4313
699	4774
722	5024
720	4966
753	5625
692	6134
667	6442
718	6793
729	7654
656	7867
700	6838
654	5534
566	4612
607	4856
557	4585
537	3969
479	3520
469	2996
488	2811
415	2886
464	2708
427	2828
453	2382
505	2315
454	2362
505	2388
490	2278
477	2352
470	2593
485	2357
514	2569
440	2182
474	1878
439	1932
443	2340
461	2234
461	2167
477	2007
445	2142
432	1939
463	2063
466	2273
501	2231
538	2184
492	2132
448	2079
423	2103
426	2037
468	1723
464	1856
423	1689
381	1683
456	1673
432	1732
444	1981
414	1763
446	1879
474	1829
526	1846
480	1912
477	2083
494	2032
468	2008
473	2176
496	1897
490	2134
461	2099
461	1997
545	2126
527	2104
520	2367
557	1942
581	2049
541	1917
577	1697
633	1900
526	1915
598	1740
707	1712
810	1746
828	1668
823	1825
800	1886
1185	1870
1220	1961
1141	1924
1101	2048
1151	1996
1094	2050
1035	1941
827	1628
742	1604
695	1543
634	2127
527	2507
559	1949
549	1822
520	1795
522	1604
525	1803
543	1692
525	1800
459	1666
577	1791
524	1793
522	1775
521	1865
545	1759
520	1636
544	1642
483	1566
514	1586
531	1692
557	1706
522	1910
516	1809
500	1784
521	1751
492	1689
507	1748
535	1880
576	1985
605	1862
594	1853
551	2516
692	2743
692	2519
643	2336
703	3140
737	3098
794	3439
730	2897
710	2702
748	2553
687	2621
711	2286
655	1941
588	2371
594	2262
538	1925
499	1801
471	1987
474	1834
483	1883
464	2023
481	1931
484	1945
490	1775
519	1861
475	2080
524	1993
531	1637
484	1790
468	1684
454	1723
486	1832
442	1832
467	1700
448	1665
472	1686
443	1914
453	1842
450	1932
495	1985
471	2002
488	1892
450	1780
489	1833
529	1942
478	1714
473	1646
506	1695
501	1754
477	1737
486	1707
482	1779
434	1586
415	1509
466	1730
470	1556
458	1620
471	1745
454	1494
590	1649
533	1742
557	1692
528	1550
522	1616
511	1583
575	1720
533	1792
505	1772
514	1675
538	1654
550	1598
507	1377
551	1390
459	1461
493	1656
522	1694
508	1690
522	1891
534	1928
574	1754
545	1622
562	1637
535	1569
524	1703
507	1655
512	1740
578	1600
539	1607
484	1599
517	1434
526	1590
538	1488
548	1560
583	1512
603	1422
515	1454
507	1459
514	1515
510	1407
478	1530
519	1699
482	1548
529	1812
542	1794
573	1756
552	1707
549	1812
551	1640
542	1433
576	1510
535	1588
530	1866
530	1821
496	1731
524	2008
562	1729
532	1493
491	1675
482	1869
508	1737
529	1676
553	1762
513	1805
516	1716
507	1835
497	1728
551	1763
531	1877
588	1986
511	1719
514	1843
489	1902
546	1704
547	1961
557	1871
570	1728
552	1815
509	1766
551	1900
579	1708
530	1900
593	1773
552	1872
655	1953
601	1865
628	1869
645	1801
597	1631
604	1782
603	1950
577	1590
501	1649
600	1699
595	1539
642	1501
554	1778
566	1836
595	2204
603	2044
592	2078
686	2175
700	1958
668	1944
651	1656
735	1894
673	2038
786	1723
717	2003
822	1972
809	1936
841	1927
805	1819
728	1662
703	1630
645	1809
729	1894
617	1645
714	1708
676	1634
671	1599
672	1777
672	1524
649	1532
668	1635
647	1674
619	1665
583	1630
621	1587
599	1643
652	1740
648	1818
602	1740
591	1740
604	1680
633	1884
591	1839
560	1741
638	1787
608	1630
590	1765
495	1854
500	1850
506	1864
588	2192
512	2059
525	2155
463	2075
529	2168
563	1939
514	1847
523	2033
531	2135
505	1952
500	1983
473	2024
512	1970
493	1798
479	1697
473	1776
456	1566
493	1500
492	1574
453	1723
386	1691
421	1663
491	1685
443	1505
440	1694
416	1654
481	1695
465	1491
419	1616
456	1484
440	1743
462	1641
468	1678
411	1541
412	1584
506	1768
519	1788
458	1757
491	1703
504	1847
551	1834
516	1743
509	1745
503	1801
512	1756
490	1736
501	1601
463	1512
418	1576
455	1707
448	2002
477	1645
493	1613
488	1549
449	1648
440	1507
453	1489
434	1563
434	1370
422	1556
402	1343
461	1601
391	1600
468	1821
453	1616
377	1450
467	1462
420	1499
408	1723
434	1703
468	1826
461	1955
460	1812
399	1917
402	1837
399	1758
432	1692
415	1759
408	1780
396	1580
444	1587
444	1410
432	1561
436	1676
464	1762
409	1768
438	1879
429	1990
445	1900
433	1899
424	1869
428	1623
405	1651
509	1638
447	1695
442	1769
416	1890
457	1685
422	1572
428	1846
437	1736
415	1886
406	1955
411	1889
370	1767
421	1765
434	1866
419	1809
439	1755
403	1697
364	1827
382	1792
459	1926
411	1895
410	1780
439	1865
442	1672
520	1711
550	1864
530	1766
519	1785
470	1763
444	1783
463	1876
467	1711
476	1925
482	1903
414	1927
423	1867
425	1612
401	1681
388	1748
393	1693
423	1680
487	1909
459	1657
453	1682
463	1753
513	1818
455	2131
446	1702
457	1753
461	1903
475	1982
478	1903
429	2109
492	1990
466	1921
448	1750
452	1686
487	1633
462	1691
490	1843
506	1659
481	1598
467	1719
462	1665
482	1694
507	1494
503	1779
486	1647
497	1761
458	1844
517	1811
487	1830
477	1661
500	1712
519	1906
473	1757
480	1891
477	1963
538	1808
488	1722
454	1954
495	1928
434	1811
478	1788
466	1649
492	1807
485	1597
493	1811
505	1815
433	1689
478	1644
480	1728
475	1750
492	1575
449	1761
518	1736
499	1781
462	1622
484	1754
483	1660
442	1576
513	1638
468	1856
430	1671
438	1621
416	1582
439	1560
483	1566
462	1633
471	1440
423	1365
397	1613
412	1365
430	1596
483	1615
444	1760
429	1639
420	1872
452	1874
480	2283
439	1984
453	1776
460	1718
508	2135
472	1826
460	1773
444	2055
472	1729
479	1518
437	1596
476	1835
496	1856
536	1685
463	1774
403	1919
467	1854
441	2012
420	1760
473	1999
417	1999
534	2028
525	1856
489	2105
447	1840
402	1826
468	1762
457	1786
512	1940
447	1839
418	1879
492	1773
459	1827
446	1772
437	1777
391	1849
395	1674
440	1524
486	1586
476	1723
546	1987
494	1958
496	1967
521	1925
479	1875
492	1841
462	1758
479	2032
471	1887
442	1816
496	1705
475	1611
535	1712
560	1576
490	1682
448	1801
462	1599
510	1682
461	1611
484	1900
503	1542
490	1650
540	1747
578	1385
521	1655
522	1876
592	1707
546	1534
566	1696
573	1655
549	1614
534	1781
467	1983
487	1652
527	1760
547	1568
522	1920
448	1857
485	1907
538	1862
502	1783
515	1760
539	1758
583	1719
604	1883
551	2054
561	2067
541	2007
588	1838
531	1773
564	1577
544	1634
560	1675
561	1680
589	1817
578	1751
692	2052
685	1881
811	1785
1109	1951
1382	2063
1197	2184
1114	2141
1365	1995
1985	1996
2462	2191
2332	2156
1939	2020
2302	2154
2776	2643
3303	3258
3444	3343
3360	3075
3438	3031
3888	3763
4097	4154
3926	3801
3789	3662
3842	3726
3602	4104
3431	4528
3099	4499
3149	4054
2973	3944
2617	3509
2040	3024
1745	2629
1897	2981
2397	3402
2129	3409
1644	2712
1130	2225
1223	2103
1119	2056
1160	3621
993	3479
805	2772
734	2097
764	2212
789	2809
658	2710
671	2630
637	3566
654	2281
690	2181
633	1951
521	1934
582	1924
563	1838
568	2085
639	1897
542	1961
586	1707
592	1860
613	1995
649	2227
617	2149
562	2398
621	2462
618	2580
642	2665
620	2601
721	3833
661	3715
613	4303
640	4360
637	4468
555	3576
595	3767
614	3787
591	3596
617	3161
651	2961
611	1867
646	1903
597	2200
608	2176
735	1939
816	1898
896	2027
978	2312
960	2399
939	2561
890	2177
857	2063
834	2403
756	2399
642	1966
569	1821
582	1860
594	1747
553	1940
542	1712
589	1669
662	1745
610	1684
577	1782
521	2053
535	1835
553	1841
533	1671
546	1564
555	1733
521	1777
500	1747
493	1727
511	1646
506	2032
528	1905
516	1756
515	1760
550	1681
521	1860
482	1972
480	2088
492	1897
487	1839
466	1904
540	1763
503	2133
509	2113
459	1987
496	1935
477	2008
437	1816
477	1940
493	1877
512	1636
526	1797
532	1653
482	1580
482	1698
522	1755
496	1702
517	1844
555	1705
543	1803
523	1702
517	1792
437	1701
498	1934
630	1830
582	1887
634	1956
562	2208
571	2082
690	2079
586	1889
592	2092
570	2141
554	2253
582	2305
600	2287
590	2432
568	2326
620	2227
521	2078
600	1948
640	2143
571	2123
575	2283
621	2116
630	2462
647	2730
660	2719
586	2568
532	2625
544	2682
490	2648
577	2583
538	2512
485	2283
503	2261
490	2063
469	1997
466	2119
446	2027
492	2101
501	2171
480	2086
471	2213
445	2285
472	2367
440	2274
481	1960
556	2014
512	2047
496	1910
489	1869
505	1929
472	2034
497	2193
488	2108
484	2062
481	2261
475	2215
459	2277
467	2153
408	2106
448	1997
441	1834
460	1716
457	1742
471	1749
395	1625
502	1862
449	1791
457	2178
501	1873
483	2063
472	2028
485	2044
525	1944
489	1875
504	1883
447	1697
440	1823
456	1729
501	1753
490	1745
577	1705
558	1661
502	1665
564	1605
539	1952
581	1861
531	1825
583	1772
529	1823
633	1980
623	1838
494	2057
581	2082
543	1885
625	1912
598	1733
533	1740
545	1644
468	1639
529	1631
532	1642
492	1681
516	1787
550	1688
493	1845
475	1582
489	1540
531	1537
494	1552
571	1497
582	1844
600	6019
606	6162
596	4179
553	2558
533	1936
606	1566
612	1349
582	1388
578	1442
623	1475
677	1572
677	1863
629	1668
640	1888
701	1743
802	1872
877	1890
832	1773
766	1749
863	1847
777	1909
930	1968
817	1687
763	1902
789	1783
836	1784
908	1771
926	2015
977	1819
975	1615
1009	1831
1026	1743
993	1986
1063	1913
1010	1979
1001	1968
1002	1968
950	1975
855	1853
923	2044
854	2091
712	1829
641	1922
688	1825
732	1927
664	1901
682	1917
712	1846
632	1650
661	1651
620	1674
539	1822
555	1517
566	1520
535	1731
533	1759
554	1617
519	1412
492	1570
522	1836
522	1608
498	1570
527	1657
492	1818
521	1755
526	1703
502	1744
472	1667
511	1776
505	1533
495	1783
579	1868
644	1892
663	1946
662	2026
606	1812
533	1826
505	1836
487	1671
448	1936
491	1674
449	1748
414	1760
460	2039
477	2112
456	2159
435	2070
506	2027
481	1904
465	2010
463	1756
432	1926
489	2328
479	2212
477	2449
533	2575
497	2559
468	2490
481	2121
492	1812
455	1904
429	1681
411	1854
465	1714
469	1600
483	1612
400	1513
483	1539
476	1488
395	1557
482	1880
477	1865
461	1920
397	1893
481	1543
469	1519
497	1562
510	1772
435	1517
448	1621
467	1740
491	1801
461	1647
503	1917
540	1826
632	1664
532	1598
494	1331
557	1754
754	1748
967	1745
1120	1900
1164	1946
1165	1815
1373	2025
1724	2203
1890	2394
1919	2221
1896	2439
2205	2688
2814	3155
3126	3218
2741	3122
2620	2934
3021	3128
3570	3188
3955	3409
4010	3184
4050	3344
4052	3274
4522	3520
4680	3721
4777	3633
4808	3919
4579	3628
4933	4060
4771	4057
4689	3855
4558	3805
4511	3561
4484	3566
4107	3855
3929	3720
3915	3886
3686	3630
3579	3145
3327	2868
3196	2854
3047	2517
3031	2461
3051	2727
3075	2622
3273	2681
3216	2716
3247	2783
3357	3208
3238	3152
3376	3577
3568	3831
3474	3391
3334	3397
3212	3816
3108	4225
3001	3977
3101	3946
2870	3942
2704	3909
2497	3687
2198	3364
2473	3326
2374	3409
2171	3509
1762	2880
1557	2705
1560	2973
1713	3051
1700	3090
1197	2450
866	1847
837	1971
997	2132
982	2036
818	2009
659	1715
578	1655
637	1882
737	1609
553	1457
490	1620
462	1738
459	1532
503	1575
484	1560
514	1517
480	1658
504	1778
506	1651
470	1463
470	1371
435	1495
430	1516
463	1579
471	1633
432	1859
461	2002
432	1656
472	1743
475	1447
452	1629
453	1711
423	1761
434	1766
482	1848
489	1732
503	1602
446	1882
541	1840
474	1654
527	1649
503	1806
494	1817
444	1708
415	1621
459	1687
443	1878
441	1995
445	1740
436	1570
458	1656
477	1606
447	1770
496	1922
497	1736
470	1899
453	1870
476	1883
490	2169
469	2354
559	2266
498	2870
538	4345
552	5168
525	5245
559	5110
559	5054
506	4046
483	2997
463	2568
450	2606
403	2446
450	2139
509	1929
452	2115
428	2315
428	2574
386	2318
409	2342
410	2082
425	2267
409	2098
389	2121
418	2103
404	1942
428	2125
378	1694
412	2026
428	1804
406	2036
426	1910
440	1848
445	1609
477	1992
455	1819
452	1795
428	1715
419	1910
428	1652
393	1742
454	1668
466	1537
431	1589
500	1772
432	1639
422	1768
458	1712
415	1604
479	1656
438	1545
431	1724
447	1792
423	1953
445	1751
406	1914
511	1860
484	1902
468	1759
520	1937
492	1855
569	1645
620	1855
591	1923
614	1908
582	1661
624	1796
635	1989
640	1714
625	1782
678	1904
736	2170
664	2322
635	2112
622	2123
640	2506
623	2224
643	1983
573	1834
613	2128
642	2656
724	2521
843	2546
946	2527
901	2171
886	2078
890	2135
847	2048
906	1928
843	2170
882	2094
831	2094
834	2064
947	2333
941	2107
1170	2247
1217	2231
1284	2288
1321	2100
1230	1964
1223	2218
1193	2209
1313	2403
1215	2047
1198	1923
1062	1961
1064	1866
902	1982
1018	1723
950	1810
849	1845
833	2057
809	1857
965	1744
912	1762
1005	2052
919	2217
962	2120
955	1954
1094	1858
981	1784
976	1898
1069	1809
1004	2263
899	2409
819	1958
845	1904
801	1911
807	1861
844	1597
847	1656
859	1785
826	1993
900	1938
891	1727
883	1685
913	1879
898	1680
951	1724
835	1704
926	1703
823	1621
894	1811
846	1660
691	1605
791	1694
776	1860
772	1774
733	1572
792	1524
753	1645
763	1593
762	1698
732	1749
751	1783
699	1960
704	1959
673	1965
696	2051
688	1838
581	1801
631	1955
654	1988
620	1922
603	1833
604	1963
641	1996
655	1853
677	1675
654	1585
628	1857
621	1846
584	1929
578	1761
603	1876
570	2423
595	1901
477	1875
497	1806
526	1782
483	1837
502	2039
517	2008
472	1754
511	1885
512	1916
466	1726
468	1669
465	1920
503	1809
549	1818
518	2102
496	1875
458	2127
428	1811
456	1857
500	1677
538	1621
455	2261
490	2224
490	3107
557	3632
518	4868
508	5279
521	5790
538	7352
552	7264
487	3688
485	3248
466	4103
533	4466
575	4873
533	3173
459	2974
542	3032
535	2267
460	2243
521	2420
507	2294
483	2486
492	2467
468	1834
485	1895
433	1920
469	2092
468	2198
482	2309
471	2171
454	2293
437	2289
433	2236
460	2187
451	2073
471	1879
458	1997
489	1829
500	1908
508	1837
491	1851
522	1911
480	1836
518	1724
471	1824
565	1778
534	1683
493	2032
479	1991
531	1992
550	1932
625	2058
601	2075
598	1857
531	1838
524	2142
552	1939
555	2013
534	1919
506	1869
557	1741
559	1692
555	1618
524	1522
556	1656
532	1819
563	1490
545	1454
583	1685
609	1621
636	1923
618	2043
593	2091
577	1766
602	1642
600	1806
570	1714
612	1735
641	1640
580	1735
566	1712
615	1848
570	1909
671	1856
583	1620
552	1563
589	1800
519	1722
635	1774
656	1871
581	1839
608	1900
664	1823
580	1604
536	1578
567	1573
634	1642
562	1717
536	1666
563	1708
522	1828
517	1782
475	1874
493	1861
519	1798
547	1871
519	1858
478	1597
526	1954
514	1828
513	1773
478	1649
447	1974
481	1684
485	1848
459	1475
486	1522
487	1705
507	1512
469	1687
463	1636
493	1730
433	1792
482	1788
454	1645
470	1530
503	1404
479	1528
510	1865
464	1829
489	1799
490	1682
456	1674
493	1843
496	1787
426	1792
466	1673
452	1647
432	1812
496	1779
465	1812
463	1556
465	1718
516	1859
448	1900
513	1759
487	1653
489	1671
458	1615
515	1543
465	1554
516	1618
525	1491
513	1456
481	1337
541	1757
583	1497
575	1539
515	1834
641	1712
616	1852
572	1820
594	1719
638	1816
698	1917
631	1727
582	1663
732	1505
800	1739
718	1649
697	1585
634	1512
676	1645
617	1801
622	1756
595	1708
564	1743
520	1684
565	1729
545	1913
529	1691
562	1743
509	1856
570	1517
514	1609
473	1774
556	1889
559	1864
576	1727
546	1846
560	1845
567	1780
507	1684
504	1758
598	2220
586	1933
586	1793
573	2142
608	1747
571	1757
571	1789
626	1972
564	1898
670	1894
601	1786
664	1831
665	1817
598	2053
642	2406
671	2068
599	1879
698	1805
641	1733
715	1843
727	1688
656	1590
705	1696
727	1622
641	1777
678	1977
609	1842
692	1885
702	1915
770	2358
772	2246
781	2621
755	2503
840	2231
814	2354
916	2348
817	1946
873	1950
828	2243
847	2077
824	1899
763	1817
779	1744
725	1886
725	1903
740	1612
810	1926
797	1696
787	1921
788	1802
818	1712
827	1862
830	1566
834	2079
921	1744
826	2019
885	2011
876	2168
956	1824
970	2121
877	2142
894	1908
910	1650
814	1837
824	2049
805	2031
747	1859
776	1858
788	1843
817	1650
842	1866
936	1892
911	1736
899	1987
947	1865
854	1894
944	1846
897	1842
805	1860
836	1794
881	1888
935	1866
839	1629
851	1770
871	1935
814	1641
743	1540
777	1788
757	1898
777	1673
824	1773
831	1680
868	1663
897	1815
935	1934
854	1688
919	1938
826	1801
760	1866
735	1779
769	1620
762	1919
863	1830
800	1650
777	1919
732	2088
695	2093
694	1856
772	1802
701	1779
760	1758
779	1673
759	1783
769	1577
701	1749
782	1753
734	1798
699	1654
686	1737
602	1597
666	1777
730	1781
696	1568
760	1649
653	1664
697	1781
612	1550
655	1582
601	1608
638	1408
640	1664
600	1811
640	1662
639	1711
640	1689
687	1565
653	1803
642	1401
637	1316
607	1441
611	1553
645	1549
651	1549
608	1493
590	1488
567	1776
674	1714
567	1621
618	1586
569	1617
563	1401
548	1535
565	1450
545	1483
552	1634
577	1710
579	1630
548	1528
528	1422
538	1366
502	1510
575	1597
551	1467
621	1684
655	1756
571	1941
648	1828
623	1611
670	1607
601	1750
553	1672
532	1655
526	1716
569	1682
515	1583
505	1721
479	1630
508	1584
509	1547
482	1670
500	1619
555	1568
536	1557
519	1658
475	1846
480	1782
440	1975
479	1920
466	1956
480	2034
472	1765
467	1698
499	1736
453	1938
463	2153
516	1974
459	1883
462	1727
406	1885
440	1694
432	2017
444	2040
519	1985
478	1954
507	2028
470	1855
416	1636
479	1691
506	1659
519	1884
530	1853
530	1814
576	1742
651	1737
609	1935
566	1609
613	1673
711	1760
798	1680
768	1671
753	1644
772	1845
832	1877
936	2008
1008	1992
1005	2078
921	1913
1145	1763
1185	1560
1275	1725
1220	1890
1264	1720
1317	1796
1113	1548
1066	1548
1058	1486
932	1462
851	1618
865	1609
819	1704
830	1849
818	1805
821	1706
940	1605
936	1610
892	1713
1044	1676
1112	1622
1068	1728
892	1745
835	1865
959	1976
1001	1915
1038	2118
927	2124
913	2278
943	2519
863	2158
745	2161
770	2145
722	2311
770	2190
784	2449
753	2309
727	1950
710	2184
654	2147
661	2176
691	1901
694	2103
621	1897
655	1985
698	2015
674	1838
690	1973
739	2096
706	2123
689	1857
656	1912
637	1946
656	2079
610	2073
611	2187
658	1799
688	1981
712	2023
711	2164
697	2132
691	2137
741	2045
712	2192
722	2611
744	2488
696	2716
770	2704
641	2637
693	2411
646	2411
640	2334
632	2412
642	2031
641	1831
577	1915
588	2454
657	2543
668	2394
630	2222
608	2145
541	1963
544	1964
526	1986
540	1874
523	1992
528	1951
566	2129
577	2092
482	2313
496	2374
481	2437
446	2245
505	2210
466	2003
502	2076
451	1876
444	1908
481	1882
447	1715
422	1960
477	2009
427	1907
473	1877
506	2009
504	1684
505	1734
572	1651
516	1696
536	1855
490	1785
552	2004
560	2245
556	2232
497	2474
563	2386
496	2292
508	2284
523	2120
570	1956
508	1841
514	1830
522	1988
481	1807
463	1740
496	1782
482	1974
536	2136
473	1974
502	2210
497	2145
515	2150
509	1941
493	1801
483	1728
520	1899
495	2103
497	2396
541	2183
547	2163
496	2046
506	1841
494	1993
466	1768
489	1972
435	1721
531	1811
536	1787
537	1851
499	1786
464	1913
495	1615
583	1768
551	1822
504	1949
493	1978
453	1966
508	1924
500	1949
538	1859
528	1939
495	1999
502	1837
528	1850
538	1971
537	1878
584	1865
568	2107
606	1867
515	1884
486	1781
482	1558
495	1411
476	1668
471	1638
492	1462
471	1416
505	1314
519	1625
481	1677
464	1911
495	1794
468	1889
505	1951
449	1972
495	1814
493	1701
473	1559
458	1696
546	1680
508	1584
519	1858
508	2262
490	2068
540	1888
465	1915
517	1922
509	1831
494	1902
489	1828
522	2145
476	2133
500	1779
492	1657
526	1649
613	1787
564	1805
528	1840
549	1886
551	1770
660	1850
746	1831
795	2050
862	1965
899	2015
1056	2128
1308	2001
1150	1963
974	1869
949	1997
1115	2066
1333	2220
1280	2446
1155	2380
1095	2101
1090	2079
1105	2252
939	2192
967	2259
819	2099
847	1932
897	2030
853	2153
894	1929
917	2142
1015	2065
975	1856
865	1694
871	1789
895	1850
921	1760
791	1905
838	1889
840	1836
853	1886
786	2134
740	1789
704	1861
687	1793
715	1811
772	1872
768	1793
740	1672
698	1658
629	1643
646	1585
659	1718
578	1769
583	1794
628	1779
584	1894
570	1922
521	1913
571	1651
552	1490
541	1501
556	1722
546	1847
500	1853
607	1829
473	2107
495	2544
591	1849
553	1766
581	1917
575	2655
597	1735
554	1703
530	1813
584	2016
597	2570
612	2122
600	2160
674	4524
716	5409
616	3870
583	2662
654	3951
647	2801
622	1763
642	1826
618	1834
594	1639
601	1802
655	1824
632	2016
620	1996
576	1810
658	1794
674	1967
659	1763
655	1671
630	1631
692	1694
674	1498
746	1773
660	1656
741	1809
681	1824
651	1698
665	1767
626	1836
594	1902
612	1957
593	1783
616	1776
596	1881
591	1602
626	1764
588	1626
587	1767
561	1852
572	1886
573	1810
578	1929
605	1784
492	1879
546	1898
526	1786
522	1698
506	1988
492	1690
520	1895
560	1757
563	1724
604	1764
532	1798
542	1731
638	1801
578	1934
608	1847
531	1782
531	1829
528	1780
565	1698
540	1851
590	2141
609	3606
643	4626
512	2011
491	1611
533	1822
579	1783
562	1709
558	1535
516	1595
520	1617
545	1645
577	1638
540	1441
544	1666
539	1950
549	1584
505	1522
515	1558
518	1522
550	1714
534	1542
507	1655
501	1757
480	1503
502	1642
527	1623
528	1667
579	1703
543	1657
551	1721
532	1718
571	1791
524	1904
562	1869
523	1732
473	1657
606	1848
543	1849
508	1591
559	1699
456	1589
520	1764
534	1522
478	1706
528	1748
475	1582
518	1557
523	1468
491	1559
504	1445
491	1631
528	1817
536	1628
540	1655
538	1605
503	1534
497	1710
535	1746
554	2039
544	2304
507	2380
482	1981
517	1720
541	1632
572	2408
531	2630
582	2987
549	2989
600	3581
581	2670
543	2644
574	2137
584	2105
570	2042
575	2203
534	2665
543	2569
502	2396
529	2219
545	1886
495	1999
475	1737
450	1690
526	1890
549	1791
576	1774
526	1960
564	1895
618	2181
547	2374
587	2558
570	2381
543	2168
638	4651
633	9789
533	4410
503	3319
534	3909
613	4386
557	4279
591	4789
531	2854
569	2616
558	2099
550	1740
519	1927
493	1810
548	1705
499	1596
488	1523
539	1556
542	1448
550	1536
539	1655
598	1710
501	1661
539	1751
580	1854
550	1757
557	1788
528	1745
575	1987
558	1970
551	2030
604	2009
615	1918
627	1967
646	1684
612	2042
585	1945
626	2119
666	2114
709	1911
610	2025
682	1762
604	1656
645	1520
646	1674
603	1623
663	1859
547	2019
567	1662
533	1903
584	1816
575	1572
579	1627
561	1788
558	1731
595	1730
617	1899
556	2145
542	2257
585	2552
610	3443
595	2798
542	2318
623	2070
523	1820
557	2270
516	2204
576	1989
557	1671
565	1787
552	1538
532	1645
476	1669
497	1688
489	1512
532	1706
579	1940
517	1699
500	1422
477	1654
487	1703
499	1624
475	1786
426	1663
538	1756
510	1995
506	1907
505	1809
476	1775
499	1842
518	1996
524	1860
507	1697
508	1680
478	1628
516	1850
465	1743
533	1515
550	1527
562	1651
483	1699
528	1862
516	1798
566	1813
581	1687
605	1635
593	1807
571	1736
539	1727
540	1892
536	1660
529	1675
549	1663
520	1703
532	1864
558	1787
603	1854
631	1733
623	1526
569	1552
586	1881
619	1752
551	1728
632	1794
621	1652
618	1957
678	1818
613	1767
576	1770
586	1724
676	1698
657	1841
730	1535
631	1721
702	1625
668	1572
707	1587
733	1603
690	1640
623	1722
668	1849
707	1769
742	1741
731	1718
712	1701
741	1753
776	1554
802	1725
835	1555
738	1526
813	1613
714	1850
819	2596
818	2311
830	2123
848	2411
867	2022
841	1900
828	1758
824	1527
835	1481
793	1627
818	1718
774	1666
820	1623
794	1662
863	1704
817	2036
807	2071
838	1686
797	1805
780	1665
774	1763
826	1813
753	1704
780	1861
788	2074
851	1978
733	1673
779	1796
759	1632
812	1700
813	1773
803	1945
797	1925
828	1814
810	1971
793	1834
800	1748
792	1929
807	1902
801	1799
775	1712
785	1690
875	1979
827	1909
870	1760
824	2068
743	2149
786	2111
759	1785
765	2141
722	1910
755	1757
694	1761
728	2102
750	2522
775	2197
775	1876
812	1989
865	2004
868	2129
878	2102
845	2020
777	2067
791	2127
797	1867
799	2054
742	2009
775	1866
709	1873
691	1598
691	1767
764	1860
667	1742
659	1546
671	1431
740	1644
719	1656
711	1580
674	1534
701	1693
702	1885
635	1751
683	1757
649	1745
663	1737
673	1888
698	1636
579	1688
606	1567
524	1609
576	1567
636	1615
585	1711
617	1746
633	1482
608	1483
598	1786
650	1535
622	1667
612	1726
628	1577
537	1686
575	1733
539	1685
612	1500
616	1700
574	2009
610	1963
569	1847
542	1833
605	1565
583	1913
525	1820
517	1717
565	1685
548	1652
554	1506
540	1642
562	1804
538	1814
491	1731
535	1776
591	1818
491	1786
575	1640
548	1766
511	1722
538	1622
552	1710
493	1679
545	1895
554	1834
519	1961
556	1846
555	1904
578	1619
501	1854
506	2143
519	2027
528	1971
508	1922
522	1902
497	1798
457	1968
509	2000
525	1853
554	1774
510	1912
517	1650
546	1683
508	1661
588	1648
540	1662
557	1747
561	1816
574	1715
537	1875
590	1680
538	1659
505	1597
514	1701
512	1681
477	1818
509	1859
511	1812
565	1593
485	1863
505	1877
517	1667
490	1639
507	1825
560	1731
451	1562
486	1888
528	1565
523	1870
486	1629
494	2089
525	1950
560	1982
485	1703
514	1544
518	1785
506	2039
481	1832
465	1754
516	1717
451	1602
484	1574
470	1561
506	1803
502	1815
541	1944
548	1735
475	1651
515	1663
508	1665
466	1520
480	1522
448	1600
445	1610
454	1745
445	1779
496	1630
458	1774
501	1904
440	1531
525	1774
466	1895
475	1907
493	1830
493	1817
496	1873
478	1857
505	1758
448	1629
512	1969
483	1787
479	1708
492	1602
450	1790
414	1739
469	1808
436	1989
512	1907
422	1749
464	1808
460	1632
470	1695
405	1644
431	1561
461	1533
495	1679
478	1848
492	1781
461	1750
511	2012
541	1660
516	1829
504	1802
504	1743
493	1802
419	1763
412	1828
455	1789
532	1630
447	1591
506	1585
445	1627
409	1601
470	1484
500	1579
484	1553
442	1575
450	1608
414	1534
389	2079
470	1889
431	1754
452	1824
501	1938
472	1751
483	1457
462	1481
426	1593
440	1600
445	1464
443	1604
488	1606
423	1890
420	1782
470	1553
479	1474
501	1516
476	1392
483	1531
508	1569
455	1438
413	1554
452	1634
448	1700
495	1485
474	1546
507	1729
481	1619
474	1561
462	1508
511	1727
483	1759
455	1610
429	1761
457	1811
419	1744
467	1444
434	1646
421	1689
436	1388
448	1580
435	1508
485	1468
514	1423
517	1448
479	1441
528	1459
503	1565
489	1594
475	1270
440	1570
503	1479
514	1543
533	1484
485	1700
495	1758
488	1747
476	1862
463	1863
483	1880
500	1822
478	1761
496	1679
458	1307
552	1556
443	1512
468	1464
436	1703
453	1407
444	1664
470	1951
457	1708
431	1410
406	1569
422	1491
445	1494
438	1582
434	1460
487	1417
484	1815
435	1695
472	1969
485	1963
467	2437
452	3970
436	1977
478	2018
462	1701
449	1705
438	1664
448	1663
425	1545
439	1604
462	1662
396	1741
432	1829
435	1647
415	1508
439	1513
418	1675
410	1749
425	1745
422	1629
478	1538
449	1556
428	1467
471	1690
482	1685
558	1662
472	1601
476	1730
413	1578
471	1528
420	1539
503	1449
454	1730
466	1781
437	1710
503	1619
465	1383
442	1523
468	1345
518	1476
486	1517
503	1705
454	1425
441	1610
460	1741
431	1492
513	1618
434	1634
424	1510
467	1555
420	1446
486	1430
408	1527
463	1496
450	1493
473	1432
441	1338
464	1340
490	1483
416	1423
510	1495
436	1437
535	1455
445	1659
464	1617
423	1657
504	1651
468	1548
494	1586
505	1460
453	1544
452	1451
394	1481
479	1433
512	1338
495	1394
409	1566
473	1560
533	1583
438	1417
479	1304
472	1572
519	1408
435	1514
459	1534
469	1589
510	1606
480	1502
506	1587
486	1387
451	1490
448	1426
459	1716
455	1631
446	1609
432	1505
416	1446
454	1489
472	1495
458	1443
463	1420
488	1472
489	1649
491	1718
511	1772
464	1666
461	1777
477	1648
560	1679
719	1829
874	2085
754	2520
854	2330
1003	2692
1640	3268
2063	3623
2112	3622
1743	3349
2062	4041
2725	5022
3051	5347
2940	6177
2681	6024
2601	5590
2711	5157
2653	5270
2592	6208
2285	6394
2280	6359
2576	6370
3055	5415
3273	4743
3316	5058
3440	5733
3536	4708
3345	3826
3213	3866
3106	3800
3083	3733
2881	3760
2697	3389
2592	3366
2452	3144
2242	2849
1971	2776
1789	2647
1718	2588
1900	3022
2014	2876
2006	2909
1968	3020
1805	3171
1819	3141
1986	3574
1959	3652
1987	3392
1636	3158
1621	3232
1583	2771
1450	2605
1249	2720
829	2056
700	1931
752	2127
691	2295
651	2179
587	1930
554	1848
563	2172
584	2340
552	2182
563	1824
601	1674
574	1652
573	1694
579	1677
676	1764
571	1603
600	1604
641	1693
534	1706
575	1664
489	1770
500	1736
532	1498
498	1537
477	1673
517	1587
521	1426
483	1516
457	1611
477	1580
400	1804
417	1715
492	1498
451	1463
500	1501
506	1748
430	1718
490	1856
506	1715
458	1709
464	1862
408	1878
411	1726
445	1662
446	1531
505	1537
501	1473
516	1521
468	1581
487	1738
483	1741
503	1379
495	1415
476	1510
464	1687
452	1707
524	1532
499	1597
520	1892
466	1648
429	1631
449	1389
477	1532
444	1714
446	1702
458	1602
458	1650
507	1547
499	1778
498	1831
450	1657
506	1580
474	1744
473	1742
475	1521
438	1503
481	1581
416	1606
418	1735
428	1620
436	1448
394	1630
418	1730
405	1678
429	1696
491	1822
434	1770
475	1745
475	1720
492	1640
429	1535
454	1554
464	1685
416	1979
449	1945
470	1870
480	1947
455	1764
420	1753
420	1695
471	1700
433	1910
463	1785
455	1931
366	1994
438	2225
469	1987
439	1820
504	1756
452	1731
468	1761
451	1621
486	1612
482	1737
506	1587
532	1771
514	1524
475	1767
525	1759
463	1730
495	1664
474	1940
475	1783
440	1589
384	1529
492	1665
431	1832
461	1664
425	1634
433	1812
471	1578
399	1527
385	1426
441	1562
474	1557
494	1675
457	1781
424	1827
416	1931
534	1736
443	1569
449	1672
443	1668
444	1871
432	1678
486	1546
487	2247
499	3452
448	2908
461	3517
468	3112
476	1780
455	1530
425	1419
466	1636
544	1671
492	1604
458	1770
457	1798
458	1936
435	1597
435	1594
460	1588
394	1615
456	1751
548	1607
509	1607
467	1667
502	1693
516	1738
484	1828
508	1686
476	1857
499	1671
512	1794
461	1969
498	1808
503	1807
419	1870
419	1628
493	1810
480	1597
477	1465
423	1581
408	1873
470	1668
442	1744
448	1649
471	1640
473	1694
428	1648
417	1635
474	1824
410	1779
486	1719
496	1745
434	1717
511	1777
479	1762
499	1735
456	1955
508	2123
467	1888
485	1658
529	2641
590	3183
518	2551
482	1818
475	1822
501	1839
518	1729
504	2001
471	2066
488	1687
511	1579
523	1666
515	1612
550	1520
556	1889
522	1849
602	1861
580	1907
576	1709
726	1815
798	1776
692	1732
698	1856
703	1749
624	2177
528	2214
541	2230
560	2315
605	2207
524	1780
488	1931
545	1806
541	2419
602	2574
641	2666
540	2687
520	2611
499	1852
511	1898
512	2023
543	2067
529	1969
502	1931
526	2059
454	1862
511	1949
487	1908
467	1685
432	1782
443	1765
439	1785
444	1802
448	2143
434	2116
479	1907
431	1785
424	1695
454	1721
414	1635
474	1545
484	1388
447	1556
465	1607
503	1632
492	1661
463	1814
457	1907
456	1710
511	1520
527	1668
465	1515
462	1672
457	1660
482	1564
493	1569
511	1572
543	1713
540	1550
547	1692
500	1722
551	1828
593	1646
591	1615
481	1824
491	1611
538	1717
537	1822
517	1945
520	1858
531	1965
503	1822
516	1891
571	1789
537	1831
576	1767
650	2075
580	1830
575	2109
596	1914
545	1972
643	1982
627	2083
649	2029
673	1850
742	1909
656	1916
747	1859
750	2038
712	1965
814	1861
769	1903
829	1857
858	1825
891	1820
774	1979
806	2110
845	2167
843	1981
786	1909
819	1986
771	2228
785	2222
736	2100
747	2144
729	2031
690	2268
758	2136
721	1981
750	2144
841	2324
836	2212
833	2173
921	2079
810	2200
912	1891
928	1830
926	1872
996	2144
938	2022
927	1809
1007	1956
985	1951
1044	2105
954	1961
941	2107
1003	2266
1029	2517
1002	2519
1048	2439
957	2516
986	2743
1105	2952
1074	2764
1132	2818
1183	2653
1206	2496
1100	2346
1099	2532
1076	2351
1141	2544
1145	2708
1076	2501
1155	2345
1190	2460
1231	2369
1089	2274
1071	2608
1174	2549
1068	2660
970	2784
989	2386
989	2395
963	2158
1001	2092
998	2219
1011	2124
959	1878
849	2097
912	1985
867	1879
905	1966
800	2027
834	2046
792	1857
846	1917
767	1898
741	2122
751	1944
724	1829
702	1809
684	1997
657	2184
642	2171
668	2381
670	2206
619	2143
627	2059
597	1950
596	1985
648	1957
623	2148
625	2211
614	2393
603	2225
524	1907
551	1893
587	1783
503	2022
531	2029
514	2082
494	2251
518	2316
513	2531
508	3114
525	3830
540	3665
520	4639
580	4981
573	4474
523	4828
582	5172
513	2329
529	2681
508	3008
461	2584
471	2179
437	2116
448	1920
466	1597
487	1739
448	1596
509	1503
446	1532
458	1774
447	1523
452	1671
417	1800
436	1854
534	2148
487	2627
475	1904
468	2149
461	2412
477	2452
460	2436
475	1979
422	1873
489	1760
487	1846
495	1689
501	1702
426	1479
482	1528
468	1604
423	1628
425	1733
475	1804
450	1675
423	1514
444	1541
450	1713
398	1718
431	1680
421	1559
449	1797
420	1612
449	1821
402	1829
427	1767
417	1604
502	1791
439	1965
384	1701
432	1436
389	1657
406	1640
445	1809
404	1790
414	1816
377	1656
432	1749
396	1589
423	1718
384	1806
413	1660
425	1714
408	1817
413	1674
421	1592
427	1454
362	1543
359	1756
393	1820
408	1817
436	1836
416	1844
456	1677
417	1992
422	1933
416	1885
435	2138
425	1872
441	1817
453	1957
430	1814
392	1744
415	1773
445	1804
474	1536
429	1882
466	1829
434	1905
472	1940
486	1672
468	1752
521	1829
507	1649
475	1983
534	1812
479	1686
503	1940
458	1672
495	1739
468	1703
458	1608
459	1740
484	1765
425	1661
468	1585
453	1479
490	1512
493	1595
454	1415
501	1504
473	1527
544	1524
528	1436
557	1583
542	1520
618	1774
542	1722
575	1573
542	1645
527	1699
544	1588
632	1635
595	1827
626	1688
568	1776
617	1742
684	1739
643	1760
574	1748
594	1817
647	1685
648	1759
669	1698
645	2032
745	2010
815	2086
897	1851
927	1793
1032	1888
1041	1809
1019	1741
939	1699
956	1599
944	1622
781	1584
722	1646
615	1612
615	1544
600	1838
612	1719
577	1813
577	1811
589	1814
648	1842
554	1696
691	1720
642	1871
609	1742
612	1701
619	1704
591	1712
605	1751
599	1990
649	1833
639	1892
687	1879
646	1877
609	1954
611	1990
576	2095
597	2081
578	1977
559	2243
511	2319
525	2196
559	2054
525	2108
529	1981
546	1900
496	2143
542	1945
532	1873
511	2262
466	2106
493	2360
458	2212
414	2129
490	1999
470	2091
469	2320
487	2221
440	2023
455	2033
482	1946
406	1910
414	1914
478	1873
456	1894
462	1725
493	1815
480	1706
492	1956
460	2178
505	2296
521	2159
607	2133
510	2310
520	2027
560	1912
604	1855
670	2079
658	2107
654	2069
733	2133
843	2040
943	1967
913	2187
839	2243
998	1928
1344	1925
1484	2026
1514	1855
1535	1840
1559	1777
1846	1873
2056	2022
2029	2093
1759	2353
2185	2416
2631	2478
3118	2287
3119	2520
2633	2192
2435	2099
2597	2387
2825	2353
3117	2309
2614	2266
2169	2365
2052	1995
2206	2269
2481	2265
2582	1961
2661	2066
2681	2334
2723	2357
2501	2715
2867	3191
2803	3319
2694	3393
2540	3862
2177	3458
1931	3135
1802	2865
1826	2624
1265	2543
956	2088
813	1910
877	2212
911	2042
831	1721
881	2010
809	2007
811	2245
787	2194
700	2764
688	3567
663	3127
635	2608
575	2594
608	1946
551	1927
507	1887
517	1937
565	2518
626	2509
670	2622
911	3154
1084	3132
1171	2895
1185	2728
1552	2843
2217	2967
2901	3227
2634	3437
2439	3625
2851	3820
3725	4210
3993	4597
3721	6301
3453	4924
3363	4826
3918	4371
4643	4676
4768	5029
4493	4737
4454	4991
4754	4716
5136	4875
5002	4924
4747	4470
4587	4348
4174	4401
3628	4056
3149	3610
3089	3634
2797	3353
1903	3146
1027	2091
711	1737
726	1899
840	2003
805	1956
776	1923
713	2020
743	2342
817	2273
745	2101
649	2279
606	2192
606	2128
541	2069
649	2181
573	2332
605	1806
477	2025
534	2069
554	1800
596	1836
571	1977
529	1903
529	1942
547	1924
555	1748
604	1899
543	1895
488	1790
466	1811
528	1671
438	1811
496	1824
499	1902
445	2034
536	1804
499	1842
519	2159
457	1929
509	1965
484	1946
495	1899
483	1709
430	1978
452	1793
506	1880
516	2067
547	2014
542	1952
554	2001
453	1868
468	1913
503	1963
448	1591
491	1607
509	1592
511	1819
488	1840
505	2026
545	1995
552	2050
490	1726
507	1848
467	2297
470	2469
465	2398
505	2459
537	2375
466	2766
483	2838
454	2639
520	2412
523	2598
458	2624
472	2685
497	2792
428	2124
490	2160
440	2191
492	2329
523	2375
479	2559
491	2493
457	2905
458	2787
476	3214
432	2488
473	2633
449	2852
488	2990
468	2813
497	2281
464	2212
491	2394
484	2221
465	2385
448	2157
381	2155
477	2236
439	2320
465	2541
437	2640
479	2445
436	2034
456	1884
483	1904
429	1704
500	1823
543	2212
511	1923
558	1815
511	1649
529	1738
522	1857
524	1998
561	2037
585	1959
520	1989
541	1763
542	1941
531	1765
481	1604
508	1441
501	1632
476	1605
494	1675
533	1719
493	1690
553	1498
509	1560
547	1603
587	1570
587	1702
624	1614
732	1509
712	1677
658	1699
692	1839
663	1757
596	1731
617	1777
523	1571
512	1796
524	1678
520	1850
526	1759
523	1697
495	1802
463	1809
467	1829
458	1759
460	1766
456	1710
486	1734
465	1687
498	1886
523	1882
566	2024
451	1822
552	1737
518	1826
510	3683
582	6079
634	8705
566	7841
584	8196
549	5783
520	3605
518	2469
494	1878
517	1675
506	2009
532	2036
582	2214
645	2419
652	2521
611	2356
570	2032
554	2145
609	1951
610	1901
571	2050
497	2120
526	1889
512	1869
502	1715
512	1827
546	1699
529	1780
534	1735
580	1836
604	1647
612	1689
604	1588
611	1404
584	1409
621	1664
644	1840
557	1642
579	1617
533	1468
466	1486
501	1542
486	1612
439	1651
482	1548
462	1442
499	1276
466	1352
456	1659
465	1752
427	1495
476	1552
454	1515
501	1396
467	1454
394	1402
464	1540
470	1713
441	1849
437	1838
445	1740
444	1579
460	1668
442	1621
481	1546
510	1701
477	1657
441	1769
480	1948
408	1928
450	1868
481	1870
418	1910
421	1935
408	1748
439	1803
431	1982
423	2108
442	2005
482	2002
442	2134
522	1900
417	1873
477	1970
452	1940
429	1934
370	1707
454	2072
426	1976
395	1768
511	1625
430	1756
446	1638
466	1929
458	1936
482	2052
478	1923
473	1942
504	1975
414	1652
429	1677
452	1807
479	1823
436	1969
470	1906
487	1826
464	1855
448	1877
472	1776
444	1659
450	1808
476	1874
453	1843
475	1923
454	1881
442	1857
463	1963
394	1882
489	1943
447	1795
479	1789
452	1535
423	1556
500	1813
435	1843
490	1900
459	1632
442	1736
433	1836
446	1706
432	1815
464	1711
426	1910
437	1997
458	1901
457	1862
463	2018
422	1891
425	1774
415	1864
482	1629
459	1954
421	1697
476	1670
419	1759
457	1598
455	1614
452	1669
443	1727
434	1723
482	1741
438	1638
463	1851
470	1894
521	1937
458	2013
495	2065
427	1814
524	2016
471	1655
482	1738
477	1806
500	1879
522	2255
526	2137
477	2045
475	1791
487	1652
464	1650
478	1734
529	1761
501	1671
495	1644
464	1633
473	1774
460	1820
471	1582
508	1574
516	1651
446	1739
477	1855
486	1918
489	1835
490	1777
463	1937
495	1716
499	1814
464	1819
472	1878
516	1974
501	1901
508	1768
501	1727
456	1801
507	1738
464	1632
544	1650
460	1846
513	1920
500	1945
571	1706
567	1859
562	1863
568	1755
570	1656
655	1694
576	1724
612	1681
565	1825
606	1859
579	2004
642	1896
567	2044
600	2059
612	1949
601	1848
635	1918
609	1828
622	1675
577	1821
626	1846
584	1958
650	1940
637	1866
594	2089
642	1678
542	1916
574	2105
625	2171
614	2341
611	2233
564	2000
583	1820
633	1958
667	1968
682	2005
696	1910
636	1712
680	1666
639	1744
668	1835
679	1704
682	1611
687	1781
663	1761
653	1841
637	1762
649	1637
655	1779
615	1786
684	1642
660	1785
729	1687
651	1533
625	1610
620	1680
643	1579
657	1592
688	1686
620	1709
675	1693
606	1760
616	1576
599	1794
595	1897
770	1730
648	1607
657	1406
622	1608
605	1452
586	1457
599	1409
615	1445
591	1543
675	1727
630	1533
606	1620
664	1871
680	1783
687	1736
626	1814
655	1508
632	1490
658	1482
721	1742
668	1766
658	1668
671	1883
690	1887
650	1875
676	1891
734	1793
715	1775
651	1852
668	2193
697	2299
715	2365
694	2329
670	2646
743	2652
711	2615
861	2574
794	2636
816	3087
867	4003
1076	5547
1014	4743
980	3967
1044	4420
1298	7482
1494	8393
1486	8992
1356	8226
1288	8112
1275	8384
1693	7723
1600	7269
1468	7218
1539	7140
1662	5905
1991	4257
2041	3858
1832	3510
2089	3131
2208	2437
2305	2476
2462	2449
2438	2594
2308	2403
2421	2520
2623	2505
2395	2856
2264	2444
2129	2764
2037	2398
1656	2431
1769	2181
1814	2200
1651	2182
1423	2337
1281	2087
1287	2055
1250	1953
1200	1738
1078	1774
1076	2006
1130	1936
1112	2006
1195	1899
1107	1812
1174	1744
1113	1802
1169	1944
1147	1816
1070	1794
1077	2070
1198	1997
1115	1732
1092	1913
1212	2035
1220	1999
1198	2080
1276	1921
1345	2066
1321	2199
1485	2524
1353	2308
1238	2137
1131	1857
1241	1683
1288	1947
1227	1930
1118	1713
1174	1760
1138	1657
1073	1792
1103	1616
1063	1729
1001	1736
995	1746
1015	1846
945	1804
973	1760
988	1942
1009	1840
998	1888
1110	1708
1088	1810
1067	1748
1162	2027
1123	1867
1100	2093
1112	1876
1050	1954
965	1870
982	1794
1045	1863
1043	1848
983	1888
957	1608
951	1760
883	1531
963	1760
1032	1874
974	1869
921	1800
1028	1666
976	1478
1034	1713
1059	1687
987	1757
1063	1969
1029	1781
1035	1959
997	2118
976	1948
927	1807
867	1768
943	1581
865	1708
841	1696
818	1902
830	1850
823	1470
811	1581
861	1707
802	1637
874	1542
840	1722
849	1749
870	1969
809	1661
839	1818
822	1540
789	1599
758	1620
720	1717
706	1662
782	1675
650	1603
645	1634
579	1349
609	1676
634	1765
649	1517
663	1645
654	1626
681	1620
717	1637
656	1566
636	1852
680	1989
662	1926
637	1833
666	1846
618	2091
624	1949
577	1676
577	1783
593	1941
605	1884
575	1994
578	2013
554	2033
570	1827
560	1847
636	1777
548	1767
551	1635
610	1729
600	1670
507	1916
530	1826
562	1766
583	1724
551	1688
589	1723
532	1822
524	1773
560	1798
549	1636
548	1882
667	1838
578	2121
535	1997
526	1993
553	2231
511	2285
517	1742
470	1592
571	1861
559	1835
551	1951
556	1848
613	1900
551	1756
552	1790
592	1738
562	1987
632	1816
618	1741
565	1742
624	1764
677	2042
651	1970
620	2049
700	2074
689	2014
691	2023
724	1888
725	1648
722	2019
733	2054
703	2005
688	1956
663	1978
695	2014
701	2106
709	2013
664	2223
665	2505
627	2696
701	2707
700	3181
707	2830
754	2456
769	2106
786	2038
701	1928
854	2081
845	2114
875	2016
855	2038
840	2120
850	2090
818	2306
839	2749
760	2596
742	2789
655	2778
679	2796
641	3047
756	2588
699	3072
702	3792
763	3531
748	3147
746	3242
815	3716
777	3069
709	3555
696	3047
693	2587
722	2461
608	2863
636	2777
586	2743
647	2812
640	3006
538	2806
509	2322
556	2190
524	2153
524	2760
592	3118
584	2694
500	2531
546	2237
561	2439
540	2244
535	2010
522	1891
487	1832
494	1415
507	1550
509	1759
449	1837
516	1870
467	1806
470	1907
504	2079
499	2402
545	3648
479	2600
503	2433
521	2108
466	1941
550	2047
568	2041
568	2275
570	2031
532	2021
457	1744
552	1718
539	1720
599	1884
530	1895
515	1851
506	1996
516	1859
499	2023
544	2048
553	1890
519	2004
537	1968
539	2038
496	2026
442	1841
462	1820
443	1670
491	1825
494	1734
461	1724
432	1958
474	1896
487	1663
499	1636
465	1617
422	1692
421	1739
463	1854
474	1750
429	1737
447	2032
424	1846
477	1673
503	1739
472	1758
502	1968
473	1829
502	1809
481	1934
554	1754
581	1763
539	1758
494	1795
552	1767
473	1619
512	1692
515	1767
520	1811
527	1874
492	1632
530	1621
533	1720
498	1664
429	1662
464	1746
483	1768
566	1698
546	1684
554	1794
535	1906
559	1630
608	1665
618	1523
588	1829
569	1945
555	1891
561	1749
540	1804
536	1925
586	1938
567	1873
533	1865
544	1759
569	1759
574	1842
548	1795
553	1722
568	1638
541	1737
551	1597
635	1830
561	1908
566	2111
593	1856
577	1805
591	1774
587	1833
599	1910
606	1997
611	1690
624	1863
591	1646
644	2034
656	1974
724	1728
678	1808
680	1863
719	1800
692	1566
660	1622
699	1382
648	1434
715	1526
690	1673
730	1689
698	1918
774	1757
766	1923
730	1645
809	1539
755	1777
765	1641
731	1598
756	1612
796	1626
771	1708
771	1690
744	1697
717	1721
796	1551
732	1716
825	1870
777	1770
756	1657
744	1626
827	1675
780	1729
787	1559
761	1626
775	1521
765	1560
862	1647
802	1544
853	1429
834	1522
871	1416
790	1488
771	1671
824	1794
865	1740
839	1673
890	1749
819	1649
900	1730
913	1701
782	1466
875	1580
795	1696
858	1683
855	1822
857	1754
1001	1773
937	1701
984	1485
927	1453
992	1441
948	1396
972	1595
957	1771
980	1825
1086	1595
1055	1655
1120	1787
1029	1602
1024	1691
1176	1517
1347	1784
1472	1728
1578	1685
1570	1796
1684	1917
1927	2025
1927	2168
1879	2065
2027	2139
2071	2055
2293	2134
2510	2165
2513	2113
2583	2133
2911	2247
3034	2468
3215	2704
3183	2455
3109	2592
3120	2586
3101	2910
2958	2963
2832	3035
2870	2682
2742	2643
2518	2955
2537	2974
2418	3039
2600	2907
2645	2776
2720	3054
2791	3136
2676	3040
2832	3131
2893	3027
3002	3275
3376	3164
3575	3201
3606	3396
3511	3255
3523	3225
3875	3174
4061	3102
3917	3244
3726	3178
3605	3105
3644	3146
3624	3123
3767	2964
3561	2736
3340	2625
3412	2800
3491	2625
3502	2714
3674	2695
3908	3001
4027	2898
3840	3011
3657	3077
3627	2875
3586	2991
3533	2867
3284	2868
2999	3014
2807	3168
2806	3118
2751	3025
2580	3415
2457	3967
2495	3944
2490	3875
2516	4248
2547	4207
2490	4315
2646	4483
2719	4840
2718	5033
2859	5471
3013	6179
3147	6038
3313	6207
3354	6007
3314	5676
3317	5327
3164	5384
3135	6157
3030	5941
2887	5390
2897	4408
2534	4574
2560	5005
2431	3629
2469	3326
2274	8439
1976	9062
1806	3532
1844	3561
1965	4716
2060	10928
1780	11332
1607	10469
1650	13286
1545	7282
1397	5296
1258	6192
1253	8854
1139	6228
1209	3761
1301	6379
1276	7129
1318	13237
1331	14048
1264	11155
1060	6030
893	2960
898	2198
849	2104
878	2702
858	2961
828	2433
788	2103
866	2450
837	2678
857	2557
870	1868
894	1715
882	1855
862	2253
924	3756
1081	6495
995	3021
951	2552
883	2297
870	2526
827	2208
783	1896
668	1588
697	1678
754	1668
724	1754
759	1782
718	2430
756	2104
846	2241
725	1926
799	1935
757	1692
809	1638
826	1608
909	1599
800	1715
821	1526
825	1502
749	1873
720	1754
704	1671
703	1681
692	1584
697	1732
619	1776
662	1992
725	2230
782	2083
821	1917
735	1883
726	1871
837	2005
849	2052
1026	1873
978	1941
978	1949
1035	1875
1229	2047
1693	2673
1649	2495
1646	2543
1580	2713
1587	2574
1617	2442
1615	2515
1649	2412
1617	2396
1612	2313
1354	2320
1027	1899
1147	2051
1254	2128
1250	1991
1131	1815
1046	1663
1126	1969
1079	1933
980	1747
938	1737
868	1780
852	1689
765	1763
782	1689
749	1792
746	1879
669	1861
685	1618
645	1685
680	1498
594	1581
605	1566
645	1637
672	1593
720	1633
719	1703
705	1723
664	1599
674	1647
598	1646
605	1615
603	1599
636	1731
541	1793
548	1803
597	1724
569	1536
619	1763
547	1633
566	1485
499	1688
516	1627
511	1605
499	1624
548	1883
575	1685
600	1663
591	1497
609	1659
541	1796
555	1739
583	1705
561	1491
553	1610
593	1938
568	1678
504	1517
560	1574
477	1685
520	1796
490	1684
493	1712
450	1784
481	1779
468	1558
453	1647
493	1725
473	1531
488	1597
566	1602
499	1713
480	1594
469	1544
489	1650
456	1553
468	1555
494	1752
435	1837
488	1716
476	1880
478	1633
420	1554
441	1602
463	1700
432	1699
434	1638
419	1674
456	1469
444	1727
433	1558
467	1593
500	1644
496	1618
502	1688
512	1672
448	1721
498	1703
499	1783
475	1874
492	1831
473	1757
494	1732
499	1773
533	1802
563	1749
542	1663
559	1832
517	1921
601	2026
572	2017
505	1846
507	2007
509	1945
501	2067
510	1848
483	1705
498	1726
489	1657
545	1493
505	1384
449	1766
528	1577
518	1648
519	1724
479	1705
476	1668
420	1812
506	1571
489	1785
438	1800
476	1888
482	2108
553	1935
584	1900
484	1954
505	1803
482	1703
521	1686
493	1663
559	1875
486	1765
497	1736
496	1666
510	1685
478	1679
492	1711
476	1636
427	1823
432	1824
466	1780
501	1687
508	1542
480	1662
464	1724
485	1670
435	1682
465	1813
484	1935
457	2074
512	1724
510	1659
489	1712
509	1687
547	1691
496	1676
520	1798
566	1731
484	1802
463	1852
507	1923
485	1816
502	1835
544	1714
492	1832
454	1907
506	1752
499	1827
581	1683
535	2054
517	1756
556	1864
548	1958
587	1862
607	1658
546	1631
524	1702
557	1880
489	1652
513	1588
470	1688
494	1830
516	1810
536	2138
520	1897
574	1527
476	1540
486	1586
572	1737
575	1958
568	2067
507	1954
486	1746
571	2123
570	2046
500	2222
506	1853
460	1916
465	1870
478	2357
457	2259
495	3765
518	4145
443	2122
435	1612
500	2185
500	2704
527	2304
474	1700
515	1701
451	1586
486	1524
442	1576
512	1667
475	1758
499	1803
534	1822
515	1758
503	1777
501	1698
503	1935
463	1724
480	1658
467	1888
469	1738
397	1564
430	1747
434	1708
476	1715
450	1880
486	1629
425	1749
457	1843
447	1669
456	1583
431	1850
520	2097
446	1769
484	1520
466	1634
477	1814
536	1648
513	1771
524	1791
493	1691
474	1907
447	1837
528	1900
430	1908
495	1724
497	1560
473	1765
504	1645
528	1887
510	1907
521	1917
488	2079
440	1991
476	1834
457	1679
420	1485
454	1512
419	1713
457	1599
472	1896
453	1771
453	1642
477	1620
460	1836
463	1860
441	1616
494	1787
518	1889
525	1909
492	1994
514	1825
534	1693
545	1838
583	1569
554	1740
568	1613
548	1710
558	1916
598	1869
624	1793
517	1699
562	1728
614	1445
632	1592
592	1723
622	1674
546	1824
687	1796
666	1563
717	1572
688	1726
680	1581
703	1701
789	1628
829	1777
867	1665
821	1615
879	1669
951	1648
1089	1614
1022	1637
1044	1621
1030	1495
1042	1558
1121	1549
1138	1570
1087	1674
998	1699
1022	1781
1172	1743
1054	1743
985	1864
902	1785
990	1581
1080	1754
1262	1909
1259	1771
1215	1956
1252	1664
1247	1835
1419	1917
1423	1923
1318	1816
1318	1682
1231	1772
1260	1664
1122	1758
1142	1773
1100	1669
952	1456
959	1445
1008	1492
1030	1439
1069	1448
1132	1517
1126	1716
1233	1730
1288	1682
1261	1600
1384	1578
1493	1498
1513	1682
1468	1770
1477	1961
1388	1813
1289	1750
1241	1910
1162	1520
1098	1658
1039	1589
1000	1633
981	1902
977	1918
958	1772
976	1905
1085	1805
1134	1623
1176	1820
1267	1775
1287	1560
1276	1495
1323	1509
1348	1514
1251	1754
1190	1610
1060	1787
1092	1821
951	1710
955	1723
988	1817
925	2343
917	2113
922	2370
891	2280
910	1904
923	2322
930	1856
1067	1628
1083	1590
1028	1501
1029	1624
1055	1868
1020	1685
956	1565
1012	1593
984	1524
840	1478
916	1499
800	1512
816	1497
768	1566
733	1668
682	1642
734	1569
725	1784
763	1716
761	1708
731	1746
746	1589
681	1592
742	1474
766	1398
663	1422
646	1475
701	1467
666	1435
692	1402
706	1491
676	1389
643	1560
604	1633
617	1756
581	1606
580	1768
649	1539
614	1525
598	1526
607	1459
611	1461
540	1562
520	1624
617	1877
585	1919
538	1636
598	1499
551	1767
516	1748
504	1520
500	1649
501	1660
501	1421
538	1628
477	1513
521	1454
572	1704
516	1662
506	1521
428	1512
553	1530
451	1548
486	1672
508	1612
534	1668
525	1851
559	1715
518	1816
531	1742
494	1532
433	1748
419	1709
462	1798
481	1866
459	1779
503	1613
434	1583
400	1530
469	1799
468	1640
378	1749
429	1810
474	1700
495	1779
464	1472
472	1602
449	1505
452	1495
416	1526
399	1522
447	1518
403	1443
444	1474
386	1543
455	1492
441	1626
446	1611
465	1454
503	1439
503	1574
444	1561
433	1636
438	1557
446	1747
433	1690
389	1589
520	1383
474	1565
485	1852
488	1776
447	1762
452	1998
451	1769
498	1729
398	1618
432	1614
473	1694
469	1661
469	1400
471	1468
465	1735
472	1542
471	1548
433	1389
436	1543
475	1570
435	1720
500	1793
475	1735
455	1583
505	1627
429	1701
431	1609
517	1416
493	1618
488	1501
472	1601
494	1637
441	1665
443	1638
471	1796
439	1726
459	1847
468	1737
405	1747
411	1561
449	1806
447	1729
438	1500
461	1640
457	1819
489	1545
443	1573
494	1409
432	1543
473	1497
464	1734
443	1705
408	1639
456	1516
461	1545
440	1703
495	1891
472	1760
473	1673
470	1956
509	1788
481	1871
478	1984
477	2010
494	1971
420	2286
502	2446
510	2460
480	2393
459	2020
484	2303
480	2708
505	2831
471	2317
555	2207
554	1989
538	2069
545	1921
450	2145
475	1992
522	1817
494	1854
524	1687
439	1907
462	1987
504	1894
408	1860
526	1925
548	1986
537	1946
455	1797
587	1664
500	1989
513	1903
542	1614
497	1784
564	1860
557	1848
572	1722
544	1926
556	2043
538	1823
614	1587
522	1540
529	1485
532	1615
519	1503
483	1619
537	1605
587	1537
540	1748
568	1735
540	1479
503	1577
579	1575
566	1448
523	1523
526	1537
476	1780
497	1624
530	1677
499	1535
441	1762
487	1880
514	1751
484	1744
463	1745
473	1845
490	1928
493	1934
457	1846
532	1556
524	1536
465	1437
525	1301
511	1631
457	1645
491	1735
489	1798
516	1784
518	1733
487	1824
507	1750
477	1763
450	1836
449	1786
518	1710
433	1834
471	2004
457	1770
493	1621
461	1636
481	1654
488	1795
495	1811
432	1775
461	1757
459	1765
483	1715
439	1903
464	1713
440	1731
536	1746
493	1605
507	1626
573	1691
500	1549
394	1502
439	1578
407	1573
477	1638
497	1671
459	1673
469	1832
442	1757
438	1746
474	1654
511	1750
491	1635
458	1713
461	1705
471	1674
486	1517
523	1657
447	1586
473	1578
475	1665
450	1974
463	2148
487	2332
469	2035
478	2304
502	2249
483	2168
445	2034
449	2085
451	1981
443	2214
553	2571
513	2942
545	2700
560	2406
516	2673
512	2361
507	2458
497	2384
491	2380
467	2490
485	2497
568	2386
435	2465
488	2266
485	2183
486	2023
510	2140
449	2027
431	1906
457	1868
441	1823
411	1642
444	1846
452	1933
433	1898
463	1781
443	1685
425	1744
405	1712
422	1800
391	1703
494	1565
422	1750
457	1556
445	1607
455	1575
406	1530
443	1501
481	1662
480	1928
540	1902
407	1873
489	1785
412	1686
450	1632
386	1485
429	1711
433	1697
379	1659
397	1698
430	1613
425	1681
414	1699
449	1606
472	1610
488	1533
475	1871
450	1746
477	1751
464	1777
501	1703
456	1578
485	1478
462	1517
467	1503
510	1884
418	1715
457	1719
461	1680
439	1896
482	2055
492	1902
422	1569
406	1561
443	1681
458	1694
461	1827
511	1666
485	1648
478	1575
522	1436
444	1430
458	1431
473	1581
523	1571
465	1732
475	1649
468	1492
450	1404
468	1494
414	1563
440	1465
527	1670
504	1692
495	1834
502	2102
441	1742
465	1668
448	1742
468	1712
485	1753
432	1730
445	1750
467	1792
495	1825
453	1687
476	1887
436	1632
438	1907
487	1705
501	1700
499	1707
497	1799
482	1677
454	1744
475	1825
447	2185
476	2369
427	2328
465	2438
473	2315
509	2204
463	2370
499	2293
478	2809
450	2428
395	2323
472	2561
529	4057
511	3751
563	2952
481	2505
566	2436
512	2048
562	1779
606	1973
572	1913
547	1835
497	1779
584	2001
565	1948
547	1892
514	1869
473	1677
549	1541
511	1637
522	1861
473	2020
501	2182
529	2182
526	2048
519	2149
481	1705
533	1924
535	2434
501	3538
530	2267
504	2063
525	2042
515	1794
516	2564
530	2353
495	2168
441	1864
408	1603
500	1721
431	1923
441	1621
416	1823
440	2012
428	1909
505	1879
462	2021
409	1883
472	2104
451	1887
404	1770
458	1723
437	1548
445	1600
452	1703
442	1759
510	1985
469	1993
478	1816
473	1999
448	1861
481	1926
435	1971
505	2032
504	1730
502	1851
480	2009
478	2121
543	1834
460	1858
456	2011
499	1775
495	1664
471	2126
512	1812
516	2016
506	2015
585	2040
493	1996
525	2225
529	2338
524	2205
544	2147
443	2021
460	2087
483	2377
470	2183
490	2186
471	2362
504	2525
588	2612
541	2676
539	2830
627	3269
658	2946
598	2549
561	3017
589	2964
582	3156
573	2831
623	2757
610	2825
627	2456
737	2316
809	2557
780	2689
873	2542
967	2363
961	2241
972	2221
