498	928
483	823
523	937
468	697
479	779
474	758
420	632
477	624
486	561
430	794
446	973
472	849
493	856
466	801
513	705
505	760
499	889
442	893
427	795
431	748
469	789
468	824
397	759
427	729
432	740
486	822
471	1061
471	920
490	796
483	600
455	664
477	689
480	583
480	669
472	781
479	796
525	668
503	675
493	842
383	730
486	731
489	736
477	692
476	653
521	780
439	623
469	724
484	659
437	745
435	780
455	724
422	851
422	843
507	745
499	765
432	792
528	837
481	672
455	835
495	808
454	793
475	847
515	772
487	789
511	580
486	692
489	805
428	845
488	792
467	701
455	863
462	891
481	1168
480	1025
477	956
482	873
480	792
446	841
466	734
462	755
496	721
478	719
453	853
479	752
451	718
445	876
439	896
468	949
486	782
472	758
500	662
501	785
484	784
533	881
493	662
487	700
482	825
508	826
473	815
474	717
455	800
507	851
493	740
469	809
476	716
492	664
434	633
525	621
484	581
481	563
452	625
455	868
519	798
468	703
543	731
453	730
472	937
472	730
501	844
482	881
524	717
458	687
476	822
484	882
468	822
500	893
508	840
477	930
450	678
487	775
529	828
487	689
472	678
485	877
486	684
456	781
441	879
439	611
461	599
452	789
472	758
474	831
462	693
482	709
461	737
472	879
474	734
489	664
514	731
555	774
549	826
546	700
505	816
486	835
508	760
526	668
475	537
533	539
523	577
551	609
537	618
458	701
485	820
464	600
460	615
469	847
502	666
572	705
474	647
437	725
486	808
504	698
435	817
523	837
463	851
452	833
447	797
413	817
397	808
447	756
416	835
448	765
473	814
462	852
450	782
477	801
506	866
454	824
492	777
523	687
422	965
483	894
502	934
526	851
475	791
478	942
469	886
499	955
549	903
500	774
515	786
475	805
475	859
481	730
441	844
505	828
496	882
468	834
483	817
457	762
450	598
481	800
465	766
487	807
507	693
495	877
525	797
537	835
470	820
463	837
516	794
514	645
509	831
447	819
446	735
485	856
476	936
479	821
464	888
466	910
407	807
421	896
499	964
536	842
472	983
478	951
499	845
481	905
481	991
474	898
484	901
412	1127
488	1164
439	1067
449	935
424	890
404	738
416	798
438	877
460	932
483	749
413	765
474	736
445	756
491	723
495	813
476	811
483	915
470	868
414	663
519	765
424	754
428	652
487	839
503	918
442	1004
429	793
425	867
443	907
468	846
502	768
480	789
485	771
429	803
372	773
400	718
460	804
456	815
424	880
449	766
491	844
464	795
468	768
451	640
463	578
459	660
467	639
481	734
525	663
496	587
533	883
449	810
578	735
529	827
489	792
471	828
433	659
457	677
503	852
498	735
506	734
511	774
554	817
464	777
486	677
537	620
517	761
462	814
571	781
577	808
593	875
558	817
492	642
483	659
541	673
535	717
515	664
548	708
515	676
498	641
460	694
479	696
508	592
489	599
440	686
406	746
431	873
416	767
461	707
439	571
395	739
440	723
463	706
475	602
489	731
479	630
508	683
462	697
467	802
478	667
509	668
401	614
440	630
374	611
348	651
422	628
431	704
402	838
369	639
430	811
355	671
398	871
394	819
423	894
472	879
519	840
456	786
427	701
393	754
418	698
432	685
473	717
454	639
427	655
396	685
410	622
439	696
382	656
471	650
479	796
443	752
465	802
529	814
446	914
476	879
445	943
472	963
439	878
459	753
411	739
487	851
431	898
435	754
475	762
477	694
469	869
437	878
497	634
518	667
476	703
410	781
473	743
491	752
425	615
465	647
471	793
495	838
505	846
508	611
457	537
511	575
473	717
449	765
438	877
420	738
474	606
497	616
531	624
513	646
424	623
529	757
493	706
474	778
450	706
503	626
509	713
446	806
502	918
486	724
519	612
502	641
531	698
485	774
444	804
520	751
515	839
497	860
458	899
493	965
527	857
530	989
562	997
529	992
481	851
498	934
427	969
479	762
499	760
513	744
492	657
426	661
514	681
526	707
575	778
499	677
505	780
531	637
519	680
525	751
467	846
506	774
481	702
485	761
501	840
487	790
474	868
528	814
513	859
435	633
469	624
495	651
517	727
489	618
533	772
587	756
536	614
522	774
485	792
475	729
513	783
490	775
453	690
493	794
492	777
494	776
450	777
501	812
463	780
434	787
489	793
547	935
535	747
518	714
485	758
501	744
492	912
479	765
449	768
453	720
433	715
443	760
512	654
531	703
558	642
499	775
499	743
490	706
486	746
496	752
508	774
482	755
456	843
480	834
450	801
520	750
467	693
490	868
488	749
520	712
516	761
552	650
527	597
526	646
530	724
465	748
518	848
530	782
471	670
535	650
497	585
543	636
593	709
560	670
499	727
476	919
517	869
533	822
507	768
479	821
458	792
509	789
479	618
515	717
526	781
561	893
592	767
571	791
688	951
821	812
1001	915
954	986
976	822
1321	815
1982	737
2280	649
2201	745
1967	695
2778	779
3088	705
2975	822
2946	874
2814	1079
2744	1020
2810	1008
2353	957
2163	1032
2183	942
2028	1150
1607	1102
1303	1186
1287	1250
1334	937
1582	1260
1218	1274
1131	1186
1224	1168
1505	1150
1388	1019
1019	905
714	790
613	855
541	767
539	806
516	830
453	698
469	718
417	809
380	804
432	869
445	1000
435	782
487	784
470	707
482	853
452	902
538	835
423	591
461	712
496	639
556	813
522	724
502	767
509	829
483	854
488	796
525	798
519	885
518	1000
516	726
567	1011
496	860
554	901
526	749
540	764
541	852
506	860
547	990
523	908
564	892
546	809
524	945
464	813
490	736
503	869
466	787
502	895
485	946
559	1183
493	960
485	849
445	732
490	737
415	824
397	978
433	998
420	774
398	742
491	643
434	919
438	861
499	783
417	826
588	757
458	946
469	926
411	1117
445	859
461	836
530	869
469	688
475	757
521	836
494	889
455	848
474	841
553	856
477	1060
519	1285
479	1192
466	1094
505	962
511	1004
468	889
580	949
577	840
525	899
515	986
498	840
479	770
533	753
508	794
536	791
574	781
498	974
517	1030
451	947
534	800
512	876
501	813
566	948
560	958
525	1033
454	842
518	739
475	874
517	906
503	738
459	804
542	846
556	674
518	707
529	863
530	855
539	743
489	845
513	791
498	719
479	782
495	876
506	831
594	784
578	805
564	715
592	690
533	669
532	651
618	765
617	667
592	666
708	671
692	678
752	639
692	694
724	666
764	703
781	846
809	660
747	615
767	577
826	684
905	803
933	843
1057	770
1003	629
1099	803
1202	930
1412	858
1448	805
1477	948
1435	863
1339	861
1434	926
1502	825
1482	850
1450	807
1385	841
1206	818
1224	761
1161	735
1318	788
1261	879
1160	947
1069	826
1108	650
1192	731
1242	913
1234	990
1262	831
1288	988
1374	963
1197	836
1157	993
1039	861
1034	760
960	773
936	737
802	813
760	579
714	641
685	730
668	811
618	692
590	996
549	975
529	769
603	884
564	750
512	605
527	629
528	826
551	764
543	844
521	690
558	659
594	668
581	611
576	641
520	720
522	912
551	891
518	677
583	773
554	744
534	659
523	859
570	704
561	678
507	724
554	882
516	1004
509	839
548	1037
539	1063
551	910
521	935
531	736
556	698
456	576
517	632
564	552
498	592
511	573
535	636
436	573
447	604
508	698
560	713
491	580
562	599
524	693
518	748
507	763
515	748
531	803
511	654
503	703
546	601
495	554
561	689
578	622
582	731
526	513
552	775
532	710
603	770
551	817
568	1094
577	846
578	729
495	791
560	707
572	674
622	676
585	755
510	732
599	710
576	644
579	650
523	697
497	742
574	752
486	747
459	888
522	959
466	1017
456	878
495	984
482	896
461	740
517	859
516	794
504	813
576	898
551	824
625	758
617	702
546	819
494	736
502	666
527	719
545	692
575	810
599	566
538	692
533	662
602	749
538	634
560	655
576	595
570	784
558	865
520	933
548	755
573	767
535	762
516	774
495	670
579	723
587	669
557	825
601	836
602	873
555	783
499	852
491	711
513	683
515	649
501	575
448	654
504	536
463	700
515	728
481	665
469	635
470	709
543	663
551	687
558	751
535	980
522	750
521	733
554	820
535	719
573	668
538	876
456	770
502	755
593	776
496	830
523	840
499	737
489	848
471	739
530	738
521	615
524	609
477	593
489	695
526	701
525	790
476	805
515	804
523	789
504	710
521	838
476	796
410	747
432	808
467	673
441	609
477	732
507	710
505	612
556	705
518	648
526	747
521	809
548	849
504	813
514	865
486	1037
498	941
476	888
472	742
501	897
517	943
487	936
525	750
501	758
553	803
532	782
553	772
569	944
469	1017
545	876
527	744
582	770
596	680
599	818
527	745
545	840
547	675
591	649
656	752
570	674
651	673
635	730
600	774
689	664
602	817
659	922
708	798
723	742
723	700
773	669
748	592
769	657
767	729
814	712
810	538
745	591
776	687
750	689
806	670
801	771
796	781
741	760
810	714
701	833
757	711
706	920
794	928
740	920
746	933
780	725
770	809
693	761
783	974
746	1076
766	943
741	806
742	733
695	799
709	778
678	767
707	913
715	806
716	869
745	934
738	832
679	888
625	699
632	651
644	845
601	808
614	943
547	901
559	804
501	866
542	977
582	1042
587	890
560	757
545	836
624	656
585	845
533	818
518	777
542	737
536	724
490	786
543	658
527	717
530	764
572	842
556	952
589	927
595	759
590	722
587	922
561	834
512	858
525	847
553	960
509	779
503	894
501	770
478	891
553	881
472	899
491	725
519	947
477	905
450	722
521	686
477	833
490	676
518	626
545	612
565	643
524	691
542	770
546	814
523	961
550	875
575	783
520	718
592	682
519	632
570	719
576	918
596	708
595	796
669	768
636	887
637	1133
577	918
632	982
623	1027
630	839
680	820
602	757
555	788
542	766
548	780
528	740
500	798
566	799
547	848
581	871
528	921
514	938
522	931
592	878
600	782
566	662
582	605
561	798
560	1008
588	869
620	743
587	842
551	829
555	743
559	815
525	802
464	922
500	880
498	800
527	786
521	1018
543	1031
496	953
465	1065
519	634
531	900
523	826
531	807
529	779
511	746
532	866
447	691
461	833
477	851
464	969
478	999
508	1038
530	1003
541	935
483	698
471	710
498	616
529	682
516	754
458	719
493	683
494	669
461	701
515	598
511	682
488	951
514	778
484	752
441	838
383	679
453	668
484	642
468	739
486	881
502	1050
475	964
467	874
397	844
510	984
520	1164
450	937
507	857
435	941
439	890
476	861
443	866
482	674
450	791
444	870
464	795
446	800
458	782
405	713
498	669
421	691
460	703
487	853
498	900
518	838
483	678
491	640
490	617
469	643
460	730
432	671
517	860
494	721
525	779
495	868
490	726
515	720
492	787
502	835
543	858
483	832
509	808
481	878
468	859
470	906
460	840
530	906
549	828
559	932
518	980
553	992
555	926
586	956
510	828
501	853
466	961
475	995
529	883
493	868
564	931
493	943
525	1026
535	856
470	714
502	830
488	945
441	953
492	760
467	1053
544	957
520	667
538	888
543	903
506	850
528	883
463	642
479	796
495	715
534	924
498	953
452	873
482	815
455	830
469	776
508	821
550	862
514	945
480	998
521	877
501	871
507	898
465	793
452	725
449	821
466	947
546	995
489	943
483	898
471	929
499	877
506	771
420	703
429	871
486	1012
470	755
463	1002
486	741
400	903
444	1114
466	1008
466	994
475	1117
435	904
491	995
459	1016
454	893
495	913
485	807
475	787
494	832
551	771
488	631
455	795
503	737
480	804
461	753
444	727
492	601
464	719
416	713
445	803
486	773
506	778
430	810
470	717
523	763
479	898
527	1013
564	1004
564	925
602	881
556	695
536	727
448	840
482	760
536	719
563	684
608	813
593	838
597	957
661	987
619	995
558	789
533	909
520	880
611	892
615	830
620	919
605	876
580	751
501	859
528	831
474	893
586	915
599	723
626	816
583	822
596	747
592	789
593	784
606	712
525	787
497	666
447	662
479	707
460	666
479	665
476	783
511	558
535	752
521	729
500	655
494	684
483	745
469	872
502	645
488	621
489	619
526	729
546	738
585	726
558	673
535	654
581	803
550	980
581	981
588	737
545	983
559	831
621	918
623	732
633	795
650	917
731	904
713	1010
730	728
683	673
551	836
584	715
654	807
694	779
579	723
655	736
635	707
731	826
710	760
698	685
578	753
607	833
582	851
585	864
578	847
614	751
538	750
538	715
555	792
573	703
568	683
666	782
930	644
1129	743
1031	717
945	703
1020	762
955	830
858	817
858	847
891	675
868	868
817	863
690	724
720	759
670	715
761	844
720	702
681	602
700	844
663	869
684	741
642	718
698	732
741	663
685	614
681	616
706	697
720	759
735	716
818	743
755	740
771	716
756	883
801	830
783	821
814	804
790	785
802	835
821	818
749	592
744	620
754	707
756	660
650	778
735	846
730	591
643	853
653	735
662	730
632	761
574	832
619	862
647	864
579	790
600	808
636	772
568	881
644	887
591	789
626	862
626	896
618	749
561	690
536	738
534	838
494	815
445	915
531	718
502	885
537	796
498	779
497	740
528	895
555	778
555	732
548	866
581	643
602	752
559	814
637	835
578	823
598	806
543	801
577	660
606	771
566	1055
556	1000
530	1036
550	802
546	831
478	730
566	846
625	701
518	609
513	720
567	906
531	801
539	800
515	846
585	744
568	711
549	800
547	860
540	967
550	791
557	859
522	1005
513	1028
533	1157
509	1048
465	946
551	889
458	779
479	892
541	891
531	1065
550	985
488	917
549	759
547	723
573	742
510	658
540	691
503	739
504	807
541	919
483	787
450	810
523	891
530	936
476	820
555	856
477	700
496	551
473	573
505	636
440	680
560	704
528	836
519	823
562	953
500	880
452	891
526	752
591	835
605	868
573	982
618	809
598	802
554	947
485	788
550	802
473	674
542	835
545	905
518	758
475	791
544	914
586	948
438	851
500	786
457	694
475	745
476	721
412	812
495	805
521	921
470	829
513	800
488	1025
498	991
515	714
480	737
483	914
507	756
472	707
459	734
488	616
511	624
488	685
531	641
482	701
476	651
523	640
493	844
487	834
491	644
509	714
530	989
465	755
498	728
453	860
491	995
505	922
503	820
517	906
475	821
448	858
479	904
438	921
479	1039
428	868
431	857
436	779
486	897
481	823
501	851
460	1057
450	1033
463	984
471	980
461	954
476	837
490	900
469	681
445	679
467	1003
468	819
436	771
451	886
490	738
478	756
428	665
516	717
442	835
385	738
424	964
500	880
400	698
414	684
436	691
473	689
484	823
470	712
493	850
513	781
514	863
535	874
526	881
471	805
490	788
490	764
481	646
484	744
421	743
412	740
487	836
501	841
469	795
471	831
466	767
476	678
486	777
492	686
481	687
510	740
471	837
443	757
495	725
469	789
479	954
472	925
432	727
494	814
508	763
438	808
506	759
474	733
490	749
490	1009
497	826
482	767
448	932
494	872
502	855
449	816
446	1050
458	877
476	904
525	909
530	944
439	808
561	800
501	822
473	801
511	882
505	882
496	1054
488	961
466	817
522	886
491	1135
479	1063
545	781
443	678
460	721
481	771
480	744
475	832
508	781
476	731
484	682
503	869
463	802
462	777
464	792
457	804
500	773
427	878
512	914
451	814
518	739
455	854
441	863
501	935
532	1039
481	1033
479	956
515	793
509	801
507	879
475	659
469	865
514	750
494	777
467	783
485	691
488	998
475	843
435	958
489	1003
498	1065
517	1088
461	957
498	914
499	863
486	791
477	847
465	767
440	844
431	808
432	802
468	675
439	712
525	812
485	724
459	851
483	865
458	1023
525	820
473	804
454	782
493	810
459	889
492	816
527	804
510	675
510	663
536	598
473	817
453	853
514	762
453	780
492	654
460	653
502	786
522	760
455	889
477	870
468	881
455	832
444	774
433	788
488	1023
450	759
480	867
433	933
391	954
443	790
495	918
498	1004
487	865
459	968
514	671
508	647
493	672
505	646
504	663
586	692
533	842
527	876
520	909
512	954
536	729
536	768
576	834
521	703
579	751
551	698
570	738
497	741
511	726
560	747
580	713
545	935
608	1067
572	1152
625	896
613	855
517	923
548	638
588	662
548	782
561	580
501	651
508	723
539	749
519	648
518	738
502	732
489	743
466	746
495	788
546	695
514	670
518	606
507	709
541	809
496	784
532	733
572	778
533	844
498	882
514	942
525	898
544	805
567	754
534	1020
512	988
516	866
514	742
532	620
546	783
567	818
500	756
530	675
471	662
577	624
467	482
487	569
477	546
518	652
528	671
533	716
578	701
546	880
569	752
526	601
586	683
502	745
555	724
518	588
514	526
492	595
440	790
488	783
475	770
475	668
482	703
504	637
541	603
508	689
540	637
594	738
572	794
584	698
582	760
542	646
571	712
659	733
558	765
526	904
521	658
529	730
524	685
505	968
525	927
517	676
504	641
472	659
471	782
500	652
582	623
768	685
1007	750
1128	693
1146	640
1356	564
1666	799
1954	849
2050	804
1959	831
1985	805
2386	918
2807	786
2720	712
2705	997
2603	968
3174	730
3783	705
4024	827
3949	999
3804	939
3867	821
3824	1005
3793	990
3570	698
3410	695
4015	714
4899	680
5928	705
6391	773
6247	762
6442	853
7089	806
7641	1112
8199	957
8235	1104
8570	1022
8969	864
8933	1074
8472	984
8002	842
6980	743
6692	742
6147	545
5896	672
5656	743
5334	768
5520	853
5852	1004
5787	952
5680	1117
5246	1046
5017	864
4073	834
3372	890
3167	670
3381	772
3044	874
2819	960
2347	980
2445	1076
2345	879
2265	840
2247	884
2040	856
2134	814
2174	789
2267	833
1958	728
1409	806
1054	687
958	656
904	757
844	554
669	666
711	681
758	743
775	827
823	769
706	610
670	599
635	698
694	750
746	806
564	649
569	705
520	717
519	671
500	690
497	654
502	649
481	719
497	648
450	715
478	509
549	504
508	604
544	710
487	630
525	570
553	764
525	740
571	647
539	532
597	596
615	706
710	768
695	816
619	781
560	739
539	811
490	748
508	761
476	749
459	748
434	906
450	878
462	816
506	825
564	699
604	842
574	702
618	746
680	754
656	837
688	818
722	886
647	776
614	849
601	656
619	630
595	655
585	810
539	735
604	781
568	884
558	861
610	884
529	737
626	847
638	719
635	760
549	773
554	803
487	662
545	681
502	797
507	882
474	654
513	705
487	766
509	783
480	579
521	750
509	739
479	652
459	988
484	830
503	697
461	863
490	717
533	722
477	593
461	803
470	959
473	1046
560	848
477	877
505	868
492	954
476	673
461	796
463	819
497	717
487	876
492	938
451	645
405	764
456	838
474	711
497	988
519	955
440	907
445	852
456	828
556	792
508	638
512	738
533	731
494	815
530	765
488	764
537	751
581	660
553	699
518	687
489	829
464	826
431	903
545	795
484	708
440	820
531	804
517	686
534	745
503	792
472	767
459	630
466	740
472	799
533	814
527	715
515	751
434	695
473	641
481	828
502	863
458	764
570	676
450	594
531	625
527	675
483	617
467	626
527	625
524	667
467	838
506	540
520	722
501	647
510	523
551	537
500	531
502	728
596	739
534	808
550	775
564	727
540	668
515	805
581	738
607	893
587	832
565	722
571	684
657	681
563	643
651	730
608	682
629	712
659	602
616	647
646	824
636	995
634	765
603	698
642	692
716	680
654	844
684	905
663	886
662	1047
699	788
639	848
697	926
701	1087
675	872
742	1113
685	952
663	779
630	960
632	869
676	797
620	662
629	756
673	606
624	726
601	838
597	704
589	794
622	845
642	839
591	989
607	820
595	847
612	815
630	724
607	746
587	591
591	628
647	734
589	709
621	802
648	802
654	891
649	802
680	661
621	682
698	593
740	561
721	651
689	653
768	750
881	688
829	723
743	681
797	824
724	873
704	1009
735	884
723	871
653	849
776	811
723	752
775	642
769	678
730	684
693	774
665	662
639	785
605	1006
611	850
634	845
670	918
651	877
595	799
546	881
586	764
610	713
555	763
605	768
529	694
573	755
560	697
524	747
575	590
563	730
553	667
549	727
529	799
616	743
602	722
591	686
603	703
558	781
535	746
558	785
551	885
569	762
557	668
508	810
467	866
474	919
504	844
523	791
515	774
520	821
490	874
455	669
483	678
514	756
493	817
516	799
424	764
445	848
475	851
467	955
536	1040
485	715
501	733
518	714
544	703
525	755
538	898
545	1078
567	947
602	981
633	963
602	963
526	785
541	649
570	708
505	704
485	852
490	784
528	900
566	1122
544	996
481	1159
528	1115
444	1004
489	908
464	994
502	1133
527	1155
524	968
504	821
456	663
481	707
440	770
449	625
442	733
497	630
499	787
547	827
520	850
495	901
465	858
558	909
466	921
488	792
451	709
459	717
449	821
450	1023
489	810
487	891
465	811
447	843
474	709
425	892
427	960
412	1003
475	854
473	921
511	810
498	787
504	723
558	955
518	950
518	834
496	775
445	862
490	918
462	727
486	720
464	659
416	714
406	637
452	589
429	761
469	710
410	782
425	800
405	723
468	725
473	778
458	627
441	732
494	830
460	919
494	734
433	726
468	712
447	578
415	703
444	802
458	808
430	908
468	1009
474	926
498	776
487	1020
504	923
432	908
418	805
438	864
491	719
452	791
451	819
415	717
447	835
498	691
493	756
441	718
403	635
444	821
468	873
491	743
563	714
490	989
502	972
453	792
486	792
488	952
505	732
491	664
431	741
500	688
494	693
448	806
463	698
430	767
426	788
392	779
436	857
489	862
438	948
537	754
453	822
410	840
430	580
465	591
423	752
509	749
448	885
442	830
495	843
473	921
489	782
501	705
473	702
493	745
460	737
420	652
420	690
461	817
438	914
485	888
414	882
492	839
473	836
446	791
470	786
483	956
478	760
436	874
399	894
418	1063
460	902
471	1007
511	765
448	623
452	751
521	840
600	832
569	724
570	753
592	748
538	758
632	734
610	894
647	799
677	839
703	754
665	886
646	686
663	894
580	935
675	948
600	872
595	754
545	890
596	887
588	801
554	866
476	796
501	722
470	936
441	1039
518	980
542	767
551	806
525	943
472	928
432	990
438	925
404	895
438	721
461	630
433	785
455	796
441	892
417	829
432	684
431	782
433	715
443	723
430	791
462	782
463	855
432	810
443	765
484	791
442	944
461	919
499	799
430	904
467	683
459	745
462	739
445	884
440	910
421	866
482	832
473	883
510	864
527	712
430	839
471	755
469	861
450	702
425	894
447	973
430	847
492	810
500	890
477	981
410	738
424	780
455	784
470	697
466	753
493	713
463	759
469	722
499	880
505	902
523	827
489	722
475	830
504	822
455	713
531	814
521	802
478	704
464	702
503	725
481	704
529	701
539	811
584	805
518	734
571	843
595	899
550	805
569	878
554	623
486	578
550	692
523	744
527	535
554	558
544	782
505	710
537	658
551	900
552	879
509	964
471	995
510	1001
511	872
522	826
532	904
518	963
517	959
498	1090
575	1218
523	976
524	1098
517	1029
493	982
468	1111
480	1025
401	746
432	857
473	863
457	872
436	835
475	823
442	873
485	755
494	744
464	885
469	752
473	774
469	885
463	873
528	930
522	796
464	712
452	652
479	755
492	797
464	598
505	797
522	841
504	939
525	833
466	761
485	629
455	715
442	568
494	649
487	636
475	716
486	621
456	520
466	556
468	506
512	626
509	713
474	538
471	673
422	640
450	633
486	628
466	808
468	834
508	929
476	779
491	709
457	898
487	967
426	1086
392	783
466	892
474	731
510	878
518	938
493	1002
506	774
494	774
578	869
485	807
474	714
475	789
564	853
499	908
460	809
519	778
495	752
466	614
467	631
443	656
417	824
450	729
462	864
516	904
470	775
445	594
447	828
432	673
436	829
500	944
518	919
548	840
520	768
487	903
507	871
435	758
449	650
493	813
503	791
510	738
556	901
599	901
740	797
688	929
723	1008
699	766
769	807
786	966
723	1112
615	1091
559	1005
596	901
543	965
577	950
519	909
567	787
511	923
529	729
516	767
521	830
496	830
497	926
486	936
441	815
489	694
449	746
519	812
490	762
451	693
509	754
455	763
452	744
426	646
485	889
454	921
527	936
504	980
475	1028
506	913
429	761
491	915
437	858
471	846
429	777
509	879
496	698
460	630
468	820
524	790
487	1077
445	941
484	656
476	630
511	642
498	720
510	645
501	713
559	659
533	740
562	673
588	626
654	701
610	767
581	744
625	699
682	691
736	851
668	928
675	746
575	856
569	900
548	899
545	850
576	712
601	682
598	791
585	965
519	812
561	833
545	774
552	778
547	601
528	690
457	774
494	761
518	751
479	706
488	744
485	962
498	764
490	729
521	716
452	642
458	633
492	635
495	629
408	671
476	789
467	915
439	804
409	751
513	765
501	617
476	679
499	649
466	876
474	782
493	766
529	752
487	763
461	652
486	747
465	917
506	639
463	661
490	745
500	628
438	773
475	721
443	650
498	638
500	712
486	681
427	655
441	615
457	497
380	603
465	615
436	689
401	680
436	894
461	755
451	903
460	863
454	841
457	802
459	723
422	736
478	818
481	834
471	761
530	755
452	728
452	779
503	790
465	779
486	852
551	867
501	891
517	905
470	1047
498	866
490	872
508	978
490	839
545	746
512	706
505	930
463	847
440	795
468	796
503	972
505	938
541	810
559	766
629	769
604	763
596	711
566	670
609	707
621	680
628	754
572	709
563	730
511	695
597	739
674	781
664	824
685	787
711	753
671	955
677	737
641	849
628	791
632	792
616	787
579	619
608	534
550	583
599	573
627	612
517	629
614	594
583	763
573	606
637	694
595	709
567	805
555	608
612	621
564	683
624	724
655	648
598	688
600	716
627	774
587	999
605	959
569	834
591	765
612	731
689	863
651	951
685	748
532	969
598	882
580	762
575	725
574	635
634	723
574	756
542	765
653	785
565	750
656	782
618	820
664	803
619	787
582	792
620	784
571	709
608	683
596	798
667	763
648	936
640	775
627	806
606	869
613	848
652	732
626	681
619	693
647	591
625	694
625	804
651	692
713	615
709	770
704	760
628	771
629	819
675	625
714	670
733	579
659	730
630	782
734	718
673	680
692	635
624	594
686	602
707	555
792	505
695	695
712	670
749	625
726	622
782	666
763	654
748	667
733	854
722	818
773	817
844	849
772	1007
770	884
714	988
743	942
777	862
768	1022
766	986
741	905
839	967
837	813
826	739
842	731
843	707
870	629
906	605
774	652
909	663
914	591
961	548
950	568
963	592
948	535
817	701
781	888
878	681
846	568
876	777
930	814
816	764
973	748
938	679
869	604
920	721
988	811
996	754
985	632
1017	654
976	667
1010	685
958	718
987	757
1032	825
901	694
958	649
894	676
1035	756
984	679
1033	677
1018	580
1034	532
1059	572
1047	589
1029	679
1059	672
1080	703
1147	729
1209	569
1160	742
1109	921
1176	772
1224	627
1136	683
1112	601
1088	544
1082	567
1103	546
1077	581
1222	578
1164	626
1227	677
1196	652
1184	697
1255	700
1273	820
1270	821
1307	929
1411	827
1346	830
1368	710
1359	670
1398	809
1392	767
1252	726
1286	729
1337	738
1359	588
1362	519
1354	612
1430	581
1435	806
1396	756
1575	690
1592	616
1640	622
1618	732
1625	633
1501	662
1695	560
1680	671
1578	665
1435	614
1424	603
1305	633
1375	649
1161	792
1237	846
1227	771
1205	693
1214	574
1293	591
1335	533
1376	526
1644	588
1697	610
1710	560
1731	496
1787	563
1784	582
1736	720
1782	691
1574	635
1566	587
1494	605
1507	723
1316	666
1273	656
1286	692
1174	854
1238	876
1263	776
1321	831
1378	906
1506	896
1528	729
1539	865
1680	646
1790	624
1768	755
1713	645
1674	669
1679	690
1613	618
1577	611
1444	694
1317	647
1224	787
1250	776
1211	718
1115	572
1202	547
1271	514
1395	797
1304	882
1304	792
1323	573
1471	784
1495	770
1471	830
1553	894
1628	815
1473	717
1383	854
1359	728
1298	813
1244	727
1165	764
1214	704
1210	586
1248	560
1289	748
1366	778
1309	884
1297	1003
1395	782
1452	799
1494	767
1514	781
1503	800
1410	977
1348	972
1323	929
1337	846
1449	920
1389	964
1321	800
1162	782
1151	832
1135	734
1166	798
1085	853
1067	780
1035	799
1058	706
1055	673
1036	680
1093	760
1077	828
1091	845
1052	780
1004	771
977	768
956	574
981	657
898	713
863	730
854	753
787	768
720	724
773	631
815	543
853	768
788	579
789	637
820	597
756	618
864	669
796	743
829	774
817	714
837	657
754	639
750	738
808	841
834	856
722	741
691	642
664	754
731	861
714	874
713	778
712	917
776	780
696	819
615	804
702	684
688	840
708	946
652	742
626	649
566	770
619	716
637	660
623	668
615	671
559	626
682	728
612	712
600	696
638	733
579	748
631	740
557	839
612	891
649	915
619	1039
605	839
564	833
574	787
588	733
511	886
548	1066
595	927
627	840
514	926
558	948
497	834
550	703
564	730
623	669
563	846
496	803
577	799
520	807
517	871
540	716
522	828
566	708
513	764
544	730
554	712
562	770
565	745
574	700
591	794
574	781
559	819
554	800
554	728
557	841
473	838
492	1026
449	1137
546	903
455	963
459	831
508	839
421	949
474	905
455	866
536	961
442	855
499	743
470	770
466	800
438	721
410	638
436	828
449	835
470	809
482	768
526	643
542	697
526	651
529	607
471	967
503	1002
538	927
462	679
486	857
488	659
461	687
462	653
487	700
444	723
469	825
513	847
521	873
526	846
487	803
467	698
436	805
418	628
525	773
524	873
499	828
505	893
461	793
532	736
513	861
454	679
511	683
484	770
555	713
461	637
479	671
520	823
554	653
528	643
558	745
535	733
542	997
517	946
526	916
489	971
423	953
463	981
464	825
518	912
470	864
515	794
467	940
468	1134
521	815
486	858
500	918
512	797
510	1028
479	644
504	781
523	800
469	806
459	777
523	1037
495	897
518	820
507	790
521	737
525	723
552	989
516	911
513	1112
523	928
543	793
502	773
522	744
539	664
602	756
628	743
672	716
662	632
662	718
708	692
600	795
591	739
598	781
578	772
535	894
521	875
554	795
531	769
502	748
526	920
466	843
485	767
498	900
469	706
528	723
536	624
525	638
500	628
515	523
504	612
532	624
516	618
485	656
538	625
537	661
505	739
454	688
550	630
485	600
453	601
450	699
480	659
469	584
469	606
468	618
496	657
446	534
420	628
465	635
489	706
414	615
462	770
470	720
463	784
452	739
463	711
463	769
446	703
463	861
503	888
408	803
415	794
403	752
439	731
448	781
422	545
442	639
460	771
410	885
424	752
476	819
488	833
484	791
450	767
479	712
496	644
477	631
468	779
500	686
486	950
499	876
431	856
468	850
443	737
518	884
455	639
453	717
486	650
462	541
520	765
506	657
429	760
459	767
470	754
488	683
455	831
447	789
446	696
484	686
455	711
470	610
435	799
462	730
448	785
499	976
530	803
525	693
496	710
483	719
477	686
510	756
466	714
476	831
459	702
469	587
445	629
495	581
493	587
478	698
459	700
470	813
518	669
497	618
470	612
441	694
468	762
479	692
481	878
477	681
537	658
537	707
476	666
525	674
416	544
493	644
465	629
495	617
468	634
436	614
500	666
455	781
489	711
490	701
474	701
509	733
481	748
486	733
455	872
504	886
462	963
463	786
440	712
477	831
400	692
466	816
447	623
484	622
483	608
488	696
467	585
476	606
544	598
484	848
555	886
529	807
584	657
540	743
552	697
644	777
651	682
692	634
733	675
741	729
730	693
767	774
711	767
734	875
698	816
683	819
621	809
629	813
621	704
679	703
592	936
646	798
564	807
613	704
633	775
615	684
514	974
530	818
486	813
495	666
543	769
545	731
506	786
532	908
524	841
506	630
482	791
453	730
508	742
502	802
488	839
543	849
519	909
530	975
548	951
523	924
510	724
470	635
439	646
457	713
428	812
525	916
411	804
506	820
505	980
495	1013
490	897
506	862
538	1009
606	1074
584	884
595	811
517	843
510	740
497	825
482	785
539	792
559	702
544	669
519	793
478	738
508	748
503	813
483	726
552	546
528	622
617	686
572	577
555	525
602	671
565	587
566	542
611	632
555	763
512	768
554	879
593	850
549	910
485	891
520	871
503	794
502	718
557	591
543	710
554	583
566	673
608	724
622	757
598	652
573	660
574	706
603	604
565	713
578	790
572	706
582	729
563	712
543	595
586	728
598	758
579	917
547	782
625	894
627	870
607	774
581	655
663	626
707	668
733	796
728	602
675	644
658	790
675	745
739	653
716	654
724	651
626	632
651	641
635	666
635	582
589	757
580	720
550	696
589	750
637	843
573	811
572	795
602	693
570	687
568	711
651	824
627	720
636	720
596	803
617	736
647	705
638	753
647	621
554	654
593	725
631	708
618	664
622	682
633	736
557	698
602	606
651	627
698	640
641	624
594	663
546	575
584	625
609	863
602	785
667	764
649	759
631	813
606	800
669	606
628	567
604	669
628	613
598	746
635	728
638	849
589	784
620	748
599	766
611	780
654	606
646	569
696	673
706	683
632	890
624	852
610	660
589	574
521	690
599	728
590	696
693	716
644	852
566	753
576	642
596	843
595	889
642	815
658	804
597	787
587	676
567	676
597	721
607	792
621	716
569	769
642	646
587	613
559	600
547	653
621	1098
606	1056
672	945
651	940
639	897
643	838
604	800
658	593
661	614
732	630
707	758
709	668
650	637
782	821
654	660
716	721
676	787
609	725
672	936
642	688
603	676
622	662
590	588
617	685
574	838
580	733
548	763
625	696
619	628
610	644
655	631
614	612
729	698
695	724
662	560
681	586
659	591
715	893
691	731
634	734
659	676
640	593
600	532
594	657
574	633
564	609
529	693
548	680
556	647
611	612
568	765
567	760
612	774
640	766
639	651
612	912
646	680
626	684
681	661
663	596
565	644
657	769
630	791
650	658
619	719
583	753
591	685
616	678
577	725
661	668
582	846
585	773
607	616
586	646
556	751
615	777
632	776
605	801
641	702
640	647
666	716
582	660
597	773
571	705
540	731
563	735
553	786
615	709
648	670
628	769
612	735
631	770
641	683
701	767
644	774
596	865
605	957
602	836
591	852
580	723
566	672
547	584
546	673
557	650
579	746
551	942
465	835
521	902
550	1117
534	899
575	864
586	841
577	827
642	659
607	777
605	761
591	709
588	635
564	762
537	773
577	683
561	819
594	875
573	853
502	928
531	981
610	656
548	811
506	690
480	819
551	764
516	785
569	754
553	852
607	845
553	831
602	715
590	892
640	799
520	765
567	876
633	788
535	708
598	710
591	735
537	640
494	696
536	696
550	679
582	632
511	837
566	962
537	840
586	808
560	948
482	792
513	804
493	917
490	765
516	727
539	812
565	598
480	778
548	806
537	757
542	751
490	655
548	874
485	899
496	886
504	723
553	725
558	984
549	899
503	870
553	833
570	713
514	557
526	683
585	661
501	633
601	783
472	646
525	753
611	718
476	872
501	902
490	799
556	700
486	876
516	699
538	713
518	844
525	763
526	853
543	777
549	693
504	780
565	623
511	655
582	593
552	609
556	577
465	579
465	549
548	557
518	623
496	595
478	591
497	689
446	699
522	623
493	646
524	752
515	587
516	592
522	680
470	641
510	734
557	667
523	788
576	875
571	685
528	797
474	704
527	684
479	684
444	659
481	600
513	720
475	747
477	710
449	671
498	611
515	635
482	761
522	966
451	812
537	887
538	717
467	621
464	827
436	716
485	776
510	829
517	745
544	756
537	842
463	815
470	699
443	674
497	627
469	658
506	848
491	889
515	821
530	801
581	761
484	968
471	947
466	742
543	713
507	643
539	708
534	717
550	816
542	798
537	821
543	620
509	639
496	628
464	576
463	648
503	671
438	746
476	672
496	878
472	880
512	690
479	769
468	750
497	703
509	582
513	537
520	666
474	772
495	713
456	695
447	678
505	692
519	674
463	718
501	725
527	607
479	644
491	586
508	574
525	586
499	641
498	650
466	665
453	710
538	819
510	708
505	607
555	572
532	751
488	728
463	747
570	648
576	672
501	783
551	711
528	652
514	659
535	726
537	781
566	734
528	636
510	670
494	635
572	656
553	625
512	848
566	770
535	724
603	852
520	794
494	752
471	862
522	887
534	860
537	653
577	804
526	906
576	801
541	651
561	619
557	710
545	692
609	743
632	759
648	739
719	685
721	794
714	815
790	829
695	725
682	662
729	539
757	606
721	719
669	628
684	658
720	748
925	809
1069	842
1348	953
1334	867
1646	887
1902	750
2055	623
2197	727
2106	700
2124	766
2337	804
2383	628
2500	781
2659	769
2738	655
2653	774
2525	748
2458	747
2219	797
2233	695
2105	702
2140	779
2226	655
1974	820
1784	780
1600	757
1418	805
1406	747
1317	695
1323	729
1339	736
1318	918
1308	831
1161	916
1294	883
1292	776
1091	869
962	755
830	867
861	798
844	981
796	884
848	788
823	745
823	756
805	682
862	899
839	857
856	798
824	876
841	732
846	745
846	819
798	821
802	781
759	713
728	676
680	783
676	685
689	721
659	691
623	664
686	712
641	724
635	668
642	726
667	760
602	842
580	658
582	752
605	683
548	821
584	771
604	928
552	895
534	813
562	634
554	594
564	702
578	695
585	694
585	820
532	729
515	735
456	639
554	693
562	681
498	569
524	682
509	702
569	647
546	644
496	862
524	881
526	969
496	930
492	830
506	701
447	575
512	677
518	729
511	733
478	663
513	733
485	763
471	769
502	733
485	727
464	684
483	577
474	752
533	628
479	584
485	689
555	716
523	923
525	948
487	957
485	863
481	881
465	906
453	813
505	731
569	699
482	608
451	892
499	916
509	790
472	709
441	724
425	728
493	801
521	895
479	921
551	873
503	874
467	952
519	897
456	1035
440	961
510	819
477	750
489	758
481	719
452	714
491	678
424	692
519	643
501	834
509	623
501	671
484	654
491	777
461	786
515	763
518	854
499	741
464	614
457	664
444	672
462	707
509	727
491	723
440	636
459	696
400	688
407	655
470	801
486	767
491	719
440	815
481	634
557	791
498	903
478	679
414	721
475	625
461	658
495	569
425	610
425	633
409	733
482	745
556	712
505	658
482	631
446	554
541	658
485	636
482	603
474	572
487	649
439	666
459	712
467	733
506	629
486	657
509	609
543	586
432	747
455	709
499	666
502	683
498	687
538	651
486	799
495	814
495	764
476	774
469	790
462	782
498	761
488	954
435	669
457	642
498	650
544	662
499	670
556	741
469	722
506	692
508	629
505	623
505	731
487	773
484	874
457	890
500	724
491	674
506	558
539	750
600	780
523	826
543	674
492	684
507	892
441	717
504	907
501	831
443	826
483	778
465	766
520	685
499	799
482	816
486	792
538	941
492	893
503	846
505	741
528	895
468	796
504	845
520	837
584	859
562	913
589	739
550	842
583	857
589	886
490	774
548	740
526	690
588	790
604	686
578	751
590	741
571	697
541	838
540	683
558	708
656	850
555	694
554	757
506	820
571	777
562	812
539	664
517	635
521	639
480	741
533	714
506	809
498	809
494	655
513	742
556	614
517	610
616	578
595	524
600	634
534	482
581	591
594	592
524	590
542	550
561	624
530	889
617	757
600	696
623	687
584	844
657	829
548	695
582	703
522	726
585	612
502	612
559	655
615	770
621	867
580	690
564	773
577	755
551	753
568	758
556	738
585	774
563	661
628	538
528	584
561	615
533	755
543	867
547	808
573	812
559	693
569	763
500	647
513	718
538	576
563	494
541	583
545	707
508	793
570	719
524	708
505	621
532	739
579	759
516	817
543	853
562	914
528	927
563	887
608	842
563	844
547	838
601	811
570	718
577	681
551	800
458	612
542	592
521	644
519	867
545	873
576	792
558	773
562	754
509	658
552	694
525	739
564	791
515	784
554	790
602	799
589	725
563	643
528	815
561	786
508	767
576	917
577	666
552	757
560	670
550	620
514	696
505	643
566	686
547	809
565	639
504	654
568	772
574	724
586	705
552	638
546	696
615	595
478	704
525	648
555	629
488	603
486	535
514	657
490	629
508	779
467	724
480	742
492	757
531	753
533	717
541	617
508	619
477	684
469	754
543	660
487	691
510	674
451	826
494	802
508	732
466	834
485	892
461	981
518	928
536	920
462	931
492	739
499	716
474	721
433	809
454	685
446	640
447	720
433	793
486	689
462	690
470	820
484	759
489	909
487	790
458	807
446	701
474	928
509	829
475	878
448	785
485	642
467	753
509	699
478	661
487	580
422	792
444	600
486	742
442	841
437	697
462	655
468	631
466	777
482	719
429	643
474	580
495	558
477	606
527	599
516	733
542	722
453	857
534	848
420	779
474	1029
474	778
501	776
535	590
494	682
462	798
450	774
429	665
518	690
440	613
482	752
455	690
477	651
468	517
430	601
500	715
462	718
410	658
466	724
453	653
537	791
489	721
499	682
425	775
471	764
524	610
499	1008
474	845
456	676
436	744
450	558
496	740
521	713
451	700
456	801
487	756
528	728
462	836
453	741
457	700
484	717
474	931
462	745
447	748
536	716
496	701
547	680
517	694
483	805
412	672
505	534
510	757
498	928
470	888
462	842
469	756
489	680
506	896
476	836
518	914
487	822
512	948
531	880
528	802
529	735
547	693
522	746
481	813
515	829
468	956
540	745
505	817
499	812
459	793
463	746
450	556
461	741
480	818
450	704
498	695
516	738
460	620
475	585
468	602
485	614
473	787
498	699
529	745
477	809
500	893
461	850
448	877
487	1038
487	798
440	851
429	700
491	711
465	781
439	895
467	975
516	1011
453	884
447	785
519	894
477	849
568	768
500	741
542	743
537	718
465	699
448	844
475	651
483	844
498	774
540	850
557	569
594	575
615	777
541	699
552	608
573	590
523	705
629	705
653	674
635	557
639	599
541	578
525	539
519	487
571	509
538	585
573	552
578	575
606	639
543	656
536	804
551	807
575	633
524	661
508	677
521	654
519	554
524	748
481	716
523	870
406	931
522	899
411	793
441	684
451	670
461	780
472	886
444	883
391	979
481	849
414	791
380	757
408	887
477	955
418	788
423	729
482	696
493	712
450	782
467	666
476	742
463	886
427	623
455	662
436	693
488	765
491	665
498	699
482	664
453	833
507	733
570	817
538	952
468	852
485	675
518	772
582	861
577	771
481	646
495	738
479	856
463	774
503	703
490	808
452	755
419	795
474	768
496	845
491	734
497	811
512	1032
579	948
551	968
561	827
533	793
557	891
522	815
498	848
450	791
541	645
503	615
541	848
476	642
518	738
468	737
463	743
485	649
454	583
481	720
498	726
520	701
508	679
432	667
488	660
458	690
488	698
497	709
557	836
508	908
524	774
496	752
497	723
476	686
522	719
450	761
454	882
410	682
481	584
492	591
532	571
476	550
535	705
549	724
511	781
536	675
489	642
500	702
526	605
501	560
575	650
570	730
567	641
549	666
595	542
632	593
555	648
491	546
479	564
469	621
477	695
555	649
509	711
500	620
535	698
433	776
520	677
508	793
430	658
438	869
435	745
462	753
429	701
518	647
537	720
460	716
498	706
466	518
504	559
472	644
439	598
476	626
400	496
456	564
433	610
447	612
469	650
496	614
480	581
457	620
503	696
507	693
518	709
481	596
507	614
508	650
496	704
525	850
520	1029
550	820
528	740
491	519
513	585
516	514
520	590
558	646
526	783
516	849
509	875
571	840
511	1007
582	690
492	773
527	767
516	712
548	742
522	633
581	716
584	784
616	653
719	667
728	816
727	661
797	653
774	579
823	608
756	706
739	733
764	813
808	854
972	722
1017	771
1053	773
1050	796
1069	812
925	734
817	599
881	776
826	684
777	723
803	946
853	637
800	538
790	547
712	546
646	761
721	632
630	697
629	695
561	672
618	602
564	663
601	876
556	736
564	769
567	762
513	604
570	683
559	808
566	680
584	761
522	813
568	570
612	681
563	821
589	800
528	669
539	570
480	658
561	781
594	712
610	690
568	756
511	588
536	623
513	711
550	815
581	709
570	740
507	673
553	788
520	665
472	747
518	746
556	757
541	571
573	584
562	570
599	668
615	826
675	684
725	661
672	802
609	694
605	541
551	589
538	583
477	689
534	614
570	607
559	725
554	644
519	755
516	707
499	735
537	888
495	925
495	701
479	720
455	892
507	635
496	664
487	725
457	830
478	876
480	749
493	716
474	626
467	651
490	657
490	742
519	979
470	835
518	925
535	933
510	945
518	830
576	834
526	860
533	807
522	673
624	718
578	642
570	617
577	740
529	642
550	753
585	721
562	720
537	648
590	746
556	857
504	643
496	769
504	734
511	729
555	578
509	536
507	693
539	618
534	803
587	628
544	575
587	651
566	597
607	680
575	888
563	886
566	744
527	583
561	681
545	783
521	808
541	839
515	666
546	783
611	863
574	695
552	652
601	715
611	624
545	783
620	727
604	588
594	629
634	755
560	680
600	705
571	736
550	659
578	781
626	623
610	727
560	625
643	723
612	895
588	784
544	799
534	946
559	746
597	785
587	773
535	625
485	750
508	912
508	767
550	901
529	884
536	835
585	804
619	788
570	653
524	746
566	777
600	764
519	1069
561	1005
539	1107
543	1133
490	1131
521	1073
479	834
488	796
460	629
440	590
509	709
512	854
522	937
449	871
529	903
498	848
546	832
525	847
609	907
608	869
554	839
616	913
592	856
586	847
625	841
645	953
604	739
636	803
586	638
639	616
640	648
691	729
619	780
682	950
681	922
724	790
715	743
772	838
754	762
780	708
750	945
780	894
760	871
706	826
735	695
720	679
656	773
655	725
658	616
669	650
739	714
739	734
702	646
636	781
651	680
705	735
648	878
675	871
617	645
735	681
698	692
776	705
687	659
690	719
691	820
686	873
622	661
591	654
540	756
604	652
580	710
596	784
612	721
595	709
587	543
525	666
568	651
597	641
588	1032
619	739
621	652
535	778
603	581
641	638
574	751
553	800
476	646
554	597
457	632
440	688
486	671
481	641
436	642
385	802
459	627
467	674
467	774
489	878
456	815
471	776
518	825
662	811
613	996
695	947
756	794
716	704
703	766
633	862
661	678
667	750
601	844
591	713
502	773
530	865
576	758
552	581
525	710
510	582
561	605
590	734
527	727
609	678
585	640
541	682
539	657
579	647
614	635
633	713
583	703
562	686
592	691
527	746
517	723
472	713
536	758
562	769
572	721
552	712
528	635
521	590
522	749
495	738
516	796
524	601
505	619
523	522
502	605
478	662
488	811
475	714
548	688
492	586
584	580
464	546
449	588
481	682
520	582
497	827
498	863
544	841
490	821
431	826
531	819
502	702
477	794
502	869
493	819
459	631
464	551
475	715
466	972
435	726
437	627
500	630
509	619
523	775
463	861
488	769
487	675
443	690
499	786
481	664
478	877
447	774
447	558
477	638
437	582
428	580
444	613
447	680
472	603
478	754
460	559
460	521
472	656
498	587
476	567
469	665
481	795
462	631
502	610
489	551
503	553
416	641
465	637
492	572
434	578
467	533
481	673
476	640
596	843
510	591
466	638
472	633
502	676
434	558
483	658
504	659
530	795
520	778
457	621
471	472
478	514
487	549
462	675
459	636
411	719
455	763
373	629
417	571
446	761
498	758
416	711
510	784
456	693
474	835
458	769
492	750
473	754
525	830
528	1034
481	1156
521	788
491	696
462	692
510	732
466	671
499	769
538	746
521	822
511	801
457	631
490	700
483	611
479	644
480	740
486	639
562	573
523	834
454	820
473	719
506	801
492	835
455	856
443	808
462	735
445	749
464	771
421	771
441	822
427	862
466	792
484	818
475	919
516	851
506	721
485	818
500	684
501	712
525	749
503	801
517	651
470	674
477	712
481	690
472	592
512	551
472	713
497	797
489	721
480	841
471	806
518	732
544	642
443	616
456	682
517	715
469	763
499	738
470	842
432	857
444	780
418	772
432	763
415	923
432	1007
465	853
502	775
475	839
421	817
457	814
434	783
393	731
423	795
440	665
474	614
421	622
440	657
453	613
499	880
426	750
447	592
424	626
512	580
519	652
492	659
485	756
495	640
478	613
476	632
467	630
467	803
458	641
457	634
473	570
502	593
460	502
467	643
495	590
440	632
538	753
539	633
565	807
499	781
546	808
533	1029
580	835
543	753
564	629
562	692
600	706
559	661
657	725
675	598
666	620
642	633
690	725
670	854
685	828
632	671
638	639
703	626
731	720
784	619
762	615
740	683
727	682
768	773
691	754
723	626
794	723
803	619
874	619
940	657
892	706
908	642
879	771
820	681
817	685
775	499
793	505
687	543
741	505
673	639
716	817
688	647
720	803
747	873
716	770
642	739
644	730
604	675
638	740
596	800
590	750
552	810
553	859
517	876
556	1037
526	870
572	654
637	685
589	792
548	802
521	668
514	690
495	616
464	667
522	807
512	649
479	792
513	688
510	626
530	694
506	692
508	595
453	645
489	568
472	570
492	690
431	642
486	610
485	669
508	709
518	776
518	637
536	629
504	684
467	618
442	590
494	653
484	685
491	613
545	629
513	727
519	656
520	751
572	764
512	703
542	876
579	705
489	754
506	877
440	811
500	679
476	662
477	760
528	720
528	787
485	835
584	1000
550	826
608	753
634	666
634	574
644	664
651	739
655	836
579	824
547	841
631	844
529	998
487	817
510	866
509	916
569	958
466	935
502	911
473	1277
444	1063
407	865
424	789
454	867
472	842
486	762
456	685
474	745
483	882
493	730
469	619
498	712
469	605
516	742
483	830
609	714
540	860
510	721
494	759
542	803
579	852
527	803
519	840
550	879
514	724
533	814
499	765
442	650
497	789
518	604
452	727
467	783
517	726
528	659
502	757
478	667
532	804
472	633
486	1015
522	990
461	748
490	675
483	696
456	701
529	664
511	772
526	748
510	821
452	667
456	761
464	799
446	733
414	775
497	810
445	898
427	808
471	791
446	737
502	898
486	961
467	832
495	924
573	768
531	951
533	916
551	866
538	889
570	892
537	976
501	851
508	607
547	746
503	822
513	652
504	723
488	727
521	660
516	700
489	710
533	759
585	712
688	822
704	769
730	806
718	870
676	801
710	895
742	785
676	808
776	809
777	824
831	781
820	628
965	652
989	822
1054	705
1177	564
1298	718
1235	791
1219	649
1167	846
1147	797
1149	781
1040	751
956	803
1006	818
972	851
1045	817
1010	804
1124	762
1180	754
1277	728
1662	656
1855	759
2035	814
2172	669
2200	635
2257	641
2012	607
1789	700
1699	802
1549	735
1596	645
1591	627
1548	767
1452	723
1354	644
1485	536
1488	691
1564	608
1764	721
1903	702
2226	633
2648	669
3022	681
3134	735
3149	798
2974	741
2941	706
2663	657
2428	664
2076	676
1806	671
1730	629
1730	709
1541	654
1547	655
1523	854
1472	741
1781	585
1863	621
2033	575
2539	594
2711	772
2927	867
3062	797
2794	917
2695	980
2415	977
2268	930
2106	808
1938	711
1841	714
1617	684
1558	757
1430	682
1415	686
1261	758
1283	962
1257	782
1230	752
1256	702
1404	656
1449	594
1204	776
1023	718
938	576
856	576
804	582
821	625
788	673
832	597
821	740
865	693
841	757
782	627
798	609
811	713
760	817
742	714
662	712
658	833
581	703
578	872
528	850
633	855
555	840
509	835
547	837
548	751
501	730
493	714
526	746
544	771
483	880
520	965
573	872
554	847
556	892
485	831
518	806
583	863
565	725
572	709
546	663
531	644
513	643
546	567
576	562
562	553
597	628
654	547
584	648
601	614
560	679
585	780
592	871
606	881
631	831
612	833
643	765
562	742
619	892
623	821
563	803
600	816
528	757
565	934
493	762
488	798
532	774
509	765
486	795
491	726
469	739
494	733
596	721
568	688
616	691
544	846
560	741
479	677
470	699
453	742
515	771
516	757
514	667
550	736
503	734
449	654
446	893
547	775
434	729
485	866
521	688
472	701
457	771
411	650
437	603
440	612
432	481
445	677
488	564
463	623
520	649
493	663
436	545
506	588
454	647
488	561
524	654
466	741
469	755
450	641
447	645
430	602
419	608
488	573
424	633
401	826
377	787
437	638
442	706
426	507
465	699
467	771
508	760
489	675
498	762
526	805
478	701
469	817
451	674
499	701
448	768
475	674
453	675
486	619
503	673
495	669
494	835
448	741
434	822
433	654
421	775
553	805
478	679
505	658
515	643
512	679
504	838
395	799
449	730
415	991
504	1001
467	1094
464	938
470	843
473	834
531	924
518	979
474	823
490	776
488	706
477	797
447	788
491	750
496	800
491	808
502	878
408	939
561	776
482	722
534	705
543	697
449	739
465	607
455	674
449	716
487	911
462	787
493	857
512	861
551	743
507	664
479	697
500	760
511	830
504	776
516	718
551	782
538	676
469	544
520	703
537	638
499	629
533	576
514	793
514	635
477	643
427	618
478	607
473	769
561	781
468	817
480	659
440	632
474	783
453	723
438	689
418	720
455	781
449	894
444	812
494	634
479	526
462	565
454	675
502	671
529	843
612	674
586	777
552	743
617	783
564	773
513	741
549	673
535	853
719	788
805	777
655	836
634	831
571	838
678	787
642	845
519	1028
488	905
529	825
503	1210
522	1118
563	746
495	731
517	811
543	743
468	771
520	836
481	882
522	801
560	847
488	1077
518	1111
506	948
516	718
452	780
433	773
433	815
432	753
446	714
424	626
505	578
494	799
495	761
533	807
492	988
483	927
444	776
469	816
548	777
504	976
579	778
542	899
499	683
503	763
517	769
560	716
548	752
540	754
563	752
584	815
502	753
482	618
542	892
488	823
475	764
503	955
427	772
464	761
405	556
504	699
464	709
464	552
395	698
409	772
426	850
435	774
437	806
432	991
438	837
416	685
450	698
447	848
446	815
441	755
407	893
422	646
421	680
446	840
472	690
432	834
464	994
434	1087
425	1015
432	1049
409	880
392	838
368	988
441	1110
433	914
435	846
413	902
435	894
461	830
461	1007
411	949
438	963
408	771
431	613
488	637
459	821
492	827
531	950
484	864
531	810
465	829
531	720
480	829
462	849
478	720
510	822
541	820
501	814
516	794
485	750
463	622
528	581
529	644
483	792
541	883
578	837
527	731
549	681
514	654
529	617
508	626
502	734
540	607
484	604
531	908
505	780
528	720
522	713
495	606
497	525
513	592
468	735
495	893
522	843
467	895
515	896
475	796
464	783
472	729
478	660
481	775
427	763
425	813
382	741
410	724
426	880
465	877
426	819
444	868
513	990
430	874
437	936
466	770
501	761
474	881
387	983
433	941
514	985
451	802
489	731
398	748
471	802
441	919
477	880
482	775
472	885
536	827
505	767
477	773
458	941
450	642
490	701
488	651
439	703
496	772
428	731
441	862
509	897
497	908
474	923
469	820
464	696
453	656
492	663
442	578
462	694
428	830
484	756
458	826
535	735
492	672
508	587
505	625
591	539
544	661
473	586
522	603
506	611
549	619
510	678
523	643
527	653
513	686
538	659
612	764
614	727
627	858
620	828
688	697
784	705
781	783
902	919
902	952
778	911
920	836
1085	674
1381	814
1572	860
1570	757
1522	678
1867	660
2058	672
2073	756
2018	853
2011	746
1853	743
2076	761
2056	697
2134	677
2196	644
2164	673
2198	867
2299	966
2244	846
2320	879
2648	918
2576	937
2653	1028
2433	967
2235	768
2100	843
2052	941
1930	1121
2067	1000
2058	975
1906	830
1938	922
1832	967
1682	982
1526	1023
1323	1061
1166	1050
1098	943
1099	848
1131	826
1162	755
1076	736
1041	874
1075	882
1012	659
989	597
911	749
873	723
766	859
824	798
851	892
784	754
726	711
681	683
641	652
663	890
614	816
628	802
562	759
622	854
550	712
551	694
640	691
550	618
572	685
542	719
485	753
467	635
542	543
526	599
453	510
449	710
529	799
506	836
520	845
525	597
526	585
469	597
485	543
540	615
564	628
520	592
533	599
521	546
526	672
475	668
488	572
585	741
522	871
582	849
540	774
511	681
552	617
515	840
536	724
510	645
550	731
551	809
484	920
509	773
573	875
537	730
500	762
465	820
583	827
538	849
525	950
452	753
500	686
500	692
505	642
498	637
466	602
420	668
463	669
440	663
473	740
448	798
463	721
460	803
504	826
500	836
459	930
510	880
452	766
499	834
452	810
532	695
428	710
514	748
531	591
478	804
473	720
509	802
501	890
561	783
517	818
521	896
579	835
480	830
499	737
478	701
536	712
489	740
496	743
507	843
562	873
528	822
529	908
484	706
473	564
545	679
504	586
520	620
519	493
520	612
481	604
448	673
485	669
528	568
454	626
487	619
449	628
484	852
493	710
525	876
453	835
499	690
524	921
522	807
543	704
506	737
479	826
539	1030
521	851
514	652
472	667
520	639
521	567
539	600
532	763
473	834
528	777
507	764
581	604
558	640
665	690
614	750
574	793
533	797
578	699
602	993
620	849
631	828
621	746
667	683
667	641
629	727
661	957
698	894
683	796
716	781
698	764
688	624
688	731
753	760
703	983
732	947
711	903
595	1101
625	867
617	879
594	873
648	697
631	744
640	679
652	687
691	857
704	716
678	625
621	676
646	641
746	748
762	659
697	729
720	653
689	532
805	537
704	661
671	554
688	631
719	584
647	613
672	769
591	768
612	690
581	697
538	620
610	642
601	722
623	647
629	825
612	800
565	952
625	852
544	959
604	715
526	724
561	620
514	777
525	777
532	787
558	639
574	774
566	724
546	789
504	741
548	697
511	658
539	848
480	647
509	850
540	966
464	795
492	751
524	613
541	664
526	618
462	610
536	593
533	520
548	534
561	668
518	622
520	642
513	748
550	781
550	688
489	685
499	771
557	730
523	742
504	724
486	688
605	713
471	625
536	521
508	585
571	697
591	816
680	850
718	698
749	745
802	862
804	822
811	899
640	786
589	785
490	728
516	592
546	671
576	705
576	677
586	851
558	701
545	693
507	757
561	635
471	719
454	702
548	658
525	691
528	690
518	760
470	745
471	843
544	750
505	648
477	629
476	695
527	863
539	627
521	641
530	648
511	879
463	855
459	647
465	793
503	733
475	790
485	737
499	732
500	680
468	846
495	959
487	772
505	844
424	805
487	838
512	590
484	812
471	933
520	854
505	838
488	802
544	870
521	809
473	733
461	764
472	623
488	707
473	658
462	738
458	719
487	667
420	802
518	831
511	738
494	803
478	723
463	741
490	575
475	652
467	655
442	686
462	844
470	704
444	667
488	711
514	659
522	871
530	802
528	753
514	879
573	695
542	682
632	784
552	835
510	782
491	731
453	741
501	601
506	653
541	823
544	868
478	713
497	710
528	614
477	718
544	565
526	728
564	705
540	748
522	544
492	693
547	725
532	626
441	611
486	639
506	764
518	627
535	709
483	664
522	859
590	685
526	894
541	798
492	697
502	778
511	649
433	683
453	876
467	725
530	645
472	871
535	844
526	671
526	869
496	1067
401	893
514	923
485	936
476	818
483	669
441	803
513	578
439	678
462	632
482	629
467	726
464	794
478	1032
504	880
476	867
463	722
490	841
540	710
507	658
481	823
501	776
587	792
542	684
563	677
526	740
512	645
459	656
475	627
443	697
532	738
462	632
469	636
450	594
505	615
501	704
530	806
536	799
497	659
532	1017
481	868
524	686
507	650
485	688
471	752
480	825
483	831
511	944
488	869
529	722
560	887
554	1048
478	942
566	1055
505	1136
472	1038
470	947
507	817
533	772
540	831
514	687
537	650
500	697
567	746
550	776
527	787
546	876
531	846
521	871
569	848
465	865
542	799
508	792
512	790
539	721
517	836
487	668
405	730
496	870
429	737
475	725
508	847
480	644
449	733
523	938
493	767
476	678
443	660
441	820
534	906
602	1032
595	844
515	712
526	712
579	840
556	843
548	781
491	764
501	829
476	692
500	662
475	672
426	655
490	661
507	643
501	860
407	789
462	860
427	817
454	641
507	722
502	661
503	795
503	963
501	933
683	756
849	708
844	613
879	695
889	758
787	770
825	723
862	782
1043	785
1062	800
1251	897
1590	817
1666	907
1481	742
1471	731
1449	924
1462	859
1111	938
943	846
962	930
868	915
883	621
790	666
856	719
1093	726
1181	1011
1181	890
1069	736
1005	749
821	700
702	755
703	704
729	767
622	841
651	785
643	941
604	823
643	856
633	799
643	652
596	707
574	675
550	796
477	890
600	870
586	867
540	1061
496	869
538	894
510	1016
508	946
522	845
491	750
524	939
491	807
499	699
498	750
473	678
483	693
513	885
472	775
543	784
480	731
543	730
475	724
528	644
492	665
510	654
555	698
523	754
470	681
448	701
519	807
477	830
474	659
501	700
487	902
497	681
466	724
482	770
515	745
505	741
502	744
474	642
465	715
489	636
516	570
477	606
509	633
518	720
521	777
554	777
444	833
450	814
489	770
483	777
448	880
460	739
465	698
521	651
456	718
517	705
594	680
508	659
500	770
457	768
534	780
517	758
482	787
539	762
516	709
524	850
484	964
506	978
492	802
488	715
462	649
515	693
474	735
523	783
557	769
499	660
509	755
498	694
453	629
507	770
483	738
444	820
498	798
555	977
476	708
494	864
545	649
530	687
527	683
496	735
483	804
486	721
460	621
469	658
477	734
453	684
443	632
513	553
501	577
465	626
486	580
465	641
477	735
480	614
496	542
488	719
465	663
550	631
524	530
526	698
490	633
541	723
465	617
426	674
469	639
433	662
479	861
450	785
451	817
497	673
439	701
470	752
502	670
466	721
498	651
535	684
481	645
480	701
476	837
534	600
514	778
534	900
503	755
479	780
477	722
443	858
496	866
466	726
411	667
513	647
481	586
532	604
570	714
517	633
486	763
483	796
549	841
471	908
496	694
549	853
555	716
545	690
496	707
495	718
478	712
534	639
523	682
516	626
489	688
476	565
502	634
526	752
571	589
491	636
617	549
569	686
606	685
541	639
509	587
572	690
614	807
619	814
649	714
656	595
687	670
605	611
522	717
576	717
616	842
565	729
660	655
524	636
518	600
597	601
531	601
534	690
572	635
585	648
531	637
516	575
575	606
538	667
572	639
595	731
566	645
469	584
544	584
488	835
606	716
530	799
562	903
522	759
524	674
553	584
541	740
511	711
532	733
532	639
513	646
531	605
521	666
569	763
577	827
503	777
508	698
505	591
513	670
535	648
565	618
547	598
544	652
510	687
538	645
497	629
509	759
535	593
574	675
505	631
513	700
481	715
521	623
516	610
502	638
506	696
462	749
487	793
495	946
545	872
457	786
440	766
456	791
474	709
534	717
504	739
470	722
500	661
501	714
482	780
450	826
472	749
502	702
491	726
490	727
494	916
453	801
517	759
462	696
461	615
453	684
499	721
495	611
541	581
465	623
456	559
469	493
427	611
446	737
488	626
470	498
474	558
543	539
479	516
535	545
464	551
473	683
505	672
443	694
492	570
458	521
492	535
550	618
442	532
430	718
438	927
465	916
493	653
541	639
465	709
539	640
495	719
512	933
520	882
490	764
464	747
446	764
532	872
505	832
509	628
467	781
488	596
468	644
507	636
493	625
525	741
515	623
460	615
494	590
531	558
471	567
545	641
466	779
483	664
546	627
504	827
535	717
496	693
490	697
455	639
540	775
482	620
554	638
525	636
544	700
535	657
484	714
471	716
491	760
510	786
540	656
604	924
548	848
523	831
541	683
517	785
530	794
501	773
486	680
456	705
520	759
501	978
503	670
511	559
499	479
437	538
478	569
529	711
495	589
488	546
472	562
440	465
458	549
510	622
495	679
467	661
545	688
519	494
547	649
529	605
607	682
549	664
526	890
588	617
499	566
482	610
479	724
477	710
490	809
441	728
463	738
463	816
464	687
430	709
489	787
485	715
500	656
513	691
469	660
494	788
448	745
520	730
566	763
528	907
507	677
532	681
478	744
491	712
455	694
528	673
516	721
526	614
499	606
447	692
429	728
491	705
490	632
454	800
478	706
459	680
413	632
486	626
499	801
468	951
464	894
495	780
493	624
444	839
460	898
462	700
492	715
408	709
490	645
515	750
520	765
473	682
476	811
512	693
472	736
425	680
459	689
485	586
524	572
524	592
491	700
469	691
436	856
464	653
439	799
452	618
463	701
443	664
484	693
508	844
479	835
429	846
490	917
474	793
469	754
485	776
459	779
466	697
490	808
474	707
480	772
488	709
488	828
484	650
486	604
427	688
426	614
497	549
549	631
461	720
516	775
500	756
535	738
514	635
479	744
488	911
481	773
567	708
493	617
448	628
500	694
510	692
495	838
512	719
528	709
579	713
525	669
490	650
548	544
485	717
514	627
483	665
530	816
549	872
561	676
463	748
457	714
487	713
500	945
573	811
500	629
501	642
474	640
506	674
527	576
503	831
541	777
447	935
486	924
457	849
487	676
566	878
523	678
521	730
456	731
442	816
510	885
445	747
479	637
455	679
489	543
493	736
487	604
497	642
485	813
460	653
539	503
561	531
512	633
451	644
505	771
465	781
553	813
543	883
558	675
520	801
507	784
549	749
575	976
553	1085
587	807
619	707
608	741
677	883
663	759
701	639
668	723
665	897
754	959
791	873
739	749
814	576
955	637
926	809
791	723
745	633
668	727
639	704
626	715
624	851
685	682
692	717
675	847
617	810
554	767
638	851
592	873
639	884
636	778
619	820
589	777
686	874
642	855
611	863
655	731
596	856
528	748
506	661
590	768
579	504
631	500
630	642
580	726
635	623
625	578
622	628
558	657
476	555
492	605
485	586
510	616
494	506
484	551
461	669
487	574
473	499
459	582
534	631
572	625
524	614
572	728
408	711
476	823
418	885
449	880
492	789
524	697
481	740
443	764
426	704
457	887
509	717
465	652
476	639
491	592
469	660
451	617
494	662
511	763
479	569
474	706
438	808
510	896
519	799
472	745
461	689
507	697
543	723
449	689
506	687
504	755
452	719
482	620
446	682
457	763
490	671
434	818
538	852
474	838
462	754
547	827
515	766
488	641
529	821
482	761
453	773
480	888
443	779
538	793
550	722
569	891
479	805
544	841
510	966
462	676
490	808
458	830
503	783
458	812
395	698
468	760
489	676
443	698
438	746
494	729
471	625
456	566
472	698
453	685
458	803
444	621
528	700
527	753
512	564
497	689
523	721
475	659
467	739
536	750
452	608
481	612
427	586
447	805
401	615
420	598
423	559
415	730
487	698
462	736
469	890
445	895
534	868
426	675
400	644
464	529
514	665
526	771
509	692
541	504
460	644
520	657
457	729
518	723
457	717
489	624
416	757
471	777
465	876
482	1072
538	896
604	1053
605	881
572	961
581	768
585	804
626	731
575	736
575	845
550	755
525	785
546	754
584	784
508	688
515	775
525	728
512	731
490	684
484	699
500	718
517	669
461	698
419	709
468	585
494	574
431	696
446	663
503	651
500	770
434	687
468	545
468	589
491	616
500	665
515	809
461	705
511	568
496	571
489	565
490	683
457	705
511	723
494	511
448	692
432	600
508	701
467	729
437	723
453	711
433	689
479	698
497	697
487	709
515	822
483	712
512	745
480	670
476	617
527	680
502	606
534	566
469	520
527	596
484	623
407	720
441	569
485	625
495	597
472	712
471	667
486	686
494	528
525	690
549	744
459	642
511	672
460	789
504	741
486	589
478	571
491	714
475	646
446	705
481	702
480	599
420	735
511	681
461	628
440	613
516	718
496	675
500	538
462	583
456	605
478	616
492	583
528	596
462	587
485	581
502	605
561	531
499	699
432	702
423	642
419	557
468	608
455	588
475	623
478	626
521	681
486	567
446	571
464	650
475	689
467	675
446	570
435	530
454	544
470	706
446	769
431	885
450	866
463	866
448	736
468	664
454	662
465	651
446	787
496	739
425	907
433	624
446	584
431	710
442	714
437	540
462	641
461	850
527	809
479	909
402	814
451	719
483	745
525	963
449	804
505	718
526	811
560	792
532	629
493	682
524	844
511	720
504	596
515	665
443	664
509	599
543	720
517	752
538	857
562	710
487	706
463	648
485	798
553	757
496	730
457	720
502	576
492	812
468	673
554	728
536	857
504	809
479	744
448	902
456	720
486	776
492	813
566	988
489	719
564	709
491	572
473	587
458	680
530	795
544	998
559	1059
546	924
522	913
530	846
519	918
510	831
551	897
527	890
526	1134
531	987
512	795
532	961
456	721
502	872
405	838
446	1170
476	1135
412	820
455	862
500	892
498	675
474	923
444	828
556	817
483	705
533	713
559	747
456	676
525	747
545	691
451	720
519	644
470	578
550	683
482	785
550	901
515	895
524	781
480	696
498	802
510	867
469	840
537	720
476	775
550	842
491	746
497	737
532	658
452	781
479	739
529	746
497	798
502	780
517	755
484	709
496	600
450	687
514	563
490	556
511	734
484	664
522	731
593	749
562	660
558	720
546	623
526	622
527	575
489	724
523	814
524	859
498	772
468	656
483	711
544	655
509	853
446	829
462	769
462	722
490	804
449	755
518	682
470	724
512	675
497	643
500	727
516	1035
457	1001
465	778
450	911
487	1024
485	1037
493	807
502	634
491	662
519	790
475	890
490	904
548	972
495	831
482	876
482	680
513	783
460	799
498	808
494	704
513	629
519	752
481	882
526	662
504	761
492	776
468	705
463	606
453	664
507	759
494	663
510	806
430	919
537	742
476	715
441	622
446	721
446	730
504	711
498	758
479	856
486	664
448	772
396	902
476	711
504	910
493	885
443	655
460	713
513	793
460	613
457	758
473	626
496	661
457	647
507	742
471	719
436	729
482	626
399	652
484	641
409	788
457	877
475	761
452	782
407	840
382	818
411	923
440	717
420	852
420	718
484	768
490	731
434	632
412	808
429	743
494	665
465	673
422	537
470	655
512	627
446	756
431	695
480	738
419	800
419	633
437	740
441	625
455	608
486	650
506	796
515	774
476	887
481	862
453	699
490	865
498	1032
495	916
433	783
370	739
465	680
426	729
493	697
464	894
444	840
397	687
407	763
474	730
374	839
385	798
405	665
420	669
488	793
460	692
468	666
483	666
486	754
425	787
510	580
471	726
544	776
516	622
462	620
455	743
457	874
498	768
452	666
467	925
467	995
473	981
500	968
434	985
451	915
474	967
450	915
546	712
497	700
489	889
487	813
517	863
496	1026
460	740
463	762
464	670
456	700
491	829
467	735
458	722
466	721
483	706
478	683
469	793
433	651
437	667
482	676
523	732
431	828
439	850
471	657
432	713
516	738
519	895
484	809
467	648
488	739
554	821
481	1005
466	835
477	770
459	734
434	801
465	803
474	710
470	631
477	739
501	910
478	988
441	1074
491	831
438	821
504	776
480	800
455	889
521	942
464	756
488	856
499	704
553	555
560	614
516	660
504	614
579	751
549	685
581	647
548	634
618	706
634	875
677	885
712	826
836	672
1017	676
1102	810
1286	701
1255	871
1184	719
1234	654
1223	878
1031	696
931	845
961	871
794	733
876	731
709	742
865	682
868	798
878	703
986	683
896	681
910	754
848	778
786	757
695	920
685	1075
731	963
709	1000
700	801
573	720
550	843
579	906
498	936
581	922
537	860
510	739
525	969
484	972
487	863
497	842
510	736
554	645
479	718
533	607
481	594
532	709
562	751
521	566
480	611
448	659
470	727
505	803
423	653
462	578
470	709
461	611
505	569
433	877
470	827
468	850
510	833
455	701
467	687
451	600
472	618
508	719
499	686
486	768
446	681
480	767
506	646
489	670
493	690
477	793
538	723
470	682
430	686
462	688
451	847
451	837
503	682
489	690
485	820
491	867
434	740
448	670
449	652
436	648
409	678
477	823
450	674
423	656
352	697
435	634
425	625
400	534
446	660
411	651
414	553
421	734
486	769
485	913
456	594
454	682
488	642
422	720
493	619
481	632
496	682
496	723
462	772
413	681
445	758
479	676
483	660
446	659
468	554
475	598
469	723
509	627
447	727
515	587
465	572
436	555
440	735
466	662
436	587
504	685
545	762
545	675
456	653
434	683
453	752
439	650
490	673
528	743
490	618
550	585
518	657
477	653
450	660
489	657
536	638
486	875
491	861
493	751
450	665
429	656
464	592
430	581
428	493
505	624
451	502
470	526
469	517
490	671
491	642
470	674
521	620
478	610
405	644
421	719
456	824
464	787
405	868
455	941
464	763
440	818
490	855
490	748
442	809
498	763
465	795
518	648
437	627
483	705
501	759
465	609
452	717
456	656
503	836
444	831
481	811
513	1018
504	972
457	882
472	827
449	811
471	708
463	800
442	740
512	767
487	910
501	813
480	775
485	811
498	770
485	731
485	699
518	603
513	506
484	608
453	669
483	646
567	667
600	693
630	821
591	726
598	717
571	692
551	672
549	778
611	810
611	696
622	519
674	564
605	657
646	789
693	986
745	961
845	968
1003	857
966	778
971	913
917	848
864	797
808	1050
798	878
714	796
731	810
654	774
613	830
725	933
578	807
585	642
486	762
573	753
544	630
563	625
521	749
501	889
467	851
440	852
501	743
493	795
552	668
484	825
522	754
532	696
449	716
479	814
515	762
525	827
531	770
499	741
481	580
505	668
470	654
457	774
454	659
467	716
461	692
427	739
489	683
529	658
531	854
511	991
540	895
501	824
459	842
499	787
524	800
512	944
489	878
530	512
519	768
529	747
555	822
503	836
473	705
464	873
478	840
525	916
499	811
550	698
500	608
484	716
462	672
423	554
539	668
509	657
492	737
486	751
497	930
532	769
504	789
512	811
557	720
583	720
574	810
543	664
599	589
517	560
474	659
565	606
520	606
512	632
510	499
493	572
483	738
477	658
494	710
462	859
503	781
533	695
554	729
669	739
652	795
676	762
617	847
565	636
559	579
538	562
601	454
507	558
474	578
502	576
528	739
542	687
499	785
548	627
539	671
520	711
524	679
516	633
492	578
509	682
488	674
497	664
441	542
507	582
550	590
483	530
487	586
484	574
450	559
448	667
411	755
467	539
480	448
481	571
480	598
457	644
527	518
486	611
528	827
466	822
527	680
452	625
496	854
503	623
502	704
525	642
583	807
532	632
484	814
533	663
475	578
472	656
530	883
501	605
498	650
518	681
499	744
504	894
523	861
537	718
536	687
501	923
542	903
528	610
534	611
557	595
559	674
566	740
558	626
579	576
611	725
517	781
508	694
526	673
476	624
484	650
505	778
522	654
539	651
528	684
583	785
530	810
483	782
510	703
454	799
503	796
490	807
557	780
424	780
448	734
523	595
474	570
448	608
420	647
416	686
442	697
450	772
454	863
451	796
422	849
500	693
477	728
482	601
536	620
538	837
522	765
493	667
490	588
467	597
453	826
472	733
512	760
438	802
418	705
402	747
491	736
495	710
522	652
495	672
490	663
472	831
407	771
424	698
429	766
441	787
469	827
476	951
518	959
485	784
577	811
473	730
489	958
442	800
408	806
445	671
465	538
449	682
438	878
518	915
439	904
493	788
490	951
482	791
504	720
479	747
439	913
428	763
490	774
459	932
486	893
506	662
469	598
486	627
477	836
479	794
504	1017
473	1004
467	771
474	682
463	731
410	619
566	773
566	822
504	692
568	659
538	763
511	818
514	721
465	810
548	703
538	660
516	650
559	660
543	695
553	601
596	813
529	1074
534	893
595	931
545	853
551	919
535	811
563	880
551	954
595	809
547	764
545	772
606	703
590	909
534	923
592	951
592	851
546	821
541	828
505	873
494	654
496	773
525	650
508	632
548	712
545	763
538	825
500	892
566	914
493	761
540	838
519	790
568	781
549	630
593	699
509	713
565	621
571	605
551	766
524	729
501	641
575	674
541	621
605	604
594	693
559	838
596	685
568	641
664	629
617	614
566	634
586	547
619	649
604	605
608	673
606	691
616	1063
640	1052
646	1002
615	896
527	817
608	634
582	619
533	616
583	628
644	737
645	813
635	710
641	661
602	753
617	677
602	681
637	653
611	662
610	587
540	616
530	624
551	707
571	624
560	631
602	739
599	653
581	618
539	548
512	632
605	639
567	592
478	726
588	816
540	833
506	758
532	738
534	730
580	749
583	754
526	721
513	628
540	649
495	657
515	752
532	757
528	805
551	720
503	700
535	676
519	739
505	833
588	793
493	708
551	693
516	724
508	661
512	844
511	800
505	752
499	674
490	723
485	898
541	859
532	667
492	718
464	622
503	700
463	672
480	615
540	831
475	1075
456	938
480	900
469	748
462	771
459	676
464	753
474	751
492	791
525	984
464	945
518	752
561	705
564	607
535	741
480	649
470	697
444	771
503	643
495	806
481	747
510	850
540	715
537	711
458	648
519	732
525	776
475	622
477	755
495	888
466	866
424	884
475	759
456	758
442	923
386	774
430	662
445	783
471	705
444	786
443	710
485	725
491	633
500	757
454	662
446	637
493	622
529	678
506	746
450	831
482	823
545	904
508	864
513	893
466	657
439	574
485	814
444	1029
464	842
452	1050
427	767
385	694
444	851
472	797
459	737
490	812
465	786
439	721
530	919
534	802
455	758
468	700
471	886
529	831
489	869
419	742
465	688
492	703
469	699
499	691
462	679
441	666
442	600
495	684
536	651
518	653
546	645
590	651
514	622
581	652
535	622
540	668
532	716
626	750
551	740
603	594
588	570
561	646
576	606
505	706
532	869
542	775
540	857
565	689
553	819
554	673
569	598
545	622
515	728
508	802
471	747
476	769
476	775
508	741
519	618
493	624
481	551
533	581
476	672
533	788
522	645
535	708
423	659
450	610
431	556
512	513
425	662
438	627
452	623
464	757
445	862
508	792
438	735
438	762
422	681
485	816
456	842
492	738
458	797
470	739
474	732
456	673
459	659
442	658
535	1018
463	736
504	642
479	847
540	747
430	792
450	875
453	860
458	614
542	699
478	704
527	751
413	887
425	764
396	767
473	797
418	702
450	767
352	774
393	774
435	733
393	785
426	716
435	662
411	634
489	843
450	679
467	732
509	773
510	779
504	621
544	597
401	659
490	700
525	706
480	734
520	724
491	654
543	586
449	636
477	685
467	742
522	722
472	682
469	701
462	764
574	789
505	737
477	723
470	741
505	560
503	552
521	601
540	683
516	591
485	703
521	626
488	797
442	937
518	811
476	720
519	775
456	783
468	827
468	664
491	750
485	929
482	829
482	744
455	870
474	610
427	642
491	579
466	616
481	767
438	590
447	629
492	569
547	536
533	590
523	575
425	636
505	642
474	712
424	753
489	786
497	858
516	694
481	680
504	763
499	775
485	754
492	581
483	731
551	611
523	652
445	677
454	647
427	562
505	541
464	502
495	685
474	692
444	602
514	573
507	617
503	632
490	710
527	718
559	799
504	747
478	726
518	652
474	722
457	648
465	928
444	788
419	762
463	594
381	741
471	740
424	680
503	807
497	698
486	789
422	712
507	653
427	766
484	788
427	755
462	641
471	635
491	639
472	532
475	612
438	791
471	635
521	671
521	587
473	710
489	828
486	661
464	696
465	630
455	828
577	713
521	705
508	652
510	709
573	904
473	811
533	679
526	748
536	696
556	730
469	672
525	705
484	638
518	738
499	630
518	636
525	542
609	610
591	597
604	766
624	686
644	696
683	793
599	782
504	702
552	674
492	618
549	638
541	535
525	616
503	662
523	733
486	840
507	915
516	877
503	745
486	795
474	968
535	756
550	719
488	745
531	850
544	619
474	554
495	597
495	589
486	611
436	592
519	672
517	721
621	632
642	659
638	566
722	747
663	823
617	782
636	747
653	662
659	903
663	784
635	625
773	638
838	679
1007	727
1406	662
1382	669
1446	758
1517	781
1742	806
1908	731
1781	824
1867	874
1696	843
1660	713
1668	584
1410	601
1285	741
1169	843
1115	760
1159	739
1068	681
1125	682
1194	845
1195	946
1374	664
1390	902
1354	756
1292	704
1178	639
1005	1065
871	725
892	709
844	839
835	739
766	620
636	684
560	680
674	957
627	718
622	759
574	865
609	665
565	843
493	767
456	818
479	851
487	747
492	736
459	803
504	784
469	817
461	942
497	884
494	776
472	914
487	737
468	753
476	658
493	877
471	726
456	715
538	725
629	849
617	844
778	895
895	959
1094	884
1239	868
1352	911
1313	911
1315	919
1462	920
1569	1013
1729	1047
1690	1043
1579	1131
1832	1029
2382	1190
2669	1381
2434	1328
2605	1335
2977	1211
3396	1303
3549	1313
3587	1270
3332	1318
3195	1415
2959	1361
2579	1216
2246	1361
2210	1376
2054	1402
1796	1279
1816	1453
1915	1299
1867	1126
2090	1289
2169	1041
2182	1042
2219	1258
2156	1178
1923	1083
1772	917
1665	811
1680	893
1754	672
1726	721
1840	912
2094	825
2271	749
2503	678
2541	703
2729	538
2946	641
3242	722
3213	724
3111	741
3014	660
3170	849
3498	920
3674	722
3576	617
3821	820
4661	770
5146	716
5772	824
6284	761
7160	708
7982	764
9229	832
10417	938
9973	959
9795	889
10027	767
10211	778
10157	890
9957	907
9145	934
8629	878
8710	818
8922	862
9155	937
9742	940
10235	807
11045	933
12455	1054
12909	1103
13219	1074
13647	1043
13697	1126
13714	1234
13822	1250
13505	1109
13348	1112
12967	1188
12810	1010
12205	1034
11582	1156
11094	1052
10628	897
10639	881
11026	1005
11385	908
11562	934
11855	1006
12327	1104
12695	1189
12842	1126
13110	1168
13059	1008
12555	937
12256	1122
12096	950
12042	895
11385	939
11226	1009
10785	877
10354	1013
10314	849
9969	883
9924	852
10220	854
10075	906
9882	876
10065	886
10238	830
9927	814
10047	1093
10094	1065
10044	979
10053	1144
9579	1061
9136	898
8914	882
9050	945
8860	833
8543	723
8171	831
8013	881
8075	789
7776	873
7295	881
6423	1005
5581	869
5367	813
5293	677
5068	843
4692	774
4628	664
5092	694
5639	772
5709	677
5560	653
5208	671
4674	548
4303	571
3842	537
3477	643
3337	685
3339	680
3541	749
3580	787
3406	715
3330	684
2995	613
2733	702
2500	698
2476	588
2225	698
2163	619
2179	712
2253	659
2138	743
1953	718
2117	776
2364	793
2435	782
2197	824
2125	685
2226	700
2139	841
2033	762
2234	757
2498	703
2882	705
3031	817
3175	960
3184	784
3413	815
3836	903
3889	1086
4045	1146
4063	1209
4120	1130
4195	1180
4492	1279
4364	1207
3938	1002
3648	845
3492	1108
3411	1099
3274	960
3119	797
3280	850
3512	1119
3775	1192
3755	1045
3723	983
3581	758
3605	718
3780	669
3761	757
3841	704
3527	688
3740	678
3663	762
3482	789
3296	801
3099	726
2928	826
2869	848
2951	1030
2764	1000
2813	972
3022	978
3413	1108
3685	1161
3421	964
3487	1078
3410	903
3423	954
3308	803
3182	707
3276	708
3123	662
2873	715
2589	947
2274	874
2093	761
1946	946
1835	864
1690	670
1540	837
1535	626
1563	809
1709	754
1542	663
1495	663
1635	604
1770	697
1838	651
1686	595
1628	647
1582	877
1498	937
1442	1001
1360	937
1222	685
1226	801
1207	738
1201	722
1051	750
1003	719
1022	745
896	645
932	544
953	623
988	705
923	706
774	577
782	528
838	589
769	600
716	564
657	584
644	881
683	749
705	739
602	779
610	724
635	768
607	841
573	919
545	793
560	624
532	762
508	771
541	717
582	697
513	687
534	576
573	661
606	575
583	680
430	573
480	565
468	805
507	717
481	815
542	835
430	690
467	776
479	805
429	768
458	672
480	706
460	749
474	794
513	652
465	782
473	722
557	960
511	721
532	814
513	915
556	965
595	874
570	675
595	687
668	662
678	1002
566	744
548	721
502	730
483	800
495	602
569	719
590	702
569	741
502	735
487	657
566	770
522	649
516	531
529	581
500	616
511	769
521	806
565	710
520	809
493	726
513	708
483	573
460	689
435	481
474	553
488	669
465	694
482	551
485	568
510	575
511	716
474	633
524	714
439	778
522	594
499	627
508	668
484	627
474	642
480	547
472	505
455	550
499	638
530	608
478	582
519	539
507	520
480	558
484	606
534	613
530	576
572	518
482	556
493	554
488	572
497	643
487	647
473	608
498	625
528	492
532	475
493	647
568	777
598	776
570	663
668	623
638	693
778	508
793	578
714	662
762	558
892	750
1068	759
1114	694
1016	599
900	557
876	829
864	650
768	671
835	766
985	792
1141	681
1284	832
1411	692
1214	630
910	771
854	687
821	690
786	738
865	728
940	757
968	784
976	789
896	735
794	660
767	718
706	761
715	547
601	603
632	552
601	534
600	492
601	488
621	490
612	563
667	691
550	561
577	608
560	862
586	651
564	689
658	734
584	732
573	545
511	475
567	466
529	557
559	606
620	642
571	559
564	630
590	682
585	649
624	677
543	536
554	571
562	649
553	672
534	656
610	765
647	801
596	806
585	834
578	963
583	928
666	990
658	896
644	695
651	799
683	821
650	684
642	818
607	817
609	771
666	821
683	714
638	779
688	630
664	596
667	523
737	774
710	743
715	882
772	873
797	913
871	814
852	796
786	791
780	636
762	709
811	731
723	723
736	694
683	656
707	613
701	623
791	899
761	810
732	703
771	960
729	893
813	759
835	730
746	849
753	717
738	728
730	819
727	702
715	629
672	772
663	743
705	822
643	758
583	622
663	633
612	648
651	654
690	662
646	577
593	650
611	559
662	618
656	712
658	614
620	672
599	594
640	553
555	657
581	813
608	797
576	713
573	826
601	800
568	758
548	744
562	741
511	705
538	625
533	628
687	586
683	600
688	708
765	616
814	801
867	811
813	815
810	820
832	812
835	699
894	614
881	766
909	696
864	788
920	794
993	784
1000	704
1178	843
1309	776
1277	823
1338	774
1387	748
1497	746
1470	773
1494	698
1624	649
1624	665
1547	649
1584	715
1656	889
1719	952
1901	1000
2000	900
2084	805
2178	911
2249	816
2275	962
2525	913
2445	797
2337	917
2343	842
2334	934
2201	1008
1977	834
2168	787
2022	714
2089	901
2138	881
2294	811
2430	841
2477	869
2376	846
2291	862
2624	972
2764	974
2675	967
2513	1025
2518	972
2504	877
2250	899
2116	814
1881	870
1944	912
1803	838
1948	800
1915	885
1949	909
1671	830
1625	767
1682	880
1656	1112
1396	1159
1184	869
991	875
940	713
782	597
751	696
665	646
697	654
710	608
765	629
790	561
816	808
757	781
798	849
815	725
728	638
654	875
604	718
512	710
548	837
497	952
484	800
463	643
487	796
507	1058
474	870
448	971
415	923
425	775
471	1087
482	1028
458	1062
438	910
489	805
453	721
476	927
483	689
517	701
448	711
471	717
496	797
481	775
479	790
577	703
542	794
599	842
646	831
675	734
699	696
599	573
600	491
618	548
516	653
554	787
634	899
490	786
588	635
548	761
704	774
783	833
777	814
752	865
652	770
612	668
630	570
678	802
884	661
966	677
1059	567
992	636
877	663
638	743
605	743
575	694
568	775
588	903
512	896
516	747
565	690
565	660
522	688
531	954
577	655
652	798
707	821
705	924
747	834
802	914
755	730
730	863
760	807
774	736
655	804
597	724
620	687
637	714
592	782
607	786
576	637
629	557
670	634
708	702
717	761
669	813
648	887
688	752
767	779
700	614
749	776
736	748
719	884
667	757
636	825
607	628
639	692
652	675
662	820
647	705
644	695
685	636
633	590
626	795
625	746
618	767
642	708
596	646
646	676
626	730
598	717
616	791
633	887
635	759
655	870
654	982
614	826
611	756
555	909
567	953
567	850
554	797
586	756
568	676
531	755
518	808
499	703
481	829
512	757
515	679
462	582
558	708
571	776
572	783
513	671
530	730
510	616
509	590
524	657
496	690
488	761
488	753
521	765
485	627
500	811
520	767
489	679
487	704
494	520
490	612
522	606
460	574
488	689
487	628
555	628
497	744
505	613
565	752
472	879
579	601
518	661
502	655
518	790
520	729
532	748
439	717
449	890
520	624
511	839
477	714
510	651
500	594
492	540
398	577
516	665
535	589
476	805
520	698
495	823
473	847
472	736
544	782
467	737
494	721
520	825
583	677
549	825
593	700
524	727
499	818
551	639
566	866
535	748
549	703
557	748
509	775
515	753
580	629
537	639
556	720
624	811
641	699
598	662
643	792
635	721
618	669
581	841
583	881
602	807
549	775
572	659
633	689
592	755
602	737
604	788
683	793
589	740
631	779
613	727
630	870
648	776
620	692
641	793
519	757
524	708
615	555
591	591
546	599
500	685
542	739
508	616
552	559
542	512
530	768
609	733
598	552
586	635
575	638
594	617
690	765
669	749
658	831
711	718
641	663
750	723
839	627
679	716
699	653
707	616
688	620
793	675
739	675
657	774
825	833
895	952
996	689
969	917
917	937
839	918
899	637
871	616
919	568
961	634
1032	628
1250	641
1385	762
1509	659
1716	739
1780	715
1517	595
1619	589
1403	595
1283	617
1061	671
974	806
1014	811
935	755
963	803
928	691
946	776
1094	728
1133	777
1366	769
1539	860
1775	825
2106	780
2383	711
2334	686
2208	729
2156	612
2147	723
1979	707
1681	728
1464	647
1233	557
1128	683
1055	740
954	786
944	802
944	822
944	746
935	639
1074	749
1160	815
1395	785
1597	683
1921	778
2034	601
2050	620
2129	710
2063	693
1652	763
1399	678
1237	690
1097	782
980	1084
955	851
834	763
817	737
806	949
849	994
778	947
840	871
913	686
988	591
1012	637
966	632
1016	728
897	830
926	880
885	787
868	679
829	811
754	630
741	853
651	721
627	752
663	721
632	684
604	593
694	799
650	746
619	839
640	859
616	671
608	644
577	795
563	643
603	607
660	651
569	917
583	712
599	710
626	793
536	862
541	644
565	664
520	568
515	483
504	454
494	585
514	652
495	711
498	676
476	640
454	640
502	642
481	801
490	759
508	676
498	734
451	719
495	665
453	764
475	810
536	702
527	623
543	776
505	662
417	583
478	702
510	617
456	848
428	800
498	717
453	687
446	566
478	676
480	576
410	733
491	622
497	649
518	631
502	656
460	549
448	584
451	753
435	720
436	826
449	699
462	730
490	729
514	839
478	868
512	697
508	710
478	819
535	700
599	708
547	699
468	654
542	852
532	749
495	911
470	831
481	730
512	640
483	533
468	667
465	507
464	663
436	550
468	605
517	525
502	587
532	700
483	598
504	746
525	613
525	690
534	671
450	617
481	718
471	567
457	627
475	614
502	720
518	584
520	612
533	694
529	588
548	542
490	596
509	671
544	627
539	800
514	673
554	761
496	626
535	665
487	595
532	568
502	554
476	490
515	653
530	665
472	698
498	725
453	642
511	671
484	689
477	737
515	721
522	606
513	627
490	621
458	546
512	661
465	636
465	726
481	796
443	818
474	779
461	760
525	858
571	808
558	789
488	908
540	811
488	762
470	593
482	733
513	709
498	802
556	741
510	529
516	667
528	803
527	656
542	741
523	697
548	720
518	690
503	753
471	600
525	587
537	547
519	729
499	770
503	609
523	664
558	672
564	557
545	635
450	568
491	514
443	549
429	495
489	551
481	519
482	579
469	710
531	701
540	775
457	678
481	698
506	641
489	712
502	710
523	754
488	620
511	748
477	669
502	732
458	826
501	813
491	871
501	826
457	649
451	698
463	622
437	591
449	650
498	723
444	827
475	729
483	762
497	813
512	870
516	951
522	1006
533	763
508	770
574	853
594	851
528	731
514	677
502	756
534	992
546	1052
504	882
480	657
468	611
548	612
528	547
460	699
492	703
499	684
495	814
502	717
515	548
521	685
499	684
488	934
537	701
523	685
513	648
573	623
544	728
508	582
566	809
525	753
