493	821
478	792
484	713
458	910
450	803
535	659
470	720
453	730
482	823
509	911
532	662
461	779
461	658
502	811
498	709
470	704
470	870
459	878
444	767
437	696
468	633
411	630
480	705
480	710
434	647
457	633
438	858
473	761
465	769
469	790
477	785
484	754
464	784
477	672
437	921
473	817
477	780
459	980
445	892
477	780
473	756
511	828
505	813
517	819
437	726
436	716
488	629
445	632
483	654
507	544
500	572
454	563
451	680
482	696
439	757
450	790
416	788
450	693
464	780
399	877
409	701
409	781
446	735
447	740
454	683
433	652
460	731
480	664
446	707
482	714
440	726
528	717
532	691
481	748
468	854
513	704
432	650
450	769
462	790
472	722
421	895
450	996
495	742
481	887
396	698
504	766
469	776
495	689
535	728
503	663
500	677
492	821
557	731
530	735
608	741
623	628
628	767
548	701
525	557
499	736
549	784
561	715
509	841
509	889
466	717
477	748
447	710
460	622
482	481
532	483
443	570
504	600
449	600
464	689
459	686
434	769
472	687
489	730
456	789
493	759
472	742
512	768
469	828
442	659
438	864
492	775
486	965
466	711
489	757
483	760
489	727
494	705
477	730
551	748
520	708
518	759
526	670
485	622
478	625
487	751
502	817
452	736
498	619
509	599
519	641
469	664
418	562
450	635
515	713
507	672
553	758
570	916
598	566
636	754
732	708
683	917
659	820
629	700
582	646
572	672
603	752
557	707
561	658
513	685
548	686
533	759
546	624
540	601
511	715
507	588
483	635
462	556
502	744
545	664
484	617
500	637
470	528
524	717
511	699
440	883
487	627
481	589
495	662
485	748
520	706
448	650
462	812
484	828
511	667
505	529
467	563
480	627
503	650
513	707
466	625
500	625
515	783
479	675
432	726
489	786
470	700
474	863
450	918
492	937
455	858
458	683
413	599
495	647
416	719
395	741
460	565
504	774
466	826
449	684
467	750
426	837
430	753
454	798
465	810
502	675
490	734
487	768
512	673
441	654
495	640
531	746
545	773
424	729
454	602
495	740
469	788
483	712
511	679
495	669
512	659
555	621
474	671
429	620
471	672
443	664
511	737
481	649
509	584
500	605
559	576
508	721
542	601
562	580
464	597
483	790
527	685
514	720
504	767
516	748
514	734
521	686
574	561
560	838
470	935
525	865
447	869
473	767
441	843
408	764
406	837
426	850
424	789
441	767
460	575
479	658
457	791
452	706
488	672
518	705
512	698
476	585
537	664
540	706
447	637
492	655
481	518
476	628
527	728
488	694
500	705
507	755
443	716
512	779
457	634
405	714
487	651
529	786
507	732
530	719
527	769
483	624
452	677
535	833
525	628
403	669
424	618
486	682
469	782
535	689
477	737
491	733
448	873
492	897
453	771
495	851
474	882
426	767
488	671
509	800
487	872
547	765
522	896
471	879
468	618
517	668
503	668
501	820
546	781
545	890
514	820
549	930
442	718
516	715
486	773
501	880
561	776
561	854
507	830
478	869
569	665
552	665
522	736
560	760
526	662
440	877
478	626
497	916
529	919
569	825
590	839
533	810
509	853
465	816
614	806
548	836
590	787
524	676
466	763
452	833
490	898
492	851
522	890
568	812
499	679
552	806
540	799
567	849
537	790
547	646
680	682
700	733
671	743
665	652
634	688
681	736
656	587
745	613
688	671
714	651
796	830
756	774
796	744
783	726
744	789
736	732
721	710
733	744
810	555
793	698
809	611
736	721
700	606
661	695
655	728
687	679
729	636
693	709
669	787
612	681
693	772
668	634
636	611
643	627
672	727
603	634
588	579
609	684
660	561
594	605
642	831
588	778
622	867
632	814
656	682
643	635
642	815
590	869
604	687
562	651
548	826
567	660
580	860
563	728
555	683
593	667
570	584
538	541
569	547
583	621
543	505
588	568
630	642
628	660
571	568
568	638
573	623
575	674
594	608
643	725
681	782
660	707
617	901
654	940
664	969
630	826
624	725
589	610
613	764
675	723
669	813
677	833
621	653
696	718
619	629
675	708
654	648
621	653
594	687
641	807
683	648
576	747
598	953
625	862
565	704
537	668
570	645
592	617
619	791
704	688
747	723
842	669
849	749
821	863
834	613
797	615
741	733
797	740
912	719
863	739
800	796
806	847
786	728
768	746
665	974
623	944
705	841
703	901
772	833
785	713
724	773
781	811
793	782
858	771
782	652
865	621
915	588
905	610
896	651
909	749
828	787
756	725
691	923
724	897
756	901
702	1050
713	891
724	1090
740	832
813	906
833	733
688	824
739	736
740	796
751	762
761	804
723	760
759	799
684	788
691	757
673	985
614	845
589	947
535	1015
503	941
488	976
577	1020
525	960
585	1023
512	831
532	825
598	791
534	668
512	697
539	827
502	712
541	621
531	771
522	926
543	1012
572	851
619	881
546	773
461	689
470	995
545	865
512	818
506	843
500	888
518	787
600	800
592	843
621	859
601	747
649	641
636	903
636	780
615	787
521	1143
524	1124
476	852
469	836
544	898
484	825
515	725
496	609
454	733
497	533
531	589
529	754
472	870
455	878
461	720
460	715
429	605
434	706
453	666
477	695
458	765
439	700
463	836
445	701
452	783
440	813
503	815
475	653
513	702
465	695
455	721
498	637
448	894
478	994
499	1060
471	904
471	882
439	855
444	761
431	674
470	697
443	723
465	683
440	900
523	755
478	579
443	617
413	683
455	818
384	716
421	696
404	813
420	651
428	719
403	663
387	670
498	600
529	558
445	716
466	608
446	536
462	895
417	910
474	709
454	745
419	760
448	781
414	728
450	827
463	816
472	763
463	737
435	591
445	713
395	710
419	817
432	792
464	738
497	833
460	745
485	672
457	877
469	775
475	771
426	637
454	688
443	728
454	618
391	589
526	741
468	784
463	810
430	856
428	746
453	907
414	743
477	814
442	705
474	845
470	844
471	837
471	861
443	929
431	866
455	907
496	870
566	855
508	843
482	1130
505	910
483	666
483	534
475	632
587	690
486	755
544	871
506	751
534	696
549	562
635	723
575	754
621	668
534	764
569	864
547	817
564	606
547	634
554	690
582	583
533	602
575	692
577	634
534	672
617	659
585	626
581	702
536	702
603	749
580	923
568	906
503	757
453	736
509	611
523	754
472	802
489	675
476	710
442	802
464	750
482	904
456	839
502	807
510	760
529	904
456	826
516	783
514	811
462	715
539	771
551	825
489	944
520	839
503	702
582	860
603	818
587	669
555	746
547	683
548	673
509	618
492	592
509	852
484	855
511	814
518	656
484	803
536	870
465	1045
539	912
475	656
487	609
473	670
515	761
455	939
411	885
468	783
458	826
450	617
450	746
506	863
501	810
558	761
496	833
463	844
512	1059
558	906
492	880
539	768
530	792
546	789
484	795
438	722
516	797
469	712
467	715
431	773
492	876
541	982
539	957
542	990
444	868
568	975
502	920
481	790
462	664
429	909
444	934
446	950
449	933
455	852
470	982
463	878
452	747
440	907
486	712
450	640
414	740
442	805
516	617
462	671
457	782
440	919
452	916
401	802
452	769
491	624
449	613
426	761
456	834
523	681
458	689
490	686
490	745
437	650
450	685
460	877
446	719
520	628
505	602
435	637
472	574
405	606
460	733
399	609
451	605
408	758
440	838
457	914
432	766
512	811
490	814
422	741
465	695
421	797
450	708
466	703
461	715
436	713
453	629
455	662
409	623
456	767
456	725
397	648
434	680
449	755
462	758
444	679
470	702
508	622
438	522
447	755
404	605
458	657
465	679
498	748
454	995
439	920
469	983
472	873
484	804
447	733
476	772
439	651
450	601
467	646
458	660
509	644
511	772
505	1011
482	979
486	1061
491	1075
480	958
464	1068
498	956
499	1050
430	1047
443	1136
481	789
399	733
455	849
508	608
468	783
470	717
468	684
459	603
498	633
489	663
528	816
534	709
524	805
488	771
492	681
492	625
488	733
575	767
508	762
500	846
503	841
458	765
479	726
550	837
494	777
538	821
555	843
513	950
500	894
455	724
445	661
476	572
460	660
453	653
459	780
497	755
501	693
439	602
431	687
469	816
488	668
435	783
474	956
460	708
426	851
418	651
463	535
461	710
470	721
478	713
433	739
501	829
507	828
474	930
480	904
485	794
510	850
522	666
503	740
453	714
399	773
464	791
418	730
424	751
422	689
427	723
447	761
528	701
489	646
448	625
467	647
461	711
470	878
463	749
472	639
479	541
496	457
519	717
499	642
461	641
533	614
544	699
481	620
449	662
501	782
453	550
502	697
496	741
526	791
527	733
597	737
548	718
586	669
509	736
518	703
542	747
510	690
520	643
516	683
473	726
465	800
533	855
533	733
521	751
541	717
518	809
564	586
593	821
641	764
640	648
602	646
606	710
561	600
640	739
643	745
596	655
626	605
620	585
608	823
600	756
627	640
604	808
652	617
647	685
594	635
518	672
603	736
572	709
569	834
564	767
614	705
582	699
608	651
595	669
609	709
592	731
589	638
610	700
618	639
564	665
525	682
558	705
562	655
580	676
533	548
616	525
560	610
569	568
591	602
645	737
553	815
531	618
575	750
598	840
534	810
532	838
526	687
536	731
464	867
532	801
457	880
517	991
504	877
505	927
471	847
502	808
525	925
492	930
504	681
561	865
457	1009
466	671
480	599
511	609
548	600
511	617
500	617
499	609
514	768
499	693
526	755
478	815
481	750
440	587
532	580
579	655
577	662
544	777
527	813
522	794
490	731
497	726
454	697
488	686
470	712
484	602
491	807
476	686
491	764
450	876
461	763
428	728
496	667
432	769
444	748
530	766
410	878
487	790
443	899
521	843
493	736
513	812
507	812
520	715
506	696
501	852
479	843
477	828
449	709
467	709
505	740
473	828
484	800
519	859
494	828
475	765
550	858
498	797
551	656
556	784
521	712
441	665
510	558
543	495
502	486
555	560
554	601
511	602
507	742
535	887
501	835
481	807
485	940
553	798
509	761
585	758
553	852
549	736
563	602
522	1005
515	838
573	683
528	666
577	769
569	804
583	827
501	773
546	632
575	834
516	953
468	852
518	966
531	908
517	926
547	783
595	962
518	734
569	746
592	824
543	814
564	648
585	740
573	676
473	622
586	738
557	722
555	857
492	887
555	792
549	915
553	779
603	795
621	717
593	747
520	572
546	606
478	607
499	672
514	695
551	808
528	737
482	659
500	677
502	707
491	757
481	675
466	719
458	642
505	733
525	622
577	567
566	747
615	706
541	670
561	706
596	812
449	631
478	759
511	739
532	869
565	990
559	1004
593	952
520	630
481	768
455	875
485	1018
473	1006
502	782
536	1001
506	911
483	823
479	791
464	766
493	893
502	1119
491	982
482	816
474	789
505	761
513	601
558	695
552	864
561	743
559	703
615	604
513	734
555	743
556	844
519	766
560	788
543	710
543	674
489	608
540	785
604	819
581	850
626	794
552	744
557	676
555	665
568	663
539	784
491	769
472	825
537	705
547	637
525	598
521	552
489	727
531	876
495	759
500	775
490	662
481	700
495	569
523	639
485	762
459	583
469	708
501	667
510	678
500	644
508	763
526	930
508	679
506	722
511	702
587	693
474	757
557	782
540	753
502	673
503	871
463	710
440	544
472	737
445	921
468	828
433	791
416	739
469	836
506	826
519	823
540	730
555	654
581	590
600	524
572	488
675	648
545	551
571	530
528	716
547	751
522	670
471	641
479	653
494	598
461	670
480	661
491	826
468	779
503	699
569	699
526	675
575	525
537	662
483	590
541	604
551	640
539	679
550	872
495	640
489	576
435	648
437	687
510	703
489	722
427	533
440	580
486	599
444	463
473	540
450	607
443	695
441	670
478	719
474	605
506	646
433	583
532	651
458	586
547	624
521	692
491	630
490	654
495	626
494	664
432	635
389	534
470	628
512	678
487	620
555	627
510	560
539	675
526	738
471	541
527	536
537	600
512	613
484	507
509	720
493	691
595	675
517	489
537	601
518	687
546	665
583	610
529	720
522	687
585	773
586	707
584	753
524	711
526	629
513	578
547	703
594	707
599	825
628	955
650	901
622	695
677	707
757	783
740	860
755	902
771	700
702	701
673	852
605	754
626	710
534	664
507	645
511	697
485	766
466	623
472	632
508	731
478	694
509	710
509	729
501	774
474	583
476	703
463	599
442	639
468	624
471	633
474	599
487	669
472	717
512	619
430	741
487	601
493	700
539	796
519	925
448	816
503	725
467	628
459	640
515	637
509	610
481	571
501	735
470	622
482	675
482	597
476	685
491	828
503	758
506	715
546	778
455	838
485	765
504	690
492	648
489	657
512	625
484	697
503	820
509	769
503	653
532	725
419	635
555	688
539	665
517	581
469	565
571	659
520	613
510	693
555	719
511	743
560	816
598	725
631	736
562	745
677	952
612	770
598	838
601	860
604	820
604	798
610	766
611	761
547	958
656	944
567	844
585	847
536	820
452	864
562	873
567	723
541	709
540	665
548	896
595	755
525	746
521	644
507	862
508	668
488	627
503	581
518	740
517	720
481	706
455	714
476	645
451	691
453	747
516	737
567	807
564	594
530	580
549	665
599	828
593	762
646	802
640	767
542	589
595	609
581	692
565	927
572	1004
576	885
586	910
617	796
648	729
652	679
663	784
686	575
675	635
652	711
740	722
697	684
712	824
652	912
719	809
720	745
702	741
682	794
801	889
746	1056
771	970
753	834
762	805
733	632
796	647
709	686
692	717
739	602
766	605
707	718
697	632
686	568
627	811
665	756
677	686
671	728
642	724
622	605
658	680
734	789
670	891
696	850
671	758
643	742
685	698
580	653
618	752
624	645
543	684
599	648
588	677
583	712
626	671
553	748
597	620
652	659
628	582
525	648
584	663
583	663
590	654
547	715
589	933
586	723
547	613
591	638
594	541
587	552
547	629
507	818
499	787
600	769
602	619
527	709
569	613
518	531
494	709
454	595
493	706
472	788
497	755
557	578
495	795
500	861
479	716
476	619
549	806
494	762
432	857
466	829
461	970
439	813
458	827
446	978
499	773
469	829
451	782
441	895
437	878
516	784
513	733
464	776
468	942
487	791
522	949
462	1084
471	912
452	1093
483	1023
444	987
476	957
452	768
499	778
430	811
468	761
499	849
488	637
431	819
444	785
414	759
454	802
441	852
422	780
469	741
496	820
502	705
486	673
456	743
446	674
499	616
395	720
439	829
487	1030
495	768
486	943
462	688
478	698
467	617
506	817
450	839
452	820
472	718
507	648
514	727
487	616
505	762
471	629
501	667
492	724
507	911
584	825
588	713
506	543
560	673
526	697
469	606
534	628
512	796
494	829
501	796
532	921
597	806
588	790
611	812
687	861
691	855
681	707
712	748
606	712
651	851
588	813
652	840
659	725
608	863
647	763
681	753
674	776
649	843
728	978
617	879
693	761
660	923
674	794
659	892
646	732
730	777
712	996
750	787
702	823
677	890
711	723
714	675
694	673
771	648
812	733
881	826
810	621
863	731
866	734
928	657
881	599
896	778
952	694
1026	800
1199	753
1169	895
968	835
1003	778
918	885
1041	798
978	841
982	957
1050	709
1032	674
987	576
992	693
1029	662
1005	703
1015	937
1109	683
1163	597
1066	589
1090	666
994	778
986	784
1030	618
933	607
900	600
921	732
871	727
937	633
903	667
920	634
922	534
894	630
855	593
837	593
806	626
784	695
714	644
727	643
655	743
677	755
593	731
601	756
564	847
553	971
579	1006
542	719
573	752
553	892
601	918
572	836
549	932
498	898
568	1072
538	819
495	803
519	962
472	848
477	925
476	802
498	607
498	589
500	657
476	701
519	790
494	806
437	688
527	750
485	745
486	688
499	707
494	837
415	796
414	847
493	852
541	953
482	821
467	817
435	779
485	714
474	954
509	707
535	806
636	721
564	874
525	1080
565	863
555	782
551	960
555	963
554	872
513	745
483	830
450	751
539	681
515	768
522	725
532	582
470	769
442	778
449	712
475	800
508	934
520	893
470	809
528	745
543	740
497	783
462	617
451	696
472	731
526	719
529	754
546	1006
518	1012
497	931
513	872
527	1051
472	842
499	983
505	1199
473	820
472	786
534	733
515	828
481	747
508	642
526	649
492	668
508	587
464	640
477	554
483	597
510	675
484	633
513	867
532	932
511	672
552	832
506	854
493	873
468	1087
528	844
440	715
482	692
447	577
480	715
460	761
519	707
446	785
404	709
444	832
439	847
510	902
532	686
492	814
504	808
495	772
512	893
449	943
524	893
497	873
443	763
480	760
574	678
457	705
465	568
518	590
499	672
492	703
506	874
495	848
510	659
496	714
530	583
506	728
526	845
590	671
588	667
593	677
564	579
474	557
619	574
583	517
520	603
555	687
559	731
445	729
497	657
521	591
450	549
476	563
492	632
512	702
593	611
658	762
577	743
518	839
472	668
520	590
539	703
590	786
561	682
472	673
572	558
634	698
505	799
547	813
489	800
481	780
479	931
498	881
409	744
484	707
494	804
432	786
437	832
477	833
513	718
436	644
521	702
490	810
447	740
467	744
488	712
438	629
447	794
519	677
457	572
454	709
475	947
507	962
537	851
534	671
468	702
525	756
527	600
436	685
525	617
468	778
490	636
463	695
446	653
470	661
491	674
455	596
511	604
492	654
552	668
494	655
481	609
502	693
506	693
500	742
554	740
477	750
484	702
487	936
485	888
524	808
554	813
592	852
545	842
517	800
561	743
532	838
588	905
512	855
533	660
520	742
521	694
558	703
545	696
533	822
506	758
563	734
522	862
539	752
547	868
497	905
594	842
592	787
559	856
529	633
541	591
583	740
557	746
563	668
580	629
563	627
546	707
559	693
565	668
538	699
570	650
638	708
663	687
561	740
586	683
575	706
620	747
627	910
583	881
593	906
646	964
626	1035
554	885
638	1027
555	933
647	735
657	942
573	927
725	941
671	1026
656	976
654	937
722	965
697	830
740	948
686	705
718	842
689	767
724	759
796	843
745	821
806	791
815	726
909	672
943	666
919	685
900	715
1065	681
979	666
942	679
962	692
942	687
899	927
869	664
882	772
927	994
806	783
861	726
901	773
915	715
1009	691
1040	733
1110	739
1165	715
1294	688
1236	932
1226	873
1244	935
1206	898
1158	823
1061	730
1071	905
1075	815
1056	783
1150	710
987	623
965	718
1085	821
1104	741
1183	790
1303	955
1370	735
1297	786
1435	953
1391	902
1368	803
1342	881
1374	874
1233	890
1199	824
1121	924
1088	961
1101	773
1046	715
1017	735
962	787
956	877
1015	947
1043	953
977	849
1077	831
1078	792
1187	762
1169	730
1162	649
1149	870
1127	702
1161	893
1064	894
1032	825
942	854
911	885
867	768
806	744
764	899
709	870
778	862
801	918
753	772
773	765
769	817
710	752
755	697
842	750
838	1023
846	980
758	913
802	724
769	988
707	1110
748	1006
677	784
650	705
658	845
651	819
624	796
683	915
640	757
617	878
663	988
609	974
593	787
590	660
633	735
623	669
650	785
614	796
584	658
568	717
545	865
564	867
549	726
563	721
545	751
607	727
654	851
571	757
544	898
519	709
548	754
567	795
564	608
516	492
491	587
431	829
496	814
494	661
513	694
520	721
440	666
510	863
461	692
567	861
473	646
543	712
543	814
540	751
526	656
519	809
545	805
490	680
467	743
449	767
473	745
458	684
452	707
456	612
472	649
516	725
495	594
469	498
480	527
472	623
512	611
484	595
484	679
503	547
473	582
505	587
434	698
428	690
472	691
464	733
501	618
484	737
480	716
500	625
499	603
522	774
503	641
514	560
424	641
491	630
507	584
489	576
449	607
474	670
475	598
492	764
510	808
496	823
520	692
400	696
479	814
465	900
466	837
490	814
490	899
517	789
503	868
474	694
525	933
518	754
453	788
455	622
420	704
402	709
435	716
425	678
430	829
411	701
418	636
510	784
452	809
504	910
501	911
483	779
486	768
483	1090
481	872
514	794
512	779
512	801
528	807
550	743
532	659
502	670
501	773
489	703
493	716
535	685
530	717
494	618
479	610
453	614
499	776
502	851
500	918
571	863
458	632
492	782
535	859
513	648
473	733
512	681
474	775
419	683
496	678
487	665
513	664
413	648
437	837
482	637
441	632
475	725
423	646
465	699
506	637
490	678
460	738
499	755
483	705
412	694
457	689
441	625
446	715
482	734
453	761
420	770
450	645
400	659
483	627
524	674
507	752
506	681
569	678
515	666
488	777
510	849
481	686
539	741
535	723
500	707
431	752
438	631
493	829
468	681
480	814
517	757
532	755
450	729
570	739
507	795
525	883
504	776
433	1044
540	1003
561	967
558	1028
506	991
549	874
565	888
549	1032
556	1045
532	905
576	981
592	1053
495	978
525	932
534	939
486	900
473	895
527	903
490	906
471	797
435	1245
495	1120
442	687
418	654
449	824
479	688
476	818
487	623
457	738
509	628
495	679
481	707
555	775
501	694
444	702
425	534
439	631
442	674
445	681
499	645
446	691
471	735
411	766
490	661
472	694
455	565
486	616
514	549
528	852
498	897
487	1019
483	932
537	914
457	910
447	832
503	863
425	800
507	780
473	838
506	876
448	911
480	862
524	676
485	647
509	718
453	669
494	598
474	543
491	694
548	777
470	604
449	599
446	586
493	542
481	596
439	609
449	528
477	583
467	486
491	601
495	502
420	494
433	499
498	444
530	492
515	578
512	662
476	555
490	714
538	691
476	771
418	615
492	653
483	731
455	769
424	635
444	776
495	772
484	821
494	845
561	697
486	697
445	624
497	577
437	722
445	811
455	745
453	762
438	771
481	673
457	599
477	725
429	789
474	779
487	744
465	800
506	754
476	908
406	939
415	716
455	851
412	808
433	659
465	692
483	938
441	903
445	833
452	1081
451	995
476	824
482	748
522	714
523	792
513	617
547	656
475	830
446	782
491	688
527	717
440	848
498	764
474	767
481	1012
466	804
512	801
519	690
506	700
472	560
485	594
405	650
500	685
478	665
471	704
451	594
520	645
485	809
460	672
430	704
410	839
424	767
390	916
486	742
409	625
420	701
418	772
465	675
408	713
474	600
504	673
495	607
543	834
473	696
464	727
533	689
506	765
503	937
451	858
479	751
544	784
519	643
476	591
466	626
513	668
433	724
549	649
519	619
507	688
493	784
573	747
546	787
499	699
501	770
490	821
469	645
479	703
471	818
521	705
514	661
463	794
456	837
497	817
466	657
506	729
470	660
470	799
512	653
533	841
515	775
510	735
476	690
475	587
490	673
493	606
530	744
505	707
499	849
507	719
510	662
520	729
520	832
515	886
577	970
524	781
542	638
514	706
476	731
508	801
537	750
492	949
560	945
479	805
514	803
497	624
454	676
506	651
485	813
510	714
567	838
498	837
491	708
518	788
468	887
522	806
494	951
434	850
476	768
519	832
449	903
518	906
496	807
497	742
456	746
478	770
473	764
485	609
430	772
485	834
502	683
514	779
502	859
523	818
472	791
500	829
521	955
477	691
442	683
450	706
483	644
473	742
494	699
460	649
503	660
435	842
500	745
492	764
491	744
506	859
482	734
521	645
472	715
511	778
434	779
497	851
511	717
475	717
555	660
514	729
533	736
524	710
515	686
487	603
555	692
453	817
503	859
572	923
494	983
480	737
491	739
481	857
491	981
502	788
495	632
496	689
521	952
443	1005
584	851
592	769
566	754
527	769
565	848
560	658
543	563
651	738
624	780
647	658
583	775
660	689
661	785
599	738
605	899
600	753
601	806
615	724
680	741
728	679
637	768
622	796
656	632
675	554
669	629
842	658
813	638
770	532
751	756
929	722
805	612
866	650
808	689
812	599
775	601
782	728
683	761
709	705
714	857
705	636
650	723
695	634
727	557
753	603
713	627
797	811
806	724
739	921
912	845
964	936
934	757
933	897
986	839
1003	901
973	744
990	740
958	866
842	712
862	629
869	725
836	615
814	702
834	847
782	815
851	760
865	695
857	719
863	667
889	717
982	799
898	860
957	787
921	781
897	780
863	935
901	890
823	943
801	856
873	1064
795	1109
774	1151
848	957
831	947
869	880
760	871
791	884
883	907
876	785
861	957
907	788
789	641
699	737
685	639
642	513
703	506
677	538
651	542
693	590
692	647
639	620
650	670
664	822
630	708
628	703
593	759
622	766
613	746
573	568
622	675
645	739
646	854
704	673
647	696
663	741
685	742
713	702
692	601
691	706
651	641
631	669
600	670
590	733
655	683
764	697
893	702
1075	773
1222	681
1684	644
1985	638
1958	701
2031	614
2363	789
3104	723
3890	726
4328	731
4555	870
4743	798
4573	799
5057	830
5549	837
5426	834
5504	875
6025	849
6776	707
7240	932
7439	947
7535	1056
7949	1097
7981	1108
7479	1042
7080	989
6839	1024
6316	1049
6024	993
5578	912
5737	920
6029	980
6155	1075
5967	955
5859	1122
6214	1335
6353	1102
6382	1311
6230	1297
6066	1140
6120	1012
6139	1137
6375	1050
6292	873
6188	990
5866	1151
5769	930
5494	938
5555	983
5480	1229
5398	1096
5531	1258
5850	1202
5870	1166
5996	1150
5551	1087
5293	1079
5276	1164
5180	1227
4480	1140
3890	1131
3359	1095
3261	1027
2809	965
2244	971
1647	712
1428	856
1257	726
1147	631
1021	623
903	882
904	792
948	865
948	680
893	689
893	758
748	568
666	577
684	541
738	459
717	655
673	648
667	589
700	526
675	622
575	671
478	813
491	710
499	834
526	901
499	873
483	736
490	688
454	763
484	679
445	811
479	768
434	777
425	671
426	579
471	793
404	1018
411	991
424	893
404	902
443	819
432	649
476	585
461	614
454	649
442	624
461	626
461	609
429	655
424	756
468	835
443	712
456	639
492	771
473	645
493	701
496	682
504	618
507	785
463	654
475	604
437	620
431	529
507	623
492	524
475	600
463	599
439	809
490	770
467	622
514	555
453	668
525	637
501	628
500	626
577	687
512	669
511	850
481	841
473	692
548	750
543	763
491	768
485	730
580	832
523	862
537	762
609	593
521	643
566	724
593	623
566	684
583	646
562	618
554	741
619	702
603	680
631	705
581	778
628	815
649	722
657	735
698	673
618	680
728	538
768	631
776	629
800	711
800	647
878	622
825	553
895	625
875	715
866	786
856	759
1017	582
982	562
1073	706
1098	700
1176	650
1370	608
1589	635
1693	542
1614	754
1644	678
1790	712
1693	720
1642	796
1505	683
1546	701
1339	730
1384	764
1397	724
1394	790
1284	781
1285	711
1452	726
1534	817
1654	809
1839	856
2113	735
2589	630
2917	587
2940	551
3154	639
3148	697
3211	592
3190	618
2772	768
2407	702
2272	675
2099	615
1955	755
1802	795
1742	592
1585	731
1643	716
1763	681
1837	671
2033	720
2358	712
2613	674
3087	708
3375	766
3674	842
3698	856
3607	821
3867	820
3626	780
3343	892
3099	847
2895	738
2689	861
2275	926
2060	789
1890	714
1730	728
1809	839
1829	747
1882	685
2184	792
2381	594
2603	638
2976	647
2989	586
3102	641
3101	737
3118	668
3059	690
2878	905
2886	1011
2715	804
2514	861
2247	711
2069	735
1791	767
1732	667
1635	636
1492	606
1597	655
1653	765
1672	724
1656	666
1642	660
1673	724
1704	771
1787	674
1717	691
1611	700
1679	668
1618	805
1499	601
1415	574
1379	628
1358	560
1152	555
1117	735
1159	703
1142	620
1038	562
1081	660
978	686
956	627
1049	693
1038	800
1120	712
1024	694
1037	784
980	771
1028	936
934	1070
890	899
895	675
880	750
945	936
856	912
808	821
890	711
887	700
864	646
802	725
827	614
829	653
736	710
793	754
728	745
727	721
685	795
631	724
621	730
650	717
624	611
612	816
671	656
710	595
592	596
604	754
589	832
668	577
581	664
611	661
535	833
570	822
580	812
560	759
604	821
553	860
564	800
626	800
574	726
532	657
613	726
615	628
531	708
514	678
562	690
529	828
469	800
533	742
601	835
602	834
590	632
559	631
533	587
614	730
585	708
607	823
666	736
624	744
626	716
598	741
616	750
608	681
654	925
650	748
647	794
635	719
582	697
635	843
566	618
584	643
608	714
645	768
662	683
704	751
669	686
683	710
694	766
751	650
754	744
766	785
692	732
665	890
723	776
674	924
691	905
587	856
648	960
551	919
554	946
531	770
543	665
636	656
624	727
669	703
693	792
737	813
774	699
694	672
824	756
868	859
843	837
822	749
773	686
721	636
768	691
837	795
756	691
707	734
676	789
708	737
712	628
640	586
643	764
668	815
826	629
816	743
814	689
848	718
933	725
1067	580
1165	697
1163	793
1203	740
1128	783
1127	757
1267	725
1253	752
1181	631
1290	795
1327	725
1736	782
1726	925
1552	799
1582	723
1606	705
1792	785
1790	650
1740	747
1967	580
2252	672
2576	751
2760	650
2704	721
2648	696
2723	586
2936	708
3166	703
3276	577
3014	616
2902	817
3195	844
3024	721
2999	753
3013	833
2949	728
3003	971
2816	756
2843	745
2615	725
2309	903
2102	737
1830	864
1753	896
1857	753
1988	811
2085	718
2147	697
2196	817
2349	799
2258	827
2113	996
1818	996
1614	847
1643	646
1419	809
1321	729
1225	651
1203	783
1243	806
1221	800
1155	744
1185	851
1087	672
1075	775
1141	873
1010	847
1109	879
1068	874
1147	785
1151	1012
1199	892
1124	758
1155	890
1064	931
1108	959
1134	886
1236	835
1295	974
1391	973
1422	951
1321	825
1330	793
1493	858
1633	944
1568	920
1427	861
1423	932
1489	775
1780	813
1874	839
1988	744
1828	833
1789	717
2114	824
2298	815
2249	799
2266	733
2631	873
3055	797
2931	786
2768	782
2538	778
2371	763
2266	771
2104	776
2024	679
2007	699
2040	844
2039	895
2024	648
1984	655
1785	623
1692	671
1574	859
1722	823
1350	762
1318	714
1249	705
1223	706
1227	662
1228	660
1186	809
1172	786
1123	768
1231	732
1200	762
1259	760
1210	654
1154	699
1155	642
1143	714
1029	765
1009	674
945	682
771	728
800	887
685	821
740	773
712	851
602	657
650	770
575	729
560	744
576	819
585	902
566	632
567	788
525	764
546	604
561	843
557	760
566	762
516	784
596	741
572	783
476	727
501	677
562	674
529	586
487	814
524	669
495	795
515	656
476	587
474	721
453	657
491	746
507	798
519	879
424	772
469	658
531	753
449	893
485	724
437	732
472	878
496	823
506	771
460	664
457	754
462	766
487	661
444	542
424	659
500	708
480	761
422	755
473	670
441	777
475	736
461	694
435	816
445	903
550	677
392	556
463	749
472	661
463	875
482	738
490	688
466	713
491	784
450	799
457	796
502	730
495	906
519	751
515	772
452	855
466	903
492	874
455	935
511	942
493	818
461	846
555	741
507	650
501	660
485	707
433	610
499	739
495	829
512	841
484	877
530	757
512	806
476	789
490	801
514	803
485	685
441	707
471	626
450	739
430	718
438	696
463	604
472	670
501	592
502	654
485	712
487	725
487	662
535	657
488	728
569	756
420	611
510	647
450	700
499	693
455	725
501	795
532	758
504	710
496	679
485	714
455	669
493	563
499	714
540	716
465	895
460	728
517	672
560	688
472	636
541	846
491	883
513	793
447	903
423	818
532	780
528	897
430	938
419	911
493	939
526	783
464	857
524	1019
483	915
508	851
483	921
568	807
542	958
541	994
628	908
611	771
605	734
595	797
614	992
723	950
726	820
692	710
750	511
733	704
676	852
581	765
656	861
671	939
692	779
666	889
663	782
672	740
591	872
647	864
709	877
688	820
782	691
778	663
771	734
796	666
756	752
794	766
874	825
827	811
786	702
764	689
713	756
702	674
701	688
602	706
613	633
623	616
610	698
577	641
569	628
569	740
596	714
587	728
633	743
670	799
583	864
640	921
587	836
558	858
623	688
644	656
615	691
691	582
610	741
593	791
620	706
651	703
661	665
619	709
556	786
567	945
561	817
567	756
594	879
602	867
633	666
623	682
587	773
587	1016
588	777
568	764
610	762
569	823
545	752
570	802
571	756
544	978
572	903
589	776
532	751
565	814
550	691
528	662
593	626
551	718
589	632
592	651
541	709
547	825
568	829
496	762
492	797
524	743
519	700
497	668
577	740
526	668
489	704
524	713
597	641
476	654
522	765
489	641
500	781
496	685
573	648
475	694
572	793
538	693
566	601
564	635
579	803
614	774
542	830
520	652
539	703
506	790
495	800
569	878
575	838
525	849
523	664
496	633
575	651
499	757
516	805
574	796
434	808
475	775
532	875
551	891
474	866
492	881
443	742
481	832
494	712
426	693
467	750
433	896
487	743
472	667
429	621
480	851
470	789
473	773
502	727
421	629
459	786
488	743
450	646
491	871
477	849
474	751
503	1015
491	941
476	750
467	677
460	815
461	746
488	659
539	891
451	738
440	693
472	660
534	733
484	839
498	806
446	884
505	764
448	875
459	884
439	709
564	803
499	1019
453	816
459	746
451	715
474	612
473	698
466	728
487	557
437	636
437	798
491	974
438	871
437	915
470	983
511	878
506	748
476	766
513	729
510	725
477	614
444	632
360	861
478	852
410	745
365	678
448	745
431	675
484	653
435	841
459	870
448	824
505	778
487	648
503	811
507	877
469	968
435	757
394	887
436	843
454	845
465	639
526	729
547	820
587	723
550	846
484	950
472	952
475	858
475	843
450	758
471	725
504	665
486	801
486	689
527	773
486	669
508	661
468	606
509	614
512	667
586	748
434	644
445	538
456	781
506	825
427	742
445	600
422	644
495	652
458	928
491	848
498	1018
453	956
403	738
419	854
452	811
448	638
425	646
438	706
450	720
444	671
414	624
453	630
415	734
425	807
485	728
472	658
412	569
516	607
492	611
502	703
488	856
438	804
451	837
433	843
483	652
500	648
553	659
543	899
506	781
478	778
524	786
514	627
488	1010
472	968
455	1028
474	778
462	902
424	616
435	724
487	974
497	1159
453	980
478	857
521	804
423	1000
483	817
443	810
501	735
518	626
453	539
514	649
486	715
567	683
488	804
551	722
565	675
676	819
703	978
760	643
769	612
719	834
729	734
688	642
701	659
683	852
750	810
783	841
613	797
583	894
601	737
619	636
587	692
611	788
616	719
735	832
686	869
640	882
560	844
607	819
596	859
545	775
532	972
458	861
526	909
471	791
459	988
487	803
452	944
506	989
441	996
471	898
484	949
453	854
508	779
461	781
498	723
499	820
477	810
489	852
417	796
454	876
474	966
511	868
456	950
498	876
459	835
506	798
544	871
450	785
494	849
505	906
534	738
423	726
476	802
484	637
481	601
495	795
537	922
535	757
454	635
448	629
403	598
438	608
434	608
493	717
467	562
461	655
480	672
417	735
479	769
418	801
432	784
439	891
440	853
508	703
531	803
459	806
463	740
551	921
526	805
475	723
436	804
466	822
465	601
469	793
468	826
468	742
501	729
512	743
467	900
485	812
482	804
438	713
482	797
466	652
505	698
497	862
447	868
466	737
432	816
467	757
464	692
391	705
447	767
535	653
527	724
500	743
464	786
420	718
493	683
486	815
438	868
423	837
451	874
491	754
519	738
462	944
522	953
482	937
480	1020
515	913
477	930
474	899
501	769
520	749
543	694
563	646
518	566
516	644
563	627
502	611
487	746
505	630
501	609
539	724
512	980
519	1050
524	906
530	819
444	847
460	779
471	606
529	608
550	817
498	866
480	717
497	696
443	663
524	638
523	749
543	749
552	785
535	632
489	606
534	717
466	781
430	897
496	771
487	801
481	733
463	809
466	671
473	742
517	632
520	765
508	733
445	626
494	650
513	611
515	855
479	688
510	902
478	903
495	838
528	633
536	801
578	595
491	653
526	593
475	739
464	725
472	645
403	682
453	626
486	712
523	694
460	637
586	744
495	704
500	636
496	781
549	729
475	611
476	560
461	733
495	803
542	657
489	750
550	739
534	703
506	591
539	710
559	708
529	732
508	727
526	697
485	809
482	790
526	707
536	638
502	669
498	737
495	769
494	883
511	879
518	683
503	649
513	585
559	610
484	574
518	605
477	664
484	810
514	679
452	538
545	451
538	556
480	619
521	573
478	602
447	666
464	658
469	758
490	824
433	736
479	849
509	731
520	864
524	897
583	749
561	741
566	666
537	553
521	576
454	715
545	800
545	754
488	850
468	763
478	757
476	740
506	740
513	638
516	897
482	836
569	776
546	796
564	636
562	831
497	857
445	876
488	706
469	672
505	677
524	688
511	706
481	789
526	698
536	567
544	756
581	941
520	912
575	773
548	969
575	819
502	1082
580	943
535	852
595	800
596	907
556	835
558	846
493	715
460	873
465	795
488	554
577	585
520	555
605	684
547	728
529	702
561	667
555	702
502	916
461	856
569	723
524	747
525	771
525	624
526	582
484	664
459	598
485	568
471	669
496	561
489	522
502	582
502	606
444	770
434	752
404	681
436	614
431	666
470	702
451	783
477	760
406	796
443	650
487	676
466	678
446	569
517	763
479	667
462	774
442	640
449	539
431	673
447	640
487	720
440	834
495	724
559	953
485	939
504	847
507	793
470	863
489	701
491	770
483	753
575	575
472	670
527	681
417	604
436	604
443	689
441	656
446	515
413	543
446	583
497	673
463	726
490	637
486	657
453	705
474	712
449	758
477	678
476	565
550	611
531	802
469	870
491	703
488	548
489	660
526	777
509	674
484	641
491	685
508	695
533	665
496	653
535	692
523	684
535	850
478	691
491	697
550	756
513	705
525	784
645	768
577	683
633	680
584	581
510	626
639	608
565	611
552	773
501	758
528	730
545	704
516	737
587	957
580	969
575	1050
645	868
566	786
555	735
614	603
673	660
697	657
709	631
702	640
690	801
738	721
730	899
735	876
663	760
731	680
743	630
759	663
737	722
812	704
790	815
773	755
882	743
941	835
951	839
1075	837
1127	815
1124	651
1171	729
1156	620
1096	663
1167	776
1013	594
1043	548
968	678
865	614
828	618
788	636
846	576
823	756
929	563
928	555
985	613
1034	621
1155	618
1125	748
1345	664
1387	696
1607	716
1596	814
1750	702
1640	639
1463	722
1299	677
1167	762
1126	783
1083	572
1000	727
983	852
1079	797
995	765
1095	904
1137	1001
1171	811
1190	700
1338	703
1520	635
1584	790
1666	785
1645	724
1627	634
1635	692
1556	729
1690	863
1566	890
1563	889
1535	1022
1405	813
1370	826
1308	827
1192	893
1160	729
1293	795
1261	713
1312	689
1456	644
1308	670
1276	769
1119	747
1042	840
872	655
833	636
832	707
821	672
803	717
794	761
813	716
793	933
841	852
959	869
906	671
857	701
858	716
832	757
913	757
826	669
800	690
679	674
618	565
604	719
559	765
550	639
475	682
536	694
525	645
572	587
574	707
651	715
697	840
690	737
642	729
661	567
665	689
720	726
702	580
732	676
774	822
846	808
793	685
832	757
942	818
1064	829
1160	1051
1197	922
1270	860
1199	810
1263	973
1234	933
1179	758
1173	887
1156	991
1111	1076
1058	941
1090	842
1093	701
1130	684
1254	747
1219	655
1337	772
1199	791
1209	1014
1210	963
1142	780
1108	712
1203	752
1331	904
1436	876
1281	803
1241	804
1204	874
1208	844
1219	854
1306	973
1379	890
1497	735
1437	627
1461	1082
1439	1022
1432	849
1333	854
1390	931
1329	814
1214	964
1107	887
1116	672
1070	601
1218	630
1120	824
1172	848
1042	921
1039	844
1088	742
1054	701
1161	805
1059	778
983	726
996	791
1002	803
946	772
929	818
863	819
876	716
926	930
862	821
929	753
940	713
913	753
910	649
926	730
1041	753
932	759
898	793
1014	834
948	886
946	801
945	760
927	877
868	790
849	741
896	713
881	683
919	860
866	946
848	899
844	851
888	843
864	794
870	701
842	691
924	714
878	704
849	927
873	730
863	813
887	761
909	840
885	796
815	1052
814	764
879	828
899	744
955	730
938	618
933	672
959	721
1023	747
926	607
908	646
897	652
866	694
846	863
858	727
813	718
770	606
799	756
763	567
824	699
769	710
850	697
876	613
851	580
889	725
923	641
960	767
1064	612
1069	716
1086	743
1069	641
1130	697
1006	711
993	723
955	796
949	750
979	807
883	717
888	615
897	697
931	657
1005	654
968	690
878	623
847	620
866	727
953	907
933	727
875	841
914	762
969	649
947	660
924	671
841	753
887	663
877	769
884	889
891	933
821	769
800	859
854	737
961	681
879	694
869	752
953	659
919	603
854	696
864	560
847	764
815	613
829	681
801	646
762	856
762	730
882	729
904	705
868	790
774	905
830	815
859	682
877	620
835	669
897	690
855	783
787	847
795	709
762	795
799	772
710	662
729	608
822	622
756	696
794	646
724	596
677	591
732	556
703	838
723	751
760	736
773	923
784	851
739	758
742	678
772	633
812	676
794	652
801	705
803	832
756	863
657	722
706	729
779	781
726	877
669	748
682	726
696	633
689	743
700	805
668	807
752	686
720	593
704	638
700	791
720	621
717	845
652	836
710	753
754	748
682	686
672	654
701	773
660	653
630	658
645	880
614	816
600	748
657	788
614	831
668	955
689	881
594	873
598	841
655	819
583	819
607	860
595	721
583	871
628	798
595	788
625	757
601	869
561	711
603	869
611	760
585	835
582	912
561	778
513	609
512	850
497	900
570	749
592	715
565	715
591	724
584	816
570	712
598	645
609	736
562	753
571	648
603	698
607	756
540	764
612	704
612	852
654	787
575	753
575	703
610	717
547	883
526	846
504	792
502	718
499	729
477	837
508	709
534	656
558	646
534	933
612	832
521	785
519	657
515	716
553	692
526	623
523	705
519	743
558	894
486	881
464	814
501	745
523	904
494	934
468	937
509	1065
528	898
483	704
459	648
416	613
436	837
467	717
490	790
514	689
499	774
433	824
476	785
537	833
417	968
474	695
518	736
437	768
458	948
503	992
430	954
497	740
472	696
497	789
505	700
459	914
481	892
465	823
445	754
484	905
545	896
501	868
510	756
488	893
459	875
464	834
550	916
540	956
465	875
498	835
505	871
463	746
494	696
491	800
502	661
451	772
464	621
439	689
517	633
524	683
454	790
472	785
489	642
419	700
530	714
453	890
490	836
457	857
513	859
481	969
482	880
459	892
493	781
448	664
486	626
416	679
419	689
413	654
414	725
455	599
410	729
458	678
459	645
415	638
407	862
420	985
440	828
436	725
444	582
475	726
452	902
487	860
459	815
462	745
450	795
408	838
397	846
391	775
402	800
465	830
518	833
466	858
455	931
398	1044
419	895
459	845
430	729
443	930
471	911
442	855
447	865
522	810
464	858
480	715
443	708
464	951
531	924
541	853
566	851
485	864
489	760
503	778
477	791
494	751
481	852
533	782
498	816
518	855
496	861
578	885
462	863
520	1014
489	893
483	830
491	816
541	732
576	792
563	721
498	720
568	746
548	835
559	945
617	980
579	874
661	875
714	963
660	999
652	961
697	898
702	861
629	1054
697	939
709	992
685	1017
681	869
684	832
703	1121
751	856
765	868
809	845
731	789
783	818
754	746
813	643
777	654
785	847
732	807
801	549
802	723
756	709
720	584
641	605
675	709
630	850
650	889
605	797
616	609
599	741
547	777
466	848
524	934
459	848
436	714
533	836
524	952
521	800
540	719
538	740
510	713
478	700
534	639
511	636
492	756
518	701
507	734
488	785
517	833
479	811
560	946
595	855
529	951
516	806
507	813
481	1031
474	1007
469	832
527	841
525	906
476	862
469	738
497	530
466	689
470	776
472	784
476	735
503	752
493	851
503	866
493	657
515	703
498	734
491	806
465	866
486	922
511	769
515	677
450	643
443	831
474	828
487	815
512	868
504	736
502	677
465	590
457	740
500	636
508	751
503	732
478	802
523	754
551	648
473	682
493	873
487	744
513	786
481	740
490	622
482	797
497	758
543	643
542	688
529	826
458	690
505	775
483	577
479	629
463	707
457	616
464	709
501	689
452	657
459	807
510	807
544	835
497	760
476	554
448	823
430	971
492	829
485	753
473	720
471	825
473	885
464	695
440	842
497	901
484	652
484	762
534	761
577	637
491	601
429	648
415	704
419	618
499	640
452	515
438	708
493	771
469	631
464	791
437	805
531	767
482	859
510	797
480	876
512	737
509	767
494	638
479	930
458	842
489	681
470	707
485	719
516	658
472	810
485	544
509	600
513	731
488	671
537	654
520	673
537	661
477	715
505	667
577	498
561	611
542	625
553	562
557	599
581	691
579	863
568	644
518	683
516	791
558	705
603	716
657	850
581	731
616	877
692	603
654	615
670	611
597	899
622	759
668	712
606	789
697	811
671	695
681	685
682	793
728	664
753	793
696	757
697	755
828	613
751	627
700	674
695	722
773	688
763	779
710	721
682	787
732	741
784	974
822	920
883	1137
939	844
872	841
861	1114
870	778
821	706
793	598
781	692
714	844
693	675
654	754
643	657
594	696
586	686
595	860
601	782
688	758
673	856
731	830
752	819
761	632
819	716
755	873
701	939
801	1003
728	839
688	684
668	753
653	866
565	770
566	664
572	732
552	884
667	858
553	821
552	851
522	781
514	809
558	878
611	1026
575	898
557	907
541	886
486	773
519	587
552	724
552	854
542	673
568	718
598	682
551	684
534	702
562	712
540	520
552	701
490	662
488	634
506	651
549	687
516	781
518	764
538	778
580	794
609	681
556	730
591	638
563	701
600	634
517	646
573	819
578	989
529	978
554	866
610	770
649	791
565	605
556	741
550	897
543	694
579	741
547	758
565	761
537	783
504	641
477	746
484	726
522	853
510	819
543	866
482	797
518	853
534	790
585	803
549	897
645	981
631	953
605	800
604	629
558	634
530	646
559	717
555	651
564	655
506	732
550	804
533	741
511	757
554	764
581	814
593	785
539	835
616	773
576	683
582	736
590	761
580	743
613	609
586	609
624	686
644	741
544	820
616	938
592	914
524	955
539	853
544	1024
512	872
589	803
485	661
557	605
544	666
525	673
572	742
634	736
610	565
515	543
546	464
548	464
554	470
601	441
601	544
555	500
554	681
559	597
549	581
520	703
498	582
474	530
491	685
519	646
533	654
549	592
582	679
598	715
423	687
481	697
531	682
523	750
536	785
525	643
564	743
588	626
568	725
577	692
551	665
569	615
498	617
580	851
604	716
616	570
579	611
605	772
623	776
662	963
691	1005
764	762
651	752
642	761
731	656
691	699
556	655
609	788
576	722
623	839
652	817
641	722
636	807
632	710
670	743
648	793
609	747
591	701
585	669
587	673
583	618
532	714
534	765
545	672
548	694
488	921
560	781
513	926
607	852
534	811
526	794
534	803
490	788
466	748
480	666
565	732
490	608
530	671
501	678
533	688
560	694
564	672
527	699
519	585
500	712
524	566
554	738
538	813
583	643
565	698
557	521
476	692
486	755
509	664
476	730
537	682
558	786
503	739
484	599
479	494
553	536
590	607
605	712
538	661
590	700
574	744
542	758
502	817
513	881
528	741
518	697
466	619
485	546
504	717
529	848
565	724
542	778
532	824
525	777
577	891
568	1020
591	948
583	986
569	878
538	921
536	845
533	771
489	836
521	730
544	777
529	955
497	695
488	866
495	861
528	732
522	709
502	717
508	878
519	654
502	660
502	782
540	624
514	687
508	690
655	698
587	733
602	644
507	726
583	788
586	665
599	536
535	646
536	820
532	801
533	841
560	791
556	798
511	751
572	673
558	616
547	730
546	844
578	884
516	624
547	678
513	697
508	675
524	658
528	613
512	616
517	634
533	551
511	594
559	594
554	580
510	634
540	651
604	714
579	633
549	693
481	714
479	683
474	792
518	784
510	820
452	797
510	663
499	457
440	635
485	723
507	809
477	539
562	738
533	728
555	830
521	776
519	617
501	668
455	774
442	782
515	735
432	883
478	919
520	775
487	993
535	867
528	868
484	720
515	766
452	689
533	710
544	754
536	665
566	669
564	685
507	691
508	755
486	870
541	848
545	869
494	830
483	569
584	603
546	673
511	626
480	607
501	786
558	614
598	617
578	571
565	595
576	801
564	785
583	784
614	888
637	793
604	820
647	830
635	623
701	714
622	787
631	877
625	790
657	721
567	692
551	733
573	830
614	716
672	731
614	619
625	686
655	909
632	818
629	702
652	760
654	783
659	874
700	750
658	705
611	671
624	848
613	593
593	573
667	751
628	790
611	753
602	603
630	583
600	757
572	746
567	673
578	726
538	645
534	619
557	577
537	520
527	640
569	636
561	647
563	729
547	613
535	616
507	638
601	667
547	760
532	677
533	650
497	652
559	637
561	541
603	723
541	616
489	855
538	735
509	845
501	934
489	756
437	795
488	846
465	750
501	764
475	600
486	694
535	812
483	877
518	800
494	660
427	885
481	897
469	854
451	831
499	716
474	689
474	628
473	830
526	827
522	786
530	696
522	679
510	707
521	660
470	818
507	885
522	728
546	683
518	593
507	798
512	790
552	795
510	956
485	731
539	759
567	746
475	820
522	752
492	794
518	748
482	724
506	724
518	872
542	721
551	837
489	761
481	843
465	597
489	641
473	617
517	749
515	828
551	882
529	730
507	535
492	656
520	771
546	821
484	602
500	727
530	720
542	699
512	812
553	726
535	812
510	709
532	749
557	682
523	714
556	819
617	630
611	645
604	534
646	665
664	644
621	659
659	758
710	711
734	715
784	686
747	573
693	633
688	705
652	547
664	546
735	634
705	650
761	701
694	646
727	765
783	746
792	742
769	749
841	760
899	883
890	977
951	916
958	820
973	815
948	870
1053	761
1009	619
959	652
929	758
914	602
913	660
959	781
1005	661
981	868
930	827
949	764
972	552
1052	618
1102	817
1138	594
1103	585
1073	637
1046	590
1053	705
1037	753
1013	764
1084	894
1057	875
1074	744
1103	834
1180	758
1134	1024
1115	873
1119	766
1138	698
1163	816
1241	682
1253	752
1333	688
1349	836
1314	1015
1294	915
1289	1009
1285	779
1343	977
1382	863
1232	870
1260	736
1216	792
1126	771
1179	770
1180	901
1196	796
1103	743
1163	561
1163	758
1118	627
1104	582
1259	617
1201	643
1316	762
1259	878
1340	958
1244	749
1292	721
1202	656
1162	618
1159	711
1146	691
1143	682
1128	650
1083	649
1078	676
1008	720
1098	752
1042	772
1103	730
1114	777
1055	739
1061	671
1047	747
1085	878
1170	820
1053	800
1009	996
1038	922
976	712
917	818
982	897
933	803
862	785
938	797
774	747
842	840
883	752
933	707
898	894
915	764
892	810
921	923
893	786
909	718
821	737
888	606
877	750
855	750
804	868
788	762
792	757
808	913
738	784
721	756
761	620
823	618
742	605
768	711
706	614
783	764
784	1137
747	955
686	784
768	850
696	906
632	803
712	816
649	694
646	965
631	893
678	873
631	863
647	868
680	661
679	857
639	876
644	809
637	820
640	909
685	980
653	896
596	886
582	693
543	654
576	801
629	958
595	909
619	762
661	830
664	839
654	877
653	726
672	667
688	748
595	873
670	718
633	808
560	707
603	796
580	638
641	732
658	640
677	725
662	598
689	744
690	701
654	657
731	807
705	757
737	834
801	822
757	780
758	800
778	626
720	638
725	760
744	894
718	867
778	824
753	816
703	851
643	703
588	769
581	738
601	611
584	651
594	732
508	674
570	721
586	660
577	681
604	733
520	685
499	746
559	669
499	831
519	878
508	831
521	921
542	850
567	978
573	876
492	875
570	954
487	839
507	905
502	735
521	664
519	724
508	630
471	586
454	730
470	589
547	808
517	816
521	834
470	773
466	753
508	795
485	865
523	832
471	734
481	834
495	705
581	729
644	731
728	718
681	782
664	1038
598	1059
763	1003
732	911
676	771
557	785
609	832
574	800
565	951
558	989
585	858
549	797
578	775
591	923
502	860
559	1188
618	981
599	874
628	895
633	761
789	852
663	821
660	873
590	797
552	694
574	604
559	632
528	712
524	584
511	640
504	609
515	656
577	674
466	703
511	758
430	822
489	898
452	711
442	924
431	834
471	874
492	927
509	648
486	669
545	709
556	523
507	557
417	676
470	652
532	671
470	696
465	754
483	672
499	771
467	803
495	753
493	811
471	723
504	755
488	662
483	758
513	570
469	653
449	693
457	695
521	663
521	664
567	759
462	721
516	687
480	722
505	656
540	918
498	872
501	916
523	874
477	873
470	796
509	994
547	890
553	767
491	720
462	779
519	771
511	911
461	680
469	781
527	707
436	740
508	685
489	739
449	618
470	722
511	716
534	754
508	734
498	680
426	711
423	796
473	851
526	775
428	859
468	1033
508	938
504	754
474	743
505	882
509	878
489	729
474	614
516	634
482	727
434	684
423	774
467	898
538	821
508	713
476	621
553	602
525	695
415	756
429	697
524	741
521	827
513	599
526	737
512	700
476	789
531	893
499	934
444	786
476	761
459	654
463	751
417	751
437	736
426	801
435	783
381	860
440	840
383	887
459	628
502	717
485	819
433	681
490	654
515	707
456	694
441	683
456	777
449	800
428	694
433	814
417	732
457	818
515	833
510	822
484	916
436	719
518	702
470	641
463	704
503	630
475	721
506	654
477	667
464	675
490	656
450	582
458	665
517	606
445	510
477	619
482	615
499	704
492	627
451	696
527	744
464	782
486	775
439	650
480	818
472	705
442	822
461	768
485	819
474	905
435	806
429	622
450	711
496	804
457	898
479	840
476	809
520	577
471	578
486	760
487	652
504	646
496	681
444	657
466	726
491	694
494	584
492	857
464	843
462	748
474	893
450	881
433	679
424	802
447	865
432	667
495	612
492	695
446	642
492	725
452	514
506	698
512	889
544	977
481	750
485	772
424	816
423	623
448	712
431	887
477	879
525	713
433	714
468	732
458	659
510	707
479	812
516	603
514	645
527	627
485	765
543	750
556	757
560	775
565	688
567	779
584	798
541	798
560	846
594	796
718	1018
685	836
736	822
704	979
817	1016
776	1079
940	1133
966	1034
1246	1214
1275	1224
1456	1275
1517	1275
1439	1337
1369	1152
1785	1213
2079	1095
2321	1119
2549	1147
2756	1042
2690	1015
2410	943
2364	887
2417	930
2656	936
2294	856
2425	755
2324	1208
2161	1023
2124	1089
1901	1040
1341	931
1049	858
950	854
968	902
862	898
642	812
547	748
517	655
668	596
589	706
646	743
586	884
646	639
633	774
707	812
725	933
713	904
619	831
615	686
624	755
703	763
557	783
549	704
499	741
552	853
521	753
502	708
549	773
496	801
517	740
507	860
451	897
509	814
451	845
539	886
420	829
480	707
498	805
530	753
541	839
518	734
531	645
542	645
506	787
549	695
558	744
500	723
494	611
518	674
441	570
466	609
477	694
474	763
500	637
496	625
490	642
530	545
460	596
487	670
462	755
505	906
522	807
548	663
483	660
458	742
500	893
534	788
548	797
511	735
503	667
510	619
476	685
482	706
521	840
483	763
516	876
472	612
495	698
493	1004
511	887
491	738
524	715
481	645
465	591
425	767
512	913
512	721
485	655
562	702
474	708
476	730
462	841
478	925
509	1065
529	939
501	795
541	823
539	792
433	636
503	639
462	620
486	585
459	678
483	706
475	533
512	597
591	530
493	514
513	621
505	640
517	764
478	539
564	685
487	591
507	527
583	551
488	735
460	617
529	649
511	688
512	856
553	871
493	805
487	858
504	868
540	603
482	712
507	724
480	772
470	560
523	693
568	875
527	788
553	700
562	663
517	682
539	706
527	761
473	763
560	878
587	683
503	862
561	832
503	707
574	803
540	809
533	687
515	713
477	843
513	677
532	657
549	755
535	712
540	697
558	702
511	796
559	776
514	904
511	952
577	1091
555	1005
582	1036
588	902
555	849
541	1015
495	759
532	728
482	887
523	922
458	995
557	1100
509	893
498	879
537	778
512	851
543	887
570	866
544	813
523	871
517	988
585	810
505	799
516	864
544	854
510	799
536	709
558	746
486	756
563	771
485	795
489	764
470	1008
522	989
571	876
540	872
546	962
501	842
515	820
571	773
493	714
551	756
601	906
577	917
607	781
581	796
540	796
516	763
548	959
526	878
596	736
531	997
555	894
538	913
596	819
587	606
529	731
573	598
576	707
634	864
611	754
625	696
582	742
584	753
602	767
611	855
572	913
702	842
643	814
661	728
726	952
727	852
588	692
635	942
706	848
680	654
735	778
658	729
651	666
678	667
693	600
763	677
633	838
639	869
866	833
863	808
887	888
797	657
753	668
759	714
782	770
918	881
879	776
827	725
846	730
867	794
771	637
811	658
787	913
812	754
848	770
871	869
927	949
959	877
976	706
913	745
943	562
927	680
789	585
839	643
784	815
758	776
798	890
664	638
697	769
721	796
775	902
771	761
662	937
729	896
689	726
655	538
636	604
656	800
709	903
725	926
742	759
740	854
811	828
668	766
680	653
711	819
720	826
802	744
829	695
916	711
963	778
993	776
925	702
993	667
1007	660
1016	682
989	658
1022	717
1073	833
1088	726
1085	672
1059	765
1182	685
1237	657
1076	704
1068	623
1207	679
1125	694
1116	531
1037	694
1048	603
1121	623
1083	741
986	801
990	670
988	582
938	671
950	674
1017	710
1002	518
1069	631
938	735
997	703
1036	766
979	665
879	555
873	624
923	547
949	584
931	617
877	664
883	611
860	770
832	607
878	672
802	629
891	688
813	650
848	566
859	553
838	749
723	824
762	831
779	881
845	771
805	728
812	725
715	637
760	571
783	769
712	825
723	986
721	949
709	1022
712	1026
762	849
676	745
663	637
679	591
756	545
735	583
814	538
733	585
657	720
672	661
633	824
567	712
562	713
584	923
621	779
662	780
584	726
596	691
603	716
626	717
561	704
617	763
591	588
590	752
648	751
615	711
555	669
593	584
589	566
543	741
623	777
580	625
564	721
580	695
604	686
555	619
565	647
575	690
498	696
573	744
607	697
583	753
555	823
526	635
515	736
511	758
503	602
512	641
537	672
558	573
586	661
587	894
532	701
542	703
523	628
526	639
506	707
591	730
538	745
569	676
531	573
492	673
549	575
502	587
534	687
531	739
527	745
544	702
543	729
573	879
574	732
529	771
483	818
601	739
570	692
576	632
558	692
570	687
555	743
569	837
565	845
612	992
558	780
602	824
559	793
580	729
538	683
586	839
590	758
549	796
561	806
627	683
595	784
581	773
575	670
554	824
643	851
607	1027
642	829
578	737
649	640
644	598
601	556
556	565
626	711
582	558
494	676
538	663
511	595
516	751
608	773
648	787
558	709
511	650
584	649
537	697
556	688
570	610
569	626
572	570
620	643
582	898
606	771
602	663
668	808
606	692
563	754
528	822
585	773
594	685
584	702
574	577
631	509
581	512
553	591
661	714
663	814
641	696
621	650
591	734
587	831
590	828
639	675
636	755
598	804
570	764
646	805
593	933
628	685
617	813
629	734
617	714
618	586
617	673
642	597
680	555
613	560
566	611
539	673
579	696
542	617
584	502
618	753
590	670
564	742
584	724
600	726
566	721
600	606
615	658
575	798
593	670
579	639
522	785
523	884
524	665
523	716
525	695
542	904
602	860
583	718
567	1076
562	1196
626	1056
538	965
616	761
559	726
573	720
522	680
566	606
591	791
580	802
590	780
621	791
599	878
523	766
521	630
497	593
511	642
540	670
529	581
543	683
563	681
557	637
569	697
520	864
524	670
526	683
512	685
503	694
545	722
548	813
530	671
534	811
568	653
520	556
543	718
500	719
494	707
491	555
547	611
466	605
496	572
545	538
486	715
509	809
466	664
483	576
504	539
486	534
471	513
484	570
511	618
497	602
503	736
537	714
520	724
531	661
576	726
530	639
514	778
518	708
544	620
524	631
477	673
497	659
507	772
548	808
520	552
492	559
475	587
479	694
528	663
480	870
486	683
522	657
468	740
483	667
542	689
486	703
479	782
581	694
566	810
563	767
512	651
567	630
536	710
515	650
469	540
564	669
528	683
521	720
445	579
491	731
482	627
545	628
490	625
531	557
554	893
546	972
496	830
525	685
550	809
569	653
550	576
563	615
553	537
562	503
576	571
529	546
547	567
559	671
532	803
594	628
521	533
524	760
500	631
578	741
551	651
600	745
579	538
591	625
605	557
601	554
664	691
606	571
594	580
661	616
630	523
595	584
670	638
558	571
641	624
575	501
568	545
597	687
583	531
634	561
595	694
575	766
573	682
546	654
612	659
603	638
586	683
495	615
568	771
637	837
611	702
616	750
561	733
557	634
580	728
525	819
456	643
533	743
617	702
542	573
554	605
558	717
541	768
590	742
578	591
572	679
582	656
580	609
593	611
566	692
574	662
586	674
552	675
523	803
544	677
499	587
547	658
559	609
553	648
506	596
482	613
535	616
577	610
516	545
555	697
591	700
584	777
582	699
568	676
610	753
586	632
515	593
515	662
530	589
570	650
544	666
549	543
514	604
564	562
530	623
602	522
500	561
527	584
554	597
574	616
542	743
606	866
540	666
567	742
556	613
546	743
540	732
529	587
550	523
537	565
505	510
469	466
547	590
488	630
504	660
514	616
530	717
502	758
520	781
531	843
571	665
454	681
530	769
521	689
519	643
547	690
487	642
501	599
548	706
504	706
509	679
576	788
528	702
519	612
555	635
511	663
540	665
505	738
468	737
507	703
465	637
500	659
446	810
468	692
390	748
447	641
465	776
511	789
461	809
499	672
567	728
513	670
473	794
479	811
466	896
487	814
522	858
509	901
440	861
492	741
498	790
445	814
471	755
505	698
505	725
525	718
520	751
414	576
527	575
490	473
529	594
484	627
459	620
457	661
496	703
498	732
544	639
479	664
475	594
545	618
499	688
503	718
549	764
476	713
511	760
448	612
506	829
525	667
525	736
488	776
501	780
474	785
450	765
455	707
413	812
411	834
434	908
415	792
496	590
441	638
431	823
521	877
514	884
462	786
468	862
420	869
472	847
394	875
502	797
475	759
462	654
466	491
493	668
500	635
468	664
447	695
449	755
485	700
457	696
453	655
512	645
491	585
509	708
529	606
512	635
455	752
523	740
547	625
481	665
453	695
513	632
499	660
553	657
492	566
488	671
533	679
489	658
455	597
530	638
518	663
515	778
501	912
463	791
473	872
515	796
482	790
480	809
393	774
415	719
466	786
484	633
515	614
510	651
484	616
502	654
512	733
505	859
486	655
488	607
486	706
514	715
479	818
493	866
536	939
503	816
558	667
474	680
498	796
489	840
463	793
471	820
533	828
443	648
487	768
500	838
559	1002
511	922
497	909
494	708
508	612
474	639
468	718
457	634
514	671
510	644
525	749
600	682
613	830
632	750
516	818
567	774
558	693
568	799
582	757
523	812
507	694
514	652
503	687
550	749
481	621
575	624
526	716
505	752
594	811
522	771
530	693
580	666
599	626
532	624
606	583
621	763
628	713
543	670
476	786
529	732
585	984
596	809
525	816
548	801
562	830
518	697
571	753
570	808
572	725
588	737
546	612
624	653
573	762
508	610
578	712
519	715
511	739
624	592
555	660
531	599
522	681
534	698
466	709
518	812
544	786
622	892
556	881
524	855
537	756
552	800
531	688
484	650
485	558
540	689
559	550
608	576
524	578
533	721
502	587
521	707
523	603
457	488
518	658
496	641
473	637
452	764
494	599
518	744
510	685
507	729
530	617
553	580
505	523
547	574
517	562
578	717
596	756
551	664
540	711
553	587
508	696
515	595
499	612
508	654
487	546
553	598
509	599
455	644
485	723
461	799
564	725
537	732
549	604
511	734
480	771
475	746
469	680
502	600
517	678
466	795
467	813
486	700
476	713
511	608
502	698
530	711
475	617
490	695
551	690
488	712
503	619
512	646
499	778
468	660
486	717
526	735
488	591
492	661
524	617
516	794
454	546
496	482
470	708
496	759
495	745
474	798
565	863
487	742
559	664
519	567
610	520
556	647
527	851
528	621
528	645
518	646
504	606
579	632
581	527
532	537
527	676
489	586
519	719
479	638
463	681
529	691
484	576
429	637
479	696
495	783
451	689
577	756
468	720
542	763
493	863
544	815
507	708
527	854
515	785
497	773
539	672
600	681
610	766
666	838
637	802
606	989
661	805
571	631
626	639
719	617
649	813
715	706
680	683
659	658
718	638
699	693
729	797
620	649
586	926
516	852
529	755
544	631
579	702
526	718
516	683
496	929
539	955
524	691
555	711
539	632
532	598
502	868
478	890
510	795
489	642
519	828
490	807
526	857
548	811
606	605
526	732
511	770
545	675
479	938
541	959
421	828
484	679
457	712
521	593
492	759
471	735
487	671
504	716
520	742
562	730
550	623
499	625
420	643
495	633
495	797
460	725
499	757
551	611
496	573
495	520
477	638
496	673
476	443
530	597
442	681
482	761
486	692
486	678
468	598
519	616
438	577
444	621
471	594
467	560
467	631
551	590
508	661
554	603
457	597
492	776
494	784
535	706
491	742
507	712
473	687
535	819
472	778
525	667
453	628
482	790
470	666
465	920
561	899
502	718
449	790
514	808
502	895
497	811
508	778
505	612
551	669
491	603
496	735
451	650
444	827
481	814
521	665
483	857
483	924
509	813
507	775
510	803
484	859
553	1010
493	868
547	756
515	781
549	833
555	872
530	916
575	682
515	841
507	785
532	923
562	887
550	898
503	853
496	881
497	978
508	960
519	976
491	933
531	990
515	865
545	805
546	919
518	821
487	734
500	752
463	790
487	646
536	549
538	591
507	602
465	558
496	662
476	600
471	574
515	591
435	619
463	808
512	632
524	720
534	769
430	622
546	684
482	896
479	937
459	752
532	746
471	835
420	853
521	682
475	617
484	585
482	650
416	715
500	697
541	760
486	758
544	881
564	683
551	681
532	762
482	778
472	656
499	726
520	793
481	1089
473	741
489	764
513	880
503	924
474	894
454	953
561	1029
555	1038
466	1293
447	994
453	1070
458	935
411	735
486	663
447	611
415	706
473	628
442	716
475	766
418	618
476	797
491	691
468	796
460	805
478	861
454	848
442	614
490	658
418	596
474	763
465	690
517	918
470	772
487	865
466	702
487	844
524	770
483	661
471	881
460	774
493	685
470	625
495	724
446	659
499	551
508	625
488	603
489	675
504	758
511	570
543	572
545	565
480	524
506	574
591	662
557	705
518	792
449	660
516	853
444	796
444	926
471	1077
488	838
466	771
448	907
507	766
479	749
450	840
452	900
461	637
452	635
460	627
399	625
485	616
533	619
443	731
517	712
518	665
494	633
460	617
489	583
478	676
490	794
473	850
465	776
444	700
540	720
506	690
488	713
557	796
506	846
527	725
487	836
464	864
521	733
510	705
482	739
584	731
490	693
528	585
545	588
502	664
513	668
430	704
472	659
481	636
545	562
507	627
495	737
464	593
476	597
445	590
502	739
460	709
433	744
488	564
448	526
482	762
466	802
509	675
498	777
500	873
504	757
508	990
574	729
559	751
500	661
504	553
506	698
505	687
541	694
502	678
512	790
581	698
543	767
519	718
530	683
475	768
496	596
489	554
446	603
465	585
523	646
438	611
449	660
527	751
530	705
512	732
528	900
569	822
530	978
533	743
526	731
558	850
505	710
531	862
584	986
520	850
525	845
542	939
552	753
525	663
544	596
491	581
517	676
504	816
550	806
600	794
569	677
535	696
540	807
548	774
564	705
578	781
554	606
515	602
539	595
483	657
520	551
501	685
513	518
554	703
612	638
591	579
591	545
592	633
591	680
617	677
606	798
551	721
526	710
583	576
569	798
597	704
526	737
547	559
548	685
544	583
579	650
653	723
763	546
744	601
783	604
740	645
645	575
714	611
719	604
683	573
641	685
628	605
628	519
603	684
577	604
597	561
633	587
624	503
655	559
625	497
652	526
605	523
654	558
717	583
780	726
722	705
655	620
587	629
619	533
591	599
598	669
606	602
632	603
564	728
628	717
559	658
495	581
536	596
489	666
534	734
554	634
452	607
558	677
559	575
493	509
509	618
632	605
511	695
493	698
491	661
486	632
463	648
436	552
477	580
491	572
512	573
519	554
545	506
599	607
602	647
534	723
533	641
494	690
466	752
506	778
529	647
553	713
487	610
575	648
495	593
562	556
576	645
470	574
488	504
532	594
563	772
496	658
513	772
586	719
577	674
592	761
578	785
537	800
533	766
526	797
582	733
578	562
563	641
583	714
549	756
538	744
526	624
497	629
564	579
551	647
507	641
530	706
489	664
514	572
552	703
596	565
495	605
457	768
527	698
539	682
455	635
512	593
487	680
473	698
477	771
453	809
453	739
528	699
502	759
486	507
532	671
503	683
532	747
477	661
508	730
506	655
453	606
456	489
449	529
518	495
530	515
520	541
516	695
492	582
478	597
470	569
463	542
511	609
542	697
514	608
514	668
459	684
463	651
506	543
517	552
572	537
508	624
442	623
446	588
486	584
511	552
458	519
428	761
506	817
471	735
479	621
476	702
520	786
517	648
406	691
432	618
456	616
498	730
478	566
478	511
500	607
444	602
513	568
544	616
485	860
540	742
524	688
502	620
465	604
500	658
552	633
461	633
555	602
480	457
490	590
483	511
510	563
472	624
463	801
470	716
454	643
504	691
544	682
524	681
474	517
506	590
536	660
496	722
501	688
523	635
508	762
495	617
496	832
500	734
487	697
501	741
480	917
516	840
499	639
460	596
456	560
534	670
517	828
513	700
471	695
512	599
496	537
550	681
531	683
517	748
589	698
480	769
525	822
609	745
496	551
513	693
528	687
490	730
531	789
532	698
477	696
476	686
529	700
520	667
505	742
495	750
495	1088
521	773
542	766
507	779
564	655
534	755
575	853
537	759
493	832
584	633
516	592
519	541
521	516
581	681
534	667
547	550
543	647
519	643
555	697
558	694
593	834
574	697
595	567
642	757
549	871
621	789
618	790
572	655
587	667
587	643
545	610
587	766
556	726
580	738
554	530
583	583
587	574
589	597
575	554
551	498
553	532
573	477
619	685
601	599
634	651
652	632
598	526
568	812
625	618
567	631
537	544
543	460
605	555
527	594
601	636
535	548
540	519
567	634
595	691
557	590
649	613
571	425
582	468
566	719
527	620
574	616
528	606
533	663
556	634
520	682
567	572
606	571
624	514
646	554
580	502
552	538
539	568
602	521
621	574
593	530
615	601
614	631
660	656
620	675
726	719
819	576
846	590
916	716
1082	591
980	605
918	630
922	540
1275	515
1658	598
2104	567
2401	564
2599	524
3322	561
4234	588
4895	745
4911	747
5478	723
6310	839
7913	981
8956	1204
9120	1259
8741	1268
8729	1129
9029	1248
9945	1531
9810	1533
9543	1565
10104	1567
10767	1748
11692	1923
11861	1908
11839	1906
12028	1958
12769	2311
13353	2759
14260	3141
14101	3531
14181	3472
14284	3326
14389	3215
14240	3197
14383	3023
14026	2872
13996	2885
14184	2546
14136	2389
14055	2148
13929	2164
14192	1920
14170	1884
14131	1720
13817	1743
13735	1751
13726	1695
13786	1798
13756	1834
13873	1703
13795	1689
13820	1706
14105	1574
14212	1721
14242	2058
14074	1833
14356	2089
14632	2457
15002	2587
15239	3275
15464	3367
15457	3351
15673	3485
16182	4093
16138	4174
16204	4163
16047	4245
16123	4311
16343	3980
16164	3980
16194	4000
15941	3903
15773	3968
15638	3770
15638	3850
15402	3477
15390	3347
15554	3146
15203	3128
15023	2845
14937	2694
15273	2540
15063	2651
14768	2539
14743	2297
14583	2397
14622	2378
14602	2380
14759	2260
14538	2070
14403	2188
14100	1946
14162	2082
14029	1896
14040	1908
13735	1867
13695	1659
14172	1895
13868	2051
13557	2000
13271	1715
13259	1519
12794	1516
13044	1803
12547	1769
12525	1529
11413	1346
11269	1401
11039	1620
10839	1428
9971	1221
8836	1276
8432	1204
9031	1172
8996	1429
8905	1234
8582	1124
8432	1104
8658	1140
8692	1204
8041	948
6943	996
5936	995
6129	1014
5782	1204
4921	1135
3629	932
2894	821
2501	887
2455	788
2260	797
1787	739
1517	589
1540	756
1593	645
1590	688
1298	700
1154	700
948	717
1097	864
1121	845
909	620
734	636
633	676
602	635
602	532
537	551
573	616
574	618
604	631
515	691
598	713
527	823
532	741
545	680
477	682
528	721
549	719
503	771
458	695
450	612
479	688
468	691
471	703
476	601
470	762
513	946
573	615
542	588
514	630
506	715
433	812
545	683
558	601
522	562
506	489
535	646
580	790
571	772
642	814
561	724
561	674
524	517
520	774
559	819
462	843
496	770
485	620
495	675
540	636
495	693
526	671
498	633
539	699
470	572
516	577
496	661
540	562
525	514
534	448
511	535
497	636
484	615
497	488
494	429
467	498
460	493
460	592
442	579
499	734
488	632
472	555
425	592
464	531
471	575
477	562
551	578
451	582
473	457
492	504
549	627
557	567
481	664
498	643
458	586
468	618
495	715
481	755
460	634
469	572
497	668
484	608
445	569
447	490
472	517
515	572
392	696
473	590
465	676
439	681
462	543
445	676
534	641
551	613
539	588
556	618
573	648
619	634
628	743
677	831
753	907
913	967
1066	770
1015	619
928	830
839	753
1017	764
1547	762
1940	870
2386	812
2616	845
2591	937
3185	1039
3583	976
3688	929
3404	782
3883	906
4418	1037
5038	1151
5209	1191
5107	1108
5057	1132
5240	1087
6106	1277
6035	1326
6275	1205
6412	1385
7387	1499
7806	1663
8327	1836
8229	1953
8729	2134
8950	2189
8846	2226
8733	2276
9048	2203
8948	1957
8495	1823
8030	1701
7353	1374
7072	1351
6815	1370
6621	1344
6245	1405
6531	1419
6345	1186
6403	1454
6572	1318
6286	1289
5777	1439
5646	1441
4894	1618
4573	1363
3771	1190
3295	1298
3130	1193
3155	1246
2933	1036
3115	1111
3035	1260
2957	1370
3744	1075
3901	1028
3521	850
3264	861
2587	742
2634	742
2768	867
2546	923
2298	775
1712	789
1361	733
1148	827
925	601
750	582
677	733
630	902
670	789
701	724
679	650
677	709
615	633
725	750
688	803
673	859
676	736
647	766
614	753
577	690
570	581
505	612
562	510
511	471
475	467
519	418
521	472
476	563
471	479
524	455
467	511
527	555
537	465
450	507
419	545
439	780
426	562
443	567
443	619
471	597
431	684
419	600
433	674
465	697
501	755
506	656
470	588
469	706
479	615
512	551
558	592
517	586
481	551
522	528
491	614
494	549
483	677
535	573
532	724
495	600
521	645
538	670
535	636
534	710
575	729
510	752
589	728
488	588
517	630
490	602
524	563
453	635
505	832
583	775
568	941
456	681
590	659
527	590
498	713
477	613
506	508
502	543
497	776
481	638
492	532
484	496
532	635
546	483
565	588
567	571
547	616
514	529
509	614
569	669
498	795
506	730
471	663
528	610
486	666
512	517
497	630
522	651
407	624
467	621
491	493
480	524
500	488
449	484
532	497
526	431
494	571
542	482
447	709
471	586
497	679
468	610
512	554
470	536
543	664
428	772
511	814
543	594
468	549
529	568
504	610
548	565
777	505
833	542
924	633
871	586
801	617
786	824
822	878
922	825
971	724
1023	727
1164	801
1050	799
1044	808
931	722
878	714
975	758
1213	891
1362	814
1673	893
1854	740
2128	824
2391	695
2477	685
2441	700
2322	630
2314	608
2418	569
2195	656
1897	639
1702	641
1563	630
1634	746
1518	694
1406	741
1617	757
1565	893
1652	847
1818	840
1931	872
2140	681
2132	713
2141	667
2266	752
2302	838
2228	789
2086	752
2206	829
2049	729
1865	718
1788	736
1583	780
1635	751
1576	726
1399	569
1385	613
1462	550
1714	557
1475	624
1182	595
1181	701
1285	643
1518	678
1371	673
1146	747
960	677
996	628
1136	623
1118	577
941	619
816	518
728	456
766	483
686	595
723	702
685	536
727	587
700	805
643	611
677	683
662	716
622	681
608	754
632	865
643	888
544	748
550	770
529	795
544	669
532	573
551	591
581	580
550	521
536	508
539	395
632	569
594	600
617	656
540	700
559	670
521	634
619	579
619	546
640	557
510	525
601	483
539	565
562	690
608	632
512	494
582	696
582	711
529	751
572	695
516	679
585	508
561	430
563	513
548	482
548	540
562	525
609	518
611	571
693	538
629	564
584	583
600	596
628	425
654	483
678	521
670	585
692	520
695	506
716	535
630	434
776	569
688	478
729	390
663	436
642	450
603	691
695	559
651	571
629	458
570	466
589	561
632	498
593	507
556	738
564	544
636	587
561	609
547	491
529	694
583	446
495	589
480	486
516	519
559	516
522	456
489	594
496	496
558	548
513	597
590	573
480	568
485	507
480	561
543	533
511	587
489	487
500	518
541	563
569	521
528	522
523	577
481	483
491	466
515	449
551	450
555	440
465	466
543	496
473	495
502	537
522	556
560	543
473	537
484	514
558	496
557	557
510	582
441	695
505	670
477	621
482	553
484	610
483	551
454	666
542	575
529	477
464	536
499	643
473	607
541	630
510	704
514	585
527	641
528	620
461	668
468	619
440	715
425	679
453	805
412	795
436	762
481	602
502	799
511	813
493	759
497	698
480	493
503	567
528	619
465	523
444	484
520	488
564	620
563	508
641	652
605	554
577	514
577	521
554	390
535	565
531	744
501	688
627	706
571	582
586	691
544	735
713	813
670	808
738	760
735	752
742	610
724	513
699	723
692	694
688	604
584	629
650	683
726	683
686	714
683	680
613	835
819	822
811	796
876	748
833	755
834	671
991	549
1204	552
1274	557
1301	479
1325	586
1329	500
1536	594
1310	612
971	531
940	492
885	414
987	607
948	430
1087	591
1073	569
1250	670
1293	632
1043	661
849	506
884	557
898	548
915	585
864	545
851	593
865	662
885	500
802	541
676	595
588	619
669	420
603	447
647	442
689	664
634	790
599	551
595	531
730	595
657	616
602	720
651	797
592	732
595	637
579	738
625	589
588	618
597	724
578	603
575	514
628	592
597	465
697	503
588	485
574	502
586	544
627	538
598	508
554	524
603	655
616	745
555	593
658	613
555	529
597	516
601	577
602	612
572	682
582	707
550	567
578	530
555	627
536	631
600	474
558	520
546	501
550	489
570	511
597	569
546	606
550	642
578	616
615	517
681	487
598	679
622	722
581	807
656	581
754	513
660	594
684	667
849	590
993	716
1131	849
1178	878
1077	665
1066	717
1156	825
1303	858
1274	752
1068	597
1041	680
930	557
1085	745
1070	768
1093	767
1110	846
1057	798
1081	1096
1038	1010
914	1064
893	993
766	919
630	754
666	654
701	879
623	637
654	823
603	791
551	535
634	599
563	745
544	670
578	512
535	704
507	557
552	630
544	721
570	775
509	767
586	728
491	645
523	575
554	449
624	574
540	594
504	553
523	620
492	710
508	740
553	684
529	563
608	548
512	560
539	587
470	521
522	555
530	517
540	525
559	513
564	556
526	554
483	566
504	632
523	673
544	674
571	695
480	719
523	801
576	651
509	602
535	618
532	556
537	525
538	598
520	487
573	616
655	596
614	640
710	501
684	549
806	527
868	748
820	583
757	605
747	769
609	581
600	569
598	475
541	590
518	792
505	697
501	724
543	792
546	804
534	719
598	694
524	638
558	692
584	707
492	643
523	573
553	545
503	662
517	592
530	537
543	515
553	705
523	530
508	436
543	531
524	554
439	444
444	489
459	510
465	548
510	657
549	773
522	752
504	678
504	591
495	607
494	744
530	723
513	638
532	550
500	551
535	643
512	554
550	507
508	529
513	557
491	717
550	539
507	624
534	508
535	548
449	560
474	637
455	581
444	548
490	586
478	493
506	465
527	556
552	461
500	499
510	538
485	483
507	459
546	484
526	562
487	489
523	643
549	761
521	792
496	734
541	630
514	633
488	671
489	534
439	631
490	749
532	652
473	655
542	644
505	706
562	844
510	698
474	608
486	513
456	568
566	515
572	653
555	504
562	610
494	532
543	537
542	579
521	507
532	597
536	636
528	549
476	613
478	636
507	661
535	610
555	758
517	541
546	678
567	573
558	719
490	569
486	697
526	614
514	620
504	562
517	549
498	649
484	543
471	570
495	584
530	490
464	574
492	648
472	533
510	559
543	719
533	542
548	570
501	516
503	566
553	545
551	469
502	512
523	441
555	589
533	533
549	479
501	540
482	592
472	551
490	605
461	490
491	468
470	519
505	513
494	543
492	522
473	489
538	484
499	490
466	552
549	565
550	550
524	539
538	650
533	623
525	576
570	398
559	511
585	670
544	767
612	771
545	559
529	531
645	627
707	694
573	839
525	738
630	793
580	583
593	639
581	681
547	778
584	558
616	557
622	550
657	517
624	448
567	630
579	579
638	588
598	703
610	572
701	612
718	489
647	509
702	486
763	641
743	544
815	621
787	803
780	542
687	485
586	442
573	493
645	537
623	624
582	573
672	542
525	570
574	507
537	623
520	640
519	626
562	744
574	656
490	632
553	534
611	559
581	502
530	658
546	578
540	469
521	445
514	609
512	596
480	641
518	457
507	491
551	466
615	655
558	741
531	715
518	617
526	652
546	742
533	730
530	810
530	608
588	669
523	740
568	670
541	524
567	574
551	687
583	791
516	738
513	749
543	634
590	587
616	578
494	566
549	665
537	624
496	497
451	634
493	626
474	611
466	700
470	681
496	592
510	515
507	496
584	480
521	574
570	573
579	586
581	587
513	451
519	528
574	545
504	567
552	599
529	519
494	455
523	666
484	633
487	665
481	595
468	581
528	612
530	723
465	630
468	548
460	590
514	555
509	649
532	493
486	623
490	578
466	524
514	571
522	541
486	503
535	603
451	854
518	608
444	658
498	592
526	621
498	735
486	659
476	666
470	481
474	580
542	576
545	610
497	548
480	600
537	608
499	602
489	622
483	674
507	717
524	730
489	635
551	565
533	603
520	608
503	684
511	654
471	666
537	734
577	640
506	554
541	627
517	620
488	588
500	885
534	648
501	743
499	576
482	564
503	720
536	578
514	672
460	784
490	590
469	620
427	608
536	581
435	567
469	605
492	543
517	610
513	571
524	556
490	586
494	556
506	597
453	446
499	618
476	716
524	525
492	493
505	542
461	563
499	650
462	925
504	814
497	620
555	521
508	663
494	647
505	572
475	621
513	646
472	617
470	612
540	758
468	691
436	638
524	654
469	509
504	536
486	551
497	633
531	678
511	718
499	813
523	750
486	717
501	687
516	622
496	554
501	531
486	506
512	467
491	451
511	500
489	520
492	402
471	545
423	577
461	485
484	515
477	548
437	465
465	644
511	644
476	635
480	749
468	673
519	598
519	589
472	590
524	570
528	586
476	540
477	628
470	474
511	428
501	535
536	477
474	522
454	450
493	442
497	550
551	576
503	500
504	580
505	525
483	593
447	505
412	678
437	707
465	729
508	623
499	716
537	699
542	628
556	631
524	665
481	521
483	644
483	513
531	429
479	449
471	568
455	481
527	514
544	566
474	573
459	568
530	553
593	675
551	586
519	537
488	817
526	681
563	700
579	679
572	549
501	548
533	565
517	466
524	502
545	612
522	629
471	571
464	643
545	611
556	732
637	739
596	757
528	620
524	721
506	621
523	648
545	728
525	572
508	548
502	595
525	578
508	514
549	673
494	617
551	608
517	492
491	556
488	571
530	713
517	726
525	709
535	632
539	528
495	498
515	552
453	552
466	591
476	615
453	609
476	816
479	663
473	533
533	502
513	533
508	479
509	622
433	614
490	609
491	504
446	562
512	590
497	606
427	696
480	563
470	679
526	644
491	600
516	733
470	628
460	518
483	558
434	483
490	513
469	637
442	660
455	586
478	628
468	652
502	790
498	635
521	748
586	639
522	625
492	657
533	778
508	661
500	643
474	659
508	619
537	529
441	569
403	535
487	572
532	582
492	792
520	873
445	878
480	614
560	663
532	649
495	475
490	504
553	534
554	509
526	451
549	532
599	516
550	519
644	577
585	505
626	465
573	392
577	626
612	567
591	710
610	670
513	557
549	499
586	489
586	420
583	492
556	488
536	413
534	392
514	443
534	493
501	633
532	511
540	589
538	642
485	562
539	556
512	530
504	563
499	569
467	672
514	582
530	557
530	586
573	521
523	596
527	580
510	507
535	649
497	675
469	650
517	609
516	653
425	665
498	565
491	565
454	689
472	710
482	803
457	773
485	729
464	621
456	608
477	585
490	534
513	686
479	641
474	710
481	566
480	514
504	519
470	687
490	704
505	637
470	564
478	624
473	641
539	495
544	574
526	602
497	619
529	649
531	744
610	746
527	752
589	539
649	584
791	636
824	702
780	766
747	770
770	777
777	707
781	608
828	621
853	685
889	556
815	728
803	586
747	602
728	738
604	612
691	568
753	518
691	460
783	446
784	457
738	518
738	472
654	514
694	511
721	520
635	479
625	541
597	451
615	413
593	441
619	396
510	450
522	476
592	460
514	490
505	571
491	618
544	571
507	558
501	555
601	513
499	527
551	542
496	616
543	502
496	458
510	534
513	601
516	616
513	516
512	487
442	456
482	410
432	407
431	431
494	536
440	608
459	573
507	472
454	576
476	703
482	692
470	621
437	712
511	633
468	538
459	481
453	472
524	495
456	457
505	497
552	513
527	466
544	478
469	560
477	573
481	553
470	684
520	606
526	613
530	558
471	820
565	655
553	509
471	538
528	595
515	632
498	654
484	651
495	639
468	389
494	487
422	604
463	522
496	479
496	551
458	462
547	408
512	539
535	631
520	571
483	678
494	571
483	599
464	495
491	420
523	483
524	563
535	541
477	713
486	565
531	520
510	602
515	609
537	584
466	579
473	591
469	609
480	613
472	640
439	696
481	640
566	624
569	620
513	548
610	635
653	533
626	529
648	600
548	560
647	580
795	580
868	536
840	619
890	574
1070	540
1057	588
928	560
1092	656
983	692
857	791
659	662
548	570
550	577
481	546
469	550
464	552
502	665
493	725
514	577
452	566
489	683
436	801
477	651
460	494
469	455
473	794
458	823
489	836
512	593
494	616
541	667
526	608
507	610
464	509
494	519
421	572
480	473
483	591
469	666
537	582
509	683
511	577
582	524
543	586
560	818
567	624
515	525
554	528
437	505
482	546
502	566
473	574
496	590
512	617
553	562
530	564
492	487
566	488
515	610
515	539
508	510
430	447
493	496
499	510
462	714
513	794
523	696
558	682
542	582
533	664
531	600
526	740
557	755
596	531
640	754
491	613
509	693
478	675
491	752
523	815
525	664
498	751
481	512
449	482
516	461
567	490
484	531
566	687
581	738
592	635
513	607
535	664
451	543
479	596
549	628
585	703
501	517
587	445
581	463
601	587
547	461
548	669
515	658
479	483
498	505
469	595
553	791
544	676
546	476
545	509
461	690
519	741
491	584
520	625
472	594
508	488
537	533
504	698
475	539
496	628
528	647
519	601
499	575
480	521
496	467
508	459
514	415
458	589
491	535
518	465
478	565
508	424
496	530
577	560
506	634
523	538
571	574
572	670
601	570
557	516
545	595
564	629
577	564
515	629
564	543
556	639
645	454
610	528
559	607
573	662
612	581
600	462
639	663
581	678
611	561
531	421
660	558
591	544
700	549
659	498
648	438
619	402
642	479
670	505
606	470
604	488
622	492
618	514
599	518
566	523
585	591
670	584
646	701
655	542
612	463
635	521
584	676
623	612
659	754
695	559
685	656
706	709
685	541
798	674
753	540
713	561
681	627
757	659
722	648
704	649
661	703
685	659
700	527
707	629
730	561
694	541
679	504
703	473
700	559
795	648
814	588
803	520
819	570
822	586
765	658
780	462
729	548
729	438
677	588
740	576
734	561
717	577
712	622
737	638
729	598
747	574
710	586
682	557
674	516
704	542
719	576
721	626
731	634
772	500
791	494
837	581
802	512
716	509
705	614
779	519
699	425
667	450
709	449
722	551
733	538
686	592
670	613
650	592
713	510
704	578
744	458
715	576
733	441
816	543
787	728
717	587
740	627
734	519
654	540
741	548
628	491
680	528
652	539
668	526
666	464
689	435
695	479
684	621
750	543
821	502
920	515
879	498
766	549
797	487
794	548
832	448
728	621
663	571
705	608
667	562
641	464
625	412
668	400
669	514
649	527
690	532
638	501
580	505
601	541
544	471
585	567
593	620
602	580
640	513
640	600
548	549
666	561
637	520
632	573
640	727
575	687
618	726
597	645
616	552
609	500
542	532
580	576
551	600
574	700
584	575
518	472
569	485
561	611
502	678
495	672
550	681
519	661
551	539
550	539
515	569
526	678
501	555
575	570
587	657
548	588
484	604
508	643
497	731
545	792
529	720
538	661
540	705
540	640
540	728
587	600
561	589
572	539
524	556
555	581
486	570
578	652
572	551
540	617
497	538
502	486
531	680
512	587
504	549
494	432
530	500
498	469
550	511
436	544
472	656
550	663
495	562
528	789
526	819
516	612
522	562
539	545
576	552
475	420
497	494
559	534
557	544
546	492
570	584
597	553
561	627
628	608
522	572
454	532
520	531
547	443
508	493
548	563
524	478
566	549
551	622
562	517
639	540
563	550
589	447
558	524
470	462
495	484
464	499
579	423
533	407
511	374
508	539
484	561
575	666
550	534
531	535
572	601
510	561
529	566
488	532
543	618
571	593
531	480
506	482
511	515
523	527
562	578
590	561
530	481
507	443
532	429
523	494
531	557
548	551
523	527
491	615
545	552
528	531
513	520
498	629
521	472
514	617
572	639
551	545
519	525
552	531
537	572
588	511
554	499
547	481
489	559
528	577
519	683
518	552
524	505
540	682
486	709
465	600
541	677
564	665
553	633
574	633
505	644
504	702
517	659
547	804
520	701
526	582
579	625
609	530
540	632
540	639
517	679
581	672
611	638
623	647
562	563
505	597
536	570
589	636
607	570
542	528
554	656
618	522
524	526
542	608
579	492
564	496
584	513
533	508
529	539
522	510
564	690
544	619
614	561
513	642
566	573
508	747
547	627
582	628
580	752
591	591
640	655
575	770
569	743
637	706
637	657
627	648
585	606
569	655
568	633
554	596
584	518
581	507
583	413
623	597
591	577
557	513
584	575
525	481
567	604
556	579
599	507
545	470
582	486
588	594
616	671
604	604
576	514
549	547
567	493
533	454
523	540
586	506
548	512
508	688
547	622
578	602
639	541
576	477
524	544
545	642
583	562
584	653
586	486
575	604
664	627
596	477
630	584
601	592
591	515
585	533
633	617
599	583
613	569
611	537
604	569
593	540
655	536
589	534
637	643
638	535
564	502
601	579
617	569
666	573
605	627
614	621
562	585
570	586
536	550
586	475
636	541
650	510
601	534
566	535
630	610
669	675
658	630
665	576
666	593
718	500
711	532
647	623
641	480
688	510
625	542
652	506
607	506
653	476
735	530
638	590
678	521
660	505
652	488
750	560
666	515
754	528
739	447
788	524
742	518
832	546
699	622
672	634
811	652
718	746
705	636
729	623
731	532
747	595
777	536
788	584
842	597
842	499
743	637
875	604
862	614
977	529
983	503
940	534
1004	509
960	527
962	537
988	617
857	631
949	473
985	481
1010	471
976	478
970	488
1001	541
1072	638
1083	579
1016	530
1084	532
1041	414
1099	443
1083	445
1071	516
1101	536
1137	507
1195	496
1134	597
1167	544
1230	604
1168	577
1271	680
1175	539
1270	705
1345	688
1197	693
1346	525
1425	629
1374	539
1283	463
1335	721
1369	761
1414	857
1491	716
1518	769
1512	758
1469	604
1517	608
1664	572
1662	583
1651	514
1643	425
1719	538
1889	599
1778	576
1922	581
1893	601
1936	581
2023	617
1994	673
1923	627
1936	621
1842	703
1919	710
1938	851
1962	744
1844	541
1934	560
1916	517
2055	606
1990	553
2219	533
2121	557
2091	513
2250	620
2349	590
2374	561
2314	504
2537	674
2574	719
2513	799
2426	761
2306	644
2096	560
2182	640
2129	610
2033	497
2199	577
