495	767
474	648
503	647
495	659
472	551
456	692
450	758
493	717
554	696
587	790
520	726
445	763
562	827
540	829
577	682
523	729
520	832
527	718
592	739
551	843
571	960
549	736
556	763
508	715
513	680
511	838
447	712
481	759
481	890
498	853
492	773
500	761
546	750
527	675
524	715
558	760
532	755
530	684
487	627
568	701
494	725
542	857
568	855
591	909
582	843
584	732
508	717
541	677
537	641
521	769
461	667
539	830
531	817
525	794
593	846
648	787
586	941
511	884
543	797
517	788
488	833
534	793
482	895
467	814
497	783
462	741
491	924
527	1063
483	1091
465	908
511	756
521	655
475	719
534	888
546	797
499	837
500	846
495	780
483	812
522	1136
506	1004
507	795
523	701
530	741
526	797
546	781
587	675
600	803
600	674
595	845
595	795
624	632
614	597
605	797
579	970
607	965
693	904
725	709
662	598
627	806
734	826
656	886
651	1027
705	687
735	878
711	815
722	860
763	1011
754	904
745	978
700	853
757	776
724	649
742	766
723	721
685	702
673	578
699	671
676	539
672	629
708	701
699	899
676	676
663	630
660	712
697	769
633	877
672	708
649	666
634	721
639	779
605	649
605	735
624	617
664	535
566	753
563	689
606	565
590	662
631	727
581	669
578	874
547	975
629	809
571	824
544	884
625	836
613	765
578	626
652	556
568	722
600	702
596	780
576	728
533	689
547	548
544	690
524	825
501	1020
502	870
463	699
456	708
444	647
521	662
471	695
540	482
505	680
430	722
467	661
442	825
426	703
483	660
513	603
509	747
458	678
517	705
457	756
447	841
438	779
429	788
505	930
446	827
460	687
442	677
527	655
440	676
447	658
501	791
495	585
436	595
433	626
461	659
432	647
433	654
458	755
453	855
441	845
459	772
478	583
500	779
470	688
493	710
476	821
461	783
427	598
433	739
480	661
449	773
436	576
468	664
525	610
485	661
449	544
468	602
438	640
451	684
478	510
469	491
469	515
460	628
430	724
417	586
413	601
409	683
432	571
479	535
457	657
481	623
400	656
385	715
420	693
419	818
563	837
494	800
444	551
510	584
506	651
567	671
548	761
499	767
513	852
516	843
469	866
473	940
501	829
462	958
435	916
507	1006
475	749
468	871
448	842
477	786
407	672
479	684
498	970
452	974
483	824
514	745
516	771
465	828
473	894
495	1009
504	963
505	789
480	772
440	732
412	760
478	755
478	963
505	871
470	859
464	775
477	703
551	691
503	644
512	656
471	936
549	882
436	828
423	844
479	792
416	869
436	977
428	976
454	1008
438	756
419	679
487	683
491	703
496	697
453	751
503	789
504	853
499	849
488	731
543	766
434	741
437	840
497	775
430	829
430	806
465	755
470	896
483	924
489	644
545	752
464	791
518	745
494	802
454	603
473	831
470	792
476	927
486	642
487	763
506	723
514	816
464	623
511	582
525	703
570	747
494	771
540	772
525	766
528	726
536	717
500	790
450	725
538	673
527	701
526	757
480	677
562	625
461	672
531	687
535	667
520	610
556	717
542	616
558	569
497	644
539	627
471	600
509	533
457	554
475	619
480	610
435	574
435	491
464	530
497	603
468	676
431	721
457	624
439	601
451	640
437	757
497	864
460	798
422	871
378	814
421	848
504	772
472	715
492	794
478	759
412	735
449	792
507	801
529	839
489	665
432	815
450	811
472	770
496	919
508	685
436	852
414	837
449	702
543	723
498	632
454	634
430	739
428	710
500	738
452	717
438	650
453	638
502	618
510	804
502	772
478	586
524	785
483	848
454	675
486	713
441	819
502	795
517	756
498	772
544	705
557	696
506	665
509	775
521	793
523	924
493	825
444	841
538	785
486	620
565	692
555	683
519	614
536	846
519	850
540	820
518	755
566	860
658	1060
610	797
669	775
670	921
614	1040
615	824
591	721
595	946
520	914
566	867
575	871
525	865
509	902
566	914
544	1021
620	925
563	866
559	715
596	715
629	817
596	705
639	648
641	554
726	593
698	700
693	633
661	729
687	795
838	905
785	702
757	746
851	930
873	697
874	696
824	675
866	647
798	722
800	836
760	713
783	703
859	715
905	811
983	716
1019	736
915	622
1010	799
939	742
882	756
969	900
865	968
902	936
790	710
873	757
907	722
873	624
913	722
976	798
959	800
986	685
1125	840
1198	897
1091	937
1020	766
884	827
894	747
912	785
881	819
836	928
735	710
844	722
827	698
847	757
744	939
746	881
749	940
735	1012
758	885
709	967
644	918
562	806
544	672
602	737
548	707
556	672
500	691
558	677
530	688
543	553
465	562
502	691
567	721
536	730
478	643
533	870
538	736
494	668
544	827
422	776
497	754
403	761
431	738
471	848
500	854
524	628
452	847
425	835
424	706
441	744
472	847
440	919
485	902
458	920
552	754
501	961
534	808
545	728
526	745
508	830
562	799
473	716
467	791
494	750
513	742
508	713
498	748
528	702
553	643
560	626
576	722
482	687
561	583
581	684
595	783
569	646
582	674
564	755
634	644
596	738
553	802
550	798
538	616
527	746
537	856
535	822
653	707
553	929
583	952
584	842
619	808
575	794
532	896
561	862
594	747
618	763
604	780
568	650
650	651
613	730
583	875
611	735
566	632
625	693
560	776
569	728
606	881
560	838
661	734
698	726
729	687
695	713
666	569
693	695
693	749
685	713
617	833
666	788
643	973
759	736
791	855
834	941
927	909
936	786
1007	945
1121	986
1136	922
1115	737
1055	903
921	864
906	798
734	1026
752	967
702	752
645	782
697	831
742	795
713	724
729	659
758	720
776	740
835	727
896	890
1019	839
1053	954
1260	908
1253	876
1217	778
1140	899
1138	884
1030	844
1107	753
1058	909
980	870
874	825
855	700
953	749
857	738
952	736
1009	763
1025	652
1032	767
947	828
959	859
929	825
908	762
871	765
839	872
736	866
845	871
737	1033
679	1007
662	1072
615	888
631	892
630	788
610	747
560	786
552	789
510	701
554	817
522	736
511	772
476	705
439	728
510	780
493	853
467	831
522	666
430	637
491	740
527	685
556	769
517	822
522	781
517	852
480	832
454	1005
505	840
497	892
520	739
454	772
449	835
495	839
461	698
441	604
492	832
423	888
436	816
428	768
486	666
488	975
432	796
507	818
461	936
396	755
435	810
445	798
444	819
421	760
450	701
464	717
456	779
432	835
458	777
465	928
421	648
436	885
445	753
513	921
482	855
500	797
448	795
440	746
498	696
456	722
462	707
597	651
448	669
491	754
513	761
467	855
485	744
486	868
520	814
495	698
497	748
456	838
448	912
481	922
392	922
498	860
406	760
466	731
483	706
474	671
453	822
460	822
473	742
461	799
505	857
454	634
476	669
509	783
468	753
441	788
475	844
489	782
553	914
483	732
462	774
435	907
415	794
412	776
492	903
473	833
485	828
426	949
469	823
457	815
431	720
505	887
440	758
473	738
431	800
456	839
433	750
493	972
451	761
463	684
500	837
456	771
460	686
477	704
468	774
471	830
483	780
502	847
487	784
462	619
466	648
468	765
522	771
492	702
498	911
476	788
461	717
468	762
454	642
442	607
435	797
445	718
455	757
457	816
471	682
485	850
462	709
492	673
533	634
501	823
487	835
451	888
453	831
481	680
459	900
430	841
473	686
394	740
425	679
495	789
487	605
460	628
448	676
444	716
459	789
470	836
430	793
456	736
430	797
475	826
463	850
450	831
414	818
485	589
455	712
392	668
472	649
466	856
444	695
446	856
500	804
456	1037
526	922
463	851
420	866
415	841
483	765
450	685
480	855
449	670
451	822
502	791
539	834
467	988
481	852
517	1050
579	820
475	656
506	760
428	898
514	926
542	823
439	891
479	717
483	653
458	739
473	660
532	714
511	768
462	787
482	761
502	900
415	911
439	941
450	837
485	728
439	787
519	828
469	665
496	886
515	898
533	1172
537	1010
518	1028
476	935
467	1069
405	1045
448	898
477	865
480	836
489	880
462	946
519	945
472	836
507	895
478	770
515	886
527	670
547	759
557	802
483	601
477	888
502	956
491	804
511	1003
499	1103
552	1179
550	1130
551	947
527	929
529	841
515	892
486	694
531	660
477	721
451	769
456	822
467	756
441	746
495	749
477	875
461	795
423	746
490	796
469	822
494	754
482	953
559	883
580	677
637	811
554	778
449	932
509	903
476	824
501	910
462	906
521	782
527	801
535	941
565	726
577	766
480	763
489	789
518	628
593	725
534	827
528	697
481	631
509	562
510	701
481	821
422	803
533	758
442	724
460	718
504	865
544	842
521	716
477	807
429	740
479	666
493	726
465	817
473	771
506	852
509	771
552	800
509	702
488	683
501	494
512	666
514	840
498	767
560	886
493	890
471	903
529	721
501	756
462	703
431	581
458	676
488	796
485	943
450	818
433	933
451	880
494	987
474	768
470	648
439	652
458	731
528	678
557	738
493	691
478	778
522	653
539	675
552	649
559	698
486	700
503	960
571	753
611	765
601	805
531	603
457	574
477	493
493	592
463	616
503	690
511	581
499	499
551	562
554	767
544	777
540	824
513	909
515	795
525	756
474	847
506	764
517	713
504	684
514	598
521	795
488	701
475	609
535	604
557	603
467	601
450	467
462	609
493	666
490	789
445	701
488	628
495	769
421	754
515	827
518	740
531	822
604	747
505	853
518	749
493	715
438	799
484	801
500	708
564	824
553	867
520	796
524	828
496	815
563	864
589	851
581	1092
554	930
590	1053
594	1034
549	879
573	831
629	724
628	906
567	856
594	959
532	1213
543	1001
539	950
579	878
702	1259
645	916
638	774
651	709
706	815
666	861
679	796
703	851
727	979
736	1029
674	1167
629	1055
666	717
689	722
684	684
685	803
644	698
585	738
611	692
682	774
618	748
692	850
701	740
674	811
631	825
643	809
644	1042
683	917
711	943
750	1037
713	915
756	812
739	800
697	793
767	716
673	778
661	765
725	649
770	724
836	829
737	727
861	686
776	618
767	754
793	721
821	714
778	753
809	638
784	673
825	785
731	881
749	851
770	738
710	767
768	658
821	606
835	631
861	586
755	705
834	652
789	616
767	645
855	749
845	795
878	814
935	841
933	763
994	842
923	849
921	936
865	888
927	841
903	850
880	696
852	717
903	705
990	625
949	758
964	918
876	799
933	792
928	750
876	728
858	784
969	779
871	691
921	706
901	586
850	695
817	840
884	728
890	732
828	843
862	837
857	756
894	795
902	701
928	600
872	667
933	746
1014	696
1032	612
988	588
1113	702
1147	890
1109	775
1129	762
980	640
1142	626
1110	710
1064	711
1031	696
984	704
933	864
1003	771
994	776
919	768
1009	775
959	767
950	653
944	648
986	566
1019	657
1005	749
1033	691
1099	785
1142	778
1162	806
1095	795
1049	774
1010	803
1118	756
1163	901
1073	795
1020	763
980	916
1000	833
980	826
964	920
929	727
854	685
860	550
945	619
884	675
833	770
888	855
900	712
870	676
889	727
841	710
933	741
858	724
968	743
929	835
994	786
986	968
926	816
1000	861
884	694
858	726
878	781
957	733
904	830
896	664
874	729
848	816
793	970
770	794
840	681
808	805
896	715
833	667
853	663
808	648
846	679
791	646
814	767
755	758
764	841
741	719
714	856
753	707
736	619
763	684
792	846
789	780
749	763
755	792
737	962
792	695
769	886
837	761
818	634
767	701
685	873
721	899
763	858
794	864
738	792
723	729
730	651
751	623
792	669
741	767
763	711
713	789
773	1025
794	817
793	930
811	758
777	819
785	731
805	752
792	843
763	683
760	810
865	691
818	788
778	699
821	690
798	581
844	564
861	566
906	640
819	563
816	566
822	594
775	607
852	594
830	608
908	555
920	562
891	505
913	589
974	588
918	702
896	766
891	852
836	883
891	795
813	672
773	672
809	704
779	679
828	765
807	766
810	786
747	814
827	698
831	721
768	759
857	821
867	762
776	703
800	579
852	737
820	669
842	609
809	580
693	544
711	662
670	629
627	592
687	649
672	692
606	705
661	747
670	627
717	573
682	738
622	590
633	586
602	696
733	810
711	885
679	931
673	922
609	765
667	747
649	913
589	936
693	965
636	1008
629	901
680	756
616	910
638	836
586	716
629	829
652	899
538	633
576	623
587	668
600	789
630	776
571	773
648	727
607	665
632	721
584	874
599	687
511	753
489	694
544	670
581	794
548	662
492	676
554	815
575	883
574	869
554	877
543	885
574	762
606	948
609	681
534	853
493	1001
601	954
517	935
502	932
503	806
557	802
519	891
510	759
505	736
530	751
505	841
522	754
502	676
526	682
514	898
494	714
471	718
555	759
547	951
545	790
461	627
493	786
481	750
509	761
519	700
442	742
515	701
478	665
512	733
556	692
511	829
493	908
528	738
603	775
462	791
502	877
477	684
507	656
510	658
500	655
539	725
565	863
524	771
531	733
477	688
516	873
565	1017
468	851
493	730
498	850
447	784
518	905
501	884
525	969
500	980
552	950
502	853
526	1002
498	896
525	669
504	786
483	1003
478	853
478	890
505	954
486	882
485	941
512	859
495	904
585	989
535	968
499	976
432	859
476	837
506	746
512	700
462	827
548	674
508	784
462	605
543	768
445	897
515	763
545	878
490	757
485	701
471	685
509	785
498	743
481	584
500	714
488	826
466	693
480	704
492	905
487	860
450	882
451	689
491	756
518	880
560	838
470	692
518	743
490	682
493	643
464	667
482	681
445	813
450	869
473	825
472	880
532	807
571	931
515	855
501	804
542	835
491	734
438	796
444	683
542	923
486	888
468	993
561	810
483	779
481	893
516	816
498	714
475	827
516	757
443	799
512	749
505	1030
359	860
445	881
478	941
500	792
543	732
535	829
559	722
642	743
744	796
735	895
732	772
747	504
742	628
804	725
723	682
754	811
725	727
888	669
819	727
815	681
783	697
731	618
743	645
872	815
821	762
876	728
914	798
972	907
1028	976
1048	962
1139	914
1058	914
1218	876
1363	784
1466	855
1637	935
1636	762
1741	822
1964	849
2208	874
2324	728
2264	962
2343	993
2187	729
2468	746
2310	759
2206	730
2041	758
1939	897
1749	864
1826	710
1820	697
1751	784
1770	824
1806	973
1705	1009
1702	993
1789	958
1782	1051
1778	827
1744	808
1789	689
1693	598
1712	696
1615	772
1235	914
1167	767
1175	751
1093	721
1106	608
979	723
923	669
809	696
1008	855
928	762
773	802
746	692
755	678
878	597
797	712
725	909
638	938
618	1033
589	804
566	816
582	851
478	697
480	728
562	874
499	685
549	620
502	725
526	738
481	679
479	853
516	934
537	937
542	912
550	689
505	638
530	837
468	888
494	796
502	784
470	896
457	770
454	660
443	759
471	749
440	814
490	762
448	794
441	942
455	826
430	882
448	681
445	784
487	847
501	817
435	947
483	873
471	926
567	785
599	820
578	858
550	788
583	699
623	677
614	814
709	1049
628	760
599	920
566	724
572	838
527	617
653	789
675	795
677	644
581	682
565	896
499	805
535	848
519	829
477	780
468	748
546	838
487	924
538	762
453	701
495	906
526	851
524	726
476	809
530	770
576	961
538	864
497	732
490	743
481	736
512	786
493	744
560	705
469	800
465	740
548	713
551	680
509	711
487	741
533	803
487	774
479	855
492	714
502	738
424	644
422	712
449	732
534	766
473	694
467	796
476	685
551	756
588	763
514	730
508	798
559	735
546	734
513	801
474	698
510	703
482	705
461	796
525	859
539	815
523	789
520	828
501	766
498	672
477	820
476	923
453	646
454	704
515	771
477	730
501	766
532	802
463	860
473	881
480	800
444	649
469	1030
443	901
447	796
447	670
439	758
404	754
479	635
485	741
493	752
504	659
405	810
501	774
387	917
413	800
361	848
427	768
430	753
486	928
449	703
467	1034
426	795
485	800
405	613
435	760
458	889
497	825
454	769
513	870
554	705
561	785
504	775
538	852
472	850
507	903
458	953
421	859
462	757
477	826
461	937
457	1079
468	855
451	923
478	733
458	795
442	920
516	1105
516	930
498	940
419	883
462	1012
436	872
415	882
456	850
437	846
416	781
428	774
501	1011
480	826
498	615
477	711
487	664
444	717
491	804
500	659
434	631
488	748
500	703
440	639
450	695
430	900
448	807
450	758
422	702
424	653
391	794
459	724
477	756
492	722
415	739
421	791
478	849
405	812
460	788
471	963
452	907
491	742
532	793
497	742
564	613
498	652
497	891
516	839
540	942
642	855
510	879
543	823
572	785
568	754
556	809
582	837
511	840
444	814
477	719
434	673
503	921
495	945
443	1155
484	818
453	803
522	665
496	634
553	777
535	855
513	726
519	730
513	747
528	759
559	812
655	870
512	752
546	723
479	665
556	786
529	634
477	687
520	740
544	879
517	796
486	658
464	626
451	687
512	666
514	660
567	791
609	888
567	802
546	611
481	536
539	581
521	536
523	578
547	542
496	693
546	618
619	602
564	570
496	569
470	617
512	700
552	720
574	959
492	879
537	876
525	1002
550	834
484	727
517	860
500	787
515	918
491	998
489	789
466	696
459	662
460	658
467	739
478	977
511	746
475	781
456	769
438	691
429	596
460	688
492	812
415	796
489	852
480	767
518	816
577	974
468	936
511	764
482	946
478	992
428	773
473	875
490	714
529	871
467	808
547	783
557	905
472	853
479	794
410	737
483	817
479	805
476	758
486	720
521	799
480	805
480	727
488	658
536	691
557	794
581	850
580	856
591	687
618	711
496	619
460	827
484	695
471	738
481	684
532	677
553	792
518	887
491	867
489	889
614	855
740	750
730	735
696	701
717	639
818	818
820	705
770	831
700	903
763	810
917	707
1111	715
1111	683
1133	673
924	664
1089	818
1052	708
828	591
860	722
827	806
735	641
707	775
651	880
646	930
670	775
659	778
605	761
563	712
540	785
580	647
543	663
526	681
581	656
588	659
544	721
523	854
570	922
503	741
486	721
524	722
584	831
501	860
488	751
457	767
493	783
483	757
492	793
511	785
540	835
469	947
481	869
450	1007
487	796
466	670
453	642
437	673
486	722
464	610
488	738
463	792
492	943
448	823
460	613
480	746
423	710
468	823
437	842
488	758
443	623
468	614
500	673
474	569
499	629
477	585
466	688
413	646
477	777
477	745
466	680
422	624
466	754
562	704
457	703
461	844
509	863
560	763
541	676
502	658
507	708
510	739
520	765
509	729
544	854
535	614
514	657
563	608
534	651
517	687
488	839
518	666
512	817
510	717
486	676
484	579
554	715
568	720
533	747
602	655
569	812
492	848
546	600
502	622
551	534
553	521
559	542
530	589
524	667
529	759
491	548
604	448
627	551
666	572
653	661
618	719
634	722
659	758
607	722
665	775
620	826
671	850
530	902
573	932
575	819
548	888
527	865
472	736
465	806
554	829
481	852
568	943
480	903
505	710
498	723
493	904
496	755
498	816
556	700
511	719
450	736
573	860
521	627
488	726
496	854
490	687
509	672
519	749
496	748
504	667
538	769
489	690
461	748
439	731
444	897
423	840
454	876
472	900
482	779
507	787
460	861
471	677
567	691
484	789
461	792
555	694
506	913
524	721
517	640
519	784
520	821
503	716
557	693
488	762
517	685
498	665
508	661
461	675
513	730
496	775
475	718
505	759
548	770
478	769
452	766
583	874
480	806
555	789
480	773
468	785
490	679
489	841
528	787
566	756
534	844
511	675
540	648
563	716
575	694
544	671
555	688
545	778
615	785
732	719
683	688
682	750
818	834
786	902
834	767
788	808
815	838
846	959
826	884
767	930
702	903
685	862
693	730
674	871
733	990
630	981
701	829
783	841
649	963
792	894
700	906
702	853
756	796
557	856
539	980
553	802
503	647
484	810
493	1008
547	737
536	665
575	701
563	728
510	724
498	939
557	924
502	824
481	845
538	722
529	722
552	809
553	1055
549	1052
566	967
566	1047
586	810
597	853
580	966
560	950
538	848
586	872
591	931
628	913
612	780
676	661
592	1082
662	1090
601	955
638	1050
612	950
622	795
662	940
619	971
585	747
645	829
655	921
645	814
557	970
625	731
628	906
656	958
675	899
617	914
615	770
649	878
565	660
559	804
619	940
535	855
592	911
524	925
627	1002
536	784
572	911
599	952
550	788
594	787
625	856
589	855
529	844
651	853
645	960
628	881
658	978
529	1201
622	945
583	1076
553	768
609	838
553	879
615	771
617	766
600	702
568	657
592	613
638	801
582	706
541	768
521	779
572	798
645	851
603	840
604	741
646	840
598	696
582	789
601	844
576	714
538	853
579	816
541	862
534	783
543	915
580	796
551	726
527	685
579	668
563	807
593	666
569	738
542	765
553	893
538	856
560	911
524	764
548	794
511	673
512	759
512	850
507	866
485	849
532	921
521	701
529	844
549	1099
513	1021
567	1062
512	971
533	1029
504	1008
481	1066
483	996
532	991
542	813
556	703
534	724
549	765
555	745
518	713
535	623
537	625
453	702
493	596
561	540
515	578
513	557
507	606
595	745
534	613
563	597
558	769
485	851
497	768
470	668
466	679
436	687
478	560
486	774
496	702
507	676
506	825
449	695
519	622
490	591
435	656
417	706
418	783
430	725
491	795
498	859
497	773
502	836
486	867
423	827
477	735
473	774
492	827
502	935
536	872
535	863
476	894
464	738
439	673
447	722
476	693
487	814
481	851
452	750
438	839
443	852
468	823
414	669
435	677
478	758
410	692
471	678
451	867
475	752
450	807
523	675
489	732
465	745
508	864
540	794
530	789
471	880
502	682
499	705
472	714
451	737
480	806
500	579
502	682
475	771
466	661
493	610
508	642
526	618
523	527
563	575
601	600
588	665
526	501
564	657
546	722
605	986
555	1002
534	681
550	687
556	909
520	913
528	780
511	665
511	674
518	565
502	719
578	738
544	736
603	844
531	866
547	726
571	904
583	751
590	909
492	842
479	815
448	755
470	740
528	759
496	712
502	637
492	698
540	772
529	782
563	781
508	747
569	772
553	572
466	754
487	674
516	664
526	469
516	585
518	547
523	672
539	703
521	581
522	754
539	747
639	654
791	671
835	942
761	746
764	627
755	706
648	777
838	864
837	932
870	949
787	936
787	955
686	878
698	702
562	788
622	802
528	852
508	791
587	874
555	786
560	820
576	725
564	821
538	792
498	829
514	845
467	869
467	695
516	673
532	810
452	695
452	600
476	688
439	659
511	702
472	709
482	617
449	607
416	723
495	875
439	836
450	773
506	715
506	769
431	715
466	751
457	782
478	730
426	782
451	828
439	935
439	883
458	926
458	924
497	617
466	591
452	659
447	768
442	905
517	884
462	890
488	715
478	760
515	745
513	775
472	754
457	924
497	711
475	664
484	607
484	761
450	553
470	678
526	737
516	620
570	774
549	814
499	713
498	702
469	648
560	811
589	778
609	690
579	620
501	618
597	643
656	623
590	677
567	589
604	662
612	744
607	787
575	771
561	762
554	763
447	679
423	674
395	854
443	775
473	727
472	823
533	618
563	635
539	513
523	582
536	583
541	598
475	787
524	698
484	824
515	710
515	698
504	693
572	820
478	650
464	628
459	692
432	765
516	704
513	635
472	655
508	670
469	762
452	793
533	800
543	725
415	629
472	709
510	553
504	671
470	691
502	692
488	730
471	769
492	619
526	666
524	710
470	863
481	796
475	656
478	576
544	614
541	727
472	850
500	592
478	700
493	712
399	622
496	576
416	665
455	730
436	863
488	716
464	651
445	728
410	963
496	948
489	767
489	758
481	757
516	676
454	819
494	684
506	795
517	805
439	952
460	1013
477	931
509	787
492	713
492	844
503	674
491	769
498	871
469	830
473	845
515	755
501	838
457	695
480	696
515	559
524	801
464	884
503	772
557	848
542	889
547	860
560	839
492	754
530	760
487	730
507	659
549	665
569	685
540	648
511	738
546	918
528	901
501	837
517	610
562	710
463	647
465	795
444	830
563	657
502	736
464	736
536	713
445	705
504	753
511	685
434	705
479	561
538	718
478	675
457	600
473	581
519	687
562	786
507	743
507	822
488	652
513	668
488	700
487	732
483	813
503	839
547	886
515	821
484	787
428	830
519	710
473	788
443	749
440	752
444	938
507	1126
539	852
550	785
491	773
604	754
569	748
544	776
530	817
532	815
578	760
523	831
528	833
456	725
430	860
460	766
498	763
470	841
458	841
542	883
466	983
445	781
452	658
483	686
484	582
488	673
541	653
545	834
479	653
523	813
495	776
458	768
488	760
544	713
531	751
576	843
467	795
465	761
474	685
487	909
517	813
527	731
463	803
457	711
478	638
493	662
503	744
487	933
435	714
430	729
432	660
420	806
468	713
436	787
476	797
395	749
427	800
491	637
484	726
500	699
481	734
517	811
528	703
455	732
441	650
488	767
560	740
491	756
480	881
537	919
520	888
487	748
469	825
520	671
514	660
551	824
448	692
477	966
390	805
455	785
488	750
526	803
507	749
539	858
464	852
500	792
519	726
495	691
491	804
495	829
491	761
505	739
513	692
529	645
562	675
475	671
489	692
530	679
516	671
535	770
467	580
497	731
482	684
536	764
502	775
509	739
540	815
519	731
527	654
523	711
508	672
480	777
503	814
473	820
495	787
490	789
456	853
531	830
503	954
489	958
520	777
519	692
525	703
515	673
460	775
457	887
519	798
502	1031
551	892
528	727
467	904
499	836
504	891
507	693
549	590
568	553
478	652
455	750
520	825
488	698
453	584
485	733
473	686
445	729
489	655
447	832
411	808
416	873
512	899
524	793
433	787
479	791
513	776
509	725
518	808
489	570
521	680
535	724
608	847
683	865
575	747
630	640
736	768
709	764
727	807
697	826
674	921
627	832
609	722
532	764
519	785
561	669
500	891
525	860
537	891
482	896
529	886
518	751
530	625
518	757
514	810
439	778
502	843
482	909
445	1151
554	1017
541	879
450	776
485	713
540	623
546	686
551	692
493	789
502	822
483	802
491	781
539	789
474	751
501	652
460	680
473	762
492	717
458	669
474	660
456	680
495	632
505	666
540	654
489	596
485	654
492	686
528	702
569	677
530	790
553	746
554	871
510	705
556	784
490	696
506	785
465	787
504	731
492	560
509	637
514	577
496	639
509	599
511	779
518	788
530	680
535	735
532	920
550	997
583	909
577	700
546	589
517	704
524	726
529	836
488	642
514	659
518	736
506	696
456	737
510	780
488	896
492	885
524	734
488	818
472	613
482	698
573	752
576	811
495	866
547	811
601	731
641	746
561	639
542	619
557	725
490	754
535	856
529	822
530	755
552	719
550	846
491	836
467	803
429	632
492	587
487	611
559	730
490	855
497	860
513	1023
530	956
432	936
497	857
512	662
504	777
562	814
507	820
524	865
530	1153
494	1003
461	884
507	724
498	575
497	765
495	705
478	643
462	662
499	750
499	835
481	811
499	863
557	770
454	711
498	703
467	799
472	711
487	759
504	796
430	656
525	742
439	730
421	611
441	692
447	555
464	602
495	621
533	733
461	794
458	779
426	773
509	624
456	789
423	752
481	708
474	740
507	760
499	611
490	704
479	653
487	651
509	623
477	733
510	756
482	706
526	557
484	777
479	760
500	688
496	646
502	711
573	786
516	655
471	656
477	817
453	819
524	763
501	678
532	681
532	713
510	831
483	753
496	673
490	686
508	803
465	815
523	773
475	737
465	893
523	791
494	804
516	839
575	826
527	835
516	1025
479	849
499	875
491	1049
437	1033
534	849
513	877
544	713
507	876
512	922
491	696
550	845
551	977
566	856
463	674
452	694
511	839
474	928
530	940
519	937
527	757
434	754
504	908
475	989
478	881
448	837
531	791
456	834
497	688
458	853
435	765
478	634
470	679
485	693
409	670
483	789
493	779
430	773
457	641
455	688
407	788
466	1016
448	867
461	827
515	798
502	755
472	898
471	933
446	886
477	744
455	726
501	934
542	704
483	710
467	899
502	1015
544	863
587	987
523	801
533	813
541	835
458	803
533	844
473	716
503	828
510	812
485	710
432	792
534	699
521	774
481	750
466	759
427	661
515	734
577	622
531	664
556	729
534	688
656	784
553	726
522	769
577	696
507	787
453	728
510	677
457	673
478	719
511	751
480	689
460	850
441	849
449	765
456	907
435	637
483	637
506	740
489	602
491	705
583	718
649	702
624	541
734	626
765	818
675	732
726	749
655	754
706	742
669	743
643	832
487	877
513	885
548	805
492	791
425	731
509	826
492	817
493	926
513	798
561	758
503	775
542	647
506	632
446	597
512	711
418	763
466	666
493	929
474	974
527	764
498	627
469	642
552	540
497	662
457	771
431	831
516	852
461	931
475	968
517	956
493	761
465	766
437	823
521	808
446	707
457	700
451	729
458	633
459	729
520	685
489	695
502	791
550	773
482	853
537	817
589	771
569	722
630	718
630	642
642	654
552	710
598	715
635	640
602	637
595	632
587	653
591	590
654	647
749	661
757	684
683	568
749	632
707	671
790	585
636	727
720	784
747	780
639	676
646	687
757	627
671	700
663	714
611	893
580	699
595	803
569	874
592	758
528	842
552	1015
607	959
590	887
539	1050
538	1204
511	957
613	768
625	735
597	809
583	822
571	954
569	1021
588	1067
526	1011
599	891
610	836
512	890
551	798
553	833
617	756
524	814
536	897
560	728
541	686
547	621
545	660
542	896
548	811
559	877
542	863
500	732
498	719
503	740
453	910
548	939
579	863
497	746
510	741
440	760
472	769
477	672
493	689
481	759
505	859
518	797
441	787
468	916
456	891
466	812
384	762
444	872
493	787
530	857
532	839
532	862
538	764
548	870
589	742
583	698
631	820
585	859
528	751
557	866
568	909
533	734
567	896
610	852
662	937
565	735
589	855
583	762
594	704
510	824
490	959
634	982
564	864
540	843
519	964
518	814
555	764
547	793
582	815
646	830
600	805
516	795
504	831
487	1032
525	863
505	759
512	693
469	620
509	672
528	823
470	726
478	766
492	592
455	650
433	551
484	714
510	727
489	760
521	812
501	669
442	586
464	774
439	630
512	716
460	654
513	675
478	705
473	579
506	597
456	523
410	716
404	574
447	578
472	624
454	778
446	714
431	694
442	719
437	784
423	647
465	672
460	680
448	565
481	668
411	665
396	719
417	649
437	739
410	890
442	722
413	728
471	989
440	783
495	810
516	818
475	814
490	822
501	663
455	721
454	610
474	721
456	754
423	708
520	913
426	818
467	748
517	662
498	607
485	699
453	739
430	695
454	739
456	751
459	885
457	802
440	709
472	596
493	635
453	665
460	696
460	758
497	665
532	681
481	622
452	582
429	717
469	654
498	657
463	890
540	791
531	770
539	642
607	647
551	610
519	793
549	646
626	648
546	617
498	640
545	604
516	737
458	606
506	609
550	517
464	619
445	635
527	621
564	595
506	576
557	640
622	702
507	478
541	660
579	649
541	764
525	963
535	760
548	870
588	844
574	769
488	829
539	779
541	665
544	659
627	543
559	654
554	612
488	655
520	626
517	587
518	661
518	549
512	710
512	606
518	617
502	762
529	948
515	900
502	840
513	700
506	722
521	741
513	792
528	828
549	770
517	820
532	944
529	947
422	1018
529	946
468	791
498	736
501	778
529	815
546	960
558	841
478	684
450	678
394	701
437	753
440	749
507	697
498	897
449	828
473	819
443	713
448	747
491	694
481	918
424	839
499	869
509	859
462	738
476	874
495	691
463	746
502	902
444	736
418	568
497	690
555	821
486	764
482	758
529	649
536	733
498	915
448	978
439	804
548	652
546	729
600	749
580	733
518	813
578	764
546	778
699	830
612	834
618	801
563	854
580	832
500	698
474	704
542	771
518	580
526	698
560	715
487	663
449	601
513	662
475	626
505	640
471	950
511	917
496	835
440	855
445	787
505	838
504	854
515	905
472	696
558	952
481	818
522	1059
519	888
436	885
525	906
472	937
515	866
509	733
419	767
482	948
433	1040
444	880
499	813
519	820
497	783
482	752
576	746
480	731
501	819
501	743
516	704
540	899
437	723
534	728
466	685
490	667
527	651
515	653
533	674
515	503
543	568
565	540
568	586
592	521
624	591
638	665
626	698
547	798
630	609
661	546
670	605
671	688
628	559
751	723
844	780
835	735
989	749
1002	990
860	689
828	575
743	704
715	749
685	902
641	768
601	686
619	829
607	789
622	733
533	741
625	950
649	701
656	797
701	681
628	710
620	751
603	727
596	659
583	773
618	789
645	938
660	828
648	954
563	871
513	705
551	772
578	701
599	787
582	820
673	780
667	796
653	861
583	827
700	927
665	744
661	832
580	743
541	792
539	705
619	672
575	737
533	803
566	828
647	732
611	718
583	855
521	805
565	757
621	888
552	814
622	799
632	812
645	763
624	817
652	987
643	947
674	839
677	1089
646	709
614	668
643	697
729	854
681	715
652	835
629	849
591	742
580	709
585	754
634	866
663	1019
639	912
653	989
702	1059
694	960
698	979
655	903
711	684
738	748
661	762
664	831
733	1132
707	947
721	910
727	790
708	799
728	1065
653	805
679	826
659	747
773	836
782	1011
825	952
842	897
880	942
961	874
964	866
997	844
922	766
1028	762
1009	716
948	735
920	748
924	697
830	716
819	777
830	955
861	859
852	728
834	841
732	702
817	600
892	664
862	691
872	623
992	545
980	663
984	763
955	835
894	896
965	686
884	992
793	782
860	711
767	638
748	675
753	722
794	816
748	663
704	752
713	686
706	698
765	733
747	733
775	704
799	740
785	700
794	697
776	848
731	683
799	857
828	960
773	854
758	735
727	684
728	742
754	799
795	742
674	917
729	876
690	828
706	731
743	679
718	742
681	1019
657	946
664	981
641	854
676	823
658	819
687	721
625	759
743	650
675	749
729	786
668	723
593	544
657	476
650	516
667	704
634	732
598	704
640	948
568	892
613	779
572	948
542	1048
611	1029
591	882
686	902
644	931
633	929
614	737
621	783
568	714
638	650
655	590
600	885
650	840
559	779
603	788
588	838
579	776
594	725
592	613
539	648
610	794
491	731
590	794
594	849
533	700
494	719
553	698
584	784
599	782
560	793
542	605
587	702
532	810
542	981
549	854
545	775
584	920
491	874
520	989
545	874
520	758
476	811
484	715
493	652
554	701
527	781
577	883
508	750
575	814
506	674
561	636
557	714
532	600
534	712
533	802
519	881
543	853
482	786
487	827
550	805
581	836
544	865
551	1023
513	886
504	834
559	783
492	647
499	619
501	662
502	764
496	636
503	621
450	717
479	648
527	790
517	690
524	646
527	789
480	840
483	740
494	652
500	696
462	677
533	797
502	872
530	740
512	696
476	806
488	792
489	831
503	575
478	562
521	810
481	965
549	825
490	896
474	951
533	757
497	711
465	857
451	861
487	810
469	609
484	654
486	667
486	685
476	770
457	782
563	824
540	841
509	892
538	705
519	652
557	786
558	757
514	862
480	887
437	806
454	878
484	952
496	884
526	752
538	803
541	725
611	764
540	751
548	765
499	715
512	722
492	712
475	900
470	793
544	774
544	798
523	624
513	659
498	666
490	672
445	565
485	586
448	620
467	641
472	639
466	618
489	636
465	607
459	627
429	570
439	602
423	736
403	531
421	496
451	532
450	555
466	557
433	448
426	542
508	606
489	531
428	509
427	484
446	589
470	625
454	757
525	733
523	662
461	710
467	891
469	858
501	778
533	694
483	636
492	681
503	658
520	716
489	692
458	656
462	619
431	607
483	731
460	750
467	628
471	658
443	631
475	661
420	661
471	674
493	636
426	664
434	627
504	737
503	681
445	613
427	742
396	682
460	597
444	802
416	735
458	569
455	565
479	526
509	655
450	524
450	476
459	551
415	510
436	646
428	610
394	559
428	549
480	613
447	555
410	488
504	614
441	581
493	614
478	674
476	694
535	664
507	608
453	697
462	671
485	617
472	630
521	721
439	880
457	875
436	819
466	831
547	690
524	831
478	780
489	842
514	724
549	761
537	935
571	824
606	805
600	948
493	846
465	876
485	791
473	804
523	755
525	968
519	925
549	806
438	942
451	811
490	875
502	807
474	758
449	906
507	1050
445	966
466	987
464	937
423	797
479	922
450	1038
427	802
463	810
462	827
474	690
441	773
486	765
440	791
511	785
428	820
514	828
469	774
485	805
491	868
496	799
480	751
460	991
494	877
504	811
456	1002
490	910
528	949
473	854
492	791
490	924
482	863
471	907
498	1014
477	1154
473	934
449	1052
458	991
503	1058
530	1035
496	888
493	858
446	805
428	813
480	781
469	785
508	751
422	883
473	750
492	810
500	890
425	684
445	679
445	724
449	864
486	991
473	792
469	747
494	874
474	805
480	920
458	956
473	650
523	660
510	721
534	941
463	871
477	827
499	766
494	720
549	603
548	799
560	684
581	803
549	892
585	923
547	867
566	821
603	690
524	739
533	757
463	767
568	679
561	716
504	746
514	591
552	638
551	659
536	671
518	633
560	624
568	767
542	696
558	690
622	614
565	654
612	740
652	851
711	949
670	884
643	641
719	653
840	737
772	916
751	932
692	720
893	814
1121	806
1424	818
1607	971
2072	1061
2514	1132
3142	1265
3803	1332
4185	1236
4226	1334
4459	1425
5083	1354
5507	1657
5398	1417
5364	1643
5442	1656
5842	1819
5956	1836
5808	1947
5685	2088
5397	1917
5282	1935
5115	1773
4962	1684
4892	1852
4716	1599
4303	1621
3957	1540
3766	1372
3750	1427
3626	1422
3568	1460
2838	1439
2348	1212
2280	1159
2220	1357
2147	1356
1688	1098
1506	924
1308	1051
1458	921
1325	923
1254	951
1183	949
1167	760
1172	725
1136	740
1142	869
1047	909
1037	810
1055	893
998	892
888	833
874	778
932	1023
930	844
974	686
960	778
931	868
957	790
998	794
930	746
948	854
886	929
964	982
877	903
875	723
892	794
922	735
866	804
885	662
920	623
921	643
952	697
832	664
739	800
760	890
895	889
953	789
929	898
841	819
886	749
942	804
939	746
896	743
828	662
850	727
826	742
806	687
804	759
728	816
741	880
680	743
702	789
707	676
795	854
719	639
791	655
697	581
795	703
831	699
781	769
778	719
771	764
766	795
767	704
711	545
803	532
737	690
741	788
692	698
699	643
713	594
707	716
744	845
705	675
655	703
682	772
779	953
758	807
671	792
702	824
727	778
607	721
607	780
684	878
682	815
689	1085
676	1006
633	785
682	1005
647	838
685	754
668	748
758	737
696	698
676	617
728	743
703	751
732	872
585	668
632	901
568	867
637	838
537	783
557	702
610	633
601	755
567	800
586	928
606	1080
687	857
642	855
700	1021
664	927
692	869
768	836
687	753
691	810
691	751
709	795
647	825
686	897
660	866
599	895
604	759
594	884
641	941
655	773
681	777
606	993
657	882
631	787
584	733
637	726
644	767
671	805
579	723
642	655
612	789
633	725
653	695
684	667
592	589
604	754
619	766
545	835
529	767
565	762
596	796
543	674
548	726
598	913
631	873
616	938
568	904
581	890
633	831
627	916
578	782
634	914
681	828
569	818
644	718
622	819
596	739
604	769
568	687
588	736
558	840
514	940
581	864
491	747
527	661
539	582
514	580
500	627
532	752
529	880
609	805
552	793
560	638
533	662
542	670
515	720
558	685
557	597
500	526
508	567
503	550
549	610
486	639
533	815
559	800
465	993
477	869
460	658
536	776
493	737
493	671
525	909
494	731
563	757
475	679
534	760
579	710
482	876
510	814
515	744
539	975
501	850
495	696
452	670
525	717
525	663
527	703
538	758
557	641
531	706
498	786
465	724
481	732
593	737
519	805
508	681
508	814
536	735
554	775
553	897
469	813
533	670
526	762
571	793
502	800
513	698
491	758
502	585
520	564
526	711
574	736
499	770
497	922
493	731
531	783
522	793
513	860
516	665
502	631
495	630
472	701
567	756
473	956
567	755
535	734
520	847
507	922
542	906
529	867
572	900
555	751
571	798
491	763
552	768
510	740
521	744
499	857
531	749
510	645
508	697
538	611
466	805
482	742
568	685
566	794
558	756
539	873
536	784
520	765
464	687
497	766
568	804
539	890
562	773
493	724
497	657
503	752
545	659
490	635
545	684
524	630
524	627
544	664
545	562
537	647
566	680
544	743
563	674
559	623
515	739
547	755
508	665
535	852
568	938
555	918
600	852
540	916
598	882
569	890
501	746
486	802
473	863
530	986
607	832
496	1037
541	773
498	815
531	856
569	755
581	807
526	934
467	928
455	928
503	864
496	648
452	887
465	809
514	849
545	793
509	701
459	840
498	838
516	771
548	893
474	682
493	772
503	879
479	952
544	816
562	835
516	865
532	1111
496	864
551	735
486	824
559	923
519	1129
531	949
591	763
486	682
550	695
573	812
555	742
548	711
521	768
548	686
495	665
484	763
485	696
481	762
531	810
563	868
540	745
542	859
540	900
541	962
550	823
525	734
570	617
531	550
530	600
533	664
548	675
551	670
485	759
525	746
507	807
537	869
552	846
524	736
505	826
488	741
500	831
572	777
497	704
579	832
633	971
674	924
556	721
618	747
572	716
629	690
607	669
641	846
667	704
636	662
746	699
934	633
928	616
976	719
991	735
828	769
781	755
772	857
775	865
752	891
699	685
727	743
689	997
638	843
579	933
668	816
649	790
619	817
608	845
634	914
533	761
593	783
606	623
587	706
550	641
677	748
566	711
571	756
577	811
550	758
617	755
593	742
509	790
552	761
559	755
592	635
570	743
532	736
591	761
632	764
611	733
676	693
702	692
746	689
798	696
863	711
775	761
796	706
838	874
728	731
716	901
782	955
782	965
707	1019
864	1118
872	803
828	861
780	818
691	739
780	762
748	751
672	755
647	821
615	725
622	747
551	688
571	812
591	707
574	703
596	743
629	682
553	849
591	902
562	1038
573	806
515	843
595	746
534	810
521	791
586	822
671	735
651	888
700	727
796	820
899	732
1008	771
1009	784
886	824
908	802
951	788
861	831
744	783
777	900
744	874
838	779
907	755
815	910
829	765
787	806
905	869
778	742
760	624
638	791
671	739
532	711
532	796
545	695
599	787
585	730
555	596
565	625
540	596
471	685
498	722
585	834
508	715
569	606
563	631
517	654
497	645
564	1019
457	881
500	754
451	606
441	637
483	683
429	714
483	800
516	618
499	525
448	606
515	535
491	818
536	612
561	641
571	929
508	1024
510	871
536	835
527	772
631	754
678	666
683	639
593	729
639	817
549	706
560	659
589	791
588	804
528	1044
507	917
583	919
518	1060
512	1039
472	918
463	795
525	789
511	759
628	825
525	704
603	718
559	949
531	965
581	801
542	705
472	805
577	763
482	622
490	701
435	697
483	815
520	960
532	908
588	773
559	736
532	747
566	778
542	1049
480	965
521	783
504	715
476	716
508	669
487	683
465	692
461	834
476	919
561	716
562	596
514	668
493	606
545	856
452	822
500	738
470	658
467	795
521	684
503	650
586	666
480	782
437	686
476	698
463	656
477	642
497	823
516	859
509	1064
540	997
482	709
457	806
453	763
443	877
462	702
454	681
473	721
457	768
471	698
488	664
483	709
535	641
466	728
493	726
468	820
441	727
485	688
458	640
406	638
468	639
464	749
521	625
447	647
466	754
524	650
476	738
477	808
526	716
461	704
531	837
402	872
525	792
460	718
498	721
492	645
543	861
466	823
493	852
450	706
491	730
465	849
495	863
448	692
529	755
442	674
469	623
418	699
466	620
520	683
513	661
503	701
491	709
486	609
476	679
507	922
512	807
535	822
475	663
479	631
488	729
518	801
458	732
548	825
559	956
567	875
527	1031
520	767
539	1081
536	948
574	911
540	888
520	811
523	822
515	819
456	1012
499	884
480	837
502	777
544	898
459	712
484	572
510	683
451	644
422	774
477	580
432	649
407	501
454	693
483	687
487	735
497	556
381	703
450	647
449	622
432	579
489	470
476	550
451	496
459	661
469	803
471	699
491	719
466	622
459	616
477	639
532	856
461	855
449	718
481	667
422	739
522	706
500	625
497	656
554	683
503	741
500	835
530	821
496	869
461	770
472	870
457	763
491	774
541	849
495	835
530	829
511	745
517	750
467	750
453	825
433	767
473	756
572	699
468	697
487	715
438	628
528	767
531	781
523	767
480	723
475	765
528	887
480	876
515	743
545	724
537	788
483	691
513	592
570	820
535	894
507	707
606	622
583	676
622	602
606	763
551	860
501	842
512	930
502	824
510	756
441	794
444	825
501	771
491	675
447	616
411	746
467	692
487	696
508	835
469	805
430	738
473	680
482	690
527	659
571	618
547	627
527	650
547	639
482	645
521	801
527	751
514	715
459	645
481	759
440	687
442	700
467	744
427	697
449	756
476	626
542	670
538	667
503	946
516	716
559	776
492	887
459	770
434	835
405	705
426	677
392	731
430	850
510	802
431	805
435	901
497	719
461	764
457	947
423	933
440	1094
438	1099
407	993
393	870
521	901
493	913
484	777
447	844
532	868
482	657
495	741
481	610
506	642
494	635
484	707
490	738
518	622
508	624
498	587
496	688
519	698
580	738
559	850
573	847
545	932
565	861
553	765
519	869
533	990
583	758
481	832
523	746
538	737
580	868
518	631
554	791
570	773
486	720
489	797
509	783
503	773
539	850
563	835
563	864
577	657
541	717
589	888
581	806
503	889
514	641
495	775
520	781
541	737
513	904
479	948
534	992
493	935
474	865
464	842
512	618
540	617
566	668
584	869
580	957
510	827
522	797
514	718
520	759
619	875
603	830
554	707
512	717
560	821
528	851
549	828
522	850
575	839
517	850
442	762
504	707
483	610
478	643
465	860
500	785
502	799
452	646
515	757
498	912
525	890
425	881
456	682
467	719
475	829
468	615
541	868
542	840
524	716
503	715
498	628
523	791
501	650
526	686
510	658
438	756
480	655
446	641
558	664
511	741
530	756
478	857
504	845
533	764
578	930
543	904
551	805
530	761
546	839
580	829
590	790
655	722
599	801
614	855
684	835
648	892
655	970
586	834
652	883
679	781
644	525
647	590
669	663
671	698
712	856
681	738
597	718
599	642
576	705
558	640
630	692
565	685
520	652
563	514
530	640
496	720
555	668
575	657
557	795
548	704
516	541
526	500
544	516
499	693
568	603
504	687
537	688
545	729
545	758
492	705
480	711
502	679
487	603
480	585
455	636
509	761
502	900
474	741
490	683
533	789
500	694
513	648
509	571
476	792
459	657
545	586
513	659
466	690
456	639
460	669
448	698
469	768
480	766
503	637
483	582
535	652
465	653
536	769
471	696
485	601
437	807
433	663
432	660
466	751
454	680
448	628
379	680
488	597
461	716
477	614
476	762
486	720
471	846
500	774
511	788
487	825
459	839
477	753
519	572
451	602
505	581
470	825
510	888
519	867
463	800
481	961
453	919
462	800
471	771
473	862
508	832
455	720
484	748
428	690
461	674
436	739
472	754
540	809
491	591
468	707
493	781
445	822
420	810
489	964
482	880
443	744
478	839
457	874
515	919
511	706
496	733
498	755
436	794
470	971
518	1004
511	1024
490	800
486	767
482	708
526	869
472	726
527	754
523	760
498	916
527	879
517	1090
484	976
470	858
489	805
431	802
489	874
523	1097
508	998
515	1166
513	1247
473	1080
525	1041
562	862
486	797
485	807
486	689
436	678
494	642
519	629
575	539
552	742
520	604
510	645
452	639
487	687
491	790
482	886
465	865
455	683
445	929
467	901
504	892
461	772
480	768
428	766
492	706
452	625
460	614
475	594
490	660
459	624
463	606
451	577
503	681
470	798
441	784
516	750
475	776
532	743
575	659
510	736
518	860
454	1038
484	896
462	875
486	896
527	705
469	850
436	734
495	806
478	893
548	867
531	961
481	921
458	792
446	880
461	784
426	686
479	816
403	643
497	599
533	834
444	736
473	704
491	603
493	678
486	676
484	680
452	739
478	852
486	705
424	792
442	679
442	857
450	853
517	896
511	883
548	919
513	890
500	811
446	917
445	832
458	822
398	797
463	717
472	728
442	719
422	911
456	767
449	823
433	747
428	821
411	862
455	790
466	667
502	798
468	865
511	756
445	831
462	727
478	771
455	692
373	621
474	644
476	689
504	788
529	756
421	705
483	1010
497	951
493	824
468	873
478	949
501	971
427	798
466	902
423	786
482	802
484	738
511	922
545	843
487	806
526	1035
516	788
510	917
503	944
492	1136
444	906
456	960
528	834
504	861
476	1032
543	959
528	1060
596	994
536	891
519	829
508	817
517	806
617	842
549	707
587	712
599	680
615	724
601	956
584	944
664	1022
673	1010
571	954
600	920
570	851
642	938
618	891
674	841
628	773
560	940
597	753
547	776
564	904
604	782
580	726
536	729
564	740
562	622
566	795
645	821
605	819
634	794
628	963
641	1139
651	1139
699	880
710	936
700	939
726	1097
635	1354
659	1115
670	1087
542	870
590	1030
594	908
511	843
579	876
559	891
616	1010
609	957
645	944
700	850
691	845
734	938
714	967
754	1057
757	959
676	929
691	855
623	814
593	944
582	942
633	778
646	838
596	830
597	863
626	781
588	798
598	810
550	759
570	893
552	969
527	1039
541	898
497	842
508	702
463	865
541	928
461	856
500	758
489	714
605	802
550	824
497	806
437	886
427	824
433	704
466	700
442	574
424	607
422	831
485	774
433	667
427	588
407	634
388	787
448	921
446	943
441	663
460	578
409	638
460	767
482	810
522	838
414	580
449	708
446	675
435	695
458	693
484	609
461	693
485	727
497	809
492	679
453	575
515	673
464	777
507	816
452	631
391	657
427	640
425	474
439	564
466	670
446	654
484	795
463	864
505	668
557	652
517	655
427	689
466	769
502	756
494	834
511	772
529	744
553	826
492	766
453	727
463	770
413	677
542	673
502	776
428	844
442	934
471	687
529	888
475	735
465	607
582	675
512	778
487	869
516	852
506	807
460	888
473	763
501	841
506	911
496	674
476	619
496	695
524	747
517	657
472	670
512	714
475	700
484	804
536	762
542	787
489	751
487	663
529	872
568	739
556	782
550	711
495	614
502	754
518	653
537	701
489	726
552	611
563	731
581	665
584	794
612	806
568	744
573	819
536	693
532	646
556	732
591	704
633	823
611	868
537	875
559	1003
576	856
539	845
552	726
512	815
571	693
522	769
590	632
530	863
538	783
509	623
539	803
512	865
586	850
540	808
513	896
531	1000
504	821
542	737
603	1000
579	987
554	851
503	809
505	734
559	824
523	798
474	685
512	774
526	802
566	774
556	879
534	730
426	804
504	876
539	823
470	852
517	808
469	771
580	798
540	774
550	862
505	1018
495	849
462	661
490	677
481	813
552	820
545	793
525	858
522	682
517	696
511	713
512	791
534	669
487	723
515	790
547	865
530	813
480	997
513	883
488	810
487	981
471	896
509	894
463	775
480	893
534	963
471	901
524	866
539	821
581	916
643	1088
568	928
573	1047
565	953
555	1038
538	1144
572	1234
633	989
600	1071
609	1127
528	1064
507	1061
513	1081
525	994
512	1139
519	1040
559	1129
506	971
507	931
512	945
527	926
513	742
523	823
474	733
477	923
517	1067
464	793
530	915
455	757
522	854
559	1062
564	916
563	858
503	696
560	745
576	712
519	753
586	798
508	874
573	791
576	816
485	621
484	667
469	881
526	797
475	774
450	825
479	884
523	869
496	803
499	872
526	774
480	871
497	710
491	665
497	712
436	806
454	864
540	788
589	825
539	964
524	754
465	791
490	711
531	924
484	706
467	693
547	847
426	935
489	935
546	836
515	807
563	851
474	765
509	787
498	658
474	786
456	777
444	658
528	809
542	861
567	771
521	771
456	832
531	706
624	624
566	513
533	562
508	716
505	697
505	878
524	870
504	640
494	769
487	771
451	660
485	808
505	701
504	633
502	750
475	748
551	700
503	874
465	806
461	811
407	674
418	719
473	694
484	786
469	830
483	699
495	815
489	781
480	853
463	944
448	867
445	776
514	949
514	1003
515	1015
467	830
465	735
437	730
501	671
397	666
428	670
498	871
502	904
438	699
444	645
483	715
449	944
494	800
481	771
464	802
468	788
483	667
458	659
489	679
476	714
448	709
448	771
519	604
521	651
495	686
529	790
502	753
524	688
514	570
461	686
476	635
503	679
516	766
541	910
603	761
610	853
592	772
695	881
818	961
855	942
795	749
809	747
777	854
773	858
760	785
664	830
629	866
570	850
558	841
548	820
615	891
578	691
555	789
572	994
556	1005
568	806
508	1077
499	978
564	782
555	778
594	685
654	569
588	470
565	655
638	590
546	644
610	765
546	686
498	716
532	788
474	962
484	1026
530	702
510	889
554	909
505	1009
517	953
553	994
549	882
534	868
555	869
502	793
505	801
606	760
561	651
565	760
510	934
510	801
495	867
514	788
522	726
456	770
447	796
517	830
474	727
495	759
520	798
448	734
555	763
498	809
472	860
468	808
394	753
496	826
470	770
460	694
475	731
490	676
459	635
482	864
530	795
457	609
462	643
505	889
469	688
464	602
524	624
468	597
566	655
478	724
477	692
479	758
468	617
456	627
464	794
500	768
447	761
430	780
466	850
470	737
496	767
476	708
483	713
470	701
563	773
479	807
409	749
487	846
503	740
424	671
428	561
488	561
466	645
454	665
458	885
462	772
469	784
478	721
475	666
469	802
517	754
492	815
489	926
498	856
428	684
458	980
431	1138
490	875
483	837
504	675
444	760
446	723
508	744
504	649
528	665
475	612
499	684
449	674
468	693
516	703
429	666
474	874
461	800
472	888
456	848
458	903
470	813
447	752
480	789
447	748
519	908
468	839
468	716
465	746
501	771
501	650
489	685
465	723
465	707
535	746
566	812
542	808
394	760
438	737
472	791
415	724
493	748
528	841
516	798
541	881
542	846
496	814
529	752
514	685
528	760
542	695
480	708
529	800
511	762
506	805
602	930
566	944
520	800
529	853
544	723
548	769
580	792
554	734
584	698
572	710
556	767
609	746
510	799
555	832
507	740
585	663
582	644
590	618
582	616
587	684
637	674
752	867
651	916
662	927
634	813
740	890
719	823
705	897
645	780
695	937
661	901
650	813
659	789
663	645
631	806
701	731
643	746
611	801
635	984
670	743
676	777
667	845
676	736
735	669
641	608
667	613
665	546
796	622
703	707
682	783
704	741
740	744
786	927
802	580
834	787
739	614
817	582
767	569
719	609
747	639
780	595
769	861
827	748
810	716
839	635
770	740
823	882
835	818
780	721
765	679
822	739
782	751
784	820
793	829
789	703
841	708
835	588
798	660
850	963
849	810
868	844
907	1019
872	928
862	819
868	766
868	970
905	978
780	759
856	931
873	794
794	774
767	745
732	733
736	775
776	881
762	1162
733	996
861	677
714	668
848	843
832	888
748	890
732	897
815	857
758	869
861	796
842	967
786	770
785	898
756	975
737	790
773	960
660	965
674	844
731	837
649	785
657	656
652	696
715	741
659	751
676	760
624	715
564	641
622	704
657	881
669	888
643	833
632	742
601	889
630	795
585	803
577	855
574	799
611	743
603	805
607	836
694	722
606	796
611	789
601	899
569	873
546	858
595	842
529	921
552	970
618	895
577	858
534	925
512	787
568	880
562	799
581	894
500	825
562	756
455	1016
475	961
525	837
491	609
537	896
538	825
576	797
463	722
478	775
477	806
504	747
481	745
459	836
485	1042
479	903
504	1128
526	920
555	796
495	939
497	955
549	929
561	1019
485	1013
496	678
583	842
556	874
516	843
524	872
504	679
456	651
523	525
530	636
519	703
507	676
524	694
510	743
558	731
524	691
463	732
508	712
540	663
608	729
526	993
484	891
537	910
544	761
534	679
524	654
488	727
489	772
525	679
528	746
522	731
474	834
530	966
535	826
528	658
527	675
585	723
570	788
628	715
657	790
707	917
661	819
625	708
596	649
536	681
586	670
617	753
668	730
581	782
487	746
518	784
475	1027
464	1043
516	997
576	756
510	765
473	847
492	864
520	905
521	958
486	923
506	816
471	697
436	673
465	737
486	782
459	782
398	746
469	751
470	655
418	666
439	596
469	610
440	588
450	616
491	720
472	863
515	990
480	971
498	871
540	859
423	918
486	1042
460	965
432	942
396	925
490	761
472	724
452	686
451	782
438	904
512	832
470	939
525	689
449	681
445	721
491	739
474	893
455	693
491	770
505	700
501	774
493	728
469	695
464	792
457	797
447	694
433	634
437	715
467	652
423	703
491	716
491	621
457	733
524	896
453	761
450	650
516	801
466	658
459	659
515	701
463	716
449	705
496	765
459	780
524	723
467	825
426	813
498	744
477	751
449	731
477	764
499	770
496	875
507	764
433	749
456	913
465	847
399	893
485	1095
471	830
437	736
489	596
543	704
524	721
468	724
481	723
513	611
511	643
493	659
454	610
487	539
441	601
463	722
478	672
456	731
506	773
436	786
465	553
464	677
465	693
479	732
464	651
491	665
492	725
539	661
550	769
515	826
489	677
496	731
479	763
482	762
410	679
459	771
537	803
466	818
460	833
456	724
474	763
416	693
479	883
499	916
474	872
413	696
487	765
497	815
493	675
504	701
521	893
512	940
538	790
501	823
479	876
471	882
494	751
522	708
472	706
530	651
526	586
556	668
608	755
579	910
587	845
521	833
558	619
529	730
524	834
543	763
565	685
558	881
520	818
534	718
496	888
501	780
487	704
531	879
496	824
521	954
541	911
557	957
542	779
525	779
523	859
568	742
537	804
516	765
524	626
550	765
514	718
594	710
473	701
493	727
542	814
544	995
528	937
486	770
489	819
414	845
457	772
517	720
530	730
489	799
505	697
492	912
469	901
543	732
504	786
500	884
428	816
414	705
400	657
450	764
495	725
433	742
413	691
418	716
470	787
430	715
497	686
452	853
485	730
480	729
455	597
484	592
431	630
426	724
450	782
462	652
495	703
463	679
497	705
539	780
473	731
415	721
475	653
510	835
488	808
554	768
482	652
488	597
528	760
545	689
520	658
625	642
730	906
680	802
663	739
564	727
673	738
765	719
755	789
686	909
728	969
683	1004
718	925
658	988
641	988
710	805
704	904
717	797
708	784
663	673
640	710
677	651
565	768
471	654
503	714
451	771
498	680
503	615
501	638
461	782
479	808
514	645
472	607
526	718
494	746
508	798
500	611
565	697
478	738
479	759
479	881
503	762
468	665
502	721
498	811
520	676
493	712
471	671
542	825
526	783
497	691
494	779
479	863
469	872
498	827
502	805
456	794
506	688
441	738
458	708
446	705
420	678
446	674
449	621
436	591
468	830
465	822
496	730
512	875
487	834
552	827
436	811
484	836
422	731
460	847
471	763
505	858
445	850
440	902
401	798
456	949
416	862
485	848
437	801
453	708
479	694
442	708
439	946
479	855
512	791
485	910
440	799
413	843
430	907
428	852
478	729
534	934
475	868
520	945
425	898
447	756
469	738
475	1034
456	804
468	849
481	798
473	945
435	1003
409	770
485	658
446	768
443	958
469	997
468	881
454	790
453	897
445	822
397	739
436	816
457	952
405	995
425	759
422	739
483	871
471	1011
484	794
497	981
482	913
525	966
511	836
516	795
520	597
486	763
485	880
484	672
495	781
415	812
508	878
460	863
433	880
513	717
596	708
488	656
502	793
549	855
497	933
517	910
525	921
544	1078
489	1042
439	1108
466	1063
357	976
399	887
480	699
473	697
489	892
461	728
489	671
480	640
502	719
522	625
543	821
512	917
476	750
519	763
509	765
450	677
491	765
467	898
413	705
410	653
456	624
448	637
458	643
480	679
411	551
433	602
478	683
499	557
485	754
454	791
489	958
489	925
472	944
449	972
439	980
465	899
419	992
500	888
415	928
400	828
452	908
510	887
459	848
442	826
453	885
445	827
475	928
509	1151
548	952
485	927
488	950
480	899
445	786
502	815
477	794
467	881
456	851
517	754
457	755
481	734
448	813
446	744
487	850
473	1000
448	805
503	804
534	824
562	879
497	818
487	820
513	796
495	903
453	1031
460	1077
519	778
512	611
479	701
486	635
499	687
497	856
461	916
520	937
481	888
491	788
486	781
434	839
452	890
523	918
514	852
501	975
532	833
515	708
479	606
482	736
498	729
480	738
479	770
495	621
542	689
530	671
559	705
501	607
641	612
533	700
557	718
528	742
487	781
533	585
544	718
553	760
534	984
542	669
564	753
505	641
533	670
519	805
568	692
586	700
603	758
542	596
629	622
599	604
658	584
551	573
549	630
548	529
594	642
686	820
643	716
570	694
601	662
596	664
632	719
664	901
672	785
698	888
683	930
722	744
654	712
615	893
605	778
562	611
607	567
621	583
630	708
597	671
601	769
684	761
742	744
773	745
691	651
778	760
758	786
770	753
757	672
807	700
753	875
786	791
780	800
750	662
727	770
633	746
712	697
724	633
734	704
664	929
673	775
691	858
718	755
740	855
744	756
746	911
819	777
816	827
781	1014
783	917
821	797
821	916
789	1007
794	765
779	839
788	853
791	802
816	807
757	760
758	820
742	885
804	748
738	735
803	743
708	629
689	828
706	692
774	777
744	733
719	859
771	893
804	777
772	794
794	1010
756	900
747	710
732	756
787	846
751	809
734	814
696	860
709	849
709	800
735	852
657	846
647	709
669	694
693	733
639	789
594	583
532	625
604	604
596	770
657	677
598	749
623	946
608	936
697	679
642	541
667	695
593	874
634	861
646	800
600	692
667	842
642	940
652	759
588	835
693	758
595	618
628	673
600	639
632	716
661	717
609	771
614	799
583	733
666	780
612	862
626	825
663	903
529	863
541	1025
628	888
617	906
601	1337
600	904
534	613
493	610
514	709
577	747
509	726
496	626
553	807
541	708
584	750
551	687
475	749
521	802
527	831
566	786
550	750
525	647
571	585
523	568
540	595
511	577
541	550
524	541
537	618
513	581
485	616
534	741
546	767
505	567
463	623
551	805
490	978
569	816
558	811
552	777
519	786
511	862
553	1019
508	889
551	793
525	700
513	708
503	908
536	675
566	727
481	885
536	824
583	856
557	877
534	744
552	937
481	844
495	728
534	779
508	815
538	779
552	845
550	880
509	767
486	732
520	811
478	612
504	609
453	646
438	855
463	752
472	832
452	726
518	872
491	794
482	764
534	691
551	803
511	951
512	791
542	794
522	765
483	832
543	686
567	915
530	880
528	667
522	685
511	691
486	758
509	721
482	692
494	839
491	741
502	675
559	854
511	810
544	676
590	733
589	840
562	767
534	804
494	1001
466	879
502	863
471	614
482	685
538	757
524	727
509	675
555	755
555	692
542	802
517	684
517	701
471	793
485	746
466	852
459	902
470	894
498	761
449	752
501	666
560	583
517	618
488	664
516	723
536	927
548	858
509	706
539	759
481	753
511	600
486	574
476	621
458	807
476	912
483	723
518	845
475	689
531	657
484	684
503	695
468	907
479	918
574	835
535	697
515	794
491	821
512	847
547	674
514	614
514	693
558	775
590	914
497	847
549	889
577	931
467	877
548	792
496	773
516	758
519	790
534	849
527	747
551	566
533	711
572	688
518	868
560	865
539	772
519	772
592	829
532	999
530	945
546	896
599	656
493	660
523	703
567	862
489	835
520	926
549	839
527	766
555	842
572	870
574	944
569	913
576	956
522	691
650	838
542	935
564	1099
511	1015
632	1012
595	871
624	629
650	723
606	599
608	701
622	765
580	841
648	832
594	783
618	927
658	958
678	1006
663	853
669	727
630	724
684	819
670	872
622	672
697	765
641	768
675	919
604	884
624	829
703	829
679	913
634	795
655	787
652	786
604	715
614	729
624	733
615	683
624	720
715	711
645	688
748	649
677	723
702	776
680	820
668	823
715	896
737	931
669	745
656	726
716	884
632	882
674	983
637	767
753	911
719	793
718	782
670	849
684	932
746	942
736	884
722	644
808	728
753	821
780	737
817	798
699	750
694	791
697	783
673	911
644	1019
647	983
678	766
688	829
645	569
644	561
640	599
669	643
654	690
714	705
716	709
682	672
774	608
867	583
955	580
969	645
926	729
1036	606
1195	656
1305	716
1349	729
1349	750
1523	708
1609	736
1997	625
2145	664
2136	616
2347	695
2557	695
2564	855
2598	941
2588	855
2349	904
2448	864
2238	926
2116	1150
1948	1267
1740	1101
1657	1044
1663	911
1642	1003
1683	913
1769	820
1809	883
1877	870
1882	904
2036	1028
2000	839
1894	787
1891	914
1794	894
1643	832
1664	897
1646	759
1479	931
1402	697
1476	788
1407	908
1321	861
1287	839
1063	843
1090	991
1095	910
1093	896
1051	957
899	988
721	1103
714	919
755	872
739	853
652	696
611	778
637	789
548	681
558	755
582	719
540	799
540	895
552	906
519	866
537	842
561	1025
527	728
465	686
547	943
506	809
494	725
511	664
473	724
450	785
457	836
456	849
458	895
502	809
474	853
502	751
426	779
437	745
429	692
449	704
462	865
445	921
479	1081
540	926
506	958
509	848
509	834
519	862
539	782
494	1023
519	938
475	863
463	1009
475	851
477	736
445	841
462	872
526	841
494	809
491	832
417	682
484	896
474	795
463	743
409	658
513	755
483	764
457	883
502	705
489	744
502	862
457	755
495	759
498	914
474	757
572	729
518	743
521	717
493	676
503	681
493	642
498	782
484	707
557	871
539	855
535	814
518	893
503	824
471	717
523	771
456	855
451	877
508	873
547	831
525	754
546	744
491	850
454	800
502	732
487	736
502	722
521	688
577	805
538	760
562	769
490	764
510	606
519	741
507	836
452	741
470	680
489	728
473	838
464	826
405	700
448	821
459	797
526	687
464	708
431	741
505	839
530	779
491	939
477	1178
529	1003
488	874
514	897
522	959
499	942
520	1084
534	1069
449	886
494	797
506	789
446	820
491	848
491	885
490	766
468	817
495	846
497	802
494	782
491	943
561	812
443	736
466	614
485	682
486	668
428	822
458	986
462	893
510	941
545	817
543	770
534	751
510	685
540	690
518	841
509	991
555	945
541	973
473	976
509	794
483	695
450	796
439	905
529	790
470	795
484	722
508	810
501	771
511	685
521	783
482	844
488	835
427	762
525	759
522	999
494	930
480	991
470	870
511	947
483	857
478	755
477	774
451	706
495	766
533	782
491	951
506	951
475	960
465	775
527	889
501	929
512	801
475	884
449	923
467	990
435	806
498	785
478	719
454	855
476	884
502	868
496	909
521	903
478	743
477	768
493	785
461	910
463	921
497	758
481	693
449	739
515	663
490	654
505	651
446	872
497	784
471	965
412	975
500	835
485	789
492	1035
505	969
448	838
503	864
493	684
575	812
431	817
464	638
443	601
463	728
466	755
483	728
483	782
509	738
466	740
533	648
464	774
473	685
483	630
538	681
515	848
449	798
538	713
522	735
504	583
537	615
449	854
460	760
515	832
468	719
469	715
414	780
432	864
469	829
521	727
436	743
451	839
492	767
483	717
541	686
467	702
464	734
436	756
470	674
488	704
531	1005
439	941
433	705
453	782
499	762
459	791
501	743
499	796
396	767
455	766
462	726
486	707
497	934
440	904
451	868
430	809
389	662
498	643
536	661
493	794
509	726
493	979
488	955
529	653
529	677
435	776
449	663
489	723
541	681
597	622
537	631
538	703
527	887
487	729
529	680
526	733
503	708
510	723
458	874
484	871
487	738
466	802
475	752
449	803
457	830
501	792
465	728
435	650
508	639
550	778
510	646
520	714
556	765
417	675
419	669
402	820
425	799
454	882
453	862
481	831
463	784
471	821
506	746
464	735
445	787
470	842
452	859
479	660
496	785
485	760
523	854
508	825
473	762
467	744
478	789
482	859
525	873
508	767
530	845
500	688
480	683
526	628
590	773
466	714
480	676
499	671
438	584
464	622
592	807
542	858
516	743
563	834
507	817
512	742
506	809
503	737
518	799
516	927
493	957
498	709
486	894
486	933
460	581
497	627
488	923
520	808
481	824
546	642
485	736
514	745
448	614
482	665
471	799
513	594
525	811
503	747
492	770
478	792
491	956
472	862
512	855
533	779
479	740
535	914
533	804
520	931
551	885
502	733
511	946
518	876
512	700
509	714
487	773
498	723
617	785
694	688
698	755
720	862
718	828
846	817
1102	1044
1222	1000
1206	900
1194	836
1279	792
1467	725
1495	787
1527	654
1449	725
1685	873
2075	902
2213	912
2198	876
2222	876
2683	949
3210	1039
3830	994
3987	1006
4175	963
4486	959
5033	1095
5448	1166
5172	1178
5094	1166
5339	1170
5597	1275
5608	1316
5776	1471
5458	1388
5139	1225
5193	1250
5365	1385
5010	1289
5013	1134
5126	1045
4974	1046
4959	1231
4905	1258
4788	1309
4963	1431
4774	1410
4633	1360
3909	1163
3309	1117
3209	1017
2892	893
2331	887
1844	894
1452	939
1495	802
1573	921
1392	796
1176	776
946	771
992	764
1023	796
811	720
786	736
644	689
756	857
705	800
630	779
547	752
598	810
557	871
619	989
571	922
597	858
570	881
516	815
512	775
532	842
511	938
522	1059
545	1007
512	968
557	1110
540	889
489	999
517	714
503	792
498	873
499	738
429	656
421	800
451	726
473	639
450	647
460	877
545	736
520	684
472	838
513	830
488	903
399	738
485	617
485	842
437	801
530	718
533	693
519	670
482	715
465	840
533	671
452	733
432	761
442	961
482	1018
435	942
531	1023
494	872
465	656
460	703
517	721
585	879
580	1064
539	1074
494	941
485	964
444	871
486	761
501	807
542	854
558	891
437	903
474	935
516	863
499	853
481	887
426	971
486	833
457	884
447	969
518	947
506	724
508	886
476	717
464	975
469	746
438	630
444	850
510	824
484	730
535	727
510	669
461	755
489	845
505	771
501	683
514	769
479	727
533	798
515	810
501	886
470	861
515	691
473	803
444	822
487	642
491	931
473	923
508	770
485	903
452	902
453	858
468	748
456	788
458	752
419	782
498	722
407	734
447	714
393	740
441	596
477	746
482	653
509	670
482	718
464	767
447	784
505	667
513	752
516	798
522	716
556	724
572	691
522	789
544	791
539	774
508	802
503	766
513	734
490	799
520	804
465	724
501	815
477	870
404	788
512	808
486	925
448	1046
411	1058
479	962
467	983
468	982
390	942
434	921
475	830
430	714
440	996
449	1061
429	1187
445	1190
488	1097
492	801
473	827
530	907
526	824
508	884
523	786
452	905
463	774
427	725
431	663
459	644
546	711
486	829
446	717
425	823
507	900
516	783
555	703
519	830
521	844
519	645
498	575
465	800
426	869
537	825
545	930
520	707
533	713
489	643
479	688
494	740
539	919
538	703
516	730
474	741
498	704
513	751
542	603
488	690
505	920
472	848
442	736
484	744
506	765
515	731
475	808
476	828
454	908
432	832
441	779
429	719
493	647
477	753
449	730
437	702
481	737
492	753
478	787
485	731
474	757
571	741
460	804
503	747
532	745
467	842
497	662
497	821
449	864
511	721
504	856
486	884
492	828
438	842
469	919
487	1020
473	776
461	721
549	689
422	748
456	696
430	704
469	792
475	712
465	776
522	623
541	667
509	655
411	564
482	645
403	928
518	771
476	737
452	800
464	699
459	843
498	793
484	898
539	901
540	936
507	1018
535	885
506	829
464	918
476	779
481	783
509	879
490	1074
423	844
504	774
465	824
544	920
519	823
548	730
531	717
509	863
524	946
543	1062
547	977
544	743
513	861
429	752
505	788
489	786
483	663
485	747
462	701
449	757
497	888
505	944
510	888
488	761
506	810
572	831
508	840
503	890
552	969
508	1050
504	931
443	892
529	1007
462	901
517	891
539	717
518	636
511	628
481	718
482	689
516	744
477	667
502	803
463	665
501	681
543	724
523	718
465	776
481	864
480	899
535	900
556	864
528	733
513	774
538	801
506	860
524	922
575	809
558	734
562	849
511	740
544	942
605	952
625	785
575	696
578	828
576	782
584	937
644	895
564	764
586	900
644	877
571	778
568	732
647	765
631	792
656	873
633	884
696	875
646	840
611	825
635	948
579	682
582	833
553	996
611	660
554	741
587	752
577	791
613	863
556	777
567	770
672	757
676	661
646	975
738	705
749	749
794	617
724	616
724	760
718	746
827	771
882	677
842	849
770	845
800	859
887	769
801	675
728	713
798	692
809	811
783	722
631	721
599	757
577	699
636	709
589	714
587	949
563	905
561	832
577	682
649	656
605	878
549	812
501	803
520	1063
535	926
539	901
515	914
481	850
485	855
477	829
550	994
480	1031
439	882
461	776
470	944
465	811
471	878
455	794
495	980
503	962
467	920
531	843
486	1113
461	1064
463	875
466	817
499	806
452	830
458	738
501	788
487	836
428	825
471	874
525	813
466	793
475	725
499	669
497	871
467	927
474	859
510	822
474	878
482	653
465	715
492	777
496	804
473	675
494	703
432	845
488	682
567	802
454	775
477	684
519	738
540	822
529	885
526	972
570	771
564	780
571	864
511	925
480	875
515	907
596	835
603	791
555	688
609	674
491	787
642	825
660	753
646	817
627	827
615	738
713	721
800	815
777	860
760	840
616	768
704	826
752	830
870	872
974	995
908	878
1004	666
1196	772
1374	930
1316	1088
1145	899
1210	826
1464	893
1921	882
2265	950
2217	869
2161	990
2265	796
2835	937
2917	960
2829	1028
2824	1088
3223	1130
3670	1053
3915	1099
3893	1216
3635	1233
4032	1156
4442	1280
4616	1452
4859	1477
4972	1586
5392	1691
5469	1628
5645	1549
5620	1678
5659	1480
5479	1333
5320	1266
4915	1330
4677	1346
4570	1277
4359	1148
3950	1188
3461	1060
3080	1014
3060	801
3418	1002
3187	1153
2866	984
2546	1047
2591	886
2652	787
2561	892
2328	955
1962	918
1847	889
1881	872
1926	1002
1600	873
1223	898
1349	834
1226	993
1129	698
941	652
782	774
791	917
789	803
726	704
705	677
607	549
496	679
503	758
526	708
560	645
474	692
489	709
472	806
512	797
515	692
542	790
502	789
454	745
497	888
464	719
439	672
494	827
493	804
389	879
393	855
426	710
431	898
469	715
535	736
544	827
509	921
544	826
526	955
486	936
481	836
474	883
442	873
474	746
457	849
523	983
446	1062
557	949
494	1014
490	1103
500	1273
500	1034
538	1136
596	935
585	937
558	856
537	847
625	655
634	786
565	716
646	805
584	711
616	743
550	752
558	685
555	736
512	759
562	689
548	685
565	562
515	687
493	771
439	677
440	847
499	956
448	924
476	824
438	753
466	838
456	823
493	786
515	755
459	760
528	788
619	767
571	850
566	896
573	763
535	749
530	709
524	797
502	843
579	823
569	728
510	810
441	637
453	859
502	860
431	875
471	926
489	808
486	821
494	717
466	691
488	834
448	775
464	777
476	913
467	834
465	830
485	967
494	722
525	692
452	810
435	655
530	718
487	861
430	737
429	755
481	687
475	539
424	608
474	579
509	663
471	677
493	664
481	741
439	721
480	651
498	594
498	613
469	838
492	862
519	743
523	725
545	855
580	909
528	857
528	925
590	802
530	829
535	854
515	794
550	812
534	881
458	961
522	887
457	848
505	835
498	822
522	905
464	673
471	738
461	663
472	626
436	624
525	599
498	728
508	864
515	901
523	941
507	765
483	745
533	751
546	843
503	891
452	771
504	803
396	743
475	788
448	675
459	732
496	756
482	833
462	787
462	853
473	1004
478	850
438	783
521	730
531	649
539	761
590	832
550	834
515	806
523	851
515	844
470	857
563	773
535	889
519	840
502	814
506	805
535	827
523	857
526	876
545	757
500	900
495	812
541	801
534	821
597	843
500	916
432	793
463	729
496	780
487	630
534	629
548	685
572	610
535	628
526	663
500	736
528	670
556	714
565	783
540	830
528	897
562	888
469	930
527	863
508	968
517	1018
487	824
526	799
578	770
497	785
559	875
497	931
484	960
548	1049
549	831
556	903
566	924
571	795
515	1004
558	962
538	808
598	874
535	876
560	726
609	770
563	769
515	778
598	770
625	804
697	707
728	912
642	806
749	985
674	858
669	827
734	855
726	781
702	669
722	698
766	754
750	712
785	642
715	660
706	839
754	631
820	681
932	770
973	930
848	977
900	928
980	850
1098	834
1113	776
1063	814
1124	666
1224	703
1345	731
1370	863
1393	848
1384	987
1645	825
1831	806
1851	1098
1854	950
1770	762
2038	727
2195	871
2349	796
2215	956
2192	1040
2330	1007
2486	855
2492	939
2669	1037
2576	840
2644	782
2903	1018
3065	964
3169	818
3306	1027
3594	1110
3861	1025
3964	880
3894	701
3801	832
3726	846
3628	836
3558	726
3288	690
3093	722
3068	702
2962	865
2921	680
2961	761
3164	810
2949	778
3035	849
3015	907
3015	743
3194	903
3497	893
3466	988
3562	814
3683	791
3687	708
3589	929
3692	905
3447	883
3157	855
2933	834
2718	804
2615	985
2536	851
2509	896
2416	930
2424	847
2429	844
2328	812
2293	937
2429	1007
2581	1080
2697	770
2855	931
2865	841
2957	901
3062	854
2968	774
2954	781
2929	865
2968	889
2913	914
2836	862
2805	972
2806	842
2760	850
2545	794
2428	942
2390	954
2471	942
2538	757
2554	803
2632	908
2739	882
2930	767
2931	857
2978	859
3059	759
3377	815
3359	675
3404	894
3346	760
3351	814
3465	882
3224	733
3020	906
2851	727
2523	705
2421	825
2340	878
2206	932
1917	774
1926	721
2011	844
2003	845
2025	928
1882	968
1866	966
2006	888
2106	824
2081	866
1968	718
1941	862
2046	902
1979	779
2035	909
1692	832
1626	831
1536	802
1617	800
1536	788
1560	654
1446	659
1424	798
1367	713
1431	756
1406	678
1304	665
1282	695
1238	761
1252	608
1238	755
1219	802
1150	702
1128	728
1128	909
1089	823
991	729
987	719
935	781
1119	1045
1053	955
959	835
962	903
901	1125
919	930
899	988
931	1013
859	1033
863	901
833	762
816	867
804	919
831	823
762	1035
807	735
795	615
828	821
759	799
752	1059
733	830
713	731
701	688
700	658
759	979
672	1141
692	1156
648	1239
719	837
656	1060
660	1040
732	950
681	817
682	734
646	769
603	815
692	780
637	857
653	823
640	787
727	837
619	704
678	738
663	907
669	755
661	705
608	766
616	706
569	805
525	788
615	793
621	718
625	740
576	690
639	804
585	1024
601	924
593	768
643	747
666	836
676	819
621	721
549	748
592	742
572	600
543	661
566	748
545	651
516	776
501	777
483	777
555	736
583	706
531	673
525	696
566	615
511	686
562	662
585	814
568	748
533	659
525	797
584	709
562	714
510	614
548	665
599	928
524	793
545	813
561	798
521	708
546	736
575	775
565	831
574	953
567	762
483	781
533	784
496	812
504	860
509	707
502	955
528	946
512	695
594	730
530	873
587	1139
597	841
528	917
539	983
478	1021
525	892
526	869
564	893
483	767
486	757
575	715
544	827
476	856
544	909
538	771
513	930
522	890
500	922
537	929
578	982
575	824
616	790
638	779
592	823
653	942
710	1101
735	951
804	883
705	742
710	866
705	704
648	870
852	867
1170	858
1617	861
2033	1009
1757	1085
1845	976
2013	1245
2430	1103
2365	1198
2385	1063
2435	1184
2763	1038
3122	1117
3389	976
3694	1141
3782	1151
3906	1289
3861	1210
3979	1238
3951	971
3854	947
3637	940
3320	826
2943	845
2972	839
3149	1037
2958	933
2438	675
2100	758
2161	804
2016	738
1709	794
1352	768
1203	722
1208	784
1322	791
1206	646
802	802
776	736
639	664
743	642
616	750
605	741
618	730
604	776
578	738
623	801
629	724
485	693
437	663
541	914
483	1013
474	825
411	819
483	783
479	668
406	735
476	751
499	809
555	964
436	802
465	903
479	796
518	830
447	797
456	700
464	661
466	798
500	1047
422	907
446	760
448	708
437	825
449	687
441	569
524	767
477	905
489	687
524	706
472	716
479	843
464	857
524	669
493	618
434	689
451	794
506	892
516	690
494	666
477	679
490	672
505	717
534	658
568	707
478	717
469	831
492	734
429	793
511	617
461	592
438	664
449	695
459	658
492	845
474	731
479	732
530	778
460	670
520	747
427	807
427	632
483	589
454	608
466	622
423	730
488	684
425	707
503	857
499	989
475	943
457	806
439	850
473	898
502	756
483	915
560	799
536	739
521	775
513	815
495	777
447	698
426	731
502	799
522	712
486	746
474	807
453	839
387	938
417	909
467	904
434	690
484	513
528	632
497	622
495	817
528	846
555	688
555	703
504	705
521	877
542	861
482	760
465	720
523	848
467	726
508	770
435	741
498	847
502	903
489	694
460	554
493	581
517	770
571	803
599	783
539	960
530	880
485	736
508	823
545	753
547	858
588	754
522	850
512	673
555	773
544	828
483	734
520	667
523	812
543	721
537	836
518	1051
542	833
467	731
528	797
537	956
511	1033
499	831
550	1000
522	792
576	750
631	678
507	681
543	728
480	726
472	655
542	676
512	763
495	651
531	842
439	815
433	812
456	1072
495	1072
541	896
520	893
418	684
511	632
455	633
499	748
465	895
476	981
532	777
480	917
490	734
535	725
516	858
494	813
486	808
533	766
560	1031
517	977
554	994
527	988
559	948
555	851
554	845
508	766
566	778
581	750
555	758
571	716
581	825
563	675
558	615
531	716
491	849
538	794
567	850
502	849
534	947
565	922
583	986
557	988
575	928
553	898
565	954
510	922
524	865
506	868
502	1216
535	1096
550	843
515	841
538	811
523	1007
515	849
516	616
442	764
444	722
454	723
468	827
518	910
501	1017
498	792
519	731
548	798
564	1013
498	1015
497	951
545	932
519	1026
545	937
574	773
550	927
549	852
538	879
570	908
572	892
514	835
551	889
501	738
539	850
561	860
569	765
579	830
554	970
539	727
566	821
560	740
564	818
536	808
567	808
567	740
545	693
590	700
620	691
590	664
598	608
561	657
574	745
545	770
677	645
596	609
623	571
686	666
631	669
601	734
677	744
705	708
805	746
743	860
683	787
771	818
826	723
892	916
924	798
930	763
915	821
1086	886
1358	900
1277	700
1074	750
1376	714
2296	758
3029	797
3351	813
2959	969
2715	788
2600	793
2467	784
2411	882
2298	791
2546	641
2830	663
3195	821
3301	960
3326	948
3333	947
3558	770
4147	1013
4571	972
4777	887
5175	898
5392	933
4999	885
4486	931
3758	893
3140	951
2452	881
2005	909
1427	871
1174	796
1451	893
1594	995
1370	1120
1144	969
1034	842
1138	1100
1049	952
993	943
891	1093
740	913
750	825
741	838
698	907
605	835
569	792
599	982
621	817
561	873
560	836
538	699
509	804
543	672
563	814
554	669
571	798
595	779
509	899
590	886
542	925
500	970
522	879
510	821
504	763
534	817
556	1046
550	939
500	844
521	711
492	795
529	781
584	789
421	986
498	787
475	652
477	693
479	768
452	720
420	848
529	828
553	929
475	877
461	771
472	854
463	915
467	986
497	832
493	725
527	810
462	687
476	750
476	833
460	867
474	821
507	738
452	915
430	856
491	761
501	724
483	760
459	806
492	942
454	768
477	801
419	695
453	752
488	822
498	791
442	863
478	892
479	651
468	800
490	694
506	754
488	838
477	764
447	721
518	896
492	919
468	777
475	626
494	647
458	744
498	851
496	774
552	783
472	708
450	836
476	879
468	933
447	894
453	847
476	806
478	823
504	851
486	888
547	709
510	835
543	841
512	783
561	865
460	956
471	746
497	768
527	824
563	873
544	978
568	862
589	813
639	846
702	778
634	855
608	915
629	791
621	722
611	829
530	739
548	683
586	787
562	802
516	732
503	804
480	782
476	834
495	856
498	826
536	895
543	893
556	1026
526	736
502	745
509	1032
456	1012
453	773
496	667
524	780
447	817
488	719
512	763
527	936
508	933
531	777
567	789
584	879
519	970
540	896
639	803
620	882
576	934
613	986
772	897
854	838
1018	922
991	767
1169	775
1359	852
1634	900
2222	859
2078	766
1865	733
2254	748
2505	792
3083	812
3196	612
3248	961
3613	989
4080	782
4719	928
5174	1091
5188	995
4995	896
5582	957
6877	958
7053	1028
6875	1265
7282	1135
8396	1056
8608	1114
9175	1272
9207	1243
8981	1158
9309	1307
10219	1517
10593	1600
11252	1617
10903	1769
11089	1392
10790	1580
11027	1644
11510	1784
11314	1654
11436	1681
11253	1683
11536	1656
11677	1919
11837	1880
11982	1826
11632	1595
11842	1649
11925	1669
11457	1584
11486	1587
11951	1555
11796	1699
12206	1643
12140	1508
12157	1779
12332	1888
12523	1950
13277	2103
13334	1906
13325	1920
13084	1918
13565	1846
13274	1962
13439	1786
13676	1922
13420	1752
13037	1814
13303	1626
13170	1773
13360	1750
13123	1723
12917	1965
13347	2022
13263	1967
13170	2123
13504	2068
13282	2160
13334	2345
13279	2367
13170	2326
12944	2160
12468	2083
11951	1736
11382	1438
11151	1470
11287	1513
10908	1395
9720	1375
8398	1511
7981	1414
8116	1550
7747	1360
6863	1072
6316	1255
5838	1321
5681	1158
5480	988
5186	1001
4433	982
4266	1278
4615	1011
5035	998
4285	961
3155	854
2556	780
2148	902
2444	896
2086	911
1728	851
1314	744
1386	797
1565	981
1454	946
1089	823
850	679
867	783
965	940
930	760
907	792
696	674
653	813
644	802
661	780
628	656
653	721
631	742
606	665
609	598
609	661
564	626
557	690
593	710
583	607
585	591
589	711
550	826
582	759
573	847
551	838
536	678
569	745
566	725
549	746
549	662
540	580
481	701
562	697
539	765
515	766
542	787
501	800
497	918
516	785
497	738
508	760
555	797
534	743
529	701
559	698
566	861
558	627
544	716
526	700
545	707
582	854
531	779
462	703
530	868
545	837
511	1069
496	977
501	797
515	769
558	651
548	798
517	683
510	723
582	854
486	751
488	688
477	863
544	802
525	729
509	977
514	896
527	997
543	978
549	1040
506	948
499	1112
543	1050
510	1133
521	1064
500	1006
525	933
493	1201
528	895
510	923
515	948
476	1149
533	861
516	883
560	1029
504	938
480	1067
461	841
445	870
451	692
467	889
494	822
509	769
504	708
544	793
526	901
570	700
505	735
501	646
564	627
552	688
558	685
535	718
501	741
496	695
545	706
513	819
522	639
520	862
510	960
605	771
582	903
610	772
490	749
513	765
562	683
582	730
495	789
501	773
533	744
485	792
559	938
544	870
521	795
538	762
518	672
516	682
481	664
562	633
565	620
598	946
578	839
527	738
529	646
483	639
466	620
497	608
477	629
479	679
529	683
491	624
521	773
504	644
533	669
467	654
460	851
499	863
487	986
472	733
459	864
443	862
517	767
546	862
509	955
488	881
458	764
457	792
487	755
566	746
520	886
456	850
475	775
478	719
477	709
530	874
580	928
503	932
501	711
506	860
531	971
520	908
599	882
524	892
567	843
517	779
564	848
554	874
527	880
610	970
597	916
561	796
589	783
552	751
577	643
599	963
594	814
613	712
597	747
616	702
623	739
638	903
610	865
642	773
600	734
659	894
636	745
623	639
648	821
627	865
630	720
619	811
680	946
629	975
629	639
699	770
771	728
728	784
707	795
735	785
778	903
708	909
602	838
618	748
642	684
590	758
598	677
593	665
645	839
638	720
656	838
708	733
668	732
679	651
635	577
713	697
666	593
702	699
681	692
736	713
686	814
706	710
655	849
751	917
728	913
695	1060
664	814
666	868
660	923
651	892
648	760
626	813
629	820
669	749
670	987
728	878
606	893
666	840
706	760
764	786
700	643
721	881
784	631
717	692
714	690
675	828
691	957
634	813
634	815
624	751
679	816
743	696
647	759
671	935
620	849
640	760
635	743
658	839
601	746
606	705
621	768
645	902
657	744
574	767
569	834
638	870
587	730
584	740
573	834
573	923
552	945
560	892
560	868
541	902
532	900
613	762
592	737
519	659
504	684
528	807
561	760
586	836
552	819
497	882
524	1049
515	1001
495	935
589	853
475	788
562	891
493	1011
480	1052
496	1109
510	868
455	706
505	670
472	714
468	690
490	756
503	731
502	925
487	709
477	709
501	645
473	738
461	829
495	935
527	760
559	744
470	817
514	717
513	718
500	715
496	775
511	745
512	911
488	831
438	954
466	884
461	859
466	869
506	792
497	765
469	736
465	725
488	662
497	795
533	829
521	963
515	742
487	765
457	643
478	732
490	632
445	847
448	875
497	944
580	958
534	927
546	882
508	971
657	855
695	679
745	738
761	841
701	661
678	667
708	842
775	997
873	947
825	1014
897	909
1061	764
1335	1031
1150	788
1031	795
999	743
1155	771
1561	723
1716	818
1945	766
1701	843
1464	748
1686	659
1528	706
1518	724
1511	768
1584	917
1529	895
1579	1138
1552	972
1524	815
1856	856
2079	775
2113	768
2251	830
2113	898
2033	838
1878	846
1944	774
1931	893
2012	901
2081	1067
1894	890
1656	840
1456	894
1587	893
1435	920
1367	784
1136	818
1109	862
1112	858
1189	956
1276	729
1097	877
952	856
913	705
819	783
780	664
754	725
775	794
843	787
900	813
896	842
860	634
933	615
765	700
760	768
794	668
815	759
849	779
838	770
754	723
811	671
768	486
799	633
755	750
721	790
698	794
704	773
692	725
627	848
628	815
571	770
589	824
590	739
558	901
520	928
627	740
567	840
569	933
585	822
578	755
550	810
535	849
580	815
527	873
575	725
501	712
521	745
559	794
594	654
607	691
553	658
530	741
579	621
532	654
616	714
509	658
519	639
542	699
561	708
598	647
552	686
517	643
534	614
583	618
559	783
484	755
503	619
561	727
538	671
535	822
581	836
529	907
560	910
516	997
595	781
569	737
608	1021
558	939
543	962
545	867
534	873
508	833
530	890
540	927
544	765
512	993
480	879
479	855
518	838
516	785
521	715
511	674
512	831
561	781
564	695
621	805
570	843
530	1086
574	852
550	823
563	938
507	915
577	929
529	941
488	833
473	825
477	848
472	936
519	797
505	842
486	646
493	690
469	792
432	819
465	654
471	826
459	818
523	756
515	570
558	747
490	802
514	776
516	728
533	868
506	904
523	901
439	819
576	1065
465	882
448	738
556	657
487	778
486	664
531	854
519	836
504	991
508	918
444	814
515	956
491	912
506	869
440	768
456	808
454	749
387	783
415	821
417	648
432	707
371	536
451	636
469	579
468	630
475	709
513	941
544	812
543	720
505	794
459	745
484	807
447	965
474	896
450	936
487	822
480	948
483	974
536	1076
524	868
411	834
441	782
448	835
438	762
461	854
434	759
409	730
482	679
479	722
488	827
376	850
450	953
425	979
514	985
443	814
460	846
423	898
450	702
447	752
541	836
491	793
477	758
451	728
459	836
421	931
432	794
443	785
484	780
516	801
532	773
475	732
482	794
496	745
512	835
511	837
450	736
440	729
485	913
447	839
476	805
424	814
453	816
459	772
446	991
443	839
423	694
434	751
433	831
471	860
465	806
406	758
430	701
492	705
457	733
500	849
477	911
475	851
486	637
518	689
473	664
525	736
491	723
476	876
572	758
582	721
597	768
514	633
508	710
510	720
559	748
498	885
503	750
520	843
515	676
498	798
510	826
493	824
535	613
483	678
541	726
508	798
437	752
451	805
527	698
519	668
472	606
491	634
511	570
466	521
438	661
488	569
523	605
547	537
461	607
494	697
425	739
465	612
445	577
461	658
448	679
518	770
503	808
506	841
481	701
497	905
514	881
538	809
447	763
491	939
532	872
570	720
488	749
469	716
506	832
433	785
456	765
460	753
472	775
534	818
486	802
514	942
514	883
484	850
485	845
353	806
500	958
440	884
475	894
472	969
452	886
516	763
516	931
493	993
402	841
532	841
466	890
466	926
475	889
477	863
504	894
520	970
