1053	743
1060	754
1153	896
1225	822
1160	794
1086	807
1160	788
1012	777
1043	742
1068	707
1050	757
1129	889
960	787
999	772
953	870
979	749
964	775
862	806
893	870
846	688
911	713
887	670
814	667
846	610
789	776
825	834
860	695
884	631
792	784
834	827
766	706
791	636
784	564
669	669
731	566
636	530
636	552
614	595
656	599
607	637
585	740
591	679
595	646
595	575
512	562
510	737
562	711
577	694
594	659
582	697
567	669
535	672
556	684
548	626
536	754
574	679
544	906
579	962
582	779
549	831
608	730
622	753
635	761
596	686
653	841
653	912
669	756
692	731
740	674
687	719
753	678
667	752
678	798
649	802
600	746
570	607
601	760
599	785
634	760
600	622
610	575
671	661
588	670
588	739
558	750
540	786
527	713
531	775
585	853
588	717
565	774
613	650
584	620
611	721
606	690
535	676
562	714
578	719
596	727
589	584
569	754
625	633
555	726
566	703
531	852
577	853
579	729
618	646
555	823
594	798
566	794
608	794
628	968
596	744
614	755
558	697
507	703
591	575
486	720
527	589
516	699
513	804
526	635
586	641
544	694
526	549
615	556
523	670
542	667
546	694
629	624
588	529
579	705
604	568
544	603
549	478
556	497
528	750
579	797
563	623
616	663
623	659
640	742
612	562
567	751
558	698
546	856
602	754
574	729
572	760
620	818
582	728
574	795
514	687
531	828
530	868
563	812
589	664
544	705
541	689
515	759
532	741
583	705
594	644
570	755
665	652
603	641
546	516
636	635
599	683
558	945
576	730
618	776
611	738
658	595
587	835
570	862
524	666
521	799
618	695
572	649
588	757
600	667
593	850
517	795
550	802
618	709
649	760
597	817
567	760
539	709
553	771
559	838
597	797
579	662
521	532
546	653
528	758
527	766
582	663
597	713
596	670
515	635
541	576
540	743
525	658
591	591
571	661
601	641
582	723
523	844
526	675
606	589
554	662
565	774
543	683
565	800
513	754
610	747
648	676
591	659
552	750
600	724
558	790
506	678
521	726
623	763
615	731
617	634
553	735
542	674
559	850
577	621
565	755
619	904
523	732
483	572
484	657
545	732
505	730
568	708
563	842
554	856
547	767
541	737
575	796
527	626
547	518
535	633
507	775
473	684
476	616
535	614
513	678
549	683
514	597
512	665
513	754
519	806
544	670
499	686
579	736
577	913
483	907
515	768
475	665
448	602
433	523
436	661
486	625
481	708
524	839
581	699
568	818
557	752
527	648
591	682
535	820
479	934
452	737
471	893
513	821
548	624
502	608
572	594
527	652
513	632
503	715
505	665
522	726
588	810
543	774
481	702
521	771
521	809
530	704
526	776
492	640
547	796
578	678
524	573
539	634
491	729
519	689
565	641
567	635
518	802
543	858
527	661
517	710
571	654
533	687
523	659
562	596
538	749
571	788
550	711
495	873
512	993
533	966
504	858
508	827
481	763
508	843
585	858
525	961
514	917
551	700
481	658
508	756
525	778
492	746
437	761
548	872
548	964
488	692
531	749
451	1069
477	862
522	747
516	727
581	717
516	629
589	642
575	703
555	753
509	836
564	668
544	938
568	767
547	798
571	752
582	773
619	796
593	814
574	605
644	727
664	669
589	686
546	501
586	608
642	684
592	780
560	738
651	719
603	796
655	723
572	688
595	748
677	596
615	780
663	605
646	704
606	692
548	745
561	722
612	650
595	667
574	748
620	760
659	976
677	877
662	961
630	711
631	772
595	734
606	867
551	775
548	705
563	621
588	831
512	908
521	739
589	673
577	772
548	796
608	828
549	790
600	798
634	911
600	727
548	674
571	849
580	836
581	867
607	780
571	965
580	780
602	762
649	816
664	869
573	681
643	791
616	812
676	692
617	627
640	632
658	642
663	758
684	883
622	671
568	668
597	619
604	618
668	722
678	783
610	845
651	727
616	776
787	746
754	777
788	759
694	720
660	739
813	616
761	666
790	704
800	631
798	536
837	527
862	646
957	627
836	559
895	704
844	733
910	699
915	767
901	763
875	727
998	614
970	726
955	787
1104	823
1037	752
1054	950
1120	817
1248	796
1180	660
1155	758
1141	751
1163	634
1156	646
1334	595
1284	750
1276	786
1240	752
1194	754
1351	793
1254	795
1219	797
1348	822
1342	683
1428	736
1424	769
1473	781
1492	709
1555	653
1461	637
1674	847
1536	769
1550	665
1679	585
1623	717
1671	751
1566	751
1552	815
1520	775
1613	739
1618	742
1633	812
1619	855
1653	941
1748	1039
1631	857
1762	981
1828	708
1883	695
1865	721
1776	842
1860	680
1882	552
1862	628
1891	741
1638	899
1705	888
1564	921
1492	786
1445	711
1451	757
1422	718
1527	704
1446	831
1461	891
1413	752
1498	690
1405	722
1428	640
1475	678
1344	686
1260	622
1373	637
1392	730
1377	827
1318	863
1279	1012
1206	899
1190	792
1157	760
1082	755
990	686
984	612
1107	692
963	755
1027	746
972	781
960	721
899	612
957	721
835	750
821	715
824	745
824	688
829	763
762	722
699	854
716	737
753	688
755	688
777	647
715	670
694	789
704	759
697	759
711	706
753	824
673	812
651	789
667	881
689	731
691	799
694	851
628	741
676	937
616	685
650	587
598	661
625	649
605	637
674	804
554	776
692	705
572	780
576	824
581	810
596	916
610	849
590	868
631	883
554	892
554	904
595	1061
559	792
625	743
623	981
558	854
558	640
549	626
561	654
523	664
590	662
558	681
572	677
567	805
673	903
623	806
627	773
575	830
557	653
639	508
599	625
561	874
602	795
643	781
589	788
583	696
546	736
640	827
541	631
539	587
556	584
604	540
505	691
592	738
537	658
562	760
503	720
514	632
547	647
542	661
547	595
564	824
588	901
601	825
553	629
542	756
580	701
565	764
604	837
601	674
563	753
552	805
544	620
585	592
606	602
584	781
582	745
612	805
591	700
593	564
578	565
568	779
576	809
593	685
514	550
486	600
536	625
555	586
617	819
656	687
611	784
642	737
576	770
626	659
595	687
531	696
562	599
568	574
499	604
550	618
624	664
591	642
527	683
619	709
631	681
585	770
591	803
590	854
582	786
588	608
568	630
537	753
533	743
517	650
552	707
514	596
535	702
556	621
597	608
535	624
601	592
601	657
553	670
586	617
567	587
593	560
616	606
609	557
517	666
541	702
564	629
544	736
559	820
572	695
587	764
522	633
557	718
513	801
563	835
562	874
586	734
557	712
512	742
598	863
539	1032
508	977
620	789
586	692
640	752
674	740
618	797
562	765
642	894
575	731
575	783
502	925
579	802
589	612
603	947
630	976
558	852
581	870
572	1125
498	680
549	699
551	846
515	875
535	761
629	707
599	737
596	636
611	764
611	759
576	861
553	846
607	992
650	831
651	740
592	789
661	804
675	911
657	819
642	815
645	860
685	885
684	819
680	980
707	786
756	853
898	887
887	947
889	936
934	863
1015	818
1344	1019
1545	883
1729	854
1681	811
2033	782
2576	820
2850	868
2851	896
2716	976
3046	919
3755	1066
4657	1123
4962	1105
4649	1182
4622	1067
5072	1249
5434	1151
5534	1178
4893	1123
4411	1059
4940	1046
5918	1040
6637	1144
6280	1097
6684	1105
6683	1210
7268	1084
8231	1138
8505	1230
8083	1290
8422	1216
9088	1162
9128	1120
9342	1164
9433	1174
9286	1240
9918	1196
10252	1244
10132	1126
10106	1198
9949	1266
10050	1082
9862	1092
9624	1124
9506	1103
9354	1125
8679	1020
7639	1004
7012	911
6867	897
7841	1002
8013	1093
6671	984
5954	1070
6014	1004
6321	1011
5877	1072
5129	995
4446	1039
4192	850
4287	853
4350	1026
3829	962
2984	812
2397	749
2505	741
2631	793
2239	738
1587	657
1574	797
1799	739
2090	804
1937	844
1464	844
1124	834
1181	891
1246	704
1266	875
1013	923
800	727
927	538
912	729
967	729
842	759
729	674
757	694
699	802
733	874
781	725
716	762
684	731
639	734
638	873
656	871
611	865
624	714
613	782
573	659
581	592
559	785
558	818
573	647
632	601
588	606
605	658
618	544
652	677
519	682
629	806
566	759
563	873
550	698
510	609
585	622
546	716
580	626
583	668
578	729
596	779
588	714
597	731
534	655
557	697
572	612
536	539
504	551
513	647
466	762
462	701
481	618
519	556
545	622
492	678
501	705
472	697
471	688
488	843
604	925
605	766
592	664
607	633
573	722
576	701
513	795
575	797
482	756
543	1012
513	868
573	647
502	640
533	785
451	653
494	609
593	759
611	707
552	603
510	589
541	693
512	625
496	714
498	807
549	840
556	859
531	752
491	784
547	705
522	763
532	742
555	714
625	673
505	736
526	622
563	738
594	860
552	948
547	824
613	913
502	862
516	843
545	978
564	902
564	752
587	677
572	797
577	724
539	753
570	696
558	637
579	592
630	586
565	604
624	758
569	656
584	557
559	505
630	539
585	711
543	876
573	725
556	682
536	685
594	834
516	767
564	797
596	781
599	743
609	725
554	749
614	770
601	516
530	643
570	832
569	822
528	767
544	741
548	840
561	920
552	724
510	743
568	824
621	801
579	749
593	771
614	765
628	820
612	756
580	649
598	664
580	699
534	660
527	632
467	731
474	767
581	697
565	832
575	851
592	856
567	714
548	849
534	740
576	849
519	765
543	773
547	728
588	677
579	748
547	860
558	866
567	750
534	819
600	734
636	745
568	707
542	589
540	596
503	566
502	577
499	645
587	638
572	683
524	601
588	652
604	771
570	824
607	714
679	750
590	730
638	640
635	771
585	681
638	807
588	885
647	911
636	836
656	1040
643	1064
572	951
669	945
564	845
633	1036
558	865
612	936
621	839
574	827
599	877
583	623
549	586
542	661
544	654
580	753
552	875
602	735
544	801
556	754
591	707
555	725
597	672
623	578
602	599
549	760
607	655
650	619
652	707
672	599
646	824
681	744
688	767
778	826
802	986
747	1016
703	1123
674	1153
696	997
755	1043
852	957
830	1156
826	903
860	891
846	952
930	1065
986	1138
908	1519
881	1264
987	1071
838	922
844	872
829	904
785	883
710	701
807	614
618	568
607	635
586	868
595	794
528	736
531	666
494	650
626	652
753	733
706	957
650	969
675	770
631	858
612	810
659	831
579	1004
541	1056
590	1019
604	831
568	827
495	795
527	725
534	900
554	822
523	692
485	694
541	736
488	719
529	539
431	643
492	623
530	726
532	602
542	633
512	716
517	577
503	752
552	920
498	863
556	774
528	697
576	680
602	686
584	636
635	807
635	729
593	765
580	843
611	848
544	644
576	715
627	621
507	574
493	606
560	684
546	641
552	722
542	628
547	676
522	731
509	549
548	656
536	730
612	618
552	641
477	805
511	793
612	720
515	628
521	799
505	733
528	643
546	596
544	674
504	634
497	691
561	845
548	804
527	783
543	653
485	710
517	710
480	763
500	854
480	612
521	617
547	621
567	780
564	859
589	752
508	765
533	678
485	790
468	804
547	676
589	876
492	858
478	883
462	802
488	728
487	805
499	675
492	612
526	570
523	493
494	547
491	543
515	600
524	574
560	622
564	460
518	520
473	674
553	675
562	739
558	608
599	711
535	681
564	733
502	667
573	732
543	787
542	590
521	795
546	877
547	677
508	627
502	639
515	680
500	697
508	576
454	663
506	616
516	601
535	589
514	639
519	660
537	686
488	755
505	699
498	550
509	661
598	662
526	594
546	696
543	683
558	665
549	678
486	743
530	662
486	795
518	848
504	636
511	677
472	693
492	546
510	546
481	609
549	772
507	637
527	553
452	554
485	592
498	625
481	750
469	854
447	952
503	729
520	677
496	858
597	592
498	717
559	865
494	770
518	606
507	775
509	719
470	809
471	789
477	584
509	746
469	670
466	670
507	663
533	843
550	720
551	770
492	752
462	728
503	712
523	764
551	664
505	732
513	704
502	705
541	746
479	749
511	784
432	712
467	761
471	660
556	847
479	801
514	850
474	889
437	650
477	728
494	915
499	875
485	854
533	747
509	660
464	739
561	991
639	897
661	908
661	874
611	903
673	933
744	847
784	894
818	846
733	779
755	834
903	833
1016	902
1099	755
1062	775
987	717
967	736
977	803
907	713
854	848
1028	728
1804	845
2075	956
1814	803
1553	865
1385	1001
1559	906
1688	759
1674	725
1905	753
2255	850
2330	857
2099	849
1960	815
1851	809
1966	681
2115	711
1887	752
1582	638
1518	721
1747	806
1431	754
1153	640
852	658
841	738
833	818
750	784
764	802
702	865
694	756
764	828
804	705
639	701
556	653
535	630
559	600
525	819
499	669
559	757
543	603
615	776
631	914
609	590
601	671
600	825
534	819
571	803
560	810
550	770
562	773
480	724
499	656
500	732
501	721
539	739
489	800
570	991
566	987
565	1082
557	962
591	854
606	952
596	1010
623	763
670	1042
649	867
654	815
668	753
631	885
638	821
699	737
640	628
607	586
636	623
656	738
621	687
685	726
663	738
710	735
689	687
724	746
796	646
833	622
841	742
899	775
954	870
972	960
951	1023
852	936
793	981
779	787
907	812
816	703
735	635
758	806
715	692
862	691
845	752
896	738
915	721
894	781
1011	667
1163	614
1115	821
1155	746
1259	937
1355	967
1272	846
1173	979
1182	1082
1058	777
1026	789
982	932
967	786
939	741
935	821
970	794
952	761
1053	637
970	760
1075	728
1087	695
1098	636
1135	762
1160	680
1215	804
1231	578
1234	747
1222	718
1141	953
1096	993
1087	1003
1014	727
1021	902
992	808
1064	801
1045	682
993	643
1054	705
1101	697
1071	732
1009	745
1072	650
1160	736
1144	792
1061	681
1080	691
1026	632
1022	535
1021	527
1036	589
999	671
1036	656
909	633
962	649
891	697
932	636
873	566
934	516
955	601
1111	711
1077	710
1039	839
1002	794
1078	798
1063	708
1023	870
974	740
1001	873
930	925
1161	810
1171	957
1109	858
950	919
916	873
876	976
890	898
973	983
919	950
880	984
848	906
1000	798
905	855
971	733
1082	712
1159	656
1269	763
1436	801
1256	730
1369	902
1416	960
1338	857
1307	915
1519	839
1424	837
1438	858
1220	652
1291	770
1305	911
1433	743
1435	705
1189	723
1220	653
1037	644
926	820
912	731
802	758
702	793
707	673
668	676
673	717
618	621
573	711
538	680
610	631
616	761
509	633
599	706
551	714
586	801
601	878
521	783
589	770
628	888
591	886
670	863
595	908
524	842
550	862
633	975
695	802
590	785
596	712
600	733
586	878
615	912
552	838
536	914
539	848
541	751
528	778
556	752
484	615
544	743
553	695
496	675
506	701
541	610
516	770
505	751
481	625
562	735
646	814
619	722
556	867
609	700
535	751
568	799
576	814
593	762
587	614
524	694
559	761
573	813
533	1116
524	811
554	776
507	857
507	860
450	735
531	625
488	615
500	665
463	709
508	909
528	783
514	780
488	947
572	866
540	950
496	969
511	822
494	749
561	843
556	856
533	760
493	744
431	879
479	840
480	870
491	877
539	870
518	702
532	610
524	755
510	754
507	554
515	737
479	681
493	652
541	653
516	756
505	758
529	800
501	760
505	665
561	785
522	825
500	756
571	734
577	736
525	642
552	877
556	813
549	827
548	680
560	913
542	926
542	916
510	804
562	801
587	775
642	798
619	847
544	806
618	698
564	696
573	777
602	662
560	961
631	977
644	905
516	776
627	706
544	617
605	551
667	606
728	820
697	913
653	930
571	833
620	875
656	966
628	906
734	794
714	812
711	641
716	641
753	605
727	604
708	555
679	535
795	690
781	621
720	565
786	725
805	802
718	721
785	665
699	694
774	650
742	701
677	718
754	628
636	659
805	675
702	619
757	854
676	864
678	690
642	815
720	821
639	812
769	725
815	713
757	857
719	853
705	881
690	890
732	861
666	744
716	735
678	729
597	708
649	810
698	704
645	734
654	717
654	829
635	965
578	846
605	802
628	695
606	782
672	759
633	712
635	634
654	789
684	640
681	519
687	596
764	720
637	736
674	725
671	629
646	633
682	660
633	589
698	695
711	722
726	674
653	675
680	571
710	609
622	655
660	674
647	693
608	547
646	631
609	704
671	668
631	777
692	679
718	774
649	594
678	660
668	732
751	573
709	676
817	717
865	659
867	782
841	750
779	827
799	766
894	907
900	1033
852	1047
844	731
822	713
819	707
843	662
894	694
828	725
790	755
733	682
710	693
672	733
749	621
769	602
637	576
589	641
572	631
559	695
594	559
658	670
608	693
586	619
621	836
574	927
577	1007
639	801
527	759
505	692
631	756
604	632
550	722
508	745
527	725
512	697
536	609
574	659
552	593
563	524
570	535
560	568
610	691
631	741
582	739
571	620
552	742
539	885
541	870
562	868
641	745
564	814
573	802
574	760
576	785
592	665
533	797
527	763
561	595
571	642
544	800
625	952
536	940
608	820
455	679
532	804
476	746
525	881
529	679
456	750
491	746
558	634
583	722
520	751
519	813
523	927
489	682
507	697
509	621
536	722
570	803
555	757
486	699
511	733
533	695
542	699
485	759
537	874
512	795
494	579
500	822
503	761
538	720
535	841
543	730
582	771
551	872
568	917
560	859
513	738
538	768
524	755
507	703
491	864
530	831
480	658
546	585
487	605
507	711
493	599
525	609
508	768
522	837
459	650
541	708
537	654
513	735
519	579
528	672
522	578
534	812
531	928
516	765
538	705
494	684
502	693
544	770
484	749
499	692
535	757
518	731
476	822
528	791
509	751
435	675
501	821
502	805
510	699
611	719
590	709
496	681
552	685
529	875
470	698
540	770
524	823
509	735
503	740
550	784
496	688
485	798
533	826
465	695
484	711
494	908
565	789
507	759
551	722
489	631
446	710
530	792
543	940
556	959
575	939
616	865
656	962
567	866
556	774
548	912
601	778
660	706
650	817
623	871
604	790
503	869
541	1041
491	664
501	722
529	721
553	779
594	814
590	752
567	693
575	819
602	837
519	785
622	780
587	859
532	725
586	762
535	788
628	793
530	808
598	863
539	830
573	882
569	923
611	999
585	988
525	857
520	635
602	718
599	881
604	850
557	795
604	781
578	881
513	835
591	873
626	768
497	722
626	892
564	913
581	699
556	727
594	850
548	825
663	681
603	880
565	827
576	638
602	617
582	880
545	686
570	895
532	878
548	982
568	1013
547	982
508	886
523	866
522	748
589	745
565	827
576	696
651	700
603	755
656	618
583	806
570	685
585	690
529	733
576	748
613	716
579	631
562	635
649	660
537	612
558	607
627	667
526	706
570	924
536	801
575	747
546	738
518	678
606	929
564	839
569	786
610	718
587	716
585	621
614	744
545	633
570	650
565	826
553	678
549	676
519	826
567	724
523	692
530	668
548	664
493	712
430	861
462	921
535	646
572	639
583	683
553	686
623	771
550	804
562	855
573	902
547	810
502	753
493	709
621	835
519	976
575	924
568	805
563	793
593	723
578	820
640	799
621	902
577	1118
572	837
612	831
634	760
597	675
609	720
610	746
553	699
544	863
538	804
628	793
573	644
556	707
619	619
571	628
601	726
607	870
597	745
556	848
551	869
566	778
597	824
592	951
493	863
483	767
533	811
530	688
572	712
615	689
613	610
624	591
655	693
601	630
574	718
562	788
559	937
627	883
558	730
581	634
492	826
567	660
603	674
574	707
561	798
594	822
570	621
611	606
682	653
641	767
700	790
692	666
734	721
758	681
786	780
724	792
790	674
725	728
739	672
802	745
675	573
734	754
818	659
848	618
826	574
860	636
856	693
855	804
850	751
908	743
769	977
799	844
896	833
933	872
914	768
920	976
946	703
927	719
786	715
855	825
860	808
875	809
910	672
883	597
938	816
955	766
887	776
902	737
928	732
934	751
939	683
870	769
921	821
874	741
888	742
871	729
894	791
880	719
976	805
990	713
1004	830
1085	810
1187	696
1158	816
1150	774
1201	679
1155	632
1112	721
1185	649
1249	803
1217	737
1085	667
1112	763
1047	891
1053	910
1110	855
1067	685
1058	601
1144	721
1143	729
1199	820
1179	873
1257	935
1286	1024
1368	969
1266	767
1386	736
1263	794
1356	705
1319	749
1144	709
1155	658
1268	742
1154	688
1189	798
1123	674
1123	943
1195	920
1164	865
1232	887
1232	902
1313	882
1327	866
1332	851
1381	892
1387	1017
1387	1011
1232	703
1259	616
1169	682
1095	796
1154	709
1169	904
1098	892
1106	707
1064	887
1065	982
1115	989
1169	936
1270	917
1277	874
1320	1022
1276	975
1259	885
1208	774
1278	815
1260	922
1160	912
1153	879
1089	825
1098	612
1061	725
1034	729
944	647
1013	845
966	746
981	681
1060	734
991	759
1081	919
1048	838
1051	733
1062	601
1146	732
1074	748
1185	830
1197	785
1075	898
953	904
918	843
933	776
876	643
797	681
915	612
861	650
830	572
855	706
884	787
854	653
756	725
748	735
726	725
743	743
757	889
687	752
749	636
712	591
672	531
590	674
620	813
607	906
597	726
587	711
618	795
659	701
624	717
609	615
621	696
618	637
702	716
624	661
652	640
660	660
658	651
681	960
660	758
712	744
721	805
666	766
688	756
619	1011
612	760
612	798
575	706
635	785
649	857
662	810
611	805
663	691
589	776
621	730
543	892
626	856
648	821
615	1018
601	690
582	931
596	858
569	903
496	867
589	720
588	797
656	897
625	763
643	852
661	655
663	673
668	731
569	733
638	724
541	781
574	824
543	679
599	897
554	1031
473	840
499	750
557	683
566	722
547	712
518	548
492	733
508	646
572	604
554	744
552	622
492	723
508	650
541	697
508	696
489	546
512	727
528	662
561	712
525	705
543	684
465	731
543	730
544	717
559	834
592	836
568	816
592	733
449	900
484	848
472	959
523	918
490	923
509	1074
476	831
554	795
527	945
571	956
579	730
532	811
498	793
509	882
534	815
551	773
465	866
500	714
526	816
603	715
616	716
587	863
519	753
540	837
563	861
521	955
511	819
451	836
506	785
499	799
465	717
498	782
521	655
493	806
480	816
516	1006
564	910
519	1044
489	1228
527	976
474	844
628	848
527	720
525	687
533	749
588	708
525	727
487	656
526	685
487	822
488	837
477	624
458	584
472	864
450	782
470	831
553	748
526	850
578	948
543	966
465	725
533	721
502	785
509	914
504	815
427	837
602	578
536	687
479	669
472	680
523	574
572	517
591	559
585	675
585	707
557	677
503	679
502	652
543	677
537	690
512	1032
507	954
604	800
569	688
564	973
523	956
511	903
502	852
487	767
516	795
542	845
529	743
601	720
478	669
480	548
516	701
484	699
544	885
469	845
493	751
508	672
499	616
520	862
514	965
502	789
517	860
519	805
550	686
485	652
510	622
502	698
501	653
507	849
483	861
535	711
494	932
497	900
494	786
471	723
507	713
513	740
529	762
470	709
510	653
561	647
574	792
504	917
551	739
544	634
505	880
500	1112
531	954
587	765
511	812
569	803
591	786
619	784
670	719
582	660
624	742
652	824
650	926
627	1051
633	1243
657	977
686	952
722	1009
598	1063
632	915
669	878
624	792
668	1015
643	1074
616	893
688	884
704	860
661	726
628	816
694	1001
718	908
624	782
635	821
674	975
618	882
577	782
577	774
607	803
633	763
630	664
592	724
638	641
574	631
592	669
629	749
659	933
666	671
689	791
684	726
629	728
676	841
761	831
934	888
900	955
825	720
807	871
782	1027
858	941
886	690
935	710
877	776
924	804
864	788
894	687
870	779
901	633
854	574
878	645
1202	812
1333	773
1376	1011
1211	759
1322	809
1642	853
1954	799
1990	834
1791	882
1879	820
2306	750
2842	800
3192	975
2834	1129
2618	1108
3128	1107
4177	1219
4842	1193
4533	1207
4240	1091
4226	1136
4499	1269
4451	1132
4512	1287
4234	1317
3990	1417
4761	1579
4977	1391
4839	1119
4515	1014
4589	1260
4944	1275
5398	1264
5387	1228
5316	1074
5144	1021
4944	997
4463	1105
4209	979
4483	1056
4893	969
4525	1149
3814	1150
3151	916
3346	859
3757	886
3680	751
3113	816
2433	711
2248	866
2176	990
1687	985
1045	877
691	838
772	806
887	899
969	985
778	845
677	771
610	880
712	914
717	792
666	741
626	686
591	587
608	891
560	686
598	741
577	681
548	619
522	715
522	691
502	697
603	553
564	731
520	699
553	713
557	696
543	714
536	790
492	886
546	820
536	542
544	611
566	768
519	778
548	795
512	837
582	747
541	648
516	793
540	668
513	671
621	775
567	890
501	784
537	811
562	869
533	853
548	754
533	872
528	753
475	651
524	610
574	759
543	845
555	738
568	840
577	689
583	759
522	735
584	636
492	703
443	851
530	768
530	787
505	787
484	650
446	645
501	732
536	653
548	749
511	715
489	680
534	658
558	741
502	810
500	946
564	856
522	824
491	807
520	645
481	832
465	820
545	643
526	626
463	714
522	772
472	840
423	897
468	736
455	713
535	852
495	768
492	763
540	715
492	689
559	646
653	720
593	795
607	880
555	991
494	818
516	878
540	856
516	907
493	864
558	748
501	594
453	606
458	736
422	702
457	848
461	906
469	788
484	733
503	656
519	665
555	601
620	684
554	805
536	793
493	816
534	771
556	558
550	723
501	694
492	657
455	802
506	744
526	722
528	648
506	729
484	655
450	796
464	816
493	770
478	851
487	841
517	745
520	688
519	627
530	518
530	592
557	651
534	728
528	941
537	799
545	753
517	876
576	629
573	754
483	578
474	623
483	777
506	938
504	855
519	771
518	846
518	654
484	718
533	649
493	684
458	770
497	753
467	800
501	820
577	788
553	753
575	718
525	803
652	725
627	702
580	649
567	633
592	708
722	767
748	833
765	887
718	720
645	762
740	752
601	795
628	896
569	915
644	843
644	848
626	1020
610	778
582	708
559	763
545	727
546	747
503	690
439	626
527	620
537	641
541	545
627	640
589	697
627	749
601	634
544	710
568	580
563	693
548	830
551	735
589	747
584	716
502	820
583	684
592	731
503	812
529	725
518	741
585	784
658	827
522	743
578	643
659	755
653	721
590	693
545	692
588	774
591	888
585	760
627	805
604	684
570	700
545	809
594	697
524	644
533	739
555	726
565	773
580	721
502	583
558	615
515	647
500	626
562	621
593	670
538	729
592	1000
508	769
580	696
597	746
574	821
617	745
572	815
559	632
593	544
530	712
559	705
629	838
560	755
550	889
542	709
640	772
566	848
636	999
605	1020
600	853
576	722
567	833
542	743
540	724
526	800
531	831
549	888
549	822
518	811
559	843
569	940
610	987
596	851
582	844
642	770
578	758
635	801
621	708
558	785
546	806
634	717
640	799
665	889
678	933
598	1004
625	852
538	780
575	832
516	815
609	765
574	854
692	877
548	887
581	844
486	850
576	743
610	762
607	830
540	753
692	747
661	645
656	798
633	731
620	832
554	778
558	575
526	666
575	967
559	672
498	647
560	664
516	657
538	763
488	817
510	838
542	805
475	670
577	801
598	903
678	712
611	921
596	924
573	887
548	781
536	743
582	734
534	811
510	599
511	761
487	681
471	750
489	765
539	722
514	715
516	776
526	667
502	649
518	663
508	709
595	834
593	919
580	789
589	867
543	757
557	686
587	632
633	717
542	763
583	725
550	755
550	739
543	686
601	809
567	778
466	744
527	661
468	595
533	590
505	564
604	696
545	686
566	607
593	794
590	725
563	638
537	749
500	751
536	761
466	860
444	633
502	839
482	694
487	746
467	670
468	737
464	732
502	783
510	810
462	833
423	727
457	799
435	813
458	834
470	770
500	896
480	895
506	845
476	865
508	965
479	928
547	860
506	854
531	948
512	715
566	621
527	830
474	905
530	960
483	936
463	981
534	966
535	1144
524	1057
514	1073
577	1026
620	1036
532	956
536	763
490	949
527	766
607	785
557	837
514	842
541	829
540	1063
489	804
492	801
466	888
586	793
502	878
505	861
558	1017
579	994
521	840
539	815
558	702
538	682
514	822
502	693
534	608
568	615
541	691
516	883
535	858
477	784
536	728
530	747
541	755
490	951
517	844
530	830
494	817
560	772
521	612
584	637
586	648
514	676
580	637
511	670
560	562
527	702
582	731
599	851
601	705
570	661
594	711
517	741
547	805
559	892
489	700
530	805
510	651
492	768
535	765
524	818
514	843
434	673
525	639
501	684
465	666
462	573
510	679
472	617
558	728
524	722
496	685
465	696
448	578
527	771
487	761
555	735
480	842
480	604
492	537
543	521
488	724
499	731
514	734
543	785
497	736
521	671
524	737
470	793
456	978
470	822
534	803
490	815
520	997
561	700
619	851
494	802
495	726
458	788
460	721
481	679
487	665
491	696
492	852
507	716
523	917
466	1076
435	772
465	691
533	828
536	796
572	969
547	786
522	654
486	631
446	567
532	618
490	561
502	600
506	693
509	758
490	635
485	738
485	781
537	749
527	731
556	646
532	742
516	710
548	939
533	732
540	859
535	912
552	926
453	672
511	500
483	741
501	790
564	846
697	960
662	860
545	748
596	823
560	760
518	748
484	794
517	720
575	783
530	817
537	905
510	819
566	797
662	618
621	605
553	616
536	723
555	638
519	659
594	761
563	624
638	557
574	493
549	600
527	502
509	517
539	665
616	630
549	641
564	655
595	709
576	787
519	651
499	658
536	664
525	732
488	776
512	701
535	897
522	950
464	691
545	657
529	743
577	883
591	710
571	690
619	632
555	727
552	586
563	652
468	729
527	728
478	755
463	778
505	875
501	863
512	1002
586	844
536	792
583	775
515	809
504	783
500	776
556	780
536	649
528	731
486	611
471	749
571	724
571	753
575	758
498	845
528	920
497	956
541	785
559	855
491	658
535	736
536	796
628	840
632	733
532	722
554	662
549	728
527	777
604	662
535	880
557	827
552	730
510	759
560	762
549	847
521	851
572	918
592	1004
525	914
580	801
581	743
501	742
549	754
539	774
514	806
578	797
543	694
560	810
577	795
583	877
551	816
570	828
548	744
521	873
603	755
543	754
487	577
605	561
571	557
564	602
592	624
594	753
518	776
618	728
582	778
526	868
538	766
591	793
596	772
590	982
524	916
579	718
623	905
617	821
650	789
601	908
567	871
647	833
647	747
576	775
671	690
707	689
597	712
648	593
589	714
566	664
551	715
606	779
576	773
655	727
618	776
621	863
712	875
578	722
633	764
724	743
682	788
748	824
807	815
704	852
679	809
604	806
620	1011
624	954
679	838
638	929
641	863
610	833
672	733
712	900
666	746
628	751
614	671
645	786
676	840
668	877
643	763
610	859
654	887
585	822
642	893
607	854
660	846
686	824
648	909
645	711
623	788
643	807
616	855
638	781
659	846
671	671
584	629
634	674
657	662
572	652
620	625
671	729
607	781
676	855
748	738
611	764
655	561
618	620
640	760
630	602
612	643
654	698
697	877
675	883
671	752
656	884
660	739
665	789
691	669
606	677
687	689
607	732
701	809
679	752
740	687
684	780
681	700
599	745
647	716
607	883
636	709
644	692
663	763
748	592
754	653
712	587
632	717
705	756
673	645
666	568
677	630
662	701
625	620
645	848
641	861
604	655
552	825
516	601
619	717
568	692
622	674
635	750
630	717
614	812
638	786
592	841
630	750
661	723
617	857
751	869
665	914
677	893
725	852
713	972
700	948
643	939
735	787
650	771
649	697
693	833
594	669
613	664
690	573
688	766
718	849
674	833
732	764
674	804
688	745
682	716
696	687
704	616
701	650
737	682
897	653
1169	696
1145	670
967	729
951	794
1112	670
1216	686
1094	732
1088	714
1081	613
1215	794
1257	759
1311	723
1367	724
1278	744
1566	770
1516	748
1575	864
1516	664
1393	894
1490	833
1583	794
1487	819
1635	740
1662	550
1669	577
1513	594
1633	696
1481	650
1428	765
1301	672
1173	636
1094	518
1057	613
1112	714
1097	741
1008	642
1027	588
1162	634
994	565
1004	601
920	712
909	645
780	756
889	687
794	628
841	610
740	508
708	574
791	700
794	817
779	801
703	762
697	631
730	786
682	707
656	733
708	700
685	665
697	738
706	781
639	839
624	780
614	874
608	841
625	858
624	855
592	678
558	589
578	601
645	616
618	554
628	634
621	784
658	584
663	599
673	620
675	698
573	854
589	735
659	541
616	553
677	642
643	712
661	687
733	678
676	816
662	706
679	653
636	619
752	686
724	778
746	665
698	716
718	788
682	798
736	711
654	698
595	841
644	810
596	976
598	800
735	794
639	939
682	943
622	849
667	681
685	920
672	660
668	584
667	641
688	638
696	666
678	637
700	689
653	770
682	640
708	589
685	601
690	564
710	627
682	639
718	729
716	707
728	733
653	578
790	562
775	566
711	569
697	626
704	722
718	899
809	898
774	822
766	741
778	785
813	689
789	701
808	727
809	654
751	853
733	778
743	798
728	799
700	793
682	789
648	826
598	818
697	757
699	784
740	564
636	816
682	899
650	981
715	954
650	1010
611	953
689	1029
693	991
646	828
712	820
667	788
602	815
639	831
655	904
663	681
688	673
629	743
682	693
674	846
712	746
640	723
661	856
687	745
632	752
651	833
625	728
625	636
699	811
681	723
667	707
674	644
664	551
651	591
720	515
739	664
675	712
682	636
693	591
776	660
778	813
756	671
810	637
738	632
768	605
708	664
742	682
735	677
656	825
643	600
634	635
684	688
732	724
711	729
768	799
699	829
726	870
719	703
597	810
681	757
685	781
667	698
695	721
643	588
668	601
676	711
591	737
708	599
746	679
746	655
697	777
701	777
701	840
666	897
700	914
717	848
745	884
736	741
673	777
704	843
684	829
737	815
715	913
612	808
637	628
625	785
595	779
582	903
674	823
600	863
578	832
544	923
672	866
683	846
613	931
659	975
652	806
660	675
658	771
666	779
667	756
685	728
680	757
642	928
690	912
628	631
625	666
681	734
711	693
639	821
638	677
705	722
676	634
663	666
708	648
629	686
670	836
628	836
779	888
703	1018
659	962
677	974
657	691
645	705
693	833
684	965
687	835
673	863
633	816
656	713
661	772
655	682
611	700
573	739
569	655
579	816
613	715
618	712
556	714
520	900
544	889
592	818
594	819
596	707
595	728
601	781
630	656
595	657
649	649
622	763
637	817
617	711
614	867
619	873
618	689
635	900
608	809
474	820
483	750
545	750
595	762
641	736
597	717
617	707
615	728
587	784
606	625
656	743
587	726
555	575
541	730
620	904
569	749
650	499
599	620
543	695
571	686
534	617
610	600
647	820
592	830
603	674
540	805
553	793
585	757
642	843
613	764
547	852
561	661
611	675
542	688
546	618
483	796
473	795
486	921
554	800
530	787
533	655
610	639
570	720
559	734
507	655
574	711
538	707
541	705
524	855
518	647
490	641
578	695
506	629
498	706
524	667
498	731
500	579
531	645
489	746
495	713
592	681
549	648
531	626
531	692
537	748
612	747
566	738
581	632
594	793
530	769
534	876
551	888
627	923
570	977
593	931
554	851
588	758
565	661
508	543
570	705
567	593
618	767
620	722
643	768
669	846
629	749
690	646
673	679
682	657
685	628
710	729
783	788
862	785
820	854
772	821
747	683
759	686
699	640
664	536
669	533
642	734
664	684
631	791
662	553
636	655
605	697
569	666
599	659
531	715
562	764
593	736
547	793
483	772
468	790
469	811
475	789
498	788
522	848
509	750
518	732
549	782
591	661
523	687
597	663
565	699
572	750
621	766
585	816
619	816
623	696
630	826
561	735
613	707
594	680
598	653
520	648
531	699
500	606
515	628
522	899
532	801
468	633
517	609
516	663
577	808
608	902
553	915
499	821
517	839
512	794
493	730
489	763
504	557
521	618
564	844
534	910
504	701
575	855
528	880
495	683
507	576
500	468
539	571
554	640
553	569
571	712
509	711
559	806
543	665
556	659
545	713
578	670
581	502
560	620
505	611
476	604
488	479
549	495
541	637
436	600
458	530
468	618
524	533
508	524
508	610
571	615
536	625
519	767
532	683
548	681
554	770
519	793
552	751
551	803
515	765
561	833
531	799
585	781
578	764
475	821
463	646
632	619
577	613
644	776
562	848
624	716
633	559
609	727
644	778
695	733
689	655
660	635
634	696
604	578
634	749
557	579
554	575
603	612
539	625
605	617
587	669
586	664
518	476
542	641
500	505
543	509
609	630
621	609
609	720
572	803
517	686
551	707
554	715
599	714
566	722
558	726
581	595
609	640
575	881
554	915
562	711
564	766
628	742
682	774
595	662
696	647
684	568
713	689
735	815
738	814
734	606
610	637
631	679
664	783
658	743
689	678
749	617
678	766
642	917
610	801
676	781
704	722
593	623
661	555
615	619
637	693
621	665
542	703
489	726
569	702
564	730
575	766
541	676
493	781
509	805
568	803
564	798
571	686
527	795
499	734
517	603
552	693
548	601
555	752
505	729
545	671
521	638
568	643
527	560
544	610
576	764
592	800
558	712
542	771
598	812
553	789
560	764
538	793
507	630
546	615
558	643
598	723
544	693
593	743
610	656
599	692
616	711
617	597
660	688
667	546
757	494
759	623
603	598
586	631
647	651
650	734
637	711
661	572
617	674
667	737
564	776
553	760
663	667
605	824
574	930
589	812
599	703
630	568
676	686
596	726
622	697
537	607
575	708
604	619
591	540
595	621
553	738
539	712
550	657
528	560
555	624
592	556
575	635
540	722
534	619
549	818
473	604
549	653
500	576
577	532
599	597
593	671
627	713
543	505
632	600
625	556
548	688
589	571
619	738
632	674
577	638
610	660
592	745
610	654
646	595
536	639
621	615
596	673
688	583
672	572
627	646
620	647
599	877
575	820
577	616
651	739
612	703
579	773
620	879
601	787
598	855
564	990
608	868
632	974
663	877
624	831
592	729
571	836
583	778
663	802
594	783
657	811
669	761
693	931
649	763
639	736
653	597
633	633
754	740
650	718
696	873
744	840
622	805
691	859
637	1039
698	944
649	726
636	812
604	766
686	734
713	754
665	765
659	833
623	908
602	846
639	652
668	732
683	878
707	832
648	788
645	739
708	947
707	793
723	729
751	794
670	955
675	879
673	755
678	735
643	658
649	579
663	633
677	643
671	684
677	723
696	642
728	803
723	866
692	653
703	754
731	726
753	647
688	565
677	751
660	686
683	747
686	899
637	598
620	650
640	647
694	671
689	796
649	693
669	744
711	868
623	822
704	847
742	769
697	774
681	693
688	600
734	695
676	660
632	725
674	719
657	650
692	749
689	743
712	1012
706	868
679	847
616	701
644	717
604	740
623	706
683	748
729	709
701	696
652	772
692	718
728	797
712	669
747	865
688	850
751	739
699	800
664	805
746	947
775	715
778	706
719	776
673	726
683	868
793	866
711	795
745	834
689	756
738	983
728	836
714	688
750	740
772	612
740	799
724	704
729	553
658	555
732	649
738	622
725	498
761	546
742	529
810	787
753	633
739	652
727	751
693	730
682	816
773	649
708	812
780	809
740	971
764	928
809	769
840	752
850	813
901	985
909	710
835	667
876	614
876	597
832	711
787	542
790	793
784	863
835	697
766	693
804	729
837	682
751	801
792	730
844	701
753	607
859	594
997	650
1074	700
961	871
995	861
926	657
928	758
932	786
969	752
859	773
815	684
827	625
753	732
788	628
745	717
754	712
745	742
783	736
727	718
743	641
800	740
839	629
844	697
877	640
916	596
878	722
826	727
905	716
844	699
824	840
794	948
879	743
863	723
801	735
798	630
812	628
826	643
807	617
781	544
770	541
810	757
876	720
914	636
926	641
838	533
873	584
876	545
921	580
811	434
855	553
900	555
789	641
824	616
776	612
765	700
725	506
800	479
756	628
743	665
749	699
804	684
758	618
731	689
799	678
708	676
728	751
755	741
847	738
746	883
745	721
736	843
738	764
686	665
784	693
733	605
672	673
621	811
755	893
751	692
689	524
727	533
654	557
682	580
792	604
795	654
706	573
693	625
695	550
711	654
700	870
760	726
841	574
887	581
823	702
809	680
834	854
892	884
953	915
869	857
943	760
919	825
904	741
947	754
923	758
964	561
889	780
962	808
930	876
986	839
921	782
904	856
903	738
980	677
850	676
890	703
914	559
880	577
812	608
868	714
922	698
785	641
790	576
833	537
899	501
855	602
763	612
799	651
914	573
911	706
907	635
949	609
891	668
838	726
821	867
906	714
934	770
893	696
942	779
819	776
790	704
773	797
859	837
893	871
883	767
848	900
862	677
873	631
805	617
875	702
828	955
869	998
779	1070
780	952
829	742
818	674
731	746
690	780
681	1069
798	892
784	815
784	768
754	753
725	713
791	641
741	858
661	884
826	868
700	785
692	906
762	768
749	790
696	727
647	870
707	843
689	868
770	805
671	619
694	623
703	834
713	753
655	679
717	762
690	771
709	772
750	693
642	678
661	674
726	678
705	604
709	534
620	643
684	679
579	788
640	717
632	570
637	643
622	655
615	587
571	622
597	627
493	638
570	725
581	669
571	813
575	697
638	677
541	692
627	655
581	578
623	590
599	538
617	495
592	604
614	705
594	641
720	553
637	575
553	673
701	811
581	752
634	708
564	687
557	658
553	839
541	756
481	781
471	840
507	848
576	753
471	613
493	684
519	662
565	630
524	716
606	643
534	774
595	691
567	573
527	519
521	624
548	604
533	536
530	613
522	634
599	537
542	815
587	860
637	800
560	778
582	650
579	822
535	750
520	965
522	1022
503	1053
480	919
567	948
540	873
539	832
523	833
572	812
614	958
560	677
560	945
520	963
509	738
550	724
491	821
524	731
516	764
460	780
535	663
566	807
580	672
577	672
583	911
549	1053
533	837
525	842
533	641
500	766
504	747
491	612
533	668
593	763
519	744
563	659
546	724
489	552
570	682
533	668
513	784
528	768
605	626
492	652
492	633
545	655
484	708
541	735
551	630
531	596
575	636
561	664
550	674
514	740
589	700
518	539
532	586
546	666
514	782
568	678
662	665
621	696
581	688
559	684
580	617
571	542
558	532
518	596
544	655
592	690
490	713
564	624
523	541
542	743
496	670
524	604
530	718
509	711
550	661
484	793
482	750
529	654
556	718
566	860
485	728
485	719
496	587
585	664
622	613
537	787
591	626
595	664
575	571
498	732
485	878
511	895
538	847
566	777
562	596
577	854
508	845
507	716
583	779
486	606
554	712
540	709
506	745
555	516
511	650
561	642
576	803
567	761
581	838
513	692
557	678
535	594
470	542
566	700
452	715
539	796
497	739
535	698
503	773
516	696
513	821
480	776
511	799
480	840
499	879
558	817
516	674
479	652
477	732
439	686
564	555
512	551
580	669
545	635
508	606
553	580
596	557
530	559
595	509
620	626
564	633
550	596
508	561
580	649
543	724
550	815
579	698
604	871
584	729
583	617
546	713
570	594
527	737
517	680
613	685
538	577
539	609
566	769
584	705
544	556
568	603
487	539
570	476
559	509
609	587
538	705
536	810
558	728
562	750
500	796
551	668
576	749
574	621
524	734
573	872
524	799
618	750
602	904
573	722
509	755
566	647
573	701
548	657
575	664
515	760
599	853
644	694
545	824
642	942
604	961
587	663
559	744
573	923
526	725
531	751
562	808
632	853
565	725
530	690
551	661
497	742
545	683
524	629
574	614
620	734
579	705
588	711
659	809
589	798
571	748
590	749
500	702
538	739
589	823
523	745
560	687
538	620
524	518
590	634
671	754
600	794
522	775
555	717
541	691
577	589
530	670
549	669
522	628
547	540
524	545
523	633
602	651
575	697
520	674
570	746
551	653
588	778
559	786
578	758
523	698
566	786
522	700
566	803
526	797
490	638
523	643
525	772
511	690
550	630
536	631
542	676
556	688
512	697
508	784
447	769
448	738
556	899
533	911
521	887
527	701
508	621
560	628
511	678
494	695
457	672
542	782
462	757
498	763
537	926
515	687
562	793
492	842
494	669
473	614
518	795
544	783
541	947
518	905
532	903
527	851
552	898
558	982
455	767
548	827
527	788
519	762
528	827
544	726
474	635
486	676
570	750
543	785
622	828
610	941
584	815
560	757
528	640
558	683
514	775
527	606
544	850
547	847
474	833
497	723
512	653
522	713
468	785
464	784
435	742
517	740
579	798
521	850
508	876
446	734
475	756
513	623
503	769
554	760
488	752
472	742
469	864
511	825
504	691
577	859
450	675
480	706
549	888
519	1001
521	875
603	763
526	904
562	973
539	793
594	758
502	732
567	774
553	771
552	865
579	862
510	565
510	725
491	669
494	689
482	759
557	759
615	808
601	985
535	896
525	932
525	775
563	605
532	766
584	807
514	754
581	625
505	627
535	714
546	722
540	664
520	725
572	763
582	822
587	615
580	655
589	744
551	825
583	745
548	753
533	619
448	578
571	656
542	776
554	579
549	624
545	661
549	696
598	867
591	618
525	432
533	559
586	523
599	520
575	669
546	616
519	675
492	613
483	601
555	585
537	583
511	668
474	712
521	808
543	681
493	770
567	755
569	981
516	935
529	875
563	861
567	794
541	797
566	774
567	1058
553	971
575	878
546	910
531	746
540	775
531	813
516	815
511	825
504	644
550	701
517	513
520	591
503	802
501	721
519	601
541	553
574	800
568	761
653	582
621	726
637	798
586	885
644	755
636	849
565	892
566	782
594	752
549	760
531	665
581	841
638	1027
642	899
589	930
640	1009
611	775
564	650
577	538
597	777
589	770
532	793
530	746
533	641
521	819
532	808
636	749
563	955
602	909
542	853
536	884
585	668
551	598
534	532
499	571
526	605
505	579
601	665
578	645
509	619
523	549
493	571
489	569
487	683
523	790
559	709
558	703
593	823
509	709
524	651
577	678
569	666
540	740
580	944
503	634
538	769
576	1026
583	958
606	895
581	698
600	704
519	724
570	663
660	729
678	690
594	833
539	820
589	793
541	746
566	774
596	730
552	809
595	762
607	572
540	781
553	727
535	738
573	776
501	821
526	683
554	807
557	869
592	974
537	569
526	679
545	699
530	758
525	754
549	758
531	754
547	812
602	782
521	744
537	666
562	1046
546	831
572	931
554	980
527	615
541	686
631	639
613	607
580	630
560	580
612	730
586	652
557	700
584	948
618	730
553	738
551	953
565	855
523	760
586	873
544	777
587	777
625	844
629	638
596	694
575	756
569	690
630	749
577	767
551	724
493	827
510	750
575	814
568	658
564	682
598	698
582	662
513	791
528	770
513	810
515	986
510	795
527	889
588	760
560	840
546	863
517	775
455	717
463	706
520	608
591	760
526	634
526	665
461	573
491	684
550	826
501	723
549	756
537	839
491	952
557	765
512	736
489	621
548	662
501	775
558	820
488	713
491	651
533	802
493	634
525	821
539	764
548	771
537	889
553	935
524	857
581	732
524	701
501	686
495	660
524	785
560	695
479	777
494	819
483	845
535	760
480	714
538	673
494	729
408	670
485	601
466	633
479	710
500	680
543	740
508	733
513	604
499	704
480	821
467	870
492	799
469	792
470	623
499	768
488	839
457	862
468	784
485	651
585	649
530	806
519	712
495	627
541	592
497	545
529	660
505	616
508	820
467	733
547	637
508	654
486	671
544	668
552	608
536	570
542	550
561	472
576	650
512	649
581	615
615	693
548	635
596	707
580	727
626	730
502	726
594	898
522	800
586	606
528	680
534	578
468	581
518	723
542	685
558	723
538	663
517	699
577	742
518	759
527	753
496	884
498	646
515	731
569	754
507	612
555	808
500	633
540	678
574	671
534	677
475	659
467	595
506	617
509	663
518	683
489	600
459	649
432	692
438	685
477	556
508	573
533	588
496	649
539	863
530	759
534	712
488	710
492	805
536	687
473	680
550	880
563	803
640	787
554	645
574	744
533	693
533	688
486	548
599	625
561	623
511	598
556	638
594	738
579	835
612	912
570	1120
634	763
626	660
582	626
540	665
547	687
624	938
559	798
646	755
564	763
648	702
657	790
547	765
523	754
573	616
632	802
618	742
575	745
572	890
584	842
564	793
570	797
574	794
559	907
597	843
602	672
543	779
626	694
602	647
623	645
582	641
628	679
671	930
657	1013
678	908
645	846
578	712
594	695
522	778
566	787
530	652
529	760
512	840
508	714
489	638
577	850
572	896
568	895
563	921
589	840
578	745
567	787
619	794
654	814
545	876
583	921
527	855
611	866
533	898
629	964
543	872
562	828
522	861
580	695
595	683
711	803
629	755
655	588
613	645
598	712
599	722
623	801
692	735
602	755
601	692
591	675
608	755
510	829
594	776
546	826
499	820
542	656
542	598
475	717
579	585
578	649
623	657
593	713
679	695
753	619
734	847
793	661
705	700
810	743
824	670
939	779
1015	596
950	602
934	608
1041	679
1125	767
1064	663
967	708
1016	760
1131	654
1205	644
1240	698
1150	764
1119	953
1142	665
1185	659
1202	579
1223	690
1239	593
1189	734
1251	742
1297	653
1365	732
1575	747
1704	660
1981	823
2107	933
2104	790
2048	705
1814	752
1868	734
1715	834
1586	925
1484	919
1350	1048
1217	953
1249	890
1176	743
1112	692
1128	836
1179	936
1312	831
1521	934
1705	810
1965	726
2180	616
2424	779
2584	780
2687	817
2590	761
2402	626
2287	710
1898	845
1656	812
1343	895
1212	721
1204	823
1123	772
1141	711
1188	616
1169	709
1270	693
1366	708
1607	697
1785	806
2110	900
2356	770
2420	741
2415	927
2424	897
2284	837
2166	802
1985	836
1667	817
1462	653
1362	623
1210	704
1056	701
947	591
926	712
951	672
953	676
1007	777
968	730
990	599
1125	637
1032	690
1059	715
1003	605
1035	777
996	698
1030	611
957	683
951	837
858	757
816	788
830	896
805	788
776	906
746	821
759	689
691	833
721	691
707	662
747	672
726	832
696	1093
670	955
766	921
764	943
732	910
773	821
691	775
669	876
612	689
620	745
687	725
656	702
637	696
648	671
657	716
591	752
702	752
639	881
603	853
546	894
565	889
566	812
624	1096
679	1000
560	820
605	865
668	799
643	704
639	751
685	749
703	733
617	682
592	712
665	681
655	819
609	725
703	967
693	722
678	691
645	837
713	651
668	787
708	773
653	738
692	745
653	839
624	714
674	836
656	675
636	704
662	724
684	710
703	709
682	671
670	659
712	723
835	857
777	943
735	775
840	886
827	871
843	745
716	744
748	731
839	819
816	920
901	755
886	654
895	740
848	745
945	689
955	586
1089	592
1081	596
1112	552
1416	668
2030	795
2651	878
2617	935
2107	1015
2041	817
2791	941
3000	960
2274	1106
1686	942
1771	917
1948	860
2042	672
2512	812
2577	874
2722	868
3442	928
3519	1041
3237	823
3077	919
2440	876
2319	841
2533	947
2672	1027
3003	973
3346	953
3041	1000
2267	926
2003	704
2423	899
2373	872
2063	964
1711	1087
1595	936
1614	992
1973	1118
1998	936
1683	831
1462	797
1631	692
1939	890
1789	966
1366	738
1068	744
1100	722
1012	741
1020	773
964	736
897	747
974	618
939	641
970	709
872	590
913	448
820	600
802	643
805	838
855	745
899	640
896	683
857	730
914	631
891	657
817	728
979	614
963	749
890	654
891	765
867	728
826	671
800	811
739	797
773	668
834	673
787	909
806	952
765	824
712	788
659	735
701	723
725	743
788	905
760	759
778	643
703	690
748	735
771	598
886	745
891	915
816	876
762	763
730	637
860	589
859	692
798	656
817	689
821	793
799	706
779	786
809	834
789	715
780	534
768	666
833	711
802	764
830	744
807	967
731	1114
811	806
847	606
694	606
853	721
798	794
837	750
803	741
767	963
698	715
782	589
822	605
815	759
784	778
837	678
844	709
846	680
853	747
838	624
763	554
798	647
779	601
772	652
759	505
799	514
833	590
782	650
785	681
878	733
779	677
789	536
773	521
809	431
830	464
855	368
792	518
839	554
901	489
836	476
830	609
801	548
823	601
765	484
827	473
782	547
786	566
772	546
802	625
779	640
691	565
719	529
812	724
753	681
805	622
727	585
814	684
752	738
789	824
772	677
806	639
779	631
765	765
797	760
776	752
789	727
741	829
690	972
712	769
742	718
789	787
809	659
782	773
758	825
803	993
742	887
834	869
808	982
760	1042
712	931
661	965
693	887
663	777
735	947
731	814
682	713
633	724
715	580
698	678
752	741
735	650
749	773
775	819
755	688
665	648
704	542
663	693
647	784
680	747
665	684
685	761
642	832
676	705
722	636
679	717
703	671
634	797
708	694
680	891
642	851
703	795
657	627
727	615
712	734
641	655
681	698
629	668
649	624
646	586
652	642
650	728
660	737
694	680
626	774
648	613
614	700
660	589
638	618
606	782
696	834
633	850
630	725
625	854
620	845
641	740
604	667
663	646
682	744
663	690
638	642
617	561
634	697
634	655
565	715
707	588
610	589
676	850
599	628
635	694
682	662
710	800
674	753
666	697
590	663
639	679
607	849
544	669
576	676
551	747
567	665
561	734
595	832
588	896
624	838
558	844
564	831
522	776
553	840
601	638
612	748
667	849
554	824
557	977
624	869
579	954
638	923
659	702
582	857
525	783
529	739
486	725
549	850
582	747
511	773
575	745
630	798
514	799
486	949
540	899
557	843
612	829
628	777
500	873
506	930
531	846
552	886
599	960
480	813
531	791
534	763
564	636
496	683
579	778
478	737
519	740
492	852
576	743
539	716
534	816
566	735
541	737
499	724
523	771
614	687
540	593
563	704
504	685
500	576
484	731
553	643
509	672
481	773
504	764
528	743
529	709
544	659
532	659
495	714
555	647
551	709
485	624
524	671
552	662
574	596
543	739
534	770
565	767
565	798
563	822
547	833
576	744
614	683
599	906
523	880
548	813
551	695
525	583
514	701
623	669
542	643
500	593
549	547
490	684
518	810
495	796
517	734
522	757
510	863
511	731
525	743
513	589
529	624
525	913
535	914
544	838
563	815
583	794
523	698
519	721
564	714
474	682
506	641
539	745
512	777
571	963
512	938
593	881
550	685
510	756
513	881
557	900
487	854
520	871
520	948
535	1121
533	807
533	832
542	884
526	739
548	765
590	726
512	729
489	700
539	624
510	832
539	767
553	675
540	865
535	693
518	699
522	596
547	594
507	717
544	640
549	600
515	548
559	534
496	690
590	537
650	628
623	677
636	662
586	689
512	732
592	752
582	592
549	632
522	736
551	713
539	612
584	547
539	520
612	596
608	577
508	733
557	624
504	570
514	642
562	797
526	717
557	505
544	565
605	659
590	559
548	556
562	624
573	569
582	705
582	810
610	693
624	599
620	586
574	571
546	697
514	711
469	632
578	674
518	671
596	552
546	693
581	641
576	724
515	845
526	641
618	666
531	583
555	644
525	720
574	862
544	858
502	823
491	829
487	827
532	911
610	775
508	705
601	811
636	633
570	833
527	797
544	892
617	857
542	889
538	697
566	995
536	764
559	809
507	899
595	901
510	889
538	802
602	677
565	715
603	713
613	665
596	613
588	633
534	677
591	716
531	765
553	774
650	795
647	743
575	843
544	887
575	856
581	852
692	948
617	772
552	690
563	752
606	821
686	792
641	829
551	764
559	642
560	836
558	902
571	674
569	687
592	701
566	684
701	776
642	911
642	809
600	773
642	838
677	666
604	716
608	768
700	828
673	680
690	889
638	840
617	956
611	817
546	827
624	639
599	815
570	791
590	888
688	787
661	661
629	610
652	629
691	644
694	675
626	761
691	647
619	599
629	756
645	742
616	638
639	666
601	650
602	752
632	656
689	524
654	695
603	776
570	603
580	746
683	737
771	831
787	730
772	725
797	748
726	908
747	947
823	863
829	640
729	707
783	743
708	548
691	702
587	648
701	886
699	1005
695	926
679	768
644	696
545	866
612	751
663	798
677	821
633	785
642	783
634	1021
643	1057
602	981
701	1013
645	865
621	801
639	817
630	903
528	788
565	872
613	875
607	981
600	830
534	673
553	687
590	921
640	920
622	848
592	782
613	676
608	734
614	732
632	847
589	697
565	839
543	794
517	753
542	706
565	689
617	657
551	649
546	744
559	718
621	763
554	937
613	729
604	761
574	688
601	767
602	706
509	655
497	528
569	617
564	636
584	579
612	727
606	860
638	674
614	609
575	617
604	618
615	671
522	768
556	637
564	585
551	498
595	477
600	506
537	591
610	804
520	768
497	735
545	639
571	641
487	592
566	620
508	653
510	616
543	586
567	577
523	682
530	706
573	753
573	744
525	531
534	588
595	585
506	603
589	544
542	645
551	586
525	543
522	639
523	606
521	656
477	627
523	570
508	497
590	598
496	767
523	735
479	750
495	794
489	729
552	692
498	715
565	848
557	798
498	852
606	734
581	698
519	718
584	660
617	697
591	685
554	728
483	678
538	733
530	944
527	841
510	976
532	923
561	899
528	759
507	785
513	780
626	727
633	745
541	754
476	783
575	779
523	864
548	677
508	770
554	613
585	591
542	551
544	695
585	790
579	829
508	791
553	762
515	708
497	570
550	565
528	554
559	767
526	900
483	694
527	587
550	715
484	800
528	688
507	605
543	719
542	856
508	852
537	753
489	773
564	859
514	692
474	723
536	807
588	774
579	931
515	870
529	932
592	782
481	705
511	625
481	695
534	702
561	613
511	562
470	654
521	723
543	689
483	727
519	628
531	699
512	511
552	494
571	524
579	589
610	726
575	717
615	670
500	604
538	531
505	630
519	644
511	686
460	586
485	522
491	713
462	554
512	567
540	619
636	764
525	466
607	602
484	696
602	681
548	838
545	760
494	825
556	717
543	711
533	653
514	680
509	780
542	774
562	604
534	693
495	746
523	822
570	720
479	678
513	608
544	676
581	773
514	739
570	806
563	681
548	753
488	718
512	636
511	553
531	812
539	803
569	867
522	643
532	761
551	843
545	627
535	629
539	623
494	430
545	524
587	599
456	674
529	658
571	566
522	681
535	779
515	601
527	636
639	725
523	957
560	986
594	956
565	914
617	732
579	798
611	813
592	860
579	836
598	819
608	773
518	914
570	911
589	880
581	1030
559	830
599	852
570	1152
554	1034
571	858
535	775
541	810
576	634
585	712
559	620
564	683
653	678
543	824
566	631
572	773
547	781
525	701
494	676
522	732
461	681
479	693
528	752
473	762
464	810
487	752
548	695
544	636
494	725
449	612
559	725
586	691
543	673
551	679
520	644
550	671
570	646
584	734
534	589
535	699
598	764
552	770
579	760
644	681
579	650
550	555
580	532
667	605
618	583
667	623
698	682
648	589
580	693
613	612
522	659
619	580
608	623
589	604
592	784
646	537
625	686
619	628
652	522
560	554
653	602
676	632
629	629
651	526
628	582
652	779
653	825
652	633
658	607
642	670
688	811
648	824
631	701
602	872
614	736
616	629
641	662
559	775
634	695
583	763
602	872
585	765
573	830
526	674
507	766
461	692
528	593
568	723
526	613
555	805
542	774
538	693
489	557
570	520
545	567
487	576
573	587
543	613
525	744
500	661
543	703
567	732
523	659
572	721
562	784
557	722
555	746
491	809
489	668
555	672
562	828
519	857
575	772
542	753
491	634
474	756
488	875
550	690
528	635
491	610
547	679
554	794
526	832
511	721
454	681
556	690
522	644
488	749
484	834
467	749
537	701
536	815
535	767
488	750
556	705
461	662
535	714
561	699
546	680
559	648
575	798
577	739
508	792
576	774
562	544
549	632
559	748
462	952
521	774
594	623
523	757
590	733
524	734
549	725
558	881
588	1075
572	838
509	967
601	878
572	682
580	609
572	878
566	686
569	710
619	802
563	645
451	604
499	524
496	585
542	676
511	581
450	786
493	602
454	575
446	516
437	485
511	636
563	675
550	671
571	585
534	684
582	779
579	716
529	607
555	621
571	757
536	611
530	652
515	687
531	775
510	617
547	645
542	753
481	639
601	667
551	586
452	709
507	788
485	813
477	889
502	794
509	873
507	958
516	1035
502	918
520	858
553	931
531	836
550	794
605	686
527	707
513	715
487	739
500	922
483	739
503	616
533	544
526	553
557	612
550	626
530	555
600	563
524	463
538	438
532	711
516	616
552	580
544	496
593	713
526	587
606	688
574	621
567	755
515	794
583	842
528	868
585	804
499	815
483	667
491	736
501	784
538	883
489	661
569	745
515	557
563	613
514	612
566	743
545	727
542	715
522	680
547	836
525	827
552	808
535	502
500	701
505	801
491	821
551	989
523	808
582	665
600	824
577	787
531	710
598	746
652	599
583	601
620	585
612	595
623	618
620	567
674	684
632	810
616	710
520	737
570	669
524	500
508	523
513	605
548	545
634	545
501	625
584	771
539	718
620	601
582	632
589	665
582	616
641	581
612	661
691	739
644	913
659	865
670	801
560	742
584	683
599	870
569	1039
629	830
603	777
513	804
597	788
574	699
524	745
642	880
634	751
603	810
636	826
665	760
603	686
616	708
659	801
610	744
593	761
579	715
613	809
567	846
547	843
525	637
504	680
579	736
590	682
516	761
498	826
631	774
582	914
583	911
551	847
564	838
573	906
548	913
502	852
590	842
566	808
539	858
565	760
512	705
546	712
542	682
508	743
502	861
432	779
476	752
579	721
520	597
545	723
588	698
512	702
519	826
566	875
477	727
541	762
569	706
504	713
606	742
552	733
571	736
561	770
564	763
571	698
577	644
563	767
524	578
478	667
536	662
568	753
546	741
487	687
534	662
529	631
538	611
503	544
578	566
588	720
566	753
469	685
512	701
503	678
448	610
488	649
492	646
533	664
611	585
593	560
544	611
608	760
595	669
613	677
540	629
595	760
570	613
663	713
630	645
558	627
640	610
667	709
635	759
655	803
629	816
578	840
578	995
561	899
567	934
624	810
568	739
598	705
616	645
618	626
700	651
690	630
615	724
639	756
545	497
564	507
598	623
575	725
545	602
537	534
598	541
570	608
544	682
493	820
529	850
516	795
556	703
527	853
544	704
463	847
553	936
557	771
554	721
568	774
561	983
581	807
603	809
634	788
576	728
612	732
671	938
736	894
753	790
701	750
798	847
865	955
769	942
712	770
781	772
861	698
815	628
823	766
814	569
806	749
828	758
698	668
634	646
729	654
717	666
687	778
717	848
699	695
639	706
602	735
672	612
633	645
577	770
564	732
601	597
595	682
555	749
554	709
575	702
626	767
549	804
507	682
551	740
507	626
560	799
625	710
585	762
583	730
587	620
604	586
522	550
579	682
564	551
591	685
535	670
587	691
565	690
609	807
585	842
538	659
607	661
586	761
592	625
587	597
575	563
529	514
549	750
534	736
494	598
544	600
602	777
598	865
567	790
509	597
612	637
588	652
586	751
637	658
582	645
598	663
553	614
577	756
575	648
568	820
589	781
598	785
602	724
560	583
562	693
529	760
530	659
482	581
518	684
562	653
584	466
465	646
580	739
534	598
491	617
568	686
547	684
532	620
585	637
568	663
480	543
524	652
582	636
507	651
515	712
602	511
615	591
600	617
626	642
584	623
621	612
592	660
523	712
527	614
553	859
556	633
518	636
600	853
573	738
515	792
583	830
569	686
570	533
594	634
626	543
555	640
613	636
545	702
598	841
565	693
644	1030
579	793
638	613
530	625
602	665
533	712
566	778
549	832
567	706
557	586
561	618
555	681
569	685
565	803
592	665
627	866
562	702
564	749
522	564
538	742
579	873
590	866
548	685
591	707
538	826
557	956
537	729
509	873
534	760
591	931
556	877
623	764
684	706
555	690
553	767
507	840
491	626
593	687
532	814
553	622
510	585
557	509
573	682
611	531
606	732
600	835
530	686
588	752
552	663
600	877
635	873
614	742
666	814
631	712
667	777
619	877
610	895
643	935
606	1004
611	1075
587	977
611	850
622	787
593	766
693	655
718	739
716	736
705	674
790	857
809	875
797	834
816	783
717	602
711	695
803	536
865	702
976	691
981	757
935	733
1000	785
1065	921
1130	1056
1143	895
1111	1116
1122	974
1170	987
1130	995
1282	827
1179	993
1239	977
1248	732
1291	913
1398	968
1395	1015
1369	1182
1550	1012
1652	984
1844	785
1722	939
1702	975
1870	1099
2195	1270
2247	1001
2084	983
1880	955
2041	1236
2240	1008
2432	923
2343	990
2160	798
2121	1036
2160	1080
2020	974
2067	787
2253	842
2382	972
2474	1016
2585	1167
2809	936
2820	1039
2996	892
3090	760
3180	849
3216	937
3109	950
2940	873
2873	803
2974	795
2845	707
2783	853
2610	719
2723	658
2685	825
2691	816
2714	788
2824	856
2851	857
2758	925
2778	823
2733	1034
2726	1012
2928	1048
2719	1057
2580	980
2604	1112
2547	1091
2734	927
2578	826
2369	897
2248	1028
2220	802
2197	715
2026	772
2077	912
2081	884
2007	803
2014	805
1931	795
1685	1021
1472	735
1324	703
1480	685
1465	797
1430	766
1344	679
1500	729
1342	695
1516	642
1463	594
1422	718
1207	664
1288	733
1271	813
1169	750
1162	744
1027	639
1075	552
1133	628
1083	877
1051	742
1017	677
940	683
879	739
868	814
833	717
852	754
778	799
836	642
883	615
881	667
895	632
869	716
852	811
786	892
860	811
843	688
718	641
821	695
849	903
792	901
785	751
776	724
636	703
775	661
763	789
643	803
650	619
745	595
677	696
681	704
631	527
568	764
554	762
618	747
592	664
631	764
604	741
588	558
614	666
563	577
590	549
619	573
659	636
630	601
615	601
581	668
643	669
627	674
625	516
651	594
613	528
615	669
646	644
691	595
682	587
638	626
610	653
639	653
666	754
687	705
688	854
624	768
575	725
653	608
618	591
606	616
598	725
548	724
595	861
616	898
622	817
608	807
588	721
581	831
606	793
550	906
583	763
578	617
615	648
654	602
606	845
610	718
690	758
595	736
590	627
606	488
647	520
639	657
616	757
601	723
571	702
545	649
543	795
582	840
606	857
671	799
646	713
608	756
597	627
622	504
644	650
566	803
590	755
655	827
580	835
612	693
551	703
575	861
601	811
577	837
534	852
533	756
564	816
554	801
587	957
558	1052
608	1049
575	1011
582	1172
568	1149
504	1269
487	1123
581	1032
560	1103
563	871
527	807
567	859
591	664
603	614
605	672
536	616
626	808
538	784
599	826
535	815
632	860
654	983
588	809
613	750
553	658
553	655
583	828
537	840
547	722
527	636
574	526
562	718
545	754
491	768
526	707
510	682
605	664
513	807
544	789
559	856
666	740
566	540
616	704
595	738
526	769
578	675
590	613
540	756
613	730
565	823
597	729
663	753
589	776
580	884
546	589
637	727
602	775
626	720
611	768
597	858
559	838
611	811
641	865
590	779
615	822
649	811
595	720
599	765
559	699
625	845
585	881
576	866
561	879
567	895
533	712
617	844
568	945
591	1051
518	990
519	702
564	749
502	744
567	724
615	659
583	594
638	815
606	862
599	745
578	847
579	728
548	709
533	672
584	721
581	590
562	652
580	618
618	741
543	758
633	741
591	653
577	603
555	654
538	859
580	1050
611	811
580	765
697	893
599	718
582	739
606	696
538	742
565	729
474	830
565	1021
580	959
594	993
585	937
573	893
546	904
540	787
489	828
560	1039
635	1081
558	1055
523	751
590	791
613	930
516	863
583	799
555	949
531	635
564	817
535	762
559	738
589	897
503	711
507	793
474	879
516	809
504	805
541	942
505	863
597	798
592	819
627	830
595	751
546	779
628	762
550	823
650	676
571	623
538	644
563	504
592	539
607	633
643	586
592	901
562	683
577	676
532	678
568	828
584	778
608	709
577	757
658	902
563	847
661	780
716	642
695	712
709	818
650	802
688	717
814	760
856	625
1006	735
930	721
987	809
1532	754
2068	780
1957	885
1720	892
1943	656
2618	716
3192	950
3450	853
3296	925
3460	905
3755	862
3849	936
3859	888
3797	911
3623	924
3623	820
3253	872
2956	876
2705	689
2577	669
2128	739
1807	689
1789	649
1848	778
1677	749
1476	709
1517	647
1552	657
1588	717
1521	740
1392	521
1373	671
1308	698
1457	755
1499	687
1570	642
1581	619
1712	546
1779	714
2093	763
1981	656
1555	950
1425	799
1507	721
1525	867
1611	818
1435	794
1449	792
1525	709
1555	776
1560	788
1541	733
1748	674
2000	701
2114	832
2091	727
2154	831
2257	694
2080	894
2139	1020
2209	925
2252	836
2459	754
2355	897
2251	828
1988	873
2131	817
2067	1025
2012	972
2145	996
2129	1001
2075	1049
2301	1143
2565	972
2669	930
2539	1048
2385	983
2627	978
2927	1082
3302	1150
3359	1026
3272	1102
3265	989
3507	1098
3705	1062
3693	1077
3274	1034
2990	790
3232	885
3397	926
3422	1066
3226	929
3431	794
3557	939
3682	884
4002	952
4184	1030
4107	854
4092	1173
4145	805
4080	982
4207	917
4687	969
4593	895
4281	846
4184	903
4119	879
4094	893
3907	923
3420	866
3008	761
2816	729
2668	660
2604	730
2421	755
2123	707
2012	676
1902	688
1934	618
1872	763
2028	899
2452	733
2721	891
2757	892
3109	918
2969	812
2771	821
2559	689
2477	669
2215	669
2038	822
1713	658
1833	767
1839	842
1833	735
1834	720
1636	773
1656	747
1738	892
1702	1059
1471	847
1237	807
1213	937
1082	659
1065	708
1012	644
902	746
912	749
827	765
917	705
973	761
821	766
701	793
739	796
646	793
616	664
619	534
597	516
495	508
613	551
613	686
578	633
598	652
603	694
553	746
516	645
606	676
563	617
558	619
557	583
662	708
555	585
555	644
569	695
549	608
555	509
531	567
594	539
481	793
593	703
622	760
603	607
647	773
612	737
566	568
515	660
477	690
587	592
582	693
584	731
595	634
574	676
590	762
578	648
588	635
639	553
524	606
545	805
574	866
559	756
568	883
545	777
495	914
585	730
550	775
612	668
534	659
638	688
702	741
578	817
611	913
574	938
602	737
591	741
535	740
575	785
644	755
565	707
546	828
571	833
581	914
597	1087
622	943
610	818
522	865
497	938
557	789
514	681
568	695
515	782
542	778
511	721
495	821
520	900
583	816
551	958
568	838
638	732
571	809
581	669
563	670
598	809
617	822
605	855
529	719
655	789
548	991
564	1030
550	852
555	785
600	742
612	924
535	884
564	825
597	919
584	944
574	928
561	766
576	695
548	742
602	734
543	714
548	687
473	665
488	586
528	740
590	690
520	572
458	571
493	493
541	590
517	609
516	592
578	480
558	626
574	750
591	685
535	721
545	697
511	815
508	697
515	677
531	609
473	798
497	827
440	827
527	821
503	770
459	829
475	696
461	694
440	732
549	646
520	577
551	683
531	622
556	674
524	558
621	667
612	791
661	649
580	547
625	599
569	770
571	779
544	608
584	795
548	718
573	784
524	832
567	783
533	811
605	730
621	673
667	707
716	700
551	679
603	616
606	666
739	687
817	879
736	797
845	906
878	1005
823	943
879	801
809	835
871	855
881	877
802	623
820	651
806	812
973	767
953	789
894	778
877	957
842	825
805	705
791	823
664	742
699	780
712	707
670	693
629	817
634	845
572	756
533	837
610	838
628	867
626	892
535	882
646	1004
656	884
619	734
596	730
624	801
585	833
529	846
580	736
665	825
637	785
600	772
534	754
548	953
612	791
643	744
687	872
616	836
559	765
519	632
543	542
510	639
550	556
576	483
508	653
481	642
491	703
548	763
616	683
514	718
528	783
529	641
545	631
568	663
536	822
567	746
537	695
482	685
529	713
510	689
578	516
456	554
497	647
476	641
535	720
506	851
566	665
484	538
503	532
534	775
537	672
470	575
489	528
515	510
569	695
557	531
512	578
662	662
607	742
557	738
559	685
526	618
512	756
496	700
630	660
521	832
568	1048
496	907
496	823
520	786
451	556
482	582
516	581
487	686
513	685
561	602
576	635
555	653
551	653
556	611
498	657
518	670
551	876
570	647
637	757
627	622
652	802
625	782
612	660
611	696
615	600
532	646
507	558
564	613
545	536
524	667
527	664
527	683
527	768
534	758
510	682
559	717
543	630
536	668
487	627
466	630
484	621
556	731
507	788
520	653
510	697
448	688
500	680
515	592
495	649
503	633
457	624
502	690
588	665
597	658
516	570
446	508
478	609
539	623
558	546
511	566
515	650
537	541
507	573
502	673
564	633
539	662
526	692
527	738
507	731
534	690
546	684
519	626
550	772
477	742
527	733
570	719
522	712
473	652
516	689
559	783
518	747
520	659
477	626
549	578
487	504
467	605
562	649
565	657
544	761
540	674
593	821
560	691
494	773
549	706
533	650
571	691
496	661
478	702
530	823
524	806
531	571
489	770
512	715
501	560
507	657
505	667
570	657
545	882
571	779
559	701
570	708
554	536
551	601
509	645
546	802
561	797
569	795
536	708
554	923
561	763
569	749
551	595
563	762
523	687
607	787
566	636
570	714
574	669
528	717
580	739
492	601
543	563
502	636
549	861
549	793
470	655
526	554
549	660
558	684
493	791
458	734
514	723
505	691
540	789
473	576
481	640
540	637
605	773
553	651
590	581
584	550
539	759
601	543
556	666
551	717
607	584
622	762
601	740
604	603
533	642
533	630
604	746
584	807
573	868
597	725
561	789
584	675
569	719
519	786
543	704
485	679
512	647
512	462
557	640
576	612
603	568
561	601
501	610
526	618
522	655
556	616
503	615
517	598
512	510
522	657
572	777
591	697
547	637
544	646
585	605
570	825
573	755
558	592
530	763
561	635
617	633
601	657
652	685
622	889
612	844
525	778
550	603
537	566
591	607
615	825
558	764
599	734
622	865
563	741
493	729
580	674
611	760
566	801
585	694
568	622
558	597
534	718
607	749
552	624
523	586
546	594
496	635
489	612
544	581
510	676
559	781
539	704
516	865
585	801
569	933
596	754
532	762
567	850
595	971
584	658
620	719
602	681
620	746
649	912
588	727
622	660
588	551
558	662
559	622
547	733
560	863
522	815
562	797
573	776
635	823
587	685
659	791
633	834
629	842
627	893
572	815
570	1133
558	943
490	677
522	663
525	800
560	710
487	724
523	752
509	747
634	712
543	715
484	705
566	773
551	719
517	634
560	706
595	726
520	638
612	695
538	743
655	645
593	713
601	923
565	766
587	625
604	788
607	656
506	644
601	960
556	786
539	735
571	837
594	676
540	634
567	791
524	709
528	918
476	880
568	912
517	856
546	846
489	622
531	658
524	693
491	696
481	792
561	834
454	898
500	767
537	843
549	657
566	672
535	701
522	594
480	683
499	799
530	621
519	710
597	909
530	883
580	715
536	873
611	920
560	921
552	780
581	817
564	848
537	823
552	800
583	652
543	893
564	735
530	800
602	787
610	664
530	725
535	940
551	786
526	756
583	750
521	815
538	694
544	752
563	615
571	696
539	636
583	697
527	754
489	772
528	712
537	736
504	788
538	738
518	794
559	795
552	714
574	675
554	723
526	626
582	582
577	600
556	646
595	793
552	629
604	702
596	703
542	660
555	628
592	715
637	652
580	666
560	530
564	770
586	697
621	683
636	840
644	795
597	740
658	867
622	722
603	648
620	681
704	638
668	601
637	680
635	675
704	542
698	772
786	843
738	785
792	646
724	651
726	795
695	835
713	1118
723	1016
680	940
610	973
664	987
652	889
567	714
674	863
716	868
701	860
826	776
724	771
811	814
895	764
850	788
914	798
804	659
946	871
872	670
921	692
807	816
840	642
844	718
728	682
771	793
810	833
817	837
805	714
765	758
808	679
761	611
829	664
885	775
830	674
883	874
930	823
944	845
1073	722
932	765
1042	724
1058	656
921	702
875	768
823	591
843	591
809	524
872	560
782	762
846	824
856	666
903	703
963	695
918	702
980	684
940	654
1023	748
1034	699
992	681
939	824
911	916
933	743
888	719
886	777
773	700
775	624
809	667
766	720
796	619
726	722
805	635
749	677
876	684
825	652
758	802
797	763
886	794
889	671
839	641
927	698
859	632
857	666
811	620
714	690
730	634
750	710
796	661
690	620
656	669
701	635
605	745
672	700
702	675
737	566
627	710
590	762
626	734
646	713
615	682
606	678
616	808
718	584
706	603
665	610
637	777
639	814
664	706
620	737
665	760
659	611
621	571
736	669
679	593
656	638
639	730
676	815
646	691
612	756
613	620
638	702
712	644
784	619
684	691
776	734
724	691
889	550
814	575
817	485
741	628
716	720
775	688
786	570
831	671
811	636
888	655
869	711
765	665
756	629
778	765
900	840
930	694
767	753
662	800
690	752
750	698
815	713
727	782
677	664
762	716
718	916
655	934
569	800
622	840
619	720
611	634
573	757
511	741
563	764
609	803
627	1025
612	842
602	903
691	705
714	701
637	834
645	701
616	705
618	744
546	689
500	730
538	725
576	643
543	733
572	538
563	624
534	665
526	740
557	630
564	705
524	644
543	775
526	686
604	798
536	810
527	722
493	538
513	713
497	783
462	633
500	769
536	832
593	734
571	577
544	668
543	670
555	711
566	765
640	786
525	839
540	777
564	732
565	681
560	897
559	855
533	896
537	691
560	760
525	796
548	753
535	647
525	692
560	877
542	619
486	689
548	672
519	633
515	486
503	471
603	520
616	627
569	622
505	680
529	621
522	635
534	468
629	562
606	497
688	642
670	728
712	718
765	756
809	695
680	673
680	742
718	745
695	739
794	695
865	762
799	737
806	705
713	647
740	640
604	673
658	757
634	701
628	833
693	837
622	817
639	809
609	814
581	695
606	564
658	619
548	699
572	629
637	550
668	555
703	639
762	624
725	568
727	725
589	623
664	586
630	738
591	733
556	896
621	733
595	724
569	716
606	687
544	843
499	860
638	828
590	761
588	886
606	731
569	830
613	754
643	801
644	717
608	809
647	983
639	754
574	643
622	827
611	609
582	717
602	649
612	677
697	725
692	856
670	864
668	819
625	820
629	639
694	629
713	621
727	534
637	616
645	766
704	861
762	751
762	696
807	706
697	705
785	675
748	617
693	696
736	827
777	794
782	862
731	855
722	709
756	859
822	909
828	675
808	717
797	658
790	636
820	691
828	554
857	584
818	548
853	667
867	569
966	667
935	601
927	489
967	493
976	528
991	493
1072	547
960	623
972	522
1050	792
1093	654
1076	839
966	708
944	793
1079	692
953	601
1000	634
1089	614
1070	509
1136	508
1308	409
1292	637
1263	669
1348	605
1400	610
1497	580
1600	604
1485	660
1454	549
1419	735
1482	749
1382	729
1427	729
1268	739
1303	688
1359	696
1367	631
1455	517
1432	604
1466	637
1511	687
1594	767
1618	645
1549	588
1638	606
1569	556
1634	654
1644	542
1670	543
1506	629
1566	617
1453	597
1471	754
1468	740
1467	596
1455	651
1587	589
1514	676
1541	795
1504	550
1557	533
1505	494
1497	684
1505	784
1610	825
1604	801
1609	603
1558	629
1522	505
1467	571
1451	629
1480	633
1457	583
1508	707
1566	801
1538	753
1428	663
1511	666
1469	635
1472	727
1429	705
1478	709
1449	750
1516	767
1650	741
1526	922
1593	763
1899	761
2072	966
2095	1024
1939	845
1722	739
1722	750
1503	776
1543	835
1514	808
1468	801
1525	715
1398	734
1243	744
1378	837
1488	793
1380	705
1122	789
1099	787
1183	719
1121	729
1169	793
1148	838
1001	757
936	707
1030	662
1065	612
913	645
823	738
801	738
867	866
795	707
708	880
727	868
693	916
718	880
715	713
626	753
620	579
594	576
635	769
677	627
600	663
587	666
559	673
556	719
530	748
625	847
540	703
589	798
550	732
657	673
631	684
582	784
563	806
630	810
588	837
603	901
527	862
551	624
522	683
541	744
596	988
582	956
584	780
522	638
543	697
567	670
490	595
605	836
576	773
551	880
567	770
552	579
529	616
593	788
509	789
511	654
473	678
561	703
500	655
514	791
539	690
497	643
592	712
531	709
573	673
531	612
543	728
522	837
565	609
514	589
470	597
459	766
517	646
574	708
539	596
554	534
542	537
595	646
610	702
590	655
566	819
552	600
524	790
611	732
598	649
572	701
687	782
634	861
674	679
675	637
666	660
738	669
683	602
613	641
712	639
711	648
733	672
683	566
631	640
607	664
641	665
685	675
624	757
578	664
605	686
638	800
604	698
688	645
661	673
617	580
579	700
585	697
551	846
631	858
629	738
601	680
547	720
588	550
595	562
613	709
708	580
623	679
682	710
678	701
649	840
682	676
712	643
639	702
601	700
594	581
616	653
654	595
668	757
673	778
577	722
595	611
505	532
550	579
539	691
561	718
625	562
648	675
541	639
630	562
585	708
620	644
626	698
647	707
611	626
642	692
704	826
592	892
629	997
624	982
667	769
687	674
607	584
630	689
616	677
642	797
686	829
623	752
726	654
659	792
717	760
640	692
747	781
689	657
765	832
783	775
804	689
723	676
655	690
801	685
1000	783
989	732
920	689
867	660
1072	619
1266	745
1285	785
1203	863
1424	887
1463	914
1644	787
1547	706
1553	715
1442	776
1581	796
1592	764
1679	720
1534	738
1624	775
1783	757
2034	772
2240	839
2219	843
2102	760
2480	755
2744	892
2425	973
2340	903
2487	953
2302	911
2318	860
2143	905
2078	983
1931	922
1923	908
1867	942
1637	852
1416	734
1472	769
1465	635
1402	743
1310	824
1365	728
1286	635
1360	652
1311	682
1158	670
1104	819
1109	660
1098	652
1070	590
1028	610
923	576
984	661
1049	709
926	819
849	986
856	807
811	763
798	693
866	698
788	723
808	716
858	626
867	509
861	539
856	520
779	630
941	550
964	616
908	626
927	658
932	734
923	636
915	602
953	695
935	551
939	581
1026	645
1067	781
983	551
1030	670
1091	710
1097	749
1169	626
1127	459
1086	603
1224	652
1215	461
1210	521
1218	510
1289	554
1348	583
1413	630
1445	607
1384	756
1365	751
1532	792
1525	785
1623	766
1582	804
1552	707
1646	734
1746	609
2005	652
1975	511
1934	534
1973	612
2357	662
2565	829
2633	646
2538	666
2585	695
2923	630
3449	831
3759	746
3644	666
3552	708
3447	911
3690	860
3797	857
3734	834
3642	768
4089	575
4145	760
4428	683
4500	734
4215	744
4137	788
4250	952
4191	841
4094	823
3916	761
3920	736
3796	679
4032	810
4060	785
4214	793
4257	720
4160	802
4352	632
4288	639
4481	829
4806	837
4845	841
5000	921
4610	1003
4544	938
4481	919
4419	824
4220	1070
4242	909
4063	896
4158	872
4112	882
3880	954
3618	907
3512	1091
3603	934
3363	851
3310	957
2923	1045
3071	1006
3143	960
3087	841
3061	886
2896	910
2836	853
2672	723
2880	733
2922	741
2760	721
2692	852
2763	957
2672	833
2782	893
2805	900
2657	711
2696	729
2502	825
2531	930
2407	962
2422	937
2303	836
2340	740
2292	665
2257	759
2166	777
2042	828
2020	775
2156	841
2055	931
2080	872
2046	783
2143	748
2136	704
2269	717
2095	690
2019	764
2088	766
2011	877
2020	787
1997	779
1871	613
1908	545
1830	544
1805	626
1803	633
1755	684
1672	605
1580	616
1746	743
1684	678
1609	537
1666	596
1686	622
1705	753
1562	884
1692	799
1595	763
1633	774
1653	679
1664	780
1629	766
1562	768
1494	948
1445	856
1471	632
1378	700
1417	846
1402	713
1386	709
1312	768
1395	644
1335	790
1542	897
1466	864
1313	869
1322	996
1424	862
1396	826
1421	1049
1599	1035
1425	758
1310	722
1480	844
1364	854
1309	979
1467	870
1373	865
1303	745
1316	833
1313	927
1226	945
1225	981
1179	736
1221	915
1288	755
1205	837
1199	957
1223	928
1181	811
1157	733
1188	749
1106	797
1210	817
1158	891
1255	900
1198	824
1187	642
1290	774
1264	667
1233	599
1306	631
1342	540
1184	708
1131	590
1157	672
1115	678
1013	594
1106	491
1087	569
1028	758
1116	738
1015	684
1119	729
1037	699
1071	573
1036	662
1024	569
1076	606
1098	631
1071	626
1104	867
1170	1003
1179	920
1062	1009
1125	836
1039	612
1039	668
1123	545
1126	729
1039	669
1053	614
967	589
1062	526
1069	666
979	592
977	656
979	732
911	593
950	635
947	611
963	685
1002	636
1038	528
988	525
968	643
931	584
879	567
941	501
912	618
866	577
891	636
919	631
1023	580
869	581
1009	642
920	447
945	511
1062	556
996	609
1044	570
1173	676
1164	676
1226	731
1252	623
1337	683
1393	687
1466	604
1511	591
1419	702
1492	785
1524	703
1401	755
1402	845
1389	658
1457	763
1398	693
1208	709
1153	618
1200	748
1185	805
1302	737
1269	567
1171	729
1171	539
1265	565
1215	619
1222	615
1124	861
1090	717
990	658
942	758
807	693
820	731
684	749
736	642
714	471
737	523
743	704
731	797
759	703
741	655
767	596
721	725
693	751
654	750
706	653
694	650
615	720
707	645
739	724
649	776
643	821
672	810
606	681
618	632
706	589
691	586
669	684
669	664
654	804
672	832
612	745
608	984
635	780
665	774
658	780
609	842
663	645
554	635
584	642
630	705
724	626
682	666
699	718
651	621
625	626
575	715
592	645
653	725
683	598
700	708
651	744
691	858
635	956
690	965
607	780
680	826
669	791
666	640
774	681
730	711
711	719
675	750
641	741
618	537
648	706
591	673
578	728
624	801
624	838
655	900
621	855
590	787
600	545
628	653
595	592
648	708
674	653
636	678
609	671
491	628
575	602
569	687
561	604
555	458
604	457
566	551
647	614
621	655
655	621
585	579
590	556
600	653
596	686
643	544
635	427
638	658
662	656
684	656
582	667
640	545
629	606
676	593
599	673
682	612
653	701
624	594
622	555
567	522
606	495
541	582
618	604
597	872
645	838
657	723
670	636
560	855
579	735
626	848
640	645
673	600
627	577
663	577
676	447
688	471
606	573
627	491
701	541
689	580
672	638
607	765
631	577
682	551
638	703
688	700
604	579
564	496
576	541
618	600
628	498
566	654
615	575
608	736
590	685
656	624
571	703
682	610
702	498
659	526
683	706
654	595
687	565
619	476
598	574
656	549
588	554
597	675
701	599
667	626
697	586
659	553
638	552
717	737
575	740
612	632
723	687
712	746
713	739
680	747
673	883
607	762
644	727
614	736
578	541
659	721
670	791
608	814
685	647
650	674
652	664
650	581
702	556
652	557
652	514
654	475
673	736
655	664
733	655
721	712
648	497
668	604
637	620
615	653
599	726
633	661
661	659
576	557
559	716
618	845
682	778
740	760
668	788
628	813
665	793
677	727
647	592
606	569
594	611
552	755
670	698
597	678
579	705
587	656
636	715
583	933
568	871
621	573
602	676
638	579
676	627
561	642
549	740
595	713
584	759
592	668
579	716
561	570
594	758
483	718
635	770
539	705
572	679
595	777
540	625
476	651
586	672
564	673
558	664
585	766
558	598
538	662
570	636
637	684
668	634
646	643
584	598
626	554
634	577
556	634
625	669
548	733
583	737
552	725
610	723
547	657
593	709
629	682
644	755
516	671
595	802
617	824
593	734
594	924
600	780
577	721
640	756
549	648
537	633
544	743
499	684
559	785
459	645
571	630
554	519
573	587
570	771
518	801
493	662
535	703
523	592
551	557
611	675
586	654
494	656
536	693
554	692
505	629
531	606
546	746
578	617
538	627
574	595
644	624
641	754
602	705
574	675
563	673
551	694
555	635
569	675
566	867
655	765
680	605
581	649
669	674
610	641
588	562
539	456
564	701
571	735
580	797
559	636
512	646
634	615
569	706
570	717
548	640
642	680
564	687
545	665
523	701
587	767
598	856
624	748
657	810
575	734
582	830
562	686
582	663
572	685
588	850
638	783
619	650
705	770
633	665
678	675
686	735
675	589
772	591
814	752
839	821
834	803
784	845
848	899
788	680
824	777
814	833
702	964
644	871
681	792
675	795
627	788
584	649
603	734
567	922
670	893
697	931
648	854
551	712
573	631
691	695
556	911
627	763
532	652
577	682
627	651
563	824
499	739
534	671
507	693
633	573
565	558
563	593
581	801
553	752
540	591
589	548
670	675
750	763
647	791
681	583
617	704
682	766
631	788
581	566
635	619
564	583
573	645
684	611
723	596
774	670
659	639
565	753
636	582
630	639
606	812
689	816
749	645
666	725
690	688
644	702
677	690
713	760
701	713
687	795
648	667
604	815
607	678
637	858
533	874
613	741
535	1013
616	916
643	903
618	809
537	780
555	861
665	866
632	800
647	859
587	749
681	737
615	756
633	665
681	632
696	697
707	572
727	587
707	625
709	632
888	664
913	645
887	577
842	675
889	689
951	534
1009	665
963	563
967	575
991	668
1085	619
1074	720
1050	648
1058	584
1013	649
957	537
980	542
929	601
773	905
935	841
951	738
997	813
943	804
829	776
905	805
911	684
903	488
897	665
950	639
1001	705
954	783
946	777
1033	749
1065	776
986	803
1059	746
971	694
960	647
907	563
942	651
886	579
1073	625
839	839
896	659
956	688
932	802
1013	821
1019	607
997	635
929	820
975	760
992	678
1029	637
1175	648
992	626
998	841
1015	663
960	673
868	531
845	690
810	606
804	580
810	842
816	785
796	732
768	618
830	618
785	618
721	620
812	714
806	777
781	622
833	886
767	867
728	673
677	583
736	559
710	562
696	651
675	754
626	555
675	567
665	625
630	722
585	725
658	790
647	779
625	779
619	786
590	810
688	655
671	572
663	620
675	618
713	589
645	588
637	610
689	825
679	649
734	608
695	692
751	645
707	734
774	736
687	668
677	694
727	857
644	583
647	617
707	678
740	667
660	629
691	585
659	694
675	746
723	685
660	585
643	648
664	566
669	594
715	753
740	762
716	600
773	618
765	513
787	586
831	672
834	551
874	671
767	567
684	686
755	761
705	802
703	727
685	831
665	717
663	931
626	865
623	885
640	809
602	858
610	848
665	653
657	837
742	699
719	776
771	797
749	1067
759	1013
717	883
726	766
804	700
700	860
685	713
712	567
706	707
694	618
644	642
666	572
659	574
655	578
641	897
714	900
679	707
700	807
767	844
648	723
682	684
643	768
632	709
595	660
636	590
600	578
593	481
598	558
560	608
593	709
582	620
522	621
557	583
515	733
536	812
560	602
521	575
530	601
535	623
501	612
567	744
587	764
615	708
583	722
566	638
573	833
538	730
584	915
554	731
561	594
580	624
495	621
494	632
499	639
536	666
584	757
482	786
532	819
546	834
553	802
482	680
577	724
575	594
572	682
679	1072
607	883
602	848
598	629
520	680
536	817
631	885
609	656
557	640
612	687
536	531
619	467
518	489
602	476
554	686
543	535
583	524
540	412
486	526
554	713
506	661
564	545
514	547
638	453
584	620
605	611
587	625
604	679
591	557
429	548
522	669
504	710
523	761
498	841
567	863
513	655
524	771
572	845
525	804
560	687
652	649
749	646
716	668
796	621
718	452
820	491
819	500
769	608
859	703
833	773
660	735
597	681
613	509
612	464
651	520
583	612
525	591
544	599
570	582
583	627
593	699
611	813
575	656
564	864
549	806
603	643
650	601
604	654
614	841
529	769
660	832
615	835
613	1036
571	862
557	764
646	907
586	608
542	787
585	789
560	710
584	772
603	784
570	683
566	777
557	839
556	711
562	710
572	781
630	597
604	645
581	617
570	574
601	621
629	619
590	591
567	639
583	659
572	829
574	771
585	773
583	681
613	762
472	789
505	947
551	718
659	737
534	729
529	715
555	795
613	627
602	821
528	632
585	546
532	572
545	664
576	824
535	895
542	953
591	744
625	692
593	680
570	805
508	907
554	875
580	670
583	674
653	709
584	757
640	687
607	745
610	840
684	732
637	894
570	638
622	744
686	640
706	727
648	589
690	635
672	773
679	775
679	786
720	735
724	805
700	680
669	784
638	739
588	706
593	541
658	579
678	648
735	601
706	833
727	690
679	657
763	607
818	569
858	756
809	870
842	628
819	594
776	768
717	924
817	711
812	703
859	725
884	587
824	685
831	706
842	758
975	579
1016	663
1024	817
997	735
1072	896
1114	711
1186	645
1304	740
1251	729
1059	707
1266	743
1178	929
1099	637
1171	865
1129	795
1091	904
1040	721
1138	826
1149	855
1142	936
1214	788
1334	786
1324	791
1297	645
1340	792
1314	788
1383	642
1381	792
1330	602
1356	598
1244	606
1300	447
1291	627
1210	611
1154	535
1277	628
1135	625
1193	623
1227	675
1383	792
