6165	1802
5880	1686
5535	1449
4614	1355
2827	1171
2357	925
2380	902
2526	1010
1969	987
1395	827
1205	742
1239	896
1500	886
1353	955
1030	757
896	876
955	766
854	841
820	667
729	718
735	703
743	815
706	744
724	685
652	738
619	728
637	718
603	760
606	813
641	858
601	754
672	861
574	917
630	780
636	819
627	831
597	669
598	826
551	880
589	880
543	691
556	645
558	670
673	668
533	788
525	743
530	707
571	804
527	822
534	694
503	713
519	766
531	897
488	787
567	791
519	847
608	636
593	869
573	646
478	785
558	704
510	870
502	838
580	883
514	942
507	865
576	918
580	781
579	862
573	813
564	768
504	873
570	891
485	840
531	754
567	759
509	767
599	774
558	789
605	1003
590	799
587	998
574	856
566	740
557	733
569	735
532	600
588	638
558	641
574	574
572	670
555	775
539	657
522	635
534	621
497	551
556	681
619	720
649	694
592	842
517	800
518	883
593	806
549	685
515	493
563	565
537	536
474	688
477	757
525	636
517	738
561	727
563	769
549	855
517	722
548	724
536	696
511	673
521	558
559	776
482	901
494	734
576	727
511	676
522	717
452	780
515	558
554	728
475	797
590	883
550	759
536	682
563	752
538	932
607	1081
519	1091
529	1128
519	728
556	720
568	844
527	793
575	738
628	659
620	763
598	816
592	898
579	971
543	925
583	880
609	754
581	802
606	809
573	863
642	758
607	732
593	854
559	693
644	723
634	664
578	727
573	688
590	676
528	684
549	742
573	629
511	694
570	668
487	630
554	654
524	681
600	754
578	872
565	875
566	810
578	811
538	795
484	805
490	774
529	848
530	947
575	1046
505	1198
530	893
512	799
553	841
525	943
516	853
553	805
542	794
543	782
577	802
515	874
529	1115
563	1194
530	844
484	770
493	754
485	796
485	732
524	643
527	508
494	603
451	607
525	641
492	716
528	601
457	754
541	641
501	770
487	564
540	667
545	756
524	760
531	748
516	771
512	651
498	677
507	693
547	667
465	840
490	793
476	730
502	685
439	653
473	657
507	740
545	862
551	729
515	719
462	645
481	749
472	786
507	624
517	943
469	1083
484	943
471	934
507	824
567	717
582	871
576	897
644	825
617	764
620	771
785	792
790	956
767	750
923	924
814	916
854	915
785	935
782	792
811	748
843	922
729	716
694	680
618	852
650	825
549	786
624	848
619	775
529	771
497	699
462	797
430	781
527	831
516	895
501	784
484	711
470	791
494	789
436	776
454	727
469	660
547	786
436	890
496	756
509	801
443	845
443	660
508	767
558	841
434	834
444	916
464	797
486	762
462	910
549	810
453	754
485	716
428	764
509	800
516	779
503	721
523	591
572	793
524	927
540	861
475	974
476	1113
523	779
474	658
520	784
526	813
503	1073
436	886
537	720
480	710
456	594
494	808
488	921
514	777
548	674
482	752
496	806
456	672
503	765
498	814
515	584
549	640
519	824
449	764
483	655
458	742
452	822
502	955
424	770
461	847
499	745
441	743
417	778
503	791
524	660
568	694
537	773
527	628
554	690
530	625
621	936
611	1006
637	898
611	844
626	936
569	854
671	1045
680	936
689	973
727	1028
548	788
594	806
602	708
586	893
635	775
634	724
684	736
613	773
598	961
614	834
534	756
572	689
568	676
601	715
579	698
571	832
592	723
612	838
655	819
613	878
579	734
699	849
670	1032
662	946
622	941
687	1020
585	931
570	699
546	825
570	762
623	763
598	875
499	723
450	646
511	702
501	795
490	797
442	923
456	939
505	989
484	810
508	691
456	890
442	1041
487	959
453	859
499	1007
423	774
406	1054
455	885
403	925
478	1070
464	725
494	879
479	806
531	780
447	781
523	786
500	850
485	930
532	981
557	851
493	952
541	1093
504	1003
467	1052
520	1010
511	1008
522	1049
497	1084
426	918
443	856
439	895
425	830
464	712
450	732
449	658
471	657
522	586
454	705
409	615
439	700
470	676
500	667
533	769
502	779
461	765
494	782
480	769
478	909
455	783
510	744
570	787
513	780
539	703
529	879
531	1018
580	1011
507	838
528	758
528	746
467	777
555	717
454	674
504	639
415	743
486	728
464	739
522	779
442	923
551	904
513	846
528	777
457	810
435	963
503	1045
429	994
463	1030
425	893
409	1017
422	1124
463	968
427	810
512	806
483	844
474	876
540	638
493	969
507	716
459	886
479	725
462	906
480	1125
412	1057
450	863
444	728
503	714
498	672
542	880
587	1046
520	980
564	676
508	865
577	953
548	854
527	835
444	879
427	972
467	780
509	728
487	722
438	631
440	586
450	650
446	677
489	700
471	799
471	877
451	641
467	674
453	782
456	771
545	822
490	1094
503	853
455	741
443	823
578	869
547	835
493	903
549	890
513	767
450	806
450	779
495	750
471	875
513	906
492	899
434	807
487	827
429	729
449	639
486	706
491	763
528	742
566	940
457	1018
458	712
578	817
637	850
632	785
581	648
537	905
472	899
596	900
588	1012
554	896
519	907
540	805
599	979
511	925
536	906
507	796
552	887
571	879
548	994
503	820
561	693
496	675
519	676
472	814
584	786
520	732
496	821
612	863
614	738
670	727
662	725
603	619
682	819
902	847
936	809
934	990
865	900
820	689
792	601
779	555
804	696
728	639
736	673
623	650
666	696
569	686
522	712
581	756
534	769
516	821
525	916
530	707
453	950
499	886
502	924
440	888
508	853
427	731
392	827
447	673
423	675
444	733
464	738
429	697
493	758
473	744
412	810
438	817
502	745
404	829
448	720
454	671
389	689
431	844
443	759
424	615
454	702
451	709
471	763
460	592
481	747
445	841
482	635
499	686
433	944
507	992
481	826
510	1015
552	837
500	1001
432	1050
512	868
548	689
501	710
421	760
537	915
535	835
510	724
484	724
432	732
480	740
478	896
483	777
464	740
451	683
454	722
418	603
391	762
380	684
483	784
461	789
465	616
444	678
447	789
405	735
443	785
448	686
467	876
473	888
456	711
423	882
406	797
433	883
418	813
411	724
419	872
436	926
475	1014
455	1029
427	924
404	804
425	662
402	678
460	785
506	753
517	740
495	750
472	844
535	876
544	989
446	768
519	749
494	715
488	851
500	688
494	790
514	867
447	738
454	869
488	850
519	886
473	928
483	761
420	673
479	724
470	737
424	749
434	857
428	1045
477	998
494	935
526	916
519	843
424	858
463	816
484	802
482	769
452	722
472	725
445	673
497	739
515	847
481	636
430	697
442	709
434	723
473	723
430	863
507	732
468	817
471	647
452	768
400	719
422	759
462	563
423	663
421	697
465	627
465	661
446	790
419	949
453	768
501	907
462	950
438	855
445	805
513	733
520	706
433	667
527	779
478	740
456	744
476	896
455	785
454	763
452	740
457	932
481	983
514	808
484	615
454	715
517	742
524	831
511	838
494	779
497	754
503	695
458	857
526	925
487	903
415	908
436	981
462	947
480	948
539	1015
528	897
493	706
501	746
475	840
469	886
431	852
465	886
491	831
477	813
510	715
476	820
516	781
459	671
442	866
469	894
486	894
488	692
487	855
501	669
461	816
447	752
479	882
493	944
506	999
500	918
475	698
462	817
499	681
474	596
405	713
424	797
415	959
454	759
540	738
493	834
562	851
538	727
450	765
477	749
484	684
492	983
463	919
455	901
442	1028
479	787
433	947
511	908
444	753
513	765
549	818
434	711
497	812
446	893
499	697
451	655
488	750
471	838
484	773
523	733
452	781
457	999
475	763
512	771
451	730
414	776
495	810
516	897
487	800
463	913
508	879
501	875
544	893
535	1053
550	980
551	1000
533	836
482	985
491	1085
525	828
483	1009
508	962
534	967
508	889
548	858
523	808
563	935
551	878
607	957
532	1158
498	1029
493	1017
508	891
509	815
540	856
476	904
514	799
507	614
542	783
554	952
484	775
450	731
519	794
447	890
496	851
515	744
465	854
445	776
529	743
549	916
512	819
543	912
542	970
489	1054
520	865
530	988
481	846
468	934
504	797
502	775
479	964
485	936
485	905
500	859
497	678
574	694
498	666
546	754
483	804
463	872
483	798
490	694
488	751
518	905
526	958
526	901
461	822
498	773
565	867
509	795
429	747
511	830
517	814
492	959
475	795
576	747
539	882
537	900
544	904
560	770
520	848
537	1050
569	883
495	845
512	861
491	970
506	1030
455	881
540	1027
547	852
535	763
474	773
518	1048
482	791
552	851
481	841
480	776
519	872
523	1031
490	897
468	894
495	982
432	930
495	910
470	1189
501	1049
529	881
532	872
535	872
554	995
507	873
544	658
509	717
469	743
518	710
527	915
491	852
549	822
500	828
474	727
521	776
515	833
526	877
496	922
575	729
463	861
483	763
538	947
532	988
496	905
588	766
566	765
567	910
494	833
447	807
426	844
470	1039
492	1085
507	1098
426	996
493	653
500	601
442	655
442	760
468	801
476	764
466	687
454	768
451	874
434	667
481	747
471	637
487	909
468	886
510	853
476	749
419	703
494	757
496	785
530	727
441	729
474	654
447	571
442	594
520	593
516	692
458	749
489	798
547	842
459	936
455	958
443	820
499	909
491	803
480	779
471	838
476	815
461	1029
499	848
521	902
540	987
468	1125
477	812
473	894
467	914
478	763
448	750
458	786
502	755
541	699
528	955
478	954
523	913
443	893
471	924
463	876
492	816
495	918
480	907
509	761
501	883
506	805
470	813
481	841
503	985
445	862
427	876
476	776
493	970
494	954
482	871
483	718
505	708
536	924
494	848
497	700
500	670
484	880
462	992
463	1000
433	754
495	776
541	708
486	854
453	898
456	1089
527	1028
499	1071
468	954
437	862
462	961
451	861
435	825
413	825
399	874
437	732
493	604
492	637
406	810
488	903
429	734
458	661
506	744
428	803
423	799
418	991
434	1041
530	829
469	949
491	858
519	748
468	880
474	818
478	913
430	910
505	876
500	1099
467	952
434	954
442	917
427	864
410	814
431	791
461	723
439	737
463	719
492	721
421	910
510	769
434	801
422	822
416	911
479	847
455	764
515	745
472	712
536	648
485	947
435	766
451	723
473	739
481	763
496	840
406	894
478	754
429	715
441	714
479	682
425	740
404	789
532	992
485	853
481	870
429	914
463	969
496	836
441	905
470	770
500	861
501	932
410	772
441	859
467	848
478	708
469	659
406	716
437	748
438	761
437	757
484	805
485	891
537	713
541	670
483	737
527	797
527	592
545	628
458	635
461	693
547	715
503	847
522	874
468	651
509	725
529	841
516	924
610	718
566	666
526	866
517	981
521	932
564	875
642	903
578	799
530	705
544	717
530	760
471	789
556	870
534	874
498	895
540	810
511	733
500	813
459	917
455	735
491	799
527	782
518	871
548	823
520	733
517	784
554	793
489	682
516	712
519	686
525	861
551	960
560	857
581	822
523	863
465	981
475	810
538	837
465	790
515	721
535	846
404	824
447	830
474	879
513	944
501	777
546	914
544	835
499	859
545	923
480	882
423	924
539	894
467	1039
504	1067
489	1054
507	1050
410	864
405	924
471	840
486	912
474	763
381	768
459	655
419	728
447	745
487	823
432	822
474	799
465	826
427	817
452	758
523	845
498	943
517	1052
455	915
426	917
447	916
471	864
484	825
511	844
445	927
475	879
522	1096
480	990
496	901
457	937
491	769
457	895
511	928
450	887
442	1294
429	875
452	736
451	790
506	778
426	710
455	915
542	1077
502	1071
466	1138
468	791
434	806
410	783
441	735
462	838
454	731
487	664
427	799
493	949
492	896
484	898
585	999
538	868
478	874
495	984
426	1000
500	1043
443	949
460	737
441	692
465	737
476	773
484	719
444	816
404	775
410	719
457	804
475	888
436	752
488	728
429	651
434	772
453	730
484	785
468	829
495	885
393	1010
495	921
452	841
426	969
459	911
477	830
461	815
435	815
468	792
441	815
392	641
424	726
420	840
429	790
440	1070
385	760
381	803
430	747
463	739
524	803
519	816
452	644
436	731
509	784
443	983
449	1132
482	904
432	798
479	785
545	934
514	844
489	877
464	944
448	1031
404	882
449	911
454	947
468	975
484	843
452	897
459	932
443	794
443	858
509	896
424	857
373	954
435	1030
417	884
474	773
423	698
511	801
417	755
425	726
439	764
433	715
467	643
489	802
501	849
515	764
522	758
517	633
528	687
532	741
447	713
510	879
557	853
552	842
559	899
551	986
523	1083
520	939
539	867
488	873
492	850
488	849
551	775
501	689
482	716
491	900
511	829
509	1068
404	854
434	768
449	688
521	825
407	739
468	770
491	870
479	880
462	805
514	811
500	792
456	930
477	710
476	794
523	771
501	680
425	681
529	707
519	600
550	653
546	726
491	673
499	870
485	758
486	752
456	776
498	782
531	574
557	707
539	764
492	733
506	698
466	856
514	734
477	767
485	784
497	819
473	939
455	1014
548	929
473	750
459	929
523	880
499	767
485	867
492	811
454	810
505	817
466	864
478	823
508	794
502	836
462	829
508	894
503	825
510	900
441	926
444	1117
436	710
453	823
518	768
506	989
422	797
472	986
497	972
490	880
412	854
433	823
492	859
516	783
474	765
474	764
464	718
506	808
497	1010
477	798
521	810
486	820
520	862
470	664
508	660
544	747
526	883
559	887
460	856
604	881
564	828
592	756
537	911
561	865
619	1041
572	1063
557	949
585	986
471	911
562	1018
518	718
510	735
541	865
590	972
598	818
577	654
596	667
522	846
538	648
476	715
571	892
597	807
521	718
586	714
615	855
558	892
503	706
560	900
537	761
559	789
555	952
570	927
548	769
552	787
582	815
628	800
646	867
646	845
625	823
681	836
644	621
611	744
616	901
630	903
616	785
642	719
707	783
691	805
716	954
660	881
694	897
780	927
753	1002
736	806
700	872
736	877
721	1039
649	902
706	892
739	826
745	881
803	757
891	655
822	705
805	599
896	770
950	870
971	795
997	775
984	895
970	822
957	839
894	813
907	714
819	815
864	640
895	786
893	771
883	811
784	804
864	914
805	853
934	856
979	779
989	725
1092	672
1109	774
1116	801
1102	714
1165	661
1141	844
1112	729
1011	774
952	771
945	668
965	889
965	956
1022	867
886	781
1019	844
981	983
923	883
1059	775
1070	686
1055	1089
1134	848
1206	833
1288	768
1439	750
1328	660
1318	742
1339	838
1708	934
1951	904
1965	775
1998	828
1872	932
1911	986
2082	927
1908	916
2004	924
2061	970
1807	1114
1485	953
1388	882
1236	1022
1364	986
1208	960
1098	775
983	824
986	701
982	694
1046	735
773	853
749	896
696	676
731	771
779	844
702	836
614	803
656	810
696	793
617	823
580	712
659	772
633	818
637	745
606	845
600	894
555	697
578	813
631	717
626	710
573	769
625	706
585	826
599	685
597	619
600	592
539	738
560	637
558	731
548	766
634	755
639	719
597	715
571	670
555	790
539	618
583	720
605	711
521	701
528	711
522	655
503	721
541	820
557	885
518	920
593	789
545	744
523	789
539	846
535	976
578	889
586	888
537	861
519	741
520	798
512	924
504	811
505	1000
521	1152
528	1110
501	1029
565	1199
454	1081
452	1080
468	1025
446	784
480	867
448	715
516	747
486	636
539	756
440	958
546	751
496	623
470	723
481	681
484	769
472	836
478	889
454	928
461	620
439	728
449	805
426	809
532	997
554	867
495	977
536	1026
484	878
486	829
495	821
448	800
545	743
525	753
477	701
502	767
556	777
545	874
491	787
478	698
503	766
594	866
480	713
440	551
463	645
467	709
461	661
495	755
513	673
549	725
461	781
487	683
503	786
509	704
499	696
505	669
508	588
518	666
524	739
482	690
491	698
473	696
445	728
526	906
472	796
456	740
452	599
527	724
490	693
477	803
479	826
561	849
500	779
535	875
452	766
485	847
492	966
501	728
565	703
532	795
532	697
559	835
560	926
572	1023
496	874
503	818
521	744
528	758
481	733
549	690
542	727
550	682
554	746
496	800
472	654
493	889
505	825
472	750
492	816
491	783
497	723
571	690
414	695
472	749
459	696
425	713
465	601
423	709
424	835
397	683
415	759
393	688
446	708
466	627
440	787
438	830
454	844
455	707
493	880
482	829
414	782
465	821
472	925
448	768
442	740
435	882
471	925
464	1018
476	862
421	740
450	664
484	806
502	750
503	740
496	779
505	818
504	732
481	787
396	864
438	978
457	971
472	868
459	772
459	841
491	907
490	902
483	853
503	768
441	762
477	920
475	715
483	988
423	1186
462	998
462	927
492	1091
502	959
433	750
438	827
476	794
446	836
496	715
423	644
498	811
506	868
459	909
486	1098
517	789
469	763
510	939
493	721
480	694
515	830
498	980
516	813
520	850
551	867
508	797
534	743
479	831
538	865
490	794
417	838
440	815
408	897
463	973
462	813
501	828
532	795
422	821
479	800
430	793
515	785
441	760
440	721
473	725
436	606
447	590
408	612
435	657
454	634
452	747
463	854
396	994
437	957
442	976
445	777
456	760
445	662
468	726
538	768
562	866
499	849
551	816
504	936
511	732
490	625
464	580
494	614
466	762
543	740
500	641
460	730
469	835
485	712
493	628
530	923
523	856
470	886
536	671
447	566
479	602
498	626
483	729
440	654
451	608
487	674
470	776
492	676
485	581
476	655
493	777
464	761
492	720
530	707
555	786
534	669
598	573
535	664
543	1064
558	777
552	892
538	809
570	1107
576	965
576	973
527	797
534	771
505	777
524	854
629	1047
615	812
566	759
610	748
564	803
560	673
558	577
518	671
552	646
536	635
602	561
513	696
565	806
544	893
495	842
551	886
506	848
487	896
574	979
543	817
545	806
544	731
546	833
512	874
489	927
577	772
601	728
558	831
528	756
567	732
558	659
567	894
593	1067
530	747
525	654
539	714
639	901
635	890
659	818
682	928
623	951
544	1038
567	938
549	877
598	1104
558	973
617	1155
610	1198
569	1079
574	1183
547	976
530	1023
539	852
528	814
475	821
508	927
455	816
473	974
489	1078
460	949
477	1013
455	932
514	916
516	977
522	912
599	1081
561	993
508	986
539	1017
503	904
498	810
481	870
506	856
483	918
505	1003
512	833
451	841
479	1109
444	957
460	813
449	1003
475	883
414	872
471	834
482	832
480	826
505	893
476	862
524	825
504	757
489	733
515	900
515	1020
506	772
499	861
469	748
536	802
541	977
500	889
519	843
446	606
464	662
511	749
501	837
483	861
506	875
410	855
437	766
408	942
487	858
449	788
474	834
481	946
540	903
442	690
488	736
484	667
428	627
527	734
465	693
459	735
506	729
493	1007
504	999
553	936
466	778
477	580
545	822
479	882
515	868
545	782
481	779
512	653
505	703
501	791
479	939
596	875
514	795
502	713
531	703
501	785
453	874
481	860
470	716
542	804
573	840
628	714
630	789
648	729
596	651
601	675
611	712
602	627
552	683
478	650
498	674
526	606
526	649
437	606
492	712
485	629
446	598
528	688
557	643
518	711
569	825
509	927
566	887
630	834
568	872
611	827
579	850
574	918
592	712
557	636
597	701
560	739
583	885
594	854
609	953
620	961
622	1107
655	1010
705	843
619	715
620	671
554	646
523	735
579	612
679	859
626	808
710	792
692	730
612	704
602	609
555	726
577	903
559	836
553	863
519	782
575	838
561	909
526	843
609	984
654	969
705	985
619	908
643	728
651	927
637	905
664	816
644	916
622	704
616	645
606	632
650	667
644	764
730	826
771	764
704	777
776	721
778	856
796	783
678	829
726	722
729	606
678	726
642	870
636	936
680	766
692	903
695	865
635	674
682	791
700	868
716	761
770	1067
775	1066
736	792
783	834
823	809
818	979
763	933
781	988
764	883
768	820
707	815
713	869
724	934
739	750
755	828
696	798
704	825
681	771
697	839
704	830
755	843
839	653
824	806
787	741
837	741
844	836
787	838
755	835
783	971
705	848
687	976
685	959
686	970
738	987
720	786
736	877
748	808
793	771
745	785
762	823
671	963
709	962
746	827
767	777
737	783
707	854
755	972
713	1061
655	1087
658	1116
654	1011
653	1000
691	886
584	828
612	837
595	837
657	918
650	900
617	960
631	1038
585	914
517	906
603	1141
525	913
600	814
565	937
553	804
577	844
547	802
574	830
597	801
527	874
505	807
530	803
550	704
482	884
565	834
510	819
525	840
534	741
542	888
541	780
560	793
533	842
515	830
545	1016
527	729
559	763
517	809
513	828
513	852
501	896
524	741
507	740
510	988
479	1030
511	930
480	925
483	981
523	679
468	801
437	817
508	1010
518	968
564	833
536	820
546	811
510	727
554	648
517	624
571	813
475	604
495	794
453	801
507	913
494	791
474	782
529	953
561	829
613	955
536	1100
530	954
470	925
498	734
502	734
458	917
455	963
470	812
491	797
471	870
477	890
497	920
555	800
492	844
530	770
548	850
460	713
574	768
529	789
530	1118
456	830
488	833
505	819
504	1056
532	1030
503	985
531	791
487	705
569	955
562	907
560	823
523	861
522	685
539	778
520	776
525	837
534	855
525	1049
556	895
546	758
622	832
575	837
563	758
616	888
671	868
590	931
608	974
632	828
649	795
630	853
619	907
588	1020
624	910
616	854
619	894
574	883
549	971
588	1005
578	938
613	805
535	857
572	826
651	844
633	740
548	789
602	889
591	932
664	850
805	1014
719	801
658	882
690	920
689	992
677	912
756	967
649	961
635	790
607	883
638	896
689	744
610	755
591	849
610	816
576	871
602	732
593	853
552	914
645	838
598	764
654	695
641	953
711	814
729	763
772	642
792	699
770	633
770	764
750	753
783	672
809	848
817	807
809	686
808	737
748	683
787	768
765	873
715	736
699	597
759	869
680	747
655	680
670	821
693	777
682	819
696	785
646	740
683	731
752	765
777	813
697	910
779	738
759	835
858	820
777	804
808	708
889	681
871	643
893	689
801	690
835	787
897	731
857	678
795	560
860	704
826	692
800	539
718	696
759	590
788	823
774	839
798	861
784	892
748	842
729	729
818	845
706	744
682	717
722	788
811	725
747	813
745	774
715	821
742	710
749	710
707	850
765	891
709	860
681	747
690	699
674	618
671	767
619	952
676	815
660	669
654	707
622	860
641	928
581	946
643	916
641	856
619	799
592	791
594	867
582	846
536	1046
596	947
528	881
588	874
532	1024
602	882
536	965
612	915
491	969
548	843
544	783
519	717
548	633
491	680
506	710
532	741
519	766
549	745
524	733
533	703
485	778
544	805
517	834
561	774
498	726
517	762
494	854
561	691
521	630
503	567
450	719
482	786
473	712
444	819
541	949
501	729
485	656
545	774
500	1031
542	1132
527	1101
557	843
510	811
438	814
445	817
463	795
410	819
503	997
599	1013
571	928
543	833
519	895
505	796
532	849
472	850
430	944
496	901
505	914
469	648
476	747
517	724
559	880
524	810
543	767
510	807
506	713
511	779
505	975
576	733
572	838
513	679
584	790
533	870
532	903
481	877
570	849
538	936
584	969
440	892
557	806
502	826
533	950
474	882
487	902
498	933
496	983
478	1057
488	967
525	709
514	766
502	839
510	861
503	846
528	826
456	775
513	915
504	1001
511	774
488	830
521	922
504	886
527	932
568	735
547	755
580	787
481	747
488	649
454	844
471	849
526	729
512	821
450	810
516	838
505	658
528	605
547	690
519	806
546	946
579	886
533	1030
594	703
514	839
554	990
528	905
545	947
510	928
514	946
528	883
520	906
577	1000
552	1144
532	947
527	917
558	914
556	1000
534	815
564	888
523	1210
546	1162
530	951
571	991
610	929
584	833
577	874
633	1004
604	1016
521	995
549	938
565	1166
559	1038
495	1051
557	1202
629	1086
593	1137
566	1004
607	884
594	819
522	820
542	920
528	925
625	808
636	1102
577	855
538	940
563	860
573	910
547	879
594	942
524	868
522	698
505	619
494	695
479	650
499	687
493	716
488	555
483	597
495	683
514	740
553	608
522	609
556	765
535	922
525	798
526	740
506	707
487	779
505	682
509	698
542	860
551	857
536	689
547	821
486	880
534	786
509	900
546	946
577	846
515	977
511	1127
548	1110
563	929
533	1030
569	825
525	785
521	831
548	735
510	858
612	724
505	740
571	694
566	614
558	705
594	620
482	629
532	724
560	628
532	686
618	649
550	608
554	686
545	772
568	792
605	758
576	936
555	731
544	742
531	728
544	613
533	492
473	576
532	584
546	645
468	612
493	830
496	764
524	702
552	971
586	884
563	771
596	739
514	757
554	771
549	790
547	858
493	900
541	766
479	1049
537	813
534	957
557	871
590	942
620	801
528	835
646	850
629	893
575	910
616	828
620	955
602	968
626	799
626	863
587	665
525	666
483	761
528	682
493	739
563	729
529	702
584	827
464	711
489	703
534	589
510	732
481	661
540	620
484	793
561	827
550	920
486	830
528	930
531	748
494	836
468	795
523	922
503	847
485	776
445	787
468	738
481	828
511	972
451	827
454	797
530	764
490	709
584	807
505	669
563	832
520	989
513	891
531	766
523	862
533	796
472	822
494	762
440	718
556	765
468	791
472	752
492	703
462	863
535	765
490	980
542	878
530	956
496	876
539	953
491	959
493	817
522	860
551	813
564	843
532	765
508	692
490	587
489	763
461	798
455	998
464	984
515	948
499	868
558	841
468	784
505	740
506	589
509	690
543	710
503	711
507	810
461	811
519	827
539	726
489	795
500	750
478	759
507	800
484	718
540	705
490	779
474	703
530	673
512	630
490	525
446	651
502	592
506	606
500	691
470	728
528	757
531	724
500	714
503	723
508	795
494	709
501	663
489	627
504	712
517	868
501	887
492	734
471	835
470	776
483	613
514	645
504	668
503	789
602	848
572	864
512	878
530	902
514	1031
587	913
559	828
554	759
560	680
516	795
508	980
502	759
508	715
528	747
550	709
507	758
510	806
476	902
502	772
553	878
547	770
539	811
494	838
484	829
460	935
541	932
544	1002
492	1122
485	782
515	667
468	814
445	821
521	907
482	1052
472	863
443	926
509	916
515	765
540	865
482	734
477	924
565	638
478	665
419	646
432	693
498	806
505	693
457	717
541	740
492	754
484	917
463	938
450	856
541	912
509	797
490	684
483	730
467	661
449	723
440	778
469	658
479	624
457	733
456	701
488	744
523	766
483	694
474	708
459	745
433	787
436	934
435	935
422	819
418	949
496	874
510	919
461	912
456	1045
488	1017
484	1119
454	1077
485	1020
502	842
521	913
534	1014
497	894
464	926
517	943
498	851
499	955
461	942
445	891
525	1115
539	1109
522	904
495	910
485	732
456	756
551	809
497	757
488	1012
449	819
474	897
479	789
473	838
466	821
485	886
513	716
466	693
486	776
546	613
473	971
438	951
530	977
526	942
474	898
593	877
545	917
474	826
451	709
455	566
472	692
464	661
524	763
457	830
450	875
474	795
490	805
446	693
461	862
496	698
502	820
486	840
552	873
458	895
489	950
433	1057
436	883
482	928
471	989
500	1040
502	896
505	851
458	1188
419	1037
461	918
450	882
421	793
459	815
532	853
491	806
449	864
429	779
407	646
435	794
455	885
451	853
528	936
508	850
472	894
494	849
525	953
403	864
472	868
466	912
515	1253
509	1134
552	1133
529	1087
560	897
506	952
496	876
508	855
555	938
537	911
478	1024
527	791
525	742
530	893
525	639
498	751
450	1033
478	889
479	864
453	875
430	742
436	856
467	841
465	992
478	955
476	874
432	834
472	732
420	874
444	845
426	734
445	738
390	911
460	860
430	1067
467	1072
458	934
452	1003
467	904
445	865
447	969
476	1066
481	932
501	710
472	778
458	824
453	760
465	729
488	847
428	834
546	886
516	902
448	836
492	833
505	787
463	784
463	754
470	787
504	753
458	717
484	820
501	852
458	788
420	697
440	841
476	785
471	734
522	797
509	885
457	815
489	780
456	737
446	670
463	612
496	817
462	886
497	836
471	872
499	738
512	774
505	714
532	818
528	832
522	849
507	1038
526	876
522	920
519	828
490	831
543	628
520	580
557	700
584	767
621	673
567	630
542	893
616	832
631	839
521	718
601	923
576	796
605	754
543	886
549	960
586	917
599	885
608	803
643	782
596	832
631	929
612	901
659	1023
571	779
591	929
588	829
587	849
600	695
582	789
587	929
639	831
629	747
590	911
569	843
515	838
535	891
495	759
509	761
562	777
559	761
538	728
564	778
546	727
580	871
523	822
516	763
518	766
525	967
573	707
632	815
613	838
616	711
580	832
589	863
575	940
576	889
561	887
602	883
580	833
626	865
631	760
610	984
606	923
623	813
526	863
568	952
537	860
593	730
680	686
733	801
616	826
634	807
591	806
696	800
685	952
749	794
706	800
702	868
839	855
898	746
893	844
832	823
911	782
850	856
800	729
896	765
776	735
742	770
729	744
807	638
792	749
718	665
755	733
802	666
797	875
785	844
772	845
846	592
818	758
842	659
803	759
735	798
704	797
686	710
841	736
949	757
873	743
850	841
998	869
1345	939
1863	966
1975	858
1630	875
1856	939
2357	831
2884	1048
2811	1208
2660	1075
3168	1145
3402	1349
3659	1399
3428	1426
3602	1390
3537	1534
3331	1472
2847	1187
2089	1116
2254	1017
2681	1182
2473	1185
1883	1195
1710	1138
1780	1101
1855	1108
1520	1088
1269	1104
1232	1014
1244	1025
1241	1008
1484	898
1816	922
2401	784
2433	825
2226	1026
2052	1019
2008	929
2046	795
1831	947
1752	1026
1451	1038
1551	969
1754	900
1799	879
1765	963
1864	870
2121	858
2030	826
1903	962
2073	947
2029	918
2174	973
1936	996
1613	818
1351	798
1554	790
1384	805
1320	848
1186	897
1323	891
1554	861
1455	955
1315	1057
1222	994
947	926
892	903
805	747
719	779
602	774
678	879
662	983
621	835
660	943
614	916
621	993
632	781
596	877
532	894
476	828
552	769
584	881
541	853
472	1046
505	891
458	1011
511	881
539	875
523	877
473	947
561	1024
548	1008
537	907
508	917
506	886
513	902
500	838
507	613
510	604
505	712
549	595
502	657
466	678
500	800
473	784
477	794
477	861
469	787
518	909
460	841
460	937
522	977
489	1136
442	899
450	966
483	933
427	883
495	878
434	742
401	662
460	703
423	613
429	840
438	794
459	798
449	822
440	891
452	877
420	851
380	821
409	738
431	771
483	937
446	1026
475	894
478	794
508	741
450	812
444	784
485	787
445	799
410	822
408	903
474	837
422	854
513	950
446	811
464	777
492	796
388	786
492	758
423	592
467	651
451	744
522	661
555	701
535	717
489	736
503	661
459	826
502	836
474	895
475	768
535	852
512	760
548	802
560	835
449	836
478	690
508	607
461	630
531	789
501	674
520	760
448	742
494	806
507	775
495	978
570	826
512	749
565	775
517	656
559	959
480	892
453	605
467	737
506	533
513	696
405	706
446	729
505	723
452	805
481	925
501	830
429	843
472	915
501	765
472	708
447	832
449	858
481	868
440	847
464	811
453	831
436	630
444	662
475	815
446	621
461	664
485	686
485	900
497	840
512	809
483	926
410	902
435	794
459	901
462	817
425	929
433	918
464	746
464	859
484	892
476	791
468	827
513	853
539	831
521	835
483	764
495	721
492	765
515	695
510	627
554	751
485	847
502	833
523	941
466	725
416	771
426	818
460	858
527	849
519	742
553	859
455	731
530	827
478	857
500	910
419	780
476	833
514	832
445	925
460	825
436	703
431	864
437	832
446	1071
469	972
455	744
443	841
524	850
535	1012
495	801
452	915
448	941
476	761
464	872
466	735
379	751
398	704
440	744
437	702
412	749
459	840
463	910
423	809
440	730
408	779
414	838
402	879
474	888
456	770
438	797
451	755
480	733
471	781
489	754
525	724
497	829
464	775
492	720
458	851
478	738
516	690
541	856
487	820
458	637
546	786
438	784
438	844
433	877
438	958
475	924
436	1011
484	1057
497	1056
455	1030
480	1065
450	1392
486	1178
531	1223
444	951
451	815
503	677
507	844
469	835
485	894
497	993
496	990
493	842
462	838
486	849
430	1020
478	855
557	952
528	864
534	692
518	651
460	605
443	694
428	733
470	768
481	870
521	860
452	838
456	796
481	658
494	744
425	760
423	714
444	686
357	667
508	864
507	699
447	875
429	935
454	898
436	851
416	750
409	833
464	806
453	801
442	777
507	825
480	727
496	753
519	823
483	757
493	779
451	777
462	857
495	984
491	987
499	687
477	744
521	823
520	817
500	825
460	887
486	1000
497	892
445	890
538	959
527	892
541	1075
497	987
527	1009
455	853
506	674
448	792
441	808
469	879
493	1068
532	845
523	1007
541	904
498	1019
488	1002
556	1009
539	834
472	948
495	781
563	735
529	848
503	1013
514	1081
542	871
502	767
480	693
538	709
572	799
575	910
640	739
625	808
627	765
532	748
526	840
530	940
558	1003
574	1087
488	914
536	760
529	838
544	874
526	873
481	830
529	966
528	1116
508	912
566	706
544	782
480	909
439	912
543	997
519	840
534	769
477	662
504	700
548	740
518	765
452	837
438	859
497	856
499	768
525	723
477	838
497	707
422	723
513	759
511	863
493	928
495	977
459	897
481	816
490	782
484	754
502	771
453	954
482	893
493	796
548	792
486	706
440	767
456	806
459	810
484	794
497	772
480	808
479	695
500	578
469	557
420	701
471	741
418	695
423	773
427	614
445	766
453	746
468	834
518	713
506	751
491	676
578	700
508	830
585	810
593	929
524	759
514	721
509	805
519	853
527	858
536	804
605	756
588	849
589	1041
584	1000
587	828
566	954
620	780
596	857
622	772
553	810
574	852
663	774
640	823
593	903
556	851
559	1086
611	852
563	813
626	705
545	764
573	801
567	899
537	706
516	841
501	875
541	805
609	962
576	882
577	865
591	893
559	900
604	856
608	822
548	807
465	687
523	711
505	699
555	670
536	829
509	827
521	751
537	753
488	911
482	884
536	937
506	852
501	1007
534	809
483	599
479	753
485	656
480	655
474	871
517	906
461	901
449	1058
463	862
495	877
497	975
406	946
436	1199
448	1112
465	888
520	863
470	777
508	827
519	916
429	884
481	948
547	989
506	808
458	823
412	801
424	801
428	831
462	872
552	1146
450	801
429	778
460	862
548	849
467	689
477	754
519	907
454	940
535	774
465	823
446	797
452	853
506	807
461	732
470	856
523	771
500	715
545	791
504	675
475	685
530	645
491	913
476	903
541	717
528	758
476	680
442	640
490	656
518	734
434	824
489	843
461	907
448	770
484	802
476	825
429	934
475	842
469	814
433	766
485	840
482	963
454	1116
448	980
466	841
425	777
459	867
459	944
406	742
451	833
444	787
430	720
461	746
433	921
471	1037
551	810
511	833
493	906
504	936
488	926
487	874
606	882
498	940
449	892
469	729
490	762
534	981
430	900
475	799
516	881
418	1114
545	876
453	1059
550	842
528	804
538	925
572	736
595	720
580	778
609	692
701	676
653	748
563	796
541	911
521	913
545	746
669	734
718	771
613	746
618	755
725	723
786	722
800	943
846	598
844	865
838	600
924	590
813	785
838	804
794	666
767	687
738	626
751	719
856	731
781	773
728	787
869	722
781	805
866	820
761	901
791	873
728	859
667	1042
609	903
689	761
661	841
646	906
617	948
595	1048
647	922
569	909
712	789
635	817
669	882
618	943
620	805
577	746
662	786
691	810
579	904
580	853
575	803
584	835
536	907
590	828
594	815
580	856
587	823
588	869
562	1032
558	1003
609	1106
483	956
507	857
438	733
482	704
456	880
475	756
537	732
521	822
482	713
495	809
509	900
499	785
530	678
464	719
533	844
500	900
528	911
504	817
500	686
519	663
555	604
555	663
559	850
516	823
491	736
462	643
500	650
520	647
514	669
505	639
531	802
491	850
510	695
507	758
521	731
488	660
508	684
511	663
529	766
604	731
628	854
493	893
585	857
542	747
476	687
524	694
516	712
547	692
610	639
483	660
500	729
606	918
496	776
463	796
510	894
456	886
494	769
477	888
445	909
488	768
474	916
482	841
445	875
507	820
548	838
525	886
513	1098
489	853
474	826
449	713
458	690
470	827
482	765
492	702
529	787
511	797
526	799
501	961
505	790
486	763
548	801
528	682
462	965
572	701
472	698
539	915
554	930
625	1064
644	953
634	977
694	874
716	893
703	767
636	790
652	724
719	869
790	841
905	930
798	807
910	939
1129	874
1312	788
1472	849
1540	878
1665	926
2225	901
3138	1007
3651	924
3817	931
4071	949
5299	1103
6827	1045
7751	1250
7251	1287
7239	1182
7785	1062
9199	1273
10386	1582
10100	1519
9744	1438
10161	1543
11094	1792
12093	1646
11884	1635
11815	1538
11735	1620
12923	1822
14056	2377
14314	2407
14316	2385
15239	2660
16259	3772
16928	4035
17006	3841
16766	3607
16506	3434
16442	3208
16612	2892
16154	2692
16249	2452
15779	2507
15667	2426
15753	2396
15666	2480
15876	2371
15750	2483
15906	2807
16008	2726
15763	2757
16022	2858
16157	3053
16224	2885
15996	2717
15970	2932
15819	3003
16119	2929
15740	2867
15476	2596
15021	2392
14641	2068
14349	1962
13512	1566
13120	1607
12697	1415
12368	1479
11838	1331
11802	1312
11521	1328
11596	1388
12147	1454
12512	1424
13048	1622
13518	1871
14180	2187
14640	2183
14878	2618
14993	2832
15167	2811
15149	2496
15160	2383
14571	2204
14269	1924
13467	1824
12929	1753
12069	1791
11549	1762
10968	1493
10991	1425
10685	1317
10503	1366
10811	1483
10802	1472
10824	1411
11398	1457
11836	1615
12320	1702
12645	1789
12946	1914
13220	2019
13320	2109
13329	2085
13353	2045
13288	1921
12640	1947
12709	1864
12612	1935
12271	1829
12469	1841
12191	1858
12195	1746
12370	1879
12377	1799
12304	1684
12308	1881
12448	1796
12759	1845
13241	1882
13654	1882
13722	1994
13834	1936
14396	1992
14796	2121
14726	2226
14949	2244
14992	2442
15171	2512
15721	2669
15718	2747
15450	2587
14994	2311
14869	2139
14646	2003
14112	1976
14259	1811
13678	1803
13794	1909
13595	1764
13240	1724
13224	1700
13692	1738
13576	1856
13747	1771
13664	1914
13901	2149
14021	2189
14321	2214
13817	1967
13312	2026
13254	2029
13316	2077
13389	2012
13188	1949
12822	1912
12126	1835
11845	1796
11699	1821
11607	1580
10581	1548
10083	1484
9940	1489
9937	1572
9607	1318
9231	1410
8521	1380
8402	1136
8665	1198
8628	1388
8164	1320
7774	1124
7682	1238
7833	1205
7907	1193
7319	1241
6716	1117
6193	1023
6015	1039
6122	1119
6101	1023
5823	994
5351	1103
5285	998
5098	963
4708	860
4499	949
4296	953
4052	873
4080	918
3959	1006
3722	994
3568	940
3660	919
3871	899
3956	806
4314	813
4532	943
4541	792
4655	823
4675	803
4785	798
4564	1097
4221	1001
4019	960
3936	846
3809	885
3901	785
3896	897
3750	883
3648	783
3517	717
3429	865
3557	750
3565	740
3730	753
3780	831
3921	873
4005	883
4254	816
4387	898
4357	1000
4342	970
4138	1065
4048	1018
3839	972
3712	933
3644	843
3379	964
3128	863
3004	822
2930	815
2650	798
2799	900
2803	963
2751	1014
2913	1030
2997	925
2842	987
2800	985
2885	962
2958	986
2925	940
2821	851
2722	921
2734	964
2623	891
2566	954
2526	929
2263	788
2163	819
2001	936
1989	863
1871	822
1847	765
1694	926
1780	897
1798	808
1822	762
1861	812
1741	764
1867	857
1726	853
1826	914
1723	806
1711	784
1621	634
1647	806
1659	727
1566	706
1372	740
1310	719
1327	733
1316	788
1240	938
1254	942
1195	947
1081	843
1052	919
1136	817
1027	879
962	904
991	862
1015	800
1002	858
941	784
977	831
858	872
965	852
884	841
798	888
771	833
870	942
800	979
834	1101
864	883
787	899
796	848
804	1017
727	731
705	735
665	789
575	766
663	921
641	807
634	758
663	862
605	845
640	738
577	651
667	828
614	890
564	859
638	1028
619	990
663	871
687	783
803	848
865	766
822	920
762	802
789	659
916	663
1035	774
1035	620
1097	606
1140	730
1423	675
1684	747
1737	843
1688	851
1762	956
1894	767
1969	897
1940	713
1899	686
1894	707
1739	871
1970	810
2154	812
2153	862
1972	948
2227	862
2168	742
2354	743
2401	846
2559	791
2479	937
2588	903
2625	1013
2635	1087
2629	860
2524	868
2302	838
2096	923
2051	854
1923	856
1816	919
1866	871
1663	904
1648	854
1738	750
1680	759
1661	931
1489	877
1514	897
1490	938
1473	854
1287	976
1125	855
894	660
886	676
801	681
875	718
751	740
676	636
695	733
743	709
687	687
614	876
661	730
655	815
594	772
586	843
547	771
593	902
570	667
514	901
580	729
559	752
621	708
664	780
704	870
675	872
633	831
675	747
758	931
701	787
723	679
746	876
789	846
700	743
712	878
690	1086
670	903
693	966
614	813
590	836
634	935
611	851
530	904
553	864
537	868
520	736
574	748
530	681
490	771
492	745
515	811
482	809
524	815
510	1001
472	825
545	753
481	751
550	830
517	658
480	568
515	670
494	742
511	846
450	858
484	898
476	826
510	707
469	823
520	927
504	867
496	743
542	696
522	771
531	761
440	813
505	825
480	676
519	642
481	654
479	575
465	932
493	767
504	664
497	808
542	702
521	764
480	641
504	690
492	643
469	786
535	759
558	749
507	823
482	821
542	891
558	899
484	805
550	768
591	804
531	1023
618	979
479	1015
484	984
486	1008
456	802
514	885
534	765
490	853
450	1014
516	1084
485	994
525	806
473	957
493	980
514	768
617	707
526	828
543	831
636	859
675	689
661	692
724	742
646	656
670	740
638	717
662	727
688	758
668	788
733	850
687	966
728	872
739	912
684	901
599	749
587	799
591	733
565	821
548	778
485	913
582	1117
523	967
524	720
581	834
508	798
503	906
465	982
505	798
513	600
480	749
435	729
483	689
441	746
441	693
409	752
447	835
534	727
497	696
446	742
458	739
460	796
483	757
460	807
491	761
438	743
486	713
494	792
501	750
508	618
501	641
477	590
461	784
489	685
513	758
458	858
484	825
494	742
475	918
451	843
488	850
498	727
467	627
479	732
457	725
437	752
435	810
469	988
409	967
411	1009
480	966
499	962
459	823
484	937
496	866
558	973
529	872
538	752
524	841
554	848
566	712
636	780
688	789
614	797
557	943
628	818
624	851
718	840
649	713
811	792
901	877
1034	975
1697	1066
2457	1240
2341	1149
1975	1055
2825	1139
3954	1641
4689	2085
4754	1885
4450	1638
4398	1741
4213	1555
4330	1821
4548	1723
4709	1496
4538	1560
4521	2112
4663	1869
4301	1911
3976	1905
3812	1836
3553	1566
3243	1560
2954	1385
2448	1101
2478	1354
2322	1274
1485	1046
1230	1085
1148	977
1273	917
1070	956
770	815
731	705
578	757
639	965
592	789
573	698
630	755
558	698
621	778
549	855
547	878
530	912
624	872
592	867
542	844
543	793
538	815
558	826
511	809
512	755
456	779
496	637
538	591
520	696
498	767
515	712
495	729
556	794
479	697
473	768
518	929
543	958
536	742
476	909
601	936
507	908
596	959
587	928
620	757
585	864
560	870
630	755
559	797
556	775
542	716
498	816
566	888
607	926
550	823
546	653
542	788
546	749
559	745
565	748
643	866
580	870
570	758
629	820
600	730
568	682
561	746
591	661
506	645
465	653
545	594
568	804
591	751
521	900
521	882
534	924
528	957
550	976
501	803
517	835
501	818
516	722
586	876
534	927
574	939
550	1112
528	1027
566	908
554	816
545	789
562	898
595	912
587	996
585	825
560	863
557	766
596	796
588	800
584	1050
546	738
512	718
513	758
536	912
514	894
484	765
511	1000
480	825
544	793
491	897
586	724
559	738
533	899
499	902
547	812
564	865
525	801
568	917
560	935
581	826
597	752
530	771
589	770
593	941
539	979
544	932
544	992
518	771
461	818
515	726
512	719
592	717
600	952
551	929
586	791
518	783
512	892
516	845
555	611
485	681
503	707
495	786
553	795
508	707
466	669
463	727
497	715
489	790
425	682
454	721
449	708
462	678
494	764
485	880
490	903
471	876
472	867
514	581
518	679
558	749
511	846
521	808
583	953
543	851
560	896
528	849
556	951
570	748
554	761
496	809
439	766
505	799
552	873
568	711
540	765
512	821
484	758
520	733
497	893
427	790
495	669
481	770
461	709
456	714
484	822
433	859
482	879
510	752
501	840
460	707
467	733
489	717
474	681
466	563
493	668
467	786
492	739
480	698
415	789
465	870
499	706
490	820
463	909
473	886
465	782
461	692
465	797
451	724
429	870
509	823
461	756
452	691
463	691
425	852
467	872
428	920
472	1003
513	951
506	907
494	920
509	787
483	787
444	681
515	842
482	687
472	698
448	625
470	691
555	729
479	923
580	926
521	960
507	969
508	994
504	860
474	946
495	839
513	942
555	662
507	740
494	840
455	904
555	847
485	920
508	677
553	881
491	830
494	787
463	924
467	971
557	926
460	818
498	802
454	806
547	709
483	667
468	627
483	748
512	742
527	683
522	759
583	766
595	783
532	922
611	745
523	694
496	716
545	896
496	919
504	837
518	795
536	777
566	628
579	734
530	796
532	757
569	729
541	734
551	806
557	825
563	838
553	768
592	679
540	900
575	717
543	816
527	902
529	854
493	674
495	822
483	815
501	905
526	882
556	713
558	859
615	969
644	904
534	1027
547	1015
550	919
511	937
517	944
577	1295
643	988
630	1048
632	931
691	927
673	820
665	854
605	849
588	905
580	917
549	925
470	848
588	814
592	899
613	802
596	707
601	961
570	874
460	721
606	739
577	661
560	711
563	817
565	802
585	792
583	713
592	730
569	912
577	907
537	964
543	971
541	964
557	959
539	704
551	710
553	814
597	681
496	660
519	643
508	802
544	932
568	929
467	849
524	724
577	864
594	755
638	692
722	756
698	864
665	975
685	1008
694	1011
725	952
698	1175
635	1037
807	948
937	994
964	949
1205	1008
1277	770
1366	841
1755	826
1969	1015
2002	1045
2087	876
2304	1034
2613	1152
2987	1201
3020	1166
2855	1075
2918	1132
3026	1331
3256	1371
2920	1120
2634	1006
2202	874
2090	956
1850	810
1763	841
1808	795
1762	809
1649	853
1467	753
1162	808
1207	736
1322	796
1110	789
846	756
783	614
680	681
694	761
686	758
728	783
568	791
554	987
594	1075
601	850
611	899
628	709
707	684
619	936
693	839
762	762
630	818
560	655
582	620
538	950
554	959
555	628
579	753
499	732
513	879
519	779
521	674
568	744
510	670
482	705
476	645
471	797
431	622
468	659
459	710
555	759
495	781
535	812
468	689
495	785
518	750
444	660
514	648
469	719
505	693
518	702
541	757
537	675
538	992
521	1039
466	754
476	838
460	757
462	679
401	699
554	801
529	813
492	711
579	773
565	751
541	866
539	979
477	998
552	909
534	722
487	828
497	907
483	891
482	832
447	889
492	849
524	749
467	724
497	914
509	832
443	764
466	820
436	774
548	643
469	746
528	869
461	793
424	666
434	797
484	944
556	951
495	833
467	796
456	844
521	764
475	773
480	891
503	860
514	789
458	734
527	719
535	768
529	835
486	780
482	812
474	885
498	924
562	871
550	817
510	746
481	783
406	784
474	748
459	766
462	709
483	1028
479	1040
447	892
472	776
503	789
452	722
463	842
495	859
433	830
445	752
490	847
457	788
439	748
472	990
534	1152
443	1168
457	1042
438	888
484	971
443	1065
465	1049
501	1080
472	816
407	841
474	919
513	873
451	793
523	761
502	885
502	764
519	904
496	990
491	833
526	824
511	910
471	752
542	620
528	719
517	743
467	973
510	946
480	847
540	724
508	673
507	791
591	937
531	817
541	899
544	903
499	853
491	909
537	996
631	764
608	818
619	849
636	905
603	846
630	795
672	747
635	756
650	847
653	886
673	946
722	877
872	855
893	900
848	990
1023	868
1018	835
1081	772
881	856
800	651
619	720
659	876
611	779
625	817
550	855
552	739
539	729
571	732
557	688
532	831
578	837
546	788
563	761
574	754
654	882
689	842
642	893
653	972
632	1049
630	763
496	884
519	776
500	871
581	825
508	771
462	979
504	925
509	880
546	811
552	833
572	741
587	737
581	933
572	1034
660	1037
586	934
597	876
655	931
653	1120
606	878
570	992
610	960
601	850
563	902
547	838
549	903
619	958
574	948
564	779
607	809
605	838
514	929
552	1050
509	984
584	925
535	886
565	681
538	764
565	754
564	677
568	768
524	880
593	1015
511	844
626	742
559	948
540	817
558	691
626	892
548	1008
500	913
534	912
613	961
520	880
493	888
470	731
476	900
486	790
510	816
541	798
527	1012
520	840
536	749
598	719
568	622
572	557
479	811
570	726
619	579
609	714
691	692
702	697
671	856
769	760
896	769
870	796
1062	770
985	926
869	836
951	903
881	868
828	964
785	967
702	1027
695	825
680	903
699	869
648	739
655	774
712	826
588	877
590	696
624	685
665	593
753	669
720	898
654	716
710	768
683	825
742	834
623	832
608	759
617	835
626	781
665	797
651	863
622	813
591	579
611	544
592	577
582	759
600	769
600	840
518	875
488	663
515	593
568	699
576	847
521	860
527	670
555	699
550	631
528	683
503	691
538	719
582	733
498	819
525	669
533	712
578	815
541	829
540	798
534	854
535	795
570	913
517	1083
586	914
579	772
693	712
580	761
687	720
635	826
656	784
579	783
574	748
562	882
557	740
610	815
598	643
575	548
565	553
561	570
571	646
574	566
570	613
565	655
550	601
609	637
608	732
601	750
539	715
556	743
541	1007
503	667
513	714
529	885
576	771
603	777
568	737
601	612
593	646
637	776
627	707
686	889
670	751
652	833
720	977
683	894
685	749
742	778
745	734
720	707
699	756
717	783
930	999
1102	890
1154	1013
1181	1117
1121	785
1183	762
1320	887
1375	662
1544	706
1499	771
1568	763
1770	671
1909	634
1859	760
1941	845
1911	778
1839	953
1802	774
1619	846
1598	834
1646	819
1586	792
1647	917
1697	917
1746	959
1793	1068
2000	1062
2512	968
2517	982
2399	947
2502	936
2497	972
2339	829
2221	868
2174	947
1899	990
2021	1167
1995	992
1875	882
1960	838
2051	968
2035	780
1914	801
1445	775
1252	1057
1136	938
1108	881
980	893
783	795
762	885
747	813
746	777
758	982
706	864
660	873
660	781
658	594
599	568
607	680
623	591
582	538
612	651
544	706
521	564
561	621
556	642
492	641
547	763
461	729
452	733
486	745
482	789
489	866
525	750
460	823
482	749
500	575
463	615
482	764
444	735
416	740
385	1041
439	871
425	815
501	921
462	977
452	927
464	966
520	972
433	865
482	764
441	967
441	898
427	938
385	919
420	830
488	878
498	912
409	867
437	986
529	1017
455	1038
460	983
465	894
487	881
424	886
434	910
455	829
465	902
457	914
466	914
511	847
462	944
503	1026
500	928
494	944
451	888
458	936
426	810
420	825
442	908
403	976
486	843
442	927
397	756
384	770
466	718
436	789
403	861
390	879
415	1000
466	928
426	1011
477	1015
444	1057
511	725
460	762
403	764
438	685
485	937
507	900
417	950
395	1105
522	1150
486	916
467	848
428	1071
442	888
472	816
524	854
428	739
445	995
533	841
514	707
510	675
520	560
473	666
523	652
485	607
459	734
501	702
524	850
499	839
517	982
482	974
471	984
481	1145
423	863
469	740
461	726
466	710
490	709
490	753
475	788
456	855
473	957
489	731
461	797
450	800
463	670
474	813
495	828
498	779
504	822
469	727
497	930
502	787
467	895
457	1027
460	744
421	760
439	754
490	722
492	857
467	841
526	981
463	677
525	743
462	766
438	932
504	1095
529	1002
487	779
517	969
493	669
517	616
507	779
497	791
442	653
411	725
451	855
435	764
463	866
445	814
510	789
443	709
467	687
479	719
481	669
468	912
512	946
467	734
497	719
533	719
559	648
482	601
485	683
450	857
469	841
471	632
443	737
526	889
454	934
533	902
530	716
503	679
522	700
531	754
515	808
519	789
583	794
478	794
476	835
534	969
468	840
481	869
526	849
501	905
480	872
490	884
449	834
526	742
538	1043
471	993
494	879
532	904
505	968
521	989
468	861
417	655
506	639
450	614
514	739
550	679
543	817
495	843
515	658
454	737
432	688
446	726
458	773
504	724
480	611
480	726
460	735
508	848
498	854
492	877
427	698
483	640
482	716
504	703
461	730
480	774
399	727
483	790
436	782
421	929
434	956
480	990
469	1414
453	1117
461	923
448	1058
438	902
518	702
503	1036
472	1645
487	1138
489	935
503	798
484	882
495	879
459	979
557	1203
465	911
471	1134
482	1135
547	988
467	783
515	788
577	944
462	932
477	912
518	708
533	792
486	845
531	666
469	753
442	765
422	733
456	767
497	763
500	1120
435	1046
472	855
502	714
493	629
516	728
510	727
542	702
496	819
469	877
497	784
538	811
467	762
524	626
517	521
461	729
434	687
508	933
500	836
489	759
500	758
513	684
482	646
470	568
479	744
526	677
534	701
494	713
429	699
467	847
490	830
424	858
513	715
472	690
433	615
442	610
471	610
486	750
407	793
407	733
420	736
487	858
387	739
420	640
503	580
446	759
495	743
432	652
482	750
438	965
439	875
472	979
461	890
468	798
486	629
472	703
490	789
476	668
434	737
427	798
422	761
401	732
411	827
423	1027
429	879
449	851
426	904
397	897
423	1017
437	958
498	886
470	765
487	583
510	703
488	714
472	708
473	931
431	949
418	1066
453	903
447	771
488	801
491	816
483	755
442	881
499	847
447	789
466	818
471	705
509	777
482	599
487	549
482	659
581	614
532	721
447	719
428	936
410	877
430	907
438	800
480	802
510	722
468	889
487	725
510	845
454	1033
483	1001
502	919
481	805
500	770
571	888
550	1068
511	1004
553	789
557	708
519	702
462	837
420	811
492	698
519	739
447	778
533	797
502	719
472	811
518	849
480	844
465	812
523	782
552	867
433	808
518	963
461	898
503	793
555	777
654	740
624	709
635	855
629	905
798	856
762	863
687	786
636	867
692	802
847	659
861	944
750	687
699	864
752	742
886	745
1115	757
1205	640
1171	657
1475	839
1968	954
2197	838
2296	780
2165	901
2343	923
2577	742
2952	895
3194	986
3099	1012
3357	1058
4238	1236
4826	1217
4188	1322
4246	1347
3829	1527
3598	1337
3107	1191
2999	1254
2992	1207
3280	1182
3492	1332
3709	1252
3941	1220
3993	1252
4075	1298
3881	1180
4496	1301
4821	1564
4644	1247
3973	1288
4172	1342
4692	1213
5200	1371
5387	1395
5538	1532
5452	1364
6027	1290
7157	1566
7416	1730
7020	1670
6204	1617
6984	1807
7728	1811
7912	1662
8169	1492
8314	1631
8023	1582
8498	1796
8386	1836
8469	1949
8670	2037
8632	1972
8755	1967
9178	2055
9161	2027
9050	2221
8693	2406
8803	2345
8363	1999
7929	1851
7780	1488
7782	1716
7073	1731
6231	1775
5761	1812
5408	1655
5602	1404
5467	1318
4530	1301
3582	1152
3331	1179
3282	1071
3003	1118
2611	1099
2179	1072
2175	952
2083	953
1780	968
1585	984
1290	995
1131	870
1254	896
1257	856
1113	796
935	780
917	851
874	765
907	644
796	737
721	840
701	867
683	800
703	731
714	635
634	785
744	680
840	787
806	655
724	688
651	561
683	629
709	705
622	876
593	870
657	760
660	801
651	883
624	655
653	635
579	646
593	606
562	540
554	610
549	670
545	658
577	887
565	712
539	865
605	843
658	819
592	762
568	797
571	695
617	776
574	943
582	710
550	693
673	673
566	704
528	666
556	757
520	809
667	712
654	821
527	648
556	680
588	754
510	620
521	897
537	654
526	628
483	518
502	617
467	678
547	798
489	535
509	810
489	823
447	783
448	679
467	715
486	647
469	752
443	781
465	802
491	752
445	678
442	868
441	831
470	913
437	869
457	731
461	600
524	800
545	854
458	787
472	834
508	847
498	867
502	915
514	890
537	953
543	781
574	855
587	1023
630	933
712	897
715	766
661	803
716	747
677	648
645	801
642	891
688	802
714	732
656	701
623	770
648	679
594	786
583	841
606	780
527	770
470	804
497	733
496	735
546	793
552	878
552	714
556	990
620	816
667	1078
594	892
639	800
646	781
647	696
651	780
615	877
628	760
714	978
718	836
751	851
765	658
762	895
733	825
773	729
760	687
800	877
845	827
813	971
924	905
805	872
806	815
788	818
758	772
709	871
653	848
651	829
706	801
722	909
786	759
769	692
819	714
884	655
952	855
1004	768
1047	708
1042	773
1029	768
981	981
916	858
887	828
888	850
846	830
897	877
739	853
720	786
695	906
721	789
738	1008
780	741
809	839
849	854
828	753
943	854
1024	814
1053	736
991	867
954	765
1080	725
1009	733
1105	851
1111	716
884	767
819	831
809	840
780	735
709	845
704	943
628	844
710	804
653	775
607	709
529	800
475	859
449	736
532	784
534	896
543	912
532	921
498	920
503	1032
514	1118
485	950
481	1069
383	879
470	809
524	878
492	732
421	871
469	927
476	927
438	930
454	1224
477	1237
516	1083
493	1049
462	977
437	1011
529	957
495	1155
458	1056
469	1064
464	917
507	937
484	874
506	873
413	775
484	874
502	846
496	825
519	823
477	1028
446	842
477	923
515	860
555	842
518	878
464	683
510	736
542	684
525	665
540	635
498	786
479	761
471	678
498	675
478	771
424	678
494	952
497	930
457	708
430	741
448	752
500	758
470	642
517	733
492	791
547	621
528	740
490	697
533	748
489	821
450	825
544	717
532	754
475	853
478	663
469	737
481	668
546	749
487	772
543	890
496	752
544	771
509	802
528	774
439	622
512	705
554	723
511	781
528	670
552	714
574	690
518	628
503	768
560	831
531	878
484	726
560	612
533	630
552	761
621	817
580	845
590	724
590	753
565	745
558	731
555	686
525	611
544	681
519	772
532	783
537	658
528	626
500	666
502	648
551	799
454	913
538	905
527	906
473	1005
476	862
428	701
483	753
481	742
498	816
518	782
522	879
562	938
546	912
532	752
450	720
496	656
471	674
592	698
490	670
551	812
496	748
484	775
471	835
524	743
490	1075
448	982
487	985
489	810
514	789
505	792
497	616
499	754
463	695
552	732
521	805
516	687
472	662
484	725
495	742
509	754
481	803
434	713
445	802
486	932
499	944
499	1040
449	842
433	855
463	793
457	682
477	752
469	829
482	745
447	749
467	742
435	804
422	884
484	920
478	751
495	861
457	789
474	741
459	654
422	713
509	726
441	782
452	692
451	712
520	760
446	868
472	820
421	768
473	810
513	715
481	689
461	615
444	780
447	824
461	802
480	773
487	829
468	686
532	758
518	735
408	693
472	822
454	726
491	725
431	672
503	794
477	756
509	774
485	842
455	815
475	883
450	841
437	806
500	779
412	814
461	789
476	951
443	1034
459	1046
505	788
495	718
421	782
476	793
430	858
554	634
426	741
442	566
479	603
544	781
468	774
558	774
518	866
538	741
582	1069
482	1033
525	983
468	741
525	817
559	643
547	678
577	1012
569	1125
567	948
622	868
497	940
646	1021
515	868
574	879
572	834
558	752
544	630
537	715
533	740
532	867
557	728
522	689
478	899
510	1015
484	761
453	640
432	811
561	1082
492	936
493	934
470	962
456	946
398	1031
430	932
508	1022
528	1015
510	932
463	1037
460	948
514	919
542	892
480	885
492	882
508	889
482	753
519	820
541	914
448	785
505	1008
536	797
469	817
459	862
478	659
417	668
459	755
415	811
413	912
479	1149
473	956
487	1068
462	985
454	930
441	788
475	755
475	934
476	972
498	912
488	901
449	772
512	685
507	697
482	810
550	884
490	766
433	709
491	647
483	750
480	958
521	1024
492	929
438	970
484	891
520	972
467	775
460	933
477	912
511	761
517	848
490	864
443	984
461	794
515	895
464	819
473	670
478	797
497	787
412	814
498	713
473	678
487	763
553	689
514	808
496	943
484	854
468	763
532	850
541	1023
514	929
549	850
499	852
504	906
572	916
535	841
561	771
466	742
556	664
525	897
552	651
502	824
563	969
457	795
462	686
511	728
565	596
561	768
543	702
452	910
468	1036
527	860
474	724
487	805
553	787
494	772
486	639
477	873
449	846
498	829
489	679
474	753
511	890
513	885
524	765
491	753
518	651
560	762
525	771
579	871
529	975
522	945
458	737
449	708
478	752
506	843
492	720
529	771
543	853
487	860
523	860
594	867
540	858
504	668
540	807
482	902
471	902
467	934
508	843
482	907
485	701
514	679
494	796
479	722
508	908
475	744
486	875
471	817
440	714
463	646
439	652
398	710
458	689
455	785
516	862
509	813
482	842
477	768
484	778
484	1028
441	939
504	943
467	876
498	839
445	842
488	846
456	815
491	772
467	697
513	806
527	737
541	610
554	744
506	677
482	705
503	746
535	723
577	671
588	655
553	658
526	642
572	657
518	702
592	710
541	746
498	724
557	598
532	650
558	669
547	685
621	666
547	775
512	725
492	725
510	913
574	812
572	802
558	668
501	650
442	704
504	783
547	802
582	969
621	932
648	792
571	868
554	872
591	894
502	931
543	884
617	865
513	802
483	781
542	772
485	710
529	844
513	901
462	822
469	852
522	831
497	902
508	696
495	743
454	721
508	765
433	979
494	828
456	1047
488	971
506	844
482	849
497	715
524	767
547	932
535	925
498	809
520	809
477	767
510	749
504	846
483	728
494	745
505	712
471	732
442	682
477	695
464	872
469	787
450	926
484	809
525	865
476	838
455	1069
476	1110
528	1090
492	986
552	1012
518	933
480	834
473	846
481	817
504	808
492	810
512	867
449	794
452	728
511	713
485	754
475	823
545	799
497	741
478	753
525	774
472	800
493	760
506	694
499	807
489	833
508	841
533	789
564	743
442	709
488	697
474	741
438	893
450	784
477	887
503	845
450	752
497	912
483	870
512	910
440	937
436	825
479	744
500	749
529	784
447	746
445	800
452	786
454	1034
506	1141
480	791
508	789
426	863
474	800
480	798
502	698
469	768
507	720
512	746
535	712
494	745
443	559
466	736
537	785
503	803
435	899
465	1111
525	871
502	699
508	820
571	956
543	845
447	773
515	781
466	871
541	888
494	874
491	647
538	760
496	824
480	812
486	765
522	690
551	800
514	808
525	776
486	919
482	827
457	806
504	853
548	749
501	761
530	964
467	981
545	1061
501	885
522	771
504	965
487	1065
460	777
481	890
560	977
489	1061
510	896
467	823
523	925
540	815
490	762
531	800
568	673
509	768
466	612
460	646
459	607
434	627
510	759
508	623
500	704
473	863
418	855
521	993
509	1085
549	1087
545	1097
503	1002
483	1026
554	880
534	898
561	910
607	879
617	941
662	1232
617	1141
598	798
638	1030
685	1189
639	1225
608	904
643	1080
555	1061
582	1065
561	888
563	1102
546	850
603	879
583	925
545	798
570	714
592	704
564	768
594	855
571	834
592	802
572	913
647	933
661	783
640	847
650	1017
612	982
610	1018
598	835
581	754
578	643
570	880
624	875
518	900
560	836
560	967
566	786
575	764
592	770
525	837
561	648
583	942
508	751
519	722
514	723
567	731
537	744
530	909
510	846
540	883
556	917
547	885
560	890
615	791
531	966
578	943
524	903
672	860
577	1047
578	929
554	801
614	747
625	815
579	893
535	916
481	850
488	807
480	690
549	658
514	760
474	707
540	789
571	712
531	691
601	664
593	797
589	742
553	626
531	700
528	781
594	941
554	857
529	918
508	962
529	841
570	855
548	766
550	844
482	941
469	818
537	929
492	788
543	895
518	865
566	919
535	768
596	879
540	788
531	751
563	976
574	929
566	888
580	824
543	673
508	700
568	736
503	740
492	777
536	720
501	757
495	738
511	738
519	686
513	727
587	706
509	774
540	735
469	785
489	701
564	828
563	892
549	863
510	854
512	758
504	902
483	888
530	884
516	939
586	823
572	923
477	790
601	788
608	870
604	911
629	1116
586	1157
586	991
539	936
517	941
590	910
545	873
582	820
525	804
562	795
539	848
558	961
563	841
466	749
516	1035
590	943
564	858
510	818
585	853
539	1004
558	836
577	901
549	949
607	1206
547	1161
565	819
535	709
578	786
584	784
524	951
525	932
518	983
585	940
504	986
568	880
589	817
537	811
583	809
556	750
520	746
539	858
527	757
545	838
576	960
548	923
559	1002
599	965
572	919
641	915
610	831
638	827
622	809
616	818
609	733
693	898
637	883
685	903
581	878
621	931
644	986
595	867
651	839
535	744
553	699
529	678
528	692
600	952
535	980
520	809
500	797
512	768
547	642
515	666
523	757
635	684
571	711
515	858
503	889
566	855
538	907
578	938
532	809
591	749
517	726
509	764
538	818
510	902
522	1000
486	719
572	759
533	896
497	884
549	923
465	795
486	876
427	728
464	639
448	779
452	698
423	753
510	840
526	644
490	703
459	913
459	889
498	814
474	719
487	786
475	745
451	778
478	782
492	829
478	833
497	931
448	779
481	719
515	723
430	713
448	840
424	840
522	714
452	713
500	782
513	798
513	825
495	677
513	632
430	764
433	694
497	733
506	686
473	632
479	732
472	646
460	796
501	826
510	771
514	789
532	624
493	647
480	691
457	766
534	681
471	732
560	957
540	903
490	841
517	857
497	721
483	795
493	744
475	835
503	847
477	960
578	928
470	747
466	723
513	875
513	895
562	1115
529	950
500	987
516	835
554	907
565	885
607	1034
548	807
571	1007
581	963
476	806
481	784
569	859
560	851
509	821
573	647
592	719
550	796
533	646
537	820
552	853
570	806
541	745
577	846
593	764
616	696
613	630
666	864
624	1005
621	792
539	679
553	785
630	688
607	838
539	769
566	976
571	899
541	843
580	734
572	888
587	913
619	688
606	785
559	819
587	779
518	843
545	737
584	756
561	822
510	735
581	661
572	696
576	792
551	560
502	689
546	683
536	837
546	778
504	767
580	767
565	817
626	785
589	784
507	860
578	738
518	773
591	748
618	759
622	880
623	829
565	781
608	691
586	582
609	665
630	870
650	799
588	843
641	921
620	824
589	879
568	1126
657	893
644	982
634	1092
696	991
586	939
666	759
682	833
696	841
812	902
723	684
779	872
780	846
906	660
905	764
860	821
878	669
797	842
898	885
842	862
856	1003
888	939
764	876
790	730
795	1075
772	1280
887	1076
746	952
669	827
674	800
675	843
636	898
662	735
727	797
683	903
740	722
699	732
661	812
660	793
636	781
585	833
608	967
571	873
561	854
568	847
562	660
519	690
578	777
597	896
544	902
595	790
636	846
600	752
663	722
639	791
536	1012
637	923
580	856
608	883
682	739
641	674
589	727
658	751
676	734
561	695
617	792
535	692
559	845
641	763
618	645
635	673
627	734
655	683
613	653
640	646
664	853
632	824
648	868
614	688
634	733
637	763
693	813
614	693
680	681
662	864
656	809
665	646
688	768
665	740
699	778
649	867
647	871
574	734
679	712
658	807
611	650
654	737
640	771
651	907
649	832
584	924
629	868
659	895
666	889
665	832
567	692
606	866
623	844
616	911
633	940
637	892
676	848
586	819
608	794
649	767
581	750
546	791
615	786
586	862
602	939
596	878
556	929
596	1121
580	1051
619	818
579	877
684	827
596	715
620	809
528	754
574	764
558	703
572	797
634	793
548	738
584	649
603	797
607	960
602	761
569	839
557	829
538	716
592	872
568	722
578	598
662	743
594	748
635	886
699	943
671	865
680	664
655	696
619	853
557	915
617	760
556	832
657	806
606	618
625	869
654	848
605	898
625	877
599	871
685	836
654	881
599	960
651	810
612	870
534	798
607	928
626	852
557	759
530	790
568	891
554	889
583	847
506	819
578	781
526	737
547	716
514	668
512	807
570	855
541	886
522	891
487	742
530	691
548	707
555	805
543	809
533	876
596	867
584	828
545	794
506	699
552	919
557	901
553	928
614	1089
509	782
543	854
638	1022
530	870
562	711
636	749
595	970
607	817
539	775
579	766
570	772
592	638
608	649
501	741
500	925
515	939
523	968
576	848
512	720
542	901
568	840
554	669
514	704
509	971
566	871
531	804
544	955
507	922
528	1018
526	919
633	1023
559	862
516	854
557	852
522	879
558	844
532	954
575	1130
581	1040
525	863
478	1051
488	872
532	912
563	840
565	720
556	671
558	656
487	808
578	831
528	814
559	925
507	836
528	899
547	1005
509	825
584	906
571	916
568	791
561	854
559	779
506	843
517	860
472	819
476	746
472	835
532	954
575	828
585	818
662	1062
753	850
692	807
747	767
753	856
732	742
780	734
778	834
767	779
692	910
670	802
669	856
629	1042
594	1072
600	851
566	886
564	983
605	956
637	969
682	1029
708	996
682	1016
681	871
758	781
821	964
815	955
743	821
740	677
718	736
648	821
668	863
671	907
654	917
567	905
659	866
576	965
572	959
616	952
617	825
567	908
627	936
707	817
678	781
588	938
597	966
526	815
634	720
610	770
617	784
567	868
613	734
557	716
555	836
555	868
525	790
546	777
552	792
482	758
553	642
501	617
532	746
528	665
540	734
513	780
492	807
492	921
513	881
559	835
572	582
437	681
480	699
466	684
493	794
508	750
536	845
446	751
541	625
501	639
485	579
516	730
479	635
546	673
535	571
537	636
595	619
517	791
463	612
492	659
504	725
522	688
479	591
523	648
489	829
500	822
517	734
528	694
509	710
594	945
513	875
540	815
486	954
507	877
554	1092
526	957
527	966
519	1055
549	964
477	920
485	700
526	687
474	709
508	720
507	842
581	977
562	882
569	695
589	852
596	816
608	861
569	743
648	722
591	943
641	921
635	829
650	1040
583	1065
571	990
649	880
688	815
644	819
660	888
637	713
611	612
646	816
600	924
633	843
614	846
541	869
595	1083
538	940
590	721
499	807
499	766
529	816
527	884
561	931
515	791
493	995
520	870
533	690
466	768
521	892
543	742
593	800
457	683
440	705
465	763
437	678
500	779
467	675
470	660
456	648
436	759
446	789
476	671
464	777
481	659
497	752
487	1036
446	810
498	846
453	849
440	832
522	690
541	640
495	754
494	698
485	704
499	862
493	752
471	703
530	803
487	790
495	719
462	733
540	770
486	805
536	705
533	630
490	693
539	743
546	739
459	682
501	661
488	690
517	585
552	695
524	862
582	734
580	733
590	870
563	728
576	897
600	828
622	929
616	943
687	1092
561	983
534	1081
598	951
532	869
523	730
523	899
522	981
642	885
529	787
549	722
492	737
491	848
547	639
478	680
479	775
504	795
528	785
526	645
509	789
590	715
530	672
550	712
493	607
506	643
481	706
486	708
548	577
466	686
463	621
522	696
543	598
532	616
508	599
565	612
559	848
586	968
583	780
589	859
522	818
535	728
549	734
586	764
583	651
459	681
485	816
547	717
504	850
565	753
549	781
481	865
527	837
641	825
574	769
560	1045
507	944
577	1108
562	869
581	890
569	722
612	735
612	786
520	688
558	578
533	588
572	832
639	683
546	749
580	682
586	825
593	967
598	981
528	667
579	826
621	989
560	868
630	704
590	744
623	754
586	775
616	817
579	820
641	789
640	872
616	883
581	877
641	828
667	843
574	890
600	817
574	866
552	809
600	810
503	850
560	913
578	845
624	881
599	911
650	839
616	904
626	770
579	882
586	760
530	703
603	820
601	704
563	656
615	676
608	804
597	779
652	707
613	709
627	859
588	910
627	805
686	748
669	870
673	662
680	728
705	875
624	798
632	731
654	711
630	787
655	941
712	944
761	803
710	640
669	741
689	707
793	794
810	811
885	900
808	1125
744	808
886	800
982	749
1002	851
912	919
997	955
1137	749
1060	733
1049	793
992	823
1047	869
1097	835
1289	865
1185	724
1241	813
1215	856
1179	946
1319	854
1393	817
1416	957
1393	922
1484	944
1623	989
1659	854
1675	844
1570	1032
1748	1004
1754	977
1801	793
1795	926
1807	858
1788	812
1890	841
1882	808
1866	859
1882	853
1955	834
1850	834
1864	766
1747	960
1723	1178
1646	1096
1474	884
1460	1001
1396	1068
1398	908
1415	1038
1352	890
1372	789
1453	886
1534	923
1577	812
1638	891
1846	835
1797	889
1809	919
1903	923
1885	861
1682	906
1640	1031
1474	1024
1452	899
1444	932
1302	964
1204	684
1137	1013
1075	947
1118	861
1035	838
1005	942
1011	857
999	884
897	874
984	1010
1019	1043
902	921
878	841
915	818
852	877
895	766
817	786
776	825
788	726
804	907
758	780
737	1002
678	923
647	973
675	1045
704	1082
698	1046
711	1382
676	1094
696	1040
653	932
675	864
613	880
573	772
609	747
565	896
565	864
476	737
538	863
575	810
571	857
603	901
584	825
540	780
647	961
639	877
559	877
555	733
606	677
554	730
514	615
534	649
599	744
529	672
583	728
576	730
554	805
578	838
575	752
568	705
588	871
563	878
567	760
640	932
648	820
652	1002
629	928
625	1038
613	891
648	872
621	789
571	713
605	792
650	672
618	687
697	930
613	926
615	1057
609	1032
544	775
677	843
741	823
651	695
595	816
624	830
705	666
668	643
674	701
676	672
645	720
668	638
739	812
639	683
600	650
676	762
744	810
687	831
665	787
715	857
613	808
719	810
755	798
732	656
807	769
860	696
918	799
915	974
857	1030
841	996
903	928
904	1011
972	829
973	891
932	844
930	1067
1006	1072
1128	1167
1112	1148
1090	911
1105	924
1130	928
1149	821
1173	872
1270	888
1267	872
1390	963
1534	1077
1674	1007
1496	916
1716	892
2108	887
2497	1093
2432	906
2457	951
2573	818
2757	717
3070	736
3487	690
3630	824
3558	969
4118	723
4512	896
4414	919
4480	1034
4334	1082
4253	939
3977	838
3847	868
3877	989
4317	955
4108	924
4195	929
4301	912
3791	1020
3794	870
3792	977
3413	986
3241	958
2869	910
3061	922
2886	1083
2600	1036
2559	977
2449	912
2315	795
2224	885
2005	885
2026	831
1866	811
1928	762
2290	865
2235	1047
1963	854
1827	950
1724	1027
1719	853
1681	835
1496	865
1423	789
1321	748
1254	1002
1226	772
1274	765
1230	769
1281	748
1205	820
1306	732
1275	886
1249	878
1294	884
1239	898
1236	715
1294	946
1237	842
1131	866
1149	831
1119	806
1029	842
967	692
933	687
883	728
833	703
903	784
887	854
859	989
789	797
890	853
913	1024
832	806
816	959
830	952
908	896
846	1078
859	869
880	924
860	820
857	900
800	943
787	818
724	773
691	788
674	789
683	838
685	1080
650	791
672	810
619	856
672	829
663	973
665	913
660	963
592	1037
662	1007
590	830
645	813
592	782
636	751
537	678
592	918
599	976
625	780
564	783
569	758
604	803
605	709
539	851
533	1020
571	831
621	869
627	810
592	760
594	661
588	717
537	903
589	835
614	898
565	717
574	1034
557	888
605	894
595	1014
575	1005
571	940
558	901
633	903
536	814
616	898
610	1076
567	892
537	870
634	852
534	881
645	824
680	704
625	855
604	838
599	821
625	642
623	679
737	748
681	743
685	854
700	844
680	787
756	1032
717	991
638	1035
810	1198
795	971
756	987
715	829
774	859
724	933
755	915
721	997
783	946
783	1058
839	835
854	957
836	952
842	984
867	878
856	875
929	873
935	1011
944	754
907	754
896	915
1044	863
1226	937
1300	790
1371	825
1262	835
1335	932
1636	1036
1540	875
1416	1016
1461	886
1708	758
2103	773
2102	887
2181	855
2054	923
2170	967
2134	941
2295	747
2417	773
2327	778
2581	768
2759	981
3347	1067
3577	1131
3528	997
4027	1072
4513	880
4489	1018
4376	1029
4815	1000
4723	1019
4293	931
3883	931
3525	953
3234	997
2906	1194
2424	807
1899	807
1459	703
1545	776
1637	1025
1619	922
1570	885
1371	982
1393	777
1596	816
1552	832
1173	823
1053	1018
891	746
964	643
1060	750
945	811
787	866
811	713
791	700
812	732
763	735
665	691
671	662
633	652
653	732
660	905
577	849
566	865
520	870
534	759
597	821
544	872
475	973
502	842
521	946
508	898
490	988
557	832
513	663
505	645
534	773
497	811
458	937
426	809
482	931
475	954
458	1015
451	954
497	1093
430	840
485	698
500	616
472	713
528	843
466	764
525	807
533	908
517	864
476	780
440	768
490	787
543	948
490	678
474	656
481	705
463	732
463	880
469	807
452	714
453	780
471	881
474	702
464	800
437	867
453	956
570	856
523	858
501	890
498	835
453	649
470	694
411	706
450	698
548	732
465	618
436	709
416	648
475	708
494	682
453	693
414	730
423	700
452	698
435	671
435	742
400	895
449	1016
437	722
469	714
449	646
443	889
421	707
492	699
440	741
476	767
435	753
430	915
492	879
462	802
429	821
510	818
449	912
499	774
463	766
421	655
433	788
478	767
479	783
415	893
467	870
513	777
510	929
466	979
489	637
431	822
445	961
412	814
421	948
351	778
454	789
439	875
440	694
448	596
419	764
425	756
478	991
500	872
485	788
454	837
464	827
409	706
516	843
544	733
460	696
441	640
494	598
465	787
473	849
442	904
491	815
439	740
509	685
425	725
501	927
428	800
443	880
424	899
467	894
497	1066
442	984
521	936
472	983
504	1137
496	856
418	685
458	790
453	767
440	680
450	841
461	744
425	868
438	786
439	942
515	841
421	754
456	787
480	741
468	1040
532	978
488	1091
512	1001
467	877
414	763
448	763
457	801
497	809
504	790
473	926
475	1069
517	774
430	897
475	855
451	790
511	813
428	599
493	612
485	759
438	944
496	885
548	1064
519	921
494	1067
487	1028
542	1219
522	891
519	724
550	805
543	683
492	711
603	794
545	666
527	839
529	697
569	945
504	907
511	905
512	884
555	986
513	1162
549	910
604	893
608	1039
566	846
509	801
570	874
506	789
523	779
520	791
527	914
543	1061
529	979
543	965
655	1022
680	1004
676	896
710	901
770	951
796	893
845	878
904	1052
969	1115
1045	1131
1096	1035
1185	888
1177	928
1271	920
1694	898
1726	1064
1807	911
1832	915
1913	933
2003	927
1838	872
1766	837
1717	693
1596	768
1420	827
1418	904
1465	747
1533	760
1751	800
2057	865
2679	948
3108	948
3600	1179
3820	1068
3723	1071
3432	929
3261	1078
3041	924
2778	977
2300	1037
2023	836
1939	903
1631	787
1519	986
1346	773
1087	818
1091	944
1095	887
1204	1113
1136	930
980	860
937	761
907	771
885	728
810	848
757	889
570	861
652	652
625	799
597	906
468	803
516	740
497	814
491	891
518	733
525	624
510	762
524	745
493	689
522	753
443	562
424	704
487	696
448	750
469	716
539	651
461	601
467	766
438	686
485	656
451	750
428	623
426	670
406	770
398	885
383	784
411	824
419	980
433	970
496	835
432	868
517	854
439	765
493	746
447	886
472	924
458	1032
438	1158
485	998
442	922
420	980
416	921
402	866
458	756
471	759
409	730
419	735
363	776
429	664
448	851
444	779
440	799
445	786
460	766
504	1004
430	1047
511	974
460	975
492	886
422	895
485	900
424	950
454	909
495	911
470	989
471	925
489	952
466	716
454	833
448	729
401	687
478	652
477	666
456	725
477	735
515	747
578	689
546	756
503	730
512	704
476	836
450	810
467	851
445	786
411	892
493	885
446	834
518	775
498	687
449	796
505	785
533	756
467	736
459	820
436	836
491	880
550	779
468	697
470	620
422	636
491	972
444	820
475	892
443	729
623	690
661	675
552	761
542	782
532	831
517	899
531	930
515	744
461	715
455	673
477	815
499	770
470	869
453	806
446	928
421	866
480	906
486	846
434	930
494	903
558	872
533	773
457	628
413	611
462	855
470	803
416	748
451	674
466	637
475	754
457	1034
519	998
466	961
404	772
469	772
402	924
478	893
465	889
489	872
519	831
517	736
493	790
502	919
453	1007
477	1045
519	1015
500	957
558	963
510	739
514	830
495	916
434	928
471	857
485	972
459	837
460	1013
487	958
494	921
512	636
552	921
533	777
511	630
453	735
482	775
472	922
541	969
554	739
489	702
478	667
472	726
576	834
599	969
591	838
506	807
528	1009
536	975
543	1045
561	928
556	879
516	781
537	867
538	751
522	911
548	800
498	682
491	613
519	549
549	572
525	561
573	611
494	688
507	608
572	826
515	909
569	797
566	799
528	971
539	903
539	939
537	843
541	739
547	926
574	890
563	792
550	880
571	828
591	747
598	890
575	907
598	704
579	747
656	834
594	1103
619	770
656	843
567	864
622	1076
655	896
632	775
639	839
698	835
685	748
682	838
660	918
634	933
717	925
698	713
625	806
677	923
613	959
723	854
688	890
652	929
656	951
609	801
612	802
629	821
611	981
572	1044
584	961
638	948
605	963
613	898
574	769
534	603
628	667
567	778
577	829
613	805
550	742
582	753
551	956
629	870
557	770
612	801
561	794
549	766
565	907
516	647
533	743
538	739
598	875
530	747
520	787
582	781
583	653
620	797
534	781
514	759
578	798
602	867
617	816
550	808
582	847
568	814
610	961
614	931
637	911
675	908
939	1083
1125	943
1083	817
989	727
1111	755
1484	770
1571	899
1647	867
1460	880
1799	960
2151	975
2695	1087
3173	1064
2830	1055
2644	971
2955	987
3394	966
3325	1017
3230	957
3188	948
3549	727
3555	858
3625	968
3925	1145
3894	1082
3849	988
4265	1190
4010	1156
3968	1322
3908	1230
3905	1057
3851	1150
3835	1075
3632	1131
3540	1057
3436	1066
3186	935
2716	1085
2710	1031
2835	1022
2779	995
2390	969
2098	961
2032	924
2123	845
2207	907
1956	789
1697	960
1461	932
1619	843
1712	957
1654	1018
1399	921
1179	1002
1375	1034
1212	971
1159	804
855	856
699	840
769	752
800	866
757	821
690	726
624	852
574	989
600	860
666	793
629	834
590	737
596	780
591	700
600	717
665	829
542	663
525	774
516	672
554	704
481	625
476	592
502	735
488	625
451	772
446	725
484	698
494	646
462	732
487	703
539	697
488	873
484	798
539	1049
531	1028
518	845
570	870
534	908
509	782
517	812
489	785
485	801
452	762
473	730
549	763
479	831
515	640
496	740
500	758
506	920
516	762
489	687
512	785
476	808
433	737
517	626
496	750
514	887
469	1003
445	926
451	1098
464	1135
449	1043
530	984
481	826
480	804
472	753
456	842
465	749
471	807
477	826
466	948
521	1072
565	928
604	936
561	731
501	772
579	756
664	790
872	739
905	816
873	779
928	866
903	745
781	664
611	780
535	829
585	905
458	779
480	863
467	847
448	759
491	774
448	637
458	901
410	695
468	640
424	799
442	907
485	738
457	860
459	791
460	877
470	954
492	1273
558	1058
515	843
501	966
513	867
492	798
466	773
487	952
537	1010
474	975
484	773
462	780
541	947
476	828
509	724
500	816
524	873
491	949
520	854
509	1058
509	954
539	727
591	807
494	801
503	871
514	841
520	907
450	995
486	792
509	893
494	779
522	896
548	732
468	896
500	920
509	927
473	970
452	928
467	975
558	1027
526	843
462	913
528	883
529	785
533	691
537	655
500	706
475	828
527	906
515	868
517	917
506	786
465	852
454	834
388	846
465	779
513	853
473	770
469	741
436	655
490	715
454	705
482	713
455	747
435	793
448	779
435	806
464	766
475	845
478	866
491	1056
422	936
455	920
508	1019
466	1152
479	841
508	789
471	768
409	824
452	705
470	801
494	797
498	678
508	771
527	1015
514	728
507	725
488	786
497	738
490	792
475	941
510	837
537	1022
474	871
464	741
506	733
428	698
502	697
465	671
471	795
463	872
528	870
521	687
485	770
498	673
571	600
515	607
528	687
562	772
497	764
559	793
489	904
548	909
562	832
484	841
507	968
439	966
451	927
494	909
474	662
536	742
543	866
518	827
473	666
563	804
497	833
566	775
667	908
529	677
557	835
501	803
513	957
481	799
436	881
437	793
491	991
487	745
446	688
442	847
455	947
462	757
473	940
454	717
491	670
528	810
464	758
455	749
413	790
468	827
487	793
479	799
464	768
491	666
496	1006
485	886
506	674
453	858
442	848
462	760
487	734
472	614
485	646
534	723
548	732
523	902
560	915
547	848
564	808
556	923
544	861
499	953
545	899
573	791
502	835
467	928
468	795
513	894
506	832
549	746
507	760
554	876
475	665
464	779
483	809
513	948
515	850
504	948
531	938
512	1042
496	886
480	824
506	836
443	889
439	1015
481	876
511	767
445	892
458	908
486	775
476	884
521	864
539	771
552	915
532	846
549	1069
505	921
536	899
554	908
546	937
518	1051
552	851
537	924
509	809
534	840
548	645
546	598
491	736
527	826
564	842
530	795
549	896
505	780
518	878
521	999
456	1088
456	1010
429	929
514	774
549	1015
462	1035
525	977
470	865
524	919
489	780
520	844
511	1041
502	887
487	787
502	887
498	866
459	854
498	877
425	825
468	816
514	866
601	709
532	692
573	808
529	790
534	922
530	928
530	795
551	756
500	809
563	808
542	792
539	881
509	944
533	856
562	760
565	818
520	659
519	677
631	776
624	767
567	705
604	682
586	774
578	792
609	797
560	844
651	906
591	902
703	740
627	701
698	665
717	777
725	833
753	945
772	722
779	992
729	941
724	834
772	980
710	833
712	724
764	624
711	695
709	738
733	792
780	820
728	841
757	790
733	734
721	711
801	731
738	682
769	719
779	559
710	527
673	674
690	653
710	820
744	732
819	863
727	945
684	748
695	769
708	955
680	913
754	829
681	674
704	761
690	848
728	870
708	735
676	840
624	949
675	866
736	1026
646	1067
711	1158
695	1018
685	801
664	756
658	857
737	792
684	892
691	1031
687	1060
700	1158
757	873
767	878
776	766
831	681
751	643
762	756
673	743
752	680
743	621
692	808
633	975
704	976
707	822
674	825
704	761
754	807
704	931
701	832
710	770
669	769
761	806
734	951
748	814
709	780
799	1039
732	1234
801	1071
771	1046
778	983
795	1119
763	1071
787	1221
703	994
758	990
799	862
720	842
787	773
830	883
797	841
781	796
866	939
856	964
847	794
916	770
859	873
895	950
851	912
897	806
916	836
869	731
911	864
872	768
855	758
912	761
899	667
810	724
958	836
903	897
846	808
927	873
929	605
934	681
1064	673
1153	705
1058	693
1003	765
1148	837
1305	872
1272	893
1246	836
1252	990
1198	907
1355	1033
1317	1060
1259	1037
1143	995
1160	843
1175	868
1282	800
1232	884
1283	792
1162	969
1171	978
1083	804
1150	815
964	689
987	809
956	823
866	664
897	668
852	744
811	707
775	825
808	755
793	807
754	895
740	763
680	778
709	894
713	965
761	905
740	1050
696	1023
691	964
648	808
662	913
682	906
698	877
647	808
640	848
626	685
616	747
579	679
610	686
622	786
588	874
645	843
665	897
606	879
645	899
630	896
631	1002
590	836
565	739
586	781
613	752
506	763
631	738
592	893
632	798
588	922
588	811
528	823
573	758
532	668
558	858
582	819
640	726
599	861
564	852
531	709
547	635
577	588
595	595
555	767
579	769
514	762
495	874
507	739
543	640
573	800
579	875
511	710
564	782
562	894
529	872
592	779
533	756
536	835
517	970
538	848
566	726
534	712
553	787
538	699
659	690
572	739
578	871
538	889
550	909
588	913
542	894
547	779
466	671
547	709
467	740
471	805
476	818
481	713
530	806
512	830
492	774
498	841
477	857
430	1020
494	1175
439	778
457	715
488	875
512	908
505	747
497	880
521	925
460	727
489	684
491	749
482	801
494	942
492	680
471	861
465	782
459	798
437	699
468	768
477	641
472	747
481	801
502	842
513	952
516	779
519	872
544	784
500	733
574	964
556	724
550	737
532	654
543	785
553	762
571	775
602	897
541	786
493	839
543	703
598	754
664	799
567	758
597	900
628	829
663	1014
842	887
961	798
1027	756
1033	944
902	808
1007	783
992	740
959	813
920	701
865	846
697	793
614	753
691	689
748	873
858	781
645	673
647	675
731	723
652	740
583	687
602	871
588	746
572	872
575	929
566	758
655	880
725	908
746	937
597	890
745	794
697	860
736	830
659	650
698	756
715	667
722	629
754	681
711	702
673	866
690	736
661	832
706	802
676	908
722	1105
740	917
762	770
726	853
890	866
937	928
780	925
861	817
1289	700
1706	807
1779	690
1830	782
1871	802
2287	866
2963	1039
3233	992
2899	824
2968	848
3022	907
2817	960
2858	1024
2879	966
2773	790
2532	951
2544	1034
2696	1049
2698	1023
2708	900
1953	1015
1056	837
697	656
736	832
759	640
767	687
635	592
610	599
653	694
633	613
656	618
677	695
655	620
571	703
624	809
573	703
632	734
617	725
581	748
627	869
587	810
588	867
571	880
550	934
592	1021
608	1012
571	759
582	669
609	822
584	930
568	875
636	912
557	1129
569	850
572	996
582	817
612	888
574	790
565	735
559	726
526	868
557	874
526	932
546	862
513	847
538	902
566	950
510	825
541	860
527	782
515	924
525	954
526	887
503	816
497	653
524	668
517	666
510	895
474	925
546	941
518	931
558	890
573	869
564	1002
531	878
498	838
534	778
526	951
499	859
465	876
546	978
521	969
521	815
523	789
518	810
516	890
579	833
518	709
535	725
560	798
544	990
553	799
607	711
532	658
554	683
567	658
500	694
532	643
492	774
484	698
495	695
511	620
495	699
504	680
483	588
513	686
481	699
462	709
421	707
474	736
545	764
532	716
497	716
528	705
505	636
493	716
552	679
498	714
519	630
537	634
501	627
493	587
552	708
517	776
511	786
516	719
513	693
618	870
512	743
480	743
523	781
497	742
503	844
557	852
563	772
512	825
539	737
460	722
478	819
494	698
548	755
514	720
519	761
522	698
524	588
509	766
505	751
475	745
468	849
461	881
447	673
503	830
477	903
513	732
453	981
559	848
542	703
553	883
597	788
587	950
589	980
524	888
594	878
558	998
585	975
541	802
556	729
552	821
575	867
561	835
489	844
483	814
587	682
573	813
516	771
538	781
583	808
580	946
604	814
517	679
568	634
572	811
563	749
532	835
611	742
593	830
644	965
564	987
643	840
634	796
573	838
598	731
596	757
605	728
626	639
647	741
679	752
721	914
689	949
652	805
737	770
781	784
844	861
782	704
790	765
906	780
829	816
941	897
882	679
991	851
900	672
912	796
914	814
853	747
756	692
795	592
788	699
839	640
808	606
792	709
741	701
743	784
777	680
948	573
882	564
802	622
931	690
799	687
821	840
764	667
770	736
817	703
736	726
755	721
790	896
683	991
692	755
622	717
636	715
668	786
654	770
602	901
683	724
724	704
780	610
775	529
766	638
728	663
725	570
692	803
696	648
648	871
696	832
657	895
618	718
519	757
561	736
624	751
662	748
653	762
625	754
583	612
550	667
550	767
565	646
564	623
570	761
589	656
555	897
549	847
634	690
551	815
597	637
607	793
683	751
634	548
604	738
599	807
525	860
526	941
499	774
550	783
577	859
574	1052
558	750
488	748
545	744
512	618
594	804
545	741
610	811
543	807
512	702
511	632
488	643
499	611
525	650
520	927
521	800
495	735
578	752
554	811
529	810
490	831
556	859
499	904
584	794
569	866
595	931
550	687
535	809
553	739
513	779
587	893
535	693
575	752
506	797
519	899
550	879
499	695
547	759
500	778
500	690
530	747
563	660
509	954
481	761
530	786
522	856
514	772
481	773
528	694
477	587
523	666
505	663
521	667
527	789
496	709
549	626
514	636
546	646
520	589
580	695
547	790
435	684
487	776
472	680
506	612
507	639
516	693
494	647
496	739
497	901
504	726
460	792
501	883
504	790
524	719
484	930
504	810
547	713
514	641
525	722
507	859
519	914
517	913
488	772
519	813
547	629
579	742
575	773
597	754
620	695
609	556
627	501
589	550
523	684
590	676
533	628
553	704
631	872
637	766
545	630
522	636
542	713
527	715
580	722
566	724
522	759
531	728
468	739
504	765
496	864
512	844
490	786
478	842
488	846
520	812
487	730
488	726
482	840
522	732
576	1053
515	1095
540	1047
561	987
632	909
566	846
587	720
577	745
555	716
559	708
593	659
553	811
509	819
545	929
570	750
521	698
582	896
587	653
534	593
519	686
535	763
533	770
494	783
576	868
481	837
509	741
524	873
514	887
542	920
494	947
525	967
592	826
489	772
557	817
463	770
519	814
509	636
484	816
516	880
484	859
565	837
542	773
559	642
520	708
502	759
553	778
515	640
504	873
504	703
518	595
534	745
534	912
566	860
522	656
476	661
508	679
562	637
527	657
512	730
506	801
515	556
537	658
477	724
519	719
555	791
584	868
573	757
537	786
513	693
519	783
583	785
616	688
533	691
591	702
542	801
545	738
569	813
585	760
530	575
567	602
525	544
576	585
599	602
588	710
653	693
600	596
609	722
629	489
610	598
647	787
623	706
669	716
721	756
662	638
648	668
641	645
652	704
658	588
652	705
655	665
635	639
677	656
665	728
629	753
651	693
