524	1369
614	1388
556	1259
561	1381
530	1377
571	1372
509	1299
487	1464
540	1307
478	1464
491	1426
518	1467
539	1529
483	1201
440	1225
494	1226
433	1136
507	1175
420	1278
516	1188
431	1165
535	1320
511	1380
501	1189
534	1322
518	1311
528	1401
485	1565
481	1427
411	1457
500	1414
440	1389
492	1286
548	1482
405	1191
453	1274
405	1077
463	1216
475	1127
448	1181
443	1375
459	1253
426	1172
474	1325
435	1300
452	1307
490	1528
484	1500
476	1374
502	1463
482	1333
417	1412
457	1179
469	1228
444	1137
461	1159
445	1169
509	2368
519	2279
504	1729
482	1933
458	1441
433	1353
380	1324
401	1214
437	1378
436	1364
388	1442
392	1712
423	1587
409	1634
443	1849
466	2029
377	2462
460	1585
459	1427
476	1162
492	1259
491	1177
424	1376
452	1256
388	1180
497	1436
480	1977
468	1893
421	1371
422	1456
515	1265
471	1411
488	1347
472	1557
418	1501
482	1373
422	1493
411	1497
441	1316
442	1458
400	1489
423	1349
486	1299
470	1450
477	1158
478	1748
528	1779
532	1529
424	1451
473	1435
436	1427
500	1339
546	1371
434	1445
457	1396
483	1429
482	1469
489	1279
476	1185
461	1219
512	1362
519	1469
533	1465
512	1363
542	1372
562	1321
533	1298
491	1316
480	1401
501	1385
428	1257
472	1329
418	1338
453	1374
504	1534
465	1407
415	1348
396	1479
524	1419
473	1285
453	1315
441	1483
467	1569
444	1371
427	1263
412	1223
490	1397
469	1359
479	1443
423	1294
484	1311
387	1400
410	1374
386	1188
404	1013
370	1057
460	1153
417	1053
465	1203
433	1275
438	1297
430	1141
429	1092
507	1248
521	1183
577	1359
585	1355
506	1552
492	1529
505	1346
508	1195
496	1347
478	1185
459	1250
445	1126
493	1271
403	1113
489	1325
485	1412
509	1273
421	1250
436	1103
474	1430
455	1428
484	1326
388	1143
440	1313
487	1436
457	1435
506	1370
468	1264
452	1295
473	1237
449	1394
475	1790
494	2629
454	2072
476	1745
484	1694
517	1645
467	1362
473	1615
450	1720
403	1767
495	2121
545	2536
513	2588
537	3031
514	3605
501	2628
450	3274
473	1627
496	1509
521	1350
522	1702
511	1855
564	1925
568	1796
611	2591
697	2240
598	2351
609	2529
593	2487
594	2357
533	2319
616	2218
605	2336
602	3209
595	3237
604	3305
547	3606
582	3551
619	2147
533	1678
521	1764
600	1421
617	1411
593	1299
697	1464
659	1391
588	1228
608	1251
651	1230
632	1354
646	1186
608	1247
551	1308
585	1311
586	1401
611	1348
573	1285
547	1219
627	1336
587	1251
561	1401
636	1423
631	1350
689	1517
656	1653
554	1576
542	1452
598	1424
489	1539
491	1578
593	1470
579	1398
527	1154
503	1117
517	1327
529	1280
488	1344
454	1562
474	1581
518	1541
514	1550
463	1561
543	1348
550	1290
528	1226
518	1319
555	1425
492	1201
471	1113
486	1490
491	1403
470	1439
467	1591
433	1589
515	1655
480	1536
524	1345
441	1200
461	1226
493	1415
534	1403
460	1400
442	1144
348	1164
391	1310
427	1502
410	1369
461	1507
441	1285
442	1309
488	1538
436	1353
425	1365
475	1337
407	1169
411	1168
367	1132
397	1165
436	1247
438	1218
451	1279
521	1295
519	1107
448	1194
482	1320
479	1470
471	1457
400	1337
463	1332
469	1421
414	1310
441	1229
509	1258
440	1115
466	1222
414	1216
446	1265
427	1013
474	1167
423	1275
450	1346
521	1309
432	1070
421	1179
382	1285
415	1292
427	1280
431	1125
398	1066
405	1120
402	1225
461	1201
480	1217
462	1216
404	1203
411	1303
384	1331
416	1219
444	1119
413	1101
423	1084
405	1322
439	1365
477	1387
416	1260
417	1222
444	1122
380	1319
392	1334
441	1594
448	1670
448	1613
473	1619
434	1328
416	1575
419	1612
429	1405
398	1261
438	1595
456	1109
425	1094
406	1241
437	1405
464	1212
429	1378
439	1553
393	1291
439	1136
425	1263
414	1104
457	1331
437	1444
436	1528
407	1327
468	1324
433	1351
486	1345
432	1192
445	1360
462	1258
494	1214
525	1335
478	1425
467	1238
558	1130
522	1195
440	1036
450	1301
432	1151
516	1305
405	1321
387	1543
420	1355
404	1367
420	1410
413	1215
408	1142
398	1210
452	1246
417	1357
456	1290
414	1384
471	1195
397	1206
418	1338
477	1333
469	1214
378	1218
445	1307
441	1224
421	1357
430	1305
439	1120
385	1127
440	1345
359	1144
430	1048
375	1214
391	1246
411	1243
395	1256
330	1317
446	1318
433	1316
413	1421
427	1254
469	1416
420	1516
359	1258
438	1232
403	1325
407	1285
412	1321
410	1206
455	1215
395	1290
441	1354
420	1404
409	1244
470	1449
444	1486
413	1397
412	1468
364	1362
359	1292
396	1115
381	1355
384	1181
391	1168
393	1246
382	1108
409	1223
407	1244
409	1187
395	1091
483	1143
431	1160
415	1123
413	1293
431	1178
371	1013
399	1200
418	1418
434	1439
405	1426
427	1448
424	1385
400	1412
399	1255
474	1171
476	1359
448	1405
425	1329
422	1320
473	1468
432	1463
481	1258
451	1403
494	1205
428	1358
424	1336
477	1342
469	1524
492	1473
472	1525
482	1567
477	1158
441	1340
413	1401
426	1234
426	1238
467	1189
464	1445
438	1685
459	1975
479	2012
476	1971
475	2012
501	1647
506	1488
461	1734
491	1532
427	1482
450	1343
456	1609
453	1598
450	1363
441	1555
425	1538
497	1283
488	1574
391	1450
467	1416
419	1459
436	1245
503	1280
475	1387
483	1245
515	1195
527	1268
457	1338
488	1339
491	1295
445	1245
484	1078
460	1191
478	1245
493	1438
443	1220
448	1303
498	1199
478	1199
522	1199
475	1308
470	1078
497	1230
501	1304
408	1209
428	1352
437	1295
474	1404
431	1158
437	1334
448	1379
431	1328
466	1369
474	1411
438	1146
455	1202
437	1485
420	1621
408	1351
417	1381
443	1666
443	1358
428	1470
466	1386
446	1260
433	1322
466	1192
488	1205
408	1252
418	1317
466	1283
431	1126
433	1197
457	1184
433	1318
466	1334
420	1109
442	1129
439	1130
430	1087
467	1206
442	1225
432	1285
422	1060
416	1215
368	1250
374	1225
345	1201
402	1157
460	1152
438	1196
473	1159
445	1225
486	1394
503	1261
523	1089
503	1114
525	1245
394	1135
416	1276
445	1183
440	1134
425	1298
442	1546
437	1523
406	1418
467	1468
463	1286
437	1325
419	1377
462	1381
440	1254
453	1220
441	1118
456	1294
431	1256
479	1185
480	1207
465	1221
461	1180
478	1301
455	1189
554	1066
530	1293
486	1288
548	1330
577	1495
571	1458
556	1639
570	1477
535	1345
560	1111
622	1175
676	1047
719	1243
666	1187
782	1297
620	1427
743	1571
772	1627
829	1452
806	1372
1067	1527
1232	1639
1246	1516
1352	1349
1370	1410
1603	1510
1741	1473
1737	1389
1790	1423
1871	1625
2148	1589
2429	1689
2779	1740
2794	1850
2676	1842
2607	1983
2900	2107
3165	2009
3036	2008
2897	2004
2547	1881
2660	1981
2741	2095
2688	1995
2634	2030
2399	1770
2602	1801
2693	2155
2899	2183
3097	2255
3195	2332
3632	2388
3817	2617
4043	2491
3680	2609
3681	2364
3322	2402
3334	2417
3425	2155
3498	2425
3473	2271
3223	2402
2931	2525
2499	2820
2426	2847
2595	2728
2817	2712
2465	2743
2664	2916
3254	3258
4003	3382
3756	3313
3009	2932
2462	2881
2458	2786
2364	3013
2548	2906
2568	2975
2409	2767
2245	2683
2161	2647
2367	2666
1980	2793
1472	2571
1251	2205
1146	2208
1081	2320
981	2142
865	1665
741	1643
709	1725
796	1794
760	1856
648	1550
622	1482
687	1451
642	1512
636	1732
674	1723
623	1748
602	1849
551	1719
548	1769
502	1536
503	1550
459	1882
525	1844
555	1854
508	1814
480	1605
497	1520
483	1696
522	1717
502	1842
458	2034
465	1979
467	2114
400	1612
532	1626
458	1587
436	1592
439	1469
438	1507
442	1421
483	1583
529	1649
485	1729
504	1675
468	1662
514	1545
492	1789
489	1722
516	2081
554	2079
461	1908
527	1738
496	1706
493	1478
443	1561
496	1552
571	1553
481	1452
556	1483
552	1515
572	1559
618	1409
593	1397
611	1434
554	1551
562	1759
537	1825
545	1849
544	1940
589	1837
626	1916
607	1750
514	1937
591	1676
476	1435
529	1420
531	1412
502	1278
446	1442
498	1361
463	1455
461	1369
459	1361
436	1420
520	1381
485	1339
488	1359
458	1423
476	1355
448	1196
493	1272
428	1297
496	1334
467	1293
470	1354
478	1511
471	1483
461	1444
505	1403
467	1471
500	1345
511	1132
497	1356
439	1075
450	1236
462	992
478	1231
461	1337
419	1175
496	1171
456	1250
470	1367
489	1370
435	1354
431	1343
480	1196
495	1222
430	1196
508	1276
410	1397
467	1350
476	1600
479	1387
499	1488
456	1338
458	1452
510	1254
469	1190
520	1124
463	1153
526	1233
546	1233
534	1428
481	1574
504	1424
492	1182
504	1278
524	1295
511	1476
558	1567
486	1504
510	1367
467	1436
498	1250
489	1312
510	1226
513	1285
468	1261
477	1042
490	1147
510	1252
418	1304
458	1366
449	1215
495	1282
493	1244
524	1361
526	1421
485	1360
468	1385
534	1441
492	1299
517	1488
559	1329
546	1431
657	1361
616	1330
609	1301
658	1432
652	1509
635	1287
593	1496
566	1459
539	1703
528	1447
552	1510
531	1483
522	1451
566	1431
468	1525
454	1261
403	1210
459	1125
433	1011
482	1076
520	1142
475	1159
457	1248
442	1223
427	1425
467	1682
478	1557
462	1509
469	1520
430	1654
462	1368
455	1457
499	1266
499	1275
492	1451
444	1485
465	1417
477	1740
524	1411
460	1556
480	1429
447	1285
529	1235
512	1286
562	1207
602	1330
512	1439
584	1735
601	1364
614	1169
673	1239
585	1355
570	1315
601	1666
492	1464
487	1392
444	1266
445	1216
513	1060
431	1321
447	1337
493	1262
508	1392
498	1363
451	1502
512	1256
588	1450
522	1402
509	1522
487	1529
469	1387
433	1400
434	1451
512	1502
431	1758
432	1909
490	1766
472	1846
490	2078
573	2929
511	3652
547	3389
609	3234
584	2883
557	2863
602	3527
709	4269
623	4556
531	3481
524	3565
581	3782
682	5962
689	6349
603	5246
682	6234
766	7424
802	7872
877	7975
778	7497
801	6565
681	5235
634	3823
597	3815
563	3479
501	3379
630	3625
606	3866
547	3513
551	3671
646	4398
714	6719
862	9584
1072	11848
1118	12809
1329	14075
1373	14248
1220	13809
1060	12199
923	10610
833	8375
711	6703
916	7609
784	7213
754	6358
696	6175
722	6458
790	7067
808	6450
728	5502
734	5776
793	6515
891	7922
1030	9992
1248	11521
1267	11998
1110	10945
1085	10530
1089	10816
1048	10786
826	9373
954	8829
805	7707
728	6659
706	6524
722	5921
717	5462
657	4999
738	5229
786	6835
759	7391
759	7654
763	7477
655	6227
650	5547
764	5523
728	5055
612	4837
691	5516
815	6400
754	5357
821	5573
777	6214
787	5927
790	5502
929	4170
904	3796
808	3218
885	3677
940	2686
1018	2370
1076	2313
1008	2191
934	2065
988	2131
1043	2333
1239	2416
1346	2542
1212	2280
1357	2352
1537	2497
1611	2612
1677	2564
1630	2415
1668	2405
1917	2147
1921	2496
1937	2509
1874	2363
2034	2566
2245	2814
2496	2745
2631	3202
2728	3296
2593	3105
3019	3496
3336	3461
3227	3216
3116	3080
2759	2729
2611	2621
2519	2471
2410	2292
2278	2359
2383	2295
2453	2446
2542	2406
2613	2441
2989	2750
3092	2982
3356	2998
3733	3415
3883	3380
3996	3585
3833	3534
3880	3667
3675	3424
3079	3331
2795	2907
2545	2723
2308	2610
2237	2397
2037	2469
1856	2275
1915	2120
1822	2135
1696	2291
1742	2537
1824	2571
1925	2641
2119	2873
1979	2641
1709	2644
1405	2374
1301	2219
1251	2270
1151	2013
1094	2007
1076	1922
928	1881
929	1825
880	1947
860	1949
741	2009
652	1942
672	1992
717	2379
696	2546
695	2177
692	2363
636	2111
555	2908
644	5420
711	7146
587	7128
598	7042
627	6090
626	5346
755	6412
745	6591
668	7218
572	5416
564	5668
649	7239
524	2289
531	1652
527	1980
490	1494
470	1372
545	1473
576	1697
571	1197
515	2280
536	2267
557	3446
633	4006
579	3374
604	3996
559	3030
556	1598
581	1344
561	1779
548	1670
618	1417
590	1669
574	1395
600	1708
633	1606
634	1571
549	1459
529	1289
495	1133
511	1199
539	1158
457	1183
485	1301
516	1326
512	1246
482	1246
517	1455
503	1349
458	1157
438	1695
538	2466
543	1609
459	1217
498	1187
483	1648
466	1789
503	1608
503	1723
458	3218
430	1623
430	1328
377	1256
416	1201
466	1258
393	1325
384	1286
408	1206
393	1235
431	1322
474	1608
485	1699
513	1608
505	1673
480	1509
470	1476
491	1420
467	1360
499	1442
450	1417
385	1273
357	1253
459	1254
426	1334
405	1377
397	1197
375	1273
457	1259
443	1219
477	1276
404	1451
438	1591
453	1539
413	1540
408	1432
473	1026
434	1198
470	1403
414	1509
384	1438
374	1370
447	1351
383	1308
387	1227
401	1368
490	1265
431	1314
475	1250
396	1398
413	1538
415	1346
456	1564
484	1454
476	1542
406	1470
390	1464
451	1464
472	1480
405	1542
463	1347
475	1481
479	1439
481	1369
496	1386
504	1290
441	1221
430	1222
443	1219
434	1525
415	1274
489	1419
513	1368
481	1436
447	1360
396	1569
463	1469
449	1378
491	1415
481	1442
456	1283
412	1339
460	1277
490	1324
513	1172
481	1260
453	1313
488	1357
495	1557
513	1845
505	1873
510	1871
505	1705
496	2117
486	1923
503	1929
536	1914
515	1807
503	1737
442	1740
458	1639
441	1733
494	1692
506	2060
500	3994
501	3875
532	5083
612	5716
505	4286
525	3379
488	3979
541	3896
576	4639
497	4521
504	3992
589	8697
590	7555
515	5017
695	8201
725	8327
532	2235
541	1796
436	1406
494	2136
489	2144
512	3003
534	4265
629	5242
702	7618
618	6020
541	5005
471	2533
456	2715
651	6863
510	3399
465	2396
464	2209
487	2435
401	2105
441	2058
512	1974
456	1655
443	1544
501	4202
406	2896
476	1893
492	2722
452	1805
478	2174
417	2406
493	2149
467	1514
485	1276
463	1283
464	1452
424	1303
422	1176
433	1145
465	1284
455	1450
466	1420
467	1371
506	1317
444	1325
435	1230
414	1140
403	1216
391	1387
415	1350
401	1274
454	1176
478	1456
409	1364
386	1074
450	1241
456	1433
468	1301
444	1350
498	1781
432	1561
434	1590
453	1468
438	1474
457	1419
421	1302
376	1268
404	1274
386	1271
466	1158
440	1243
507	1282
523	1206
458	1368
466	2182
438	2741
435	2162
435	2119
505	2194
498	3386
517	3697
488	1671
447	2799
527	2898
478	2007
430	1386
453	1286
449	1339
449	1327
487	1337
447	1333
521	1469
472	1624
472	1462
454	1413
469	1386
511	1292
501	1433
540	1425
466	1340
466	1333
431	1238
420	1283
468	1355
500	1227
460	1344
402	1618
427	1557
446	1330
401	1379
423	1211
464	1246
461	1267
462	1431
469	1441
464	1266
469	1280
455	1267
488	1235
464	1320
531	1432
498	1402
556	1407
626	1494
523	1469
558	1324
554	1463
514	1447
504	1522
485	1382
469	1505
512	1588
528	1359
563	1509
531	1251
494	1291
546	1453
591	1181
602	1086
530	1137
595	1415
617	1362
542	1301
607	1438
610	1368
577	1186
613	1269
574	1397
627	1555
609	1295
627	1409
564	1262
543	1358
535	1262
522	1216
604	1285
520	1176
653	1144
570	1355
618	1226
615	1105
664	1245
712	1513
668	1582
629	1430
643	1487
607	1221
548	1299
600	1408
571	1446
622	1382
616	1388
601	1327
569	1592
607	1397
582	1415
634	1274
633	1396
579	1526
571	1536
588	1496
592	1442
578	1332
626	1400
580	1355
590	1316
623	1433
580	1247
608	1264
638	1623
620	1550
608	1292
616	1309
567	1243
563	1194
581	1217
636	1265
642	1161
632	1310
604	1265
608	1300
619	1125
560	1175
646	1141
644	1171
559	1248
655	1291
610	1357
653	1381
631	1359
596	1300
595	1412
637	1428
611	1429
590	1406
642	1172
624	1325
669	1352
754	1266
690	1362
680	1294
733	1354
725	1361
706	1378
722	1452
740	1474
709	1660
711	1551
767	1475
764	1450
736	1392
806	1436
763	1219
869	1404
870	1671
826	1359
865	1369
940	1363
942	1402
956	1446
961	1361
972	1397
1068	1434
1022	1462
960	1386
800	1382
870	1377
974	1572
915	1545
892	1702
895	1639
991	1600
1118	1744
1308	1747
1344	1707
1291	1494
1464	1501
1690	1686
1890	1779
1925	1729
1938	1814
2052	1817
2321	1867
2443	1955
2287	2163
2238	2163
2164	1834
2312	1931
2461	1702
2555	1800
2482	1670
2659	1782
2827	1718
3418	1956
3617	2075
3902	2065
4351	2085
4972	2211
5671	2342
6065	2291
6158	2469
6069	2306
5722	2362
5412	2158
4768	2154
4312	2189
4117	2038
3950	1884
3795	1901
4024	1943
3971	1981
4162	1946
4231	2082
4399	1932
4868	2080
5093	2131
5485	2126
5610	2285
5968	2501
5796	2617
5693	2479
5678	2678
5655	2581
5608	2761
5734	3015
5554	3176
5363	2991
5077	2859
5087	2854
5049	3097
5051	3163
5036	3380
5072	3261
5139	3381
5405	3664
5912	4274
6007	4603
6521	5044
6680	5272
6701	5549
6529	5436
6148	4846
5815	4733
5760	4497
5200	3948
4596	3360
4206	2956
4007	2965
4001	3127
3923	2960
3625	2735
3312	2575
3581	2745
3835	2980
3969	2937
3982	2862
3673	2479
3669	2565
3981	3008
3922	3101
3365	2469
2742	1891
2331	1742
2226	2112
2123	2092
1819	1888
1501	1709
1512	1661
1566	1492
1590	1521
1532	1402
1282	1242
1119	1543
1193	1541
1131	1505
1097	1435
895	1231
798	1427
814	1352
844	1373
764	1373
782	1297
708	1371
771	1338
731	1302
755	1321
778	1293
726	1394
780	1319
706	1372
679	1447
633	1233
711	1247
671	1228
669	1373
716	1250
603	1316
628	1332
697	1206
629	1245
575	1337
617	1365
666	1178
616	1131
623	1086
603	1172
590	1128
625	1321
631	1184
543	1138
591	1123
623	1061
595	1063
605	1320
624	1314
579	1274
672	1181
629	1176
576	1408
626	1294
586	1159
604	1242
597	1139
575	1253
531	1475
607	1448
541	1357
582	1289
587	1489
566	1333
597	1274
595	1386
668	1472
595	1489
568	1378
582	1366
583	1325
583	1235
557	1406
597	1287
607	1353
522	1184
549	1158
564	1389
602	1338
573	1120
581	1165
543	1249
585	1402
553	1367
545	1238
534	1251
515	1242
544	1264
530	1276
541	1332
572	1558
538	1380
588	1478
529	1567
509	1597
537	1489
482	1439
545	1335
502	1519
578	1415
490	1364
572	1208
551	1278
567	1217
544	1160
549	1376
510	1415
507	1304
476	1264
478	1334
406	1254
425	1220
463	1234
434	1071
479	1411
451	1234
466	1337
487	1395
495	1187
471	1296
444	1245
489	1238
534	1281
482	1204
568	1218
463	1299
476	1459
484	1391
478	1331
467	1378
430	1409
394	1499
446	1168
484	1134
428	1010
471	1296
484	1371
505	1497
504	1240
464	1211
418	1298
433	1485
394	1472
466	1363
426	1324
401	1286
418	1414
433	1440
413	1392
461	1564
465	1335
424	1256
404	1341
437	1522
434	1405
447	1471
460	1877
418	1653
408	1515
435	1376
416	1405
367	1273
402	1123
399	1115
427	1170
375	1132
429	1508
399	1416
406	1360
376	1253
421	1313
438	1441
422	1426
477	1535
376	1345
430	1427
422	1341
464	1229
453	1422
487	1377
405	1686
447	1653
470	1360
463	1595
493	1633
462	1279
467	1343
490	1223
486	1242
410	1232
417	1231
510	1268
473	1446
489	1352
474	1307
454	1303
424	1187
439	1356
510	1543
462	1539
469	1380
491	1349
430	1411
426	1525
444	1650
486	1562
493	1829
501	2178
508	2270
500	2126
503	2107
438	1596
487	1413
407	1619
451	1453
404	1273
414	1250
452	1294
455	1527
441	1328
419	1174
418	1238
447	1126
457	1325
448	1376
468	1482
499	1501
479	1412
522	1570
458	1523
457	1438
435	1357
463	1249
469	1156
494	1295
493	1171
449	1245
501	1296
465	1422
490	1518
494	1327
639	1497
623	1523
505	1161
558	1106
567	1279
669	1280
660	1239
720	1207
686	1048
651	1341
517	1212
478	1370
476	1426
518	1384
444	1327
428	1400
486	1283
463	1424
489	1333
454	1330
416	1223
410	1269
372	1413
428	1350
418	1549
413	2094
467	1855
411	1896
398	1902
425	2071
371	1854
483	1701
443	1694
442	1490
435	1392
416	1518
378	1442
440	1614
438	1630
463	1601
433	1499
453	1255
471	1299
505	1537
447	1529
459	1433
429	1343
412	1470
435	1472
435	1757
415	1921
432	1531
433	1355
406	1541
460	1487
497	1546
411	1291
470	1546
461	1281
490	1548
451	1605
520	1495
515	1434
598	1887
583	1712
565	2245
677	2133
727	1638
659	1281
642	1543
561	1441
614	1342
609	1478
512	1409
509	1245
485	1163
458	1425
476	1182
398	1131
456	1326
484	1297
476	1190
479	1174
459	1141
465	1222
441	1404
456	1268
446	1177
536	1335
520	1495
524	1440
439	1347
477	1300
543	1331
505	1292
488	1430
419	1307
501	1401
570	1463
532	1572
575	1580
535	1710
571	1532
646	1575
674	1691
714	1969
785	1890
768	2050
666	1949
732	2271
741	2149
772	2096
719	1883
679	1953
791	2155
779	2283
886	2091
719	2167
794	2145
854	2198
911	2148
874	2298
829	2196
842	2198
875	2039
882	2134
971	2348
953	2123
893	1910
884	1765
968	1857
933	2008
923	1768
902	1809
995	2056
1092	2356
1069	2327
1198	2333
1273	2217
1198	2446
1230	2966
1247	3089
1203	2715
1002	2540
972	2341
986	1727
958	1812
1015	1789
970	1870
920	1862
913	2102
1039	2407
991	2287
1128	2178
1144	2184
1187	2113
1220	2516
1353	2572
1412	2608
1403	2573
1489	2754
1518	3167
1465	3234
1259	2927
1171	2572
1117	2257
1037	2325
1004	2338
987	2218
869	1985
871	1957
963	2074
943	2036
883	2211
1048	2159
1051	2203
1011	2130
980	2177
961	2646
1013	3175
939	3022
954	3134
908	2872
844	2673
950	2755
836	2769
892	2563
715	2982
730	2370
705	2419
733	2431
672	2427
659	2229
609	2092
572	2174
634	2385
590	2265
604	2142
528	1835
533	1546
579	1451
505	1481
458	1429
463	1120
473	1130
480	1155
440	1182
448	1189
503	1171
492	1226
428	1284
439	1437
460	1259
403	1367
393	1345
440	1039
430	1225
453	1137
473	1240
414	1206
485	1266
446	1293
418	1374
436	1235
432	1313
533	1135
473	1146
429	1150
461	1175
402	1360
394	1313
407	1404
376	1424
399	1286
422	1245
403	1360
420	1248
409	1294
423	1414
440	1177
492	1347
415	1549
462	1217
489	1237
398	1183
444	1382
419	1428
411	1187
419	1238
434	1338
457	1438
431	1186
418	1082
388	1088
410	932
459	1125
377	1111
497	1291
447	1293
459	1347
500	1479
441	1361
446	1401
489	1394
464	1537
415	1402
451	1377
469	1328
439	1247
487	1145
459	1244
412	1255
429	1115
434	1330
431	1404
430	1380
429	1280
414	1288
423	1375
382	1366
437	1280
451	1373
477	1501
523	1590
478	1483
414	1263
452	1139
484	1277
434	1248
512	1149
419	1338
459	1343
490	1353
506	1348
402	1218
447	1046
502	1025
482	1083
461	1136
483	1353
469	1339
439	1346
385	1291
534	1324
500	1320
465	1554
522	1342
453	1371
467	1445
437	1336
452	1351
472	1345
479	1266
492	1428
495	1336
468	1381
370	1236
505	1200
479	1334
467	1324
444	1354
446	1289
450	1383
477	1371
447	1471
467	1396
478	1404
486	1515
478	1505
427	1316
441	1364
426	1167
441	1262
473	1602
443	1731
399	1657
441	1391
387	1190
428	1447
415	1386
437	1291
421	1383
402	1194
457	1222
446	1503
484	2250
440	1939
455	1745
454	2482
520	2787
545	3209
576	2935
513	2913
517	2933
509	2133
453	2131
451	1884
449	1493
474	1627
422	1705
458	2053
466	2180
443	2629
453	2657
494	1821
444	1402
477	1522
489	1986
492	2525
489	2770
534	2069
486	1409
534	1498
462	1393
451	1480
469	1274
455	1326
480	1283
485	1186
420	1214
411	1229
426	1136
442	1168
463	1025
423	1164
464	1287
509	1298
499	1382
521	1452
529	1330
446	1364
469	1363
501	1454
444	1226
485	1162
455	1270
418	1433
476	1416
446	1497
407	1503
423	1351
447	1266
400	1353
471	1371
431	1244
462	1044
424	1245
423	1090
441	1199
415	1385
414	1254
442	1236
465	1093
450	1146
444	1001
457	1122
444	1089
375	1046
454	1075
413	1271
454	1135
455	1078
467	1082
448	1277
454	1183
404	1172
407	1280
436	1196
435	1926
467	3477
456	3047
434	1867
464	3273
558	3521
501	1572
465	1335
449	1522
443	1336
489	1380
480	1432
453	1160
506	1335
450	1898
527	2266
461	1564
470	1395
511	1395
502	1339
499	1244
516	1194
532	1205
545	1278
487	1353
479	1635
417	1254
461	1436
408	1559
490	3064
471	3809
515	3868
520	3836
430	2505
487	1959
506	1185
543	1257
512	1299
433	1361
486	1589
486	2489
503	3302
533	2716
490	1518
463	1412
523	1376
542	2047
602	1469
617	1453
557	1369
467	1550
508	1388
593	1110
585	1180
552	1361
530	1371
531	1110
577	1140
594	1030
646	1290
593	1225
622	1092
751	1215
796	1574
722	1896
630	3435
690	4798
703	5373
719	3953
627	2952
565	1466
625	2183
538	1531
496	1336
527	1243
511	1224
535	1311
558	1395
496	1276
469	1352
457	1321
503	1353
510	1415
467	1480
433	1427
482	1236
483	1340
453	1188
451	1552
483	1290
442	1283
468	1317
449	1299
494	1402
471	1304
452	1487
498	1373
540	1126
520	1212
619	1104
598	1282
586	1256
501	1282
488	1414
536	1294
562	1319
598	1134
618	1235
564	1327
603	1184
691	1506
676	1591
662	1427
647	1455
754	1251
679	1349
710	1396
612	1413
564	1418
646	1286
654	1381
620	1386
666	1443
597	1272
563	1116
535	1035
545	1122
551	1307
570	1134
555	1201
498	1179
505	1509
535	1416
529	1542
544	1519
489	1499
457	1186
453	1424
465	1368
518	1341
520	1327
487	1400
486	1484
431	1692
487	1513
522	1603
520	1511
429	1483
419	1728
460	1639
513	1631
451	1559
456	1549
452	1577
447	1453
461	1555
465	1592
443	1603
443	1447
428	1433
390	1462
483	1517
464	1485
439	1589
479	1724
471	1629
465	1651
424	1524
445	1611
446	1612
434	1566
427	1600
450	1554
426	1391
426	1437
429	1130
451	1299
468	1142
438	1430
438	1502
438	1459
435	1321
424	1420
370	1232
422	1209
503	1226
423	1395
424	1427
486	1322
438	1364
427	1301
429	1280
402	1327
491	1351
472	1285
446	1448
427	1239
471	1282
489	1326
475	1199
452	1350
419	1239
459	1337
476	1545
460	1514
458	1494
461	1602
480	1206
457	1402
411	1428
455	1468
441	1250
446	1414
503	1325
442	1439
461	1394
489	1397
434	1263
414	1076
422	965
430	1126
456	1407
459	1352
501	1306
441	1237
435	1234
463	1261
468	1295
480	1311
481	1299
463	1465
454	1568
478	1494
441	1459
458	1651
536	2838
553	3882
560	4448
486	4332
546	5397
673	6601
680	5575
597	4218
519	3215
446	2467
426	2152
511	1914
468	1677
402	1631
396	1506
460	1452
412	1450
481	1439
505	1468
516	1576
476	1383
417	1214
484	1198
535	1405
568	1812
481	1793
488	1550
458	1441
442	1450
455	1552
472	1484
464	1579
499	1499
458	1371
469	1371
503	1339
433	1607
460	1448
471	1339
467	1434
527	1585
494	1466
413	1245
460	1193
434	1142
439	1238
416	1148
470	1314
477	1223
438	1183
412	1133
475	1290
455	1275
421	1238
424	1141
457	1098
448	1324
440	1132
465	1111
451	1193
459	1160
365	1207
420	1130
418	1152
442	1219
454	1209
395	1182
398	1222
411	1103
456	1214
434	1252
455	1330
436	1533
396	1296
423	1281
445	1321
463	1301
396	1121
461	1133
408	1212
422	1114
426	944
408	999
447	996
449	1053
405	1102
371	1042
360	1045
425	1000
440	1044
458	1136
426	1222
428	1145
436	1218
420	1374
415	1619
411	1715
403	1947
470	2260
404	2340
397	2156
465	1898
420	1786
378	1619
424	1673
427	1887
360	1475
360	1288
430	1345
408	1309
418	1331
438	1318
385	1179
376	1160
449	1281
391	1210
385	1242
416	1263
421	1286
389	1142
390	1109
365	1261
377	1155
470	1178
416	1179
408	1181
430	1305
406	1087
432	1208
382	1224
420	1078
461	1237
450	1206
476	1097
416	1058
403	1238
446	1426
481	1437
521	1590
451	1407
401	1422
459	1535
458	1352
452	1299
390	1587
428	1495
414	1276
447	1268
422	1328
406	1369
417	1542
410	1441
426	1445
445	1503
375	1329
433	1254
449	1270
494	1485
466	2139
438	2648
497	2268
522	3877
500	4372
395	3558
406	2116
434	1933
542	6846
792	12712
815	9510
704	8513
665	8395
604	4853
526	3853
508	2521
526	1715
507	1395
526	1242
531	1217
565	1489
499	1542
472	1187
526	1209
519	1180
572	1081
506	1176
522	1246
533	1314
504	1154
506	1200
549	1115
490	1237
475	1335
499	1199
523	1280
576	1045
563	1072
551	1140
634	1291
724	1196
722	1181
743	1212
769	1298
696	1286
621	1054
661	1234
659	1195
665	1404
614	1287
663	1379
576	1394
504	1265
575	1349
519	1302
525	1340
549	1286
500	1355
493	1468
531	1316
479	1212
489	1199
514	1342
450	1300
438	1405
441	1357
485	1049
440	1206
453	1308
422	1095
463	1233
432	1369
472	1229
509	1296
383	1265
480	1109
451	1094
488	1203
469	1255
445	1318
424	1164
404	1340
399	1428
413	1375
399	1280
490	1205
465	1294
455	1224
388	1316
458	1374
412	1247
408	1260
418	1147
403	1052
330	1156
402	1142
409	1211
390	1133
403	1116
355	1217
384	1210
359	1067
391	1231
375	1106
397	1121
382	1208
381	1121
409	1182
440	1191
379	1268
417	1100
447	1248
433	1045
408	1119
474	1238
386	1269
402	1163
413	1085
397	1156
466	1506
433	1514
471	1394
409	1405
437	1502
416	1241
443	1153
385	1168
404	1073
402	1220
388	1314
374	1345
400	1192
411	1347
382	1535
363	1439
349	1320
394	1331
372	1316
394	1394
437	1137
417	1326
416	1254
405	1249
415	1193
411	1344
412	1293
408	1175
382	1220
393	1046
390	1117
371	1117
387	1200
371	977
393	1095
370	1141
408	1225
426	1248
368	1253
427	1229
375	1295
384	1290
366	1147
362	1213
421	1335
424	1383
379	1312
423	1194
376	1174
380	1326
397	1206
447	1435
438	1540
456	1415
413	1509
434	1480
427	1228
405	1110
409	1226
401	1288
427	1134
349	1190
392	1091
461	1228
453	1230
400	1205
375	1382
433	1268
372	1316
410	1249
538	1238
410	1345
399	1161
434	1309
461	1313
393	1477
382	1373
396	1276
458	1156
438	1176
430	1086
454	1239
407	1255
371	1215
425	1133
431	956
419	1104
400	1322
432	1264
433	1362
430	1481
408	1582
446	1668
476	1721
428	1584
394	1610
445	1614
436	1580
436	1783
484	2215
468	2373
504	2055
454	2174
531	1931
472	1884
523	1532
462	1668
417	1522
494	1555
476	1438
494	1406
417	1352
433	1378
443	1449
488	1427
464	1447
448	1338
458	1279
407	1345
473	1408
501	1512
483	1794
441	1994
526	2208
502	1928
462	1687
444	1590
435	1501
474	1344
549	1535
519	1489
538	1262
566	1471
535	1434
572	1427
535	1422
528	1201
543	1167
498	1239
487	1226
482	1368
467	1425
444	1318
549	1554
501	1173
506	1316
546	1272
548	1434
554	1344
568	1307
630	1224
588	1227
656	1136
524	1457
533	1271
579	1122
598	1233
586	1157
633	1273
603	1268
652	1156
579	1143
626	1191
704	1385
755	1207
660	1185
661	1176
656	1209
624	1156
656	1040
611	1279
581	1313
682	1478
631	1397
589	1401
647	1386
729	1416
734	1422
786	1439
794	1309
806	1407
801	1324
837	1325
875	1351
876	1350
848	1362
846	1335
789	1458
837	1432
849	1267
802	1399
893	1310
868	1517
883	2147
883	2685
922	3283
814	2598
851	2425
915	2394
987	4085
1103	4836
1054	5275
1099	5189
1158	5745
1205	6829
1292	8544
1271	8139
1190	6316
1055	5077
1030	3725
1163	4057
999	3859
1048	2431
954	3607
966	3499
1010	4637
1166	5612
1216	5947
1216	5997
1282	5858
1319	4619
1185	2928
1318	3114
1220	3126
1251	3354
1249	3789
1189	3451
1069	3640
1133	2622
1010	3274
932	2751
835	2780
911	2847
857	2867
891	2165
815	1868
845	1663
919	1374
949	1415
932	1632
894	1989
946	2538
979	2215
993	2002
996	1556
943	1375
864	1374
834	1322
790	1394
837	1449
779	1451
709	1312
704	1391
713	1403
727	1405
732	1315
695	1464
728	1323
699	1393
646	1372
605	1313
699	1355
640	1318
673	1326
590	1325
651	1434
554	1296
553	1436
615	1275
568	1270
614	1374
529	1309
542	1260
508	1262
554	1258
524	1479
552	1386
556	1172
511	1229
486	1247
552	1216
521	1206
473	1309
494	1299
504	1334
457	1340
445	1327
490	1456
516	1521
478	1530
454	1465
462	1427
442	1646
421	1511
461	1370
510	1322
469	1199
468	1180
462	1185
462	1219
466	1255
545	1117
488	1201
486	1268
499	1424
441	1391
459	1658
455	1553
396	1477
414	1467
423	1334
444	1351
425	1342
440	1247
448	1310
447	1387
460	1446
478	1446
483	1361
416	1445
509	1607
414	1412
415	1293
465	1311
441	1331
449	1476
463	1510
452	1511
469	1616
431	1612
465	1562
474	1709
449	1672
480	1596
432	1269
473	1232
428	1363
443	1177
409	1043
421	1206
420	1134
446	1285
448	1092
445	1039
433	1193
415	1243
409	1150
431	1281
399	1414
378	1445
388	1274
504	1200
481	1358
416	1394
527	1345
554	1635
613	1710
577	1839
579	1982
631	1661
597	1627
615	2330
710	2643
645	2859
713	3227
752	5407
716	4669
575	1637
558	2558
556	1905
581	1899
700	2400
802	2622
791	2428
819	2358
861	2233
900	1888
818	1711
1000	1917
901	2106
840	1893
891	2089
845	1855
882	1616
803	1723
770	1662
851	1763
874	1739
952	1942
908	1928
869	1687
925	1636
996	1584
919	1605
964	1423
881	1369
916	1333
849	1385
880	1640
919	1543
914	1556
850	1526
888	1733
923	1917
923	1771
935	1766
898	1539
911	1715
904	1840
939	1741
931	1914
963	1788
948	1452
990	1514
1077	1412
975	1707
939	1839
950	1660
973	1740
935	1634
814	1532
869	1636
787	1440
765	1544
707	1480
656	1735
648	1608
666	1558
674	1560
560	1309
576	1427
624	1332
616	1402
678	1383
698	1522
703	1333
832	1532
810	1194
770	1204
626	1179
578	1067
637	1279
631	1296
582	1263
590	1213
511	1274
479	1096
522	1253
524	1189
415	1263
433	1448
436	1163
424	1305
446	1022
402	1030
424	1254
427	1143
441	1039
450	1235
452	1303
408	1260
423	1277
446	1415
446	1311
463	1235
396	1156
392	1158
384	1196
472	1205
427	1165
412	1194
402	1318
455	1278
420	1272
428	1340
435	1623
418	1464
443	1465
441	1247
387	1223
439	1268
435	1247
382	1152
446	1273
416	1412
428	1332
431	1285
436	1047
421	1362
481	1205
482	1260
455	1231
433	1189
459	1270
475	1210
460	1315
429	1188
411	1235
468	1337
482	1540
440	1453
444	1384
414	1294
439	1336
379	1265
313	1315
398	1069
391	1194
438	1112
375	1320
435	1115
395	1053
404	1181
408	1200
481	1096
409	1073
382	1102
438	1154
408	1246
419	1239
388	1177
418	1242
391	1305
432	1343
407	1348
400	1254
417	1167
395	1231
421	1162
377	1089
335	1153
410	1246
450	1422
422	1292
411	1203
478	1449
475	1507
437	1401
460	1453
473	1528
446	1340
481	1293
527	1316
475	1160
424	1124
434	1460
478	1477
496	1355
494	1310
481	1519
473	1407
445	1340
516	1491
484	1359
549	1503
476	1342
516	1392
538	1370
520	1665
533	1380
467	1421
516	1342
489	1513
445	1322
452	1323
454	1289
453	1400
450	1323
463	1498
407	1540
427	1487
378	1382
478	1381
445	1377
475	1369
436	1294
463	1415
480	1307
509	1320
500	1359
521	1371
603	1337
625	1397
615	1234
632	1154
588	1351
709	1350
779	1437
767	1306
693	1273
742	1173
675	1259
720	1210
622	1152
731	1381
640	1448
594	1388
639	1388
549	1361
542	1289
510	1346
520	1250
452	1179
483	1261
495	1266
478	1163
476	1267
486	1136
471	1215
511	1253
442	1163
491	1326
477	1419
462	1461
468	1525
498	1193
516	1113
471	1351
487	1343
489	1403
487	1258
450	1358
519	1359
511	1238
523	1264
551	1294
481	1287
509	1045
519	1146
476	1213
499	1336
459	1585
459	1509
467	1299
406	1300
500	1272
491	1229
470	1220
475	1268
487	1265
536	1081
473	1129
466	1153
441	1077
491	1384
447	1111
447	1177
443	1133
506	1165
496	1234
460	1220
520	1254
481	1543
497	1339
484	1299
498	1317
497	1245
503	1203
485	1210
444	1183
471	1135
451	1211
432	1105
442	1021
476	1277
525	1140
464	987
487	1257
495	1145
482	1128
504	1116
463	1072
482	1208
448	1421
484	1283
514	1327
507	1159
507	1220
559	1239
506	1082
493	1131
542	1109
489	1028
433	1072
434	1309
505	1178
478	1353
492	1278
462	1287
476	1304
460	1181
415	1270
499	1144
454	1141
424	1103
525	1286
480	1153
518	1185
548	1287
542	1188
522	1069
538	1132
487	1219
497	1348
530	1427
565	1217
468	1434
510	1153
552	1327
547	1401
516	1191
506	1237
494	1082
494	1117
463	1283
510	1145
506	1291
524	1274
458	1257
553	1273
582	1295
459	1326
514	1276
492	1181
560	2485
565	3462
512	1186
506	1223
509	1346
499	1276
477	1460
506	1390
548	1526
494	1517
525	1331
506	1286
519	1226
505	1110
496	1108
495	1316
496	1204
531	1219
518	1215
559	1403
539	1208
495	1211
497	1188
443	1021
521	1281
527	1215
517	1100
566	1198
452	1397
523	1226
548	1182
495	1210
538	1133
555	1136
593	1244
530	1277
580	1379
518	1325
582	1365
562	1288
587	1084
561	1214
560	1185
547	1074
514	1198
620	1248
565	1203
599	1212
576	1453
660	1263
662	1270
668	1390
591	1276
560	1238
609	1097
596	1062
580	1109
616	1087
594	1094
627	1276
715	1280
654	1297
674	1330
672	1385
676	1256
640	1307
711	1402
621	1602
702	1509
682	1514
699	1451
759	1415
786	1497
716	1566
833	1575
768	1576
966	1639
942	1463
919	1615
923	1664
1050	1718
1275	1794
1254	1923
1208	1966
1068	1857
1071	1841
1043	1814
967	1683
957	1972
935	1738
1085	1781
1068	1667
1177	1854
1094	1937
1147	2071
1078	1902
1137	1882
1088	2035
1156	1885
1146	1989
1185	2030
1165	1822
1071	1753
1075	1631
1078	1564
1047	1628
1066	1611
1056	1578
1084	1402
947	1683
920	1462
896	1596
893	1609
897	1863
905	1918
859	1740
872	1875
718	1767
677	1816
701	1912
777	1920
691	1677
618	1635
593	1729
552	1772
596	2547
708	3511
570	3369
618	3262
562	3231
607	2956
677	3070
617	2953
585	3565
641	3013
627	2881
534	2763
494	1922
528	1606
482	1322
546	1248
501	1442
473	1338
495	1207
489	1167
454	1151
516	1096
523	1197
510	1308
509	1128
460	1253
462	1153
536	1205
492	1260
471	1354
502	1185
459	1211
565	1283
491	1345
513	1403
559	1294
457	1269
532	1287
515	1196
494	1395
472	1478
451	1286
484	1316
475	1270
462	1158
461	1265
475	1195
502	1357
470	1455
487	1288
477	1309
513	1333
523	1380
541	1445
502	1345
518	1325
539	1174
481	1289
498	1265
457	1222
482	1151
505	1015
444	1244
444	1163
480	1218
457	1201
500	1347
470	1294
451	1530
456	1466
435	1488
501	1477
486	1248
452	1260
421	1277
463	1502
504	1456
468	1596
481	1252
468	1228
435	1409
454	1203
509	1250
483	1106
492	1016
504	1169
490	1148
451	1341
409	1259
493	1052
500	997
478	1133
452	1159
511	1295
486	1250
490	1269
491	1135
423	1234
443	1292
468	1204
459	1132
494	1196
468	1188
458	1214
461	1283
464	1145
467	1323
463	1571
467	1463
516	1516
501	1464
498	5408
499	4836
552	5383
678	7573
586	8119
518	7495
506	3201
441	1711
486	1312
467	1323
397	1300
477	1291
459	1374
439	1183
478	1059
443	1170
473	1225
478	1249
449	1247
430	1332
443	1312
433	1348
501	1322
418	1253
441	1214
461	1125
500	1151
403	1118
414	1253
509	1104
487	1255
500	1171
476	1199
511	1136
457	1142
473	1000
471	1306
482	1186
459	1167
472	1253
435	1253
430	1282
372	1207
394	1486
449	1470
444	1230
450	1205
444	1117
446	1288
493	1171
476	1144
517	1177
409	1289
422	1211
489	1360
483	1451
426	1344
478	1232
477	1472
412	1640
489	1856
433	1266
517	1329
461	1424
419	1455
426	1887
434	1357
386	1356
434	1281
512	1463
430	1571
454	2002
450	1662
443	1472
502	1675
511	1728
462	1421
536	1456
498	1397
477	1322
486	1395
478	1431
498	1290
531	1291
549	1151
517	1263
512	1410
579	1308
603	1308
552	1358
588	1846
549	1573
552	1700
549	1626
551	2100
523	1631
471	1351
471	1346
517	1763
498	2204
518	2267
565	3866
511	2143
524	2780
535	2124
647	4799
639	6361
618	7405
545	5813
513	3605
553	2808
426	1836
458	1311
445	1480
397	1867
492	1631
440	1554
383	1545
440	1324
421	1318
471	1342
477	1224
446	1103
439	1205
433	1151
482	1184
409	1134
465	1046
461	1066
455	1269
389	1116
387	1093
435	1503
480	1904
429	1858
487	2020
439	1840
477	2132
466	2522
462	3753
506	4625
513	4195
455	1597
404	1438
395	1209
437	1152
400	1118
432	1152
450	1220
429	1332
417	1137
439	1294
379	1218
418	1009
436	1213
374	1171
414	1557
465	1429
427	1329
457	1309
425	1263
410	1215
450	1214
406	1123
406	1087
444	1206
375	1207
419	1198
434	1351
437	1129
410	1326
464	1141
453	1281
449	1327
471	1252
468	1353
426	1394
456	1343
462	1445
467	1407
467	1307
442	1156
499	1362
444	1351
444	1421
407	1322
424	1472
416	1272
409	1382
413	1313
397	1354
368	1444
403	1401
390	1462
355	1406
402	1364
426	1241
421	1316
380	1292
442	1180
413	1290
418	1427
419	1236
381	1365
392	1389
371	1211
390	1499
381	1570
403	1356
379	1518
418	1661
489	1349
431	1422
357	1339
390	1256
413	1524
364	1417
385	1156
378	1164
340	1009
402	1099
449	979
447	1136
391	1038
438	1182
426	1140
401	1254
485	1226
432	1118
449	1044
446	1060
429	1071
408	1139
388	1175
392	1179
400	1470
416	1665
394	1433
343	1455
366	1398
409	1511
398	1311
392	1474
438	1343
403	1617
418	1657
358	1810
410	1408
413	1372
408	1580
410	1516
427	1449
442	1272
408	1188
476	1007
483	1200
418	1144
469	1125
387	1140
389	1117
433	976
412	1201
363	1210
433	1489
452	1321
382	1036
405	1110
446	1338
397	1584
423	1460
410	1313
408	1243
392	1626
381	1486
407	1464
400	1620
350	1490
370	1127
359	1061
365	1281
408	1123
418	1304
382	1283
420	1181
397	1602
455	2758
518	4401
436	3854
453	1889
370	1979
452	1752
511	2776
552	3607
800	10695
604	6402
461	2045
417	1918
477	2437
454	3092
431	1825
449	1840
449	2973
571	5070
511	3281
478	2010
486	3904
448	2186
425	1501
567	4602
668	7836
544	5940
652	7751
816	10048
867	11261
626	7278
621	6026
698	8962
753	11031
749	8794
775	9505
728	8182
701	9331
634	6865
553	5689
424	3110
495	3632
472	2749
609	5481
518	5036
458	4753
426	3164
419	2609
395	2114
430	1304
384	1332
414	1280
398	1115
389	1165
459	1165
443	1304
432	1112
374	1064
440	1024
401	1040
435	1299
434	1155
415	1207
465	1176
408	1182
453	1080
423	1033
403	1179
430	1286
404	1222
415	1232
458	1312
417	1303
466	1261
382	1392
420	1359
371	1131
394	1343
395	1172
369	1000
414	1097
426	1108
451	1176
393	1037
396	1109
415	1231
385	1076
429	1134
458	1095
386	977
426	873
468	875
419	971
436	987
510	983
576	1044
561	1052
620	1109
585	1161
593	1372
539	1216
636	1233
614	1139
624	1240
655	1107
676	1252
670	1129
698	1218
683	1166
653	937
610	1084
590	1013
629	986
535	1167
546	1184
525	1136
501	1403
511	1151
520	1340
522	1347
493	1251
526	1295
480	1190
422	1145
481	1242
452	1086
511	1215
541	1332
513	1225
435	1320
461	1248
460	1185
434	1230
471	1272
444	1317
521	1296
454	1401
512	1736
481	1435
423	1516
447	1344
461	1429
424	1239
453	1218
462	1145
431	1113
421	1186
472	1261
478	1186
457	1219
479	1083
443	1167
456	1270
431	1314
447	1324
456	1604
486	1403
424	1341
470	1235
455	1184
437	1348
419	1160
485	1290
446	1106
471	1275
476	1229
404	1261
424	1136
457	1168
478	1150
371	1090
410	1119
390	1175
386	1147
387	1105
402	1121
426	1083
429	1118
454	1107
469	1181
438	1301
433	1205
437	1275
437	1084
470	1125
501	1137
534	1069
474	1280
441	1048
398	1155
372	1215
382	1392
390	1272
397	1408
478	1301
491	1300
504	1397
466	1216
435	1388
386	1195
483	1244
492	1334
467	1196
439	1395
477	1399
433	1244
415	1280
412	1275
460	1284
490	1349
513	1300
489	1251
462	1138
453	1006
498	1065
480	1139
456	1093
492	1003
438	1228
467	1073
520	1200
532	1319
571	1379
543	1395
503	1449
573	1533
603	1569
576	1519
557	1635
620	1583
641	1412
643	1488
606	1344
594	1347
623	1681
788	1474
803	1566
899	1564
824	1533
841	1780
1067	2286
1145	2168
1258	2183
1272	2124
1236	2188
1292	2233
1168	1952
1159	1953
1145	1830
1094	1854
1041	1731
937	1339
854	1486
845	1348
892	1640
940	1612
906	1477
907	1472
975	1436
948	1368
1126	1484
1038	1371
1002	1321
1036	1404
989	1362
1072	1515
950	1373
961	1454
912	1386
952	1304
860	1376
842	1209
913	1241
835	1320
958	1385
899	1440
1112	1640
1209	1853
1585	2081
1639	1989
1707	2010
1927	2031
2298	2203
2623	2614
2682	2583
2349	2484
2289	2716
2609	2693
2535	2888
2256	2355
1990	2222
1886	2280
1963	2241
1956	2518
2073	2523
1993	2411
1924	2304
1785	2526
1863	2451
2055	2419
2069	2575
2118	2814
1959	2758
2026	2593
1642	2392
1727	2458
1958	2693
1702	2399
1294	2045
1194	1725
1039	1802
1022	1646
949	1445
938	1465
826	1671
790	1449
806	1367
790	1345
627	1302
573	1285
644	1295
573	1220
639	1221
565	1276
543	1185
579	1239
559	1301
634	1312
580	1244
555	1156
553	1372
519	1443
523	1169
469	1147
512	1041
438	1116
507	1201
513	1090
504	1269
523	1886
505	2339
538	1339
548	1086
533	994
472	1094
492	1227
434	978
479	1048
424	1047
438	1077
486	1163
479	995
508	1195
547	1386
534	1165
507	1157
449	1146
501	1190
495	1213
458	1262
491	1323
493	1115
486	1160
534	1100
493	1111
441	1028
425	923
464	983
449	1013
482	1141
531	1192
523	1116
501	945
477	1013
483	1012
510	1143
572	1108
694	1185
734	1143
708	1149
592	1208
561	1092
547	1099
623	1095
652	1193
676	1246
668	1177
572	1244
565	1178
530	1255
490	1312
529	1343
529	1356
543	1391
559	1385
508	1409
492	1441
544	1384
522	1320
516	1392
458	1394
442	1251
479	1362
420	1414
453	1427
521	1262
484	1419
539	1421
530	1278
477	1384
468	1170
437	1178
439	1143
434	1088
505	1212
477	1172
463	1237
520	1250
462	1119
468	1183
438	1159
437	1278
450	1101
493	1285
481	1156
516	1165
520	1395
462	1302
461	1436
469	1417
445	1157
450	1197
485	1328
424	1272
463	1197
500	1074
429	1014
472	1151
487	1343
457	1275
454	1097
425	1278
423	1299
508	1133
436	1072
446	1206
414	1059
365	996
394	952
394	1021
489	1127
478	1120
476	1080
476	1143
460	1116
436	1254
436	1292
495	1252
452	1277
429	1460
389	1291
386	1245
466	1138
456	1119
427	905
477	1160
461	971
445	1107
448	1162
480	1206
439	1185
438	1324
471	1280
461	1384
437	1377
428	1468
432	1173
417	1304
429	1419
432	1223
471	1141
467	1122
412	1112
417	1089
408	1008
377	1062
424	1061
492	1000
463	972
459	1181
421	1074
408	1304
451	1269
480	1383
454	1267
414	1167
462	1247
449	1029
457	1280
491	1271
413	1450
430	1286
529	1417
496	1426
459	1134
480	1154
488	1386
494	1323
450	1224
434	1143
419	986
354	1068
455	1039
466	1104
458	1061
460	1095
445	1139
378	1073
450	1203
425	1087
406	1113
417	1197
426	1168
459	1095
468	1125
496	1151
484	1296
560	1429
567	2321
514	2211
453	1662
494	1541
499	1508
558	1538
504	2224
473	2654
437	1406
443	1194
468	1792
486	1207
419	1214
427	1435
375	1562
410	1537
405	1612
436	1926
429	1306
445	1613
389	2123
501	3712
543	7385
594	6632
562	8192
582	10220
544	8270
471	4738
414	3251
446	1317
480	1393
473	1864
490	1304
423	1481
396	1889
451	1986
537	6462
575	6479
459	2999
438	2245
419	2143
486	1850
399	1721
489	1603
457	1602
498	1593
464	1468
427	1498
473	1425
417	1396
467	1294
462	1280
434	1241
477	1378
517	1472
413	1343
431	1577
611	1514
736	1995
865	2106
727	1683
710	1674
929	1933
1130	1996
1161	2301
967	2004
871	1915
1001	2073
1407	2725
2002	2844
1690	2639
1412	2700
1968	2777
3056	3729
3449	4468
3078	4092
2910	3986
2720	4045
2901	4875
2991	5925
2879	5946
2678	5791
2654	5843
2901	5433
2998	5521
3114	6571
3668	7463
3476	8311
3676	9145
4054	9857
3964	9500
3791	8968
3647	8296
3457	6741
3258	4375
2914	4434
2749	4125
2480	4306
2358	4066
2386	4260
2284	4074
2107	3996
1952	3569
1734	3132
1327	2626
972	2382
924	2278
927	2397
789	2160
646	2059
583	1853
596	1570
612	1835
580	1794
594	1666
587	1521
586	1601
588	1855
623	1755
640	1790
534	1661
543	1491
513	1556
500	1525
500	1515
536	1579
550	1451
513	1389
505	1300
528	1259
538	1332
570	1566
501	1360
565	1300
500	1380
543	1297
516	1165
500	1214
542	1271
554	1196
501	1249
542	1309
558	1407
549	1241
514	1520
514	1380
589	1286
612	1440
615	1703
621	1630
654	1700
609	1608
575	1410
558	1677
569	1565
590	1617
610	1530
622	1575
606	1496
624	1619
671	1411
601	1625
702	1470
685	1625
670	1544
746	1632
702	1837
780	1521
775	1757
820	1733
805	1605
848	1585
836	1569
858	1622
818	1628
820	1612
718	1660
832	1624
785	1675
853	1547
780	1662
728	1458
794	1547
792	1389
716	1388
781	1308
788	1225
717	1356
763	1317
773	1173
788	1315
698	1242
737	1496
718	1617
598	1499
638	1338
654	1380
650	1372
681	1419
593	1291
665	1377
598	1490
660	1346
659	1236
621	1223
612	1268
644	1550
618	1589
578	1543
574	1576
559	1560
642	1671
547	1528
509	1404
538	1255
581	1217
538	1279
601	1307
614	1473
599	1329
546	1180
510	1214
491	1466
546	1459
510	1326
504	1336
499	1376
486	1376
509	1458
552	1334
504	1291
487	1548
514	1258
518	1159
463	1295
461	1120
488	1185
393	1193
486	1294
470	1417
482	1257
437	1377
512	1425
476	1321
476	1151
477	1262
516	1191
474	1383
437	1038
465	1187
492	1417
511	1478
469	1258
429	1246
466	1055
548	1232
453	1202
495	1100
538	1109
582	1198
523	1206
523	1246
509	1284
481	1303
513	1222
428	1260
484	1162
439	1338
449	1285
417	1227
409	1157
422	1118
490	1235
489	1153
481	1117
513	1219
442	1130
497	1104
479	1211
472	1161
454	1174
516	1145
489	1245
452	1202
432	1474
392	1172
459	1014
481	1079
483	1233
523	1294
471	1289
475	1371
440	1250
474	1175
456	1137
478	1130
441	1315
456	1192
513	1213
482	1066
461	1195
476	1369
439	1504
455	1405
450	1293
447	1225
465	1380
470	1390
475	1508
458	1591
506	1392
440	1242
419	1327
451	1459
489	1362
465	1417
402	1418
425	1219
486	1108
414	1170
437	1358
414	1407
480	1380
412	1278
454	1242
420	1265
462	1202
436	1326
407	1200
447	1311
388	1283
374	1469
389	1307
405	1348
386	1447
389	1255
423	1250
427	1316
457	1305
438	1402
448	1375
456	1560
465	1555
435	1339
397	1338
457	1478
453	1352
412	1442
477	1406
442	1588
411	1408
508	1526
501	1469
482	1512
439	1399
496	1275
463	1268
409	1394
439	1319
390	1264
437	1159
437	1361
415	1242
407	1132
398	1290
447	1309
412	1313
428	1289
437	1330
503	1577
440	1256
453	1227
450	1098
399	1191
392	1309
398	1162
365	1120
346	1343
348	1316
344	1249
390	1310
447	1354
393	1288
372	1336
384	1258
411	1228
391	1208
427	1228
392	1126
459	1006
393	1136
456	1252
434	1143
403	1421
397	1149
407	1145
409	1067
380	1262
374	1262
377	1263
380	1177
456	1138
463	1180
495	1266
450	1277
432	1241
404	1244
507	1388
508	1212
470	1347
436	1506
420	1403
464	1427
540	1432
553	1258
530	1363
502	1193
462	1147
497	1160
503	1187
541	1121
516	1049
592	1209
793	1220
885	1428
864	1343
738	1301
778	1427
1055	1442
1328	1497
1376	1457
1403	1495
1611	1808
1903	1883
2140	2403
2030	2379
1758	2204
1521	2005
1659	2417
1658	2688
1860	2755
1951	2738
1822	2442
1925	2313
2044	2443
2168	2321
1956	2284
1878	2564
1815	2302
1900	2513
1781	2181
1884	2544
2071	2762
2262	2973
2377	2815
2124	2383
2091	2250
1903	2270
1681	1939
1402	1721
1293	1650
1187	1732
1070	1520
930	1482
828	1505
802	1566
728	1669
666	1416
696	1427
643	1481
569	1194
583	1313
549	1316
596	1439
534	1298
560	1272
480	1264
501	1172
470	1264
386	961
431	1202
426	1089
491	1197
459	1111
420	1112
424	1191
406	1144
340	1102
394	1210
455	1209
426	1078
431	1290
439	1296
420	1351
393	1473
488	1748
525	1822
489	2152
431	1958
521	2140
465	1925
430	2195
464	2342
478	2390
455	2152
422	2025
543	2010
396	1913
427	1438
457	1247
403	1280
423	1281
426	1537
456	1418
414	1423
385	1415
413	1303
397	1219
438	1343
399	1426
395	1126
435	1225
368	1400
453	1339
431	1396
444	1341
421	1090
419	1198
416	1311
421	1424
391	1375
406	1452
417	1375
442	1393
424	1364
446	1328
470	1277
457	1376
412	1476
465	1379
339	1399
393	1254
417	1373
418	1433
417	1399
397	1393
432	1382
420	1431
406	1531
462	1451
392	1271
384	1232
389	1315
455	1584
453	1675
472	2052
439	2131
456	1884
511	2325
487	2447
530	2477
458	1941
464	1784
463	1524
449	1498
413	1371
473	1357
439	1356
409	1422
426	1365
374	1261
401	1276
442	1192
460	1133
434	1200
491	1597
420	1481
489	1257
403	1451
443	1206
441	1320
439	1535
484	1398
487	1532
470	1305
482	1317
418	1216
445	1107
435	1048
441	1121
377	1242
422	1143
459	1227
497	1487
403	1192
417	1354
415	1299
438	1112
417	1028
399	1052
395	1119
423	1129
413	1295
359	1477
454	1466
460	1642
443	1646
427	1859
435	1695
438	1736
381	1615
412	1480
421	1333
464	1625
363	1427
387	1351
447	1449
459	1510
436	1440
430	1809
439	1594
390	1563
385	1454
378	1271
463	1264
397	1230
407	1283
389	1269
396	1155
383	1139
378	1130
375	1200
467	1340
449	1342
420	1189
378	1281
384	1220
395	1381
398	1224
458	1002
397	1092
408	1099
401	1118
438	1187
388	1039
401	1138
457	1114
402	1088
454	1219
459	948
428	913
485	1045
468	1144
484	1187
480	1143
470	1072
504	1130
508	1147
473	1235
432	1380
395	1441
396	1541
395	1303
415	1292
430	1260
394	1346
376	1248
454	1264
413	1151
350	1305
409	1300
400	1295
443	1347
443	1305
417	1259
443	1392
410	1352
478	1431
459	1451
457	1448
433	1307
393	1311
404	1291
457	1342
458	1416
407	1396
427	1474
435	1356
415	1240
425	1299
472	1169
486	1320
554	1402
461	1421
470	1415
474	1340
420	1231
453	1388
508	1115
466	1249
451	1294
456	1434
464	1296
452	1617
466	1523
485	1563
453	1533
446	1501
450	1524
401	1315
452	1604
471	1546
492	1489
425	1592
458	1486
485	1276
500	1324
539	1283
507	1333
469	1054
453	1196
455	1225
469	1185
484	1237
517	1419
540	1235
474	1336
463	1151
493	1097
440	1263
483	1367
512	1356
471	1344
488	1556
454	1722
472	1254
396	1181
365	1287
398	1220
438	1239
424	1275
416	1404
390	1345
407	1395
390	1189
387	1519
412	1466
384	1517
438	1307
360	1528
385	1147
392	996
365	1208
432	1146
405	1218
362	1337
438	1185
415	1561
436	1450
432	1376
380	1404
414	1309
405	1402
396	1232
370	1109
372	1200
473	1083
443	1099
400	1121
447	1226
393	1077
413	1003
386	1195
381	945
442	1226
361	1251
386	1291
373	1254
398	1063
336	1104
366	1216
374	1185
381	1123
404	1388
376	1376
429	1227
480	1265
442	1303
409	1314
433	1219
465	1375
421	1090
468	1297
400	1232
400	1165
406	1075
418	1044
439	1161
401	994
446	1036
395	1118
389	1111
383	986
434	883
453	1156
409	936
349	1031
348	1055
403	981
396	1151
415	1265
437	999
388	1023
378	1118
443	1151
401	1081
376	1003
401	1122
382	985
359	900
426	1042
436	1105
416	1161
445	1138
440	1315
430	1159
433	1302
404	1272
528	1212
458	1342
416	1282
382	1138
438	1173
383	1319
350	1250
393	1340
430	1467
428	1486
432	1205
423	1259
383	1175
475	1113
460	1085
437	1309
424	1164
470	1135
440	1223
420	1401
441	1446
371	1377
401	1418
421	1529
423	1452
414	1491
369	1470
391	1386
414	1316
461	1362
426	1312
404	1282
416	1341
376	1195
446	1403
398	1310
425	1201
413	1298
454	1415
435	1180
423	1185
413	1216
414	1206
408	1173
462	1225
454	1180
384	1159
410	1086
417	1129
396	937
390	1169
403	1344
443	1462
476	1535
454	1340
421	1314
419	1168
467	1230
469	1249
452	1090
480	1026
468	1079
457	1178
503	1147
419	1229
450	1211
457	1347
471	1218
437	1263
433	1378
453	1404
493	1493
510	1220
548	1288
633	1269
579	1313
647	1357
693	1418
597	1416
700	1431
566	1314
583	1186
620	1177
604	1219
533	1427
527	1244
461	1207
489	1216
502	1166
447	1225
541	1244
512	1360
642	1365
689	1414
739	1368
805	1499
753	1642
863	1523
979	1827
911	1841
966	1691
1042	1644
1097	1593
1191	1532
947	1485
941	1567
887	1391
972	1278
1160	1527
1208	1559
1232	1672
1344	1825
1563	2026
1691	2137
1759	1999
1674	1887
1485	1747
1605	1636
1852	1937
1847	2005
1912	2192
2047	2332
2225	2378
2349	2372
2562	2487
2511	2257
2634	2333
2685	2339
2973	2660
3358	3377
3328	3265
3061	3296
3010	3027
3064	2457
3177	2349
3169	2241
2871	1993
2743	2059
2976	2020
3329	2043
3669	2176
3959	2605
4458	2922
4761	3044
5513	3573
6105	3646
6522	3855
6431	4229
6658	4245
7281	4341
7231	4544
6839	4317
6115	3634
5220	2977
4690	2769
3882	2444
3419	2221
2941	2068
3053	2231
3040	2233
3614	2228
3967	2572
4804	2924
5925	3736
6688	4603
7548	4909
8116	4493
8494	4580
8606	4671
8177	5126
7654	4632
6782	4036
5999	3726
5249	3152
4521	2680
4017	2274
3414	2329
3164	2138
2989	1990
3052	2058
3187	2066
3526	2036
4004	2201
4724	2465
5338	2858
5972	3460
6785	3669
7066	3613
7196	3466
6923	3610
6438	3272
5681	2849
5124	2545
4401	2730
3658	2419
3176	2267
2761	2183
2754	2060
2648	1987
2858	1929
3163	2134
3413	2151
3711	2733
3917	3108
4252	3607
4286	3527
4091	3746
3707	3380
3485	3062
3413	3123
3344	3071
3111	2788
2707	2532
2539	2276
2393	2342
2253	2135
1848	2044
1514	2032
1341	1932
1418	1850
1463	1962
1499	1950
1491	2053
1566	1955
1487	1963
1553	1822
1533	1852
1339	1993
1269	1662
1216	1674
1157	1663
1115	1788
1083	1773
1026	1582
898	1507
897	1449
871	1391
934	1677
861	1628
880	1315
771	1530
850	1345
757	1498
729	1345
702	1385
649	1306
664	1520
597	1539
531	1499
447	1343
520	1471
519	1469
548	1527
552	1611
537	1466
564	1438
571	1270
651	1259
597	1408
502	1088
520	1183
502	1047
546	1101
506	1148
509	1127
533	1181
487	1221
472	1291
480	1277
558	1166
517	1144
441	1175
435	1461
445	1362
504	1376
443	1215
437	1273
457	1375
473	1222
501	1173
453	1410
465	1757
403	1561
401	1400
432	1471
507	3420
421	3102
473	2874
424	2906
418	2824
427	2899
396	1664
420	1506
426	1361
438	1226
424	1243
458	1658
451	3416
459	1835
447	1530
506	1474
473	1493
472	1537
432	1426
432	1323
444	1412
456	1182
417	1307
484	1326
462	1275
457	1176
482	1192
499	1298
434	1240
462	1107
462	1252
531	1438
478	1346
474	1305
503	1324
462	1272
507	1440
555	1302
497	1417
497	1233
460	1184
462	1238
442	1168
453	1078
467	1228
458	1297
496	1240
470	1185
462	1200
469	1291
502	1378
504	1219
554	1197
430	1436
502	1505
478	1393
504	1311
528	1364
487	1297
436	1389
418	1332
461	1328
481	1353
509	1387
472	1463
495	1569
490	1497
496	1415
522	1322
496	1372
476	1470
535	1514
508	1515
484	1393
528	1311
559	1351
634	1504
605	1548
655	1684
722	1641
814	1753
795	1829
785	1891
672	2089
781	2072
916	2038
862	2016
892	1903
956	1945
1050	2206
1192	2424
1179	2179
1277	2294
1301	2230
1235	2236
1198	2046
1283	2133
1215	2210
1162	2086
1214	2019
1373	2133
1415	2073
1369	2090
1389	2137
1508	2032
1706	2203
1568	2541
1563	2742
1594	2873
1474	2639
1330	2531
1210	2646
1045	2432
1129	2211
1027	2111
867	2151
802	2145
796	1865
766	1617
714	1590
735	1753
737	1894
719	2065
686	1804
618	1719
595	1728
584	1496
517	1612
533	1738
543	1600
588	1650
516	1517
523	1587
595	1599
532	1704
585	1317
525	1527
615	1458
531	1619
571	1767
535	1821
608	1787
600	1655
572	1697
592	1940
576	1758
582	1556
557	1648
518	1859
533	1801
546	1807
574	1729
571	2040
641	1961
545	2143
626	1920
604	1606
666	1804
640	1756
591	1780
621	1551
635	1494
594	1479
603	1627
677	1811
661	1835
727	1879
798	1978
837	1965
785	1996
809	1748
855	1877
824	1872
823	1997
826	1865
784	2014
810	1944
791	1962
717	1813
810	1902
732	2181
704	1648
794	1802
865	1628
810	1883
842	1914
913	2005
864	1789
938	2134
894	2164
1111	2009
1011	1995
1101	1970
1047	1952
1128	2107
1137	1802
988	1686
994	1794
897	1731
880	1837
897	2096
781	2336
807	2567
775	2435
835	2365
782	2263
767	2455
770	2462
829	2487
866	2822
837	3305
790	3130
843	3211
861	3252
768	3364
740	3374
785	3534
860	3271
817	3446
784	3425
739	3225
794	2374
767	1947
690	1876
744	1994
668	1700
584	1868
620	1738
646	1938
596	1756
569	1911
598	1774
546	1580
603	1587
594	1617
529	1559
537	1693
550	2087
534	1935
519	1763
520	1785
518	1853
489	1799
510	1598
503	1673
408	1651
434	1600
465	1697
452	1627
436	1485
468	1644
395	1537
465	1361
440	1762
469	1586
494	1231
462	1382
463	1319
448	1410
457	1320
461	1372
437	1216
445	1310
494	1409
446	1287
521	1352
479	1199
451	1274
446	1148
408	1241
405	1249
423	1300
376	1379
453	1817
474	1544
443	1267
421	1221
473	1066
455	981
484	932
373	1133
429	1089
496	1239
526	1636
474	1309
397	1130
394	1190
342	1200
392	1256
401	1155
430	1294
409	1227
356	1170
448	1148
454	1291
416	1453
427	1303
477	1153
458	1420
465	1252
495	1243
450	1130
466	1109
452	1003
477	1010
435	975
442	958
437	1002
437	1018
401	1073
430	1092
424	1110
473	1247
492	1123
497	1047
460	1155
427	1059
381	1074
462	1049
444	1006
396	1096
433	1041
444	1075
420	1282
467	1188
456	1233
443	1372
514	1330
443	1203
463	1394
439	1513
438	1376
424	1478
453	1632
418	1390
464	1311
418	1265
438	1314
391	1375
434	1199
403	1480
454	1265
449	1191
463	1136
451	1286
523	1346
473	1249
464	1280
441	1096
507	1250
482	1243
415	1030
465	1098
427	1080
417	1080
404	1365
476	1274
429	1176
424	1132
453	1131
435	1278
366	1315
347	1249
431	1065
441	1064
426	1203
429	1098
369	1189
359	1301
425	1268
417	1391
424	1546
390	1314
390	1699
441	1641
429	1583
418	1217
492	1239
401	1213
439	1311
478	1346
432	1414
439	1247
417	1123
440	1134
466	1081
448	1271
489	1171
483	1162
475	1065
469	1133
561	1156
434	1089
446	1134
438	1048
433	1083
495	1234
482	1156
482	1301
480	1212
433	1287
429	1237
437	1449
467	1461
468	1295
406	1246
464	1272
412	1100
417	1116
442	1094
463	1236
464	1209
396	1215
434	1340
421	1180
389	1291
436	1385
436	1434
484	1386
450	1156
368	1327
453	1267
410	1293
384	1328
477	1353
465	1393
433	1404
418	1463
420	1580
442	1795
467	2790
423	2075
443	2160
443	3630
454	3115
486	3639
457	4722
485	5955
537	5274
435	2607
484	2777
468	2986
534	3139
502	2187
462	1504
507	1227
464	1390
506	1333
469	1398
472	1228
468	1287
480	1252
373	1205
400	1250
437	1301
391	1222
374	1153
435	1330
427	1282
442	1293
463	1316
398	1358
460	1255
455	1361
394	1392
447	1334
478	1304
428	1279
406	1195
423	1058
455	1089
461	1062
425	962
477	1005
419	1266
410	1227
441	1159
450	1174
468	1414
455	1230
469	1048
448	1345
450	1348
435	1151
464	1261
467	1087
441	1055
398	1170
419	1109
376	1180
434	1286
440	1140
381	1436
403	1318
407	1322
396	1192
462	1032
450	1206
397	1121
428	1412
432	1352
465	1212
472	1496
544	1638
499	1296
451	1386
490	1297
524	1509
520	1616
525	1422
506	1412
519	1426
516	1259
506	1308
463	1552
503	1370
550	1489
662	1857
778	1779
898	1648
737	1578
835	1492
731	1496
661	1447
588	1682
527	1424
540	1407
604	1493
532	1447
505	1404
475	1483
541	1457
527	1679
501	1567
489	1630
485	1318
467	1338
483	1491
510	1466
406	1329
425	1561
445	1632
504	1738
468	1660
478	1283
475	1418
449	1351
449	1282
452	1401
420	1217
504	1339
470	1386
475	1250
414	1127
437	1314
423	1159
401	1269
426	1213
414	1138
442	1330
382	1229
379	1168
387	1251
427	1206
410	1489
430	1691
445	1416
413	1431
445	1316
447	1152
420	1248
416	1284
463	1246
496	1352
506	1470
419	1285
394	1243
437	1392
439	1331
421	1135
445	1241
496	1136
437	1229
453	1178
406	1089
496	1193
423	1250
421	1228
429	1215
434	1235
447	1077
456	1022
420	1249
429	1027
389	1024
445	1171
456	1191
447	1419
446	1616
458	1792
448	1499
431	1750
390	1958
374	2090
419	1864
408	1832
406	1748
455	1479
416	1824
451	1531
488	1431
445	1278
445	1614
427	1282
451	1158
449	1421
481	1632
484	1338
499	1262
518	1229
423	1229
452	1305
436	1364
424	1374
476	1331
456	1327
474	1410
448	1405
437	1567
389	1429
449	1250
417	1232
421	1294
454	1231
438	1301
412	1231
381	1162
353	1192
434	1342
384	1148
436	1405
405	1184
395	1106
449	1184
411	1162
464	1066
513	1215
458	1376
499	1411
453	1269
424	1004
450	1138
425	1257
467	1391
487	1340
459	1455
459	1576
421	1334
453	1466
490	1742
471	1956
496	2028
524	2326
495	2221
528	2331
491	2433
496	2578
484	2302
530	1837
501	1846
527	2099
540	3235
529	3467
569	1619
507	1533
465	1600
524	1353
494	1417
519	1456
476	1226
510	1359
481	1217
460	1250
491	1350
430	1420
498	1201
461	1419
398	1554
434	1344
448	1319
431	1352
414	1253
433	1327
419	1085
422	1109
407	1340
401	1146
399	1241
415	1185
477	1259
372	1400
363	1276
433	1260
447	1396
403	1329
432	1240
412	1220
422	1116
410	1135
463	1265
423	1414
419	1417
469	1264
438	1345
431	1451
461	1149
375	1166
446	1176
450	1170
407	1526
404	1388
402	1002
404	1261
358	1128
381	1171
411	1170
446	1354
402	1248
427	1206
458	1122
415	1471
471	1615
458	1293
415	1458
452	1447
488	1653
393	1363
432	1577
430	1666
450	1300
469	1169
412	1115
395	1671
423	1648
364	1632
379	1859
395	1877
423	1833
366	1675
389	1737
416	1797
455	1983
448	1858
407	1537
417	1371
424	1347
359	1386
384	1382
362	1463
392	1402
360	1460
375	1723
442	1613
460	1806
429	1576
435	1483
388	1714
410	1634
388	1597
408	1521
401	1494
426	1610
394	1718
428	1872
403	1850
439	1743
426	1447
387	1756
432	2358
434	2325
452	2191
460	2477
413	2308
418	2213
428	2007
383	1713
433	1697
481	1635
464	1384
450	1374
529	1292
421	1506
405	1385
460	1325
464	1306
462	1410
456	1540
405	1594
472	1359
466	1394
372	1476
423	1201
392	1185
444	1192
378	1343
410	1391
451	1457
451	1531
484	1329
476	1394
455	1352
435	1289
421	1205
387	1259
432	1326
422	1348
449	1239
387	1240
391	1124
465	1207
440	1329
491	1337
406	1200
478	1148
500	1226
507	1189
435	1096
384	1138
431	1423
474	1397
485	1525
532	1850
493	1625
449	1267
465	1571
481	1333
446	1310
467	1199
412	1238
473	1172
444	1293
427	1413
437	1272
450	1260
409	1336
448	1535
464	1253
472	1183
478	1415
472	1411
432	1273
497	1246
473	1292
476	1172
496	1222
486	1261
502	1469
439	1198
437	1106
446	1206
514	1453
448	1280
454	1068
393	1106
407	1168
381	1167
491	1282
441	1148
471	1418
428	1201
452	1204
453	1062
434	1073
476	1252
399	1253
476	1268
487	1118
484	1196
459	1272
454	1078
426	1403
480	1237
462	1282
522	1463
551	1293
486	1437
538	1385
550	1410
550	1299
530	1212
509	1154
455	1295
449	1247
490	1190
483	1172
469	1214
418	1422
505	1242
468	1335
464	1346
449	1316
490	1322
436	1162
428	1196
426	1429
427	1359
395	1354
417	1402
435	1362
476	1471
450	1357
405	1480
421	1404
462	1593
441	1688
391	1620
448	1610
413	1556
487	1581
408	1317
434	1449
461	1154
465	1335
414	1340
417	1425
447	1496
445	1442
459	1455
423	1354
429	1294
483	1379
421	1307
407	1245
450	1313
456	1191
434	1143
479	1242
477	1404
422	1223
385	1290
457	1344
472	1300
434	1490
399	1408
360	1486
450	1270
430	1233
483	1140
416	1067
427	1206
406	1327
430	1362
390	1136
393	1281
462	1230
404	1335
406	1372
425	1273
433	1135
429	1573
427	1618
424	1628
485	1567
401	1484
414	1374
457	1897
442	1634
448	1568
407	1855
492	2094
469	2725
433	2076
476	2238
417	1590
357	1396
436	1689
412	1414
398	1343
418	1332
399	1431
388	1175
390	1381
373	1478
412	1425
442	1346
399	1314
400	1435
404	1451
420	1313
403	1553
406	1566
363	1441
434	2342
404	3087
422	3265
469	3816
440	3983
393	3647
423	3779
445	2860
460	2550
433	3583
455	4368
465	4268
444	4969
484	6343
532	6051
502	5851
522	5360
445	4440
499	4915
472	4226
501	3928
425	3241
490	3147
461	2915
490	3184
450	2987
469	3054
452	3562
480	3357
477	3505
422	4106
465	5836
465	4548
468	3867
520	4693
508	3916
441	2642
387	1873
402	1711
401	1837
469	1709
457	1774
498	2195
432	2439
474	2477
456	2727
472	2800
424	2100
443	2062
423	1701
476	1856
468	2156
442	1884
391	1691
436	1353
407	1402
473	1207
442	1193
418	1246
371	1266
392	1178
432	1274
400	1423
398	1278
437	1315
415	1410
469	1409
426	1340
471	1503
440	1193
400	1436
392	1170
388	1182
375	1264
415	1187
378	1206
439	1099
372	1412
369	1567
407	1283
399	1260
382	1167
401	1158
374	1280
406	1320
376	1257
402	1264
387	1490
389	1265
422	1277
453	1475
391	1422
435	1776
458	2175
456	2695
457	1806
484	2537
460	2489
449	2483
452	2938
455	2773
480	2802
408	2149
414	1665
406	1369
399	1242
396	1148
486	1298
418	1253
347	1140
365	1316
399	1482
430	1603
475	1831
426	1428
402	1314
474	1667
504	1666
425	2008
486	2010
421	2409
412	1261
432	1141
454	1595
448	3080
432	2655
507	2444
459	1932
402	1353
435	1727
468	2023
456	1803
402	1650
494	1589
406	1679
402	1535
411	1643
438	1491
411	1638
437	1515
419	1321
425	1275
439	1584
433	1432
449	1526
443	1254
399	1233
471	1263
424	1612
407	1129
433	1361
410	1341
395	1208
389	1231
395	1399
444	1357
431	1317
442	1285
393	1322
455	1185
478	1079
494	1317
456	1257
439	1318
414	1318
413	1442
477	1305
417	1312
395	1316
398	1150
407	1184
390	1286
446	1335
434	1419
431	1566
398	1345
436	1162
434	1206
391	1063
404	1038
496	1159
421	1402
430	1379
394	1342
393	1280
410	1213
436	1244
505	1425
443	1204
421	1432
421	1584
441	1388
422	1333
471	1290
379	1398
406	1406
418	1335
436	1385
407	1286
416	1305
482	1434
416	1254
402	1234
401	1304
400	1366
409	1372
438	1325
377	1248
431	1251
391	1323
375	1308
424	1394
392	1328
412	1294
423	1108
433	1059
400	1123
382	1166
368	1189
377	1187
417	1282
444	1243
414	1342
438	1284
465	1394
458	1285
486	1356
443	1299
377	1315
416	1438
460	1544
452	1293
428	1409
398	1350
420	1171
410	1141
459	1213
395	1236
432	1216
462	1231
461	1279
480	1849
484	2323
526	2007
459	1562
496	1427
423	1529
433	1521
462	1327
458	1261
511	1330
426	1316
434	1277
419	1215
489	1199
472	1255
438	1203
490	1506
519	2132
512	2161
487	1767
552	2088
498	1784
428	1481
437	1331
411	1437
396	1280
471	1249
497	1448
392	1331
399	1211
448	1259
409	1245
412	1114
409	1046
416	1209
422	1330
452	1119
438	842
420	1004
468	943
460	1063
443	1340
367	1188
491	1103
483	1435
469	1335
424	1261
433	1167
428	1296
450	1159
460	1202
463	1181
460	1198
418	1129
477	1167
487	1433
452	1262
434	1372
474	1512
433	1250
494	1133
435	1198
447	1218
472	1354
492	1410
534	1245
573	1383
591	1451
576	1495
581	1504
610	1504
523	1477
524	1549
752	1745
829	1809
912	1810
972	1831
1091	1986
1582	2444
2023	3274
1991	3402
1645	3092
1697	2914
1912	3375
2067	3768
2081	3579
1989	3449
2040	3342
1963	3483
1967	3613
2026	4051
1904	3531
1821	3734
1849	3799
1464	3229
1411	3375
1278	3032
1196	2954
1002	2623
843	2290
869	2539
879	2344
920	2392
1026	2195
872	1720
771	1602
740	1535
771	1766
769	1791
813	1683
721	1607
617	1549
694	1650
664	1582
605	1479
522	1248
562	1143
502	1179
580	1251
599	1352
503	1179
513	1351
584	1282
599	1486
574	1405
577	1422
564	1395
573	1243
580	1356
599	1226
615	1310
585	1425
565	1488
557	1593
564	1325
506	1171
516	1434
555	1325
583	1194
488	1323
561	1358
568	1452
577	1573
571	1494
565	1262
560	1350
547	1344
505	1319
516	1392
588	1457
539	1554
488	1253
471	1366
531	1334
495	1350
437	1284
476	1291
465	1181
449	1324
513	1025
431	1188
500	1351
475	1356
466	1245
485	1294
462	1218
453	1384
578	1491
493	1234
513	1371
494	1215
425	1430
462	1357
460	1261
506	1215
498	1340
523	1264
463	1215
521	1375
467	1453
452	1279
433	1218
440	1295
398	1243
412	1212
433	1439
467	1360
451	1339
505	1401
448	1169
480	1437
490	1307
443	1408
410	1300
408	1157
522	1406
450	1344
520	1413
495	1232
507	1096
423	1310
464	1371
480	1289
481	1155
480	1176
497	1180
524	1250
515	1185
476	1108
430	1267
443	1144
419	1106
456	1215
493	1279
432	1203
520	1312
431	1360
443	1093
419	1278
442	1136
420	1158
448	1217
485	1202
492	1140
455	1280
457	1291
451	1203
466	1048
441	1125
440	1164
458	1240
457	1277
470	1287
440	1162
418	1227
385	1438
432	1363
466	1211
444	1344
465	1592
461	1286
418	1179
483	1375
481	1395
453	1403
450	1299
471	1365
522	1213
433	1434
414	1317
447	1214
406	1222
418	1123
468	1259
492	1291
440	1304
460	1229
502	1141
439	1277
444	1309
419	1492
428	1281
434	1381
420	1585
466	1603
474	1427
458	2270
614	7346
590	5680
592	5790
511	4268
485	2253
532	2512
485	2495
486	2870
456	2363
485	2035
487	2667
476	2633
494	2387
516	1824
470	2405
490	2704
513	2514
441	2358
435	2137
461	2064
498	2304
526	2696
606	4269
684	6353
865	9443
684	8001
474	2388
479	1645
480	1430
497	1966
447	1703
450	1209
433	1200
470	1511
421	1584
412	1779
422	1678
457	1633
474	1469
405	1369
422	1513
423	1498
507	1542
459	1342
410	1298
450	1463
444	1582
509	1308
509	1218
490	1341
451	1503
423	1374
420	1323
429	1291
441	1245
468	1212
460	1195
466	1390
418	1347
409	1300
459	1239
445	1234
502	1282
464	1306
438	1356
385	1278
407	1589
400	1402
397	1426
409	1302
455	1476
473	1407
413	1710
430	1729
449	1510
437	1373
440	1437
406	1348
369	1309
397	1205
389	1285
433	1278
444	1186
436	1355
432	1509
470	1610
419	1576
410	1535
404	1328
393	1071
374	1189
458	1644
424	2222
449	2339
444	2758
506	2606
436	1776
407	1363
467	1280
509	1275
442	1351
453	1098
475	1177
412	1193
400	1313
447	1410
448	1333
396	1260
443	1401
428	1462
472	1333
443	1384
468	1449
426	1241
436	1153
433	1353
424	1346
374	1314
407	1437
442	1378
416	1334
488	1643
472	1777
427	1207
402	1366
421	1139
407	1246
423	1414
428	1384
486	1119
497	1246
435	1211
379	1312
381	1260
435	1057
446	1124
467	1196
415	1235
400	1369
428	1261
466	1338
481	1221
419	1202
456	1208
362	1285
408	1121
438	1144
451	1208
458	1297
490	1188
461	1095
429	1299
412	1096
421	1114
405	1201
442	1263
459	1440
485	1743
427	1581
404	1122
445	1303
410	1319
396	1329
440	1147
436	1205
449	1389
435	1327
415	1108
407	1253
483	1332
409	1346
421	1451
425	1640
422	1665
450	1584
436	1561
523	1574
450	1444
459	1459
450	1905
419	1393
463	1381
405	1351
435	1413
414	1310
427	1093
478	1327
503	1304
483	1271
417	1232
464	1389
437	1361
439	1304
442	1277
468	1123
467	1157
445	1205
426	1141
417	1227
454	1263
406	1267
444	1290
436	1334
466	1410
454	1231
433	1387
452	1387
515	1400
424	1136
416	1308
407	1476
406	1291
384	1307
399	1258
444	1145
467	1178
413	1218
419	1239
451	1231
408	1079
425	1217
399	1281
397	1323
477	1265
445	1528
405	1356
401	1222
487	1306
388	1368
449	1425
510	1416
496	1336
402	1215
456	1255
432	1463
446	1060
444	1073
422	1159
392	1199
402	1421
384	1333
397	1186
443	1389
476	1277
480	1437
410	1223
448	1077
424	1099
470	1161
458	1106
460	1339
450	1146
476	1139
466	1318
414	1486
538	1310
499	1327
482	1417
468	1226
452	1244
409	1183
412	1227
372	1226
373	1327
319	1398
430	1430
398	1462
364	1321
410	1355
431	1294
428	1268
425	1212
438	1306
406	1407
461	1454
460	1371
446	1291
451	1329
439	1337
423	1415
427	1220
385	1244
426	1267
448	1656
440	1418
420	1206
430	951
452	1276
454	1181
453	1082
451	1128
468	1134
454	1243
504	1244
475	1421
431	1328
549	1350
540	1349
619	1287
556	1334
495	1375
537	1657
543	1800
499	1404
550	1517
550	1559
531	1503
503	1397
526	1589
498	1623
577	1694
478	1696
481	1652
484	1766
491	1690
423	1516
476	1488
524	1643
527	1671
485	1577
560	1577
500	1707
505	1549
505	1299
460	1566
470	1453
497	1577
498	1605
515	1441
553	1508
491	1611
569	1624
586	1519
557	1614
465	1505
495	1343
508	1553
481	1574
540	1703
495	1630
401	1569
471	1560
540	1546
496	1585
531	1613
517	1638
544	1748
549	1788
570	1972
467	1645
551	1644
543	1740
522	1724
554	1788
546	1727
572	1788
505	1773
482	1776
500	1659
510	1506
472	1247
478	1458
523	1332
485	1349
482	1484
469	1576
465	1589
478	1366
484	1518
439	1523
482	1488
562	1522
520	1529
478	1607
530	1556
500	1647
529	1595
538	1790
449	1622
502	1625
561	1638
533	1685
527	1959
497	1650
454	1505
537	1733
540	1669
523	1674
496	1475
560	1808
488	1650
533	1706
536	1906
566	2032
542	2068
574	2345
532	2376
545	2319
552	2192
544	2274
524	2228
571	2019
591	1790
553	1912
515	1744
542	1994
557	1856
519	1814
517	1751
546	1856
552	1836
489	1830
478	1806
510	1825
526	1678
496	1645
524	1527
552	1620
565	1571
557	1349
527	1260
508	1348
530	1394
511	1508
473	1516
439	1510
514	1553
486	1256
493	1322
506	1379
536	1272
483	1524
521	1618
500	1441
543	1552
493	1599
529	1417
490	1398
579	1446
544	1592
585	1597
510	1831
567	1583
548	1538
534	1466
552	1345
577	1360
559	1336
573	1448
628	1712
527	1453
540	1367
555	1371
572	1476
538	1627
595	1459
518	1324
552	1446
567	1494
549	1392
547	1387
622	1463
509	1337
607	1482
588	1665
588	1369
600	1398
610	1374
577	1481
591	1567
509	1485
592	1641
617	1653
609	1433
526	1549
562	1579
621	1572
631	1708
636	1605
617	1465
579	1623
533	1679
590	1590
529	1485
557	1415
636	1486
609	1465
562	1772
538	1368
603	1253
561	1309
585	1468
631	1622
605	1556
604	1643
600	1571
635	1479
663	1471
739	1529
689	1642
707	1506
699	1492
683	1401
671	1397
760	1377
670	1515
644	1199
693	1480
636	1627
630	1491
666	1243
697	1140
715	1330
718	1335
681	1282
714	1278
734	1416
809	1545
840	1287
816	1462
839	1501
834	1490
840	1499
917	1762
943	1612
869	1864
796	1802
811	1560
772	1351
796	1362
759	1377
746	1495
741	1330
794	1279
741	1311
764	1222
849	1352
926	1647
862	1577
1028	1502
1006	1612
1088	1609
1172	1656
1284	1424
1357	1488
1288	1493
1268	1606
1228	1405
1282	1542
1215	1795
1187	1600
1188	1747
1182	1657
1047	1588
971	1655
964	2004
904	2026
996	1796
943	1661
1069	2209
1114	1829
1152	1934
1068	1745
1056	1638
970	1694
1023	1895
847	1790
911	1889
877	1930
791	2022
819	2074
835	2276
773	1799
785	1633
709	1640
730	1439
713	1447
751	1467
812	1404
798	1396
787	1502
757	1430
741	1352
747	1425
676	1156
755	1326
696	1262
730	1449
677	1303
677	1273
752	1252
697	1293
675	1233
682	1311
625	1227
595	1307
703	1211
706	1322
680	1384
690	1465
713	1273
674	1202
729	1396
752	1197
734	1237
653	1231
619	1481
599	1553
639	1365
594	1139
627	1179
601	1304
497	1259
553	1528
560	1399
530	1330
584	1241
550	1248
570	1369
522	1439
521	1347
537	1513
567	1388
564	1546
553	1652
507	1304
511	1282
553	1304
534	1278
576	1391
482	1315
537	1182
566	1293
500	1363
522	1470
527	1640
528	1398
512	1374
464	1380
527	1655
480	1636
475	1654
467	1716
551	1688
520	1671
452	1649
515	1473
460	1493
476	1416
467	1438
500	1389
484	1380
483	1447
558	1396
506	1525
505	1612
559	1701
522	1550
542	1462
459	1384
507	1492
505	1460
585	1249
571	1377
501	1300
507	1501
577	1622
525	1461
553	1488
495	1399
499	1325
530	1260
574	1521
528	1247
556	1271
563	974
460	1240
537	1296
553	1204
516	1377
493	1407
497	1477
488	1752
496	1561
536	1438
483	1415
472	1424
511	1417
495	1622
538	1795
607	1565
590	1476
706	1479
653	1584
805	1666
814	1558
955	1527
890	1504
771	1443
838	1340
946	1468
1003	1382
983	1429
936	1573
900	1549
929	1532
1030	1589
1058	1629
1045	1506
1107	1534
1263	1732
1372	1934
1288	1752
1422	1867
1423	1883
1455	1675
1436	1448
1412	1592
1492	1695
1583	1526
1624	1627
1639	1867
1596	1896
1625	1690
1574	1694
1642	1802
1628	1641
1610	1573
1590	1570
1695	1591
1698	1606
1583	1873
1514	1775
1438	1738
1377	1974
1412	1907
1423	1887
1343	1957
1397	1792
1260	1741
1303	1766
1175	1597
1020	1439
785	1424
785	1444
860	1588
812	1416
732	1443
664	1525
764	1387
873	1568
914	1758
825	1800
771	1469
789	1684
883	1800
882	1839
765	1667
689	1694
633	1720
677	1577
543	1379
543	1398
546	1196
519	1422
515	1474
541	1275
517	1403
536	1542
558	1404
526	1523
594	1584
606	1651
570	1327
629	1248
603	1343
596	1623
647	1830
630	1569
613	1439
656	1640
567	1724
556	1796
605	1647
619	2635
646	2409
668	1858
684	1807
675	1898
592	3235
597	4783
584	4162
572	3037
502	1567
475	1526
534	1393
524	1615
503	2093
487	2065
484	2602
532	2166
557	2042
578	2293
523	1968
479	1789
500	1441
557	1425
519	1672
552	1947
473	1805
457	1370
437	1330
444	1126
509	1258
538	1246
482	1146
475	1005
498	1190
455	1293
526	1466
544	1334
574	1393
558	1349
495	1274
540	1217
473	1330
448	1323
510	1349
444	1291
462	1293
481	1313
430	1130
505	1114
523	1084
428	1185
513	1254
474	1309
504	1023
522	1253
511	1141
473	1180
539	1310
497	1129
551	1192
480	1313
483	1177
432	1108
493	1274
520	1203
458	1137
493	1203
528	1404
503	1317
625	1169
609	1192
507	1181
507	1286
545	1134
519	1076
537	1089
523	1187
535	1191
488	1203
552	1345
486	1240
516	1351
526	1489
553	1263
555	1394
540	1249
469	1341
473	1214
456	1091
466	1259
485	1151
479	1164
496	1285
497	1313
475	1335
452	1283
485	1328
496	1368
472	1430
445	1200
499	1310
471	1380
512	1214
515	1459
548	1192
490	1216
497	1470
432	1390
413	1386
494	1303
472	1459
469	1264
452	1278
479	1225
447	1183
455	1289
460	1116
500	1075
420	1142
463	1243
518	1270
504	1321
536	1240
517	1475
523	1412
445	1596
476	1588
461	1307
403	1274
377	1248
401	1101
436	1316
458	1300
469	1364
520	1252
461	1449
473	1328
535	1365
473	1380
504	1412
450	1307
447	1224
500	1282
463	1453
507	1232
482	1164
466	1257
465	1395
440	1392
493	1231
415	1339
432	1333
453	1362
473	1298
584	1330
475	1223
437	1337
443	1498
451	1504
440	1563
478	1449
477	1372
463	1543
490	1214
515	1250
457	1299
437	1416
426	1338
394	1280
408	1297
449	1245
393	1467
451	1648
467	1741
450	1606
449	1424
464	1553
495	1845
588	1648
639	1525
554	1393
657	1546
697	1443
705	1130
629	1171
600	1330
638	1353
618	1424
569	1521
551	1352
519	1413
594	1383
498	1374
476	1464
442	1588
432	1381
415	1464
505	2882
510	3388
432	2274
426	2066
416	1580
435	1485
464	1454
451	1401
462	1594
431	1479
432	1650
475	1669
493	1385
467	1389
463	1716
478	1634
554	1353
438	1379
433	1574
470	1408
481	1273
461	1371
446	1705
365	1552
471	1676
475	1610
469	1595
481	1475
423	1522
433	1344
422	1192
467	1419
481	1265
394	1386
409	1413
465	1597
501	1430
486	1523
438	1519
445	1429
443	1609
418	1633
473	1682
464	1543
468	1378
449	1278
470	1522
448	1366
526	1678
518	1511
540	1408
473	1577
515	1574
539	1539
504	1413
513	1371
514	1345
476	1408
540	1463
495	1726
514	1560
526	1692
510	1542
479	1383
505	1428
492	1529
389	1342
447	1240
478	1519
410	1498
403	1310
436	1432
413	1161
423	1124
429	1216
399	1275
442	1447
383	1560
412	1345
466	1308
428	1369
457	1223
501	1250
439	1502
502	1379
421	1503
453	1525
446	1522
435	1425
440	1285
457	1319
455	1479
477	1475
489	1473
477	1461
467	1365
521	1364
559	1566
533	1756
512	1686
510	1600
529	1396
496	1610
482	1439
538	1222
420	1386
537	1369
555	1315
596	1238
617	1219
537	1294
661	1274
694	1362
688	1350
618	1316
605	1225
601	1413
636	1461
676	1450
624	1318
688	1562
684	1496
735	1535
873	1592
862	1458
825	1609
859	1606
812	1493
968	1542
841	1743
836	1556
818	1564
804	1356
768	1512
761	1513
745	1721
754	1410
728	1244
751	1541
788	1473
762	1832
711	1619
712	1533
765	1555
827	1484
751	1611
788	1743
818	1575
951	1653
870	1559
883	1548
929	1546
946	1644
944	1738
1037	1639
982	1581
1008	1759
1042	1584
950	1466
989	1641
955	1616
911	1600
964	1662
979	1834
969	1712
976	1790
966	1815
918	1752
917	1847
977	1899
981	1796
1020	1792
1067	1706
1109	1796
1177	1983
1264	1943
1289	1932
1293	2040
1297	2011
1289	1925
1286	2236
1251	2003
1113	1764
1133	1911
1171	2168
1109	2179
1059	1764
1076	1862
1121	1678
1179	2109
1267	2202
1330	2001
1357	2012
1294	1955
1334	1897
1374	1915
1318	1920
1343	1971
1397	2047
1294	1802
1265	1824
1237	1693
1279	1636
1281	1768
1125	1693
1079	1602
1089	1762
1054	1603
924	1659
918	1802
1034	1626
1018	1604
1010	1575
984	1697
1067	1673
1132	1741
1129	1599
1233	1710
1316	1775
1316	1873
1260	1920
1191	1884
1184	2020
1080	1851
1109	1734
996	1793
954	1810
955	1630
872	1747
898	1762
855	1688
846	1517
853	1390
896	1626
932	1607
833	1765
839	1665
916	1511
1042	1728
1073	1710
1090	1786
1144	1506
1101	1599
1103	1751
919	1517
898	1719
862	1709
817	1684
745	1401
718	1542
702	1579
670	1483
636	1555
702	1661
663	1564
706	1589
739	1620
789	1744
703	1551
738	1581
695	1698
692	1566
720	1479
671	1539
614	1489
676	1490
668	1453
618	1669
598	1525
599	1681
555	1397
559	1358
538	1338
554	1509
517	1489
509	1322
454	1195
493	1320
524	1373
561	1477
475	1676
501	1531
496	1598
502	1566
437	1459
406	1575
439	1460
440	1419
453	1478
454	1398
440	1371
463	1686
479	1818
446	1458
412	1181
377	1344
371	1318
431	1316
414	1374
415	1345
438	1364
444	1289
425	1468
444	1290
440	1449
421	1471
411	1208
459	1250
476	1429
423	1466
497	1366
413	1394
422	1364
432	1210
482	1266
469	1233
472	1331
439	1318
453	1299
416	1302
410	1428
494	1377
481	1424
453	1597
416	1564
448	1607
499	1591
520	1455
435	1434
467	1522
437	1645
436	1503
482	1543
434	1626
446	1528
458	1344
487	1419
483	1647
506	1735
433	1440
413	1442
393	1322
455	1267
432	1420
436	1319
438	1282
420	1457
457	1458
428	1519
421	1259
433	1293
466	1228
509	1249
488	1315
426	1245
471	1263
409	1199
477	1393
465	1385
459	1512
465	1402
415	1209
379	1397
340	1335
467	1390
430	1211
461	1358
382	1378
454	1263
416	1281
435	1301
442	1412
431	1445
423	1408
457	1174
411	1422
431	1795
381	1629
394	1436
402	1182
396	1176
406	1445
392	1228
401	1391
432	1338
475	1410
479	1438
493	1620
496	1400
498	1432
552	1290
553	1477
533	1286
465	1397
432	1531
470	1441
471	1415
467	1283
421	1507
402	1569
419	1498
433	1608
434	1368
391	1303
439	1636
421	1456
411	1462
433	1526
414	1717
424	1539
429	1448
407	1500
422	1364
434	1182
377	1226
470	1019
428	1247
394	1257
430	1209
392	1151
416	1036
353	952
458	1212
405	1221
398	1091
381	1269
446	1308
409	1394
385	1461
408	1314
441	1431
474	1545
426	1510
425	1397
460	1278
433	1412
402	1460
406	1326
411	1473
399	1257
380	1133
418	1192
384	1445
396	1457
411	1700
428	1470
429	1512
397	1311
400	1366
412	1272
454	1347
428	1293
425	1371
436	1231
400	1268
443	1215
445	1273
400	1326
431	1073
418	1136
427	1086
435	1030
443	1132
389	1008
435	1135
389	1444
397	1174
415	1318
418	1390
416	1395
408	1478
385	1354
390	1434
376	1556
344	1441
369	1378
448	1482
408	1621
412	1480
397	1499
391	1591
401	1544
364	1375
386	1440
390	1318
423	1227
422	1191
449	1169
378	1297
397	1408
466	1423
441	1461
422	1589
444	1438
439	1571
452	1286
453	1367
378	1432
372	1437
396	1259
417	1228
383	1134
429	1522
397	1300
400	1209
413	1156
357	1230
440	1258
393	1300
434	1341
402	1265
365	1337
421	1485
408	1471
440	1296
442	1378
420	1433
399	1429
432	1421
412	1515
433	1609
428	1285
402	1150
424	1186
427	1411
416	1308
453	1465
433	1263
440	1314
457	1316
306	1294
373	1452
406	1363
407	1191
416	1517
449	1204
491	1226
442	1284
377	1294
403	1339
410	1187
408	1267
431	1260
439	1420
411	1369
435	1314
373	1278
421	1396
423	1491
452	1324
440	1185
430	1291
483	1332
457	1281
519	1064
461	1108
462	944
470	1207
439	1160
362	1134
413	1292
440	1120
440	1175
380	1542
407	1309
395	1255
448	1345
501	1499
521	1290
448	1057
450	1315
471	1325
425	1280
435	1196
474	1324
505	1312
449	1317
525	1393
493	1347
479	1366
515	1134
485	1217
475	1304
440	1372
480	1324
460	1370
411	1331
436	1371
472	1397
476	1464
491	1374
477	1296
469	1306
445	1205
429	1241
423	1087
470	1207
464	1174
405	1065
444	1223
448	1191
468	1158
446	1503
394	1335
451	1308
428	1580
473	1606
486	1471
336	1454
419	1315
452	1316
448	1389
423	1503
439	1418
412	1457
418	1384
410	1405
377	1206
407	1100
496	1060
498	1138
443	1153
455	1460
432	1078
413	1159
430	1248
430	1291
513	1323
418	1229
394	1429
422	1311
428	1463
387	1461
410	1559
467	1342
415	1443
420	1372
403	1249
397	1072
435	1402
467	1451
503	1263
461	1202
411	1372
411	1524
426	1388
399	1335
387	1196
370	1189
375	1323
397	1246
381	1352
393	1170
405	1239
426	1241
418	1160
494	1359
453	1380
396	1282
417	1184
467	1183
476	1297
420	1380
431	1288
383	1229
447	1142
498	1193
430	1337
412	1332
410	1229
401	1463
400	1175
379	1193
396	1240
399	1290
398	1256
397	1284
397	1269
365	1281
395	1144
411	1148
374	1301
381	1521
444	1233
420	1173
422	1289
373	1347
356	1213
400	1456
393	1325
412	1440
401	1492
429	1256
402	1177
433	1157
407	1159
393	1212
410	1183
406	1245
428	1271
398	1255
372	1266
392	1394
384	1316
404	1197
402	1146
404	1084
386	1054
400	1193
407	934
411	932
428	1300
479	1187
396	1235
400	1284
411	1103
427	1111
389	947
342	969
400	1027
374	1070
372	1237
406	1232
417	1386
400	1398
399	1096
464	1080
429	1083
397	1114
397	1229
404	1039
392	1123
378	1026
376	1304
464	1248
467	1267
407	1352
404	1407
476	1461
511	1248
453	1096
494	1334
456	1502
429	1582
456	1484
419	1461
443	1466
462	1415
405	1440
455	1323
440	1363
419	1417
450	1247
414	1040
417	1212
412	1195
394	1312
434	1253
488	1288
436	1103
481	1341
436	1154
417	1236
473	1175
479	1342
444	1166
434	1119
410	1049
399	1195
433	1160
391	1092
366	1083
445	1270
422	1031
400	1033
403	1122
439	1160
418	1099
472	1252
446	1245
428	1295
487	1348
458	1312
468	1197
430	1099
487	1272
421	1204
403	1371
410	1314
444	1263
437	1511
490	1508
501	1376
444	1407
423	1398
403	1261
433	1181
481	1309
451	1408
454	1115
523	1237
453	1299
418	1293
411	1240
437	1200
433	1153
421	1261
394	1083
455	1237
387	1086
399	1178
455	1015
485	1070
431	1305
444	1322
464	1139
475	1091
492	1153
511	1316
466	1391
459	1286
426	1175
461	1334
445	1174
510	1195
495	1476
453	1367
491	1314
416	1271
427	1296
475	1466
499	1208
522	1191
591	1426
463	1556
543	1256
483	1401
518	1147
487	1369
513	1478
520	1381
431	1255
448	1107
419	1228
448	1323
472	1158
483	1128
470	1159
413	1106
437	1320
445	1136
440	1109
454	1194
443	1390
394	1329
389	1354
423	1255
398	1395
331	1312
385	1293
372	1329
365	1455
373	1353
423	1518
430	1277
423	1185
413	1276
402	1288
447	1474
456	1429
464	1294
443	1231
476	1200
416	1253
421	1458
434	1441
390	1135
391	1246
393	1254
438	1439
425	1362
416	1294
423	1225
394	1167
424	1276
434	1158
406	1272
421	1154
426	1125
372	1086
403	1126
401	1096
426	1033
384	1219
379	1383
348	1130
398	1176
437	1301
439	1208
449	1023
402	1131
391	1307
371	1039
329	1235
382	1350
414	1338
380	1356
377	1202
427	1393
417	1397
432	1233
421	1163
475	1469
427	1208
386	1260
417	1228
369	1187
369	1103
369	1163
389	964
360	1306
400	1237
425	1263
454	1140
440	1199
484	1052
423	1223
404	1088
403	1061
428	1069
411	1265
420	1339
448	1367
435	1549
413	1410
385	1432
444	1370
418	1347
434	1294
422	1209
406	1051
412	1300
395	1320
411	1374
471	1108
458	1143
477	1250
501	1376
468	1150
495	1037
502	1020
479	1149
473	1087
561	953
494	1078
573	1151
612	995
710	1192
839	1225
792	1258
742	1056
647	1205
696	1109
725	1134
714	1149
691	1156
633	1074
615	1027
581	1183
684	1293
590	1312
549	1056
555	1212
521	1210
517	1201
496	1185
537	1417
479	1383
483	1422
520	1321
506	1405
526	1207
498	1290
492	1297
479	1414
439	1180
479	1381
478	1276
510	1382
526	1449
462	1395
429	1362
421	1277
408	1424
472	1469
450	1312
441	1210
443	1378
445	1381
398	1528
482	1508
439	1378
439	1264
470	1277
469	1392
495	1333
489	1304
519	1349
474	1332
487	1245
484	1380
498	1371
459	1349
448	1274
474	1137
443	1434
493	1371
477	1274
435	1354
470	1148
444	1256
535	1301
487	1214
503	1284
462	1315
478	1183
426	1191
468	1258
482	1292
483	1307
514	1156
548	1326
455	1121
484	1165
537	1117
565	1343
474	1322
488	1476
562	1399
501	1368
514	1395
481	1301
463	1178
436	1138
463	1196
478	1264
525	1259
508	1294
501	1374
505	1226
518	1219
518	1282
530	1128
512	1157
644	1304
567	1591
612	1435
505	1345
512	1383
520	1280
512	1347
618	1290
618	1379
607	1231
559	1374
535	1426
516	1420
551	1428
546	1453
519	1469
507	1299
555	1332
597	1166
575	1384
581	1552
658	1417
581	1248
660	1266
637	1455
624	1423
587	1346
608	1725
672	1349
541	1350
606	1318
656	1258
618	1364
604	1491
649	1688
625	1763
596	1523
601	1400
557	1554
643	1366
652	1559
707	1736
657	1483
648	1503
725	1655
732	1586
739	1569
754	1457
750	1741
724	1607
688	1625
719	1704
684	1617
640	1528
753	1511
754	1649
684	1577
693	1522
716	1365
767	1561
785	1712
814	1616
830	1477
869	1583
919	1754
897	1649
821	1633
930	1494
899	1720
873	1824
803	1546
806	1666
763	1529
777	1498
702	1504
733	1359
789	1377
698	1637
720	1511
725	1629
749	1817
791	1836
799	1666
808	1539
811	1734
777	1665
823	1535
937	1669
903	1758
916	1870
879	1920
826	1700
849	1817
863	1728
865	1876
774	1712
830	1928
840	2079
933	2140
868	2166
939	2321
991	2283
907	2170
977	2033
962	2023
886	1821
989	1959
1021	1847
963	2175
914	2111
935	1961
873	1774
859	1649
903	1748
870	1579
870	1627
775	1763
844	1669
750	1693
867	1927
795	1726
865	1944
885	1922
837	1808
845	1766
893	1868
966	1806
901	1814
966	1983
880	2018
947	1962
811	1751
847	1980
835	1945
864	1987
820	2032
833	2070
790	2245
869	2244
902	2379
986	2700
1026	2807
889	2768
964	2556
1003	2636
1084	2841
1025	2725
1111	2710
978	2742
1065	2842
1025	2948
1037	3111
1181	3045
1113	3196
1259	3329
1252	3497
1188	3359
1268	3526
1242	3312
1193	3094
1161	3065
1136	2834
1106	2488
1059	2552
988	2344
1014	2300
952	2381
935	2251
1021	2299
940	2332
946	2236
905	2207
1102	2261
1132	2583
1159	2824
1154	3672
1133	3479
1027	2733
1046	2675
935	2327
846	1992
733	2086
762	2088
766	1945
720	1962
726	1866
678	1821
666	1737
651	1747
697	1710
620	1781
630	1690
614	1775
592	1752
669	1461
557	1768
608	1561
537	1557
584	1697
535	1513
579	1607
530	1740
549	1584
520	1638
552	1620
525	1543
539	1669
616	1391
538	1240
525	1297
544	1285
506	1217
493	1443
508	1384
517	1254
537	1449
534	1397
599	1450
610	1394
562	1174
615	1128
639	1291
563	1268
538	1299
515	1400
616	1345
533	1378
556	1298
550	1424
542	1425
507	1322
541	1340
545	1314
479	1343
451	1312
499	1418
467	1454
468	1216
494	1304
496	1144
488	1432
558	1382
523	1315
464	1374
493	1343
459	1409
490	1320
473	1510
484	1417
469	1463
473	1376
483	1419
450	1206
485	1404
459	1248
502	1332
507	1526
542	1566
444	1485
505	1392
496	1485
499	1490
455	1437
497	1439
476	1352
453	1356
488	1394
536	1435
527	1451
490	1475
527	1489
471	1476
482	1593
464	1527
460	1538
477	1582
391	1608
502	1562
486	1550
521	1454
498	1454
515	1453
530	1455
501	1378
486	1396
449	1423
506	1304
563	1342
551	1186
552	1228
519	1472
606	1225
538	1347
545	1205
555	1365
612	1127
748	1391
667	1276
632	1469
643	1511
646	1337
728	1238
687	1314
808	1503
720	1539
727	1631
658	1601
636	1306
602	1349
679	1391
643	1255
658	1266
616	1314
631	1494
617	1385
663	1451
639	1279
601	1493
524	1310
565	1410
540	1462
483	1585
506	1360
450	1239
514	1238
472	1421
510	1321
422	1252
466	1210
466	1436
544	1231
467	1239
486	1282
479	1185
438	1229
417	1204
407	1120
469	1220
489	1292
416	1199
437	1102
475	1114
400	1203
452	1303
498	1276
551	1259
498	1194
464	1085
482	1181
427	1161
465	1090
422	1061
506	1159
480	1214
484	1182
490	1396
517	1372
497	1251
499	1298
507	1387
510	1194
465	1137
539	1099
474	1188
498	1138
535	1216
515	1259
458	1383
480	1414
489	1279
498	1240
525	1230
517	1234
498	1259
509	1360
456	1340
455	1198
521	1346
581	1518
516	1416
565	1437
581	1396
572	1434
528	1296
509	1600
544	1542
529	1576
562	1762
529	1480
526	1282
454	1271
462	1358
490	1490
549	1350
510	1397
495	1549
527	1451
524	1497
559	1601
576	1532
481	1409
491	1577
555	1575
519	1528
555	1735
560	1745
567	2071
599	2068
564	1952
613	1760
561	1810
647	1818
726	1938
751	2082
704	2355
801	2131
906	2241
1028	2461
901	2501
1024	2472
1306	2598
1667	3157
1636	3760
1338	3015
1194	2521
1419	2918
1802	3265
1994	3491
2021	3573
1827	3296
1864	3306
2563	3988
2976	4224
2842	4474
2665	4260
2982	4575
3082	5347
3623	6289
3259	5939
2972	5620
2501	5481
2473	6170
2965	7049
2764	6352
2980	6597
2916	6514
3157	7196
3510	7652
3217	7158
3121	7154
3000	6756
3142	7290
3370	7041
3097	6737
2469	5767
2339	5698
2293	5585
1939	4920
1409	4084
1231	3828
1507	3954
1332	3649
1213	3362
820	2573
639	2236
652	2121
615	1838
589	1605
517	1539
520	1285
530	1278
493	1436
528	1530
473	1405
451	1238
400	1501
419	1474
452	1317
466	1311
510	1111
481	1174
494	1156
459	1277
445	1231
517	1282
497	1343
473	1401
460	1373
418	1379
493	1321
488	1355
499	1165
446	1544
483	1436
507	1486
531	1428
465	1487
463	1411
471	1533
477	2035
475	2260
498	2380
557	2264
496	2309
530	2324
460	2638
548	2372
499	2089
530	1713
514	1568
436	2165
451	2901
459	3275
560	4608
479	3238
440	2139
466	2367
503	2366
486	1816
516	1862
549	1810
404	1774
520	1732
540	1665
508	1762
486	1876
487	1731
472	1650
475	1505
459	1408
467	1547
470	1553
462	1639
531	1531
478	1389
489	1531
478	1259
445	1435
475	1387
430	1220
502	1443
457	1522
474	1562
453	1566
393	1382
444	1442
450	1574
402	1423
382	1410
468	1357
421	1260
392	1223
435	1350
420	1300
502	1266
459	1390
360	1390
459	1368
385	1490
438	1444
416	1535
419	1584
463	1407
451	1552
482	1604
520	1565
492	1735
536	1459
514	1569
492	1469
549	1411
596	1306
733	1612
866	1765
1141	2106
958	2133
1148	2314
1875	2897
2816	3996
2848	4433
3034	4554
3292	4574
3408	4637
3508	5042
3426	5001
3413	5296
3418	6142
3168	6839
2584	6173
2276	4947
1663	3193
1458	2657
1457	2471
1202	1902
977	1595
1030	1751
1051	1750
954	2124
848	1787
798	1538
751	1554
710	1546
739	1479
690	1490
630	1700
609	4381
741	4791
738	4414
559	3613
551	2878
551	2996
580	2098
557	1936
562	1802
490	1719
533	1691
531	1614
487	1566
593	2417
596	4217
525	5216
555	2874
556	2213
536	2597
592	2328
584	2422
531	1830
523	2356
533	2959
609	4385
578	3233
524	2263
571	2031
525	2372
508	2147
531	1763
466	1718
479	1533
487	1561
470	1534
547	1336
531	1345
610	1463
607	1562
668	1594
633	1504
639	1444
590	1466
624	1741
647	1493
577	1380
576	1716
567	1950
593	1806
562	1533
505	1561
544	1688
614	1735
553	1748
580	1843
564	1873
611	1684
562	1732
513	1724
554	1740
665	1697
619	1729
553	1779
561	1435
538	1715
521	1700
528	1627
509	1543
471	1508
463	1577
474	1351
493	1652
489	1530
500	1537
451	1487
517	1384
456	1397
430	1306
490	1273
506	1325
491	1390
536	1448
471	1387
476	1305
429	1222
438	1287
402	1343
483	1270
485	1662
458	2077
455	2247
467	2350
439	2016
503	1709
448	1629
435	1623
416	1663
486	1617
471	1421
447	1424
423	1746
487	1761
468	1677
495	1550
469	1478
528	1443
487	1511
495	1763
440	1580
445	1545
383	1557
481	1563
504	1515
426	1343
454	1415
454	1320
484	1414
429	1339
495	1847
483	2237
466	1754
464	1424
516	1435
520	1428
475	1571
482	2121
491	1924
462	1722
438	1428
436	1200
493	1184
475	1349
412	1293
447	1136
508	1214
438	1083
426	1249
390	1174
485	1230
438	1127
521	1307
489	1234
435	1365
433	1119
