299	1035
297	1046
288	1346
310	1288
307	1290
352	1289
317	1071
376	1152
375	1230
384	1214
408	1292
352	1371
358	1297
357	1132
329	1283
328	1148
324	1246
297	1098
321	1121
349	1232
362	1565
372	1808
377	2363
379	2433
357	2189
371	1959
326	1805
373	1834
346	1719
367	1415
312	1319
290	1276
316	1213
284	1226
321	1256
311	1152
299	1159
296	1073
343	1189
332	1385
314	1240
310	1318
336	1052
303	1187
290	1245
304	1303
280	1167
315	1077
325	1236
300	1113
272	1090
335	1271
337	1113
308	1090
306	1232
305	1152
361	1255
329	1025
306	1084
345	1152
339	1209
314	1391
324	1240
341	1311
309	1199
348	1317
338	1257
306	1203
347	1064
276	1144
300	1199
319	1138
288	1288
308	1269
288	1239
336	1558
293	1090
304	1158
283	1041
275	1009
283	1130
316	1289
313	1150
284	998
314	1038
310	1011
275	1054
295	1027
296	1070
280	1062
266	1020
294	923
318	1121
304	988
279	1111
282	944
356	1089
329	1133
269	1233
280	1007
296	1080
314	1094
329	1064
287	984
286	1137
303	1165
300	1234
281	1279
337	1152
307	1047
309	1016
323	1165
371	1291
317	1107
336	1235
354	1337
328	1113
305	1179
315	1178
326	1108
322	1143
331	1079
311	1048
316	1323
377	1414
306	1428
296	1171
343	1020
341	1158
325	1096
296	941
331	859
289	1110
365	1170
281	1163
322	1168
302	1200
329	1263
296	1204
296	1033
304	1013
303	1033
322	957
330	966
314	980
327	1020
345	1165
277	1122
319	1087
301	1086
355	1205
304	1288
307	1351
283	1046
326	1180
288	1080
300	937
304	1008
296	977
321	957
265	1023
310	1047
364	1114
314	1085
295	983
323	1095
312	1121
327	1248
303	1022
295	1270
341	1154
337	1090
287	1143
335	1149
295	1199
294	1197
352	1225
297	1089
336	1148
319	1086
333	1120
311	1020
334	995
331	1097
336	1044
306	1041
290	1179
331	1458
307	1213
334	1208
333	1230
358	1145
327	1050
330	1005
327	1043
272	935
351	939
284	1045
287	1082
305	969
297	1066
324	1138
341	1181
292	1183
346	1164
349	1268
305	1350
342	1102
309	1263
311	1151
305	992
266	996
261	1155
316	1153
287	1381
301	1433
326	1224
296	1472
321	2810
328	5491
334	7089
339	4394
319	1583
325	2465
308	2201
349	1462
297	1129
324	1172
297	1532
292	1222
313	1039
311	1145
318	1177
276	1092
289	1123
278	1045
300	1026
290	958
275	1074
307	1123
260	1092
279	1146
298	1073
264	1039
267	1017
281	1207
288	1279
286	1081
307	1032
320	1143
282	1226
277	1289
325	1192
276	1043
267	1113
291	1295
268	1294
324	1166
306	1218
325	1263
316	1163
304	1232
287	1336
328	1191
314	1283
328	1300
294	1379
338	1298
351	1313
309	1379
301	1263
309	1379
316	1225
305	1169
284	1074
290	1347
326	1264
303	1160
332	1441
271	1163
299	1294
317	1124
283	1210
320	1195
290	1320
258	1153
294	1101
296	1147
288	1312
278	1038
313	1072
291	1231
311	1284
304	1325
287	1254
317	1203
295	1348
333	1202
318	1227
327	1052
353	1205
274	1263
315	1208
337	1223
340	1277
302	1120
322	1139
324	1328
296	1276
308	1161
341	1177
281	1154
334	1182
339	1227
325	1151
368	1132
346	1185
323	1413
300	1454
328	1264
378	1226
310	1481
301	1375
293	1314
316	1452
346	1325
327	1359
379	1250
339	1353
357	1444
317	1430
331	1233
320	1280
405	1304
326	1356
346	1461
344	1689
330	1630
352	1463
343	1766
347	1702
307	1503
361	1525
310	1435
308	1439
320	1425
332	1500
384	1499
331	1362
342	1482
371	1460
341	1249
367	1395
355	1485
351	1434
330	1485
361	1340
341	1240
326	1209
308	1297
318	1132
313	1273
353	1214
314	1296
335	1274
297	1160
302	1192
323	1405
288	1273
299	1291
299	1189
329	1293
306	1141
321	1216
317	1255
310	1345
311	1326
342	1359
311	1475
329	1475
335	1377
313	1075
311	1133
301	1149
304	1210
321	1182
326	1285
323	1424
301	1337
348	1209
315	1171
353	1147
285	1212
318	1238
313	1332
337	1292
310	1271
317	1250
319	1067
312	1027
353	1567
307	1450
334	1442
295	1461
326	1591
260	1735
338	1904
369	2293
307	2153
354	2102
342	2010
366	2286
340	1427
331	1272
302	1075
299	1462
333	1327
334	1243
300	1386
322	1642
341	1471
283	1320
310	1168
327	1103
322	1292
288	1254
328	1200
301	1004
284	1076
278	1234
317	1021
258	1039
286	1134
331	1189
299	1109
333	1450
327	1528
307	1138
357	1253
346	1140
345	1312
325	1253
343	1193
332	1051
337	1054
338	1105
352	1014
333	1101
337	934
297	924
319	882
355	1051
350	1174
345	1097
332	950
363	981
340	1207
333	1198
334	1162
375	1302
359	1226
344	1276
391	1214
434	1158
438	1359
446	1196
381	1340
489	1523
474	1416
403	1182
370	1024
375	879
367	1052
360	1106
337	975
329	1138
314	1022
302	945
313	1191
308	1072
323	1067
331	1022
303	1086
334	1263
344	1255
347	1223
324	1101
366	1169
343	1055
328	1200
338	1194
301	1196
307	1420
328	1363
327	1327
324	1448
323	1185
290	1064
334	1100
299	1282
325	1212
310	1236
305	1287
281	1163
338	1270
324	1195
312	1218
320	1216
321	1052
317	1052
333	916
339	1077
283	992
353	1286
304	1218
316	1174
341	1377
301	1431
318	1264
327	1262
327	1189
326	1090
306	1088
321	1160
341	1303
327	1288
354	1376
303	1166
309	1145
308	1241
318	1250
318	1124
259	1210
300	1134
279	1118
342	994
300	1013
276	982
334	1186
322	1102
285	1077
312	1202
274	1204
280	1208
286	1200
276	1133
296	1152
302	1202
295	1227
291	1229
324	990
357	1264
319	1109
310	1044
331	1163
295	1105
295	1205
345	1219
294	1199
319	1253
264	1193
326	1294
303	1243
314	1065
289	1077
333	1218
325	1120
273	1067
303	1285
328	1296
300	1298
337	1240
301	1129
300	1035
320	969
275	1217
318	1121
262	1086
257	1006
312	1147
322	1139
311	1071
285	979
320	1071
299	960
278	1163
261	1171
302	1262
268	1156
317	1207
294	1036
273	1128
310	1259
310	991
335	1128
355	924
290	929
269	1059
336	1148
296	1209
272	1133
286	1189
273	1491
324	1483
272	1198
293	1555
300	1550
261	1720
299	1629
343	3543
400	7128
343	4400
320	3008
311	3025
298	1603
326	1846
285	1897
305	1855
301	1279
275	1239
296	1078
265	995
270	1167
297	1169
290	1527
275	1220
278	1154
310	1149
274	1238
309	1021
305	1136
294	1112
289	1038
313	1065
279	1174
262	1071
300	1108
262	1083
265	1204
295	1252
250	1113
303	1365
303	1533
268	1587
316	1468
305	1157
283	912
282	1051
279	1178
271	1096
307	1150
334	1016
310	1111
288	1031
292	980
302	1095
301	1059
308	1177
284	1189
318	1276
323	1188
303	1136
292	1088
264	1117
281	1354
304	1172
289	1026
286	1011
272	1118
316	1146
300	1118
286	1025
308	1098
304	1064
306	1048
323	1073
302	1030
306	996
299	1103
313	1299
309	1009
300	874
297	913
304	1086
365	1078
279	962
275	976
306	920
315	853
295	981
300	950
300	889
289	1004
295	909
296	1036
314	932
288	950
291	1066
305	961
289	1049
307	1201
269	1015
289	932
301	1003
263	1049
353	1107
289	1159
278	1129
289	1141
280	1111
284	1021
241	1009
288	1012
276	1118
271	1243
297	936
300	1012
328	1186
330	1098
336	1287
256	1218
304	1116
300	1121
281	1177
341	1159
299	1045
296	1128
297	1095
339	1054
329	995
321	1091
325	1298
353	1109
328	1161
292	1222
370	1298
403	1146
394	1171
317	1189
342	1301
356	1322
340	1417
355	1498
383	1792
413	1943
369	2138
405	2000
385	1952
409	1574
364	1692
375	1775
350	1680
363	1724
393	1396
377	1494
440	1454
385	1537
420	1444
473	1619
522	1505
404	1498
350	1342
369	1329
357	1319
410	1371
398	1594
391	1637
388	1428
439	1401
413	1483
402	1455
413	1508
372	1443
359	1263
341	1125
342	1067
342	1015
329	1003
337	1262
307	1173
296	1153
352	1267
345	1143
336	1144
322	1037
309	966
303	982
342	1009
270	1208
278	1176
255	1193
317	1281
280	1098
272	1295
298	1084
316	1059
308	1090
303	1220
310	1364
272	1140
289	1198
318	1224
291	1080
296	1025
295	1070
300	933
306	1009
317	987
296	1245
336	1101
298	999
299	1016
296	1032
314	982
292	985
290	1107
314	1119
292	1086
297	1082
285	1192
283	1259
319	1207
318	1227
299	1261
322	1283
298	1239
296	1168
315	1150
278	1104
328	1252
308	1261
279	1283
284	1284
296	1281
283	1431
305	1517
289	1263
312	1343
306	1240
279	1234
333	1445
310	1187
320	1078
288	1239
308	1180
295	1265
286	1266
302	1135
292	1186
298	1180
282	1187
327	1277
301	1282
314	1254
321	1058
342	1467
306	1164
299	1310
311	1345
281	1475
268	1491
304	1882
317	1836
304	1998
324	1905
296	1556
344	1540
336	2076
300	2481
333	2970
340	1702
322	1546
292	1416
334	1609
324	2090
337	2694
324	2300
338	1331
331	1074
318	1357
339	1702
304	1764
333	1745
315	1842
263	1854
315	1651
321	1597
335	1880
310	1642
297	3082
366	4079
317	2948
306	1392
335	1241
337	1269
361	1906
341	2386
345	2025
316	1511
271	1216
284	1172
300	1130
294	1084
292	1169
304	1219
307	1085
302	1084
308	1183
341	1183
303	1225
304	1146
318	1138
286	1072
313	1136
289	1169
312	1143
327	1272
298	1397
298	1224
341	1281
287	1262
310	1229
365	1139
336	1130
298	1206
315	1278
297	1273
350	1264
355	1371
308	1282
291	1097
316	1165
350	943
326	979
310	1047
357	1196
311	1165
292	1169
304	945
309	1251
288	1219
350	1094
273	897
240	1000
284	1046
321	1156
287	1069
344	1139
305	1116
310	1047
317	959
257	992
304	1204
298	1173
332	1236
277	1150
319	1077
309	1013
309	1048
262	1057
293	986
304	1006
299	1129
274	1147
328	1160
276	1218
304	1131
354	1128
311	1136
286	1130
281	1072
311	1049
302	1286
313	1139
294	1131
302	1203
365	1149
350	1335
337	1288
342	1288
314	1250
361	1323
356	1344
320	1301
357	1155
374	1051
366	1051
355	1123
360	1101
339	1192
313	1187
331	1139
344	1080
352	1148
374	1043
389	1268
335	1208
369	1170
344	1142
321	1119
358	1075
351	1201
364	1270
309	1193
357	1115
293	1268
337	1246
343	1217
323	980
332	1078
323	1174
332	1187
288	1080
368	1212
334	1116
329	1326
321	1187
332	1168
305	1136
312	1258
336	1044
389	1310
366	1298
352	1008
314	1234
373	1079
358	1089
327	1007
323	896
318	934
335	1084
327	1068
331	1073
303	1094
286	1168
345	1124
327	1097
329	1113
310	1265
342	1178
317	1087
331	1058
329	1070
363	1262
330	1282
345	1315
340	1452
339	1363
308	1245
338	1217
346	1295
341	1359
365	1300
365	1228
328	1263
326	1539
325	1692
357	2110
349	1873
368	2286
380	2822
317	2578
352	2582
434	5377
380	3477
327	1910
338	2137
351	2207
308	2617
344	2707
382	3741
347	2515
355	2805
345	2791
363	2821
358	2614
343	1972
340	1943
317	1371
318	1222
358	1394
316	1231
352	1299
329	1361
348	1215
329	1118
326	1241
332	1302
318	1438
326	1256
289	1114
299	1080
304	1345
339	1238
328	1399
328	1263
349	1338
322	1304
308	1354
313	1251
325	1424
353	1657
318	1866
352	1623
313	1356
366	1372
339	1256
357	1199
328	1407
302	1122
312	1216
304	1151
290	1214
282	1086
299	1303
335	1287
320	1310
287	1312
277	1209
303	1187
322	1132
324	1044
263	1056
303	973
293	1098
317	1137
305	1269
268	1221
297	1051
322	1176
294	1108
312	1125
280	1155
307	1081
282	1037
306	1085
294	1104
327	1170
310	1320
278	1261
313	1061
289	1091
305	976
324	1010
304	1123
304	1064
297	988
285	949
288	972
274	1019
297	1142
266	1225
275	1109
267	1060
302	1040
331	1087
290	1115
333	1054
327	1147
326	1129
285	992
329	989
358	992
308	1003
280	1021
316	1203
303	1263
323	1309
288	1262
297	1080
329	1065
280	1039
280	1215
294	1159
303	1116
339	1124
316	1224
288	1231
275	1228
350	1341
311	1207
318	1187
302	1258
280	1440
307	1277
298	1026
317	1159
292	1062
258	1067
297	1098
290	1268
298	1290
314	1037
306	1167
296	1273
289	1305
290	1187
268	1183
315	1250
282	1108
326	1192
310	1443
319	1226
256	1222
299	1014
277	1003
299	1055
324	1064
312	987
268	1077
312	1051
288	1093
313	1026
326	1093
322	1156
338	1178
298	1215
348	1138
347	1317
348	1393
340	1198
275	1323
319	1146
312	1055
325	1180
292	1215
313	1272
285	1247
253	1112
302	1074
272	1217
306	1205
340	1397
301	1226
330	1126
305	1035
302	1149
298	1127
296	1002
320	1035
311	975
308	1175
312	1108
290	1113
365	1378
322	1164
289	1049
294	1064
284	1120
320	1267
292	1173
273	1176
277	1162
300	1082
290	1014
278	1007
262	1003
299	957
302	1188
291	1075
324	1157
335	1227
311	1193
327	1117
311	1445
315	1251
345	1164
294	1277
305	1184
286	1276
341	1289
290	1285
277	1160
295	1138
297	1118
310	1148
342	1013
317	1021
343	1111
298	1124
319	1023
283	1123
272	1233
323	1136
283	892
304	994
293	1195
293	1175
326	1170
317	1216
347	1156
300	1285
315	1287
305	1317
335	1095
309	1315
283	1265
312	1311
313	1306
301	1316
284	1335
298	1361
331	1341
285	1433
322	1326
318	1531
362	1430
277	996
302	979
304	1070
303	1187
300	1042
284	909
274	1054
293	1141
286	1241
314	1512
357	1655
324	1485
344	1470
352	1554
301	1568
331	1687
330	1443
331	1327
315	1430
309	1360
358	1321
337	1379
335	1238
337	1343
386	1538
346	2205
330	1884
361	2273
328	2668
339	2874
323	2359
339	2460
340	2367
350	2840
312	2544
352	1958
340	2263
354	2244
345	2390
311	2114
313	1666
293	1355
313	1708
308	2537
313	1598
292	1496
320	1446
323	1211
314	1251
302	1215
279	1252
309	1177
327	1312
321	1316
304	1209
280	1276
267	1086
259	1195
282	1170
274	1078
290	1072
308	1380
317	1286
348	1246
317	1398
316	1176
338	1225
336	1332
344	1226
326	1098
349	1038
348	992
387	1335
353	1295
376	1563
361	1311
381	1505
357	1380
376	1324
326	1341
350	1312
311	1326
320	1434
334	1467
298	1634
305	1340
276	1356
298	1477
304	1263
319	2477
410	6926
370	4795
329	1796
356	3395
311	1652
280	1368
304	1754
345	3334
375	4503
356	4249
423	7938
503	12313
506	14210
452	11479
548	13632
413	9685
443	12390
425	10349
433	7966
315	2911
294	2453
309	1875
324	1655
305	1594
319	1580
310	1815
322	1640
288	1378
320	1367
321	1329
331	1344
316	1543
316	1499
358	1477
316	1377
292	1433
295	1437
314	1343
291	1464
362	1337
328	1258
319	1196
289	1108
343	1074
276	1325
297	1166
301	1241
312	1326
310	1159
305	1217
340	1193
290	1100
335	1181
293	1051
319	1099
303	1169
293	1167
249	1255
307	1355
343	1093
323	1120
295	1249
327	1230
306	1246
306	1290
332	1203
285	1101
308	1023
305	1020
300	1105
321	1294
310	1538
283	1123
304	1101
298	1244
327	1063
284	1180
345	1044
319	1184
300	1359
311	1158
325	1203
318	1162
282	1183
306	1409
321	1424
347	1496
350	1400
338	1325
285	1312
329	1382
305	1511
334	1669
311	1474
292	1384
318	1376
343	1572
319	1426
325	1386
309	1357
347	1556
363	1791
352	2288
318	2281
321	2351
351	2768
351	2758
347	2827
347	2752
333	3202
377	2955
397	2751
348	2296
347	2439
336	2562
368	2521
345	2670
351	2698
359	2822
319	2958
358	2690
365	2879
349	2779
369	2447
359	2899
392	2841
388	2195
388	2154
362	2114
388	2142
317	1937
354	1836
340	1977
308	1765
308	1648
352	1727
357	1672
299	1464
320	1283
324	1504
313	1343
322	1337
330	1515
354	1666
310	1460
305	1535
340	1504
356	1685
354	1680
354	1543
332	1346
323	1446
341	1459
328	1599
326	1240
288	1272
305	1387
346	1296
292	1341
306	1321
282	1378
333	1700
303	1725
318	2040
317	2017
315	1651
354	1335
324	1069
303	1029
287	1015
295	1051
317	1045
270	1586
325	1496
275	1525
300	1387
253	1238
307	1331
341	1115
326	1115
307	1308
306	1410
317	1247
315	1173
317	1039
316	1175
333	1156
371	1089
296	1368
339	1443
354	1142
364	1199
351	1291
306	1228
302	1261
364	1073
353	1085
317	1267
314	1258
299	1257
333	1176
285	1177
316	1044
327	1083
367	1104
330	1139
366	1022
348	1147
366	1108
348	1159
371	1287
352	990
327	1157
348	1294
350	1142
335	1276
300	1416
358	1547
308	1392
304	1330
345	1282
330	1382
399	1394
372	1399
346	1290
313	1315
329	1249
304	1281
328	1571
358	1672
355	1504
291	1302
332	1391
327	1397
326	1470
321	1512
319	1445
323	1421
329	1427
327	1147
320	1198
258	1120
306	1121
296	1205
277	1062
309	1216
321	1523
326	1775
323	2154
311	1914
320	1653
326	1537
332	1405
331	1604
288	1878
301	1564
307	1546
329	1718
301	1444
334	1150
309	1282
297	1160
248	1197
321	1028
313	1163
330	1147
275	1195
285	977
337	1172
297	1143
296	976
289	1077
284	1236
297	1169
319	1169
315	1034
329	1192
319	1124
291	1069
333	1134
335	1101
345	1262
355	1234
325	1152
323	1208
351	1409
314	1589
340	1750
337	1742
304	1557
349	1658
318	1756
293	1853
344	1897
344	1800
307	1783
354	1584
328	1318
291	1231
316	1366
328	1421
323	1309
383	1494
360	1184
365	1147
343	1147
358	1221
369	1329
338	1150
348	1195
329	1212
332	1223
301	1245
292	1209
299	1238
312	1278
332	1155
344	1353
337	1244
341	1381
299	1412
368	1259
352	1326
343	1269
329	1304
305	1546
273	1296
315	1142
302	1069
266	998
270	1089
283	962
307	914
314	1069
304	997
329	996
305	1061
344	1001
288	1103
310	1128
310	1136
293	1115
348	1145
311	1162
350	1218
317	1199
325	1067
327	1031
362	1418
323	1544
303	1681
287	1432
284	1558
326	1349
305	1174
318	1127
313	1373
329	1335
327	1118
316	1164
267	1215
328	1268
323	1315
320	1328
330	1297
325	1225
320	1294
318	1300
365	1161
310	1137
307	1451
313	1133
335	1187
314	1172
333	1120
304	1150
346	1087
327	1161
323	1116
298	1178
307	1186
338	1158
306	1105
311	1182
321	1065
325	1036
318	1118
338	1156
339	1037
357	1167
298	1093
309	969
305	994
313	1113
348	1072
292	1118
315	1090
295	1060
297	1128
309	1075
312	1171
297	1152
331	1260
329	1228
329	1129
288	1100
286	1110
336	1175
287	1224
289	934
306	1074
279	1075
306	1092
273	1156
303	1128
288	1137
314	1085
302	1125
338	1094
346	1028
347	986
280	1021
317	1063
289	1166
290	1202
303	1152
294	1140
323	1244
327	1202
347	1121
331	1054
317	1056
304	1078
302	1041
310	1126
332	1055
299	1098
329	1072
282	1039
303	1115
294	1200
306	1225
268	1135
321	1203
335	1064
322	1390
295	1161
321	1195
321	1186
303	1286
299	1174
341	1187
327	1111
294	968
307	1007
249	992
305	1090
314	1114
321	1115
318	1046
288	1118
323	1044
348	1186
329	1202
333	1323
293	1174
291	1193
316	1217
304	1223
339	1125
328	1106
331	1115
322	1073
329	1018
346	1048
330	964
305	1015
312	1060
335	1089
281	1007
288	858
318	942
268	883
283	1057
295	912
325	979
291	1134
286	1130
280	915
302	1074
306	1050
295	1056
303	1281
300	1270
297	1126
303	1153
292	1056
307	1080
324	970
293	1103
306	980
280	1129
318	1170
287	1124
251	1230
303	989
251	1074
275	1034
257	1013
255	1073
357	1036
304	996
302	876
297	986
301	1124
275	1295
289	1387
275	1168
247	1193
286	1245
307	1318
260	1245
309	1203
301	1122
275	1083
279	1092
314	1068
306	1088
273	1009
310	1070
298	1216
308	1119
290	1025
308	1027
326	1008
281	992
294	1215
344	1169
361	1072
308	1164
330	1214
329	1105
307	1113
349	1133
294	1108
326	1213
312	1096
342	1303
318	1069
320	1151
351	1284
372	1276
358	1261
345	1129
372	1179
372	1038
374	1246
376	1271
397	1341
383	1423
397	1386
341	1409
326	1248
347	1520
360	1317
295	1289
378	1432
353	1225
358	1044
393	1240
373	1348
365	1163
387	1205
379	1266
350	1225
349	1127
386	1260
344	1079
374	1171
313	1097
377	1321
373	1273
331	1305
339	1075
350	1192
318	1290
349	1280
349	1191
362	1102
352	1237
337	1321
391	1362
367	1300
401	1215
379	1317
347	1191
377	1219
380	1208
340	1265
357	1033
385	1181
379	1386
349	1172
320	1081
362	966
354	1002
337	858
311	1122
321	1099
312	1031
334	1038
300	1253
292	1187
343	1264
374	1068
301	1017
326	1052
368	1154
398	1182
374	1249
323	1206
288	1038
324	1115
319	1045
300	1171
305	1212
325	1239
316	1114
285	1136
327	1306
329	1246
333	1168
323	1181
360	1034
317	1250
327	1362
351	1253
376	1203
324	1126
298	1253
329	1266
311	1131
304	1231
309	1288
308	1336
333	1327
329	1166
336	1090
323	1045
324	1278
353	1077
317	1176
304	1284
335	1328
349	1192
354	1436
324	1560
334	1605
314	1512
326	1379
310	1409
346	1340
307	1294
354	1354
376	1331
320	1144
323	1392
313	1250
324	1392
308	1354
327	1341
285	1276
287	1231
328	1207
298	1384
337	1225
346	1289
322	1397
321	1443
341	1343
339	1216
319	1175
302	1173
354	1091
337	1333
357	1317
351	1211
363	1319
383	1446
301	1524
312	1393
339	1233
395	1138
326	1414
357	1285
339	1127
317	1189
311	1271
311	1215
348	1266
374	1222
333	1220
327	1202
345	1091
332	931
333	1143
349	1248
313	1153
338	1251
353	1192
346	1182
290	1087
352	1116
315	1371
328	1312
323	1166
355	1165
285	1074
352	1237
344	1149
373	1056
378	1177
347	963
323	1081
354	1111
345	1284
379	1248
339	1211
315	1059
368	1132
350	1084
334	1133
364	1191
342	986
350	1246
382	1139
404	1117
382	1185
412	1217
399	1103
391	1116
353	1260
375	1348
369	1351
359	1345
371	1364
468	1367
402	1501
406	1308
416	1427
452	1702
484	1576
430	1954
436	2070
466	1908
463	1558
473	1294
418	1365
461	1368
435	1390
525	1534
537	1510
560	1605
569	1887
647	2001
643	2262
677	2022
597	1799
550	1807
640	1785
635	1881
762	2024
727	1973
735	1614
829	1751
903	1738
1111	1791
1061	1549
989	1557
1067	1635
1141	1786
1568	1945
1664	2098
1460	1922
1548	2160
1637	2005
1778	2097
1816	2093
1765	2158
1753	2233
1786	2335
2184	2758
2474	2717
2566	2955
2448	3003
2621	3034
2794	3276
2913	3506
2880	3237
2840	3137
2965	3372
3115	3652
3395	4004
3302	4003
3141	3731
3278	3710
3200	3688
3238	3608
3455	3784
3325	4056
3476	3776
3493	4193
3669	4147
3713	3996
3796	4381
3641	4422
3781	4416
3715	3996
3655	3768
3679	3681
3578	3920
3479	3662
3421	3107
3386	2615
3464	2593
3419	2515
3345	2358
3252	2073
3077	2216
3071	2136
3175	2416
3174	2475
3273	2316
3283	2345
3178	2156
2968	2005
3010	2134
3031	2124
2789	2147
2908	1984
2848	2055
3019	1864
2756	1703
2560	1818
2558	1835
2480	1911
2403	1814
2451	1734
2239	1792
2085	1676
2025	2201
2186	2555
2240	2408
2049	1795
1845	1690
1853	1676
1832	1765
1969	1764
1789	1812
1716	1810
1565	1588
1526	1697
1621	1788
1491	1527
1353	1450
1281	1468
1262	1391
1277	1508
1226	1429
1085	1328
1042	1139
907	1167
939	1430
1027	1454
956	1307
870	1374
881	1302
889	1211
914	1214
818	1201
821	1124
769	1040
839	1196
838	1126
861	1093
801	1211
816	1171
791	1195
732	1103
718	1142
741	1136
643	1287
670	1314
753	1156
743	1161
722	1022
696	1054
658	1148
629	931
645	963
595	960
550	975
491	973
555	963
591	951
593	1075
543	990
520	930
513	1106
525	1218
482	1230
480	1187
461	1134
482	1124
412	1058
440	1075
447	1155
424	1156
433	1265
427	1062
400	1220
396	1195
338	1123
391	1002
392	1109
364	1200
359	1158
368	1169
350	1276
331	1213
347	1291
416	1254
340	1179
348	1234
352	1061
386	1160
385	1175
404	1221
340	928
320	951
355	885
313	1117
367	1061
383	1138
335	1209
364	1158
334	1153
331	1173
362	1203
360	1421
347	1197
330	1175
340	1038
373	1001
387	1148
392	1117
398	1066
378	1045
424	1277
495	1232
482	1184
525	1304
580	1462
729	1802
845	2105
980	2607
1081	2647
1159	2451
1303	3089
1967	4212
2443	4285
2275	4413
1985	4014
2058	4078
2431	4664
2613	5671
2518	6108
2175	5487
2351	6308
2857	7691
3216	8561
2987	8615
3143	8544
3172	7987
3210	8619
3262	8539
3041	8017
3135	7534
2967	7001
2973	6696
2959	6986
2900	7685
2855	8051
2945	8382
2549	8745
1972	7932
1526	6967
1623	6616
1621	6585
1498	6266
1147	5278
1079	4233
983	3656
1036	3791
928	3279
945	3189
843	3171
863	3369
970	3631
939	3769
920	3345
670	2334
552	2015
613	2049
561	1974
508	1758
415	1288
428	1355
367	1189
416	1410
415	1331
349	1258
370	1200
342	1194
349	1082
348	971
351	1049
348	967
345	1136
331	1097
382	1185
385	1264
390	1219
375	1248
331	1428
350	1410
346	1474
348	1239
360	1193
365	1322
330	1407
312	1449
343	1226
355	1351
356	1196
294	1065
323	1092
287	1221
321	1019
343	1138
330	1157
350	1083
324	1191
330	1124
319	1111
356	1054
359	1098
338	1094
393	1189
344	1188
359	1144
334	1153
378	1111
357	1047
379	1027
385	971
394	1000
394	980
373	1036
362	1001
375	987
340	973
363	981
337	924
336	980
339	824
285	935
338	792
310	961
304	1013
364	944
308	934
301	916
291	925
304	917
316	973
281	920
296	963
284	1033
338	925
293	1006
319	958
302	1069
272	945
286	861
309	1061
303	901
310	1082
311	901
314	959
302	970
294	1087
352	1128
316	1170
296	968
348	1074
346	1090
345	1091
324	1034
311	1042
325	983
274	1204
293	1084
320	937
318	1065
302	912
329	948
330	1084
330	1109
344	1042
330	1106
351	1276
354	1094
336	1003
311	973
325	1166
310	964
312	1100
335	1194
342	1032
318	1184
316	974
271	1031
283	1200
296	1134
374	1102
296	1000
330	1165
272	1201
285	1150
284	1250
282	1176
331	1230
345	1101
382	1006
333	976
335	1126
351	1115
342	1134
306	1186
259	1260
299	1265
264	1300
320	1434
322	1113
326	1369
307	1107
338	1187
294	1266
285	1278
348	1123
343	1157
314	1242
314	1538
298	1483
318	1273
338	1140
324	1205
316	1518
317	1305
306	1438
305	1358
302	1248
341	1301
300	1278
313	1358
355	1557
348	1753
339	2171
331	2072
345	1994
334	1733
326	1567
343	1277
342	1270
307	1390
317	1248
323	1185
303	1103
321	1198
313	1325
274	1160
306	1173
326	1302
345	1083
378	1319
334	1649
322	1538
317	1487
296	1380
327	1376
346	1546
365	1659
347	1610
313	1518
356	1349
322	1418
367	1442
350	1213
375	1399
332	1546
359	1554
350	1427
316	1322
366	1430
370	1466
350	1346
328	1397
374	1384
329	1248
317	1249
292	1237
308	1241
356	1427
326	1307
292	1231
337	1328
287	1262
344	1525
304	1351
311	1463
354	1299
348	1203
341	1323
367	1119
385	1164
360	1131
348	1131
318	1204
307	1239
330	1167
321	1299
355	1269
317	1329
336	1269
363	1459
392	1318
419	1335
382	1971
405	2062
410	1789
370	1591
375	1588
380	1574
369	2015
382	2103
403	1741
361	1574
340	1397
362	1585
316	1648
355	1306
367	1388
338	1448
341	1443
339	1396
326	1237
353	1152
341	1176
322	1214
335	1284
331	1150
308	1297
275	1237
348	1292
345	1122
330	1221
299	1098
351	1127
350	1099
312	1087
319	1128
316	1074
307	1042
318	1037
304	1235
309	1151
304	988
308	1039
327	989
284	1215
325	1227
302	1146
300	1043
287	1068
289	1182
276	1123
329	1130
329	1171
287	1132
316	1097
302	1022
291	1135
288	1013
263	912
283	1113
311	1148
353	1062
301	1000
309	1022
290	990
322	1076
352	1145
323	1085
287	1014
256	1010
288	924
298	1049
320	1077
322	1046
291	1066
315	1087
295	1028
301	1085
307	934
305	936
316	838
309	940
340	1085
305	1172
310	1070
332	1194
267	1202
279	1116
295	1120
278	956
314	878
306	1033
317	1114
301	1216
335	1018
286	984
306	1067
289	1127
311	1032
281	946
340	953
334	1035
258	1136
332	1161
326	1235
326	1270
293	1371
278	1405
324	1273
338	1443
300	1457
325	1217
316	1114
292	1286
322	1408
291	1327
296	1138
268	1138
297	1081
286	1088
323	1114
306	1097
312	991
345	1097
315	1055
285	1078
312	1218
325	1264
257	1256
313	1054
281	1260
309	1292
336	1387
324	1167
293	1076
337	1119
306	1367
261	1092
300	1056
320	1239
317	1234
326	1172
288	1258
282	1246
295	1263
286	1090
341	1169
341	1285
315	1313
346	1180
316	1189
329	1207
357	1328
312	1319
367	1197
315	1243
261	1152
308	1191
296	1121
320	1152
352	1330
313	1418
305	1608
297	1236
323	1293
333	1222
272	1165
282	1161
317	1103
329	1254
320	1182
274	1145
317	1269
302	1192
326	1047
298	1099
315	1082
267	1209
280	1362
331	1495
324	1446
299	1346
335	1387
304	1412
283	1435
297	1322
353	1292
329	1272
341	1338
330	1197
325	1432
319	1520
293	1239
307	1446
343	1558
354	1519
323	1315
311	1366
306	1289
274	1307
355	1523
329	1390
312	1330
343	1191
314	1280
329	1383
309	1472
305	1263
309	1342
328	1248
325	1349
322	1214
283	1132
283	1103
307	1292
318	1266
340	1303
346	1178
336	1211
324	1233
371	1119
345	1148
335	1238
360	1261
287	1293
327	1158
358	1198
333	1244
310	1322
318	1129
302	1148
298	1231
295	1109
308	1145
308	1087
296	1197
320	1330
352	1282
299	1131
378	1179
301	1044
319	1152
311	1106
320	1106
324	1148
310	1266
330	1347
317	1606
340	1516
346	1332
339	1472
380	1393
295	1357
340	1435
336	1375
362	1085
339	1311
296	1196
332	1107
321	1031
364	1052
310	1146
350	1190
335	1077
369	1188
333	1005
325	1223
322	1183
347	1195
338	1235
358	1239
324	1175
319	1112
359	1177
324	1331
347	1145
304	1113
283	1228
320	1161
300	1256
329	1132
294	1169
317	1225
350	1380
335	1418
340	1289
330	1224
304	1032
291	1189
309	1191
380	1205
313	1117
324	1208
333	1103
318	1115
298	1025
362	1228
297	1176
365	1174
304	977
322	1160
361	1195
334	994
323	1310
279	1264
326	979
316	1033
289	1227
333	1199
323	1123
336	1202
285	1186
279	1299
316	1301
289	1062
311	1022
312	1146
295	1183
315	1318
304	1383
305	1241
300	1239
312	1166
316	1134
295	1182
300	1032
330	1136
282	1168
295	1088
331	1131
320	1020
297	1004
306	1138
293	1226
306	1776
274	1432
283	1461
315	1606
339	1332
288	1296
355	1523
297	1232
302	1055
283	1171
303	1170
300	1279
313	1332
276	1300
269	1335
279	1290
307	1354
291	1347
283	1363
297	1236
280	1164
289	1281
299	1390
312	1184
333	1154
310	1283
323	1217
284	1361
330	1423
292	1202
312	1203
338	1318
334	1445
332	1442
348	1194
332	1121
332	1207
338	1215
365	1173
299	1256
335	1274
311	1297
306	1235
365	1362
302	1383
301	1486
335	1438
300	1444
300	1417
313	1296
320	1454
322	1355
339	1255
351	1386
358	1349
350	1342
297	1293
338	1365
338	1367
375	1183
375	1225
318	1297
338	1348
330	1425
356	1212
338	1521
307	1392
330	1256
340	1292
321	1164
383	1181
313	1042
339	1323
318	1105
287	1368
357	1278
318	1201
330	1307
385	1531
353	1197
302	1268
304	1300
325	1307
322	1413
308	1304
323	1542
298	1482
390	2256
372	2852
350	2226
363	1656
368	1627
340	1280
310	1367
300	2130
358	1674
314	1261
350	1483
311	1135
321	1348
353	1245
314	1373
318	1585
370	1580
324	1420
352	1222
334	1288
329	1415
349	1297
321	1140
389	1185
361	1213
352	1329
361	1228
363	1336
365	1436
372	1285
383	1256
321	1179
317	1458
381	1282
400	1351
366	1255
341	1307
355	1161
374	1291
339	1379
357	1692
340	1516
322	1780
365	1704
378	1710
368	1414
365	1347
354	1231
369	1141
403	1188
354	1242
352	1225
367	1212
370	1279
343	1237
357	1183
341	1195
349	1250
323	1155
348	1198
344	1171
330	1118
322	1060
384	1253
380	1210
351	1353
309	1334
371	1435
370	1502
408	1237
328	1380
324	1211
330	1319
332	1200
301	1151
348	1047
293	1035
344	1102
337	1102
343	1264
324	1183
324	1243
367	1322
389	1369
365	1410
332	1238
337	1080
299	1225
321	1047
356	1220
328	1083
323	973
321	1113
349	1254
326	1329
436	1182
444	1417
413	1526
447	1353
479	1290
527	1363
493	1492
486	1452
424	1421
452	1447
483	1393
429	1375
390	1588
414	1425
403	1387
371	1203
392	1470
414	1501
456	1537
408	1444
393	1307
400	1358
355	1570
396	1394
403	1489
394	1592
446	1653
416	1443
429	1398
396	1626
362	1374
359	1352
377	1396
382	1401
414	1476
360	1431
380	1347
364	1317
389	1316
435	1413
404	1327
394	1286
384	1284
380	1364
356	1331
405	1417
352	1360
414	1138
378	1171
352	1212
400	1187
416	1168
431	1170
383	1135
405	1098
424	1112
418	1097
446	1227
436	1286
393	1251
464	1261
406	1138
431	1127
414	1168
431	945
351	1033
414	956
425	1256
405	1193
406	1237
411	1223
422	1238
460	1321
398	1394
428	1467
410	1524
394	1332
402	1413
412	1406
428	1437
415	1490
434	1416
423	1437
383	1326
407	1195
443	1484
416	1452
426	1359
428	1872
389	1591
437	1484
445	1303
436	1154
473	1274
433	1367
485	1394
416	1299
468	1164
457	1102
468	996
458	1245
491	1492
454	1301
499	1277
470	1640
837	4251
1222	11161
1354	12254
1194	9739
1056	8523
1150	9558
1306	10515
1127	8941
1031	7719
1027	7468
1231	8789
1392	8998
1492	9966
1456	10711
1532	11140
1704	12059
1867	13275
2052	14150
2074	14330
1934	14448
1955	15027
2173	14496
2392	12901
2310	12331
2090	11798
2245	10786
2519	9105
2583	7568
2576	7445
2326	7636
2185	7379
2297	6817
2466	6002
2588	5771
2488	6413
2640	6821
2657	6994
2754	7465
2820	7621
2667	8146
2835	8411
2751	8050
2675	7352
2390	6810
2419	6224
2248	5476
2099	4889
1871	4714
1737	4136
1785	3844
1808	3863
1787	4140
1811	4086
1628	3798
1590	4268
1677	4550
1803	4918
1669	5216
1533	4646
1443	4818
1404	4454
1300	4460
1337	4353
1193	3906
1186	3596
1100	2989
1091	2739
958	2790
996	2626
1020	2458
970	2322
920	2662
902	2733
961	3075
914	3127
883	3157
966	4009
1015	4610
923	4149
740	3084
560	2263
563	2437
598	2255
534	1635
377	1335
402	1277
440	1190
446	1275
429	1242
411	1237
390	1193
430	1100
407	1296
380	1250
372	1305
342	1176
310	1218
356	1213
344	1308
362	1324
388	1331
328	1244
344	1347
360	1382
345	1176
376	1206
345	1172
367	1083
327	1005
314	1254
323	1136
353	1207
308	1382
324	1206
344	1144
316	1100
349	1226
324	1195
341	1207
292	1297
280	1339
300	1187
303	1158
273	1226
325	1221
302	1172
347	1194
342	1195
353	1291
359	1141
352	1292
350	1215
349	1185
367	1194
360	1122
341	1247
367	1054
365	1073
375	1130
352	1493
361	1330
343	1505
341	1341
331	1160
309	1185
326	1272
346	1196
318	1263
344	1283
305	1255
323	1129
322	1068
269	1033
338	1184
308	1137
320	1295
344	1223
281	1143
357	1221
306	1189
292	1223
289	1218
313	1261
326	1290
268	1330
325	1269
286	1214
271	1177
354	1199
330	1182
287	1026
329	1014
289	1000
275	1031
296	1101
275	1343
328	1252
308	1229
293	1089
271	1096
287	1126
286	1171
322	1292
284	1410
315	1717
338	2086
281	1835
313	1561
298	1425
343	1785
319	2964
306	3374
294	1623
270	1271
317	1263
277	1296
298	1133
322	1052
339	962
276	991
323	1048
314	1080
305	1307
292	1079
325	1181
298	1174
305	1121
263	1139
337	1241
291	1131
299	1250
297	1272
309	1286
333	1329
318	1266
298	1213
323	1247
281	1195
303	1081
266	1086
281	1363
304	1854
249	1959
329	2190
299	1969
344	1689
314	1516
331	1351
299	1331
282	1266
282	1385
311	1255
302	1233
365	1160
352	1097
287	1023
317	1295
343	1158
351	1228
328	1317
354	1217
352	1245
350	1180
374	1338
337	1290
313	1159
336	1305
349	1256
345	1134
308	1346
331	1139
287	1207
288	1136
311	1119
270	963
284	1100
307	1133
305	1218
324	1164
296	1167
339	1247
330	1186
313	1014
326	1026
315	1026
330	931
304	1056
289	1032
334	1099
280	1077
301	1154
305	990
315	1175
302	1129
324	1082
299	1221
255	1308
269	1142
259	1011
266	1178
299	1140
301	1170
287	1357
318	1162
297	1188
289	1237
300	1218
327	1283
279	1358
296	1333
291	1223
261	1275
325	1086
355	1222
329	1204
292	1142
293	1091
308	1028
314	1177
304	1072
260	1028
283	956
279	1006
303	1050
260	1042
325	1020
303	1091
281	1020
332	1198
333	1114
320	1058
340	963
305	930
305	930
297	1071
294	1072
317	1146
295	1181
289	1340
265	1123
349	1085
299	1095
295	1093
299	1146
279	1126
325	1196
295	994
298	1109
321	1063
323	1074
283	1011
293	971
289	1160
364	1096
324	1153
293	1063
352	1215
329	1016
339	934
370	1103
415	1185
344	1109
343	1113
344	990
360	1165
380	1207
367	1125
371	1291
378	1232
346	1216
343	1121
359	1313
394	1041
342	1149
334	1145
362	1135
319	1223
379	1160
375	1070
335	1280
358	1242
309	1128
339	1194
318	1224
366	1243
330	1291
302	1146
329	1096
284	1132
298	1221
306	1025
313	1080
322	1038
347	1227
371	1106
333	1206
334	1115
287	1163
343	1254
324	1044
372	1134
312	993
344	1075
371	1068
367	1069
369	1043
312	1023
327	1056
347	1246
287	1169
333	1136
312	1175
331	1166
359	1072
332	1349
364	1171
337	1195
333	1257
335	1137
342	1132
318	1422
378	1189
388	1021
371	1040
340	1046
379	1172
363	1103
386	1126
310	1014
362	1135
363	1328
385	1341
386	1364
338	1238
327	1354
340	1283
335	1213
366	1323
385	1313
339	1244
354	1455
319	1356
355	1182
345	1229
399	1089
377	1036
335	1327
362	1326
326	1238
358	1064
320	1083
389	1029
346	1135
367	1186
364	1228
318	1316
348	1251
341	1350
275	1190
362	933
318	1052
315	1040
328	1112
330	1170
278	1148
302	1112
295	1144
304	1049
340	1073
291	1143
306	1230
328	1224
348	1055
267	1082
284	1123
306	1123
316	1175
364	950
328	971
316	1029
310	1080
300	1040
332	1165
300	996
288	950
321	1150
323	1180
341	1085
322	1130
311	1218
316	1140
309	997
338	969
293	966
289	1083
289	1050
330	990
319	1078
321	975
306	1228
287	1192
302	1208
313	1126
307	995
310	969
312	1012
298	1147
302	1172
275	1206
301	1350
298	1262
347	1392
285	1303
316	1217
317	1025
308	958
308	987
336	1027
337	1195
305	1352
347	1330
324	1359
327	1449
296	1461
311	1248
279	1062
326	1085
343	1115
313	1105
295	1172
337	1214
302	1387
314	1265
314	1269
318	1254
313	1251
300	1215
320	1229
299	1172
318	1349
314	1319
313	1334
303	1358
316	1312
323	1113
280	1220
335	1032
307	1019
270	1230
313	1186
321	1174
344	1236
312	1293
323	1374
296	1211
296	1302
343	1604
333	1416
305	1469
343	1197
309	1177
309	1256
321	1192
316	1079
326	1126
330	1179
321	1197
340	1157
282	1229
265	1275
309	1385
281	1632
305	1673
319	1676
300	1589
341	1868
345	1550
350	1405
307	1427
321	1389
311	1616
323	1396
359	1364
386	1391
380	2015
333	2130
309	1994
352	1238
326	1048
349	1186
351	1220
389	1266
359	1565
380	1325
334	1361
316	1370
335	1248
356	1306
348	2165
377	2587
396	2293
379	3257
326	2344
352	2838
377	3509
353	2935
354	2767
344	2778
367	2940
361	1524
366	1325
339	1170
377	1249
344	1133
331	1301
321	1309
350	1237
331	1111
344	1076
325	1178
267	1221
352	1220
294	1213
320	1220
325	1096
325	1242
313	1250
306	1206
352	1275
351	1327
369	1449
361	1537
336	1410
364	1125
327	1412
288	1532
323	1380
319	1345
369	1190
350	1365
362	1616
386	1433
339	1536
360	1638
374	1716
355	1537
360	1294
355	1216
367	1606
355	1682
389	1670
352	1614
394	1509
357	1941
383	2249
351	2054
382	2045
347	2012
357	1674
374	2198
379	2379
370	2388
429	2470
421	2753
420	2868
387	2761
423	2527
375	2498
405	2664
425	3027
388	2703
394	2562
386	2246
383	2571
404	2345
360	2152
397	1616
365	1649
383	1751
376	1927
340	2011
339	2115
358	2392
404	2478
427	3060
398	2882
323	2393
411	2244
379	2305
371	2069
342	1414
384	1399
379	1472
374	1320
382	1471
350	1775
390	1357
390	1322
349	1272
378	1388
340	1236
352	1221
348	1354
344	1236
373	1253
356	1188
375	1142
370	1021
402	878
376	1026
348	1010
383	1106
378	1182
402	1127
371	1291
361	1084
400	1054
364	1214
392	1213
413	1232
395	1086
394	945
396	1015
354	1056
377	1203
388	1112
386	1259
399	1145
363	1016
410	1034
386	1015
419	1044
403	1120
406	1013
398	1119
335	1190
411	1098
411	1141
420	1288
392	1244
400	1247
391	1112
414	991
359	1124
419	1127
432	1167
433	1258
412	1253
428	1210
438	1284
405	1280
394	986
414	1054
382	913
425	1167
408	1078
419	1100
399	1034
458	1056
461	1248
435	1120
408	1282
406	1226
464	1296
426	1244
373	1185
402	1143
367	1177
426	1280
431	1207
417	1119
408	1209
425	1243
421	1148
395	1209
387	1258
421	1106
401	1203
401	1278
417	1268
416	1265
436	1133
438	1255
377	1027
391	1133
421	1315
429	1257
406	1279
411	1173
399	1229
439	1282
421	1231
427	1292
434	1027
446	1259
491	1279
450	1123
500	1031
514	1157
562	1203
628	1185
692	1224
619	1144
577	1066
682	1251
738	1232
628	1098
642	1256
678	1095
679	1152
704	1027
710	1152
704	1060
704	1295
703	1131
734	1115
807	1183
826	1298
779	1235
768	1426
852	1457
855	1384
841	1600
839	1408
781	1528
972	1459
994	1701
976	1675
997	1660
910	1473
1013	1508
1101	1728
1159	1760
1112	1836
1141	1841
1351	1828
1647	2383
1790	2658
1723	2649
1648	2627
1978	3266
2763	5019
3324	5998
3332	6199
3008	5603
3222	5688
3285	6502
3784	7053
3612	6907
3480	6415
3486	6775
4233	8444
4797	9851
4821	9899
4781	10093
4796	10207
5118	10126
5132	10247
5182	10084
5135	9921
5138	9688
4951	9079
5338	9451
5396	9165
5324	8741
5521	8717
5697	8985
5826	9516
6273	10185
6471	11057
6653	11254
6589	11907
6686	11901
6408	12261
6703	12349
6707	12486
6688	12444
6142	12045
5603	11055
5121	10184
5095	10124
5199	10053
4723	8956
4345	7482
3915	6519
3988	6492
3676	6300
3538	5441
3129	4720
2833	3846
3062	3847
2932	4067
2739	3606
2635	2942
2473	2287
2476	2104
2553	2155
2668	2330
2574	2165
2447	2268
2463	2454
2296	2393
2155	2089
2251	2259
2317	2367
2176	2191
1816	2121
1853	2016
1833	4191
1903	7675
1902	4069
1837	2324
1966	1864
2029	1980
2104	2079
2001	2028
1968	1983
1986	1928
1891	1829
1919	1773
1767	1799
1926	1737
1989	1894
1944	1779
1678	1550
1430	1547
1228	1522
1087	1389
1083	1498
1093	1464
922	1338
900	1244
840	1389
945	1340
951	1314
827	1486
772	1420
800	1446
806	1551
715	1349
660	1332
562	1333
521	1464
507	1439
491	1437
455	1256
452	1224
416	1340
405	1385
451	1383
382	1400
448	1515
416	1327
405	1415
418	1419
384	1385
395	1465
410	1163
475	1412
458	1523
477	1535
448	1466
527	1575
528	1816
496	1596
475	1697
517	1731
524	1700
518	1524
514	1742
541	1761
538	1703
527	1815
477	1806
507	1846
469	1849
496	1495
429	1405
398	1408
429	1341
397	1409
426	1601
347	1591
359	1390
364	1459
364	1316
358	1513
354	1358
384	1227
325	1407
338	1467
314	1389
370	1362
335	1350
367	1516
315	1411
334	1279
329	1203
359	1205
373	1389
323	1281
333	1387
335	1205
315	1029
299	1204
347	1286
322	1191
354	1022
318	1186
324	1115
352	1147
344	1137
313	1262
272	1236
344	1052
300	1266
307	1164
299	1263
315	1110
307	1144
309	1160
301	1170
334	1126
281	1253
264	1251
299	1404
302	1532
273	1568
308	1321
314	1454
275	1712
311	1358
305	1316
276	1436
268	1298
265	1257
290	1703
310	1636
291	1532
304	1846
301	1897
288	1936
316	1806
318	2119
295	2099
325	2048
316	1671
346	1658
307	1384
272	1404
287	1362
342	1211
313	1305
284	1273
286	1181
305	1165
314	1204
293	1336
305	1334
267	1232
304	1217
302	1285
292	1161
278	1187
283	1261
310	1236
263	1095
283	1228
277	1165
294	1278
296	1326
324	1370
261	1480
303	1453
313	1217
268	1245
301	1107
282	929
301	997
288	1194
298	1017
327	1013
308	1148
278	1174
277	1231
298	1196
285	1035
314	1147
293	1072
256	1041
290	1176
306	1350
279	1261
324	1148
318	1221
327	1212
278	1282
301	1215
282	1255
306	1368
303	1242
339	1216
329	1179
335	1137
364	1341
344	1153
347	1211
360	1163
330	1177
359	1110
377	1116
350	1149
323	1101
351	1213
313	1038
346	1062
353	1020
330	1130
351	1121
311	1063
395	1234
346	1141
345	1211
365	1138
370	1082
335	1153
331	1180
356	1225
342	1088
312	1025
298	1188
364	1101
321	1204
354	994
359	1066
355	1091
366	1004
353	1170
317	1148
352	1206
333	1141
394	1158
362	1166
363	1195
329	1175
303	1294
350	1419
344	1257
321	1181
303	1013
313	1250
312	1133
348	1152
307	1205
337	1213
328	1196
276	1113
348	1243
297	1209
324	1234
312	1260
329	1282
310	1094
313	1148
330	1127
351	1200
352	1156
357	1022
327	1047
339	1246
333	1128
289	1138
340	1256
275	1162
273	1163
290	1095
301	1181
301	1105
289	1318
259	1315
283	1189
297	1177
305	1173
290	1260
280	1217
309	1077
311	905
304	955
295	1133
306	1184
313	1180
323	1198
273	986
310	1230
285	1074
288	1202
333	1271
286	1207
370	1233
305	1156
321	1217
321	1243
325	1201
307	994
369	1091
267	1152
323	1252
283	1157
334	1007
328	1053
292	996
300	1164
298	1031
327	1013
325	987
305	1029
302	1256
341	1277
319	1116
317	1124
291	1169
335	1049
350	1146
314	1139
344	1203
305	1060
323	1036
331	1101
303	1012
321	986
285	1067
323	1048
319	958
340	1023
299	1035
366	961
266	1013
298	1014
309	888
306	985
321	1248
297	1241
265	1086
314	1061
353	1150
320	1128
328	1178
315	1202
341	1276
337	1042
278	1158
300	1073
346	1173
347	1192
301	931
299	1020
304	1270
281	1138
262	1120
343	1095
331	921
305	1012
323	975
314	971
255	1144
297	1133
343	1270
341	1249
300	1323
313	1013
323	1049
306	1077
308	1015
323	989
350	1053
291	1084
313	1288
298	1199
311	1122
306	1064
345	1047
333	1289
320	1179
366	1165
314	1149
337	1254
323	1303
315	1122
322	999
343	1186
343	1088
360	1049
302	1141
318	1061
309	951
323	1065
353	1083
298	1135
273	1243
309	1214
326	1039
308	1008
312	1142
342	1166
304	1092
320	1290
325	1127
329	1092
338	1073
331	1116
303	1169
293	1360
357	1291
359	1122
352	1017
304	1032
291	1063
350	1122
337	1117
350	1253
331	1278
333	1155
342	1303
299	1422
345	1266
342	1150
385	1147
350	1303
366	1279
373	1220
326	1169
315	1233
310	1010
336	984
322	969
324	975
333	888
320	1010
291	1173
310	1008
295	966
332	1013
312	965
346	1020
320	894
361	910
331	999
350	1107
303	1042
285	1046
358	1054
371	1070
337	1206
318	1099
350	1045
350	1240
325	1082
346	1316
349	1169
301	1035
304	1226
316	1008
320	1022
323	1106
330	1339
360	1245
339	1287
300	1328
290	1251
327	1204
301	1291
335	1080
317	1164
368	1240
314	1164
308	1341
316	1126
293	986
336	942
338	932
293	1027
325	1136
311	1216
326	1218
320	1111
324	1147
362	1254
327	1132
285	1020
314	872
341	947
313	1004
304	924
307	951
308	1033
370	1195
338	1196
364	1233
325	1085
311	1150
321	1155
291	1263
327	1077
311	1236
387	1243
314	1289
338	1180
318	1185
345	1431
282	1172
307	1163
333	1134
339	1229
335	1132
319	1087
314	1011
307	1087
335	1111
300	1412
295	1313
278	1103
297	1208
346	1229
336	1220
348	1113
332	1185
329	1519
384	1265
414	1287
412	1217
443	1215
465	1137
528	1210
492	1221
468	1235
492	1371
502	1460
617	1584
598	1437
618	1376
537	1367
606	1440
616	1532
669	1489
673	1321
675	1514
633	1590
635	1698
674	1543
668	1413
602	1504
552	1611
600	1529
559	1612
611	1626
586	1474
616	1439
665	1642
700	1688
792	1740
827	1721
828	1647
905	1762
748	1847
814	1523
778	1580
740	1567
661	1528
635	1479
593	1376
558	1454
554	1358
571	1354
653	1482
666	1474
721	1393
782	1402
820	1344
799	1479
772	1646
738	1525
765	1369
684	1425
668	1454
572	1404
565	1441
522	1241
570	1365
544	1260
464	1299
467	1170
534	1146
535	1254
494	1328
579	1366
550	1275
516	1367
523	1421
449	1485
420	1578
361	1430
401	1485
360	1333
354	1456
337	1431
359	1358
343	1299
389	1288
413	1292
421	1298
453	1407
427	1542
371	1554
368	1555
462	1654
787	1688
933	2259
988	2573
967	2772
833	2878
822	3029
831	3350
873	3015
790	2441
685	2003
608	2169
592	2319
515	1854
569	1653
628	2041
549	2166
480	1661
454	1644
499	1677
438	1681
444	1512
386	1580
381	1371
333	1348
388	1386
343	1299
325	1310
369	1233
359	1200
334	1249
311	1218
381	1166
316	1150
292	1175
339	1101
355	1098
351	1113
335	1293
292	1138
335	1211
301	1146
319	1149
274	1295
339	1297
359	1156
301	1141
316	1196
312	1184
312	1023
303	1067
323	996
304	1053
315	1168
315	1357
273	1170
264	1067
295	1147
329	1075
299	1023
304	1068
284	1037
321	1140
313	993
330	1111
292	1066
294	1035
311	1071
345	1266
345	1150
314	1198
297	1120
331	1077
335	1109
315	1127
355	961
324	970
345	954
314	1068
301	987
316	1130
315	1251
309	1080
308	1115
342	1172
335	963
388	1199
321	992
320	1013
322	834
322	1040
276	922
286	896
298	987
286	1034
329	1131
327	1117
352	1033
335	865
302	840
300	955
319	1068
345	995
318	1114
308	1161
284	1168
346	1022
291	1104
346	1238
306	1014
318	921
324	959
295	1023
317	987
334	1096
339	1309
350	1142
341	1190
351	1069
338	1052
319	1095
324	1061
322	1326
352	1284
374	1188
395	1264
371	1254
334	1299
363	1413
357	1439
350	1252
330	1186
323	1402
352	1202
324	1141
337	1291
378	1148
332	1074
335	1166
294	1376
308	1064
303	1087
311	1227
327	1180
282	1153
309	1023
318	1177
305	1007
316	1109
335	1068
334	998
279	1116
290	968
300	1006
302	1072
316	1096
292	1190
334	1110
317	1060
310	1000
344	1021
325	968
327	1029
334	1026
357	1119
324	1323
366	1103
327	1114
323	1168
349	1096
347	1127
315	1090
403	1146
353	931
386	1115
374	1063
378	1001
358	1046
355	899
358	1052
446	1170
362	1094
408	1105
444	1124
480	964
411	1095
473	1013
484	1141
464	1189
431	1108
457	1045
476	1129
431	1202
457	1219
431	1054
432	1257
441	1220
454	1134
447	1130
383	1112
426	1156
419	1252
375	1350
410	1116
391	1166
373	1293
365	1849
406	1829
398	1723
402	1497
387	1596
368	2026
338	1382
371	1381
378	1269
370	1564
381	1328
384	1359
358	1345
391	1052
347	1200
328	1281
346	1244
372	1265
371	1143
335	1070
310	1078
392	1059
320	1256
316	1096
313	959
290	1296
307	1213
327	1258
310	1518
344	1604
320	1238
300	1276
309	1182
279	1055
327	1181
330	1325
320	1204
317	1434
284	1448
314	1416
310	1597
300	1393
297	1429
305	1344
333	1544
337	1591
304	1426
285	1413
320	1283
334	1175
307	959
293	1130
297	999
310	1034
310	1007
304	1196
293	1260
300	1313
305	1198
312	1159
297	1104
285	1013
325	1166
303	1177
336	1160
287	1127
308	1190
328	1076
315	1030
337	1131
314	1158
339	1193
288	1178
345	1285
328	1305
387	1100
324	1222
272	1345
323	1123
335	1205
323	1064
324	1091
303	1226
302	1110
307	1060
319	1243
294	1127
328	1133
348	1093
329	1151
354	1306
344	1362
347	1217
322	1027
330	1089
330	1112
333	1144
316	1074
295	1138
361	1221
383	1401
350	1308
304	1196
331	1267
338	1338
353	1143
349	1194
337	1173
330	1237
310	1208
294	1075
310	1106
337	1008
326	1073
338	1195
382	1315
372	1302
365	1226
326	1422
325	1268
347	1308
352	1158
328	1143
273	1129
345	1102
321	1193
341	1290
352	1080
335	1235
367	1151
359	1061
331	1040
291	1239
369	1316
338	1174
326	1219
379	1145
386	1221
365	1166
332	1210
361	1293
415	1243
344	1169
379	1348
325	1182
335	1185
401	1262
384	1072
417	1339
353	1245
388	1195
397	1164
387	1104
394	1187
372	1377
339	1280
347	1425
326	1147
309	1205
327	1221
347	1100
329	1287
373	1204
367	1109
387	1211
366	1181
387	1411
344	1242
359	1229
371	1253
353	1172
399	1158
397	1325
372	1294
389	1135
375	1180
420	1197
423	1236
402	1231
358	1294
362	1333
367	1269
414	1301
411	1319
356	1277
425	1207
441	1374
437	1237
380	1105
385	1112
386	1203
380	1264
435	1321
409	1234
435	1260
440	1390
395	1187
373	1178
401	1312
433	1293
426	1196
396	1336
466	1237
417	1190
431	1101
431	1177
458	1059
476	1129
464	1338
453	1177
450	1276
465	1296
466	1196
436	1386
464	1272
477	1162
508	1303
478	1210
531	1332
474	1491
484	1408
483	1458
490	1507
523	1470
491	1423
526	1423
507	1277
507	1146
479	1396
519	1399
527	1631
558	1464
526	1524
474	1573
495	1599
471	1594
487	1425
515	1406
380	1289
430	1345
419	1245
464	1381
508	1454
453	1365
474	1571
531	1453
576	1431
552	1355
559	1427
584	1472
575	1352
519	1481
533	1251
555	1267
482	1323
538	1441
500	1450
521	1375
493	1423
440	1597
444	1429
459	1408
491	1235
447	1278
550	1293
532	1126
535	1229
516	1202
478	1123
554	1439
514	1365
576	1441
567	1383
553	1294
576	1419
483	1406
479	1368
502	1371
477	1325
457	1499
456	1383
424	1374
466	1402
422	1174
431	1317
480	1331
520	1254
499	1384
463	1357
502	1348
525	1218
534	1147
517	1281
504	1315
512	1225
470	1233
406	1208
464	1357
469	1303
450	1250
395	1297
427	1287
430	1489
437	1203
450	1360
434	1273
502	1300
392	1133
499	1376
434	1480
494	1667
459	1423
427	1438
479	1613
422	1293
486	1595
389	1341
415	1434
386	1429
406	1456
373	1425
414	1424
423	1529
387	1523
431	1441
423	1549
454	1387
378	1383
462	1572
421	2301
442	2423
400	2036
407	1747
421	1586
455	1543
311	1686
400	2916
362	1530
351	1652
385	1399
386	1498
440	1475
342	1369
345	1386
336	1435
352	1281
315	1436
433	1541
389	1262
393	1180
363	1185
352	1142
356	1182
344	1198
367	1054
347	1207
340	1027
351	1029
361	1091
339	1220
308	1202
349	1299
304	1253
352	1045
324	1166
316	1131
339	1097
323	1090
342	1226
277	1146
323	1249
343	1115
302	1121
292	1201
346	1249
291	1144
299	1128
340	1199
327	893
312	1168
339	1232
347	1027
317	1399
310	1185
286	1209
289	1187
303	1164
285	1196
333	953
290	1192
315	1142
298	1288
308	1236
329	1086
295	970
331	1022
288	1065
323	1147
314	1162
321	1318
335	1323
301	1393
300	1233
289	1226
297	1138
295	1238
292	1051
308	1236
287	1250
258	1358
297	1058
326	1054
306	1131
313	1074
349	1061
317	1093
350	1045
284	994
285	1032
275	959
291	1132
281	1260
298	1180
327	1196
272	1274
306	1227
321	1131
296	1093
283	1032
311	1109
300	1121
311	1082
300	987
283	1159
304	1008
306	1055
312	997
314	1008
343	1165
301	1100
303	1159
322	1149
309	1259
346	1095
308	1026
278	1115
295	1135
322	990
359	1123
296	1217
278	1035
287	1172
334	990
274	1053
319	1153
314	1121
302	1168
332	1261
308	1100
324	1035
320	968
304	1138
298	1188
316	1224
295	1158
297	1026
285	1148
354	1172
303	1095
314	1020
315	1181
330	1183
308	1012
317	1172
301	1050
333	1076
317	1201
314	1184
275	1248
277	1097
346	1210
340	1420
339	1470
312	1387
355	1620
308	1770
333	2008
370	2251
324	1755
331	1544
351	1856
365	1821
320	1731
353	1807
328	1253
301	1349
307	1681
288	1505
286	1193
360	1374
337	1341
323	1468
346	1456
325	1507
301	1536
369	1368
322	1332
307	1300
322	1401
369	1219
333	1280
358	1542
342	1575
344	1659
351	1388
381	1663
358	1390
332	1554
343	1463
339	1275
363	1553
332	1303
335	1226
342	1250
331	1221
354	1218
314	1094
331	1182
297	1612
310	1894
331	1325
334	1348
336	2528
333	2211
320	1390
363	2224
418	3550
356	2347
337	2045
400	2138
324	1835
345	2286
379	1799
376	1720
372	1697
342	1871
331	1960
399	2092
385	2104
353	1507
377	1323
332	1318
341	1687
376	1639
338	1635
348	1619
389	1755
379	1608
341	1676
365	1722
411	1655
435	1426
396	1349
474	1441
483	1521
478	1579
506	1554
468	1593
562	1832
535	1982
600	2230
552	2231
478	2023
530	1880
545	2054
559	1943
565	1977
595	1902
598	2051
644	2175
631	2194
718	2237
704	2091
654	2123
703	2227
558	2135
520	1804
500	1712
533	1556
505	1479
497	1626
493	1592
520	1548
510	1650
516	1641
496	1413
474	1501
484	1452
490	1351
452	1327
403	1323
470	1284
446	1207
450	1313
449	1486
396	1364
420	1028
406	1254
411	1174
447	1068
409	1218
403	1051
387	1260
377	1264
409	1148
406	1116
343	1041
351	1105
346	1151
321	1187
375	1300
334	992
343	1121
387	1309
409	1250
331	1081
332	1229
352	1244
356	1149
315	1222
354	1211
355	1341
338	1236
307	1371
334	1331
352	1181
355	1047
298	1276
327	1285
320	1387
322	1346
363	1373
371	1541
342	1458
341	1383
345	1371
307	1304
338	1233
386	1242
356	1176
367	1123
349	1417
317	1122
365	947
353	933
356	1058
353	1212
335	1202
354	1263
349	1264
372	1100
336	1135
373	1067
333	1082
317	1265
320	1134
279	1103
357	1023
333	1184
358	1145
337	1215
321	1257
351	1048
321	1068
337	1015
333	998
310	1039
370	1050
363	1005
325	1088
353	1162
367	1325
343	1093
351	1120
362	1161
362	1191
331	1225
360	1233
351	1249
335	1198
318	976
316	1002
349	1230
321	1441
347	2364
389	2321
364	1798
355	1780
364	1762
353	1404
368	1643
356	1780
394	1468
297	1391
378	1619
393	2395
351	2262
385	2953
407	3385
420	4951
361	2395
360	2374
375	2776
350	2831
392	2965
354	2473
368	1268
354	1716
323	1750
366	2308
341	1665
388	1388
376	1230
349	1233
323	1403
346	1321
379	1079
343	992
317	979
333	1007
334	1007
326	962
325	1033
336	1056
337	1078
320	1238
348	1163
357	1136
349	1225
300	1016
356	1066
338	1081
373	1094
358	1052
330	1136
365	1171
342	1113
404	1208
386	1343
388	1376
381	1279
355	1353
348	1322
334	1314
404	1254
342	1094
328	1156
344	1165
359	1037
355	1086
335	1065
343	1130
394	1150
364	1118
346	1052
356	1053
367	1217
348	1192
355	1292
345	1299
370	1285
366	1271
346	1242
326	1201
331	1395
339	1262
335	1099
333	1238
294	1270
336	1096
323	1198
349	1317
341	1220
353	1143
355	1276
351	1207
335	1265
396	1162
413	1310
379	1147
348	1122
376	1110
360	987
337	985
318	1001
332	993
353	1005
331	954
341	1180
347	1061
322	1017
307	869
304	985
328	1086
314	1093
341	1012
362	1227
338	1226
340	1220
282	1143
326	1194
333	1077
341	890
316	919
349	1012
325	1135
314	1358
343	1153
318	1053
330	1088
306	1040
359	1095
342	997
333	1105
332	1020
335	993
348	933
349	1110
307	1046
334	1201
331	1111
363	1116
315	1090
355	1081
338	980
354	1232
334	1231
345	1097
316	1056
323	991
320	1141
345	930
363	1015
327	1053
375	986
375	1010
346	1023
318	980
346	1104
343	1103
304	945
317	841
347	749
357	871
324	1070
359	1024
320	1064
374	1066
323	1065
329	1109
343	1224
316	1044
322	1154
314	1169
353	1124
356	1002
373	1362
371	1065
371	1087
375	1246
358	1272
350	1270
331	1241
356	1254
297	1144
352	1044
301	1049
336	1273
335	1288
301	1254
299	1199
311	1106
343	1082
329	1073
382	926
355	1208
367	1131
364	1128
357	988
361	944
357	1074
349	1173
373	1138
382	1193
349	1038
364	1122
327	1112
347	1073
348	1215
329	1140
305	1029
333	1192
343	1264
357	1528
335	1369
329	1449
366	1263
348	1104
304	1314
324	1299
340	1313
340	1295
334	1402
346	1363
351	1093
328	1004
347	1076
305	921
322	948
357	1028
330	1048
306	930
319	914
342	1158
321	1119
334	1071
270	1134
297	1046
323	1168
287	1150
300	1274
331	1064
313	1157
314	1194
337	1154
342	1163
297	1206
304	1107
335	1188
318	1181
311	1297
269	1194
224	1046
280	1139
286	1035
290	1064
298	1082
293	980
286	1120
298	1097
271	1255
264	1175
283	1312
282	1090
302	1028
303	1081
263	1035
316	1114
260	975
283	1067
344	1208
294	1015
309	995
287	979
276	1012
270	1077
295	964
277	837
292	1296
283	1075
300	1354
290	1184
283	1144
311	1091
274	1270
270	1049
268	1141
303	1059
283	954
294	1085
266	1052
320	1033
327	921
322	1088
256	1193
295	1088
272	1202
293	1233
297	1100
299	1078
261	1129
279	1124
257	1175
290	1269
294	1292
286	1321
262	1213
302	1142
311	1036
298	966
328	1098
278	945
259	1078
281	1082
278	967
293	948
260	1087
295	923
270	929
299	1127
319	1025
291	1154
253	1133
292	1121
285	1245
295	1080
284	1114
294	1094
285	1180
292	1219
303	1128
295	1259
333	1291
275	1067
332	1221
337	1098
326	1130
275	1184
277	1067
282	970
327	1019
297	1068
341	1244
320	1206
298	1195
287	1190
302	1100
312	1296
304	1250
260	1149
306	1006
257	1155
293	1198
325	1185
253	1186
328	1203
270	1271
275	1327
263	1386
277	1383
329	1296
338	1171
307	1373
311	1242
288	1030
309	1044
326	1068
378	1107
361	978
366	1140
421	1223
444	1260
424	1146
357	1020
373	1222
366	1174
339	1386
305	1326
314	1271
333	1143
296	1143
289	1038
312	1171
317	1112
283	1231
306	1212
345	1140
331	1346
362	1446
318	1237
337	1221
323	1351
352	1322
332	1520
346	1325
341	1310
316	1431
330	1355
315	1241
342	1238
329	1273
333	1302
338	1196
339	1355
346	1155
318	1432
339	1277
347	1149
333	1499
334	1283
294	1298
314	1280
345	1418
319	1357
328	1387
346	1566
307	1485
291	1505
303	1623
340	1470
381	1501
328	1166
308	1222
357	1336
304	1370
351	1412
364	1449
311	1577
324	1525
335	1349
394	1190
340	1216
328	1247
386	1218
320	1296
347	1378
341	1328
325	1352
382	1468
347	1446
427	1358
385	1495
361	1598
384	1827
399	1556
380	1578
367	1552
397	1565
387	1546
359	1589
356	1633
373	1460
349	1414
363	1339
344	1266
359	1329
390	1494
396	1425
376	1380
333	1280
331	1268
344	1421
324	1372
309	1566
354	1400
371	1406
373	1510
361	1532
359	1498
331	1322
360	1461
357	1560
388	1426
339	1317
339	1363
316	1220
334	1327
322	1397
320	1237
347	1333
368	1319
337	1253
304	1243
398	1204
293	1385
381	1395
356	1388
326	1387
355	1358
348	1356
326	1349
370	1336
384	1179
369	1061
372	1070
362	997
372	1082
385	965
395	1001
383	934
352	1004
392	1078
390	1186
360	1206
372	1203
400	1387
354	2120
327	2107
359	2093
330	2355
377	2017
364	2192
366	2437
373	2434
366	2196
397	1606
375	1196
368	1246
342	1163
394	1649
380	1696
387	1489
328	1186
342	1156
358	1279
370	1404
296	1370
303	1178
364	1336
338	1514
303	1520
317	1343
335	1447
331	1167
368	1159
344	1306
352	1356
363	1365
327	1175
395	1288
376	1111
349	1046
324	1289
310	1455
358	1384
380	1237
346	1333
354	1356
321	1283
312	1416
296	1197
341	1080
299	1152
299	1088
353	1306
327	1357
413	1475
368	1550
341	1360
390	1318
402	1300
361	1319
322	1294
352	1212
354	1243
347	1245
383	1335
329	1234
360	1174
378	1329
337	1368
362	1168
355	1189
338	1304
357	1467
383	1114
330	1221
324	1241
394	1212
360	1124
379	1277
389	1193
328	1118
345	1190
382	1305
329	1190
312	1174
335	1226
292	1184
347	1439
319	1462
316	1823
379	2412
375	3540
389	4765
372	2983
335	1473
330	1265
431	1365
405	1180
376	1286
341	1185
370	1107
364	1146
357	1219
325	1067
348	1244
337	1134
320	1190
380	1462
314	1498
345	1243
369	1233
332	1031
363	1150
355	1214
389	1194
383	1228
365	1354
335	1445
376	1137
395	1236
319	1158
360	1201
364	1309
405	1247
396	1206
390	1278
371	1216
397	1314
417	1306
402	1471
400	1499
364	1446
472	1369
437	1409
474	1473
498	1663
576	1499
552	1464
564	1459
594	1323
547	1527
552	1569
509	1375
543	1254
497	1302
499	1311
503	1256
523	1421
514	1398
445	1291
499	1236
478	1209
478	1221
464	1239
471	1289
486	1542
452	1495
408	1561
477	1377
486	1524
429	1383
411	1380
406	1507
416	1324
414	1303
366	1306
386	1465
363	1331
401	1131
372	1156
398	1166
385	1190
364	1286
389	1367
350	1398
322	1290
315	1327
361	1450
323	1443
346	1332
323	1620
333	1440
361	1617
345	1386
348	1354
371	1187
343	1230
345	1404
311	1349
364	1467
385	1299
342	1258
362	1207
337	1160
292	1141
366	1148
338	1267
317	1208
330	1253
314	1206
322	1177
317	1201
332	1255
294	1240
285	1188
292	1337
302	1129
336	1135
334	1149
331	1197
344	1339
306	1132
337	1110
327	1274
314	1248
294	1355
305	1318
288	1249
321	1216
328	1272
324	1104
318	1236
339	1118
309	1070
303	1137
331	1231
322	1255
352	1242
355	1259
417	1441
350	1314
373	1152
355	1210
361	1280
390	1182
422	982
380	1012
334	1112
353	1041
354	970
377	1103
374	1243
367	1034
365	1134
412	1209
488	1238
518	1159
458	1142
525	1104
571	1281
597	1355
605	1427
548	1352
534	1323
501	1376
509	1393
412	1302
406	1242
382	1046
437	1331
465	1268
390	1369
496	1326
499	1266
445	1378
518	1328
477	1378
527	1429
468	1402
483	1277
455	1307
384	1148
400	1010
381	1026
399	1081
375	1046
308	1002
367	1016
330	1080
355	1095
372	1121
334	1116
302	1081
352	1025
344	1080
306	1220
323	1302
318	1152
353	960
267	1051
309	1055
335	1147
291	972
321	1104
331	1107
304	1058
331	1251
252	1245
312	1331
312	1228
306	1180
288	1293
290	1209
334	1181
336	1104
264	1080
288	1494
324	1233
310	1166
256	1147
301	1244
317	1177
284	1108
282	1043
270	1271
261	1083
285	1225
293	1259
279	1190
280	1273
300	1281
335	1236
299	1235
273	1175
319	1292
312	1182
281	1241
284	1245
306	1186
317	1339
293	1175
296	1342
296	1301
325	1107
269	1015
259	1101
292	1123
271	921
290	1000
265	1211
319	1148
296	1232
286	1469
316	1352
315	1433
338	1342
324	1475
288	1420
306	1235
337	1270
307	1336
306	1371
317	1393
306	1475
329	1273
309	1314
333	1320
307	1309
299	1130
302	1150
299	1247
297	1319
287	1302
279	1216
286	1148
266	1198
317	1154
297	1166
264	967
297	1079
308	1291
283	980
274	1011
274	1137
297	1127
272	1329
272	1278
300	1246
308	1238
294	1216
294	1094
268	1163
275	1220
276	1024
276	1051
259	942
313	1035
290	1140
248	983
289	1118
289	1188
302	1306
301	1147
300	1179
284	1293
288	1256
303	1185
345	1185
313	1137
306	1145
280	1138
282	1147
272	1193
325	1139
309	1111
309	1072
316	1202
315	1291
309	1286
305	1271
279	1081
279	1276
320	1066
267	1146
287	1275
295	1320
281	1130
275	1158
291	1123
317	1123
329	1033
268	1125
285	1206
318	1216
301	1115
318	1170
302	1056
274	1158
286	1200
289	1315
262	1407
301	1282
294	1398
284	1135
294	1287
316	1121
276	1063
310	1217
317	1142
286	1117
292	990
296	925
271	959
258	1027
276	1196
299	1141
285	1126
273	1027
290	1134
293	1121
341	1041
317	1066
304	1122
313	1175
257	1110
308	1320
323	1248
316	1177
309	1187
256	1347
294	1392
333	1391
288	1148
277	1230
294	1247
307	1288
331	1514
345	1426
333	1534
319	1824
344	1563
315	1427
309	1437
363	1794
323	2159
350	2835
341	2610
330	1745
359	1857
344	2483
420	2756
390	2792
331	2541
393	2481
371	1982
390	1660
331	1740
336	1579
338	1730
327	1639
299	1654
371	1670
389	1422
368	1474
385	1551
374	1409
347	1279
371	1482
352	1685
367	1687
370	1712
391	1527
378	1615
382	1787
419	1990
383	1894
424	1832
390	1533
375	1413
347	1450
356	1701
390	1558
335	1522
343	1373
401	1502
386	1547
400	1456
364	1247
377	1290
380	1429
370	1559
389	1585
365	1568
400	1605
337	1578
411	1722
403	1783
357	1566
354	1281
382	1514
363	1464
405	1341
410	1537
416	1783
427	2331
421	2716
437	4869
512	6927
481	8670
528	9665
555	10663
654	12279
603	11500
570	10754
623	10138
572	8858
574	7089
509	5562
531	4369
572	3927
518	4577
565	4420
496	3748
480	3163
471	2991
455	3499
446	3382
473	3131
475	2773
436	2705
449	2036
421	2066
433	2294
433	2015
422	1503
390	1497
420	1461
502	1631
414	1439
415	1315
410	1195
459	1394
383	1456
429	1215
388	1107
338	1060
389	1088
363	1156
347	1122
333	1019
397	1064
354	1055
390	985
379	1025
325	1024
349	1083
366	987
375	1043
366	989
342	1170
348	1065
343	1062
337	961
318	1108
326	974
294	1138
337	1160
388	1377
318	1337
363	1215
294	1238
310	1106
347	1137
332	1104
293	1038
281	1069
302	1152
291	1069
317	1111
312	1109
311	1045
264	1153
238	1255
307	1111
283	1030
285	1078
288	1024
343	1100
295	1124
312	1094
287	993
302	1056
271	1016
294	919
307	1105
283	962
287	978
322	931
307	981
274	1035
256	931
304	1014
315	1026
300	941
330	1211
304	1116
266	1183
327	1043
327	1051
277	1085
342	1065
272	1141
285	1015
301	1248
297	1049
287	1038
291	1098
284	1060
290	970
283	944
320	1072
288	1053
285	1003
264	1064
278	982
268	1052
291	1048
291	1231
320	1119
302	1125
313	1137
269	1205
303	1145
306	1083
311	1264
285	1212
329	1028
309	1235
262	1198
296	1062
260	1010
291	890
308	1037
264	1022
299	1169
340	1001
290	1064
288	1190
341	1223
324	1140
301	1254
309	1187
327	1202
332	1273
360	1395
316	1230
352	1292
352	1246
380	1050
313	1082
313	1181
327	1095
336	1046
358	1139
344	1067
305	1290
296	1217
368	1257
343	1233
337	1338
336	1288
357	1271
364	1243
406	1273
368	1238
391	1186
383	1290
375	1258
377	1205
380	1208
332	1191
342	1359
333	1243
347	1315
350	1215
362	1260
396	1388
441	1224
438	1232
420	1099
460	1262
513	1184
497	1138
499	1172
494	1227
502	1260
516	1365
513	1176
551	1196
484	1365
492	1322
523	1310
509	1435
480	1365
444	1449
446	1383
432	1252
519	1352
515	1409
588	1421
571	1747
637	1645
579	1527
606	1272
554	1379
576	1423
504	1303
653	1294
576	1478
630	1370
556	1421
559	1332
563	1435
569	1613
590	1599
590	1568
617	1389
665	1488
692	1261
718	1378
718	1287
695	1235
773	1125
699	1233
720	1136
671	1372
725	1239
678	1255
753	1245
733	1234
708	1285
688	1333
730	1432
665	1401
574	1470
662	1487
691	1492
716	1405
774	1396
751	1281
743	1457
693	1281
700	1189
689	1343
795	1342
741	1332
742	1389
695	1474
730	1571
682	1546
629	1406
625	1429
618	1421
608	1531
551	1378
613	1329
607	1688
617	1659
614	1898
649	1919
697	2109
728	1753
704	1463
812	1562
730	1597
771	1396
733	1275
688	1337
779	1386
724	1288
606	1446
584	1476
494	1320
549	1321
471	1208
552	1208
532	1224
538	1232
578	1335
636	1252
668	1183
548	1067
713	1148
661	1268
586	1282
604	1502
527	1456
486	1249
477	1292
461	1275
379	1235
376	1277
403	1253
395	1242
389	1203
377	1237
373	1231
393	1298
356	1329
375	1180
398	1288
410	1342
382	1452
362	1292
433	1122
419	1062
367	1152
390	1186
416	1114
361	1231
359	1272
357	1041
358	1138
368	1206
348	1112
343	1095
364	1076
338	1011
334	1081
318	1086
333	1105
356	1082
344	1176
313	1213
365	1305
329	1222
290	1415
349	1312
341	1368
331	1160
301	1206
349	1367
323	1221
348	1218
333	1388
345	1527
320	1764
382	1774
389	1722
351	1603
389	1530
313	1304
391	1369
334	1498
366	1347
378	1315
336	1356
345	1157
338	1170
366	1251
364	1266
295	1272
280	1209
388	1265
354	1195
373	1203
357	1024
326	1166
339	1319
333	1115
384	1175
330	1074
389	1012
379	1289
352	1146
346	1322
359	1188
401	1146
358	1235
383	1058
309	1248
330	1205
343	1385
355	1261
314	1366
373	1433
378	1685
398	2234
408	2089
420	2204
385	2043
417	2829
457	3474
416	3442
412	2987
427	2489
371	2449
406	2158
458	2215
413	2202
448	3064
455	4942
445	4020
431	3012
410	1927
409	1838
429	1866
402	1997
431	2467
448	2318
432	2406
498	2364
486	2730
475	2636
461	2675
461	2183
445	2249
439	2076
467	2345
461	2139
473	2371
430	1981
418	1994
433	2038
401	2210
482	2335
502	2173
523	2292
582	2187
531	2408
645	2232
609	2248
619	2299
605	2325
683	1990
607	2214
668	2192
689	2188
740	2232
735	2504
797	2797
886	2786
889	2724
898	2616
934	2774
936	3175
1106	3176
1092	3054
974	2866
899	2773
1003	3208
1097	3403
1090	4121
1060	4022
1015	4026
1060	3715
1112	3531
1099	2916
1228	2962
1297	2698
1333	2566
1423	2535
1633	2279
1701	2359
1750	2296
1653	2402
1690	2224
1678	2250
1488	2064
1375	1912
1287	2063
1148	1971
1093	1927
1022	1831
1079	1935
1022	1806
1088	1818
1237	1942
1349	2051
1406	2115
1512	2229
1676	2220
1815	2166
1906	2492
1849	2327
1808	2390
1676	2400
1674	2326
1632	2216
1491	2209
1290	2351
1158	2168
1089	2216
1079	2140
1046	2075
1085	2237
1157	2183
1210	2461
1233	2342
1412	2396
1697	2548
1716	2630
1892	2819
1994	2873
1972	2516
1791	2389
1676	2615
1399	2186
1224	2128
1113	2069
953	1969
920	1911
782	1841
821	1922
756	1820
804	1943
872	1891
917	2136
913	2135
1012	1906
1010	1998
1031	2049
1001	1955
1107	1983
922	1908
823	1793
784	1710
769	1692
743	1539
690	1598
712	1737
666	1420
647	1550
677	1545
619	1382
638	1368
575	1301
521	1325
469	1471
504	1443
426	1566
412	1548
397	1517
430	1521
373	1402
389	1370
348	1451
406	1600
410	1482
390	1309
390	1406
372	1454
365	1457
390	1307
355	1403
345	1207
368	1387
341	1364
328	1404
347	1314
370	1542
334	1318
345	1108
353	1342
353	1287
315	1200
346	1285
308	1140
337	1113
376	1210
340	1251
360	1435
341	1759
363	1630
361	1829
396	1920
379	1742
331	1655
350	1697
343	1614
332	1558
356	1571
328	1638
351	1414
365	1298
332	1536
357	1372
335	1388
322	1388
366	1332
353	1481
341	1331
364	1338
339	1223
354	1219
352	1267
290	1205
364	1154
314	1118
336	1211
337	1036
305	1139
315	1103
307	1010
304	1032
348	1201
297	1114
321	1124
318	1336
304	1108
310	1248
357	1254
329	1011
367	1094
317	1068
339	1037
302	1063
309	1018
322	1086
292	1132
313	1121
344	1053
344	1134
328	1104
311	1006
318	1113
354	1044
371	1285
320	1180
381	1168
326	1411
358	1131
335	1083
300	1331
330	1071
330	1017
367	1072
354	1171
365	1230
324	1142
339	1218
304	1278
338	1412
346	1265
287	1151
337	1226
364	1224
354	1321
341	1285
340	1141
368	1271
376	1306
350	1311
345	1460
360	1492
409	1549
403	1267
365	1245
393	1172
355	1129
352	1141
362	1265
388	1241
355	1277
339	1314
333	1144
364	1256
391	1299
372	1458
411	1567
468	1601
450	1428
433	1556
452	1242
488	1345
420	1404
388	1464
396	1513
393	1655
402	1513
380	1415
386	1404
343	1329
378	1412
405	1273
405	1314
403	1271
360	1320
379	1347
358	1444
343	1343
358	1286
333	1279
313	1477
341	1468
356	1390
353	1487
331	1480
366	1349
339	1299
310	1167
349	1134
317	1201
323	1365
334	1205
325	1401
357	1264
325	1227
340	1143
376	1309
326	1404
343	1364
308	1237
315	1254
386	1317
381	1173
357	1530
351	1260
346	1163
314	1297
323	1472
283	1298
325	1106
370	1192
355	1084
329	1208
302	1202
319	1222
367	1078
306	1115
372	1230
332	1155
350	1062
343	1127
315	1094
323	1025
291	1064
352	1252
327	1159
297	1193
320	1107
350	1250
346	1176
368	1264
317	1080
367	1201
332	1233
304	1309
315	1333
296	1309
287	1092
331	936
309	957
334	1021
322	1141
319	1187
350	1020
348	1104
323	1262
308	1159
337	1078
347	1073
333	1134
304	1005
303	1241
353	1203
349	1155
307	1170
312	1212
309	1197
320	1426
307	1286
330	1319
350	1430
346	1434
288	1291
338	1290
320	1201
335	1365
305	1258
317	1175
281	1245
337	1305
319	1333
343	1255
332	1456
316	1328
347	1245
352	1157
312	1134
336	1145
354	1172
343	1019
310	1234
295	1229
328	1142
338	1179
297	1096
315	1171
345	1452
330	1214
306	1170
326	1190
367	1316
335	1195
318	1152
260	1347
307	1292
298	1191
315	1047
306	1062
322	1113
315	1123
320	1272
296	1255
311	1241
311	1367
315	1481
304	1374
339	1150
337	1569
309	1520
321	1434
332	1350
311	1220
311	1117
328	1205
313	960
325	1005
312	1178
329	1223
341	1157
363	1191
354	1213
362	1309
362	1095
366	1201
347	1263
309	1491
337	1652
380	1394
344	1390
347	1544
278	1310
349	1169
323	1356
325	1403
308	1479
320	1391
322	1416
309	1434
304	1410
339	1274
369	1374
302	1295
344	1242
314	1258
339	1437
347	1391
359	1404
338	1387
380	1648
337	1606
327	1839
369	1731
316	1592
288	1433
316	1490
290	1205
300	1132
360	1115
308	1101
346	1423
303	1291
333	1237
332	1177
325	1113
317	1158
335	1112
314	1208
355	1205
318	1261
333	1217
292	1191
320	1168
328	1054
311	1053
310	1164
328	1045
320	1080
277	1103
331	1094
349	1313
325	1291
335	1156
316	1029
358	1343
337	1623
321	1606
352	1853
358	1839
329	1851
321	1896
340	1855
346	1690
326	1724
290	1705
358	1653
331	1457
317	1341
324	1138
340	1286
301	1249
296	1589
354	1376
376	1722
320	1576
314	1297
344	1207
372	1485
330	1217
350	1187
329	1132
347	1315
350	1410
321	1489
309	1489
322	1223
311	1223
332	1313
351	1145
312	1081
277	1276
360	1243
318	1364
346	1360
372	1334
348	1481
378	1355
340	1199
345	1291
362	1152
369	1254
342	1312
344	1278
379	1167
358	1329
327	1315
363	1288
349	1166
376	1229
386	1101
336	1243
339	1219
371	1134
351	1264
347	1132
363	1111
378	1270
323	1349
385	1117
345	1200
394	1264
377	1315
341	1216
372	1186
326	1017
342	1080
333	1218
367	1228
333	1161
352	1022
319	1232
320	1048
320	1021
287	928
354	1162
335	1216
321	1190
354	1200
364	1139
319	1177
316	1108
317	975
324	1163
351	1184
361	1223
342	1285
364	1137
351	1228
324	1281
345	1210
313	1168
299	1195
324	1164
312	1110
362	1183
342	1054
333	1226
331	1267
327	1146
320	1185
326	1114
296	1048
346	1247
323	1098
331	1053
338	1005
283	1004
346	1097
304	1078
305	1058
365	1043
307	986
321	1120
320	1114
318	1279
328	1296
336	1290
374	1197
334	1070
362	1180
334	1069
375	1230
322	1267
325	1226
324	1246
313	1186
330	1098
334	1160
336	1163
338	1306
320	1322
298	1317
332	1476
343	1142
333	1382
345	1148
346	1247
353	1159
294	950
330	1022
337	940
329	1150
352	1072
338	1024
314	1101
340	1069
345	1025
368	1118
347	969
347	1066
345	1006
322	1114
383	1058
382	1079
327	1120
361	1210
361	1144
381	1263
371	1100
320	1053
360	1075
380	994
325	1079
417	1015
321	1072
325	1117
421	1229
309	990
346	1065
373	1105
375	1102
354	1178
384	1313
342	1298
387	1182
372	1081
360	1177
386	1272
408	1064
390	1112
385	1226
388	1226
420	1172
473	1320
462	1454
459	1414
428	1265
404	1474
382	1223
396	1087
430	1210
394	1110
395	1163
389	1233
394	1200
423	1044
372	1190
417	1156
401	1102
345	1206
379	1225
362	1261
386	1272
384	1258
383	1181
361	1108
392	1268
436	1246
431	1277
426	1325
419	1444
431	1357
392	1385
429	1323
409	1422
440	1186
432	1125
425	1255
400	1292
398	1387
366	1316
430	1353
403	1443
475	2785
431	1801
442	1508
470	1658
466	1502
497	1770
507	1988
550	2266
455	1841
497	1889
485	3176
447	3496
464	2639
459	2723
429	2434
449	2330
439	1775
415	1627
450	1567
422	1652
460	2003
475	2073
488	2263
515	1992
506	2082
492	2141
493	2022
555	1956
486	1980
523	2115
462	2156
516	2073
468	2166
473	2231
453	2326
447	2279
468	2453
459	2246
458	2297
537	2410
477	2411
500	2020
516	1889
490	1662
489	1493
494	1767
491	1612
499	1601
462	1624
458	1650
475	1768
488	2005
485	2077
464	1662
457	1496
443	1260
401	1336
430	1380
457	1487
462	1373
426	1304
431	1481
439	1539
507	1494
433	1481
414	1526
483	1687
457	1436
527	1490
466	1514
444	1488
456	1388
429	1270
403	1194
430	1254
385	1270
414	1224
396	1054
394	1193
485	1112
439	1421
438	1195
418	1276
446	1369
396	1241
425	1259
416	1221
388	1155
380	1199
404	1371
364	1145
436	1317
377	1222
421	1118
362	1093
361	1302
366	1241
361	1291
368	1333
361	1198
373	1303
387	1259
361	1446
424	1443
390	1363
402	1478
406	1355
387	1345
406	1407
406	1142
407	1141
354	1051
353	1045
393	1176
338	1112
410	1140
341	1266
362	1295
418	1132
393	1304
382	1238
357	1211
371	1219
365	1225
360	1258
401	1665
393	2511
400	2797
373	2147
383	2247
384	5201
475	6518
420	5538
384	5674
436	4975
469	9985
556	13582
498	14206
525	8822
460	6052
404	5381
427	5786
458	6482
472	6659
460	6598
383	3017
354	2567
367	2580
357	2853
396	2585
440	2895
372	2265
347	1115
360	1284
335	1368
344	1294
313	1069
323	1137
336	1291
363	1264
338	1294
358	1112
304	1080
310	1147
311	1170
314	1274
351	1171
343	1178
342	1110
322	992
329	1026
318	1043
312	1400
311	1121
340	1220
287	1152
381	1352
334	1333
326	1156
309	1215
288	1015
325	1143
331	1282
319	1179
315	1588
296	1264
339	1215
336	1186
298	1161
334	1163
286	1234
328	1200
307	1176
304	1049
331	1092
322	1265
308	1113
301	1122
300	1082
285	1019
294	1130
279	1123
323	1097
293	1160
325	1188
310	1265
278	1071
299	1137
275	1082
272	1086
288	1333
296	1619
308	2303
315	1528
332	2556
353	3093
289	2244
287	1627
321	1549
319	1996
310	1650
251	1417
264	1300
264	1145
285	1193
331	1118
295	1085
278	965
286	1201
260	1142
314	1002
296	1052
265	965
298	1167
272	1042
297	1307
321	1313
325	1164
284	1226
292	1269
269	1168
281	1350
295	1173
273	1298
279	1171
268	1187
299	1019
294	1354
274	1435
280	1206
257	1041
297	1228
265	1258
276	1218
290	1108
296	1269
271	1172
310	1113
336	1150
300	1300
282	1167
275	1244
282	1272
349	1261
270	1087
261	1236
287	1202
318	1169
309	1280
285	1181
334	1257
297	1364
291	1243
319	1025
306	1152
271	1242
280	1099
346	1102
279	1266
280	1214
280	1345
278	1092
305	976
300	1016
284	1076
305	1232
277	1004
302	1017
275	919
290	954
300	977
331	1061
302	974
301	1006
279	1013
281	1115
279	1126
306	1063
330	1252
301	1114
291	1167
303	1051
307	961
296	1102
321	1422
319	1298
297	1150
302	1117
249	1031
285	1132
297	952
313	1101
300	1100
303	1042
346	961
319	1059
272	1001
286	1227
337	1117
298	1299
271	1309
304	1158
304	1195
303	1052
285	1180
294	1052
302	1025
284	995
306	1387
309	1095
269	1073
320	1161
308	1119
314	1376
280	1225
300	1350
308	1187
306	1156
283	1213
308	1232
372	1125
323	1224
318	1249
315	1187
354	1143
301	1130
314	1222
276	1024
328	998
320	1025
317	1026
349	1108
360	1237
376	1379
377	1218
371	1399
362	1318
406	1423
352	1255
332	1178
313	1270
359	1328
350	1280
358	1365
379	1585
361	1625
391	1785
363	2048
333	1675
338	1295
360	1270
379	1476
395	1554
421	1599
367	1667
363	1414
398	1485
409	1672
424	1737
394	1688
405	2297
451	2555
435	2840
427	4103
482	5601
461	6273
491	7201
491	5643
425	4057
418	4709
503	7135
492	6473
400	3578
452	4613
440	3956
437	3354
486	2633
446	1920
409	1591
424	1275
411	1529
461	1453
433	1385
416	1562
432	1462
418	1331
411	1536
402	1500
375	1477
384	1701
403	1724
399	1506
364	1640
345	2029
365	1885
372	1744
384	1875
447	1685
403	1810
429	1638
373	1649
381	1498
423	1543
416	1537
410	1609
374	1468
403	1572
359	1478
351	1512
331	1378
364	1278
368	1264
316	1309
352	1111
313	1308
313	1338
328	1430
333	1342
314	1282
345	1205
359	1203
343	1263
378	1136
366	1282
331	1214
324	1117
333	1177
319	1266
340	1397
394	1309
331	1224
363	1150
341	1231
317	1280
368	1231
362	1333
363	1352
335	1301
366	1309
332	1441
373	1208
332	1219
355	1231
348	1164
368	1192
307	1263
316	1318
344	1409
311	1386
333	1306
291	1278
332	1244
319	1307
306	1183
296	1204
334	1350
279	1149
332	1036
285	1234
329	1308
305	1334
278	1215
339	1220
312	1254
330	1306
347	1290
333	1224
284	1142
311	1107
329	1072
287	1130
330	1083
284	891
312	904
282	1090
338	1212
336	1081
338	1326
303	1242
307	1243
278	1175
283	1085
318	1050
321	914
294	1156
282	1016
270	968
316	1140
332	1201
298	1062
325	1074
300	1090
276	1109
271	1194
284	1070
308	1142
315	1050
307	1069
326	1170
295	1204
287	980
266	1042
289	998
338	1141
308	990
340	1256
277	1241
296	1169
288	1213
294	1092
295	1189
294	1132
309	1108
311	1051
293	1097
297	971
324	1145
324	1234
266	1193
306	1113
288	1147
328	1363
333	1087
297	1293
276	1268
319	1352
326	1218
310	1198
252	946
322	1023
341	1009
294	1076
320	1129
329	1124
325	1210
356	1514
324	1174
361	1007
314	1098
344	1113
390	1058
365	1158
395	1011
339	1073
342	1117
351	1301
331	1061
329	1134
318	1114
316	1096
340	1223
324	1180
354	990
325	1079
334	991
359	1237
331	1268
295	1188
343	1130
318	1122
325	1094
337	1192
316	1038
342	1000
317	1171
273	1361
300	1188
305	1191
325	1122
309	969
333	983
315	1098
270	911
286	989
298	1099
271	1091
282	1245
292	1245
270	1087
321	1127
276	1177
298	851
304	1083
252	1040
279	1155
291	961
295	1025
286	1035
281	971
294	929
320	960
262	890
277	1119
274	1149
309	1077
303	992
326	1156
351	1243
355	1558
322	1442
329	1360
271	1166
315	1218
317	1238
284	1172
286	1176
309	1046
309	1326
318	1410
292	1366
317	1120
319	1326
336	1261
314	2089
308	1976
358	2671
313	2841
397	2687
353	3024
300	2472
365	2244
357	1998
351	1827
341	1832
279	1311
336	1841
350	2475
343	2119
351	2020
379	2027
352	1380
313	1601
337	1860
335	1466
313	1360
311	1322
318	1407
337	1480
333	1473
305	1284
338	970
316	1068
301	1121
290	1224
278	1122
270	1163
350	1074
342	996
303	944
297	1057
333	1192
306	1176
342	1088
323	1189
299	1057
321	1131
324	1232
370	1257
342	1114
300	986
300	1200
274	1198
332	1034
344	1045
303	1132
317	1050
324	1224
343	1306
319	1433
318	1165
301	1368
315	1137
295	1031
313	1213
388	1175
314	1223
315	1193
281	1182
271	1104
290	1212
309	1217
306	1247
319	1109
311	1091
301	1439
285	1323
318	1172
349	1253
331	909
288	1247
287	1392
313	1464
325	1719
348	1858
308	2581
344	2153
314	2392
384	3146
354	2506
349	2228
321	2045
354	2656
399	2862
363	2898
424	3551
422	4720
378	3080
287	2133
336	1941
345	1778
323	1604
298	1477
332	1695
340	1373
292	1201
358	1335
364	1672
355	1741
398	2057
419	1813
389	1702
356	1509
409	1885
365	1942
354	2262
373	2728
458	4061
522	5634
500	6161
434	4863
451	4751
461	5147
475	4938
507	4046
564	4027
505	3516
487	2858
462	2087
493	1538
457	1628
536	1822
517	1578
545	1794
526	1817
594	1752
566	1788
538	1849
557	1846
589	1799
629	1883
651	1659
588	1934
640	1794
734	1708
789	2198
835	1907
764	1902
725	1789
841	1702
803	1712
858	1809
876	1893
883	1969
890	1781
983	2148
1133	2390
1232	2407
1126	2673
1103	2628
1140	2357
1149	2568
1165	2618
1210	2545
1197	2401
1239	2216
1302	2099
1289	2178
1206	2119
1192	2341
1190	2073
1176	2021
1188	1941
1144	1993
1205	2199
1300	2134
1344	2139
1231	2276
1264	2184
1214	2387
1175	2170
1097	2017
1052	1960
1032	2045
987	1887
970	1864
913	1743
866	1642
830	1577
893	1421
782	1372
788	1473
730	1397
628	1670
660	1637
743	1584
765	1717
630	1520
537	1470
486	1589
632	1437
565	1446
534	1593
510	1494
485	1639
480	1429
480	1301
424	1150
437	1131
412	1322
480	1529
401	1509
441	1374
391	1395
372	1425
407	1260
365	1285
375	1286
374	1208
348	1296
405	1337
395	1368
344	1454
351	1467
397	1486
338	1280
349	1230
337	1156
383	1105
339	1255
358	1181
381	1270
378	1409
388	1232
347	1357
413	1395
391	1925
395	2114
382	2538
414	2970
377	2402
378	2465
387	2195
417	2262
425	2628
404	3090
447	2944
374	2456
414	2970
399	2134
412	2492
399	2252
449	2109
427	2305
419	2276
445	2061
400	1754
426	1649
407	1837
397	1709
382	1196
363	1235
367	1577
410	1551
370	1717
374	1384
407	1400
374	1405
421	1449
353	1346
358	1151
301	1165
386	1190
369	1172
357	1049
368	1190
385	1312
344	1311
359	1364
365	1349
384	1436
344	1356
328	1513
344	1178
337	1173
359	1486
379	1461
363	1581
325	1520
339	1539
354	1454
361	1515
401	1331
364	1139
362	1253
352	1212
353	1364
347	1563
326	1371
419	1541
370	1536
360	1714
404	1793
352	1964
441	1733
426	1657
379	1755
368	1536
374	1461
385	1444
307	1315
368	1342
352	1379
335	1153
355	1470
314	1265
362	1263
366	1281
378	1243
349	1336
326	1280
418	1387
390	1322
402	1491
382	1391
400	1524
390	1605
350	1909
375	1617
381	1608
371	1345
384	1417
412	1297
411	1492
383	1339
378	1268
382	1326
384	1266
335	1358
426	1423
378	1504
432	1343
420	1703
391	1629
401	1473
413	1518
410	1432
388	1205
397	1215
429	1424
377	1374
359	1288
365	1267
339	1172
355	1335
334	1491
347	1263
334	1276
329	1245
344	1223
324	1318
320	1372
337	1325
374	1167
318	996
336	1003
365	1013
310	999
360	1067
331	954
338	1051
314	1054
330	904
293	965
308	1250
332	1198
318	1070
311	1144
365	1138
318	1150
282	1280
353	1061
307	1119
317	1044
291	1146
283	1103
287	1143
313	994
302	1064
307	1101
293	1075
300	1011
288	991
329	1245
299	1149
291	1110
320	977
325	1098
309	1440
353	1089
328	1140
341	1132
329	993
377	1111
342	1009
378	1032
318	1001
339	1040
339	1095
321	1122
321	1113
316	1198
310	1240
319	1102
304	1144
335	1168
287	1234
257	1190
292	1192
275	1205
292	1104
263	1185
263	998
298	949
288	1203
336	1355
342	1205
307	1313
286	1272
276	1493
318	1702
307	1656
283	1489
290	1418
313	1698
308	1528
307	1420
279	1221
314	1259
300	1181
333	1095
303	1005
289	1027
283	971
274	968
277	929
279	971
297	1084
305	1325
304	1226
301	1130
314	1370
269	1233
283	1258
289	1273
280	1247
280	1109
294	1172
317	1052
270	1041
331	1113
277	1158
306	1075
298	1002
272	1082
280	1095
273	1044
285	1025
289	1059
353	889
296	959
310	929
323	956
330	1069
324	1097
333	1080
273	1014
281	1100
292	1054
316	930
339	1072
320	1029
342	1146
301	1243
311	1143
372	1096
370	1290
362	1221
399	1116
427	1431
458	1346
426	1576
462	1525
489	1659
504	1707
565	1792
637	2034
599	1892
546	1726
641	1967
682	2561
767	3033
733	3058
676	2375
783	2483
848	2678
1053	3299
1217	5420
1188	5442
1205	5111
1657	9532
2243	13280
2265	13743
2107	12318
2178	14007
2495	14637
2719	14163
2851	13493
2728	13355
2727	12250
2756	10768
2635	9048
2447	7714
2299	7363
2359	7090
2242	6646
2043	6225
1892	5688
1718	5718
1838	6146
1736	6266
1312	5388
1030	3676
997	3642
1034	3530
849	3069
631	2327
526	2125
476	2102
564	2149
550	2125
516	1851
467	1581
438	1447
463	1428
424	1233
459	1276
401	1132
378	1203
383	1262
387	1086
364	1196
359	1080
330	1033
338	926
312	857
318	918
310	1061
301	1243
311	1079
314	1165
346	1331
337	1273
337	1121
287	1141
272	1261
306	1285
341	1117
303	991
309	1035
304	900
307	941
314	975
314	998
298	1147
282	1212
286	1122
291	1267
288	1202
295	1214
303	989
302	1170
291	1293
334	1148
316	1289
318	1423
293	1240
311	1051
295	1177
296	1271
307	1135
304	1124
299	1067
312	1254
274	1087
306	1245
304	1296
289	1294
303	1278
304	1145
312	956
308	1096
271	1140
281	1229
300	1103
281	1035
303	1101
281	1092
275	917
305	1019
300	1261
270	1099
306	982
308	986
296	1069
276	1166
291	1248
291	1138
284	1117
271	1207
305	1371
330	1550
319	1514
296	1439
282	1314
313	1288
315	1214
301	1257
356	1185
304	1207
335	1197
334	1078
307	1160
320	1188
303	1212
252	1291
345	1124
294	1329
292	1233
322	1259
288	1094
287	1167
331	1131
298	1061
327	1008
269	1051
267	1142
302	1207
268	1299
310	1260
316	1178
351	1433
361	1290
320	1342
342	1493
339	1388
304	1339
281	1162
303	1017
307	1139
313	1201
314	1076
294	1108
308	1196
310	1188
313	1149
355	1058
322	934
301	1166
301	1033
304	1014
347	1113
309	1082
323	1117
296	1040
327	1164
329	1189
337	1545
297	1568
346	1503
350	1423
327	1616
345	1522
300	1313
315	1350
330	1216
337	1149
357	1160
334	1247
313	1362
338	1301
329	1238
302	1196
312	1351
327	1185
275	1076
302	1145
333	1081
301	959
290	1122
313	1193
307	1225
315	1130
344	1113
315	1034
308	1457
331	1297
344	1444
319	1608
364	1479
331	1440
336	1430
357	1288
320	1232
314	1154
310	1211
324	1190
293	1231
344	1269
328	1163
322	1204
300	1144
298	1171
312	1154
297	1273
271	1154
280	1156
321	1229
281	1156
306	1159
300	1152
304	1198
309	1147
302	1270
278	1256
327	1172
289	1076
295	1035
331	1013
319	1255
311	995
335	1199
328	1206
322	1241
335	1262
316	1326
329	1395
333	1129
305	1067
345	1215
268	1091
339	1149
334	1113
367	1142
358	1127
339	1146
336	1154
346	1087
373	1041
329	1113
297	1098
312	1204
315	1174
344	1109
351	1093
351	1241
339	1259
380	1214
297	1254
298	1207
305	1205
306	1223
307	1279
330	1303
298	1220
327	1008
309	1112
322	1058
326	1267
344	1313
310	1168
341	1035
327	1162
312	1213
341	1141
363	1079
344	1095
326	1104
319	1102
357	881
333	991
336	1003
346	1143
388	1153
322	1304
373	1147
314	1286
385	1133
357	1262
322	1320
327	1246
292	1160
300	1100
303	1049
379	1002
293	918
310	1017
340	1022
321	1061
306	1188
358	1103
364	1148
330	1075
329	1076
334	1261
331	1097
350	1102
380	1154
352	1084
353	957
392	1131
429	1048
402	1073
389	911
443	999
409	954
453	1147
464	1200
453	1285
503	1403
624	1347
564	1215
561	1164
512	1226
558	1165
543	1251
563	1342
496	1189
503	1362
454	1217
529	1460
469	1402
472	1273
473	1404
464	1585
382	1587
385	1513
419	1346
383	1450
386	1420
370	1357
331	1356
400	1295
363	1345
350	1449
363	1110
375	1369
351	1441
411	1492
388	1425
374	1418
382	1317
416	1346
368	1240
375	1454
363	1382
351	1379
395	1441
359	1087
378	1227
378	1428
370	1325
356	1247
323	1324
345	1219
384	1237
363	1240
335	1235
363	1170
366	1286
368	1211
386	1144
377	1255
389	1135
368	1126
357	1023
397	1248
410	1315
353	1369
397	1125
311	1180
314	1242
302	1162
367	1159
334	1246
380	1401
359	1127
376	1211
344	1146
350	1102
385	1124
357	1320
356	1104
374	1025
342	1053
368	1116
342	1195
348	1238
380	1086
349	1123
356	943
321	969
337	912
367	1072
331	1247
318	1237
334	1308
341	1219
309	1114
316	999
344	1142
357	1163
344	1353
310	1113
358	1153
307	1118
334	1017
328	1144
304	1063
317	1103
340	868
349	991
305	1031
309	1054
295	1146
312	1108
345	1024
353	1123
309	1132
316	1127
318	1146
301	1106
334	1096
281	1030
333	1006
324	1027
334	1053
328	1102
337	1089
315	1169
343	1035
322	1116
328	1211
358	1060
329	1068
314	1088
372	977
316	1105
391	1317
346	1152
327	1141
329	1146
355	953
372	1213
355	1100
366	1133
309	1162
357	1237
314	1253
335	1211
347	1168
317	1203
350	1017
361	1153
374	1095
348	1191
368	1074
317	967
355	1154
342	1168
341	1064
391	1161
339	1038
327	1062
338	1063
304	1097
328	1341
334	1571
325	1892
356	1876
338	2586
342	1898
328	2411
341	2072
323	1991
334	1861
389	3177
357	4319
347	3509
360	1908
302	1618
383	2486
390	3176
338	3106
340	2004
316	1267
368	1972
322	1147
326	1256
304	1174
335	1209
335	1184
324	1081
312	1063
315	1086
382	1229
338	1201
355	1157
306	1342
389	1195
373	1335
325	1428
328	1482
315	1461
322	1468
315	1173
338	1255
340	1275
321	1178
363	1163
344	1126
306	1053
313	1162
331	1217
371	1116
308	1099
329	1108
329	1253
349	994
352	1175
335	1146
344	1257
313	1030
325	1128
325	1258
330	1041
334	1107
325	1055
350	1034
305	1190
321	1105
355	1117
323	1397
331	1163
330	1050
305	1022
358	1071
323	1112
330	1254
328	1207
339	1246
349	1147
326	1225
321	1205
315	1063
335	1143
324	1165
306	1302
307	1230
302	1188
330	1101
325	1186
298	1082
293	1076
320	1090
301	1222
315	1092
311	1157
290	1105
319	1188
300	1135
339	1255
344	1096
324	1066
311	998
335	1197
324	1212
307	1215
278	1417
320	1380
317	1354
367	1235
322	1557
323	1301
319	1416
315	1478
311	1359
329	1315
305	1159
324	1151
364	1213
362	1225
355	1390
353	1155
339	1155
330	1241
304	1121
353	1180
326	1026
297	1148
318	1142
303	1043
303	1133
322	1402
308	1252
303	981
288	1032
297	1143
286	1225
300	1126
297	1042
299	1138
322	1038
317	1156
270	1100
300	1103
280	1135
279	1154
344	1172
315	1082
329	1006
324	1106
284	1009
322	1028
318	1132
323	1160
310	1032
308	1180
305	1151
286	1141
303	1132
358	1107
339	1080
382	1038
336	1069
317	1088
363	1202
314	1325
329	1660
294	1334
367	1446
293	1409
337	1199
310	1378
309	1012
324	1043
302	1077
294	1206
303	1258
311	1226
302	1184
337	1256
345	1357
303	1305
306	1087
289	1069
314	1098
336	1037
345	1320
319	1127
294	1111
313	1163
308	1144
330	1241
292	1128
305	1111
303	1096
333	1187
269	1321
284	1236
339	1087
322	1331
332	1256
364	1180
303	1040
301	983
308	1055
271	986
313	1014
272	891
266	946
284	1102
302	1019
284	1092
336	976
297	1073
307	1056
300	942
279	1151
318	1227
277	1257
280	1195
344	1193
283	1166
293	1047
272	1055
315	1169
305	1223
299	1071
265	1115
300	1189
336	1265
265	1215
311	1161
281	1185
321	1308
298	1459
307	1311
317	1323
293	1317
307	1207
315	1295
325	1239
252	1036
291	1012
298	1081
289	1069
271	1165
331	1204
292	1088
323	1103
291	1143
305	1169
303	1115
340	1102
347	1136
315	1142
333	1093
347	1204
319	1083
373	1182
364	1151
331	1070
310	1003
305	1039
273	963
310	1039
319	1192
337	1198
304	1316
313	1262
333	1037
341	1177
336	1095
369	1076
353	1018
354	1053
334	1271
318	1201
309	1127
329	1194
349	1087
310	1038
305	1413
282	1390
316	1101
287	1045
287	1035
295	1021
320	1108
324	1081
324	962
287	1091
267	1169
325	1403
292	1347
291	1288
272	1119
305	1144
312	844
318	1093
317	1190
285	1068
281	1097
295	938
299	1236
278	1238
302	1194
313	1374
332	1893
303	1125
330	1134
286	1149
298	1059
283	1200
330	1160
326	1151
287	1104
331	946
319	1073
330	1107
335	1100
281	1154
351	1114
327	1071
296	1219
301	1152
312	993
339	1063
340	920
358	1080
355	1247
347	1231
353	1009
344	1118
403	1163
352	1200
406	1347
372	1179
427	1212
398	974
400	1221
480	1235
404	1300
461	1244
474	1183
479	1152
508	1311
417	1170
459	1445
413	1465
435	1241
544	1302
425	1321
456	1202
412	1231
413	1319
386	1293
460	1079
444	1092
482	1289
499	1283
565	1587
563	1349
601	1224
625	1284
697	1434
744	1291
749	1369
758	1375
720	1336
665	1356
627	1300
625	1363
548	1238
509	1216
510	1168
518	1208
556	1250
571	1263
520	1198
588	1354
707	1343
702	1308
770	1352
857	1213
883	1358
945	1307
1023	1355
963	1428
923	1485
783	1212
728	1232
731	1372
677	1507
647	1415
617	1534
573	1441
545	1340
607	1131
606	1227
643	1392
659	1437
706	1584
754	1640
876	1728
984	1712
1027	1734
977	1806
1115	1732
1074	1800
992	1865
979	1870
934	1832
818	1666
735	1602
716	1594
667	1396
708	1501
680	1430
662	1320
693	1599
763	1534
762	1500
887	1452
965	1512
954	1539
1027	1660
1068	1611
1080	1681
1082	1559
1091	1611
1027	1805
1035	1677
882	1516
850	1371
815	1289
815	1349
797	1272
737	1387
687	1277
815	1303
815	1287
842	1280
866	1467
939	1441
1024	1385
1031	1701
1092	1419
1072	1548
1040	1441
1054	1514
976	1302
1042	1368
949	1298
924	1438
814	1269
769	1431
792	1431
697	1545
748	1438
695	1456
750	1370
738	1359
765	1245
778	1307
663	1455
660	1493
618	1436
683	1463
674	1506
611	1532
531	1614
578	1503
625	1282
581	1570
564	1479
525	1392
487	1379
571	1283
541	1333
477	1549
439	1533
442	1436
467	1687
452	1391
383	1515
433	1384
383	1303
422	1269
406	1298
360	1122
390	1256
398	1336
421	1227
421	1342
417	1334
430	1368
400	1380
358	1514
433	1849
373	1831
360	1546
376	1514
355	1489
361	1370
372	1377
389	1336
388	1511
380	1778
414	1570
395	1434
361	1381
393	1276
411	1309
381	1424
355	1140
403	1221
424	1112
405	1375
395	1325
419	1217
447	1398
453	1231
494	1479
436	1310
427	1353
445	1324
480	1463
462	1382
447	1613
446	1691
535	1595
461	1435
441	1417
454	1272
446	1290
476	1248
463	1331
468	1282
472	1166
503	1256
471	1214
465	1265
460	1429
437	1305
428	1229
436	1317
440	1288
443	1289
476	1817
479	2775
448	2037
474	2187
488	1946
467	1582
491	1562
457	1653
461	1459
466	1521
454	1748
461	2673
466	2762
461	2613
498	2791
406	2036
409	1719
363	1472
424	1304
406	1293
416	1419
414	1334
391	1351
367	1204
381	1285
393	1293
383	1172
406	1240
388	1178
451	1227
