515	3578
525	3309
495	2597
432	2824
481	3171
520	3187
555	2947
514	2826
447	2835
548	2870
520	2663
520	2456
489	2482
502	2220
393	1712
404	1624
414	1479
475	1438
479	1368
405	1431
495	1468
520	1405
439	1358
434	1310
451	1299
507	1321
439	1274
397	1253
386	1306
426	1490
438	1807
416	1938
467	1927
527	1806
465	1543
466	1591
453	1457
476	1340
389	1495
423	1472
389	1402
375	1349
379	1345
395	1302
423	1363
498	1421
479	1488
435	1634
470	1316
469	1276
414	1078
430	1218
507	1224
508	1210
549	1437
506	1412
435	1498
381	1351
431	1248
421	1477
449	1625
408	1582
440	1489
470	1574
452	1230
506	1366
484	1322
495	1268
492	1335
434	1448
459	1537
473	1564
488	1433
435	1426
448	1336
500	1522
441	1649
485	1421
492	1332
456	1281
476	1239
502	1342
526	2207
534	1625
493	1691
495	1444
496	1500
455	1437
444	1417
458	1445
485	1328
485	1389
444	1176
432	1414
530	1643
503	1245
449	1160
498	1070
544	1199
512	1326
469	1315
517	1480
474	1476
482	1385
521	1415
520	1651
594	1596
507	1789
547	1827
578	1854
623	1637
636	1557
731	1511
703	1368
715	1354
780	1311
906	1349
1080	1599
1198	1636
1233	1689
1368	1691
1392	2052
1367	2047
1465	1946
1437	2244
1454	1959
1344	1807
1319	1868
1288	2641
1349	3083
1248	2312
1228	2153
1147	2105
1129	2044
1203	2002
1239	2077
1280	2176
1275	2399
1264	2112
1351	2119
1352	1966
1528	2092
1806	2106
1779	2268
1704	2012
1703	1825
1592	1913
1587	1823
1391	1700
1254	1736
1115	1469
1138	1577
1087	1600
1080	1572
1100	1607
1149	1585
1250	1586
1333	1640
1369	1718
1306	1822
1450	1912
1524	1826
1401	1924
1436	1908
1415	2008
1373	2010
1354	2065
1214	1775
1130	1785
1034	1790
986	1641
936	1677
944	1479
836	1348
769	1519
808	1685
848	1610
852	1644
868	1632
765	1949
839	1793
942	1918
920	2102
820	1671
702	1845
696	1648
701	1954
711	1617
765	1655
591	1385
589	1417
612	1433
542	1502
498	1627
528	1528
486	1386
515	1382
499	1190
587	1367
478	1562
552	1447
522	1289
484	1567
477	1369
543	1412
535	1357
486	1293
551	1386
510	1409
511	1449
450	1288
486	1435
425	1369
493	1239
465	1372
434	1716
481	1533
489	1335
475	1260
436	1317
442	1617
501	1550
486	1421
568	1586
507	1544
454	1355
519	1466
506	1386
463	1632
510	1754
528	1567
567	1528
514	1562
522	1216
482	1439
494	1469
552	1417
557	1610
484	1402
487	1317
411	1417
479	1431
457	1089
424	1203
486	1377
478	1385
450	1576
472	1376
466	1232
485	1320
477	1449
501	1304
494	1282
432	1290
495	1213
464	1253
516	1318
463	1336
475	1326
491	1271
552	1357
518	1296
469	1215
478	1255
462	1256
481	1271
491	1193
467	1388
528	1488
462	1487
533	1595
501	1414
455	1354
461	1489
475	1343
515	1362
503	1334
516	1340
541	1306
536	1398
489	1495
467	1465
503	1249
462	1358
451	1177
474	1374
473	1346
443	1260
437	1381
519	1391
513	1354
534	1532
490	1487
519	1534
594	1588
562	1464
574	1365
551	1422
569	1472
565	1492
619	1463
597	1532
513	1401
531	1509
559	1455
615	1477
538	1439
588	1462
622	1611
741	2674
676	3869
619	3341
674	3280
616	3187
703	4323
767	5174
762	4883
756	4485
833	4479
816	4896
857	5284
801	4618
810	4545
822	4797
944	5052
966	5642
930	5592
908	5656
799	5350
895	5166
966	4726
950	4612
883	4360
822	4148
859	3735
903	2956
893	2372
900	2434
851	2436
924	2477
852	2188
742	1972
745	1854
886	2047
899	1855
823	1746
780	1791
709	1568
699	1896
689	1806
665	1496
639	1376
640	1523
605	1407
601	1441
651	1353
616	1406
594	1409
635	1486
688	1442
682	1667
662	1507
580	1444
663	1493
582	1524
637	1556
572	1464
560	1693
643	1349
725	1344
686	1391
729	1664
788	1523
753	1418
722	1507
687	1387
650	1284
688	1378
712	1347
710	1400
720	1394
727	1363
621	1419
677	1479
660	1372
692	1318
685	1326
665	1346
663	1609
686	1553
784	1532
699	1454
723	1450
641	1615
616	1688
741	1585
646	1591
687	1682
640	1684
621	1537
618	1805
644	1788
603	1637
671	1722
589	1623
583	1454
645	1659
623	1667
624	1783
627	1791
592	1418
606	1678
648	1537
640	1724
814	5382
1068	7655
820	3908
680	1939
656	1945
754	2218
696	2025
665	1873
682	1948
658	1831
615	1502
586	1593
602	1710
618	1677
667	1734
621	1596
704	1980
622	1850
625	1962
639	1824
615	1905
624	1670
634	1660
681	1535
635	1585
696	1516
631	1630
701	1529
614	1414
653	1494
584	1450
510	1320
576	1568
533	1385
507	1254
552	1207
505	1168
508	1305
507	1252
468	1453
531	1228
553	1473
501	1398
555	1221
538	1375
545	1332
592	1350
574	1448
554	1642
597	1305
551	1535
599	1483
540	1723
552	1668
558	1721
593	1516
583	1228
562	1157
531	1531
499	1625
583	1471
528	1432
497	1330
473	1343
498	1547
502	1626
525	1587
548	1705
547	1556
470	1438
499	1586
507	1467
468	1321
496	1285
469	1409
481	1474
508	1424
503	1410
508	1669
453	1523
492	1434
529	1530
447	1603
533	1690
479	1553
533	1470
440	1515
481	1718
477	1421
460	1354
499	1436
498	1436
479	1436
560	1301
699	1304
917	1271
847	1376
1027	1602
1066	1738
965	1566
874	1744
932	1689
925	1620
991	1569
835	1464
821	1459
745	1663
833	1707
758	1593
751	1529
629	1502
658	1589
687	1561
665	1536
650	1596
526	1375
547	1327
538	1466
541	1389
499	1413
549	1453
531	1470
517	1362
473	1335
506	1436
435	1548
520	1364
491	1412
429	1437
498	1373
445	1329
499	1187
432	1363
475	1232
470	1284
490	1244
521	1293
466	1428
482	1146
449	1213
468	1261
496	1259
392	1289
444	1219
472	1387
484	1231
391	1277
401	1336
515	1234
523	1505
457	1558
462	1420
450	1354
490	1514
532	1634
536	1443
448	1155
523	1040
471	1232
482	1200
501	1328
557	1336
488	1402
500	1429
493	1237
499	1420
494	1357
514	1425
455	1388
441	1224
432	1143
482	1210
459	1243
451	1226
499	1405
481	1291
390	1274
436	1417
531	1403
547	1292
467	1437
536	1268
489	1194
501	1144
456	1189
509	1081
481	1095
412	1114
509	1425
430	1454
453	1216
448	1335
422	1304
429	1268
415	1369
481	1331
560	1444
488	1503
443	1318
482	1292
497	1478
515	1406
488	1385
483	1386
399	1323
459	1362
474	1561
453	1832
468	1626
484	1480
520	1464
518	1537
460	1315
547	1467
488	1223
518	1309
488	1298
502	1347
501	1186
474	1256
443	1299
513	1203
445	1586
464	1359
505	1164
482	1360
476	1133
473	1224
417	1227
422	1296
448	1366
465	1322
419	1405
420	1541
402	1336
407	1960
436	2433
466	2305
436	2102
430	1864
443	1513
448	1582
480	1375
432	1302
407	1302
378	1344
387	1258
409	1300
448	1229
445	1284
433	1363
412	1462
424	1390
447	1310
474	1259
486	1146
466	1200
457	1175
479	1345
505	1276
464	1213
385	1313
397	1355
410	1290
396	1423
414	1449
463	1285
423	1422
376	1488
379	1255
462	1111
439	1174
445	1281
391	1247
400	1471
392	1143
406	1360
414	1403
411	1537
420	1245
387	1237
422	1443
428	1645
422	1330
451	1448
430	1273
390	1241
398	1379
399	1337
433	1336
435	1281
413	1162
389	1214
430	1443
460	1597
413	1577
445	1345
391	1546
438	1664
427	1750
398	1474
476	1555
458	1615
428	1315
434	1351
421	1549
366	1319
395	1240
475	1163
491	1170
462	1438
490	1458
591	1442
521	1384
525	1362
538	1509
563	1414
514	1393
502	1458
509	1701
581	1625
573	1775
526	1404
558	1283
541	1344
548	1326
542	1259
521	1401
521	1355
521	1423
562	1712
575	1401
529	1371
499	1315
548	1348
550	1212
559	1274
523	1293
581	1276
599	1291
633	1397
571	1251
562	1325
515	1244
525	1416
619	1586
563	1599
575	1636
539	1484
542	1615
579	1939
571	1611
585	1540
592	1594
633	1574
617	1883
639	1812
693	2354
679	1994
618	2859
696	3295
663	4084
630	2719
616	3663
624	2361
649	2921
662	3320
591	2316
596	2689
610	3707
640	4898
638	4635
581	4659
700	10092
706	6707
705	9729
782	10550
627	5306
632	4430
745	5409
647	3273
510	2716
538	2464
573	3343
558	3911
618	8026
602	8613
541	5091
523	6901
575	6432
593	10987
675	11822
652	9746
657	12061
793	14374
1175	17541
1185	17673
1022	16868
946	16753
626	10319
581	8276
458	3029
470	1989
486	2297
464	2187
537	2202
474	2030
553	1858
479	1739
454	1968
435	1996
478	1995
463	2011
487	1753
487	1793
528	1827
492	1845
574	1842
516	2167
501	2481
464	2443
515	2132
480	2164
488	1429
390	1199
436	1481
454	1562
449	1600
421	1520
460	1568
513	1611
452	1481
433	1574
444	1687
476	1655
463	1318
500	1352
508	1444
483	1365
437	1028
487	1066
486	1185
424	1205
526	1244
517	1258
492	1253
506	1360
484	1394
476	1319
563	1409
675	1698
683	1673
741	1741
634	1890
852	2106
1023	2723
909	2467
711	1912
839	2142
1138	3525
1486	4261
1370	3693
1220	3570
1288	3407
1456	3406
1576	3311
1542	2989
1396	2261
1368	2236
1284	2228
1244	2142
1213	2248
1363	2210
1434	2453
1333	2565
1182	2565
958	2101
1202	2279
1221	2204
953	1985
747	1872
606	1787
627	2098
634	1900
562	1759
533	2152
619	2797
649	2580
628	2580
608	2532
713	3227
882	6223
1178	8429
1069	8111
1031	7384
1279	9426
1841	10329
2316	8194
2338	7873
2407	8235
2276	8598
2655	9114
2796	11374
2585	12951
2418	14105
3316	18307
4384	19512
4950	18088
4889	16316
4381	14302
4481	12197
4893	11015
5441	12604
5917	12481
5460	12665
5495	12301
5580	11274
5647	10223
5914	10242
5720	10486
6066	10493
6347	10867
6969	10909
7282	11572
7580	12138
7755	12267
8083	14179
8479	16845
8677	17524
8354	16841
8141	16250
7609	14784
7391	13449
6621	11083
6003	8959
5832	7785
5655	7182
5026	7476
4330	7651
4153	7979
4375	8178
4432	8567
4294	7985
3549	6686
2871	6053
2774	6420
2988	6412
2676	6217
2194	5786
1867	4820
1980	4400
2223	4724
2240	4487
1885	3763
1579	3272
1386	3255
1441	3190
1555	3610
1395	3127
1171	2707
1026	2684
1085	2660
1119	2925
982	2650
977	3107
910	2883
893	3006
936	2911
930	2290
941	2511
856	2643
911	2725
917	3180
938	2950
948	2195
987	2106
965	2095
917	1996
926	1957
978	2008
1082	2059
1083	1968
1068	1974
1061	2177
1086	2299
1068	2602
1192	2620
1151	2546
1141	2665
1129	2630
1223	2302
1325	2269
1412	2291
1319	2221
1330	2328
1355	2212
1295	2015
1315	1815
1335	1755
1245	1821
1310	1729
1295	1833
1322	2001
1337	1920
1270	1995
1258	1850
1299	2150
1421	1989
1495	1732
1346	1855
1400	2124
1471	2114
1438	1950
1459	1900
1430	1892
1416	2128
1406	1955
1338	2073
1374	2001
1349	2055
1377	2012
1321	2090
1351	2290
1311	2149
1400	2248
1441	2121
1410	2214
1322	1976
1313	2108
1316	2086
1242	1885
1324	1871
1161	1896
1307	1826
1255	1948
1215	1944
1338	1997
1332	2185
1237	2161
1228	2369
1260	2179
1397	2246
1251	2139
1181	1998
1168	1829
1096	1953
1142	1823
1006	1809
1004	1912
1008	1768
1088	1918
1084	1981
1039	1751
925	1569
839	1701
980	1638
924	1857
953	1741
811	1621
717	1671
645	1786
659	1566
627	1569
630	1543
539	1613
587	1637
532	1423
530	1499
553	1363
601	1535
536	1713
500	1769
520	1659
534	1826
508	1728
467	1597
564	1419
507	1596
507	1715
501	1553
487	1533
489	1598
497	1554
471	1644
443	1618
489	1631
461	1520
500	1585
470	1426
487	1506
482	1470
427	1553
432	1404
459	1243
493	1296
422	1236
476	1495
475	1377
468	1359
471	1427
479	1379
440	1373
422	1213
505	1294
489	1274
418	1493
437	1548
447	1477
504	1376
457	1497
466	1477
502	1499
476	1485
488	1340
466	1356
423	1278
404	1434
468	1473
457	1435
442	1439
430	1561
435	1331
462	1305
480	1308
524	1511
471	1476
523	1444
476	1432
463	1325
514	1440
499	1273
521	1421
529	1493
492	1596
560	1481
465	1570
470	1608
463	1439
464	1387
433	1201
438	1189
440	1352
413	1437
407	1282
433	1342
443	1610
503	1332
411	1359
459	1219
414	1049
457	1101
423	1117
415	1319
407	1231
484	1343
481	1422
460	1206
479	1300
524	1231
481	1366
457	1428
412	1418
440	1059
490	1151
458	1163
521	1077
460	1221
393	1239
399	1193
423	1304
436	1129
446	1441
435	1077
470	1098
442	1259
424	1462
447	1404
447	1354
475	1316
480	1441
508	1287
439	1215
468	1208
468	1194
511	1423
454	1342
486	1112
451	1131
466	1440
474	1404
477	1218
528	1068
469	1315
483	1186
487	1139
504	1126
537	1054
444	1095
475	1192
520	1281
528	1361
479	1243
594	1292
522	1220
550	1285
513	1187
451	1127
500	1159
539	1281
469	1263
510	1476
586	1525
522	1515
492	1559
470	1581
505	1497
476	1716
494	1789
517	1644
489	1572
502	1423
463	1469
493	1376
478	1482
475	1488
512	1409
482	1288
474	1369
507	1461
474	1589
442	1408
498	1343
478	1545
396	1420
421	1345
443	1497
415	1382
440	1329
459	1568
424	1481
410	1521
431	1466
430	1470
446	1500
452	1433
371	1281
462	1351
420	1448
428	1303
485	1160
465	1227
455	1346
456	1359
408	1262
446	1211
455	1230
409	1276
421	1208
463	1321
430	1339
400	1308
406	1121
408	1402
385	1269
401	1289
462	1205
443	1319
456	1314
412	1307
429	1310
472	1364
456	1212
384	1296
444	1237
493	1322
431	1445
461	1652
495	1470
541	1640
495	1688
491	1762
486	1827
439	1980
495	2536
504	2333
433	1853
503	1787
496	1871
448	1788
496	1586
493	1542
487	1618
520	1609
462	1639
510	1775
491	1848
435	1695
459	1952
498	2410
519	3017
449	3864
487	3603
464	3329
484	2542
485	2251
419	1773
412	2109
490	2123
470	1880
458	1461
469	1506
514	1310
499	1404
462	1275
434	1409
471	1375
433	1482
451	1406
436	1267
424	1454
453	1097
494	1293
482	1360
408	1242
447	1406
472	1186
459	1219
465	1223
417	1230
431	1267
453	1166
484	1147
440	1161
512	1076
443	1188
459	1080
453	1159
477	1340
476	1196
475	1293
452	1158
514	1313
469	1373
498	1369
503	1243
428	1149
469	1101
467	1213
489	1382
484	1310
460	1372
431	1396
461	1413
456	1104
425	1096
456	1294
449	1403
477	1227
502	1326
502	1299
518	1412
456	1291
443	1264
511	1480
454	1333
492	1296
453	1210
437	1126
461	1127
453	1197
460	1085
449	1123
451	1024
499	1218
449	980
441	1033
437	1198
456	1022
480	1273
414	1000
425	1022
421	1025
431	1193
385	1173
408	1174
415	1176
496	1156
443	1309
418	1119
411	1261
408	1387
373	1133
414	1168
431	1160
430	1262
478	1197
424	1317
414	1165
453	1197
477	1348
503	1322
421	1394
437	1308
461	1321
398	1353
424	1459
421	1362
475	1223
479	1101
437	1098
462	1219
433	1402
422	1408
432	1246
410	1314
397	1524
407	1514
409	1337
411	1121
419	1216
466	1230
432	1269
463	1399
465	1299
534	1336
497	1547
521	1375
551	1427
472	1354
510	1238
508	1187
479	1191
477	1295
436	1283
458	1179
481	1131
461	1188
459	1298
510	1278
439	1304
491	1194
493	1439
448	1394
513	1398
492	1276
500	1207
561	1556
534	1615
458	1412
517	1379
518	1468
504	1467
454	1596
408	1431
494	1556
522	1787
492	1819
493	1708
458	1582
435	1517
436	1833
490	1291
489	1995
546	2231
469	2666
471	2088
398	1583
444	1696
436	1637
484	2054
460	1385
482	1446
463	1606
440	1714
462	1840
454	1891
504	3883
560	5240
463	4608
501	4030
484	3839
503	4037
454	3563
560	3819
539	2481
452	2072
479	1569
487	1442
508	1675
451	1315
413	1315
493	1355
438	1495
390	1544
454	1460
419	1171
435	1315
452	1580
506	2510
453	3160
472	2615
515	2192
536	1983
464	1623
429	1820
406	2128
445	2182
511	2964
429	3222
467	2995
505	3521
528	3419
503	2771
437	2813
482	2562
507	1759
451	1611
449	1380
400	1388
498	1521
460	1751
396	1654
473	1548
421	1368
455	1550
428	1521
445	1474
435	1293
411	1345
472	1370
474	1333
492	1461
406	1291
496	1575
406	1531
420	1374
451	1340
499	1347
463	1349
423	1542
399	1397
439	1561
492	2042
475	2639
517	2598
552	2895
503	2315
480	1972
485	2304
482	2758
489	2317
522	2063
495	1931
476	1366
444	1482
477	1484
485	1850
514	2269
572	3247
595	5247
579	7079
615	7618
663	8446
696	8284
639	6799
568	4235
526	2604
574	1987
587	1797
514	1673
559	1815
546	2141
631	2750
633	3953
614	4176
622	3071
590	1511
537	1511
620	1569
568	1533
603	1602
558	1772
694	1760
678	1791
678	1650
729	1637
764	1720
638	1509
673	1646
778	1824
692	1670
760	1527
736	1481
657	1450
677	1513
620	1574
628	1364
628	1345
617	1351
655	1140
703	1298
644	1511
734	1365
702	1338
772	1444
664	1402
748	1461
788	1492
821	1401
979	1531
860	1380
873	1411
962	1452
924	1374
848	1403
905	1408
789	1290
805	1185
728	1224
699	1198
743	1201
743	1277
836	1382
860	1213
891	1311
910	1407
973	1318
1027	1404
1068	1560
1154	1554
1129	1581
1047	1848
1113	1623
1109	1779
1076	2502
1080	2579
1005	2823
1022	2582
1067	2504
1111	2567
1035	2753
1072	4666
1122	3918
1184	3235
1101	2038
1128	2071
1188	2221
1174	2688
1210	2128
1296	2023
1373	2013
1280	1994
1401	2082
1419	1774
1471	1613
1378	1619
1333	1575
1216	1674
1298	1646
1220	1560
1219	1442
1246	1447
1188	1493
1302	1585
1317	1430
1350	1570
1409	1712
1409	1658
1383	1509
1491	1573
1365	1635
1363	1492
1318	1622
1353	1619
1316	1542
1403	1323
1228	1345
1265	1644
1209	1452
1212	1463
1297	1442
1293	1448
1345	1576
1347	1772
1364	1472
1383	1506
1350	1610
1434	1452
1467	1636
1509	1852
1511	1783
1424	1917
1377	1669
1312	1862
1293	1706
1222	1667
1156	1701
1049	1620
1008	1577
1110	1537
1008	1666
1078	1544
1061	1503
1041	1399
1250	1568
1282	1523
1245	1589
1321	1622
1493	1805
1426	1717
1310	1900
1273	1860
1194	1790
1221	1601
1194	1656
1151	1606
1130	1617
1002	1517
989	1589
937	1655
1002	1656
1041	1470
944	1387
998	1190
993	1307
1082	1393
954	1357
1055	1486
1102	1525
1034	1328
1060	1383
1137	1328
1093	1508
1058	1482
1115	1411
1016	1491
994	1422
914	1277
911	1581
910	1584
943	1372
936	1138
1006	1528
1019	1557
900	1593
1020	1590
1023	1490
1147	1679
1179	1684
1098	1719
1173	1737
1196	1825
1148	1501
1070	1419
1047	1412
1082	1511
993	1517
943	1532
922	1600
822	1829
876	1613
865	1536
903	1516
892	1327
889	1428
829	1419
870	1529
867	1282
889	1438
787	1385
882	1425
827	1386
897	1487
829	1378
838	1561
710	1517
783	1584
803	1494
702	1391
620	1428
666	1500
634	1276
662	1382
664	1343
650	1305
617	1346
578	1320
608	1486
619	1538
594	1426
623	1240
554	1230
557	1388
585	1261
619	1462
606	1552
653	1478
615	1531
585	1655
603	1346
617	1559
654	1358
560	1437
589	1510
590	1180
698	1287
801	1610
769	1552
666	1336
741	1433
724	1582
797	1404
808	1367
788	1352
715	1408
687	1459
706	1385
603	1251
589	1565
583	1459
590	1397
605	1326
591	1540
592	1567
551	1806
584	1725
618	1761
596	1895
647	1743
627	1483
718	1753
764	1920
735	1918
723	1903
678	1974
689	1954
613	1987
682	2193
738	2509
651	2281
683	2703
768	2246
834	2149
838	2533
854	2120
751	2094
737	2166
790	2271
689	2085
796	2113
767	2474
699	2430
683	2308
723	2157
651	2137
662	2008
644	1798
625	1783
607	1589
640	1738
701	1814
647	1552
741	1679
715	1808
726	1802
695	1865
752	1609
673	1416
679	1618
638	1613
699	1392
686	1486
606	1617
647	1355
561	1607
611	1311
626	1454
600	1487
614	1425
615	1259
603	1534
618	1364
614	1265
647	1272
671	1303
674	1258
743	1621
621	1195
670	1328
641	1399
667	1281
688	1335
603	1330
598	1465
602	1472
653	1277
611	1433
594	1274
590	1526
591	1432
664	1824
677	1839
684	1816
691	1731
686	1761
784	2024
836	1892
818	1835
747	2107
891	2290
904	2712
890	3010
954	2576
959	2607
1185	3277
1884	5739
2780	8957
2862	9259
2995	9422
2793	8656
3330	10168
3989	10211
3762	9557
3413	8868
3148	8585
3747	9834
4414	10097
4228	9749
3779	9021
3402	9140
3659	8884
3937	8925
3476	7786
3916	7954
4088	8478
3663	8232
3269	8178
3013	8115
3007	8099
3101	8415
2541	7023
1375	2984
806	1656
777	1687
755	1538
890	1784
783	1866
636	1711
635	1867
615	1831
650	1938
669	1859
526	1624
566	1443
558	1416
496	1401
512	1318
512	1373
533	1188
499	1288
435	1328
509	1488
440	1348
473	1213
489	1416
481	1450
522	1485
449	1354
660	1375
628	1779
550	1407
478	1482
560	1563
579	1441
628	1586
578	1380
518	1202
461	1192
511	1042
481	1340
516	1612
563	1523
585	1389
637	1387
619	1462
632	1458
545	1258
506	1354
626	1104
732	1378
669	1433
531	1320
722	1324
704	1201
638	1105
543	1217
608	1105
567	1244
497	1166
544	1238
521	1246
538	1357
529	1198
474	1405
452	1216
464	1379
489	1393
479	1292
430	1336
469	1155
481	1377
490	1464
501	1353
481	1254
411	1285
429	1225
463	1210
450	1295
476	1270
468	1252
491	1212
460	1157
481	1155
436	1274
465	1215
357	1111
422	1319
465	1353
396	1368
393	1283
395	1065
392	1442
433	1403
428	1394
503	1318
473	1431
423	1263
465	1293
481	1324
496	1576
485	1698
505	1962
398	1484
473	1580
446	1433
507	1900
494	2340
502	1954
487	1843
499	1616
506	1906
439	1465
433	1535
448	1347
491	1458
473	1563
446	1849
419	1486
464	1417
430	1247
455	1179
488	1273
402	1260
403	1274
439	1094
442	1145
424	1213
399	1055
419	1246
420	1294
361	1300
367	1173
433	1239
381	1467
440	1596
453	1639
453	1709
396	1808
363	1720
407	1657
400	1552
388	1541
400	1695
443	2026
363	1718
377	1908
380	1538
453	2083
453	2369
420	1917
383	2022
375	1569
392	1513
400	2038
454	1911
380	1604
377	1511
396	1677
447	1645
449	1313
463	1255
447	1306
479	1272
474	1342
450	1270
418	1399
400	1644
412	1838
390	1499
435	1818
359	1593
395	1434
434	1666
437	1474
429	1705
405	1741
419	1732
471	1648
464	1874
606	1679
547	1543
621	1651
563	1910
585	1851
612	1637
587	1522
554	1551
495	1203
470	1217
504	1320
453	1321
487	1109
467	1270
466	1312
430	1285
475	1329
456	1626
451	1350
452	1328
391	1468
351	1173
425	1184
355	1288
403	1365
375	1318
383	1083
457	1162
442	1289
476	1227
430	1222
397	1310
394	1226
400	1186
379	1240
429	1145
499	1298
477	1279
458	1179
508	1324
438	1537
504	1413
450	1546
529	1530
493	1397
440	1316
518	1222
486	1277
459	1342
395	1331
414	1294
425	1299
534	1301
520	1429
503	1413
522	1320
515	1422
512	1262
480	1198
545	1217
468	1322
513	1356
482	1516
457	1591
471	1475
584	1513
445	1360
463	1271
427	1493
422	1504
427	1601
425	1397
499	1383
453	1461
472	1492
396	1286
375	1371
400	1345
436	1443
394	1525
429	1676
362	1421
434	1459
429	1336
381	1159
416	1082
366	1161
403	1250
383	1219
444	1205
398	1136
356	1187
443	1262
511	1264
449	1239
446	1069
395	1236
453	980
426	1010
420	1069
440	1205
447	1120
460	1331
395	1212
473	1392
437	1216
409	1157
404	1341
405	1312
452	1368
432	1346
466	1544
483	1274
416	1446
466	1563
390	1400
383	1391
368	1532
406	1448
425	1197
450	1483
434	1298
468	1329
382	1289
386	1409
450	1583
418	1439
409	1460
412	1284
468	1379
464	1461
471	1266
420	1158
405	1085
403	1176
359	1215
354	1159
412	1263
471	1007
415	1266
414	1506
424	1344
474	1426
406	1256
466	1177
430	1270
421	1189
431	1128
375	1108
360	1144
369	1304
378	1314
418	1468
439	1257
372	1228
385	1327
390	1319
418	1330
406	1371
424	1399
448	1169
420	1369
435	1271
381	1137
391	1179
448	1132
393	1068
409	1161
392	1281
434	1358
416	1378
411	1338
433	1160
444	1115
411	1208
406	1233
432	1309
410	1377
404	1429
420	1226
353	1281
361	1315
374	1594
401	1346
402	1417
401	1264
411	1433
390	1324
454	1383
425	1450
392	1480
516	1444
449	1468
501	1453
435	1354
445	1418
503	1546
408	1348
471	1302
355	1298
363	1241
383	1144
404	1264
369	1311
386	1404
375	1523
394	1539
393	1388
438	1926
458	2790
432	2018
485	2013
485	1669
453	2116
461	2037
409	1540
450	1285
432	1339
451	1280
386	1715
442	1997
435	2165
447	1743
462	2024
489	2324
475	2606
452	1659
450	1666
511	1817
474	2031
470	1838
587	4389
496	4138
469	2754
505	2626
551	2112
573	2235
581	2199
593	2350
554	2077
579	2132
578	2356
626	2867
616	3283
618	2426
595	3323
760	4297
663	4127
717	4191
746	3589
793	3816
985	4373
1260	4367
1364	3717
1179	3850
1085	3368
1082	3024
1138	2804
1050	2501
1007	2319
1055	2551
1141	2560
1032	2614
959	2411
893	2145
861	2251
814	1983
672	1712
672	1458
665	1555
717	1716
672	1458
708	1423
743	1461
685	1534
735	1536
781	1381
748	1496
750	1487
692	1539
709	1394
642	1393
560	1178
532	1294
565	1646
537	1257
523	1484
531	1296
449	1158
460	1347
500	1352
524	1383
565	1220
555	1362
562	1406
537	1508
578	1446
622	1233
599	1430
603	1391
494	1182
481	1349
538	1239
523	1304
559	1279
496	1199
582	1480
570	1435
471	1582
472	1494
488	1516
504	1466
500	1696
521	1638
514	1348
472	1400
409	1301
458	1416
509	1287
452	1379
500	1300
488	1179
464	1320
473	1429
432	1382
505	1234
473	1279
443	1386
496	1330
538	1304
532	1171
599	1216
575	1382
627	1531
687	1394
660	1374
664	1239
713	1298
724	1574
645	1440
559	1201
398	1248
383	1262
437	1214
432	1367
490	1315
460	1408
371	1374
428	1534
439	1417
431	1504
433	1309
466	1343
442	1260
436	1545
439	1634
436	1231
408	1327
435	1210
395	1354
409	1510
393	1522
438	1586
486	1495
427	1588
462	1462
435	1594
440	1684
463	1511
456	1781
437	2874
457	2684
402	2142
504	2164
452	2215
465	2423
407	1927
373	1808
394	1635
429	1442
403	1548
465	1490
478	1494
447	1548
472	1513
425	1563
462	1968
417	1985
370	1831
412	1447
481	1542
421	1458
437	1864
474	2280
432	1999
443	1791
466	2148
452	2316
446	2078
515	2170
484	2773
426	3617
512	4737
457	3801
496	4888
523	3857
531	4804
516	3009
429	1603
447	1614
426	1603
493	2611
503	2538
484	1819
377	1380
450	1671
433	1922
390	1477
453	1151
463	1235
467	1164
503	1178
534	1302
558	1198
504	1213
492	1185
435	1423
546	1603
497	1302
522	1392
523	1440
497	1654
523	1386
567	1439
499	1206
550	1023
537	1039
569	1141
542	1233
525	1214
539	1269
544	1276
582	1382
644	1354
541	1403
556	1410
598	1414
534	1313
563	1188
549	1115
502	1203
533	1204
562	1232
517	1501
574	1285
526	1310
546	1250
565	1483
557	1561
510	1388
568	1461
580	1370
646	1284
660	1365
605	1205
573	1418
583	1295
530	1361
523	1393
558	1355
531	1526
439	1320
472	1300
499	1330
519	1453
549	1371
472	1329
499	1331
516	1336
448	1439
503	1337
511	1545
421	1300
530	1415
544	1531
504	1495
456	2120
511	2080
486	1894
459	1554
446	1446
485	1687
470	1658
482	1753
426	1415
498	1400
483	1350
439	1355
420	1372
419	1400
482	1181
486	1174
461	1263
427	1267
409	1216
428	1280
493	1237
364	1115
399	1270
456	1365
467	1503
407	1410
394	1472
418	1236
373	1218
430	1201
417	1227
433	1303
388	1167
396	1306
387	1091
376	1206
403	1144
380	1165
425	1330
448	1257
419	1180
411	1153
422	1194
415	1203
432	1319
412	1227
335	1071
374	1225
387	1302
389	1200
390	1093
411	1221
441	1299
424	1217
375	1406
411	1278
419	1321
376	1588
428	1437
419	1353
400	1276
400	1226
361	1218
386	1155
393	1216
392	1452
406	1303
417	1206
442	1227
396	1237
450	1323
403	1090
484	1346
394	1085
434	1255
388	1248
419	1123
470	1220
464	1129
432	1239
429	1192
476	1120
416	1119
475	1309
412	1210
391	1340
410	1238
417	1132
442	1127
493	1341
384	1365
376	1279
390	1328
404	1251
421	1185
436	1134
393	1153
440	1329
422	1282
424	1576
441	1411
462	1300
419	1485
485	1270
432	1234
465	1280
401	1282
457	1272
413	1256
451	1328
465	1502
514	1482
494	1433
475	1326
514	1284
499	1568
483	1685
462	1325
455	1421
445	1428
511	1309
498	1368
460	1147
473	1234
447	1286
484	1229
433	1361
525	1321
447	1413
512	1325
448	1181
542	1143
578	1264
507	1276
435	1201
471	1451
455	1308
507	1424
478	1297
537	1500
529	1647
493	1293
458	1142
479	1154
471	1091
461	1095
490	1216
487	1142
482	1137
499	1369
478	1270
421	1343
458	1251
495	1450
444	1177
493	1345
459	1183
489	1223
450	1335
446	1387
478	1338
477	1387
504	1549
474	1426
539	1599
487	1652
538	1749
467	1690
489	1603
470	1441
496	1568
449	1538
504	1292
430	1630
466	1538
455	1541
515	1486
479	1559
487	1731
427	1497
474	1597
405	1720
477	1773
442	1386
418	1378
425	1385
403	1470
486	1456
497	1464
494	1504
448	1528
424	1481
444	1354
445	1415
512	1506
511	1508
518	1567
499	1573
470	1498
503	1255
491	1274
528	1368
458	1410
563	1366
516	1487
538	1472
519	1508
550	1368
547	1371
501	1244
540	1224
579	1331
567	1324
525	1450
503	1288
550	1288
549	1293
569	1188
519	1191
544	1222
563	1372
605	1458
603	1481
573	1464
547	1248
626	1499
591	1425
564	1268
583	1332
630	1442
576	1453
631	1468
640	1550
703	1493
630	1533
648	1420
651	1543
690	1566
692	1439
700	1472
715	1697
751	1387
683	1446
707	1413
754	1378
718	1654
752	1555
749	1528
717	1437
718	1535
685	1381
733	1500
685	1457
686	1520
654	1474
674	1471
755	1461
727	1462
756	1514
704	1835
694	1678
707	1682
740	1673
648	1687
673	1566
646	1527
664	1556
700	1693
661	1552
661	1694
652	1391
600	1505
569	1586
560	1424
571	1378
614	1526
653	1657
631	1486
603	1348
577	1593
657	1296
574	1512
579	1295
562	1286
518	1216
564	1254
551	1254
472	1331
571	1175
484	1300
524	1507
531	1327
543	1305
576	1485
562	1290
580	1302
505	1170
476	1194
473	1328
473	1309
537	1157
502	1356
560	1431
502	1335
532	1378
528	1380
562	1540
505	1309
623	1472
516	1385
508	1513
529	1453
495	1229
491	1383
487	1395
467	1228
462	1297
481	1194
496	1384
494	1280
492	1249
492	1196
492	1325
526	1185
502	1320
473	1267
464	1346
409	1528
496	1424
383	1273
428	1231
480	1263
465	1286
540	1161
524	1191
510	1018
531	1407
477	1157
457	1115
480	1158
506	1242
497	1211
487	1316
452	1356
418	1282
397	1320
438	1255
405	1203
521	1284
505	1479
514	1562
459	1538
454	1459
537	1587
433	1337
476	1365
456	1425
388	1387
449	1353
438	1387
512	1376
478	1421
507	1527
468	1389
467	1558
457	1485
553	1399
533	1388
539	1537
488	1351
467	1285
459	1191
504	1368
494	1426
497	1417
478	1463
475	1159
459	1152
453	1367
452	1557
460	1663
491	1565
521	1459
581	1432
437	1471
466	1356
463	1247
463	1206
432	1451
418	1509
491	1376
499	1302
496	1366
466	1376
455	1282
460	1217
447	1319
420	1716
472	1555
514	1478
519	1289
528	1287
491	1349
510	1373
501	1178
484	1277
446	1137
520	1336
477	1277
518	1317
492	1571
453	1184
487	1290
455	1377
512	1454
513	1394
491	1514
504	1401
565	1471
497	1204
557	1408
504	1394
536	1423
491	1353
480	1432
506	1269
487	1468
535	1384
521	1347
510	1335
520	1339
578	1266
524	1337
485	1237
502	1112
513	1210
602	1348
566	1504
508	1486
520	1380
519	1431
495	1310
532	1297
514	1394
541	1291
562	1220
533	1356
523	1368
579	1253
538	1395
560	1516
587	1473
599	1541
522	1462
550	1514
521	1573
552	1628
580	1335
618	1386
567	1421
622	1387
523	1285
520	1437
552	1382
574	1576
542	1446
592	1530
597	1328
612	1345
554	1371
526	1354
539	1252
581	1410
560	1231
545	1364
516	1284
545	1154
510	1331
545	1285
516	1347
486	1377
507	1620
541	1616
514	1366
557	1315
545	1310
614	1632
567	1551
602	1686
545	1477
555	1258
569	1435
578	1437
547	1331
583	1167
530	1189
561	1152
571	1213
506	1264
500	1371
568	1389
557	1573
518	1540
527	1439
571	1520
537	1762
583	1935
549	1486
523	1316
509	1426
515	1382
552	1508
591	1497
515	1295
615	1276
621	1345
590	1498
564	1452
603	1198
583	1424
629	1309
582	1186
523	1293
559	1372
618	1393
543	1238
538	1187
562	1283
449	1455
498	1499
451	1554
470	1530
513	1474
482	1369
444	1125
538	1298
500	1319
497	1263
504	1400
499	1336
489	1412
520	1649
469	1561
431	1566
450	1363
495	1471
514	1725
485	1764
451	1501
453	1647
475	1463
469	1516
478	1584
512	1596
462	1306
508	1626
505	1630
506	2012
543	2259
501	2218
418	1689
498	1667
475	1574
509	1608
510	1358
481	1305
449	1427
533	1540
505	1582
538	1747
518	1365
502	1330
505	1387
461	1266
478	1305
431	1432
453	1215
462	1178
455	1407
498	1413
465	1441
489	1348
497	1386
492	1425
498	1499
499	1361
536	1344
452	1363
482	1274
417	1227
495	1170
501	1470
445	1425
489	1224
501	1238
458	1306
507	1205
507	1248
518	1461
465	1357
495	1230
476	1149
480	1237
543	1293
538	1252
543	1194
564	1223
544	1312
519	1351
524	1511
537	1265
516	1177
509	1210
554	1193
522	1260
463	1261
504	1335
519	1384
521	1573
559	1399
509	1438
552	1219
541	1218
560	1317
574	1282
537	1314
575	1261
581	1193
549	1306
566	1447
518	1242
553	1135
546	1412
513	1419
538	1374
518	1388
495	1368
544	1295
572	1340
579	1410
569	1179
601	1432
530	1372
580	1408
595	1479
609	1365
617	1453
617	1423
529	1457
546	1338
512	1422
470	1272
557	1357
529	1212
558	1144
505	1286
506	1250
499	1181
558	1169
523	1257
548	1214
549	1242
542	1236
556	1239
544	1454
494	1421
537	1329
505	1348
512	1228
521	1358
539	1510
453	1418
472	1309
488	1405
522	1294
503	1497
507	1606
519	1442
542	1487
520	1392
485	1383
497	1286
531	1448
573	1308
531	1677
589	1558
560	1359
538	1457
553	1265
540	1349
544	1197
598	1377
514	1519
521	1452
522	1442
535	1531
578	1466
594	1580
536	1677
527	1408
608	1407
586	1475
603	1562
580	1453
577	1351
535	1241
486	1297
556	1314
550	1386
520	1333
498	1274
493	1538
533	1855
512	1655
503	1568
554	1538
583	1598
627	1650
608	1745
623	3189
558	2450
587	2675
547	2600
520	2039
568	2116
571	2598
615	4539
591	4000
542	2277
563	1485
470	1484
509	1520
428	1651
464	1493
434	1510
466	1672
524	1476
436	1520
474	1416
428	1348
493	1388
478	1426
473	1247
522	1491
480	1270
449	1267
531	1440
449	1452
455	1407
423	1440
393	1325
375	1144
455	1273
438	1194
463	1220
459	1188
463	1167
421	1325
402	1225
455	1315
456	1217
515	1485
484	1514
471	1538
491	1382
495	1312
486	1257
499	1285
439	1132
456	1077
421	1141
439	1120
409	1255
480	1242
494	1380
500	1385
448	1576
434	1248
433	1370
425	1301
437	1464
446	1290
452	1460
472	1404
451	1256
483	1333
497	1287
511	1441
472	1403
494	1293
518	1346
539	1266
492	1339
491	1495
557	1491
656	3000
646	2571
655	1829
670	1891
686	1744
607	1369
652	1514
642	1672
625	1647
582	1588
628	1623
560	1770
555	1637
565	1785
548	1762
536	1785
573	2413
553	2129
558	2157
525	2398
527	2005
477	1988
513	1735
480	1359
534	1288
512	1357
550	1495
526	1484
534	1808
541	1418
599	1526
626	1715
582	1660
577	1526
583	1781
552	1519
554	1784
618	1978
585	2006
610	1658
626	1807
627	1613
600	1336
579	1291
639	1426
604	1509
559	1528
535	1524
539	1506
552	1389
605	1253
595	1133
600	1314
609	1368
571	1630
558	1341
509	1376
497	1122
495	1240
473	1105
507	1259
494	1300
507	1240
540	1154
491	1412
547	1461
551	1304
601	1534
569	1339
615	1373
607	1351
614	1166
555	1206
578	1291
556	1210
556	1111
551	1265
541	1194
495	1261
509	1355
505	1266
495	1279
497	1379
489	1152
515	1458
536	1376
558	1436
506	1287
592	1279
588	1248
574	1196
597	1386
554	1382
554	1274
496	1264
548	1243
565	1262
587	1146
505	1232
507	1160
502	1204
527	1174
458	1289
513	1236
477	1300
518	1482
536	1380
498	1116
465	1424
489	1438
459	1507
464	1443
434	1506
426	1660
406	1780
439	1814
438	1727
398	2101
439	2808
508	4963
483	4280
539	4260
513	3453
511	2687
506	2653
597	3959
655	4006
537	4938
556	4922
580	5064
617	5109
663	3470
620	2629
642	2800
713	3535
904	4296
965	5699
934	6533
852	3438
839	2679
770	2454
834	2422
864	3097
899	2996
793	4057
895	3943
831	2881
738	2543
759	3014
695	2677
763	2157
702	1990
760	1490
695	1395
671	1347
681	1283
714	1261
781	1559
840	1463
788	1268
722	1417
760	1284
865	1388
807	1151
728	1272
739	1278
697	1282
635	1278
690	1377
687	1320
627	1299
581	1218
624	1241
656	1336
640	1347
611	1456
627	1309
533	1209
605	1513
614	1370
617	1170
575	1283
559	1317
571	1338
573	1465
622	1457
590	1175
588	1291
551	1184
612	1200
518	1278
546	1138
513	1229
578	1358
587	1349
523	1310
490	1276
515	1359
497	1356
548	1312
501	1294
495	1409
550	1342
510	1372
456	1357
500	1239
562	1446
519	1360
530	1581
486	1454
485	1726
536	1655
526	1720
542	1494
500	1804
455	1636
432	1484
468	1412
501	1311
464	1428
459	1442
452	1496
427	1476
432	1233
422	1256
393	1405
389	1256
450	1520
443	1452
429	1484
422	1307
457	1374
432	1386
431	1287
416	1297
360	1380
424	1337
377	1467
378	1423
391	1538
378	1438
399	1388
442	1366
420	1599
469	1500
463	1391
430	1703
476	1512
426	1538
412	1523
402	1679
434	1786
446	1764
503	2216
542	2763
466	2392
510	1988
590	2629
538	2156
504	2200
506	2371
596	3181
561	3137
553	2649
488	2059
498	2360
519	2917
526	3349
542	2865
580	2914
522	2392
458	1825
451	1663
452	1762
515	1772
460	1698
429	1464
432	1650
438	1570
444	1442
435	1585
435	1368
462	1365
479	1410
439	1340
448	1359
487	1328
466	1113
438	1351
416	1391
417	1243
445	1181
479	1203
446	1161
478	1276
449	1403
509	1265
409	1414
412	1228
392	1330
404	1210
390	1100
345	1183
390	1371
396	1430
444	1320
430	1398
449	1472
430	1311
466	1509
454	1478
414	1261
462	1236
433	1315
444	1367
375	1309
383	1234
421	1347
437	1325
475	1453
412	1305
422	1273
462	1204
405	1190
433	1163
433	1188
419	1111
462	1251
417	1276
445	1251
443	1121
451	1019
513	1192
464	1045
413	1135
444	1137
398	1176
373	1213
331	1123
333	1339
343	1319
320	1174
375	1172
442	1354
444	1329
422	1241
420	1236
380	1085
448	1081
467	1164
450	1204
440	1131
472	1249
483	1271
446	1354
400	1423
426	1569
367	1401
448	1335
416	1283
405	1257
426	1267
387	1180
434	1216
376	1250
448	1236
487	1355
449	1398
397	1203
456	1088
497	1188
407	1326
498	1350
443	1400
452	1487
516	1367
466	1144
420	1290
427	1269
410	1240
451	1021
465	1045
396	1147
434	1257
439	1276
495	1297
424	1356
454	1489
387	1640
431	1618
424	1540
428	1455
353	1187
437	1234
403	1153
400	1010
426	1232
463	1428
476	1441
462	1612
482	1632
485	1400
467	1188
461	1264
502	1322
452	1439
461	1353
460	1341
467	1410
463	1583
470	1689
449	1391
492	1345
488	1490
496	1429
451	1377
515	1536
527	1508
459	1316
480	1385
401	1411
445	1635
474	1434
477	1286
454	1411
469	1348
502	1230
496	1370
451	1342
461	1457
427	1303
470	1339
491	1330
506	1362
476	1185
459	1216
451	1329
458	1307
511	1322
484	1424
471	1211
465	1332
481	1313
600	1380
593	1404
649	1440
647	1381
577	1352
687	1553
883	1829
979	1899
868	1734
968	1957
1257	2655
1662	3054
1759	3194
1495	2589
1558	2839
2315	4298
3372	6329
3928	7500
3466	6387
3129	6079
3686	6923
5065	9581
5583	9929
5450	9704
4927	9056
5331	9410
6334	10937
6590	10905
6655	10569
6799	11041
7042	10417
6680	9554
6276	7843
5618	6773
5870	7233
5919	7330
5753	7261
5202	6042
4906	5375
4780	5857
5131	6260
4263	4901
3136	3275
2229	2658
2119	2394
1869	2244
1579	2167
1156	1610
778	1570
838	1642
970	1751
831	1673
635	1620
560	1391
551	1481
543	1662
533	1523
594	1392
467	1341
471	1448
513	1171
575	1397
554	1322
496	1304
504	1319
494	1032
514	1235
523	1208
509	1398
525	1211
508	1103
509	1307
390	1232
432	1241
502	1299
495	1355
461	1174
527	1470
509	1330
456	1335
481	1327
549	1307
536	1205
540	1250
508	1337
542	1274
572	1185
575	1290
545	1236
524	1167
519	1266
542	1349
528	1403
515	1363
592	1456
648	1524
606	1467
699	1592
617	1594
602	1750
644	1593
621	1617
625	1472
613	1458
580	1447
571	1349
589	1447
593	1907
618	1644
605	1438
585	1267
693	1483
648	2248
696	2673
671	2948
644	1785
641	1568
610	1640
600	1498
616	1478
604	1704
615	1490
589	1508
603	1442
614	1234
621	1285
633	1198
674	1272
609	1461
634	1477
683	1530
646	1475
804	1297
768	1497
734	1423
692	1670
741	1542
676	1618
726	1830
724	1605
702	1557
716	1704
682	1504
737	1597
744	1536
703	2356
754	3698
802	3920
865	3162
683	1742
703	1782
658	1409
748	1408
778	1355
662	1364
748	1269
706	1280
713	1356
730	1440
713	1414
685	1340
728	1398
733	1539
691	1566
698	1680
693	1552
725	1510
706	1722
720	1662
735	1738
762	1609
729	1395
804	1364
847	1520
754	1412
777	1511
810	1373
758	1488
744	1622
770	1547
712	1526
725	1719
721	1616
766	1598
774	1473
728	1515
674	1348
700	1376
772	1425
839	1673
796	1614
842	1515
811	1495
884	1306
864	1180
822	1265
767	1313
784	1289
812	1377
816	1504
846	1321
856	1475
815	1419
817	1394
806	1392
779	1312
825	1609
837	1571
802	1717
809	1480
800	1492
869	1642
840	1691
909	1617
938	1778
958	1647
1012	1761
941	1501
922	1729
933	1612
1012	1612
967	1725
927	1649
921	1464
958	1522
914	1868
1040	1998
977	2104
922	2067
1116	1798
932	1535
990	1700
962	1714
1053	1655
1007	1876
1036	1630
1018	1448
1094	1435
1047	1394
1091	1386
1074	1483
953	1512
887	1374
865	1414
843	1643
829	1440
838	1478
780	1514
783	1373
860	1661
810	1715
854	1892
840	1644
914	1601
926	1626
847	1568
899	1342
930	1199
880	1247
969	1381
917	1442
922	1417
875	1500
799	1535
792	1391
813	1464
787	1468
762	1273
792	1336
772	1455
789	1431
765	1305
684	1339
695	1302
800	1318
813	1296
778	1278
740	1467
688	1470
760	1353
722	1309
806	1299
757	1238
715	1284
688	1254
658	1392
729	1221
679	1098
641	1141
606	1214
651	1419
721	1301
644	1274
678	1338
627	1435
673	1304
679	1188
672	1529
623	1423
575	1312
585	1483
622	1445
621	1416
571	1439
592	1326
560	1374
574	1247
615	1317
649	1296
568	1389
567	1357
600	1209
574	1499
594	1440
575	1308
527	1348
613	1300
629	1186
547	1244
581	1265
494	1304
574	1274
532	1525
556	1368
507	1412
553	1307
525	1301
544	1185
546	1257
539	1222
584	1207
538	1507
550	1314
529	1358
557	1438
531	1264
522	1175
529	1307
524	1341
545	1401
497	1398
511	1307
577	1403
517	1415
485	1298
511	1354
533	1351
521	1173
530	1466
595	1769
569	1817
608	1440
525	1402
546	1348
556	1394
551	1342
535	1269
534	1469
629	1333
556	1366
546	1062
521	1248
539	1227
549	1287
542	1322
540	1379
518	1759
537	1397
546	1434
535	1506
504	1474
536	1504
500	1372
513	1558
487	1495
524	1571
489	1452
556	1430
549	1372
521	1264
518	1338
481	1468
507	1416
508	1461
567	1406
509	1447
600	1417
526	1367
503	1319
512	1383
516	1494
527	1280
519	1424
532	1323
516	1366
530	1324
546	1302
554	1264
537	1421
484	1341
496	1246
546	1348
596	1402
486	1187
568	1342
592	1446
566	1437
533	1439
530	1512
553	1420
584	1367
524	1375
597	1370
494	1404
594	1631
550	1620
546	1479
668	1334
670	1283
661	1205
673	1270
629	1228
620	1252
684	1292
626	1221
612	1162
659	1334
637	1354
622	1507
620	1472
598	1203
590	1345
630	1285
617	1214
623	1152
658	1267
680	1458
703	1200
703	1039
763	1394
708	1235
736	1392
769	1308
722	1261
715	1297
645	1129
647	1134
632	1307
581	1330
602	1203
679	1407
646	1335
646	1252
628	1427
694	1467
689	1326
670	1111
626	1226
630	1270
635	1453
544	1314
616	1443
665	1222
697	1284
660	1277
595	1245
553	1205
555	1292
559	1435
581	1253
535	1326
575	1443
564	1300
616	1443
581	1322
571	1272
582	1394
598	1452
614	1388
589	1424
644	1259
614	1355
569	1260
585	1430
626	1505
633	1496
578	1381
562	1282
597	1481
611	1270
606	1228
710	1201
773	1577
829	1380
861	1326
713	1400
643	1450
539	1387
508	1485
644	1385
553	1544
513	1491
508	1468
556	1588
529	1461
591	1450
602	1333
518	1264
541	1287
552	1249
515	1242
498	1350
544	1328
542	1378
533	1318
522	1451
543	1606
519	1729
556	1530
599	1546
510	1453
556	1676
541	1607
552	1449
525	1602
503	1654
479	1679
436	1502
511	1292
471	1456
494	1372
491	1497
540	1465
520	1404
542	1397
503	1363
543	1347
425	1189
463	1168
484	1238
465	1218
418	1237
480	1249
458	1362
492	1461
469	1387
486	1137
457	1332
555	1329
509	1679
500	1928
538	1868
455	1558
499	1515
500	1397
571	1419
510	1578
536	1499
572	1567
566	1914
634	2082
668	2105
611	1865
692	2179
740	2258
697	2191
819	2289
740	2311
734	2219
833	2189
918	2678
1021	3293
980	3162
956	3132
1146	3185
1199	4011
1464	5081
1395	4189
1228	2842
1231	2610
1049	2045
884	1738
772	1812
795	1836
765	1602
736	2120
751	2573
934	2990
1043	3099
1088	2870
1134	2570
1267	2321
1323	2461
1304	2918
1324	4079
1235	3943
1035	3566
956	3615
1125	3642
1148	3326
1076	3909
946	3141
874	2250
762	2259
819	2517
835	2514
822	2447
701	1630
682	1541
749	2072
823	2135
723	2074
711	1910
674	1656
714	1505
739	1643
695	1486
699	1246
665	1226
752	1081
698	1273
674	1219
578	1357
662	1327
659	1509
628	1864
641	1691
611	1471
589	1379
607	1264
653	1326
638	1029
640	1173
616	1112
667	1275
695	1259
707	1136
668	1176
697	1173
717	1178
635	1130
628	1125
679	1183
585	1242
603	1433
587	1224
623	1463
614	1488
641	1617
665	1356
632	1367
642	1247
675	1259
659	1454
612	1364
634	1363
655	1351
598	1136
627	1323
595	1211
606	1289
550	1170
558	1142
586	1123
610	1254
574	1526
582	1183
593	1361
593	1412
579	1220
619	1275
610	1300
635	1496
631	1305
579	1257
572	1168
505	1204
556	1225
513	1128
543	1082
507	1131
484	1220
526	1106
498	1016
520	1246
475	1292
556	1286
480	1329
589	1228
556	1142
520	1357
520	1385
485	1224
445	1059
456	1218
481	1301
458	1197
446	1182
502	1117
465	1307
407	1416
445	1246
508	1307
476	1336
495	1231
446	1411
402	1371
477	1303
446	1245
419	1242
430	1440
397	1298
454	1415
430	1422
419	1241
442	1245
402	1327
416	1258
425	1148
402	1299
468	1282
415	1221
404	1278
388	1343
406	1461
471	1228
402	1218
410	1308
430	1239
460	1350
428	1278
516	1167
453	1159
455	1219
512	1146
487	1152
478	1305
444	1401
474	1284
459	1429
441	1313
409	1396
555	1339
489	1347
459	1329
470	1448
424	1408
432	1336
430	1186
468	1171
429	1472
418	1464
431	1629
539	1510
487	1278
548	1353
578	1316
463	1356
470	1188
525	1144
466	1347
488	1281
491	1264
506	1332
542	1303
513	1261
521	1410
511	1374
516	1429
414	1269
459	1555
470	1162
415	1213
475	1290
465	1174
457	1406
503	1535
493	1451
502	1094
522	1117
505	1329
531	1371
518	1296
497	1432
510	1527
558	1420
500	1268
494	1427
509	1390
515	1454
502	1341
526	1237
599	1352
541	1480
496	1381
512	1332
551	1599
466	1548
505	1279
484	1309
510	1342
510	1401
538	1379
515	1409
480	1448
493	1537
518	1441
543	1339
471	1195
581	1211
584	1283
589	1391
591	1485
566	1522
534	1320
535	1212
575	1451
521	1495
530	1427
565	1384
639	1295
649	1353
584	1354
532	1199
592	1352
558	1424
635	1406
742	1340
684	1305
712	1266
725	1548
690	1432
687	1544
632	1575
723	1449
617	1406
556	1417
512	1331
549	1435
533	1312
529	1402
509	1502
556	1561
582	1480
515	1364
549	1398
566	1433
486	1262
543	1509
557	1713
531	1587
529	1494
503	1618
483	1552
516	1578
562	1719
496	1536
547	1484
516	1476
543	1631
577	1540
579	1325
466	1291
510	1513
564	1517
546	1267
532	1404
569	1290
569	1399
572	1566
513	1345
470	1382
542	1264
578	1313
531	1471
532	1500
536	1420
508	1315
499	1374
497	1333
458	1507
518	1410
460	1381
483	1375
500	1350
503	1677
501	1608
484	1426
440	1306
477	1246
460	1277
482	1111
508	1029
467	1192
471	1292
487	1395
553	1466
520	1498
497	1301
499	1203
527	1233
499	1269
482	1347
588	1188
536	1118
519	1080
544	1263
565	1316
543	1404
610	1308
596	1407
604	1332
552	1166
689	1266
683	1249
808	1368
862	1429
771	1202
694	1201
624	1250
638	1050
581	1404
605	1420
570	1242
537	1268
533	1365
605	1765
622	1574
568	1393
598	1506
526	1555
560	1616
576	1504
603	1653
609	1695
615	1478
638	1580
642	1626
682	1618
577	1668
597	1754
590	1587
563	1682
533	1697
577	1435
590	1332
565	1387
495	1435
481	1370
511	1179
459	1409
524	1321
540	1324
642	1217
586	1173
597	1178
546	1241
535	1106
596	1124
536	1215
514	1315
550	1274
520	1273
494	1356
491	1294
542	1354
554	1264
546	1396
574	1452
508	1476
481	1456
550	1351
490	1311
532	1403
650	1388
544	1308
570	1350
606	1443
555	1450
541	1426
502	1152
527	1308
538	1453
560	1456
590	1430
655	1264
579	1219
577	1155
566	1258
495	1251
535	1297
534	1302
518	1429
523	1336
565	1316
496	1217
487	1220
462	1133
503	1527
473	1381
471	1381
499	1431
510	1266
494	1291
501	1378
502	1364
531	1344
540	1380
515	1545
487	1460
485	1327
546	1508
532	1507
507	1591
445	1518
490	1486
504	1311
518	1425
611	1466
445	1392
462	1360
496	1578
506	1547
540	1528
538	1341
515	1348
552	1324
556	1227
477	1328
498	1344
490	1452
482	1384
503	1447
520	1614
429	1682
444	1409
439	1366
457	1522
494	1667
462	1581
484	1455
554	1458
509	1361
485	1618
522	1504
427	1638
490	1493
512	1668
523	1623
515	1358
537	1353
488	1584
442	1312
456	1277
388	1441
436	1228
509	1415
480	1418
487	1688
479	1383
408	1390
483	1359
418	1228
448	1224
427	1179
464	1162
498	1378
597	1333
473	1563
575	1403
536	1571
485	1451
432	1338
479	1382
497	1207
535	1304
519	1588
523	1397
548	1388
481	1737
443	1578
468	1399
540	1364
464	1330
509	1480
450	1355
512	1430
481	1413
498	1318
453	1235
503	1376
529	1506
534	1530
512	1638
516	1567
467	1422
466	1304
405	1248
452	1134
472	1316
409	1203
442	1213
432	1329
401	1361
482	1391
415	1300
457	1183
449	1428
553	1570
558	1550
671	1570
553	1434
659	1471
831	2023
961	2477
1018	2678
1111	2966
1344	3181
1738	3971
1890	4662
2018	4201
1927	3871
1923	3715
1840	3507
1927	3388
1863	2918
1633	2758
1480	2423
1376	2190
1378	2060
1340	1825
1484	2083
1672	2284
1774	2634
2085	2779
2127	2710
2279	2866
2650	2890
2672	2946
2520	2654
2122	2217
1935	2093
1919	1894
1752	2006
1346	1680
861	1558
725	1298
598	1471
631	1376
547	1379
485	1297
552	1439
582	1462
513	1302
456	1235
457	1128
493	1295
438	1086
472	1161
512	1362
499	1304
489	1358
461	1594
442	1321
380	1397
385	1279
373	1338
414	1607
418	1379
408	1315
437	1120
445	1220
454	1508
427	1281
449	1396
379	1439
379	1388
458	1297
376	1548
402	1395
450	1392
407	1492
435	1450
391	1330
379	1376
417	1212
382	1124
454	1123
448	1245
459	1342
443	1538
500	1626
468	1416
444	1183
435	1322
422	1187
410	1177
419	991
393	1063
391	1210
372	1175
431	1152
434	1180
434	1093
470	1251
451	1393
466	1226
420	1367
469	1252
466	1116
404	1199
436	1038
455	1255
467	1494
490	1325
466	1355
485	1373
517	1320
517	1562
504	1724
475	1273
461	1413
463	1680
610	2068
772	3448
781	3588
792	2974
894	2370
1332	3051
1775	4700
1846	4697
1924	4012
2258	3907
3502	5103
4726	6375
4857	6997
5132	7420
5295	7844
5274	7875
5112	7565
5036	7360
4997	7731
4913	7480
4750	7122
4270	6202
3518	5048
2926	4193
2531	3650
2116	3227
1456	2436
1100	1877
1244	2017
1459	2174
1066	1508
813	1518
719	1467
706	1363
711	1625
792	2083
689	2127
628	2527
558	2468
621	2140
661	2537
543	2401
547	2113
507	1563
525	1377
478	1190
434	1295
495	1429
429	1178
443	1477
475	1506
453	1576
438	1448
425	1320
449	1385
408	1219
475	1068
471	1360
475	1478
474	1735
507	1396
482	1431
436	1369
473	1526
431	1322
391	1322
455	1285
482	1368
463	1337
374	1214
417	1222
427	1317
447	1230
469	1331
440	1209
435	1249
456	1146
418	1138
397	1161
453	1268
455	1335
498	1381
456	1362
421	1295
408	1300
405	1297
419	1149
408	1303
423	1385
431	1129
425	1193
430	1157
402	1285
392	1324
427	1177
368	1273
399	1223
382	1301
446	1399
415	1415
453	1279
424	1303
471	1470
421	1360
422	1554
415	1240
387	1215
393	1260
421	1345
389	1387
397	1160
384	1154
437	1056
458	1195
422	1269
421	1151
423	1189
400	1238
394	1149
416	1240
392	1254
368	1089
389	1283
370	1131
396	1261
433	1277
395	1226
383	1307
431	1303
426	1312
386	1201
411	1169
422	1293
467	1485
448	1338
422	1380
408	1144
418	1273
469	1219
398	1395
418	1550
437	1423
363	1289
444	1098
429	1392
435	1449
440	1508
458	1241
484	1382
406	1244
423	1275
487	1275
388	1306
408	1205
428	1232
414	1185
430	1154
424	1165
391	1206
444	1131
387	1290
432	1319
413	1085
386	1120
432	1107
398	1083
427	1164
404	1165
409	1191
380	1083
417	1058
460	1194
416	1324
404	1307
426	1350
479	1555
399	1403
440	1420
455	1242
386	1188
477	1262
458	1217
396	1144
420	1409
399	1433
467	1486
427	1421
402	1527
449	1471
438	1070
447	1148
424	1175
452	1348
430	1227
417	1302
457	1324
424	1388
393	1371
451	1187
468	1325
469	1357
411	1215
385	1166
412	1256
358	1218
471	1117
464	1259
396	1310
404	1133
395	1312
414	1319
485	1209
450	1109
452	1052
427	1123
391	1082
403	1213
425	1140
420	1080
406	1140
395	1338
428	1234
411	1322
392	1348
471	1321
459	1373
398	1330
435	1271
342	1149
362	1147
408	1283
361	1205
414	1154
396	1226
390	970
364	1034
409	1100
453	1185
492	1230
470	1098
455	1224
434	1168
392	1250
378	1213
377	1168
365	1297
451	1565
454	1522
391	1341
389	1344
363	1360
422	1494
468	1371
433	1258
425	1392
424	1539
452	1428
389	1513
415	1415
480	1337
435	1270
395	1406
452	1213
460	1337
473	1402
447	1261
415	1177
407	1359
409	1139
427	1262
513	1273
548	1302
491	1517
532	1583
488	1526
522	1578
562	1626
545	1273
626	1496
535	1285
522	1208
631	1416
571	1410
562	1580
570	1335
618	1440
658	1587
696	1644
675	1580
641	1664
614	1619
580	1544
556	1529
584	1379
658	1583
671	1484
636	1418
584	1494
604	1475
541	1375
520	1474
530	1359
522	1478
487	1541
530	1662
415	1608
459	1679
457	1580
464	1359
499	1415
482	1503
444	1556
459	1541
427	1386
480	1348
399	1523
405	1474
442	1434
437	1381
426	1420
416	1292
425	1453
392	1319
381	1279
450	1294
396	1280
507	1330
456	1346
447	1504
476	1268
467	1385
438	1278
521	1376
503	1398
500	1472
468	1734
501	1773
481	1844
478	1893
441	1966
456	1996
458	1495
451	1309
445	1357
439	1486
461	1401
471	1489
454	1264
454	1148
496	1394
476	1341
513	1280
472	1399
495	1375
456	1570
454	1511
528	1593
506	1712
431	1502
456	1563
484	1503
515	1538
535	1469
469	1644
519	1880
550	2685
500	2212
463	2367
468	1701
459	2233
491	1683
551	1833
548	1447
549	1739
526	1892
510	1411
544	1349
580	1488
495	1504
557	2158
537	2357
544	1989
535	1527
575	1653
524	1564
605	1692
622	1532
691	1401
633	1618
609	1437
619	1264
653	1325
691	1429
697	1380
627	1308
745	1430
776	1427
761	1479
816	1508
766	1661
737	1943
759	1762
824	3067
806	3500
851	5965
995	11623
761	2210
799	1731
753	1677
713	1633
805	1876
831	1937
752	1684
821	1547
880	1402
791	1436
814	1410
823	1532
892	1678
848	1700
898	1311
895	1361
940	1436
1099	1399
1002	1521
941	1384
945	1335
923	1440
937	1286
913	1282
886	1388
849	1199
939	1415
852	1289
950	1374
940	1264
1008	1357
1072	1360
1151	1461
1040	1395
1147	1470
1148	1500
1181	1454
1240	1421
1271	1384
1199	1584
1296	1533
1141	1638
1152	1385
1182	1257
1080	1470
1036	1367
966	1322
987	1314
960	1546
911	1498
929	1665
1080	1625
1017	1551
1086	1547
1126	1500
1082	1627
1182	1545
1180	1471
1171	1371
1153	1400
1065	1354
1144	1435
1115	1605
1154	1563
1111	1448
1087	1412
1063	1476
1048	1548
1023	1417
1077	1459
947	1413
996	1437
1014	1454
1058	1481
1000	1566
884	1604
986	1553
947	1508
1028	1599
976	1671
1016	1615
977	1779
932	1761
957	1897
1000	1873
959	1902
1099	2217
938	1965
1065	2108
978	2077
1104	2179
1104	2113
1041	1931
1098	2095
1064	2193
1177	2481
1242	2176
1293	2336
1312	2367
1218	2282
1313	2211
1433	2617
1399	2823
1428	3063
1321	2782
1377	3060
1410	3531
1510	3724
1615	3385
1608	3463
1803	3490
1979	3971
1960	4321
2087	4242
2092	4028
2134	4086
2364	4700
2477	5269
2249	5089
2361	5179
2424	5779
2500	5351
2481	4569
2345	4133
2353	4123
2320	4065
2335	3890
2300	3608
2556	3641
2953	3721
3402	4480
3939	5537
4921	6991
5178	7590
5338	7600
5435	8176
5817	8013
5493	7788
4948	7101
4804	7104
4555	6034
3776	5221
3494	4586
2911	4528
2721	4135
2414	4205
2328	3819
2244	3564
2323	3401
2363	3658
2621	4066
2993	4857
2916	5215
2734	5514
2636	4926
2389	4836
2347	4280
2040	3925
1839	3446
1442	2722
1600	2993
1784	3686
1722	3396
1404	2861
1185	2523
1169	2523
1077	2346
1092	2205
836	2072
856	1916
798	1885
723	1790
673	1763
579	1500
548	1404
494	1472
523	1532
518	1640
429	1429
454	1302
464	1383
433	1408
426	1471
486	1395
456	1212
430	1274
439	1368
435	1437
438	1501
464	1429
410	1233
432	1521
429	1525
376	1333
440	1289
367	1268
430	1451
406	1180
400	1281
403	1307
364	1310
403	1619
384	1509
429	1417
466	1459
473	1490
462	1487
470	1333
424	1231
427	1416
467	1681
440	1660
439	1748
440	1693
419	1596
404	1533
365	1551
382	1483
424	1640
450	1653
477	1329
415	1386
404	1455
421	1431
469	1448
433	1552
414	1302
407	1308
403	1334
494	1521
473	1627
434	1378
436	1414
385	1342
434	1415
412	1406
445	1781
448	1664
400	1621
416	1327
400	1375
489	1231
403	1291
504	1371
509	1445
542	1283
495	1248
555	1310
418	1386
425	1045
498	1201
407	1206
450	1125
462	1301
469	1347
527	1323
560	1342
524	1386
536	1264
632	1287
611	1342
564	1415
509	1228
439	1328
406	1261
423	1622
445	1683
439	1429
443	1231
418	1370
441	1211
470	1334
447	1244
388	1196
468	1333
476	1289
387	1195
414	1235
398	1326
460	1363
525	1357
452	1194
418	1236
405	1420
456	1440
418	1212
461	1298
399	1172
443	1197
486	1060
413	1283
438	1101
471	1277
425	1226
423	1066
400	1286
442	1215
449	1164
365	1013
405	1284
430	1087
378	1136
445	1265
418	1165
427	1205
421	1108
449	1131
478	1139
465	1338
456	1180
454	1162
494	1130
465	1128
437	1145
399	1133
461	1206
411	1197
430	1078
397	1343
435	1240
411	1282
452	1229
389	1436
398	1322
457	1343
439	1262
403	1418
401	1212
396	1191
413	1125
399	1266
410	1423
395	1227
410	1264
452	1079
455	1063
465	1285
442	1363
445	1416
395	1301
411	1408
421	1351
493	1326
409	1215
461	1231
498	1178
571	1278
612	1376
690	1569
634	1454
683	1696
851	1945
1362	2644
1536	2849
1459	2751
1423	2604
1779	2790
2026	3138
2234	3421
2159	3577
2380	3582
2763	4400
3564	5788
4063	6787
3873	6222
3481	5735
4041	6708
4985	8397
5419	9563
5714	9649
5629	9788
5587	9685
5864	10154
6477	10875
6800	10735
6241	9570
5721	9185
6063	9612
5967	9379
5960	9080
5544	9175
5892	9459
6651	10121
7419	10563
7580	9771
7331	9541
7201	8686
7227	8381
7281	7629
7145	7560
7412	8287
6949	8424
6506	8002
5833	6806
5683	6358
6166	6700
6027	6268
5501	5700
5176	5522
4639	4967
4485	4867
4315	4350
4585	5075
4887	5548
4584	5515
4591	5253
4434	4659
3980	4328
3435	3702
2917	3400
2768	3408
2804	3362
2694	3238
2497	3264
2263	2987
2147	2986
2245	3054
2190	3159
1830	2805
1513	2389
1126	2273
996	2007
1223	2282
1332	2193
1257	2109
1168	1894
1201	1896
1351	2206
1443	2090
1345	1995
1292	1978
1131	1850
1105	1823
1112	1860
888	1786
675	1633
585	1622
645	1509
542	1265
527	1290
537	1270
482	1525
493	1446
469	1487
491	1367
487	1384
474	1365
471	1649
476	1218
458	1123
490	1145
468	1140
457	1248
469	1323
476	1540
431	1333
450	1203
452	1300
452	1403
451	1116
516	1133
406	1256
478	1236
484	1396
445	1462
446	1211
554	1223
558	1266
663	1336
624	1384
713	1672
646	1440
646	1572
660	1399
634	1442
606	1488
669	1712
664	1358
555	1342
595	1355
540	1226
534	1269
530	1231
505	1174
508	1176
533	1241
494	1266
471	1361
480	1360
569	1220
522	1302
582	1333
520	1280
492	1217
473	1236
524	1266
526	1356
508	1412
489	1493
434	1443
504	1411
404	1091
435	1212
470	1167
505	1146
463	1377
435	1159
466	1082
498	1082
439	1274
425	1234
457	1359
475	1237
402	1213
395	1255
398	1322
423	1346
439	1359
377	1466
411	1255
343	1438
439	1381
434	1380
503	1342
457	1249
491	1257
485	1186
437	1150
444	1348
445	1351
482	1343
440	1521
427	1464
440	1173
446	1436
410	1335
421	1451
409	1386
414	1292
436	1295
397	1142
414	1123
398	1254
454	1206
437	1464
447	1573
413	1559
443	1753
500	2494
448	1960
417	1904
446	2376
448	2754
544	3732
499	3569
494	3264
494	2648
471	2556
483	3135
463	2528
514	2243
491	2350
407	2329
479	1817
452	1852
464	1783
468	1889
440	2012
421	1710
439	1597
436	1403
458	1710
440	1594
453	1409
450	1734
456	1714
496	2250
504	2616
511	1849
415	1591
419	1265
393	1416
474	1905
505	2655
470	2249
416	1838
458	2133
480	2164
468	1969
437	2115
431	1909
454	2289
494	3328
512	3271
485	2663
540	2720
496	3181
466	3793
558	4887
461	4212
413	3208
456	2188
423	1909
445	1648
441	1447
487	1593
414	2187
453	1973
392	2165
449	2995
511	3650
550	2714
454	2562
462	1746
486	1347
463	1225
479	1146
451	1266
433	1409
402	1324
444	1479
466	1378
486	1175
476	1092
442	1182
450	1202
418	1146
464	1054
467	1135
391	1135
432	1326
369	1221
418	1203
396	1288
437	1160
428	1270
419	1328
451	1380
454	1210
401	1167
385	1272
415	1266
434	1191
445	1005
446	1353
463	1422
420	1230
455	1281
439	1223
405	1396
427	1417
443	1378
455	1502
517	1502
441	1127
501	1266
419	1421
398	1515
414	1567
448	1423
442	1470
450	1454
436	1463
439	1742
413	1678
455	1527
447	1631
514	1298
441	1470
506	1500
422	1260
472	1272
470	1485
485	2422
535	4123
494	2083
447	2186
434	2136
455	1580
524	1592
459	1541
479	1516
450	1447
387	1339
415	1329
410	1191
460	1471
471	1614
484	1874
477	1924
537	4461
807	9934
877	11449
738	10101
640	8174
762	9754
962	12931
737	6746
688	7537
862	9832
996	12533
747	10963
690	12403
655	10453
505	7285
554	9663
426	5481
451	1615
439	1699
455	1455
433	2262
416	1437
409	1288
390	1324
431	1494
454	2124
401	2012
456	1935
406	1972
429	1833
444	2317
435	1982
420	1507
454	1318
443	1317
469	1793
455	2321
443	1599
457	2164
427	1623
428	1578
543	6651
511	6683
514	5343
440	2775
502	4714
449	5098
567	7070
573	8017
607	7618
535	8237
487	4225
517	3621
598	6917
632	7685
645	5994
487	3963
468	3427
497	5596
523	6746
565	9339
565	5400
449	2860
468	2381
446	1908
418	1586
433	1490
404	1452
407	1310
433	1127
460	1296
408	1521
475	1777
451	1606
444	1493
444	1469
411	1238
408	1312
482	1476
432	1468
502	1287
456	1308
451	1356
450	1213
449	1202
452	1347
517	1238
548	1351
490	1477
429	1349
457	1416
439	1538
474	1757
475	1652
506	1598
511	1458
477	1401
506	1486
477	1510
541	1529
515	1507
520	1685
536	1512
511	1861
481	1833
580	1800
533	1629
493	1506
457	1305
447	1518
461	1696
492	1602
580	1766
486	2009
537	1875
478	1625
514	1527
558	1644
523	1556
512	1474
547	1499
571	1664
594	1951
565	1540
529	1621
518	1507
516	1774
567	1468
510	1559
524	1651
532	1555
531	1725
502	1516
524	1449
543	1467
574	1543
560	1275
497	1295
553	1237
568	1388
612	1324
546	1250
552	1177
539	1230
549	1314
578	1403
548	1203
548	1321
502	1314
497	1291
524	1078
543	1198
505	1245
547	1265
588	1128
489	1096
521	1137
481	1118
506	1206
464	1235
498	1448
535	1253
496	1267
483	1361
525	1632
564	1460
508	1373
493	1518
525	1532
541	1266
525	1239
476	1399
498	1279
488	1335
511	1412
458	1335
464	1187
476	1417
464	1303
483	1211
475	1381
536	1352
446	1327
548	1274
543	1329
476	1445
478	1404
508	1306
477	1648
518	1446
533	1459
535	1591
514	1499
482	1591
494	1662
505	2026
508	2288
524	2970
551	3092
513	3747
494	3622
516	3198
469	2702
519	2888
565	2769
542	3088
592	3160
583	3256
616	3806
530	3769
507	3308
473	2217
476	1552
437	1466
464	1563
405	1291
465	1372
446	1309
439	1171
405	1281
439	1213
442	1340
459	1197
448	1220
477	1293
467	1071
438	1325
458	1347
462	1474
478	1444
464	1391
497	1464
509	1532
433	1369
471	1315
490	1373
423	1353
444	1216
457	1277
457	1272
487	1433
450	1458
471	1242
438	1317
414	1284
439	1155
420	1216
437	1412
502	1162
423	1101
441	1282
451	1352
480	1470
444	1234
432	1116
449	1227
414	1248
463	1483
418	1403
463	1376
445	1450
429	1414
441	1446
487	1285
473	1529
432	1148
413	1117
487	1144
414	1256
431	1060
468	1279
457	1049
474	1417
423	1397
380	1294
408	1309
386	1229
409	1420
452	1350
445	1215
406	1306
399	1287
416	1163
414	1244
499	1261
488	1398
514	1600
446	1473
460	1226
451	1408
434	1273
524	1230
474	1427
484	1138
475	1193
571	1331
542	1324
563	1430
495	1475
503	1402
455	1164
502	1101
483	1200
518	1152
552	1076
513	1292
441	1308
476	1289
461	1185
424	1209
487	1481
500	1383
594	1259
559	1285
487	1379
476	1099
395	1269
468	1567
457	1285
427	1346
396	1320
406	1241
399	1189
456	1245
398	1153
386	1076
462	1362
449	1421
472	1209
448	1301
416	1319
419	1439
472	1522
478	1352
463	1144
442	1412
436	1421
478	1495
424	1568
418	1516
437	1662
440	1593
430	1563
458	1498
452	1443
424	1498
436	1215
481	1369
470	1421
463	1367
406	1489
412	1351
397	1451
418	1538
406	1482
383	1192
417	1305
477	1232
464	1406
490	1456
411	1616
437	1521
437	1616
414	1511
475	1520
393	1523
460	1841
465	2278
448	2554
470	2598
454	2165
490	1949
468	1768
423	1989
432	1771
481	1556
467	1598
454	1799
447	1835
478	2215
455	2196
491	2086
430	1862
466	1778
483	1545
399	1493
417	1442
375	1400
375	1432
439	1231
428	1353
456	1394
452	1241
454	1432
479	1474
447	1569
498	1497
464	1384
545	1433
471	1542
499	1390
415	1518
467	1298
470	1135
523	1319
481	1189
415	1312
389	1163
478	1234
435	1360
454	1126
444	1283
551	1348
515	1528
490	1408
440	1402
516	1565
450	1300
502	1308
495	1361
558	1462
498	1331
516	1162
470	1206
486	1301
504	1397
518	1409
544	1349
548	1453
502	1305
552	1417
559	1316
621	1384
572	1242
581	1292
541	1526
534	1606
488	1779
583	1743
592	1267
617	1379
679	1386
524	1406
552	1365
606	1196
590	1423
524	1557
570	1433
599	1493
562	1481
633	1489
541	1536
550	1505
614	1442
600	1763
641	1711
669	1866
698	1715
629	1664
626	1492
584	1400
587	1418
638	1353
671	1480
635	1425
615	1285
689	1420
627	1510
695	1393
675	1462
623	1226
685	1466
577	1470
649	1384
724	1394
656	1407
661	1461
735	1697
746	1498
695	1605
680	1589
738	1647
741	1688
720	1766
698	1661
726	1600
673	1605
694	1442
733	1580
742	1694
724	1701
677	1723
669	1675
703	1745
818	1618
678	1802
767	1551
776	1419
690	1408
755	1333
774	1476
742	1342
752	1350
717	1359
707	1385
795	1655
767	1565
727	1442
689	1681
777	1631
681	1577
720	1509
712	1688
790	1690
756	1501
720	1529
654	1474
721	1571
678	1656
748	1455
703	1633
779	1702
730	1508
694	1529
691	1611
669	1577
675	1463
660	1562
641	1676
658	1556
673	1613
611	1589
669	1533
632	1527
609	1502
629	1698
687	1675
664	1695
639	1873
571	1625
617	1592
630	1468
625	1546
626	1613
649	1472
587	1565
641	1661
601	1706
687	1676
610	1724
635	1591
650	1508
612	1417
661	1402
533	1510
557	1564
541	1512
501	1694
566	1615
513	1673
573	1488
592	1252
612	1436
559	1477
584	1495
587	1539
535	1461
568	1289
574	1260
524	1424
547	1549
555	1562
601	1483
626	1451
571	1528
546	1437
556	1404
569	1315
551	1372
522	1183
550	1201
590	1303
580	1211
599	1288
549	1239
553	1179
549	1369
549	1176
523	1418
490	1170
572	1386
546	1193
453	1205
453	1368
467	1307
506	1253
434	1159
488	1171
463	1217
449	1063
453	1078
504	1128
474	1345
470	1144
500	1153
462	1338
508	1208
487	1196
489	1234
483	1202
479	1255
457	1216
463	1300
504	1316
489	1151
452	1200
477	1108
467	1307
485	1444
512	1465
458	1224
439	1145
436	1133
472	1168
501	1342
470	1338
503	1329
446	1328
489	1233
424	1309
431	1267
407	1247
443	1240
426	1278
453	1302
422	1244
494	1366
432	1389
446	1194
393	1269
396	1297
405	1498
434	1207
363	1278
360	1397
387	1224
421	1321
441	1376
504	1296
448	1257
403	1222
423	1174
433	1301
448	1333
439	1374
453	1245
437	1368
455	1316
413	1367
391	1460
498	1270
458	1278
391	1333
436	1314
427	1105
394	1243
399	1457
440	1497
438	1443
450	1350
422	1371
372	1294
439	1264
419	1368
414	1360
505	1445
426	1450
452	1499
494	1239
414	1284
469	1163
418	969
397	1145
465	1138
483	1164
469	1255
443	1568
480	1529
498	1542
392	1480
382	1577
406	1552
385	1441
408	1306
408	1322
369	1124
461	1212
407	1268
417	1312
514	1295
423	1235
448	1163
446	1244
438	1233
432	1192
455	1129
434	1170
527	1216
512	1177
426	1451
466	1407
442	1376
481	1398
535	1336
488	1452
479	1271
454	1388
448	1407
446	1267
498	1412
449	1378
411	1211
491	1211
460	1238
469	1308
475	1338
489	1314
458	1320
466	1063
445	1403
525	1381
477	1406
466	1384
521	1515
477	1241
499	1241
430	1329
400	1289
453	1293
481	1220
505	1233
474	1171
464	1250
524	1294
450	1214
478	1203
503	1189
525	1150
442	1063
473	1149
426	1252
502	1316
493	1192
460	1206
502	1251
505	1289
463	1308
419	1326
494	1294
443	1309
491	1546
519	1377
483	1276
522	1391
504	1268
484	1327
542	1241
460	1228
479	1371
541	1305
485	1240
495	1274
487	1248
430	1095
462	1033
484	1186
440	1066
473	1140
443	1265
525	1159
500	1254
416	1357
488	1294
473	1524
443	1316
465	1910
463	2066
545	2397
504	2722
548	3369
485	2831
512	1879
485	1404
393	1242
403	1403
441	1327
435	1305
409	1276
457	1080
422	1111
426	1278
418	1307
397	1306
372	1331
434	1236
439	1167
419	1168
408	1507
398	1264
426	1120
440	948
418	1281
461	1150
479	1243
444	1296
464	1304
489	1264
456	1156
510	1357
460	1186
384	1164
413	1019
439	1112
484	1312
429	1465
462	1293
436	1490
480	1483
424	1497
465	1611
417	1653
439	1386
415	1223
420	1193
463	1383
433	1380
465	1465
450	1322
462	1300
413	1271
406	1027
397	1092
373	1119
434	1388
430	1268
400	1455
467	1311
492	1337
421	1232
417	1171
384	1225
425	1279
450	1348
477	1313
519	1490
536	1339
469	1266
504	1133
518	1457
471	1182
476	1155
472	1243
501	1288
557	1290
527	1417
563	1736
622	2277
550	2064
599	1730
601	2167
673	2312
588	1801
641	1349
652	1436
731	1366
760	1469
575	1547
544	1441
663	1461
697	1623
625	1436
596	1652
621	1745
559	1763
498	1885
463	1815
512	1814
420	1872
475	1830
460	1786
484	1609
437	1377
440	1319
412	1305
412	1538
431	1427
369	1202
385	1315
405	1436
447	1420
453	1365
421	1599
412	1791
389	1565
410	1389
395	1493
470	1390
454	1306
400	1025
413	1192
364	1237
398	1345
359	1173
405	1312
405	1397
399	1390
375	1459
418	1444
422	1309
450	1194
383	1175
362	1246
373	1367
362	1437
384	1566
404	1517
398	1495
353	1360
399	1344
367	1306
402	1293
360	1294
381	1342
401	1363
431	1497
358	1400
386	1309
349	1458
438	1332
413	1392
461	1415
428	1180
438	1145
376	1164
429	1268
381	1296
436	1057
391	1217
400	1107
368	1041
457	1220
441	1311
454	1307
376	1210
411	976
371	1033
421	1133
400	1161
427	1179
418	1257
442	1251
395	1148
387	1239
426	1251
451	1399
399	1109
431	1320
487	1319
387	1221
393	1034
431	1116
406	1057
451	1074
360	1158
399	1078
361	1230
417	1183
445	1396
425	1347
456	1392
421	1379
405	1277
456	1176
411	1144
378	1285
373	1283
406	1293
445	1687
405	1662
377	1542
372	1344
404	1350
386	1359
358	1512
318	1457
360	1611
354	1453
386	1208
424	1202
390	1344
378	1291
358	1436
373	1504
447	1420
429	1411
464	1257
392	1307
418	1507
404	1664
428	1608
397	1586
393	1576
467	1434
424	1460
447	1410
454	1582
470	1551
424	1564
464	1637
404	1588
389	1520
433	1619
375	1326
426	1353
404	1387
339	1407
405	1631
364	1488
468	1580
452	1638
478	1637
444	1596
465	1626
474	1628
413	1415
434	1310
463	1327
430	1445
499	1581
473	1554
448	1426
435	1520
449	1441
485	1558
481	1617
444	1562
458	1772
516	1601
519	1366
452	1560
511	1624
516	1642
521	1564
591	1753
561	1799
547	1603
560	1643
567	1658
554	1568
531	1554
514	1705
569	1561
572	1515
542	1451
523	1645
528	1687
597	1696
545	1539
581	1692
560	1475
586	1487
545	1446
511	1490
483	1479
527	1401
576	1600
525	1644
536	1366
470	1441
489	1563
478	1838
511	1682
448	1660
436	1705
459	1737
526	1758
511	1493
470	1523
481	1638
485	1549
525	1326
464	1489
494	1370
416	1332
485	1358
436	1255
453	1432
416	1479
415	1375
445	1187
432	1532
382	1520
415	1476
464	1386
480	1326
393	1370
420	1302
382	1238
482	1260
467	1255
403	1322
398	1231
438	1319
397	1452
433	1488
374	1438
395	1511
388	1429
371	1270
415	1167
399	1016
406	1237
499	1234
413	1299
359	1290
420	1455
415	1503
446	1405
392	1258
434	1394
362	1230
479	1238
387	1263
415	1273
427	1270
465	1278
417	1294
381	1474
399	1276
448	1179
442	1062
409	1304
348	1059
424	1186
444	1468
421	1246
406	1343
341	1122
395	1218
415	1520
361	1217
420	1136
416	1197
438	1411
421	1183
530	1190
458	1220
506	1335
473	1351
435	1337
448	1499
481	1451
440	1237
526	1071
493	1157
446	1142
433	1219
502	1414
472	1294
440	1360
457	1337
450	1204
460	1273
481	1495
424	1300
437	1243
434	1185
436	1125
395	1134
467	1145
429	1187
431	1179
430	1198
393	1116
431	1260
424	1347
401	1387
427	1129
382	1100
436	1105
472	1018
417	1178
459	1250
432	1175
454	1354
437	1215
505	1147
470	1148
469	1064
466	1133
459	1090
463	1169
460	1124
415	1139
447	1146
444	1177
419	903
409	1057
427	1210
457	1230
467	1451
494	1372
476	1302
444	1084
463	1253
508	1366
433	1450
473	1330
491	1313
485	1453
470	1206
446	1192
412	1181
405	1153
489	1150
473	1256
401	1295
491	1244
480	1285
448	1225
469	1223
433	1275
496	1305
481	1343
444	1652
438	1573
375	1494
381	1189
428	1282
385	1162
417	1122
394	1274
401	1271
425	1437
378	1247
388	1233
453	1102
438	1076
418	1318
428	1493
420	1224
480	1444
403	1280
417	1262
403	1411
386	1401
404	1338
395	1302
399	1407
388	1394
378	1306
433	1333
420	1277
387	1310
381	1248
411	1483
437	1330
400	1280
377	1039
408	1013
359	1022
396	1154
396	1118
407	1184
390	1117
444	1203
392	1285
408	1408
377	1477
401	1232
447	1193
400	1339
411	1350
400	1149
403	1216
425	1301
393	1264
460	1161
409	1334
417	1231
398	1079
462	1272
437	1261
432	1336
388	1133
431	1197
462	1471
433	1498
428	1732
417	1882
370	1969
463	1564
400	1394
381	1472
428	1524
458	2898
486	2111
433	1434
432	1550
430	1432
475	1513
485	1734
395	1810
466	1696
400	1718
533	1829
524	1776
511	1439
476	1306
488	1180
511	1269
503	1365
492	1510
490	1683
468	1386
448	1218
461	1333
487	1191
428	1310
428	1219
450	1174
418	1283
495	1237
475	1268
466	1349
480	1271
502	1186
403	1107
426	1134
401	1275
527	1280
504	1293
538	1245
549	1257
546	1409
509	1293
521	1438
483	1567
479	1765
439	1426
511	1439
485	1629
512	1859
522	1789
474	1726
562	1744
527	1694
539	2122
606	1584
669	1647
698	1754
783	1739
758	1504
777	1540
934	1763
849	1724
866	1902
930	2303
997	3339
953	3294
1177	2575
1338	3249
1199	3613
1238	3723
1110	3295
1126	3115
1283	2997
1235	2588
1027	2271
1114	2115
1164	1970
1284	1978
1131	1978
1172	2025
1056	1987
1103	1775
1261	1695
1345	1911
1524	2292
1589	2465
1886	2948
2242	4004
2603	4455
2654	4603
2618	4269
2566	4399
2529	4817
2461	4344
2637	3828
2335	3138
2146	2549
1881	2292
1663	2220
1513	2216
1425	2037
1570	2224
1744	2350
1960	2408
2015	2721
2257	3314
2270	3778
2271	3712
1846	3368
1749	2942
1515	2868
1544	2995
1542	2673
1524	2495
1217	2483
1190	2327
1390	2321
1320	2312
1234	2081
1124	1812
1176	1714
1093	1795
1098	1885
1021	2017
915	1835
946	1700
1011	1898
1076	1923
1016	1954
937	2007
869	2153
805	1914
883	2120
813	1849
827	1784
724	1632
815	1716
789	1667
749	1712
754	1382
775	1375
728	1245
729	1437
713	1502
660	1454
584	1384
623	1160
547	1093
500	1157
522	1209
522	1158
511	1307
491	1264
558	1386
517	1252
531	1459
603	1525
476	1230
507	1395
532	1199
496	1081
470	1335
551	1276
482	1318
493	1374
518	1445
470	1241
435	1313
461	1298
478	1405
413	1313
462	1334
434	1334
424	1332
446	1315
503	1486
469	1303
470	1386
478	1207
499	1428
482	1390
508	1326
492	1293
491	1139
536	1158
486	1252
431	1248
462	1329
402	1259
445	1100
481	1280
436	1341
471	1324
433	1276
424	1314
448	1305
497	1366
450	1440
438	1304
475	1097
497	1068
450	1114
433	1104
394	1259
443	1322
415	1246
407	1446
395	1246
408	1323
481	1523
446	1414
422	1211
440	1210
411	1346
405	1219
411	1238
468	1224
346	1209
427	1208
377	1157
371	1167
427	1072
409	1151
471	1256
358	1279
384	1324
364	1279
348	1223
414	1204
395	1436
435	1310
412	1259
395	1297
394	1239
431	1291
415	1288
467	1219
435	1269
441	1303
391	1247
436	1267
421	1588
474	2262
476	1570
447	1215
422	1541
469	1609
448	1686
472	1439
471	1211
434	1462
532	1570
432	1397
420	1296
420	1533
418	1449
428	1333
457	1321
450	1296
468	1194
484	1317
406	1173
476	1257
460	1354
446	1541
457	1430
435	1336
473	1296
460	1272
444	1098
464	1193
491	1283
473	1336
410	1393
461	1443
419	1553
465	1458
431	1283
413	1312
483	1598
468	1954
435	1980
476	1782
499	1702
536	2726
572	2872
526	3009
491	2108
474	1641
478	1326
496	1666
483	1605
390	1722
418	1755
477	2531
522	2749
514	2995
524	2433
494	2357
469	2616
479	2604
419	2475
444	1678
436	1308
414	1626
491	2240
597	3180
536	2753
540	2360
433	2085
467	5426
512	6950
408	3524
443	2925
405	2576
423	2233
419	3021
402	2924
512	3107
445	2896
496	3147
503	3414
484	2971
436	2234
452	2268
443	2233
461	1880
429	1636
458	1468
439	1537
436	1416
518	1650
468	1342
473	1261
461	1146
469	1280
512	1327
512	1092
543	1160
564	1371
570	1338
492	1163
572	1366
596	1151
486	1169
471	1254
464	1281
413	1256
454	1404
458	1181
484	1386
494	1014
482	1163
491	1275
464	1275
480	1406
543	1291
457	1211
447	1235
416	1278
445	1211
460	1485
534	1324
480	1307
505	1117
397	1153
436	1241
446	1268
497	1048
434	1200
435	1590
452	1800
482	1566
421	1442
455	1361
408	1333
431	1518
471	1383
461	1407
428	1324
468	1225
459	1350
462	1378
452	1336
443	1172
443	1125
427	1132
471	1013
435	1163
467	1315
472	1379
557	1758
493	1540
428	1521
506	1423
481	1590
485	1275
502	1359
496	1241
461	1151
435	1207
464	1324
441	1140
422	1158
451	1367
478	1117
432	1230
452	1190
392	1468
443	1428
486	1335
455	1455
453	1519
401	1635
374	1535
439	1547
479	1489
453	1435
426	1329
416	1616
486	1414
464	1554
409	1624
464	1525
496	1504
510	1467
454	1395
520	1474
461	1512
507	1606
520	1494
503	1405
467	1613
440	1672
427	1681
479	1934
448	1917
440	1894
460	1476
452	1652
486	1546
463	1535
499	1370
485	1415
485	1306
502	1533
507	1258
502	1440
516	1426
433	1340
468	1349
477	1405
506	1599
482	1645
459	1725
513	1688
436	1668
466	1576
516	1771
473	1744
476	1853
487	2057
507	1847
506	1785
489	1810
535	1830
511	1882
576	1990
582	2226
536	2019
511	1943
524	1861
525	1613
475	1492
488	1636
520	1678
484	1472
512	1706
451	1405
505	1296
501	1315
496	1437
544	1327
573	1373
546	1484
521	1263
506	1398
503	1382
470	1591
546	1765
550	1915
573	1595
519	1797
529	1730
481	1722
488	1604
466	1850
470	1488
428	1479
431	1409
436	1333
462	1387
469	1291
502	1351
447	1293
449	1309
468	1485
440	1407
430	1545
440	1584
405	1477
430	1180
399	1181
406	1326
439	1120
450	1188
531	1150
473	1334
500	1350
541	1422
472	1305
505	1210
508	1217
484	1214
449	1255
433	1245
467	1414
490	1644
471	1429
546	1592
496	1690
548	1550
711	1428
619	1494
663	1453
537	1471
567	1306
494	1264
492	1454
544	1388
534	1253
518	1260
437	1410
489	1398
473	1439
467	1626
435	1420
461	1451
464	1317
436	1320
445	1389
423	1376
505	1281
477	1398
483	1402
418	1731
438	1780
450	1691
434	1614
454	1833
501	1392
437	1389
449	1297
408	1449
489	1303
476	1543
442	1438
517	1478
500	1761
465	1901
429	1553
485	1573
485	1827
586	3236
587	5531
435	1776
476	2044
444	1413
408	1366
471	3345
580	6227
560	4141
695	8525
608	6207
489	2736
464	2412
523	2650
455	2091
419	1184
470	1055
454	1214
496	1131
436	1134
398	1116
465	1357
438	1220
414	1237
463	1130
466	1027
456	1060
458	1156
500	1218
505	1222
489	1478
472	1297
492	1173
437	1146
456	1278
480	1240
447	1114
386	1174
415	1110
403	1123
407	1090
411	1071
406	1098
406	1165
449	1208
494	1050
452	943
469	1028
431	1260
427	1278
456	1343
397	1489
437	1498
406	1384
402	1497
398	1571
433	1526
378	1297
436	1075
413	1121
410	1237
486	1424
464	1138
448	1195
474	1281
444	1278
491	1286
418	1435
451	1470
459	1481
501	1634
469	1446
431	1424
479	1563
390	1279
419	1476
395	1266
393	1378
410	1220
464	1353
407	1293
438	1212
459	1282
450	1444
468	1693
450	1396
450	1291
427	1190
485	1441
411	1357
470	1426
433	1249
478	1107
413	1113
442	1019
443	1081
466	1110
486	1155
409	991
446	1168
428	1179
460	1261
472	1478
458	1350
445	1134
526	1600
458	1727
449	1642
443	1729
454	1736
460	1692
485	1620
489	1544
438	1374
507	1551
522	1516
485	1559
553	1601
518	1571
481	1561
512	1729
447	1451
465	1318
451	1646
503	1500
479	1519
470	1646
439	1481
493	1404
455	1269
443	1226
524	1323
427	1331
492	1528
467	1383
478	1345
369	1430
402	1249
465	1343
491	1377
458	1214
416	1347
411	1201
480	1224
434	1247
444	1196
461	1157
404	1373
447	1505
415	1370
453	1396
459	1252
423	1164
433	1148
414	1271
444	1231
499	1346
451	1468
441	1693
402	1372
351	1235
361	1032
354	1309
375	1406
430	1867
393	1930
449	2244
425	1443
392	1170
456	1237
442	1192
416	1197
422	1176
388	1109
482	1108
439	1289
426	1202
391	1162
390	1048
416	1190
448	1325
362	1105
423	1312
360	1248
397	1199
447	1430
432	1427
467	1291
511	1307
472	1348
444	1316
472	1155
419	1290
476	1115
441	1178
468	1239
465	1210
451	1219
503	1188
436	1204
470	1331
488	1357
430	1309
514	1145
499	1155
468	1159
470	1142
453	1237
438	1045
419	1027
414	1363
453	1235
424	1264
412	1120
413	1109
451	1301
467	1256
472	1316
419	1346
396	1254
428	1183
390	1153
440	1191
454	1296
418	1226
411	1270
388	1097
407	1294
379	1150
387	1220
442	1075
445	1342
394	1177
404	1306
436	1646
467	1403
470	1451
409	1527
408	1410
447	1177
408	1158
357	1360
391	1429
387	1384
437	1475
373	1636
358	1263
333	1339
429	1508
401	1333
400	1388
408	1206
376	1219
433	1295
472	1600
420	1452
397	1318
401	1080
355	1198
402	1163
451	1273
443	1259
423	1308
407	1108
411	1218
362	1188
399	1134
397	1049
400	1015
376	1036
435	915
392	1207
376	1277
397	1249
388	1213
383	1168
413	1282
396	1378
357	1240
406	1482
415	1399
405	1388
374	1368
406	1124
417	1267
442	1157
481	1462
428	1555
430	1455
410	1325
417	1406
419	1361
437	1370
453	1206
427	1311
400	1240
370	1183
456	1384
477	1207
377	1147
385	1268
426	1290
438	1539
464	1201
390	1352
445	1397
433	1314
483	1112
414	991
382	1141
376	1253
412	1314
382	1273
380	1289
403	1432
390	1367
401	1298
450	1339
404	1360
422	1322
420	1358
405	1317
479	1198
465	1371
467	1218
458	1331
405	1542
394	1383
432	1470
383	1491
415	1557
405	1369
412	1317
393	1206
435	1202
395	1314
429	1077
374	1335
448	1291
483	1219
416	899
369	1121
428	1080
434	907
455	1197
436	1130
419	1019
390	1095
426	1275
426	1221
392	1255
478	1229
404	1241
417	1132
400	1214
404	1210
388	1133
367	1055
364	1169
404	1101
407	1101
386	1129
436	1094
429	1193
452	1329
422	1275
407	1408
446	1426
458	1192
490	1257
469	1200
442	1252
444	1092
410	1117
456	1139
453	1354
491	1247
463	1133
459	1007
422	998
425	1141
441	1183
453	1302
515	1274
441	1254
424	1085
483	1089
485	1051
490	1203
508	1201
465	1187
426	1376
442	1331
467	1350
533	1233
474	1180
509	1208
503	1100
526	1243
579	1270
498	1267
449	1212
514	1174
523	1370
449	1202
488	1233
471	1253
447	1405
428	1155
407	1221
454	1134
434	1117
457	1184
510	1149
507	1267
491	1287
554	1166
579	1259
542	1291
523	1211
544	1179
500	1274
476	1106
519	1255
445	1104
431	1201
403	1108
391	1101
405	1167
448	1353
452	1325
473	1199
450	1132
434	1075
427	1063
419	1122
375	1279
428	1212
397	1251
410	1149
400	1255
449	1148
404	1251
487	1399
421	1351
427	1305
472	1442
438	1358
392	1289
420	1252
422	1401
414	1518
457	1189
451	1211
436	1289
433	1329
440	1303
414	1030
432	1028
457	1203
448	1176
423	1146
371	1234
439	1211
395	987
420	1186
445	1080
402	1170
420	1129
435	1052
410	1194
419	1311
361	1310
464	1414
387	1349
435	1267
418	1275
429	1218
453	1380
434	1377
427	1171
378	1236
431	1370
403	1440
364	1287
391	1095
458	1094
416	1145
438	1188
409	1122
413	1264
459	1125
425	1212
401	1162
426	1315
411	1166
387	1264
383	1399
470	1266
444	1450
445	1544
461	1183
404	1352
442	1620
420	1168
427	1182
412	1296
424	1178
445	1113
369	1396
422	1032
452	1198
444	1078
421	1147
367	1057
375	1054
412	1062
389	1028
404	1060
385	1335
395	1228
422	1588
398	1432
427	1579
502	1532
435	1368
416	1622
486	1537
510	1276
466	1425
445	1341
437	1385
438	1356
446	1364
492	1315
442	1267
424	1465
417	1424
408	1379
412	1357
452	1260
448	1307
433	1286
420	1370
460	1834
442	1709
476	1320
499	1262
530	1234
504	1433
567	1472
599	1568
550	1744
554	2089
563	1531
570	1397
562	1263
575	1265
571	1418
486	1269
543	1374
516	1249
575	1263
573	1297
509	1271
474	1454
512	1489
470	1378
465	1514
487	1370
527	1485
491	1515
489	1663
510	1410
447	1187
512	1240
452	1135
455	1260
429	1241
503	1491
454	1362
418	1196
456	1320
450	1257
453	1376
519	1434
453	1325
457	1317
462	1138
395	1227
450	1115
415	1216
456	1145
394	1017
425	1077
433	970
423	1120
380	1150
421	1130
426	1217
445	1116
446	1089
393	997
470	1048
371	1128
413	1235
470	1578
436	1411
388	1308
408	1053
382	1104
435	1164
386	1296
413	1313
460	1258
470	1246
421	1222
393	1165
425	1263
449	1324
397	1222
409	1258
447	1294
464	1278
406	1262
394	1204
427	1189
452	1311
425	1215
397	1211
405	1123
425	1084
464	1022
464	1145
486	1193
430	1250
442	1174
489	1222
397	1079
434	1191
520	1134
468	1235
540	1149
527	1269
437	1015
436	1126
433	1382
473	1226
447	1319
433	1176
459	1315
384	1264
478	1197
444	1080
433	1186
414	1168
443	1106
459	1183
439	1126
453	1109
488	1050
466	1167
452	1255
406	1250
401	1296
378	1419
441	1380
433	1177
439	1343
344	1183
435	1159
401	1234
454	1226
458	1172
404	1467
472	1681
414	1468
476	1368
426	1438
453	1444
402	1435
425	1499
472	1668
429	1723
464	1555
430	1503
442	1261
408	1314
421	1424
376	1457
395	1541
463	1377
454	1440
434	1487
460	1474
453	1313
420	1419
442	1429
439	1312
416	1271
431	1372
453	1208
416	1255
425	1180
424	1293
382	1257
444	1291
443	1398
405	1221
430	1213
394	1198
384	1334
459	1397
468	1384
406	1425
444	1433
462	1550
434	1242
406	1216
423	1266
443	1271
381	1177
409	1259
469	1343
463	1516
472	1180
431	1127
479	1182
488	1322
509	1307
495	1182
451	1205
436	1243
478	1421
416	1310
434	1307
402	1182
443	1364
471	1370
424	1298
430	1151
415	1249
433	1145
464	1301
513	1244
468	1090
449	1199
494	1250
498	1265
494	1089
501	1342
452	1163
428	1305
532	1323
510	1305
472	1173
501	1274
453	1527
481	1347
513	1337
453	1418
521	1391
551	1354
474	1573
493	1509
501	1596
486	1469
530	1502
499	1644
507	1692
483	1747
475	1499
424	1400
514	1443
520	1650
505	1658
447	1442
454	1440
458	1359
458	1500
441	1662
450	1817
515	1752
431	1681
445	1685
496	1606
472	1316
479	1482
539	1590
475	1605
457	1364
450	1376
430	1556
484	1413
469	1467
479	1460
413	1505
426	1375
421	1351
479	1379
403	1540
436	1517
443	1363
470	1528
430	1614
463	1476
462	1413
431	1502
443	1578
446	1511
413	1647
486	1526
475	1687
453	1614
424	1540
497	1525
512	1639
546	1520
471	1617
466	1579
521	1525
516	1700
500	1901
481	1659
502	1610
554	1791
495	1634
493	1689
495	1734
483	1825
490	1622
511	1618
524	1719
584	1392
579	1679
525	1751
480	1586
552	1533
612	1534
633	1505
662	1504
672	1482
670	1302
742	1381
673	1500
653	1548
694	1510
781	1417
750	1363
774	1256
721	1059
823	1268
869	1216
840	1320
874	1468
854	1300
853	1443
846	1455
893	1498
841	1374
873	1515
953	1471
1029	1384
951	1397
1030	1298
1012	1416
963	1332
1068	1460
1075	1498
1132	1460
1236	1298
1143	1322
1223	1242
1246	1418
1289	1522
1361	1409
1314	1487
1364	1455
1315	1563
1320	1574
1269	1636
1203	1361
1227	1400
1241	1537
1318	1413
1212	1587
1249	1493
1287	1371
1375	1507
1288	1599
1303	1522
1420	1578
1340	1644
1343	1576
1398	1455
1413	1515
1464	1739
1491	1633
1383	1573
1359	1588
1341	1599
1305	1509
1272	1546
1305	1765
1387	1565
1273	1502
1222	1523
1244	1429
1239	1589
1285	1449
1273	1747
1262	1568
1469	1497
1517	1738
1300	1596
1309	1515
1380	1554
1476	1461
1503	1457
1458	1887
1405	1757
1351	1505
1317	1549
1290	1427
1347	1253
1314	1491
1248	1518
1274	1393
1375	1277
1377	1493
1453	1272
1527	1382
1500	1352
1413	1343
1509	1519
1487	1407
1424	1529
1421	1358
1365	1355
1303	1268
1304	1241
1092	1408
1065	1498
1183	1478
1057	1475
1040	1505
1054	1415
1029	1417
1089	1409
1108	1481
1030	1500
925	1686
786	2330
719	1944
721	1400
715	1416
719	1428
621	1449
702	1414
748	1318
676	1411
647	1453
718	1413
608	1315
640	1257
679	1299
634	1195
611	1170
561	1111
569	1221
539	1213
483	1150
516	1167
508	1117
438	1266
428	1266
521	1403
499	1357
503	1260
480	1193
466	1121
503	1401
479	1376
478	1272
504	1295
449	1419
453	1345
448	1380
450	1232
477	1158
430	1075
465	1240
436	1407
437	1230
454	1320
466	1296
480	1347
412	1417
435	1388
451	1345
548	1437
509	1438
511	1255
450	1472
449	1386
479	1344
522	1333
512	1364
544	1423
490	1293
591	1052
494	1222
589	1454
504	1316
617	1249
573	1116
517	1335
547	1270
526	1226
566	1397
579	1216
590	1224
537	1136
614	1341
536	1485
528	1444
480	1442
509	1471
535	1215
616	1579
526	1071
549	1260
538	1348
525	1535
505	1440
531	1374
525	1285
524	1431
542	1547
521	1506
603	1477
639	1339
557	1402
590	1414
535	1517
504	1412
585	1297
570	1327
563	1431
620	1371
588	1258
593	1512
564	1414
518	1446
557	1269
543	1415
645	1386
672	1425
607	1484
620	1475
677	2038
870	3528
997	4454
986	4497
1039	4523
1131	4772
1622	5924
1835	7258
1697	5688
1423	4482
1484	4219
1828	5031
2522	5688
2927	5968
2858	5811
2649	5299
3161	5270
3894	6754
4070	6342
3693	6158
3439	5727
3540	6017
4045	7016
4326	7492
4313	7914
3856	7796
4216	8275
5092	9101
5513	10003
6080	10869
5622	10638
5461	10127
6364	11749
6940	12509
6857	12299
6886	12039
6736	11983
7227	12809
7606	13769
7543	13831
7531	13720
7497	13688
8158	14009
8260	14645
8505	15288
8243	15100
8004	15176
8210	15013
8322	14641
8775	13665
8593	13797
8552	13878
8455	13818
8859	14108
9546	14469
9173	14442
8877	14080
9022	14024
8808	13906
8393	13674
8021	13592
8019	13291
7864	13402
7597	13273
7196	13187
6410	12535
6388	12661
6390	12917
6320	12711
5843	12063
5226	11208
4996	10774
5297	10886
5324	10944
4598	9545
3826	8244
3653	8101
3309	7563
3426	7162
2620	5831
1729	4555
1357	3492
1424	4134
1506	4091
1189	3369
914	2040
831	1737
911	2122
1045	1966
978	1744
771	1490
690	1467
667	1544
677	1523
664	1358
557	1417
513	1365
527	1416
553	1356
460	1502
455	1301
437	1109
454	1203
410	1385
497	1301
495	1415
467	1439
539	1130
482	940
431	1185
448	1082
475	1096
525	1125
476	1209
462	1294
472	1154
486	1253
445	1220
440	1219
461	1147
426	1111
473	1003
463	1246
422	1115
442	1229
449	1374
431	1316
460	1162
421	1267
492	1241
473	1217
461	1470
431	1427
442	1397
465	1335
478	1406
473	1031
518	1340
485	1276
483	1136
454	1182
455	1158
477	1214
486	1246
553	1095
502	1112
505	1291
472	1294
476	1126
491	1419
470	1429
461	1341
493	1473
524	1284
464	1218
454	1177
492	1229
475	1351
447	1354
482	1247
509	1304
488	1167
472	1174
546	1124
528	1232
486	1268
532	1218
548	1527
548	1448
683	1381
698	1234
628	1198
588	1280
667	1159
725	1199
716	1181
760	1305
743	1377
804	1268
780	1431
886	1371
924	1446
1006	1324
1033	1311
1157	1291
1470	1495
1530	1432
1523	1535
1532	1443
1726	1641
1741	1596
1790	1699
1755	1726
1602	1371
1571	1538
1563	1658
1706	1664
1718	1669
1626	1570
1780	1529
1787	1731
1898	1748
1944	1732
2069	1817
2323	2182
2537	2037
2694	2488
2816	2356
2888	2282
3064	2482
3035	2355
3037	2487
2964	2518
2736	2331
2565	2171
2413	1934
2340	2190
2198	2062
2169	2025
2102	1977
2142	1894
2309	2229
2436	2436
2648	2374
2646	2535
2869	2600
3120	2674
3260	2822
3454	2789
3356	2687
3524	2962
3439	3121
3578	3147
3437	2997
3252	2869
3056	2788
2978	3266
2914	3146
2804	3004
2624	2870
2652	2799
2705	3141
2981	3578
3274	3726
3381	3992
3615	4368
3933	4725
3799	5001
3692	5050
3829	5197
4011	5300
3803	5276
3332	5293
3012	5441
2756	5064
2768	4713
2770	4467
2524	4326
2477	4348
2484	4137
2530	4155
2402	3988
2347	4125
2516	4194
2537	4654
2510	5010
2710	5792
2637	6302
2723	6749
2706	7522
2793	7715
3146	8082
2951	8196
3040	7787
2969	7236
3217	6995
3303	6389
3294	5799
3188	5082
2994	4559
3050	4428
2957	4413
2896	4574
3063	4366
3373	4649
3386	4662
3453	4871
3581	5035
3986	5131
4366	5407
4548	5584
4359	5681
4479	5703
4878	5712
5007	5385
4611	5055
4349	4411
4096	4063
3845	3898
3665	3749
3382	3423
3461	3359
3504	3258
3628	3520
3734	3330
3847	3488
4160	3822
4419	4120
4538	4516
4438	4147
4410	3775
4407	3938
4289	3871
4259	3924
4037	3783
4116	3979
4006	3800
3850	3333
3516	3239
3459	3099
3295	2884
3108	2957
3096	2812
3138	2649
3151	2622
3482	2572
3623	2846
3727	3137
3885	3093
3768	3034
3812	3408
3738	3438
3717	2928
3626	3130
3477	2935
3353	2554
2614	2025
2404	1827
2242	1879
2098	1798
1928	1974
1789	1961
1842	1902
1792	1848
1794	1939
1799	2138
1793	2467
1753	2841
1572	2805
1563	2430
1706	2371
1700	3078
1690	3933
1582	3419
1482	3022
1496	2722
1328	3521
1331	4012
1231	3590
1158	3253
1096	3107
1142	3070
1012	3196
1146	3558
1089	3396
1084	3765
985	4374
951	4679
866	4966
954	5783
1072	6435
1089	5859
821	5262
769	5494
756	4452
657	3492
639	2974
512	2199
495	1886
479	1647
500	1943
559	1871
476	1699
470	1492
478	1285
502	1281
514	1415
440	1300
475	1340
450	1458
438	1345
435	1178
449	1480
495	1552
461	1759
532	1533
509	1375
569	1310
540	1237
477	1178
478	1263
515	1189
478	1265
479	1261
603	1442
513	1448
537	1227
473	1071
582	1228
542	1312
567	1257
581	1228
607	1314
606	1186
545	1478
580	1522
580	1594
551	1415
535	1385
605	1564
581	1558
573	1695
581	1472
533	1322
602	1334
575	1374
560	1390
585	1353
629	1341
583	1463
621	1516
589	1528
579	1446
547	1333
560	1433
642	1543
608	1412
575	1337
622	1306
654	1321
657	1416
626	1423
688	1527
660	1511
572	1600
556	1751
568	1966
600	2106
656	1915
622	2190
576	2137
526	2108
498	1547
529	1560
500	1546
554	1428
523	1511
518	1366
503	1474
541	1369
537	1284
506	1386
505	1459
496	1343
482	1250
524	1496
496	1610
553	1423
516	1481
486	1556
542	1356
534	1421
501	1260
526	1315
496	1375
548	1393
533	1508
496	1494
613	1668
606	1479
597	1659
704	1591
744	1675
805	2021
756	2081
734	1815
744	1754
788	1943
785	1586
737	1665
718	1758
716	2106
812	2402
798	2564
734	2200
701	2181
760	2302
769	2289
815	2204
909	2348
860	2223
861	2229
877	2040
942	1907
891	1829
789	1885
771	1833
777	1849
779	1792
706	1693
668	1765
685	1873
697	1887
740	1945
821	1846
723	2007
771	2052
904	2023
1018	2132
1094	1998
1195	2264
1386	2388
1504	2308
1380	2366
1284	2377
1174	2245
1079	2093
987	2119
866	1945
806	2108
741	2046
709	1918
721	1651
774	1645
667	1878
730	1818
855	1841
917	1753
1106	1665
1271	1908
1356	2329
1514	2313
1638	2369
1787	2595
1675	2553
1573	2559
1416	2569
1253	2323
1138	1908
869	1787
822	2171
686	2169
759	2287
764	1926
662	1800
653	1669
655	1759
713	1845
804	1925
862	1989
898	1939
1041	1877
1146	2120
1433	2444
1380	2325
1365	2179
1179	2285
1197	1882
1037	1849
968	1773
823	1821
764	1751
661	1514
678	1498
634	1715
642	1584
647	1507
676	1496
628	1590
779	1622
845	1789
938	1730
831	1706
856	1707
913	1691
889	1894
809	1748
695	1499
663	1695
730	1702
679	1806
640	1626
607	1668
612	1641
664	1624
678	1682
650	1430
587	1558
549	1602
577	1512
522	1549
561	1351
540	1464
478	1474
550	1586
496	1607
523	1638
520	1505
523	1365
496	1362
442	1364
519	1342
571	1566
554	1581
523	1661
529	1510
531	1508
559	1534
518	1465
528	1682
597	1666
541	1674
531	1478
560	1591
536	1414
560	1438
525	1339
511	1514
503	1680
563	1546
560	1476
517	1635
541	1636
517	1439
494	1327
540	1344
676	1402
538	1368
556	1596
518	1466
535	1415
546	1369
510	1529
555	1449
551	1469
527	1186
589	1546
521	1386
603	1518
531	1489
595	1435
515	1455
525	1414
526	1341
550	1224
532	1214
520	1355
577	1125
550	1322
528	1345
623	1342
560	1401
567	1340
519	1339
570	1419
553	1093
574	1259
589	1597
617	1385
603	1351
620	1564
634	1221
608	1214
569	1344
632	1356
574	1285
685	1371
663	1336
599	1347
583	1465
552	1373
556	1284
598	1176
605	1274
674	1605
584	1409
569	1383
576	1414
572	1306
549	1327
504	1510
556	1317
535	1358
531	1525
538	1507
612	1602
547	1558
563	1446
473	1503
491	1398
485	1464
579	1309
616	1484
511	1339
598	1393
549	1576
494	1412
524	1351
552	1318
531	1460
512	1483
492	1261
481	1419
516	1231
518	1539
533	1371
518	1276
518	1446
510	1354
515	1593
494	1442
486	1505
509	1285
557	1266
530	1279
525	1281
425	1322
462	1258
499	1296
461	1230
522	1320
483	1412
534	1276
524	1219
456	1204
520	1097
485	1258
455	1094
512	1055
528	1038
484	1081
539	1079
499	1123
501	1222
500	1123
523	1252
435	1175
521	1443
467	1384
446	1416
492	1492
460	1308
435	1317
438	1404
437	1207
441	1210
490	1164
443	1362
433	1404
459	1269
479	1375
479	1337
507	1343
551	1443
509	1381
541	1420
646	1233
583	1411
555	1438
596	1514
647	1574
636	1484
535	1583
635	1668
742	1674
988	2166
1163	2561
1123	2334
1163	2638
1662	4207
2140	5419
2278	5580
2256	5739
2595	6369
3714	9064
5175	12067
5632	12670
5820	12368
5585	11859
5853	12028
5910	11720
6142	11426
6139	11687
6096	11896
6205	11551
6022	11243
5749	10400
5855	10582
5343	10439
5528	9865
5335	9293
4788	7877
4279	6557
3903	5951
3947	6005
3688	5166
2651	3507
2418	3025
2527	3080
2677	3397
2328	2688
1628	2313
1378	2121
1362	2011
1364	1994
1433	2121
1217	1962
1169	1866
1145	1854
1199	1920
1139	1944
1166	1771
1147	1900
1115	1704
1201	1672
1097	1719
1173	1822
1327	1810
1302	1687
1366	1781
1396	1744
1337	1926
1371	1940
1605	2048
1477	2067
1567	1890
1509	2017
1631	1986
1654	2183
1664	1992
1677	2064
1700	1971
1797	2022
1818	2280
1967	2134
1877	2095
1892	2096
1938	2373
1847	2317
1829	2150
1869	2140
1882	2018
1889	2333
2069	2432
2158	2401
2051	2306
2127	2313
2204	2244
2200	2166
2247	2070
2202	2149
2213	2167
2165	2160
2201	2209
2156	2237
1931	2310
1985	2353
2036	2246
2092	2428
2184	2289
2158	2345
2235	2408
2120	2475
2363	2523
2401	2443
2460	2330
2520	2191
2544	2402
2562	2384
2628	2395
2697	2500
2618	2387
2501	2416
2470	2520
2308	2508
2234	2282
2360	2233
