440	1026
444	918
384	972
478	1060
456	1029
415	878
416	918
416	945
447	924
409	892
428	843
448	828
445	741
364	853
403	927
367	1066
391	988
371	943
395	872
397	782
416	898
404	888
432	1110
431	932
446	1022
408	1095
473	1145
434	959
375	796
370	897
380	932
410	804
379	721
412	637
412	785
451	897
412	807
438	834
419	837
481	821
423	718
426	782
391	640
392	643
435	662
427	640
430	685
363	905
330	968
365	838
391	919
373	792
375	951
338	995
330	926
393	904
402	742
331	793
337	992
379	1160
373	995
338	1112
394	1048
408	900
435	1124
396	1191
452	1019
366	984
379	1116
419	1086
386	997
427	887
358	1004
364	995
370	1016
411	958
304	769
402	824
350	883
413	1112
377	925
410	763
402	774
443	874
372	871
398	1069
360	997
398	1062
384	951
383	944
375	1233
383	1133
379	927
384	769
388	778
365	765
344	768
448	949
372	866
378	985
364	941
350	857
364	814
375	831
373	718
398	765
393	836
395	942
369	939
376	830
381	844
346	842
320	777
342	714
329	850
364	850
413	832
278	750
315	895
315	853
326	868
334	1158
322	898
338	1012
360	1124
379	921
384	1017
349	1165
335	1130
331	1012
352	883
374	888
386	925
364	981
329	810
388	757
363	793
362	792
347	760
362	754
374	980
365	1045
426	858
401	1001
422	862
419	868
404	896
377	943
429	1105
395	948
426	844
424	906
391	965
373	891
416	863
445	841
391	803
394	894
380	906
378	1044
431	952
352	895
346	833
370	1065
393	1023
358	1045
305	1165
297	1077
315	879
335	977
322	976
327	1091
345	1023
340	1054
316	949
274	880
298	1061
394	1144
311	914
328	1048
326	1110
341	976
317	1109
314	1092
333	1111
386	1056
310	891
337	837
326	1006
304	1286
331	928
279	845
285	820
367	880
315	997
282	975
305	1115
301	1151
312	1164
316	1012
360	888
335	852
341	864
377	848
334	901
335	795
302	965
297	955
353	1073
304	963
318	960
316	938
306	969
302	1062
302	1111
312	967
261	1164
337	1450
313	1232
304	1001
306	939
297	1086
313	1163
335	1146
333	904
311	984
317	994
304	870
256	957
302	1114
272	1075
288	790
249	789
311	881
281	911
317	916
301	915
296	1035
302	1065
313	924
309	1000
314	921
281	1007
297	922
303	853
362	884
330	794
340	670
303	703
322	789
353	792
278	819
331	881
301	753
292	710
301	910
283	1034
269	823
295	927
287	870
272	900
334	864
278	775
292	761
271	830
317	826
351	758
332	844
352	965
304	977
299	918
334	903
282	1039
295	907
281	671
282	882
245	818
308	844
312	925
311	831
290	708
309	710
277	772
268	817
300	982
306	865
299	892
282	942
277	830
292	972
293	1074
314	1065
310	1076
261	1144
281	917
252	859
298	895
300	850
322	983
287	972
267	919
312	864
323	854
337	1027
310	1083
288	922
290	1054
315	864
273	882
281	878
315	852
327	782
330	941
299	972
305	926
286	828
298	980
336	999
327	1057
314	1120
364	890
325	885
335	816
315	1130
328	1022
305	776
319	854
283	1135
348	1151
310	1253
332	1059
279	1082
313	941
315	1153
318	1062
326	1055
289	1084
306	1187
309	1305
317	1311
310	992
305	976
276	933
330	937
278	835
275	907
279	1019
354	966
317	1044
315	1025
274	925
280	1004
252	944
316	1097
262	843
279	1004
246	1066
280	921
315	871
306	833
333	876
296	994
292	967
287	890
303	817
268	864
333	859
289	839
295	827
290	702
314	954
303	1054
272	983
271	998
295	1182
339	1067
352	972
320	924
308	1017
283	929
283	1132
284	973
279	757
299	767
296	931
325	922
299	702
336	736
270	895
299	1048
298	879
312	918
274	1067
286	854
277	836
332	914
261	713
344	954
354	907
274	920
305	927
272	843
293	816
292	851
340	881
339	1177
309	991
243	830
327	716
328	940
346	1095
305	956
338	1100
310	1055
309	1045
294	925
308	1027
290	1011
351	1178
305	1104
312	1030
327	968
295	887
323	985
307	953
341	1210
305	894
329	878
325	763
341	816
351	1056
311	985
326	886
332	929
300	1158
322	1187
336	907
335	1230
313	1115
295	1085
294	911
335	830
293	899
288	972
319	968
372	1034
333	1056
362	1027
384	1071
385	1068
430	957
386	1017
346	954
410	1013
416	944
426	750
415	732
398	773
423	909
531	1030
580	867
628	830
704	880
949	926
1129	857
1190	847
1230	805
1238	905
1308	1008
1405	1033
1512	952
1484	1005
1535	989
1598	1098
1779	1038
2005	1115
2015	938
1835	824
1853	943
2138	946
2108	839
1944	1040
1724	842
1651	765
1645	707
1606	819
1722	933
1741	1268
1703	1010
1770	863
1593	997
1558	881
1609	946
1712	1077
1758	1011
1639	939
1228	952
1290	1173
1044	999
921	1048
938	824
785	875
796	786
855	788
838	833
792	901
708	1054
585	958
598	899
616	984
599	943
455	861
429	1104
460	879
455	1076
392	1074
337	900
340	1024
353	897
328	1141
310	1097
320	1081
316	1018
275	1026
330	1146
298	1213
263	1313
265	1264
319	1157
301	1023
362	963
311	1100
353	1113
365	990
279	825
326	903
308	851
292	921
278	998
286	1018
296	963
294	819
275	1020
323	928
318	1113
329	957
317	959
272	907
294	913
293	964
304	1051
257	1067
325	1070
254	1011
325	880
257	989
322	1059
294	1162
236	1071
287	1052
318	1161
313	997
304	962
302	893
269	1064
299	957
300	962
251	914
260	864
310	847
250	884
292	1094
268	867
287	1035
279	938
296	993
290	969
316	884
297	1078
294	1040
268	1001
327	1113
295	1063
309	1064
315	1025
288	955
296	1149
287	979
352	1027
270	1094
299	949
293	888
262	891
278	975
323	1089
345	1140
331	1088
286	1068
292	925
293	887
298	1033
336	1050
307	853
351	1037
293	1031
305	927
298	1055
346	962
331	1031
297	977
300	905
346	993
325	948
280	1112
290	1081
284	824
290	940
322	894
326	1231
267	1173
280	789
288	803
268	724
286	937
271	902
283	800
333	993
299	1035
266	956
323	922
321	865
293	891
292	916
288	908
306	923
261	876
290	928
286	943
285	994
291	1041
288	997
334	988
306	970
257	1152
312	1045
264	1010
263	890
271	925
279	962
269	1133
306	1158
307	1402
290	1061
286	832
324	860
313	1034
263	883
279	1068
309	908
271	919
321	1104
270	966
275	1110
238	852
286	971
282	962
271	904
282	1087
313	1125
264	924
288	1058
258	1057
324	1039
297	1151
309	1008
280	885
274	1055
272	903
276	1010
284	1057
296	864
281	814
315	1104
298	885
329	856
321	1070
306	922
308	919
300	755
326	877
296	722
276	820
306	951
285	925
348	978
373	980
370	1018
353	1001
342	923
382	920
375	991
330	835
335	999
354	898
317	961
331	1005
345	1194
326	965
296	885
273	907
278	839
302	941
310	991
319	991
328	827
302	750
315	738
313	601
293	814
303	783
297	1015
311	1025
297	1203
293	1255
285	1208
303	1212
324	1257
276	1291
360	1279
292	1041
333	999
283	911
278	922
327	1016
308	956
294	901
287	873
353	900
331	1008
382	1146
339	1029
318	892
303	899
279	845
275	902
269	909
309	876
305	917
330	999
279	885
296	936
323	917
322	942
354	884
348	927
360	1005
316	948
345	1016
292	883
282	823
312	684
326	884
318	754
312	838
296	861
320	816
284	899
316	786
272	990
304	1036
285	831
298	1036
287	984
320	1074
276	1164
266	921
329	991
283	1097
258	1049
258	1062
261	1086
287	976
268	1009
304	1038
311	926
314	1013
306	1023
332	794
314	788
312	968
296	1059
270	1046
279	838
312	1033
310	1098
300	943
289	989
307	1049
267	938
274	1023
307	1203
313	1052
281	983
317	861
307	1052
297	1092
273	1016
286	1091
316	989
294	1064
260	950
266	1230
261	1057
320	1071
291	893
287	1046
294	1165
316	1063
285	914
312	1036
290	1004
267	1038
263	900
302	1073
298	930
301	911
281	954
330	1092
308	980
316	999
301	886
313	832
310	1028
295	956
266	1091
304	941
308	715
309	712
286	804
318	953
279	878
263	945
340	919
320	1021
246	846
290	965
304	953
298	1070
285	965
307	1025
333	1138
347	1032
339	832
313	966
317	940
293	921
323	969
269	992
318	1055
334	950
321	994
290	979
312	1079
298	1083
330	1150
294	1022
302	1068
320	947
306	971
293	903
292	1011
284	1252
307	978
315	836
277	857
297	912
284	1078
319	946
332	1123
343	1017
335	932
311	1133
319	960
295	972
285	995
325	874
300	891
317	931
293	1224
281	1191
272	1306
275	1252
309	1060
288	991
294	932
302	861
311	944
339	931
331	971
343	939
298	978
309	928
336	832
262	888
260	1149
326	1104
280	900
327	1032
316	1119
266	1042
326	991
289	1031
274	959
316	957
320	1031
310	815
341	847
347	949
315	861
263	825
278	741
315	922
357	1007
326	1167
335	1049
326	859
290	897
293	1181
272	1323
328	1163
349	980
325	1003
327	1117
306	1006
291	998
314	949
277	882
312	872
319	912
329	962
325	924
325	1173
391	1034
363	923
354	870
346	890
331	889
310	1015
304	892
347	859
274	852
296	846
387	751
335	819
357	769
324	776
372	976
326	964
331	915
341	931
332	936
344	823
324	701
341	973
346	1059
334	802
349	786
313	978
364	1034
335	831
318	818
372	754
324	784
379	780
320	985
375	880
349	950
457	929
426	1035
401	1160
403	1054
432	1224
449	1404
379	1396
479	1271
455	1339
495	1001
557	1003
650	1041
617	928
691	1113
867	1100
1117	1071
1068	1201
1046	986
1034	1049
1046	882
1082	895
1083	882
949	926
921	981
1089	948
954	820
915	788
907	730
968	801
1103	840
1024	832
871	954
908	894
983	1084
1085	1112
927	1123
832	933
841	923
905	1073
900	1052
756	984
628	1006
598	960
648	1036
709	1054
669	1103
572	1137
539	895
464	942
490	1014
457	945
485	1085
485	925
415	951
395	952
454	1151
418	1265
343	1017
325	911
418	1121
339	1065
383	1309
348	1308
379	1199
326	1140
337	890
331	831
322	954
337	1172
321	921
316	1205
317	1180
324	1194
301	1251
308	1142
334	1378
285	1291
301	1186
305	1411
335	1121
332	1145
365	1250
331	1385
349	1298
318	1216
302	1188
279	1187
257	1021
314	1078
303	1214
251	1217
275	1135
288	1032
300	1094
265	979
298	1108
314	1254
268	1166
231	1141
296	1126
317	1167
282	1096
302	1106
285	1066
294	872
289	1037
283	979
316	981
311	1129
308	1087
246	1058
335	1359
319	1266
333	1197
319	1288
278	1253
303	1074
332	1072
307	916
357	1053
314	954
314	962
291	902
302	941
286	1041
297	1007
287	986
264	815
319	992
272	992
297	1076
312	1153
330	995
285	1113
306	869
286	876
256	998
266	864
306	896
342	825
327	887
299	918
272	1033
301	834
331	970
339	1127
331	897
331	978
309	905
355	852
339	921
312	788
325	841
352	956
330	990
340	992
379	1130
328	1240
373	1175
337	1241
351	1048
303	899
328	761
326	938
310	1081
343	1043
316	1062
324	1003
312	1111
281	1284
312	961
290	958
300	1047
284	1224
336	1172
292	1212
341	1139
334	1175
319	1039
282	1019
316	1003
345	971
308	1045
326	1331
310	1321
308	1001
309	936
346	911
334	905
305	942
350	931
284	1067
351	969
325	1159
273	1124
284	941
322	1122
302	1001
329	1000
307	1035
301	926
310	878
296	1011
319	1167
330	832
318	908
303	851
323	861
289	972
303	943
277	1055
306	928
293	902
352	943
337	897
319	1039
358	898
324	984
308	943
331	944
301	831
329	793
265	725
285	767
281	1117
299	979
278	1244
298	1265
304	1124
321	1150
306	1031
291	1091
312	1028
270	917
264	962
306	958
302	1095
290	1150
291	1035
298	1007
311	1038
318	938
285	1028
274	1047
305	986
302	857
335	951
304	959
333	941
340	992
321	978
288	738
290	910
275	1009
288	965
329	1046
259	956
262	919
287	1044
263	944
280	1163
254	929
322	993
290	937
266	920
296	1325
332	1079
293	1052
312	970
321	955
303	986
300	864
300	1036
319	869
316	839
347	914
314	1030
289	1084
317	1057
333	1323
320	1296
334	1056
339	922
325	953
276	921
329	1195
324	1019
317	1177
277	1121
293	1153
304	1295
324	1114
304	1027
275	1069
245	1012
270	927
268	911
254	924
277	1007
303	1064
244	986
268	996
263	992
304	913
304	923
320	880
268	900
287	792
326	858
267	846
318	1009
338	1011
320	896
332	872
260	842
287	809
290	1035
326	881
310	831
291	1007
307	1040
296	1065
274	921
324	1160
313	1124
294	984
299	993
283	1124
300	1137
282	1084
318	1241
294	1194
307	1188
259	1162
283	1022
277	952
265	1220
250	1147
298	1010
304	906
278	1092
265	977
276	864
294	850
293	943
307	893
287	895
267	911
257	942
251	918
229	1001
311	885
296	1062
259	988
308	768
275	908
273	671
295	877
292	826
261	967
243	819
246	842
266	908
276	939
282	1018
278	967
312	867
291	800
269	941
273	826
266	1041
285	879
320	866
279	803
300	894
266	1111
328	908
275	998
289	987
257	965
314	984
261	989
347	990
365	888
277	853
326	877
289	1009
274	1119
333	1164
297	1175
347	1024
309	1170
278	1051
297	974
306	842
280	874
259	805
310	704
252	951
276	795
297	725
233	901
264	919
265	822
247	1001
282	902
259	969
250	817
265	860
240	1076
263	1228
271	938
316	885
286	888
280	847
294	725
267	701
262	842
366	739
334	747
350	744
316	801
360	653
450	860
498	835
509	806
616	787
716	896
908	778
993	886
948	1003
879	974
977	1074
1252	1062
1317	867
1118	918
1081	865
1138	937
1278	1038
1389	1082
1457	1236
1455	1023
1541	953
1681	1053
1685	1130
1542	992
1711	884
1657	850
1284	943
1002	893
913	906
1008	1069
935	1000
828	943
748	934
744	944
720	935
572	1012
518	913
367	878
375	981
398	901
411	935
378	1049
376	1088
415	1145
413	1183
432	1209
443	1336
437	1365
392	1138
408	1084
407	1011
396	1155
375	1052
344	1098
354	948
323	1061
335	853
374	1016
322	856
286	815
318	1040
287	1131
244	1119
286	1119
340	1180
332	1091
307	1125
318	1202
347	1180
365	1223
304	1202
297	996
304	1220
343	1277
337	1234
283	1138
315	1288
291	1320
259	1094
315	1115
312	1139
300	1099
308	981
289	1173
319	962
253	840
306	1090
296	1222
328	1178
299	959
325	908
259	1005
287	1085
290	957
297	951
273	906
303	825
241	1050
280	936
277	988
291	984
275	1156
247	946
293	1060
298	1106
277	957
314	822
303	917
305	1055
313	1061
309	907
317	992
285	1166
276	1171
292	1178
281	1332
279	1132
254	998
286	962
294	1031
290	912
297	894
264	847
265	1000
314	1021
270	1037
300	992
292	1135
338	786
289	924
312	1153
270	956
303	1084
264	985
322	1010
279	919
274	999
291	954
315	1015
340	939
332	987
297	984
303	965
318	1124
319	1050
330	1020
306	918
334	792
287	1141
321	1078
293	1015
337	1119
309	886
356	1160
307	1101
306	964
327	1091
353	954
323	1139
337	1177
353	897
314	1079
374	1074
375	1081
397	968
398	939
314	915
401	984
384	958
336	918
385	978
431	1186
412	1094
470	1204
366	974
369	1183
350	1202
403	1086
424	1165
406	1224
353	1126
379	991
458	1099
451	938
406	1107
435	870
431	927
397	858
442	1004
435	1006
392	943
409	956
413	1174
414	1135
419	1162
470	1154
435	1152
392	970
394	939
443	1070
479	1029
404	991
419	987
394	925
396	926
403	960
449	877
432	1006
415	1034
366	892
389	982
439	785
387	802
406	814
410	802
418	868
371	836
412	988
411	1079
373	932
391	1049
390	998
380	963
444	1052
449	1182
351	1566
375	1184
355	1321
360	1107
341	991
365	1022
351	1112
308	937
320	924
302	896
271	932
335	998
368	893
358	931
347	905
344	950
369	796
303	960
359	1123
344	1161
348	1368
317	1121
348	1103
329	1096
293	925
309	969
327	1050
305	1052
339	863
354	872
317	1154
316	1224
337	1001
322	1092
325	932
291	899
273	906
306	883
290	804
340	960
289	1069
355	1022
334	1060
287	1300
310	1129
312	833
338	969
332	1045
325	934
310	1293
328	1031
324	936
314	1033
329	1009
303	948
287	941
317	981
322	973
303	1062
323	1067
331	1009
344	941
265	1072
306	1030
299	985
330	866
338	974
321	914
287	1117
371	1055
301	1001
299	1135
324	1162
308	968
306	952
296	929
311	1011
272	1133
318	1284
301	1233
293	971
289	978
302	990
302	955
297	965
306	953
281	865
318	995
273	1059
289	994
289	1136
302	1087
276	1021
292	919
304	1094
316	1000
311	1000
321	966
327	972
282	1007
260	815
321	816
280	859
297	959
297	1249
276	1046
266	1033
243	953
292	997
324	963
281	951
262	1019
306	1003
322	1003
307	1008
302	1116
306	838
361	905
331	832
342	852
316	1067
302	1217
309	990
327	1002
312	958
307	838
320	1106
271	1026
269	960
275	1041
268	923
321	1022
263	1201
274	1133
297	1107
321	811
330	765
298	885
270	929
251	971
264	1058
305	1060
303	974
322	958
315	978
309	964
296	930
308	918
305	1119
314	1066
293	979
245	1033
276	1044
328	1140
297	848
291	1079
309	1034
281	914
288	896
285	969
297	1054
257	1105
271	1025
304	1098
265	1151
254	859
290	990
252	926
284	1008
268	1060
279	1091
299	942
290	1051
284	987
311	841
342	915
297	1022
291	1079
281	1094
286	1085
229	936
305	1158
282	1146
316	1115
305	1167
282	1174
333	1246
288	1254
296	1082
288	1127
298	1134
297	1194
269	1021
303	1060
253	1133
247	1004
234	881
299	841
273	1024
280	1055
292	1003
282	1004
288	869
297	1064
291	935
279	1059
293	1132
274	1009
249	1027
255	946
304	836
245	809
275	1015
254	1103
310	1108
267	896
291	989
280	1011
309	1172
305	936
305	907
336	993
278	1107
286	1074
295	981
317	1107
245	951
308	942
265	1024
267	1042
290	1135
271	912
296	1060
283	884
276	1069
301	1014
296	985
306	865
315	1059
294	1081
295	1261
294	1199
288	957
330	994
252	938
324	975
304	898
281	1198
318	1006
306	1305
294	1519
320	1287
318	1282
275	1255
316	1191
285	1269
232	1099
281	950
297	944
293	895
310	1105
319	1067
325	1290
320	1195
321	1127
279	1048
280	1015
284	1093
282	1133
308	1096
233	1092
262	1072
280	1188
306	1213
266	1273
250	1246
230	1483
270	1397
274	1228
278	1515
286	1466
259	1324
320	1183
260	1101
291	1221
288	1200
342	1268
277	1153
303	1041
284	1230
293	1311
310	1150
276	956
290	1107
257	975
287	1108
305	1185
322	884
264	1004
259	1362
301	1310
274	1080
276	977
326	1091
287	1012
302	1082
317	1080
278	1037
264	789
297	718
279	866
287	954
295	928
342	913
348	1049
254	886
289	1204
294	1054
299	1179
278	1078
296	1242
284	1211
263	1202
260	1067
254	1091
271	1162
312	1145
296	1031
285	1161
255	1157
266	1117
273	829
241	1089
264	1009
284	1030
285	972
269	974
297	1007
339	1077
270	1036
283	941
322	1151
283	968
274	905
287	1075
296	925
275	993
312	1120
284	1054
287	1160
274	1255
323	1047
331	1217
310	1038
296	978
291	1108
331	1019
306	1095
292	1022
293	1145
278	1117
273	944
296	1112
292	1197
278	1109
259	1084
288	864
273	994
279	861
260	828
310	835
328	831
296	666
314	746
295	940
308	896
260	969
266	1055
291	850
250	862
257	1016
326	1243
322	1072
254	1062
295	890
261	932
276	1015
261	842
301	925
334	797
286	968
289	1153
301	966
297	822
325	863
312	884
283	879
334	1110
309	1172
308	930
257	975
263	1157
297	1149
292	880
253	926
245	1092
287	1114
323	1262
288	1079
257	989
313	934
286	1019
331	1008
231	1058
322	1074
278	1022
249	970
300	926
314	1007
253	1133
288	1044
264	902
316	1004
300	980
285	1024
291	1024
295	1099
319	1120
309	984
358	991
287	1118
253	886
306	1090
310	1096
295	1177
303	1060
313	1173
305	1163
315	1345
312	972
313	892
281	904
294	1031
271	1151
321	1173
312	953
288	1135
297	1167
324	1258
316	983
275	1242
280	1108
323	1054
321	1277
299	1185
348	1151
301	1108
300	1229
302	1199
278	1101
347	930
330	1030
276	956
306	989
318	1136
293	989
296	971
292	963
302	995
286	909
268	925
290	962
302	871
271	1105
280	1022
294	1107
345	1128
278	1034
342	839
254	1043
323	1069
339	1187
321	1347
316	1363
262	1100
261	1102
284	1279
250	1079
271	1115
327	1127
307	1121
280	1199
312	1345
296	1213
268	1052
275	1038
277	985
300	1000
300	1147
279	1149
300	1108
276	882
294	1103
281	916
275	974
290	894
339	1207
323	1109
302	965
312	1012
298	1131
290	1065
287	974
311	1048
288	914
285	1089
334	1167
274	904
264	950
328	879
314	1065
244	893
295	753
335	677
262	750
294	739
280	894
313	1015
303	1010
274	903
280	984
275	1076
331	1037
273	1044
269	995
294	1117
288	1143
290	999
311	1011
316	1217
270	1102
327	976
332	1068
274	984
262	999
279	811
289	878
294	746
301	845
273	878
299	980
301	1064
317	887
310	1076
311	1011
298	945
270	964
275	1171
276	1277
314	1179
304	957
317	796
280	906
275	1140
361	940
324	947
360	1124
339	1229
376	1180
285	1150
281	1154
282	1022
312	977
315	964
287	858
310	1069
322	1172
316	1264
306	1129
325	955
321	1173
316	889
330	941
313	919
323	864
342	896
311	881
285	934
312	1130
315	1215
318	1198
275	901
249	941
318	1013
258	940
316	1065
312	1072
281	943
269	1036
269	944
329	963
289	881
296	941
313	888
295	906
295	907
337	850
314	878
338	958
305	1098
325	996
293	1037
320	893
307	982
322	1047
294	1015
291	1046
291	1091
342	1177
341	1134
311	1123
326	1061
304	1037
284	831
326	975
271	1032
287	1069
311	1096
380	1102
355	1093
340	1157
377	1398
335	1315
358	1130
350	1167
342	1061
363	868
321	1023
352	1102
322	1190
314	1036
335	1121
340	1085
321	827
348	859
297	775
357	942
307	980
310	812
300	874
335	1100
354	1305
366	1112
338	931
293	955
325	934
308	968
303	943
365	845
334	1025
320	968
327	892
322	955
290	1176
312	1204
332	1168
339	1131
309	1007
378	901
318	880
349	1039
347	1170
344	1029
348	1028
331	1213
297	1121
322	936
310	843
330	864
272	940
335	854
299	843
280	995
293	877
317	1095
314	966
298	948
319	866
324	981
338	925
309	788
342	1079
384	1103
337	1104
347	1076
346	1277
311	1087
356	1356
329	1047
314	1030
312	1005
315	911
323	836
324	968
296	953
317	978
296	917
338	1048
316	1110
343	972
319	965
310	1145
291	1155
311	1089
354	1481
322	1438
334	1256
305	1385
299	1309
322	1328
295	1193
285	1080
309	1162
300	978
325	1188
307	1064
306	1125
297	1108
279	1138
293	1228
340	1347
356	1143
327	1259
291	1071
299	1088
290	949
340	1048
292	949
295	1024
339	969
291	1009
301	973
279	998
305	1075
288	1089
349	1058
318	1058
268	1135
301	1055
297	1088
296	1036
292	946
286	862
307	1005
299	931
290	1153
326	989
322	928
313	1119
305	1017
280	1355
302	1112
315	1536
278	1321
297	1193
281	1261
323	1075
294	1084
306	1272
293	1142
319	1257
280	1434
323	1477
317	1300
296	1250
262	1189
255	1122
263	1137
293	1275
281	1106
319	1208
316	1287
307	1377
315	1283
285	1152
354	1297
292	1127
346	1333
326	1290
302	1190
344	1343
314	1120
307	965
283	1232
306	1463
279	1349
322	1213
363	1388
301	1289
303	1130
300	965
335	1232
287	1329
283	1292
297	1366
294	1262
291	1255
273	1265
283	1377
317	1237
295	1262
297	1242
312	1178
281	1210
325	1327
260	1161
301	1229
289	1190
344	1065
276	1136
281	1271
294	1158
274	1087
280	1091
256	1199
267	1349
278	1131
291	1011
263	957
321	1057
303	925
303	1006
318	1154
297	931
297	995
305	908
301	1042
336	1130
294	1105
320	1266
265	1230
267	1263
298	1204
280	1123
291	1149
289	1028
287	997
294	1177
318	1499
309	1191
309	1361
290	1256
321	1411
293	1357
288	1222
285	1130
252	1088
292	1102
309	1073
274	1279
302	1249
263	1091
302	1025
270	1184
281	1047
281	1240
255	1085
278	1024
234	1052
297	1022
258	1047
268	1051
223	1013
272	1024
287	1025
282	1118
298	1152
290	1153
287	1070
282	897
302	1053
287	966
224	1012
298	884
247	1059
317	1104
257	1226
279	1145
308	1047
326	1452
268	1520
279	1259
297	1142
282	949
291	1107
265	979
274	990
294	903
250	1118
318	1135
282	1088
323	1170
290	1083
290	985
309	888
365	1018
302	926
353	883
339	1041
358	1236
326	1161
311	1059
303	1146
354	1248
287	1192
341	1088
289	1110
285	948
278	1069
275	1008
299	1130
298	1245
288	1138
299	1073
291	1000
308	1143
304	1105
262	1152
298	1057
234	1252
234	1248
293	1189
323	1121
307	1144
300	1173
299	1204
307	1280
344	1167
274	1025
286	939
296	988
281	963
298	1022
253	930
269	991
310	1175
326	1188
305	1170
295	1237
319	1237
300	1284
331	1316
327	1443
327	1303
327	1065
276	932
289	964
300	1020
266	1140
304	1138
259	1073
334	1279
324	1321
306	1194
283	1026
289	974
258	970
294	1137
310	1193
348	1075
332	998
272	938
255	825
316	864
333	833
300	876
303	1039
260	1152
278	1267
257	1172
244	1412
269	1276
282	1383
305	1290
274	1392
258	1213
224	1215
244	1264
220	1148
260	1355
272	1299
310	1086
247	942
257	1112
282	1296
270	1050
259	1141
297	1005
278	1159
253	1093
246	1177
326	1298
304	1132
236	1181
283	1143
275	1123
300	1230
286	1168
298	1062
272	1341
321	1118
293	957
299	991
293	1054
303	1007
305	916
299	854
273	976
317	997
274	1044
301	1076
320	1050
275	1068
283	904
285	1134
317	1130
302	1045
323	1088
316	1069
277	1104
335	992
352	1183
290	968
359	850
338	929
313	1058
332	1101
365	1189
333	1335
299	1259
319	1229
345	1089
325	1219
307	1111
293	1131
311	1021
291	1119
311	1307
301	1525
310	1272
285	1191
316	1097
320	1064
303	1167
315	1106
286	1022
308	1110
338	1082
327	1041
316	1054
300	1158
278	1266
285	1242
290	1047
287	1024
270	936
292	935
263	954
261	896
305	912
301	951
343	1133
320	933
315	1186
294	1179
306	996
318	1232
285	1020
334	1128
303	1101
293	1116
307	1138
324	1196
307	1086
315	1292
282	1442
295	1419
334	1368
330	1332
298	1291
351	1359
297	1471
298	1350
314	1338
299	1025
270	1007
303	1070
350	1002
322	1004
321	1038
287	1014
295	841
278	1059
290	1222
306	1043
295	928
268	860
293	927
281	1055
347	1215
246	1043
312	1051
260	1152
274	1065
324	964
272	1154
279	1080
239	1158
274	1202
265	1114
262	1011
286	1140
270	1161
297	1231
316	1083
296	1234
303	1294
260	1058
304	1120
285	1180
289	1071
330	958
304	1303
335	1324
307	1246
294	1197
294	1190
280	1082
267	1004
312	1109
334	1044
308	946
361	1068
327	969
292	872
276	1076
317	1032
312	1041
331	793
264	1006
372	1038
332	1041
388	1207
303	1096
344	1025
378	1344
410	1284
423	1155
477	1034
374	1112
361	1175
318	983
344	1027
318	1234
353	1267
287	1049
288	1082
315	1198
329	1202
345	1229
342	1272
295	1248
278	1146
311	1145
325	1073
285	1238
339	1386
319	1260
303	1189
311	976
301	1080
354	1215
284	1129
311	1159
337	1194
269	1076
272	1156
303	1206
305	1290
313	1284
296	1256
295	1031
279	1200
305	1098
288	1072
339	907
288	1111
319	1061
312	1174
286	1265
349	1276
287	1096
315	1277
277	1221
288	1288
286	1142
342	1032
325	1101
347	1215
364	1195
330	1046
348	1110
324	1099
302	1092
324	1163
316	1077
289	1049
317	934
322	977
267	1245
305	999
288	947
291	1079
295	1032
316	1062
300	1135
321	1163
375	1077
343	1047
309	924
316	940
309	1162
295	1132
308	973
368	1139
363	1130
342	965
324	1066
317	1174
306	1294
276	1145
323	1042
305	1040
303	1132
263	1305
271	1095
305	1056
296	1147
309	1344
292	942
290	1099
299	1112
308	1223
299	1098
331	1046
366	1106
332	1303
296	1093
286	1168
292	1221
334	1052
328	1053
299	1109
260	1169
268	1335
302	1196
283	1374
289	1119
266	1285
285	1081
289	942
286	975
267	1029
311	1113
285	1211
272	1185
258	1314
289	1038
323	899
292	1075
299	1147
276	1006
259	966
297	882
295	973
251	969
311	1068
292	1239
256	1362
277	1396
312	1393
335	1193
319	1164
276	1178
265	1214
307	1186
242	1174
265	1372
288	1146
296	1404
259	1075
266	1144
263	1197
283	1303
302	1067
251	954
286	1045
280	893
295	882
247	920
275	1039
275	915
273	941
262	1046
329	974
262	1052
287	934
291	943
286	926
328	882
275	956
280	989
266	933
298	812
303	974
278	950
259	840
288	864
292	1181
298	1026
323	960
294	970
256	905
294	887
294	850
285	943
254	976
295	1042
272	1099
247	1118
286	1215
254	1035
277	1139
293	1112
304	931
290	919
291	969
248	1059
263	896
265	976
299	991
311	976
273	1122
272	897
280	1010
280	1034
267	1164
284	1002
294	1041
245	1231
281	1209
271	940
265	948
257	864
290	935
261	1125
257	992
254	1018
248	1011
278	1077
288	1170
299	1207
303	1024
303	1070
273	1009
277	1090
243	884
277	907
305	1054
266	1115
309	1125
293	1174
276	1105
300	953
268	891
242	1062
255	1030
259	937
251	895
299	1081
264	890
251	1146
228	942
234	1040
239	1072
248	1151
274	940
268	914
251	1083
254	1041
258	1036
245	1080
237	1079
259	1366
243	973
259	874
242	988
224	861
276	962
288	1006
247	980
257	1000
283	1052
267	1082
261	1134
260	975
250	894
281	927
267	1137
238	1177
226	1210
309	1280
272	1344
270	1040
255	1190
312	1142
271	1283
253	1198
271	1160
283	1035
256	1237
258	1342
295	1197
273	1234
298	1322
221	1161
240	1033
278	1042
267	848
269	994
279	997
250	1125
273	1036
272	1091
247	1205
290	1105
283	1328
293	1304
273	1286
346	1130
285	1470
341	1595
329	1512
292	1448
239	1258
298	1191
270	1135
276	1151
274	1154
289	1287
300	1332
314	1175
290	1119
290	1059
244	1030
298	1024
278	1046
305	1144
302	1092
287	1184
293	1166
287	1243
269	1221
289	1431
312	1645
282	1367
261	1054
279	1067
294	975
300	1204
263	1255
286	1111
267	1213
320	1178
335	1029
306	983
278	1075
262	1158
286	1094
257	1206
290	1082
304	1203
286	1086
277	1195
273	1245
318	1290
309	1049
283	908
300	1048
330	1082
305	971
313	983
294	1147
319	1086
286	964
269	1008
315	1005
302	1236
324	1402
311	1080
295	1171
334	1307
340	1441
303	1380
333	1311
284	1251
307	1212
249	980
283	1095
265	1154
289	1208
308	1194
291	1258
304	1241
295	1168
290	1263
274	1036
249	1005
298	1158
305	1054
303	1189
270	1227
298	1310
299	1329
326	1361
299	1184
330	1230
299	1270
302	1199
276	1119
267	1152
303	1235
281	1180
258	1107
238	1145
268	1341
277	1131
275	978
275	1147
303	1356
313	1190
283	1016
275	1218
317	1285
267	1274
287	1115
283	1267
298	1106
332	1151
339	1085
325	1307
302	1393
303	1228
298	1297
248	1317
346	1206
292	1026
356	1194
324	1111
279	1207
309	1058
312	961
299	1131
291	1044
306	957
362	1063
322	926
340	1251
383	1243
351	1142
300	1173
274	1023
286	1151
319	1311
281	1043
313	1128
304	1079
262	1137
292	1145
306	1237
297	995
269	966
283	932
274	968
258	957
272	1003
277	941
294	858
260	922
288	949
293	825
314	878
262	968
258	984
248	1153
253	1144
302	1402
255	1185
255	1044
253	1097
261	1168
255	1358
303	1187
267	1160
317	1071
295	1274
280	1243
298	1111
284	1116
267	997
301	1041
306	1109
274	1117
283	977
258	1009
284	1330
237	1333
256	1171
297	1245
301	1404
285	1440
239	1052
221	1011
279	1116
298	1079
278	1206
281	1141
309	1343
264	1395
284	1226
280	1110
257	1221
250	1208
263	1036
266	1081
304	1151
271	1113
283	1125
264	1060
296	1172
279	1139
279	1131
296	1217
273	1282
305	1058
308	1120
279	1027
256	925
281	1036
294	1141
305	1103
313	1036
279	1132
263	1087
279	1008
296	982
233	1106
294	1071
258	1085
248	1209
298	1461
318	1280
291	1161
294	1190
292	1222
326	1217
275	1107
264	1041
286	1015
259	1294
284	1134
254	1222
231	1109
303	1314
251	1264
225	1245
294	1307
255	1242
311	1108
314	1167
307	929
258	1074
279	1126
257	1107
245	1000
261	984
259	1310
262	1332
289	1178
277	1139
263	1300
269	1328
270	1155
275	1304
297	1424
272	1272
259	1227
289	1400
306	1243
272	1162
256	1150
303	1421
306	1189
284	1342
321	1222
346	1251
293	1238
299	1018
285	1328
284	1244
308	1226
339	1331
292	1149
253	1226
251	1200
279	1301
333	1355
291	1003
280	1110
276	1148
310	1113
295	995
296	1238
250	1205
258	1063
297	1200
249	1210
260	970
288	928
277	1047
274	1017
271	1157
237	948
270	957
267	1003
313	1080
300	1150
279	1158
271	1238
285	1218
298	1239
252	1250
295	1219
311	1300
273	1124
273	944
265	1090
313	1098
272	1048
305	1129
297	1085
292	1237
256	1073
276	1280
309	1185
281	1246
251	1053
260	1223
281	1116
291	1264
284	1082
268	1189
344	1197
329	1258
290	1276
270	1165
289	1242
296	1264
316	1224
348	1099
349	1203
352	1191
319	1191
335	1203
333	1190
301	1174
310	1121
329	1048
330	1248
302	1330
254	1220
305	1382
304	1278
272	1213
349	1123
302	1102
282	946
297	1347
329	1120
324	1106
315	1155
309	1194
342	1292
312	1104
294	1191
294	1138
356	1201
299	1456
305	1309
284	1087
277	1273
298	1138
300	1011
292	1097
280	988
272	962
300	1203
327	1084
302	1090
294	1183
338	1156
327	1018
306	1140
305	1094
278	1149
290	1120
310	1211
330	1177
259	1091
315	1089
289	966
299	1102
262	1117
255	1119
266	1090
302	1179
283	1367
270	1241
303	1027
301	1065
297	1302
274	1170
278	972
275	1039
298	1044
255	1062
239	1008
252	1018
305	1098
299	1109
287	968
334	1112
312	986
304	1220
296	1198
282	1190
298	1248
292	1069
322	1062
262	1022
280	1272
297	1351
304	1278
296	1012
317	948
295	1151
372	1100
305	989
305	1194
347	1469
338	1478
314	1103
309	1118
326	915
298	1123
276	1015
327	1028
330	907
326	1028
335	1152
357	1243
342	1112
364	1313
299	991
327	1045
318	1071
338	1182
371	1198
327	1028
346	1177
349	991
351	1058
348	1087
303	1118
338	1107
306	1148
273	1006
312	1039
323	984
323	995
300	1170
280	1153
296	1345
294	1287
312	1075
316	1310
295	1088
308	1358
313	1079
295	1229
275	1206
344	1096
350	1215
369	1365
322	1193
324	1203
308	1357
374	1108
347	1318
317	1129
345	1235
300	1274
294	1242
273	1445
317	1296
335	1308
301	1435
282	1107
305	1424
338	1620
330	1423
312	1229
329	1536
370	1385
288	1470
299	1239
293	1073
314	1107
312	1003
300	1136
322	1183
305	1045
304	1086
312	1147
308	1111
340	1182
361	1149
336	1077
342	1011
318	911
322	1186
327	1183
360	1117
320	1125
312	1035
304	1180
349	1158
350	1091
322	1041
306	1147
337	1273
340	997
335	1186
330	1358
370	1183
305	1065
330	1191
297	1249
287	1190
298	1294
273	1155
268	1194
277	1384
329	1140
313	1134
362	1146
297	990
298	1012
324	1075
252	1069
292	1198
298	1243
295	1181
255	1113
332	1128
270	1155
270	1227
290	1014
286	1239
304	1271
282	1257
297	1366
303	1322
288	1436
320	1470
253	1364
269	1150
287	1065
304	1119
328	1142
285	1112
282	1127
290	1323
292	1118
248	1010
305	1001
293	1373
274	1330
285	1512
289	1531
277	1309
282	1277
267	1269
272	1369
254	1302
299	1139
288	1186
281	1348
323	1138
289	1140
309	1055
284	1062
288	1140
319	1174
292	1393
269	1589
295	1455
415	1133
313	1022
305	929
282	1198
315	1356
285	1497
311	1534
278	1656
302	1396
292	1571
311	1333
315	1165
309	1216
292	1096
334	1126
362	1301
303	1185
313	1155
303	1171
351	1122
306	1068
288	1122
248	1019
259	964
306	1135
294	1272
336	1189
286	1349
319	1258
311	1124
295	847
323	920
333	1127
310	1278
317	1217
304	1159
334	1129
269	1129
332	1000
293	889
286	975
316	968
307	1037
303	1228
321	1230
286	1235
282	1132
283	1090
306	962
314	877
294	1078
280	1158
302	1011
289	817
294	1060
264	1166
256	1083
296	1220
301	1204
305	1174
297	1112
297	1072
301	1057
291	1124
273	1200
291	1019
287	1274
311	1223
293	1012
277	1009
307	1187
283	984
275	963
290	1112
307	1159
277	1285
263	1468
299	1545
252	1328
257	1186
315	1317
268	1126
285	1169
293	976
262	1007
285	1078
257	1194
264	1316
298	1195
301	1190
331	1289
266	1247
258	1311
290	1139
321	1076
279	1213
267	1125
287	1381
239	1214
279	1191
283	1216
257	1324
271	1160
274	1005
255	1193
248	1106
231	1126
236	1065
260	992
293	975
308	984
274	1019
293	924
275	1002
258	1080
334	1262
324	1064
294	1183
309	1191
298	1197
283	1281
324	1276
293	1062
300	1290
279	1289
263	1144
243	1131
299	1157
262	1187
291	1120
301	1296
279	1180
250	1276
257	1191
252	1294
286	1120
274	1213
302	1334
248	1177
291	1130
263	1164
260	1367
278	1301
254	1277
261	1400
299	1426
260	1253
299	1252
256	1360
310	1402
294	1153
312	1114
278	949
286	1030
292	1116
266	943
297	1089
278	1241
278	1347
301	1143
314	1292
328	1278
287	1327
273	1180
246	1170
283	1150
262	1165
251	1324
239	1173
232	1116
241	1155
265	1379
280	1217
293	1149
290	1150
292	1151
278	1047
288	1212
285	1204
297	1208
222	945
266	1101
267	1187
269	1098
243	956
232	1179
276	1285
252	1299
260	1328
265	1213
274	1255
278	1280
261	1286
249	1090
279	1524
253	1437
238	1152
221	1375
286	1542
292	1492
265	1622
268	1568
262	1430
309	1225
323	1298
295	1305
311	1269
309	1227
278	1355
314	1389
303	1227
281	1164
299	1259
283	1077
306	1102
298	1222
259	1413
288	1264
266	1281
252	1332
294	1134
270	1033
269	1170
255	1099
263	988
245	1191
295	1312
305	1265
257	1275
254	1249
258	1214
271	1017
250	1120
259	892
307	1102
269	1216
260	1014
270	974
235	996
260	1135
263	1213
266	1208
282	1240
250	969
232	1006
299	992
264	1102
283	1088
288	1191
264	1136
273	1075
282	1104
285	1164
253	1144
257	991
256	880
271	853
270	1123
268	1014
236	1003
263	920
292	924
265	947
276	874
263	1087
258	974
261	946
290	1018
296	915
301	938
301	1044
267	1380
297	1286
301	1271
296	1096
306	1247
269	1271
311	1099
297	1043
313	941
271	967
281	1056
264	1176
278	1264
293	1142
271	1219
273	1252
356	1184
271	1186
293	1145
294	1074
315	1157
260	1269
302	1081
292	1180
276	1095
290	1214
285	1194
302	1235
321	1161
296	1262
309	1195
299	1110
310	1099
265	1163
292	1090
287	1265
305	1121
301	1221
334	1015
302	1162
319	967
281	927
295	927
269	1008
293	804
278	924
290	980
289	977
262	1180
276	1120
297	1095
317	1106
276	1123
234	1181
209	1367
276	1248
245	920
246	1004
240	1038
229	963
278	1106
247	1232
280	1039
271	1321
304	1171
251	1096
262	1014
220	1102
249	1241
237	1300
276	1103
269	960
299	1044
319	1152
293	1279
287	1226
328	1084
318	1137
287	1194
322	1195
313	1133
341	1198
335	1161
275	1040
304	1078
289	1077
284	1041
261	1141
284	1208
266	1374
293	1385
297	1169
234	1298
258	1238
277	1074
258	984
251	878
271	960
304	982
234	1092
283	999
296	1197
307	967
292	1117
296	1021
317	994
267	1217
256	1346
265	1461
272	1180
297	1063
287	1049
280	1088
297	1113
263	1068
302	1058
252	1062
251	1129
297	1156
289	1149
257	1113
270	1128
264	1138
273	1176
283	1226
273	1164
280	1098
303	1167
262	1180
322	1227
280	1443
306	1176
272	1358
278	1400
236	1613
294	1349
288	1408
313	1159
276	1364
251	1656
255	1464
232	1501
258	1425
254	1425
285	1341
234	1261
277	1151
265	1227
282	1263
235	1151
247	1106
246	1142
241	1384
254	1240
250	1385
243	1410
281	1379
281	1327
290	1249
225	1213
280	1257
296	1330
286	1175
334	1198
308	1147
328	1130
274	1095
245	1063
229	1105
263	1095
228	1054
322	1034
270	1084
283	940
299	1064
276	1100
303	1075
302	1212
262	1131
290	1070
303	1161
257	1100
295	1172
258	1167
269	1068
292	1247
268	1184
251	1352
229	1328
229	1113
270	1030
231	1118
223	1099
271	1091
267	962
258	1111
281	1267
269	1259
245	1139
252	894
258	1087
242	1072
255	933
228	1016
229	1115
249	1015
229	1209
275	1208
253	1226
278	1176
254	1126
262	926
250	1085
269	1056
304	1170
318	1144
308	1211
277	1182
236	1136
325	1216
278	1146
277	1180
299	1277
296	1185
323	1271
311	1266
309	1234
289	1098
294	1256
301	1144
273	1396
306	1218
309	1100
293	1018
281	1043
283	1100
304	1020
330	944
273	1112
272	1171
276	1114
319	1010
304	973
227	994
283	1175
276	1133
294	1025
272	1122
270	871
254	997
215	1000
255	1134
302	1078
254	1044
248	1066
268	1044
269	1131
225	936
285	949
269	1150
242	1093
249	1051
264	950
257	1004
292	1004
270	1217
291	1136
281	1006
294	997
316	972
301	1115
300	1064
305	1021
263	949
299	1061
313	1198
291	1103
299	1062
344	1078
359	1136
357	1110
370	1238
312	1038
336	1049
351	859
354	992
327	1057
299	1175
314	965
330	1152
330	1076
332	1030
367	1037
413	979
462	1262
474	1146
359	1069
410	1059
471	947
509	1006
521	979
540	1244
543	1113
572	1278
632	1175
724	1104
719	1068
610	1103
595	1088
732	991
798	1045
890	979
923	1142
826	1456
829	1124
901	1391
949	1257
1021	1410
1078	1280
1094	1286
1311	1346
1525	1109
1539	1121
1500	1029
1563	958
1769	930
1901	1121
1925	1124
1938	1006
1789	1135
1912	1122
2001	1004
2019	1086
1864	961
1809	1164
1898	1027
2048	943
1997	985
2148	1065
2156	1176
2314	1154
2445	1170
2616	1219
2711	1560
2759	1367
2865	1275
2830	1571
2907	1230
2806	1171
2745	1233
2596	1324
2652	1281
2696	1173
2643	1120
2686	1134
2598	1121
2750	959
2755	995
2727	975
2730	1045
2799	1058
2880	1023
2822	1073
2846	924
2868	889
2887	1004
2715	911
2757	892
2561	1131
2389	1121
2499	1120
2542	1030
2371	1257
2193	1145
2145	1247
2274	1104
2315	1304
2110	1251
2012	1317
1837	1167
1882	1143
2039	1180
1922	987
1654	1059
1434	1056
1543	1208
1704	1144
1455	1227
1197	1268
1017	1101
911	908
936	1002
926	966
796	1055
701	1081
740	1029
756	1252
763	1294
767	1180
760	1255
721	1399
704	1371
728	1431
747	1266
673	1243
668	1205
706	1111
720	1129
581	1116
524	1227
539	1089
561	1192
496	1055
503	1118
485	972
470	1109
478	1234
500	1117
517	1249
468	1271
402	1533
417	1291
393	1256
405	1379
350	1380
354	1138
339	1109
359	1246
343	1281
329	1165
351	1266
317	1091
305	977
332	1123
303	1311
298	1229
330	1154
302	1197
287	1275
333	1276
338	1082
310	1058
323	1145
299	1134
296	1175
305	1032
276	1057
261	1074
272	864
270	1046
282	1097
308	936
233	885
241	957
254	1184
257	1187
258	1212
255	1275
278	1164
258	1147
240	1017
276	1017
262	1163
255	1334
252	1185
239	1348
230	1190
283	1320
208	1409
295	1452
296	1374
338	1364
329	1557
312	1329
253	1320
322	1153
290	1311
288	1409
294	1467
304	1340
279	1356
274	1329
268	1259
279	1280
278	1069
257	897
294	1066
309	879
277	1018
274	1147
275	1069
294	1282
270	1144
256	1188
248	1059
242	1080
286	1089
248	1107
235	1172
260	1297
272	1267
250	1195
278	1272
271	1380
306	1159
277	1200
273	1137
274	1212
319	1193
259	1135
288	1256
273	894
256	972
243	1042
249	1110
206	1214
226	1294
220	910
245	1068
230	941
248	1041
237	1381
253	1182
222	1028
265	1136
242	1008
264	1109
279	1073
229	1120
260	988
271	903
266	1055
279	1117
251	1188
269	1173
260	1313
305	1321
286	1209
277	1457
254	1368
276	1150
281	1043
311	1015
268	1176
256	1076
274	1324
257	1201
317	1445
282	1091
285	1012
285	904
257	1115
301	1205
281	1161
259	1147
268	1050
295	1239
271	1222
276	1129
297	1161
282	1205
300	1279
409	1103
451	1043
518	1114
442	1315
382	1165
367	1123
380	1344
448	1194
348	1267
349	1092
266	1080
322	1204
329	892
294	1065
304	1048
322	989
341	1083
312	900
324	1029
293	1072
297	956
325	945
257	918
286	970
310	1136
317	1146
303	1249
301	1322
320	1354
264	1339
292	1409
293	1222
287	1228
233	1210
222	1302
269	1128
270	1163
249	1350
278	1290
298	1325
266	1306
282	1328
285	1093
281	1184
259	1278
259	1193
259	1162
262	1177
283	1408
259	1243
283	1459
323	1400
251	1594
307	1437
251	1314
244	1190
277	1171
292	1276
275	1231
282	1404
280	1408
330	1220
241	1134
236	1045
258	1037
278	1138
260	943
246	1170
241	1154
251	1102
249	1018
239	1209
278	1283
256	1279
250	1215
265	1115
289	1176
303	1300
282	1294
305	1030
245	1305
304	1341
302	1196
268	1152
256	1075
224	1189
262	1236
247	1172
264	1190
256	1224
241	1265
268	1293
225	1234
258	1223
256	1322
251	1237
234	1035
247	1012
266	1136
327	1074
262	1276
262	1124
296	1333
310	1267
286	1204
277	1130
248	1086
275	1027
296	894
293	1151
222	1031
258	1205
280	1425
254	1418
285	1474
268	1336
249	1234
244	1205
252	1040
315	1119
282	1266
291	1681
251	1390
254	1450
285	1366
266	1340
287	1077
290	1107
288	1422
295	1098
281	1340
284	1374
293	1321
269	1379
248	1306
253	1259
283	1290
269	1293
260	1213
266	1066
243	1091
253	1026
263	1093
226	1072
282	1169
302	1118
239	1016
275	1054
253	993
317	1088
283	1085
244	1147
273	1071
285	1080
276	1232
306	1101
300	1323
240	1367
308	1210
297	1304
320	1404
243	1343
263	1177
246	1197
255	1345
249	1207
274	1145
306	1137
294	1279
258	1305
286	1154
246	1397
310	1315
254	1220
274	1179
279	1127
337	1002
254	1065
286	1158
247	1093
291	1387
284	1278
307	1229
299	1272
347	1542
275	1256
298	1111
255	1202
257	1252
280	1299
268	1182
253	991
256	1121
259	1215
261	1023
279	998
255	1117
255	1259
304	1255
272	1232
278	1016
310	1179
275	1231
274	1161
283	1338
307	1192
285	1223
316	1196
295	953
369	1325
300	1062
298	1150
333	1374
341	1457
287	1326
321	1389
286	1077
283	1194
364	1335
348	1127
316	1081
337	1075
318	891
339	1128
317	1195
411	1095
340	1107
361	1186
420	1246
547	1255
602	1269
545	1333
521	1179
841	1288
1369	1098
1663	1166
1638	1393
1644	1386
1716	1114
1840	1175
1726	1196
1465	1032
1287	1168
1403	1338
1396	1112
1624	1154
1401	1093
1284	1193
1363	1251
1441	1156
1482	1146
1726	1163
1829	1059
2057	1066
2092	972
2144	1091
2116	1062
2170	1195
2182	1176
2277	1296
2012	1232
1927	1285
1931	1385
1906	1142
1629	1364
1385	1134
1252	1053
1234	1060
1201	1258
1240	1214
1300	1042
1196	1087
1220	1022
1297	1059
1278	1292
1299	1046
1228	1138
1263	1073
1423	976
1293	957
1372	962
1203	1081
1047	1187
1163	974
1171	1195
1097	1063
935	1238
867	1325
927	1274
924	1158
784	1081
760	1431
659	1394
671	1284
616	1043
727	1167
593	1404
547	1255
514	1323
529	1373
518	1160
487	1129
411	1206
440	1089
408	1051
422	1073
384	1161
443	1011
367	1289
367	1197
314	1135
343	1077
312	1184
356	1256
299	1158
290	1153
327	1118
332	1039
299	1176
325	1141
310	1192
329	1139
334	1172
302	1234
354	1195
300	1159
314	1131
338	1314
320	1319
293	1149
309	1071
293	1147
330	1111
305	1004
305	1257
312	1204
320	1270
304	1186
279	1131
293	1286
312	1286
280	1396
281	1320
290	1127
340	1157
323	1090
301	1006
314	1045
294	1223
303	1267
265	1091
257	1199
286	1171
304	1254
337	1195
272	1063
300	1278
310	1117
332	1262
297	1161
350	1129
367	1106
345	1091
274	1029
274	1060
310	1267
315	1190
310	1273
317	1212
340	1059
350	1220
328	1220
337	1354
363	1325
318	1210
318	1205
376	1278
345	1386
348	1393
350	1124
325	1117
348	1392
349	1374
330	1216
322	1154
336	1129
344	1334
319	1314
309	1310
354	1234
359	1181
317	1187
367	1341
375	1312
308	1469
377	1329
366	1402
374	1360
393	1360
338	1415
363	1181
390	1402
371	1409
402	1351
362	1364
361	1284
377	1165
327	1034
316	1127
329	1265
339	1130
374	982
375	1110
349	1155
363	1134
343	1288
308	1255
316	1181
328	1179
356	1190
357	1202
349	1212
318	1209
366	1206
381	1145
426	1127
337	1132
380	1113
312	1118
369	1306
379	1104
328	1014
318	1128
317	1339
319	1184
359	1280
363	994
321	1034
313	1074
323	1150
357	1319
296	1084
318	1039
358	1115
378	1020
350	1025
352	1117
333	1043
362	1166
389	1132
389	941
373	977
349	1112
351	1028
401	1182
339	1267
356	1042
361	1157
389	1101
383	1072
368	1149
353	981
325	1154
319	953
347	1044
302	1121
322	1226
292	1337
293	1204
311	1150
277	1085
279	1028
273	1221
282	1490
333	1511
342	1675
332	1604
299	1578
309	1347
293	1398
294	1259
307	1259
321	1167
298	1181
313	1182
283	1079
271	987
302	1291
329	1127
317	1250
292	1229
309	1095
282	1113
303	1063
296	1221
274	1098
318	1171
276	1189
311	1242
327	1366
312	1224
304	1250
298	1152
345	1105
314	1167
325	1256
319	1139
331	1140
393	1398
391	1229
304	1187
310	1291
306	1190
326	1260
278	1315
273	1246
289	1440
269	1608
277	1225
267	1055
304	1252
311	1101
311	1168
278	1311
287	1185
230	1244
270	1184
313	1304
248	1290
263	1323
295	1292
301	1196
282	1189
259	1296
268	1406
262	1157
233	1276
260	1052
263	1119
271	1120
241	1175
274	1256
296	1340
255	1262
264	1035
280	1111
266	1232
269	1125
291	1183
298	1091
312	1195
298	1554
289	1206
275	1153
277	1068
280	1206
287	1270
309	1158
296	986
329	1172
324	1175
274	1019
297	1002
336	1157
305	1182
336	1315
286	1186
337	1061
261	1152
280	955
302	1027
287	1086
309	1227
257	933
254	1069
276	1149
295	1220
275	1449
283	1367
265	1257
234	1206
268	1144
255	1119
270	1247
297	1481
294	1286
275	1296
343	1093
301	989
298	1272
296	1364
346	1115
302	1014
282	1062
280	1056
285	945
257	994
235	1195
272	1222
284	1141
316	1099
290	1242
323	1305
301	1148
325	1255
252	1163
301	1196
266	1185
311	992
298	920
300	941
319	1021
355	1213
330	1216
320	1445
351	1549
346	1574
374	1290
398	1469
341	1270
326	1166
365	1260
366	1225
412	1246
389	1184
377	1238
361	1186
379	1135
368	1151
367	1061
399	1062
329	1072
381	1161
356	1033
373	1085
360	1200
410	1025
395	1024
436	1179
408	1096
393	887
355	1142
340	1102
331	1124
355	1187
329	1229
321	1224
283	1195
291	958
299	1198
291	1107
311	1136
312	1168
285	1278
278	1204
302	1267
282	1463
265	1567
265	1401
266	1211
298	1023
272	1176
253	1420
289	1239
303	1066
311	1221
269	1529
288	1315
292	1157
291	1080
279	1287
317	1299
267	1149
256	1408
268	1218
316	1238
258	1134
241	1180
256	1152
297	1168
253	993
263	1154
283	1031
269	1221
238	978
259	1112
272	1215
248	1207
236	1019
267	1113
243	1208
290	1241
278	1110
271	1192
275	1239
266	1130
281	1238
251	1143
259	1243
298	1159
257	1253
272	1103
284	1048
310	1124
297	1141
254	1125
276	1127
277	1055
289	1137
264	1096
269	1040
250	1035
300	1124
243	1095
252	1037
236	1131
274	1268
269	1208
278	1076
271	1121
294	1229
245	1249
286	1349
254	1333
310	1312
282	1230
329	1158
290	1144
267	1226
292	1226
292	1116
261	1166
265	1285
295	1172
316	1108
260	1228
322	1337
310	1042
298	1055
279	1019
316	1132
293	1239
328	1172
314	1104
314	1139
304	1234
267	992
284	1222
323	1229
261	1121
234	936
272	1030
292	910
275	1118
233	1116
271	1003
256	1120
263	1064
271	1090
303	1219
276	1353
310	1251
307	1109
285	1045
289	1169
296	1208
259	1066
295	1081
293	1196
268	1086
251	1103
261	1208
266	1136
274	1029
270	1143
280	1197
329	1075
235	1368
258	1328
265	1179
250	1331
265	1301
283	1496
279	1469
262	1619
275	1290
224	1245
282	1319
265	1242
263	1139
259	1249
290	1191
263	1311
284	1254
263	1455
309	1275
306	1101
247	1034
288	995
280	1081
296	1059
265	1058
312	985
326	1112
313	1146
314	1370
277	1186
255	1100
256	1126
263	1220
265	1288
281	1122
318	1242
298	1257
272	1323
289	1238
287	1168
265	1233
284	1160
304	1202
302	1494
310	1288
283	1207
262	1179
277	1044
288	1138
279	1229
274	1196
317	1354
276	1187
312	1247
295	1113
320	1285
304	1216
288	1072
294	1113
277	1175
257	1243
262	1122
234	1096
253	1211
318	1103
284	1011
290	1076
310	1120
285	929
276	1316
303	1261
287	1130
282	1192
282	1136
306	1205
271	1353
275	1144
265	1231
289	1359
273	1192
252	981
287	1167
252	1183
291	1166
320	1132
247	1155
275	1108
263	977
305	996
276	995
299	1022
312	1219
257	1112
277	1250
289	1281
313	1317
287	1292
293	1315
312	1080
259	1186
301	1334
313	1174
319	1199
324	1242
265	1258
295	1170
333	1194
326	1093
300	1180
266	1179
281	1065
301	1257
312	920
338	854
323	845
278	1051
272	1051
305	1209
296	1179
265	1174
304	1226
247	1211
228	961
294	1016
259	1073
283	1074
253	974
295	956
271	992
278	1011
283	1120
305	1055
311	1178
299	1051
273	931
287	1062
285	1193
291	1066
262	1011
296	1075
259	1066
248	985
268	1010
256	862
298	1225
263	1158
288	1017
266	1199
275	1206
267	1090
302	1074
276	1051
290	1089
283	1242
295	1336
282	1255
290	1355
270	1261
360	1162
304	1151
336	1243
323	1157
268	1153
348	1112
293	1192
329	1295
308	1243
325	1214
303	1070
307	1161
388	1134
341	1070
386	983
482	1009
628	1044
702	1153
691	1293
674	1135
773	1220
870	1241
907	1289
830	1022
671	1127
772	1015
778	992
665	983
633	879
585	997
578	882
621	933
675	1060
769	1275
803	1079
875	1028
882	972
900	1054
826	1135
848	1126
681	1210
684	1147
595	1130
578	1130
593	1219
554	1154
492	1100
463	1006
465	975
488	1053
464	992
462	982
470	1272
485	1177
489	1228
496	1152
479	1055
461	1090
461	1121
489	1123
436	1130
486	1486
525	1390
486	1082
544	1277
541	1313
534	1084
541	1044
573	971
581	938
544	953
551	1206
561	1093
613	958
571	898
573	1018
574	1173
531	1151
562	1129
586	1056
618	1132
596	1243
606	1301
606	1127
684	1132
700	1058
648	1214
726	1407
733	1380
843	1449
830	1366
840	1337
807	1321
792	1055
825	1176
755	1078
620	1159
660	1089
565	1274
564	1221
596	1116
622	1139
627	1250
609	1105
615	1237
742	1275
741	1294
859	1252
895	1268
847	1217
886	1196
826	1166
802	1234
739	1208
749	1182
671	977
711	890
603	1070
618	1187
681	1221
762	1362
847	1080
792	1275
736	1108
847	1169
890	1466
930	1350
884	1591
755	1199
759	1363
808	1342
830	1508
822	1483
900	1362
1024	1384
1235	1374
1389	1316
1594	1296
1562	1390
1754	1159
1844	1317
2218	1195
2051	1159
2055	1210
2007	1118
2004	1062
2174	1138
2227	1092
2072	1156
1987	1238
2102	909
2409	1064
2593	1241
2654	1231
2616	1277
2762	1213
2869	1335
3000	1115
2949	1115
3015	924
3295	1033
3272	936
3274	1103
3224	1172
3226	1226
3397	1151
3398	1430
3462	1463
3536	1136
3597	1183
3660	1179
3587	1298
3361	1294
3514	1286
3515	1282
3483	1072
3358	1329
3122	1104
3155	1105
3216	1266
3181	1077
3155	1117
3041	1369
3080	1260
3154	1325
3267	1353
3252	1243
3275	1272
2985	1296
2756	1424
2698	1189
2825	1232
2723	1308
2704	1078
2601	1155
2582	1190
2578	1098
2524	1204
2476	1119
2506	1401
2468	1125
2546	1037
2525	1055
2361	1111
2042	1265
2054	1194
2066	1013
1743	1053
1570	1076
1286	1118
1159	1155
1088	1153
1117	1315
1037	1327
921	1219
947	1020
1001	1059
1015	1167
1003	1393
911	1212
803	1431
814	1270
913	1207
833	1242
800	1123
638	1305
605	1225
582	1278
482	1226
470	1417
448	1236
399	1387
470	1086
481	1375
423	1235
436	1367
414	1291
421	1343
429	1414
408	1336
422	1439
464	1600
413	1422
435	1296
434	1226
392	1211
424	1080
387	1242
414	1160
424	1081
400	1235
433	1488
388	1330
392	1116
387	1044
394	1110
418	1522
357	1361
378	1250
373	1291
374	1255
361	1066
343	1344
348	1242
407	1193
378	1166
418	1111
354	1090
351	1359
385	1320
358	1119
362	1257
387	1372
393	1241
384	1248
356	1242
348	1204
356	1261
328	1397
352	1453
377	1551
301	1685
342	1393
337	1605
349	1273
305	1601
345	1600
319	1399
310	1180
344	1170
324	943
341	1084
337	1207
331	1276
313	1111
305	1214
340	1239
309	1511
329	1148
350	1448
386	1474
366	1328
374	1451
344	1156
326	1383
326	1333
326	1203
330	1233
340	1068
323	1236
315	1559
359	1249
361	1191
345	1161
358	1030
374	981
338	1247
338	1351
323	1367
351	1208
373	1287
355	1148
353	1220
324	1141
332	1239
373	1216
309	1316
338	1344
314	1264
336	1237
336	1395
345	1491
344	1190
325	1083
275	1193
297	971
318	1346
338	1241
283	1429
335	1275
332	1321
339	1227
322	1175
309	1088
328	1257
328	1022
319	1277
323	1088
350	1159
306	1477
288	1276
296	1313
308	1210
307	1203
322	1269
331	1172
357	1058
296	1123
331	1224
329	1280
341	1037
296	1299
275	1169
327	1213
315	1084
311	1028
287	1033
309	1049
313	1106
358	1048
299	1162
335	1014
340	1119
360	1063
335	1073
356	1179
339	1042
329	1156
360	1200
350	1485
384	1385
341	1445
405	1530
332	1382
311	1307
404	1273
338	1274
380	1281
340	1147
323	1116
308	1129
311	1230
296	1096
326	1095
314	1054
330	982
348	1097
318	1072
285	1213
324	1279
336	1337
288	1117
274	1030
308	1103
313	1114
314	1153
307	1532
372	1471
286	1231
288	1292
261	1191
274	1300
297	1442
289	1361
237	1125
309	1122
290	1031
293	1344
294	1230
276	1163
281	1297
295	1178
320	1182
318	1261
338	1261
328	1363
329	1222
306	1169
322	1138
289	1204
293	1216
283	1093
288	1035
316	1120
336	1338
288	1302
301	1139
315	1303
336	1114
318	1210
313	1141
295	1158
282	1339
283	1212
312	1085
287	1076
318	976
342	1003
303	1058
285	1166
295	1101
279	1148
314	1469
270	1306
322	1149
327	1132
317	1039
281	1226
344	1083
324	1108
434	982
384	1002
384	1253
355	1253
396	1229
494	1240
473	1092
480	1240
407	1082
453	1133
433	916
501	1017
526	1175
505	1196
522	1188
552	1122
537	1030
559	1027
544	1202
617	1314
525	1236
535	1134
533	1295
574	1420
544	1364
608	1421
487	1122
506	899
537	919
516	1067
480	1018
418	1108
372	1080
406	1026
370	1018
343	1090
300	1097
358	955
382	1145
358	1322
360	1177
375	1320
408	1215
343	1323
368	1325
402	1119
439	1254
584	1350
529	1236
533	1407
548	1212
956	995
1436	1269
1480	1112
1493	1072
1680	1164
2202	1307
2756	1613
2897	1422
2463	1604
2304	1386
2704	1213
2906	1518
2897	1655
2923	1301
2789	1156
2766	1293
2596	1200
2572	1285
2695	1460
3004	1265
2911	1617
2503	1211
2263	1229
2323	1161
2076	1160
2230	1112
2104	1362
1787	1332
1680	1170
1810	1118
2034	1279
1571	1267
1243	1201
1149	1251
1143	1213
1002	1096
860	1245
669	1194
626	1227
554	1351
531	1207
525	1284
446	1096
435	1103
411	1049
405	1209
440	1195
442	1070
382	1295
384	1178
359	1041
386	1061
374	1329
324	1188
343	1149
345	1269
334	1120
318	1148
352	1258
281	1363
340	1123
340	1062
324	1016
320	1005
250	1103
330	1118
310	974
334	1010
281	1112
311	1188
307	1157
305	1172
308	1262
292	1454
352	1443
302	1139
318	1539
286	1317
268	1308
320	1369
303	1249
279	1351
282	1416
250	1138
279	1240
310	1174
296	1117
268	1166
306	1224
306	1236
260	1204
272	928
297	1155
257	1402
294	1420
261	1334
283	1190
273	1103
309	938
279	1056
252	1163
280	1294
258	1244
268	1132
263	1240
277	1350
307	1268
248	1357
230	1032
244	1149
253	959
261	1149
251	1245
250	1334
313	1243
300	1264
267	1272
242	1134
291	1122
293	1143
237	1369
273	1268
261	1300
254	1348
282	1342
283	1368
241	1205
281	1163
250	1179
259	1313
267	1065
247	1075
271	1215
266	1509
290	1376
274	1528
270	1213
290	1022
253	1212
253	1075
260	1244
321	1240
271	1095
278	1213
267	1213
284	1196
262	1107
307	1108
263	1018
251	1000
294	1285
289	1094
293	1112
306	1402
279	1584
266	1403
261	1102
282	1298
258	943
285	1137
269	1100
274	1211
227	1236
243	1238
253	1262
282	1295
265	1123
297	1279
275	1070
259	1279
273	1175
273	1270
254	1258
255	1232
303	1263
269	1160
276	1109
303	1114
321	1094
319	1032
350	1256
307	1359
287	1299
292	1257
301	1125
323	1160
286	1068
291	1310
291	1067
292	1200
293	1528
284	1353
298	1200
272	1210
329	1188
297	1101
337	1204
289	1054
324	1092
280	1148
286	1045
240	1148
247	1065
283	1056
269	1099
261	1225
260	1386
221	1326
286	1118
265	1150
307	1221
334	1544
294	1357
304	1281
263	1046
286	1213
268	1200
272	1189
288	1042
260	1061
267	1009
267	1186
274	1177
276	1169
229	1302
279	1309
266	1088
276	1135
264	1082
278	986
304	1161
278	1167
289	1166
274	1257
314	1207
283	1294
296	1182
312	982
307	1190
275	1156
287	1189
285	1140
262	1128
310	939
276	1060
216	932
236	840
259	1080
284	1035
261	1102
283	1236
323	1252
306	1387
254	1327
279	1383
257	1245
291	1227
301	1206
287	1424
294	1353
276	1189
275	1111
265	1062
284	1125
298	996
264	1081
277	1157
250	1195
285	1127
303	1126
336	1120
308	1040
263	1011
265	1086
259	1178
337	1104
290	1202
325	1239
312	1086
293	1256
337	1213
279	934
280	1040
279	1198
252	1191
305	1237
292	1143
331	1253
286	1104
300	1154
286	1028
270	1283
259	1409
248	1283
258	1167
271	1167
302	1053
257	1164
271	1084
262	1071
255	1241
282	1288
264	1330
292	1365
262	1413
309	1603
256	1275
240	1194
250	1357
300	1159
264	1167
263	1137
248	1203
318	1174
274	1268
278	1358
298	1158
266	1406
253	1328
278	1215
283	1110
290	1298
299	1179
306	1176
285	1229
265	917
275	1074
252	1201
261	1173
304	1209
281	1360
318	1302
266	1378
276	1317
287	1332
283	1086
293	1130
230	1283
245	1208
285	974
217	1127
267	1218
296	1211
223	1207
297	1521
291	1456
284	1513
276	1294
334	1313
293	1060
276	1264
292	1476
331	1497
314	1584
296	1530
299	1438
329	1496
325	1381
272	1400
318	1385
308	1262
390	1372
389	1514
386	1446
359	1282
360	1138
385	1228
377	1169
370	1366
361	1109
404	1076
403	1039
414	930
392	1169
386	1098
356	1145
368	1050
344	1080
351	1084
382	1145
342	1397
355	1113
335	1133
352	1164
385	1272
380	1112
346	1243
365	1106
336	1030
375	1251
386	1339
311	1141
338	1197
326	1128
346	1037
334	1060
307	953
321	1091
327	1225
316	1113
294	1066
309	1009
307	1148
352	1211
352	1276
336	1375
364	1167
345	1093
353	1118
312	1160
341	1016
326	1076
321	1277
313	1227
343	1262
319	1159
308	1124
322	1192
296	1136
297	1394
305	1412
305	1542
284	1720
287	1650
302	1655
270	1422
285	1629
296	1702
276	1746
267	1936
264	1738
321	1676
284	1802
268	1570
303	1528
262	1491
259	1102
280	1183
260	1293
262	1159
295	1284
319	1226
309	1014
340	1230
296	1367
286	1223
326	1155
305	1139
284	1210
292	1217
264	1350
301	1155
295	1380
308	1473
269	1262
269	1292
297	1274
271	1525
287	1604
289	1529
281	1430
237	1301
249	1357
270	1269
262	1387
297	1322
307	1256
298	1154
310	1062
289	1168
302	1370
302	1020
293	1082
321	1263
283	1219
298	1486
292	1303
312	1286
300	1148
312	1242
287	1146
283	1297
321	1045
282	1026
335	975
283	1024
287	975
332	1191
296	1185
334	1499
314	1406
329	1240
318	1342
300	1372
274	1437
328	1343
267	1432
294	1161
334	1399
289	1413
283	1318
288	1173
266	953
277	1177
248	1267
310	1236
313	1163
297	1167
289	1240
299	1250
280	1030
274	1049
264	1363
305	1080
295	1134
282	1295
305	1138
277	1162
300	1263
311	1376
298	1319
311	1361
334	1360
264	1328
274	1069
236	1190
287	1316
286	1183
253	1053
239	997
260	1090
263	1219
277	1186
275	1170
320	1228
315	1356
243	1242
281	1227
269	1151
273	1161
298	1095
304	1156
265	1221
286	1202
278	1041
287	1089
249	1111
241	1285
237	1164
242	1298
229	1129
250	1316
266	1166
297	1106
258	1051
303	1180
273	1015
262	1011
265	958
305	1134
294	1230
277	1224
292	1171
300	1141
259	1199
237	976
260	1219
284	1376
261	1416
266	1192
256	1025
285	1095
287	1069
288	1210
308	1392
268	1151
263	1358
287	1194
295	1454
253	1654
294	1254
309	1330
286	1233
275	1355
283	1191
284	1112
272	1149
275	1124
314	1086
296	1278
307	1272
337	1117
280	1098
284	917
308	1148
295	1175
289	1108
309	1204
307	1112
293	1220
328	1177
322	1284
275	1344
342	1075
303	1164
303	1360
313	1092
275	1105
276	1215
277	1339
272	1415
288	1122
239	1165
242	1203
287	1198
253	1334
286	1223
271	1255
289	1184
281	1161
253	1198
304	1154
312	1069
314	1191
300	1095
311	1201
293	1118
264	1311
214	1423
284	1429
238	1280
267	1401
263	1261
267	1128
268	1138
230	1272
216	1213
267	1273
251	1197
254	1537
279	1265
255	1190
287	1253
290	1197
264	1361
262	1079
244	1282
253	1403
208	1350
286	1468
245	1212
238	1144
246	1212
265	1133
263	1207
235	1023
256	1294
260	1294
251	1214
245	1017
263	1106
254	1023
238	1141
276	1242
246	1186
272	1268
278	1046
246	1050
257	1256
320	1212
295	1153
250	1203
239	1197
263	1079
269	1521
259	1472
252	1459
230	1284
235	1208
294	1261
254	1265
263	1043
235	987
252	1020
287	1156
276	1167
287	1189
276	1353
281	1164
286	1136
272	1005
292	1308
260	1542
256	1363
252	1254
275	1311
321	1529
336	1475
295	1377
266	1288
268	1184
298	1485
276	1500
277	1280
304	1274
271	1494
300	1490
281	1272
303	1153
304	1129
307	1095
312	1245
252	1240
287	1158
337	1439
285	1296
291	1176
328	1431
287	1244
296	1300
305	1279
293	1201
294	1340
306	1449
314	1523
301	1525
303	1497
270	1558
328	1440
319	1546
372	1207
361	1509
326	1392
411	1266
346	1269
363	1205
388	1227
371	1214
430	1159
449	1301
432	1378
408	1345
497	1237
559	1362
581	1316
614	1320
597	1482
609	1100
532	1067
482	1134
398	1078
373	857
348	1176
324	1154
336	1336
365	1098
343	1037
404	1340
387	1270
419	1215
458	1250
558	1197
681	1155
827	1328
861	1238
849	1035
809	1129
648	1026
530	1028
511	1098
492	1119
459	1545
384	1523
381	1429
386	1241
353	1233
371	1076
382	1196
457	1248
382	1441
442	1202
455	1034
465	1260
526	1251
501	1117
549	1174
544	1170
540	1230
532	1191
551	1287
476	1183
443	1104
394	1138
426	1109
422	1214
462	1419
374	1391
419	1401
425	1187
432	1225
457	1295
432	1164
338	1190
408	1246
408	1079
371	1096
369	1124
384	1238
367	1089
366	1225
421	1061
408	1170
365	1210
345	1422
321	1212
338	1096
251	1166
281	1286
253	1257
295	1336
292	1436
267	1405
274	1256
310	1327
307	1339
291	1270
303	1477
290	1546
266	1375
278	1464
266	1289
303	1310
253	1177
269	1350
262	1579
320	1305
295	1258
262	1242
284	1396
344	1530
311	1269
261	1095
241	1095
292	1241
270	1099
278	1182
288	1383
279	1481
293	1318
300	1182
293	1215
282	1105
280	1267
253	1172
271	1537
296	1190
302	1370
268	1429
312	1318
261	1238
299	1303
297	1326
289	1143
273	995
247	1176
283	1342
248	1071
302	1169
280	1224
288	1176
278	1328
286	1145
218	1214
260	1164
249	1100
254	1278
282	1152
278	1217
268	1309
327	1181
276	1066
282	1105
310	1099
250	1247
237	1055
272	1150
249	1067
303	971
268	961
312	1045
294	1074
274	961
259	1045
229	1020
267	1027
307	1131
266	1199
260	1216
230	1035
254	837
244	1075
274	1138
265	1079
245	1068
256	1000
282	1268
266	1148
260	1405
269	1332
267	1247
283	1490
247	1191
263	1175
249	1398
298	1139
261	1380
269	1269
284	1191
300	1334
243	1254
252	1157
260	1047
292	1208
308	1228
290	1394
297	1363
286	1361
307	1499
316	1222
271	1296
319	1383
283	1341
296	1437
317	1246
305	1393
259	1357
291	1250
294	1426
325	1212
299	1132
350	1290
326	1410
301	1437
317	1496
297	1645
311	1715
290	1525
293	1671
303	1613
291	1338
283	1479
306	1580
292	1424
281	1363
297	1427
318	1419
302	1561
280	1285
311	1152
286	1208
330	1335
313	1242
289	1042
353	1096
327	1306
302	1282
293	1422
327	1221
284	1288
337	1338
331	1069
308	1081
256	1221
286	1169
305	1084
296	1147
328	1286
245	1214
285	1329
290	1408
320	1325
310	1146
338	1313
317	1355
293	1328
288	1029
275	1109
306	1149
309	1040
302	1170
295	1289
290	1239
334	1332
336	1245
333	1219
321	1117
378	1269
342	1318
328	1139
333	1211
310	1107
334	1105
322	1075
328	1224
304	1363
328	1190
327	1190
347	1166
303	1189
301	1016
318	963
327	869
296	901
296	900
318	1092
296	1350
311	1182
308	1156
295	1122
283	878
354	1084
331	1023
281	1172
328	1235
316	1089
354	1187
376	1109
370	1176
413	1244
367	1239
338	1249
324	1353
345	1318
317	1088
318	1262
325	1152
343	1231
328	1130
376	1391
372	1183
330	1045
329	1161
285	1044
309	1147
318	1134
321	1251
333	1367
374	1069
373	1140
339	1243
340	1336
395	1192
311	1258
330	1209
366	1317
314	1110
347	1294
376	1511
306	1496
387	1275
390	1297
355	1239
355	1294
340	1249
343	1215
387	1355
365	1414
360	1453
355	1269
400	1412
376	1245
321	1351
335	1247
394	1319
374	1180
361	1191
358	1130
358	1066
366	1135
357	1068
381	874
348	1053
352	1042
345	1164
349	1166
315	1081
312	1189
321	1037
326	1045
285	1093
305	1041
306	1316
284	1157
350	1238
380	1094
321	1115
340	1102
302	1281
332	1207
330	1293
349	1109
355	1248
329	1245
318	1114
340	1284
335	1353
335	1253
337	1233
349	1180
413	1344
353	1137
333	1262
369	1209
359	1284
322	1064
350	1126
366	1023
331	995
335	1074
334	1116
368	1118
349	1060
381	914
333	1107
387	1177
374	1298
352	1173
385	1336
399	1207
363	1042
382	1186
375	1136
399	1175
351	1175
383	1095
414	1130
419	1107
436	1093
456	1112
479	1079
610	1113
713	1002
707	955
756	1059
805	1181
925	1304
897	1162
930	1092
832	1101
949	1138
1214	969
1351	1102
1458	1240
1405	1129
1241	1289
1444	1178
1477	1262
1486	1036
1424	1016
1487	958
1491	1137
1550	1114
1521	1261
1423	1126
1341	1384
1277	1298
1174	1356
1042	1454
1072	1073
1090	1209
1162	1113
1150	1169
1086	1281
1151	1326
1170	1210
1164	1135
837	1233
707	1193
618	1094
654	1180
638	1228
582	1314
500	1265
526	1284
559	1508
513	1362
527	1153
423	1163
425	1082
399	1067
410	1148
435	1225
422	1248
323	1339
389	1239
388	1168
388	1060
396	1010
380	973
424	1062
373	1010
349	1163
335	1364
372	1305
316	1269
359	1306
378	1183
334	1307
340	1061
332	1140
295	1070
348	1165
366	1036
340	1109
381	900
342	1101
347	1185
355	1317
354	1386
352	1041
376	1004
336	1177
386	1284
365	1042
347	1163
322	1252
322	1277
365	1357
319	1384
365	1415
338	1409
339	1456
350	1325
310	1269
341	1362
368	1450
354	1523
322	1163
362	1350
346	1237
324	1052
318	1057
335	1164
314	1099
296	1141
271	1021
320	1115
350	1232
337	1228
303	1260
378	1195
354	1234
373	1134
380	1195
359	1124
376	1219
360	1090
407	1076
367	1236
375	1176
378	1058
336	1098
330	1167
361	1213
364	1229
330	1412
428	1266
380	1277
387	1325
348	1280
369	1386
347	1394
408	1362
387	1355
338	1277
347	1369
390	1230
329	1044
427	949
416	1087
435	1055
426	1270
384	1292
396	1518
394	1357
457	1474
481	1450
457	1373
437	1029
439	1108
428	1090
398	1078
427	1101
428	1200
401	1219
405	1216
409	1099
405	1196
500	1343
502	1093
475	1069
473	1063
438	1272
441	992
409	1008
448	1079
457	1163
447	1147
470	1102
495	1161
402	1204
508	1137
489	1220
503	1047
456	949
456	1073
498	1210
506	1252
546	1107
548	1178
528	1097
551	1049
566	1256
606	1147
641	1177
623	1143
603	1268
560	1359
618	1155
588	1149
631	1097
576	982
626	1058
619	1172
636	1289
605	1061
549	976
591	1086
682	971
631	1121
653	1025
641	1040
683	1147
667	1172
724	1125
670	1172
724	1306
739	1131
754	1161
695	1159
771	939
767	1072
758	1087
748	1083
728	1083
745	1095
776	1211
727	1079
789	1185
824	1113
753	1168
808	1119
753	1044
800	898
842	1146
835	1005
814	992
843	1065
828	1101
782	1365
930	1331
853	1308
862	1438
782	1237
840	1007
812	1109
783	1088
783	1240
850	990
785	1354
755	1227
781	1190
769	1153
753	935
789	1076
800	1132
774	1134
736	1162
897	1035
839	1091
832	1124
869	1077
893	1056
889	1132
855	1120
884	1049
947	1303
828	1279
886	1466
835	1227
798	1475
723	1284
827	1247
729	1202
831	1130
766	1067
697	1041
629	1214
670	1086
641	1199
644	1178
658	1144
637	1010
604	1041
673	1130
642	1374
626	1209
656	1172
597	1259
565	1312
538	1139
542	1242
586	1251
582	1306
570	1049
590	908
538	1013
528	1126
582	1391
592	1194
565	1302
611	1208
612	1044
555	1145
533	1010
525	1058
544	1289
534	1394
534	1120
507	1201
465	1193
467	1220
496	1301
465	1293
526	1576
519	1289
520	1129
505	1271
534	1343
506	1399
504	1496
499	1215
493	1254
544	1219
568	1358
533	1529
530	1347
548	1262
517	1221
589	1061
493	1204
461	1271
492	1237
464	1214
489	1057
473	1201
449	1362
489	1342
478	1306
473	1408
449	1390
464	1320
486	1313
460	1305
435	1159
421	1131
530	1322
521	1367
504	1263
513	1294
488	1279
579	1155
513	1244
525	1141
505	1402
508	1335
545	1448
473	1320
500	1340
483	1219
498	1206
512	1080
511	1217
470	1309
527	1421
601	1429
651	1142
572	1147
614	1315
668	1539
627	1559
670	1445
664	1265
671	1481
663	1334
725	1477
695	1166
774	1006
756	932
780	1181
769	1430
793	1187
888	1054
806	1139
809	1356
796	1267
832	1182
773	1360
855	1203
768	1093
870	1099
792	976
783	1051
761	1283
867	1456
805	1272
780	1261
690	1239
667	1041
697	1085
734	1073
723	1178
689	1202
679	897
643	1097
681	1062
669	1159
630	1134
672	1219
642	1199
651	1042
640	1082
672	1075
633	1124
677	1241
628	1242
661	1200
628	1206
596	1036
599	989
617	847
606	1102
584	1022
589	1001
596	1045
645	1278
590	1084
621	1139
596	1269
659	1390
642	1060
637	1313
590	1291
621	1132
648	1159
599	1270
575	1072
627	1228
575	1182
673	1227
626	1081
625	1091
596	1190
586	1223
494	982
564	868
578	1036
628	1032
691	1129
606	1094
606	1065
615	984
668	1074
596	1026
587	1031
553	1010
491	916
566	1101
582	1186
515	1029
491	995
577	1138
506	1203
490	1065
454	1254
455	1167
439	1347
419	1323
455	1448
347	1168
401	1395
391	1313
451	1602
389	1354
434	1074
386	1143
334	1175
316	1349
346	1132
339	1098
347	1257
344	1293
334	1321
304	1473
346	1476
329	1560
350	1703
335	1512
299	1240
332	1388
271	1341
331	1189
303	1343
327	1284
331	1169
322	1297
317	1266
316	1043
305	1420
316	1215
303	1107
337	1140
364	1263
315	1041
300	1194
309	1371
412	1341
430	1311
424	1115
348	1203
370	1203
451	1014
458	968
570	1155
585	1068
540	1208
519	1286
583	1132
684	1254
659	1167
626	1193
616	1152
530	1003
519	1307
568	1198
552	1093
612	1096
614	946
772	1135
816	953
771	940
790	1078
1101	1041
1231	1134
1033	1202
1003	938
1295	989
1775	981
2781	1123
3780	1041
3382	1214
2865	1206
3280	1293
5160	1326
6181	1227
5195	1166
5121	1256
5949	1283
6878	1180
7080	1379
7071	1188
6947	1102
7176	1354
7806	1641
7670	1571
7470	1459
7215	1507
7295	1391
7388	1534
7029	1695
6489	1713
5854	1480
5926	1583
5040	1606
3757	1491
3347	1146
3767	1343
4390	1301
3895	1398
2772	1306
2199	1244
2318	1263
2594	1328
1959	1421
1657	1222
1144	1339
884	1489
962	1363
884	1272
734	1320
608	1275
659	1434
697	1354
706	1214
608	1256
555	1164
566	1200
562	1172
604	1198
516	1224
504	1368
524	1392
490	1532
506	1401
508	1421
535	1332
465	1394
486	1541
435	1625
415	1389
436	1324
409	1478
389	1330
415	1474
459	1638
459	1650
439	1566
419	1424
446	1415
423	1392
445	1135
340	1146
379	1053
360	979
354	1051
337	1189
386	1401
384	1221
375	1229
364	1233
331	1295
320	1287
395	1158
430	1087
417	1380
408	1243
462	1089
586	1160
664	1078
609	1073
656	1113
872	1235
1039	1257
1073	1055
1004	1081
952	1084
1095	1042
1281	1024
1832	1270
1489	1311
1389	1187
1365	1067
1823	1475
2635	1480
2777	1490
2486	1430
2733	1525
3233	1379
4050	1202
4346	1239
4222	1285
4114	1336
4942	1196
5705	1339
6230	1278
6172	1259
6352	1246
6356	1180
6577	1313
6698	1246
6533	1080
6395	1093
6149	1010
6276	1230
5703	1387
5651	1170
5801	1229
5625	1354
5289	1463
4876	1281
4514	1382
4721	1344
4257	1409
3562	1356
2915	1284
2710	1493
3064	1403
2948	1220
2863	1464
2634	1431
2735	1414
2919	1281
2971	1157
2637	1278
2114	1239
1852	1202
1797	1371
1838	1298
1534	1085
1094	1336
765	1237
824	1128
966	1003
821	1074
664	968
542	1007
507	1043
522	1347
518	1423
445	1359
412	1105
423	1209
415	1378
435	1507
340	1521
359	1365
337	1396
327	1487
312	1249
340	1271
332	1173
295	1322
312	1412
314	1150
266	1074
301	1273
257	1431
252	1311
342	1353
285	1306
277	1078
334	1078
245	1320
283	1293
289	1328
266	1197
327	1202
266	1217
295	1203
298	1238
306	1302
282	1445
296	1228
296	1464
273	1179
274	1236
303	1319
289	1280
332	1296
292	1192
300	1309
305	1331
332	1200
317	1246
312	1301
313	1570
309	1395
304	1450
269	1241
277	1259
267	1506
301	1520
330	1403
265	1464
321	1527
261	1098
316	1282
276	1114
311	1132
278	1177
348	1254
350	1214
308	1337
280	1281
300	1256
291	1071
284	1102
334	1096
312	1040
327	1234
338	1229
332	1293
367	1481
330	1299
355	1626
340	1313
404	1408
389	1218
520	1322
595	1146
480	957
356	1196
416	1408
474	1207
392	1293
396	1245
368	1279
346	1203
380	1068
398	1117
430	1125
476	1198
526	1270
620	1291
549	1444
597	1387
614	1070
671	1089
678	1136
761	1186
637	1148
803	1050
723	1224
615	1305
575	1402
535	1504
570	1246
503	1169
524	1128
523	1210
453	1254
481	1074
472	1185
436	1295
412	1191
405	1193
419	1335
415	1165
376	1106
376	1164
328	1157
362	1343
402	1312
371	1394
339	1379
320	1390
311	1248
364	1389
361	1455
318	1323
369	1279
342	1184
302	1343
301	1438
338	1338
319	1403
382	1401
405	1263
359	1429
382	1377
372	1191
395	1076
443	1173
432	1180
460	1127
463	1074
444	1299
504	1396
462	1347
429	1207
449	1305
449	1324
467	1343
470	1313
477	1081
452	1159
399	1230
394	1633
349	1604
326	1415
352	1174
303	1245
314	1604
320	1337
316	1382
302	1221
309	1372
322	1297
281	1263
330	1268
284	1328
302	1319
316	1412
316	1318
315	1136
299	1123
259	1283
286	1126
315	1513
299	1181
303	1183
274	1209
355	1385
311	1538
301	1544
310	1467
253	1331
299	1364
279	1196
304	1211
250	1141
276	1170
272	1137
255	1345
265	1308
251	1361
285	1215
269	1332
270	1483
311	1286
278	1287
295	1315
294	1280
277	1183
326	1223
331	1093
280	1204
253	1031
288	1124
280	1199
290	1142
343	1127
258	1547
341	1163
322	1117
272	1048
269	973
274	906
293	1086
289	1069
301	1078
275	1198
302	1319
261	1391
254	1309
242	1382
304	1451
336	1279
299	1030
276	1134
247	1298
301	1236
295	1424
308	1142
291	1135
272	1166
247	1286
294	1303
250	1201
293	1045
295	1168
295	1458
270	1336
306	1309
242	1189
287	1199
254	1294
261	1248
250	1276
226	1452
243	1506
250	1213
248	1308
251	1093
258	1164
250	1230
271	1246
244	1244
246	1232
263	1382
282	1240
266	1029
277	1031
293	915
302	1050
358	1069
284	1052
252	1052
285	1206
277	1151
297	1359
263	1707
302	1376
278	1255
277	1257
312	1432
302	1371
302	1352
303	1307
336	1493
330	1321
279	1144
300	1308
308	1413
305	1340
331	1346
300	1308
327	1047
359	1202
311	1340
363	1358
342	1192
343	1123
378	1419
366	1249
357	1255
339	1122
375	1268
382	1387
361	1568
355	1373
405	1321
400	1428
392	1260
423	1087
403	1239
490	1390
483	1363
498	1270
480	1200
454	1365
397	1426
425	1269
385	1358
383	1295
355	1162
348	1148
373	1190
347	1174
380	1209
358	1166
370	1202
399	1378
437	1316
465	1593
452	1308
502	1426
482	1202
510	1242
518	1137
438	1100
454	1109
451	1034
443	1067
468	1045
415	963
432	985
408	964
418	989
510	1032
513	937
492	900
507	1014
547	1090
597	914
666	1101
630	1085
662	1103
624	1164
621	1066
604	1230
542	1112
521	1241
491	1171
491	1080
503	1189
486	1427
519	1366
499	1152
441	1189
463	1205
503	982
600	1020
607	936
695	1028
760	980
788	827
904	947
876	998
868	1012
913	1099
872	1124
842	1139
762	1108
694	1164
619	1129
636	1236
540	1075
507	984
537	1086
500	938
554	1049
532	1064
557	1171
611	1100
742	994
841	1038
836	1072
894	1041
833	1022
828	1120
848	990
771	849
684	872
649	1178
623	1283
593	1211
534	1197
512	925
516	1054
498	1127
535	1152
523	1190
577	1200
607	1199
693	1199
714	1269
688	1298
679	1188
749	1185
706	1109
684	1115
628	1018
594	1174
565	1147
576	1302
537	1337
504	1136
491	1226
523	1215
463	1253
510	1093
582	1308
573	1294
625	1257
592	1182
716	1187
696	1186
663	1327
712	1109
621	1126
589	1175
561	1293
532	1160
517	1029
483	1026
496	1066
493	1148
474	1313
451	1159
449	1128
460	1057
462	1112
464	1180
552	1325
592	1253
669	1351
705	1265
741	1305
668	1127
650	1430
541	1419
568	1396
550	1240
566	1355
452	1224
450	1175
447	1160
402	1135
388	1143
442	1154
445	1309
392	1424
416	1244
410	1264
429	1311
464	1108
533	979
482	984
477	893
468	1089
421	1321
419	1116
377	1245
359	1328
387	1347
373	1303
354	1222
373	1268
370	1235
357	1132
348	1208
336	1230
353	1350
345	1186
359	1300
403	1251
322	1446
348	1453
337	1390
326	1204
362	1224
333	1101
389	1169
374	1207
386	1130
399	1369
404	1156
384	991
419	1186
378	1200
384	1404
397	1375
371	1284
411	1266
391	1042
346	1008
335	1225
336	1272
339	1320
357	1411
320	1341
301	1321
343	1283
339	1103
330	1051
338	1063
370	1042
356	969
363	1024
406	1175
351	1111
363	1307
387	1222
362	1088
362	1240
361	1117
383	1148
372	1414
394	1222
331	1271
344	1321
308	1336
313	1169
301	1124
293	1185
349	1151
354	1224
356	1056
370	1207
348	1259
359	1198
426	1158
329	1084
349	1023
346	1060
347	1049
337	1086
315	1118
335	1273
356	1134
368	1199
325	1173
386	1168
296	1176
313	1206
343	1038
324	1141
333	1002
329	971
334	1145
317	1191
318	1090
367	1161
343	1293
350	1381
363	1491
333	1415
336	1276
291	1075
305	937
271	907
297	1073
292	1141
284	1043
300	1049
253	1137
299	1065
280	1052
294	1229
322	1225
305	1115
334	1132
309	1162
297	1093
308	1073
328	937
322	1163
301	1024
311	1241
284	1250
261	1256
310	1258
274	1395
287	1280
285	1425
306	1185
336	1207
313	1131
282	1282
290	1359
324	1174
266	1159
282	1118
304	1298
288	1386
311	1294
301	1307
307	1103
286	1369
329	1308
295	1454
318	1408
294	1377
303	1486
268	1317
319	1276
305	1308
301	1437
307	1302
279	1379
264	1485
261	1369
307	1410
284	1163
282	1048
248	1266
279	1364
264	1399
286	1371
236	1253
280	1245
272	1354
284	1446
269	1306
281	1123
241	1271
268	1339
267	1413
298	1291
273	1227
270	1201
296	1239
321	1257
296	1174
294	1141
284	1276
308	1200
283	1106
311	1334
324	1350
320	1164
308	1270
299	1317
268	1188
261	1116
296	1418
295	1218
310	1339
298	1316
267	1404
297	1235
289	1092
297	1064
254	1280
306	1255
282	1312
289	1371
278	1140
339	1031
277	1101
284	965
284	1060
322	1116
286	1458
318	1449
274	1457
289	1387
269	1431
249	1377
284	1316
304	1312
275	1254
297	1124
280	1285
299	1288
279	1293
313	1215
284	1309
280	1234
291	1282
272	1229
285	1243
281	1275
308	1272
304	1418
276	1619
308	1671
300	1571
308	1406
300	1246
334	1147
285	1274
288	1412
289	1241
278	1504
307	1623
296	1671
282	1817
274	1861
275	1623
268	1667
292	1717
282	1454
301	1587
261	1443
245	1462
265	1438
282	1465
306	1548
277	1620
299	1664
287	1495
316	1230
282	1263
307	1217
283	953
307	989
310	1164
298	1097
276	1122
298	1097
261	1320
297	1221
274	1293
295	1320
256	1342
275	1098
274	1255
314	1281
313	1389
279	1381
293	1358
291	1132
292	1113
293	1225
298	1248
324	1012
325	1418
349	1175
280	1038
293	1199
301	1083
258	1228
309	1412
325	1361
327	1217
313	1388
324	1183
322	1205
297	1235
271	1099
335	1448
307	1247
337	1341
369	1266
333	1140
350	1233
333	1187
369	1275
298	1038
346	1321
320	1296
327	1344
329	1157
306	1202
319	1248
294	1267
311	1142
311	1140
294	1121
270	1251
338	1195
309	1141
326	1367
300	1259
277	1273
264	1305
266	1129
266	1224
297	1352
347	1412
278	1389
316	1239
315	1194
307	1115
273	1099
305	1100
320	1067
290	936
288	1017
331	1117
294	1014
269	1246
295	1285
295	1326
281	1336
326	1404
278	1401
315	1088
268	1100
306	1062
307	1195
264	1212
270	1271
290	1314
285	1261
294	1191
286	1090
264	1153
301	1230
343	1349
290	1373
312	1371
267	1208
312	1348
278	1270
320	1205
281	1394
319	1439
312	1184
275	1227
293	1151
309	1188
329	1336
322	1415
297	1415
260	1330
302	1210
283	1138
325	1279
335	1290
340	1281
336	1113
343	1281
336	1228
321	1282
307	1185
256	1329
282	1182
300	1362
328	1398
289	1363
262	1322
281	1200
311	1306
295	1478
340	1514
301	1631
321	1318
335	1322
314	1357
305	1354
259	1127
311	1424
264	1365
303	1210
313	1370
300	1539
288	1528
284	1543
294	1458
250	1650
293	1622
328	1519
303	1573
298	1368
298	1400
314	1607
330	1497
299	1456
296	1221
345	1521
309	1548
317	1470
297	1474
310	1179
337	1224
355	1140
369	1314
294	1349
353	1204
301	1292
361	1370
346	1270
339	1410
281	1084
327	1392
294	1306
281	1216
308	1452
291	1422
281	1222
315	1313
315	1241
309	1198
307	1041
312	1323
294	1405
281	1267
291	1104
336	1244
332	1452
358	1469
360	1310
394	1408
373	1453
356	1496
394	1653
358	1583
446	1496
427	1612
336	1672
325	1511
359	1266
393	1335
447	1353
433	1239
436	1307
441	1132
382	1193
449	1261
423	1173
419	1192
433	1310
441	1367
426	1553
421	1396
435	1421
454	1417
408	1544
436	1500
403	1377
434	1131
457	1362
485	1542
510	1491
490	1481
489	1280
464	1294
429	1326
443	1106
484	1138
456	1471
487	1328
459	1345
498	1445
485	1339
459	1222
455	1279
474	1335
509	1350
496	1287
510	1365
526	1204
491	1310
489	1116
506	1216
458	1228
491	1400
485	1483
500	1252
480	1076
478	1146
425	1581
467	1309
452	1167
443	1248
432	1076
481	1301
430	1126
439	1080
417	1107
458	1126
411	1226
393	1250
361	1154
396	1079
432	1258
418	1173
407	1205
381	1382
417	1292
437	1142
405	1203
431	1263
442	1288
391	1306
442	1288
427	1234
409	1114
393	1341
391	1203
352	1253
440	1335
427	1167
398	1206
353	1202
370	1145
359	1190
362	1182
357	1376
392	1348
384	1336
381	1356
367	1523
380	1411
347	1211
411	1468
334	1569
383	1442
308	1473
312	1350
333	1408
333	1512
317	1524
328	1475
340	1262
366	1280
366	1444
348	1239
391	1182
356	1387
388	1364
384	1630
354	1657
356	1462
365	1356
410	1227
405	1245
336	1085
318	1350
329	1288
330	1317
296	1306
333	1426
298	1347
313	1178
306	1339
282	1204
329	1345
348	1413
321	1516
341	1486
324	1511
305	1466
295	1229
314	1390
322	1343
335	1297
321	1160
294	1188
282	1367
283	1300
314	1243
289	1127
279	1301
272	1276
333	1428
284	1505
300	1632
265	1547
285	1638
343	1731
312	1537
309	1357
315	1419
303	1271
288	1258
313	1296
314	1196
299	1110
255	1236
293	1271
295	1311
305	1325
306	1329
308	1502
345	1245
326	1522
290	1223
312	1291
344	1284
308	1238
263	1301
293	1195
306	1099
333	1270
287	1140
276	1201
286	1367
313	1226
285	1110
289	1125
337	1174
306	1146
316	1185
289	1169
296	1082
269	1301
253	1113
321	1188
287	1277
290	1296
309	1402
355	1251
346	1353
326	1320
342	1448
323	1675
376	1329
318	1477
329	1225
358	1055
357	1148
344	1447
355	1408
342	1411
359	1125
381	966
379	997
310	1132
376	1095
351	1299
364	1295
378	1311
374	1618
341	1474
428	1234
550	1270
572	1240
544	1188
479	1143
498	1164
500	1339
484	1621
475	1430
399	1372
394	1349
440	1256
505	1311
513	1327
451	1267
502	1381
528	1484
598	1336
626	1242
527	1165
533	1361
583	1154
545	1202
640	1450
573	1440
558	1375
653	1239
757	1127
817	1143
738	1281
652	1193
761	1203
883	1173
932	1100
899	1114
807	1273
818	1164
947	1148
1024	1173
973	943
939	1227
884	1352
955	1078
980	1149
890	1156
841	1275
944	1107
822	1204
797	1160
835	1093
894	865
848	1006
881	1077
755	1059
695	1058
676	1275
690	1191
634	1048
636	903
539	1003
656	1114
587	1155
556	926
505	1036
491	1082
508	1162
521	1223
481	1200
489	1118
456	1069
486	1276
466	1144
455	1251
472	1117
442	1139
398	1007
429	925
407	1089
411	972
383	1044
355	1251
370	1311
391	1374
352	1300
384	1312
363	1392
403	1218
380	1370
388	1287
424	1172
413	1289
424	1339
439	1149
401	1098
356	1041
402	1144
378	1231
396	1172
395	1308
401	1181
381	965
382	1137
365	1240
390	929
395	1053
405	1082
404	1200
404	1023
426	1117
396	1099
416	1260
415	1487
386	1193
408	1209
426	1145
346	1114
410	1221
352	1022
386	1165
403	1229
413	1253
405	1101
383	1117
415	974
403	1126
420	1167
424	1035
424	1038
408	1008
417	1169
426	1146
486	1180
482	1113
475	1082
430	1161
447	1133
451	1015
480	932
437	1126
463	966
486	1283
527	1177
516	1243
497	1050
489	1018
550	1252
497	1046
515	1019
534	1155
582	1227
545	1220
577	1242
603	1164
599	1204
565	1073
586	1169
543	1233
619	1124
614	1026
583	1066
590	1038
598	1082
648	1371
691	1391
708	1207
764	1223
670	1017
760	1131
777	1179
808	1052
759	1148
750	1208
764	1256
806	1248
798	1268
808	1061
767	905
752	948
787	1096
808	1202
803	1329
791	1066
802	1233
864	1260
861	1112
910	1072
839	1235
914	1188
954	1041
1038	941
1037	1060
1018	1169
918	1262
1028	1224
994	1120
976	1029
911	1194
955	1331
927	1204
1000	1291
953	1129
981	1032
916	1290
949	1278
979	1264
1069	1353
1132	1244
1129	1313
1127	1200
1274	1259
1249	1303
1290	1167
1292	1169
1194	1239
1184	1161
1100	1099
1118	1131
1136	1209
1072	1325
1047	1091
1040	992
1080	1122
1025	1398
1035	1325
1014	1241
1135	1146
1084	1082
1128	1062
1096	975
1215	846
1298	996
1279	944
1310	1007
1286	1096
1342	1180
1287	1028
1242	1097
1205	1048
1292	1184
1170	1217
1113	1367
1079	1207
1176	1040
1109	1253
1237	1194
1176	1175
1116	1053
1166	1269
1209	1247
1211	904
1199	1130
1205	1019
1220	1003
1234	1065
1273	1054
1218	1251
1233	1193
1251	1384
1360	1253
1231	1255
1291	1271
1148	1273
1303	1329
1200	1119
1242	1238
1203	1124
1154	1145
1226	1057
1267	1196
1231	1258
1313	1181
1245	1030
1346	1223
1329	1313
1409	1165
1424	1214
1467	1181
1458	1126
1496	1170
1554	1061
1399	1248
1346	1176
1406	1189
1375	1236
1403	1121
1398	1184
1510	1012
1490	1053
1491	1184
1603	998
1519	1218
1555	1183
1584	1110
1449	1134
1484	1130
1510	1154
1357	1301
1401	1202
1166	1305
1148	1139
1165	1161
1208	1174
1151	1160
1222	1086
1194	1234
1230	993
1164	1058
1288	1137
1253	1176
1198	1370
1243	1343
1254	1231
1171	1151
1230	1130
1214	1163
1235	1191
1237	1128
1178	1178
1207	1290
1238	1418
1310	1171
1218	1390
1194	1120
1229	1360
1198	1402
1106	1500
1083	1367
1008	1299
1081	1286
1102	1254
929	1367
886	1230
908	1345
898	1379
930	1310
831	1303
797	1259
778	1270
756	1372
788	1438
759	1470
692	1262
720	1151
644	1104
668	1188
651	1056
649	1233
642	1293
677	1116
661	948
689	1222
644	1142
652	1210
650	1289
622	1114
630	1071
671	1165
657	1191
655	1183
598	1252
599	1486
541	1536
616	1410
639	1504
599	1316
562	1258
594	1452
574	1285
563	1304
603	1251
639	1434
558	1477
558	1368
577	1359
580	1312
611	1111
579	1254
570	1267
577	1460
599	1322
564	1318
573	1483
608	1601
571	1404
556	1244
602	1324
610	1360
559	1331
591	1083
598	1394
604	1367
565	1294
595	1324
599	1459
661	1372
613	1533
605	1350
558	1073
610	1112
678	1279
610	1349
667	1210
590	1431
620	1430
645	1490
696	1452
626	1306
635	1291
608	1168
634	1200
702	1472
617	1257
593	1308
634	1062
661	1254
634	1055
648	1156
621	1147
674	1298
587	1260
642	1263
596	1109
641	1166
604	1206
640	1292
663	1412
579	1269
641	1200
693	1251
661	1245
722	1473
659	1243
686	1235
653	1249
718	1254
675	1270
662	1201
646	1540
651	1573
613	1439
680	1252
696	1349
641	1286
651	1144
616	1142
681	1192
717	1283
679	1347
679	1174
714	1129
708	1080
725	1170
748	1215
699	956
727	1091
684	1132
646	1105
660	1150
773	1140
724	1050
705	1063
739	1079
760	1090
758	1289
687	1255
728	1278
726	1166
791	1191
745	1347
826	1288
759	1051
764	1167
833	1444
834	1374
887	1252
857	1251
850	1419
905	1281
964	1234
933	1275
904	1312
1030	1527
1091	1385
1071	1345
1081	1272
1100	1239
1059	1073
1105	1066
1130	951
1273	981
1161	1184
1191	1173
1082	1175
1096	1245
1049	1273
1043	1284
1007	1319
924	1164
910	1217
789	1138
764	1294
940	1274
844	1186
752	1330
736	1275
790	1140
767	1340
739	1175
642	1246
674	1300
723	1211
690	1396
694	1521
609	1380
634	1237
567	1269
663	1161
590	1181
523	1118
595	983
555	1053
603	1031
564	1140
603	1297
638	1249
565	1206
547	1256
580	1225
594	1478
563	1336
588	1371
588	1304
553	1295
594	1409
524	1344
586	1285
596	1252
609	1426
565	1325
509	1628
491	1239
561	1381
543	1495
558	1590
528	1200
466	1145
536	1045
538	1208
530	1306
516	1349
514	1269
507	1308
488	1346
459	1187
478	1204
464	1147
509	1129
453	1256
466	1206
445	1366
485	1319
449	1291
407	1272
433	1399
438	1242
445	1524
381	1405
388	1310
420	1364
399	1277
366	1433
393	1351
372	1200
388	1391
389	1247
395	1353
343	1187
358	1235
360	1044
376	1304
335	1215
332	1156
329	1389
323	1533
328	1409
328	1350
372	1180
346	1342
364	1233
362	1153
312	1189
331	1360
339	1224
348	1191
276	1156
318	1151
364	1104
336	1492
330	1526
361	1758
352	1515
282	1333
285	1148
298	1276
302	1421
294	1486
268	1393
289	1406
308	1358
316	1546
283	1205
280	1147
302	1469
319	1498
304	1271
282	1119
269	1154
320	964
255	967
265	1042
332	1184
316	1013
268	894
302	928
296	1297
284	1030
273	1124
295	1192
260	1184
289	1353
277	1068
286	1202
288	1154
300	1100
293	1327
271	1466
285	1280
316	1152
304	1208
257	1110
278	1228
296	1188
270	1243
305	1305
335	1605
333	1275
307	1270
302	1358
320	1315
296	1402
324	1202
262	1083
301	1099
312	1205
328	1141
337	1218
318	1086
297	1116
301	1226
273	1146
343	1160
305	1066
352	1096
310	1292
308	1254
274	1195
324	1260
316	1042
333	1179
286	1290
313	1149
311	1221
304	1123
311	1078
295	1236
319	1250
334	945
329	1165
294	1195
320	1225
310	1116
318	1289
313	1120
323	1425
343	1431
310	1342
339	1259
336	1358
332	1308
327	1107
311	1245
298	1266
304	1100
328	1121
312	1193
285	1343
324	1512
307	1552
304	1281
326	1200
263	1308
275	1218
319	1384
319	1409
328	1399
331	1505
280	1524
319	1237
285	1341
321	1395
300	1086
301	1071
324	1378
327	1247
305	1146
344	1186
270	1094
308	1008
358	1299
289	1142
321	1175
326	1147
320	1075
321	1242
279	1150
320	1112
284	999
325	1024
353	1186
333	1248
300	1223
334	1220
340	1196
272	1175
332	1276
399	1162
313	1109
286	1133
275	1183
322	1416
297	1259
330	1156
299	1118
303	1104
319	1115
323	1101
267	1166
337	1339
334	1131
332	1277
377	1421
353	1267
357	1070
333	977
298	1018
302	1026
326	1198
348	1147
347	1210
346	1127
319	1378
326	1695
355	1328
369	1166
335	1185
303	1071
349	1178
290	1083
335	1175
345	1309
316	1261
309	1201
302	983
303	973
359	1144
401	1419
355	1440
362	1195
384	1407
431	1549
514	1409
467	1275
504	1431
504	1274
491	1323
448	1389
422	1323
488	1369
438	1368
490	1193
432	1179
427	1224
444	1142
466	1283
418	1293
449	1213
409	1356
354	1289
477	1167
495	1162
408	1242
432	1255
395	1172
385	1093
352	1030
366	1095
373	1179
356	1197
316	1315
396	1317
328	1203
335	1188
312	1435
337	1462
382	1672
352	1462
329	1370
355	1408
285	1439
371	1086
364	1189
355	1251
328	1422
296	1250
305	1380
336	1366
381	1474
315	1441
342	1496
296	1356
327	1411
350	1296
358	1284
354	1249
363	1357
334	1274
329	1294
328	1061
324	932
330	950
361	1108
336	1285
334	1154
327	1194
314	1281
328	1432
380	1565
351	1379
342	1573
330	1318
326	1213
324	1432
342	1401
330	1233
339	1270
395	1293
363	1158
333	1180
372	1227
397	1290
359	1270
384	1390
361	1349
364	1367
352	1376
395	1545
360	1209
407	1301
471	1149
517	1345
494	1304
468	1388
456	1517
432	1560
428	1314
466	1422
407	1346
442	1259
357	1391
340	1089
342	1158
325	1102
352	1160
327	1211
383	1456
323	1325
275	1439
296	1291
287	1340
296	1282
341	1050
357	1143
267	1198
337	1204
341	1139
340	1090
289	1296
308	1391
333	1457
320	1417
355	1395
326	1388
321	1211
296	1385
324	1276
339	1224
303	1319
297	1204
332	1204
315	1156
300	1318
305	1179
331	1342
311	1512
281	1414
281	1283
270	1526
283	1271
304	1151
314	1237
290	1449
311	1234
296	1077
263	966
259	955
277	1037
308	978
297	1032
293	1111
289	1157
306	1102
375	1248
286	1297
307	1083
291	1165
300	1207
331	1264
335	1345
311	1346
342	1424
339	1289
338	1215
369	1121
410	1256
323	1354
321	1301
375	1178
379	1177
382	1106
428	1224
410	1225
404	1374
475	1204
450	1464
392	1106
408	1201
449	1376
468	1321
476	1275
486	1434
496	1532
468	1515
522	1204
518	1164
470	1124
526	1163
499	1397
561	1357
548	1327
591	1593
661	1355
658	1309
749	1356
766	1373
887	1268
924	1263
960	1106
964	1216
872	1137
885	1234
851	1333
862	1265
818	1422
825	1438
787	1465
728	1470
708	1239
751	1065
697	1073
766	1123
788	1075
794	1113
772	1136
857	1064
735	1046
808	1064
835	1010
784	1096
823	1164
810	1078
793	1214
883	1122
770	1150
759	1061
673	1158
658	1272
634	1207
638	1143
594	1154
562	1237
510	1303
577	1049
547	1040
533	1274
588	1140
537	1170
524	1332
541	1058
596	997
471	1079
509	1377
453	1288
393	1114
429	1405
446	1458
424	1471
374	1283
443	1179
474	1188
447	1272
447	1307
452	1212
383	1166
395	1245
384	1511
387	1290
392	1527
371	1422
378	1398
340	1215
316	1289
318	1186
349	1279
331	1315
388	1464
320	1473
300	1344
351	1349
330	1484
331	1542
389	1643
311	1889
344	1580
370	1469
341	1228
369	1467
385	1310
361	1508
353	1290
394	1247
359	1339
380	1264
404	1303
333	1419
348	1430
398	1478
342	1405
314	1298
385	1175
377	1405
358	1308
314	1251
349	1160
300	1267
326	1385
322	1417
317	1365
318	1204
353	1214
320	1234
334	1386
382	1327
370	1445
397	1467
395	1513
396	1370
336	1534
389	1494
379	1360
362	1649
344	1531
336	1393
361	1423
306	1188
340	1252
349	1316
333	1103
388	1413
353	1307
363	1225
319	1455
352	1148
