277	1291
254	1162
246	1214
230	1109
279	1135
254	1059
262	1162
270	1020
340	1286
278	1155
261	1185
303	1185
283	1311
291	1004
245	946
267	1120
275	1119
278	1161
253	1323
283	1318
303	1272
317	1111
293	1045
274	983
326	1007
270	1135
294	1096
337	972
290	973
330	1178
316	1073
274	993
279	1071
288	1156
304	1197
315	1087
327	1242
322	1057
290	1067
274	1057
298	954
279	1029
278	1051
304	940
317	1127
301	1180
317	1091
318	1049
302	1086
296	1267
323	1048
306	1105
299	1181
326	1225
350	1037
318	1040
299	1230
334	1095
315	1089
343	1083
293	996
323	950
331	1093
302	1210
293	1210
292	1094
279	1018
267	940
323	1009
331	1275
300	1141
283	1245
306	1226
295	986
299	983
338	1092
316	1071
297	1109
277	1206
294	1109
250	1278
297	1198
309	1092
345	1199
312	1068
346	1036
302	1109
276	986
279	1098
311	1030
278	1212
313	1120
310	1092
344	1056
350	1203
315	1400
362	1472
287	988
322	1102
359	1015
330	956
344	1137
369	1256
307	1155
327	1162
340	1122
331	1147
378	1133
393	1125
466	937
429	1016
427	853
425	823
576	846
818	1081
818	1094
615	927
530	970
665	837
771	1144
853	1272
886	1115
740	1068
811	1116
986	1322
1102	1076
893	1053
792	1015
929	1243
1043	1143
1486	1319
1700	1222
1660	1143
1847	1174
2062	1275
2639	1412
2704	1191
2414	1409
2800	1503
2798	1279
3308	1097
3248	1189
2920	1200
2647	1240
2455	1398
2882	1304
3059	1384
3120	1099
3259	1122
3785	1227
4034	997
4008	1377
4085	1231
4110	1101
4072	1447
3867	1236
3741	1295
3471	1381
3608	1248
3399	1227
3010	1185
2609	1187
2137	1279
2028	1291
1947	1362
1781	1239
1630	1141
1585	1067
1539	915
1611	1081
1839	1118
1823	1129
1652	1133
1688	1189
1756	1253
1753	1360
1741	1155
1819	1365
1986	1476
2218	1282
2068	1289
1655	1256
1360	1483
1231	1226
970	1287
928	1131
814	1158
698	980
702	1098
698	953
778	1071
686	892
683	946
593	983
615	1048
646	1069
635	905
521	996
468	943
506	888
470	1153
422	915
416	1069
361	1345
310	1290
326	1217
370	1387
327	1269
363	1126
308	1351
343	1371
290	1286
301	1318
300	1013
285	1159
284	1194
337	1046
331	1216
269	1009
284	1028
321	908
326	1173
298	1155
298	1280
287	1141
278	1144
298	1168
329	1337
274	1238
319	1090
302	967
334	1034
316	978
296	1185
309	987
349	1069
308	1135
326	1208
305	1158
313	981
321	915
317	1055
356	1091
308	1227
309	1000
328	868
279	1012
306	1066
301	1106
319	896
292	870
313	1034
272	906
286	985
316	973
310	1015
309	832
357	991
282	867
263	1037
309	1051
288	1126
265	910
326	814
299	935
276	1012
295	958
311	823
323	834
310	933
333	879
331	1055
319	920
269	928
334	1012
310	1063
312	1049
286	1084
295	1276
312	1096
309	1075
334	1215
286	995
326	1191
279	1090
334	1220
314	1237
302	1431
307	1383
309	1290
279	1131
298	1042
288	999
313	1074
309	1190
332	1021
308	1212
319	964
287	1036
286	1168
316	1214
363	1291
306	1346
297	1309
323	1226
263	1382
299	1121
346	1133
349	1084
345	1311
318	1227
356	1086
362	1126
340	1207
375	1071
357	994
330	1012
338	1006
303	1003
360	1110
369	1307
352	1269
290	1361
320	1213
337	1111
333	1138
297	1132
317	1153
323	937
313	918
296	1079
278	950
331	1069
312	1235
299	1201
287	1113
295	1215
324	1087
304	992
291	1173
312	1207
330	1148
291	1026
268	926
314	1026
308	940
296	1000
271	1156
321	1262
316	1019
325	1048
331	1129
332	1126
310	1185
277	1057
286	1182
320	1041
315	1152
314	1162
358	1026
364	1119
337	1023
275	1048
277	1016
309	1059
304	1062
324	1200
332	1208
317	1175
359	1206
359	1402
321	1154
326	1010
298	1123
304	1075
307	1221
328	1318
311	959
334	1013
360	1224
320	1164
354	990
339	1069
376	982
349	890
412	994
439	1042
488	996
415	1038
391	915
466	982
625	1233
684	1197
677	1264
705	1340
706	993
916	992
1026	1079
891	1143
873	1069
918	1219
1161	1166
1078	1120
1103	1166
1072	1079
1154	1013
1311	1121
1476	1136
1412	1346
1439	1099
1502	1116
1533	1214
1765	1400
1708	1414
1815	1279
1701	1080
1707	1390
1703	1257
1538	1047
1367	1222
1371	1178
1225	1190
1143	1070
1142	1100
1160	980
1082	1085
1067	1164
993	1179
891	1138
906	946
923	977
882	1013
817	917
846	1068
794	1034
767	1061
923	1008
825	1121
751	1240
659	950
596	1163
722	1294
594	1410
577	1336
529	1423
539	1487
543	1506
544	1376
520	1436
477	1297
501	1280
522	1282
471	1429
467	1400
476	1054
436	1232
471	1006
450	1055
431	1111
423	932
486	1032
502	1050
420	1176
440	1250
523	1248
530	1173
499	1088
481	1150
518	1198
553	1089
615	1038
577	1037
557	1050
545	1071
630	1164
654	1176
735	1346
704	1307
679	1221
641	1084
779	1201
804	1289
820	1180
826	1394
881	1350
905	1082
939	1107
943	1311
940	1224
987	1201
1163	1027
1199	959
1170	1162
1138	1207
1061	1189
1217	1221
1018	1291
921	1144
923	1318
841	1166
849	995
882	1184
915	1194
969	1217
989	1238
1084	1027
1227	1250
1387	1301
1405	1216
1543	1137
1673	1178
1760	1088
1883	1170
1890	1081
1831	1340
1779	1282
1783	1285
1668	1262
1633	1198
1664	946
1673	879
1790	1068
1742	1130
1889	1187
1879	1124
2019	1165
2020	1354
2180	1521
2444	1318
2344	1140
2493	1083
2454	1079
2458	1104
2326	1078
2367	1111
2341	1190
2310	1331
2387	1044
2579	1010
2487	984
2571	1137
2518	1179
2581	1276
2652	988
2322	1115
2304	1131
2182	1225
2231	993
2115	1229
2111	1303
2071	1513
2019	1296
2207	1136
2237	1378
2266	1321
2194	1132
2190	1144
2363	1213
2423	1183
2439	1102
2522	1208
2530	884
2602	987
2779	1029
2811	1041
2767	1037
2760	962
2820	932
2892	1068
2713	944
2533	912
2459	915
2485	915
2428	1179
2439	1211
2474	1048
2404	1126
2315	969
2209	973
2324	1088
2223	1147
2375	1128
2471	1115
2595	1181
2704	1142
2836	1148
2666	1033
2622	1133
2886	1021
2899	1173
2957	1227
3035	1132
2804	1054
2679	1116
2907	1104
2805	1079
2768	1097
2712	1012
2773	915
2932	1134
3073	1124
3110	1138
3036	1163
3162	1106
3221	1192
3097	1278
3007	1250
2990	1202
3115	1228
2867	1059
2593	1252
2380	1259
2407	1158
2262	1237
2343	1127
2360	1308
2299	1407
2510	1261
2488	1340
2525	1412
2547	1156
2693	1250
2617	1319
2695	1257
2657	1226
2629	1142
2508	1152
2278	1310
2315	1386
2077	1119
1981	1062
1798	985
1796	1122
1811	1019
1897	1099
1817	993
1747	1091
1739	986
1716	1157
1816	975
1914	983
1989	878
1872	942
1886	966
1983	909
1885	958
1722	1049
1411	955
1336	1035
1286	1107
1205	966
1120	908
963	993
905	1046
940	1065
938	995
869	931
735	951
642	1003
691	1012
786	959
743	998
670	1182
530	1039
569	973
511	1144
478	953
520	1173
416	1003
400	1017
428	1167
468	1211
423	961
433	1097
410	978
344	1041
400	937
403	991
368	960
345	970
400	1027
386	1097
353	1064
330	929
280	931
301	926
324	1120
301	1002
292	1107
284	1026
276	1283
285	999
303	916
314	974
284	1138
337	1193
319	1159
296	1280
272	1159
284	1221
307	1147
278	1204
283	1037
279	1066
274	1203
302	1159
291	930
303	1085
256	1188
247	1246
290	1085
288	1141
258	974
280	1080
322	1003
304	1181
294	911
293	908
297	1032
295	974
287	1140
310	1319
301	1254
276	1453
276	1330
294	1148
298	1366
300	1384
329	1398
272	1214
316	1267
267	1184
262	1267
314	1067
275	1115
297	1238
294	1119
281	1323
297	1347
354	1260
329	1420
293	1412
264	1159
281	1315
307	1504
278	1214
338	1131
317	1145
281	1179
312	1397
292	1227
295	1347
278	1408
300	1163
291	1281
284	1124
263	1231
307	1091
283	1303
300	1246
280	1139
272	1164
262	1156
325	904
345	1033
339	1064
286	1237
300	1195
326	1230
301	1002
272	1053
277	975
290	1075
302	963
311	1282
326	1407
272	1328
313	1165
294	1096
272	1108
283	1242
279	1189
271	1039
273	897
269	895
313	973
287	889
280	1154
284	1171
297	1217
282	1123
328	1096
301	1047
277	1220
276	1106
272	1128
261	1075
226	1167
258	1130
266	1162
261	1250
278	1349
261	1148
263	1254
322	1279
330	1039
275	948
288	1088
295	1099
280	1074
259	1070
304	1025
326	918
279	976
332	1075
279	1192
304	1127
302	977
300	1034
264	896
280	1122
333	940
286	888
331	991
279	933
307	916
313	759
292	881
331	900
293	1046
306	1255
288	1067
312	1206
301	1385
296	1141
347	1140
340	995
356	1223
319	1122
292	992
368	1124
319	1251
299	1191
336	1202
331	1060
299	1043
355	1078
348	1011
321	1149
345	1051
360	1008
326	1105
317	1170
327	1182
354	1115
278	959
321	900
307	906
272	820
282	1012
297	1166
318	1060
340	1209
292	946
297	1070
327	1276
287	1213
359	1100
336	1117
302	1214
285	1159
309	1170
315	1156
326	1146
315	1289
323	1168
332	1216
357	1142
302	1305
322	1233
366	1327
341	1139
308	1165
319	1043
316	1189
292	1207
326	1145
314	1092
272	1138
314	1405
321	1320
300	1217
310	940
314	1119
291	904
259	1043
283	1099
296	1161
313	963
276	987
281	933
329	1041
321	1144
282	1062
294	1029
293	970
315	722
313	934
321	1026
273	1004
265	986
334	960
298	999
273	910
293	926
314	955
322	915
279	962
301	1238
309	1264
291	1355
281	1323
297	1210
307	1103
321	1141
311	1178
354	1205
341	1097
326	1222
287	1195
300	1195
307	1232
360	1133
330	1103
313	1043
287	1045
294	1131
313	1131
335	1211
321	1322
350	1192
390	1181
345	1004
349	959
346	1185
358	1151
335	1028
327	1117
365	1100
294	982
360	1006
358	950
341	1053
305	1022
314	1057
341	1157
366	1285
319	1119
339	1283
288	1148
328	1103
375	1224
348	1290
330	1205
337	1214
363	1097
404	1066
366	1277
371	1292
380	1301
365	1237
316	1134
346	1053
389	1226
353	1341
304	1329
320	1124
315	1266
320	1296
348	1294
364	1199
316	1356
313	1148
306	991
294	1066
332	1103
300	1154
290	1146
337	1241
286	1175
305	1357
360	1345
311	1029
336	1059
302	1000
336	1129
306	1140
318	1134
323	1150
318	1139
310	1187
266	1185
305	1311
301	1039
345	1176
311	1104
278	1137
346	1029
322	950
324	973
293	1159
322	1124
312	1160
339	1182
310	1220
329	1228
359	1258
308	1360
301	1174
290	1053
291	1027
272	1016
270	1051
303	1134
293	952
289	1044
325	1389
312	1225
298	1332
349	1526
304	1358
266	1360
308	1140
276	1073
294	1166
309	1223
310	1277
294	1235
331	1099
301	1183
293	1139
309	1115
334	1268
295	1484
320	1238
300	1218
302	1242
331	1064
316	1172
304	1336
272	1123
273	938
302	955
321	1117
293	1145
318	984
286	1061
281	1122
329	927
300	1161
275	1006
337	988
362	1018
286	1156
301	1145
264	1095
287	1268
302	1397
306	1250
338	1187
280	1192
305	1057
297	1141
321	1041
284	1030
298	901
351	884
297	1154
302	1066
334	1221
328	1025
332	989
293	1095
293	992
261	1122
278	1106
288	1175
286	1145
317	1305
310	1136
285	938
273	913
304	1023
315	1232
316	1227
256	1109
282	1191
254	1082
242	994
290	1058
295	1176
273	1120
272	1196
307	1084
276	1071
287	1178
255	1217
284	1217
255	1081
255	1097
264	1256
260	1365
279	1268
303	1277
285	1260
349	1318
305	1070
375	1180
330	1374
349	1008
308	1285
308	1043
325	1196
348	1022
368	1150
341	1244
387	1162
359	1072
398	1258
369	1083
373	1292
371	1489
362	1472
367	1092
401	845
360	1061
345	1195
363	1097
298	1167
312	1274
308	1321
278	1158
301	1223
296	1213
312	1192
325	1074
292	1095
342	1048
331	955
330	866
281	869
302	996
255	1201
295	1204
286	1087
300	974
308	1016
289	1087
273	786
300	896
272	979
262	939
271	1180
309	1187
294	1033
306	1122
260	1122
284	1107
272	1338
296	1127
286	1133
277	1065
278	873
265	887
272	951
279	1306
289	1225
288	1315
261	1184
273	1139
279	1158
271	1090
286	1038
257	1009
295	1004
293	1113
264	1124
300	1136
275	1075
312	1258
280	1059
305	891
301	876
294	1043
277	1181
270	1296
301	1203
276	1187
282	1013
250	1123
272	1062
261	1161
305	1183
302	1510
299	1450
323	1339
268	1244
263	1230
259	1293
294	1310
301	1115
316	990
328	1029
313	1267
268	1417
329	1289
337	1189
309	988
371	1078
369	1140
361	988
349	925
352	1140
352	1060
406	1161
396	1145
388	1132
417	1109
360	1272
378	1103
345	1106
321	1119
313	1085
329	1010
354	1156
335	1248
339	1214
387	1207
329	1116
348	1132
319	1369
377	1313
424	1134
413	1120
338	1282
369	1232
383	1132
378	960
375	975
409	1408
365	1187
345	1175
356	1055
367	948
385	907
374	1007
381	872
367	1041
358	989
374	1145
349	1221
342	1167
375	1134
363	1110
345	1163
292	1201
356	1057
376	1207
366	1225
404	1244
376	1344
379	1298
405	1314
393	1337
369	1250
355	1185
374	1121
339	1293
377	1357
333	1272
388	1249
398	1545
373	1436
319	1334
341	1221
371	1130
384	1263
351	1133
426	1288
392	1318
365	1321
380	1315
387	1064
414	1002
428	1107
424	1333
507	1076
418	1320
437	1361
423	1413
408	1103
438	1090
423	1199
420	1261
452	1341
375	1292
407	1260
417	1160
363	986
401	1123
372	1081
347	1045
350	1009
429	1259
411	1480
382	1521
405	1478
374	1410
424	1363
417	1181
358	1373
368	1063
329	1091
436	1138
404	1125
391	1219
451	1237
424	1265
382	1333
412	1299
379	1366
424	1286
360	1179
389	1243
390	922
375	1133
366	1059
429	1375
415	1284
413	1403
437	1423
428	1253
405	1223
425	1243
433	1105
381	1061
415	1145
414	1084
416	949
430	940
418	1017
476	1133
516	1087
456	1040
464	1050
463	1066
446	1137
497	1063
522	1120
547	1230
483	1163
507	1038
489	1147
496	1161
562	1174
506	1154
491	1287
482	1259
559	1204
515	1281
560	1279
550	1183
538	1248
566	1333
550	1289
578	1389
528	1383
564	1279
546	1110
599	1021
651	1187
573	1209
565	1258
623	1228
642	1309
616	1244
689	1392
600	1309
598	1276
593	1363
552	1166
611	1159
596	1132
606	1057
643	1118
653	1138
582	941
690	1361
664	1349
731	1142
786	1112
787	939
769	1073
772	1162
754	1075
759	1217
707	1033
680	1120
724	1159
645	1158
692	1100
679	1176
641	1260
686	1046
669	1110
653	1033
663	984
603	1056
696	1251
760	1356
801	1218
839	1096
842	1191
869	1384
868	1311
857	1062
904	1003
833	1141
885	1070
825	1178
794	1592
757	1339
742	1332
794	1194
719	1360
710	1348
696	1292
755	1336
760	1352
709	1264
782	1286
741	1174
740	1143
775	1248
854	1232
857	1259
864	1290
857	1122
834	994
798	1188
752	1278
723	1165
688	1042
709	1109
653	1240
613	1057
596	1163
595	1035
575	1090
645	1317
644	1268
612	1235
632	1309
586	1001
644	1096
635	1081
663	1088
657	925
656	952
703	1021
640	916
647	870
569	1080
553	934
539	859
536	802
587	944
579	1028
511	953
498	1019
549	1066
493	1004
447	1088
504	1130
521	1174
512	1249
520	1352
528	1337
450	1249
448	1190
491	1166
535	993
508	1258
541	1230
533	1041
488	1344
535	1010
487	999
498	1247
488	1317
454	1255
468	1272
471	1220
451	1105
469	1186
390	1055
436	1170
455	1096
419	1167
387	1167
403	1333
440	1366
399	1342
457	1410
396	1183
397	1385
392	1441
455	1336
449	1506
343	1180
443	1141
430	1083
412	1064
407	975
416	1124
406	1228
396	1288
405	1389
393	1181
337	1233
343	1152
378	1226
374	1331
368	1564
370	1329
397	1209
332	1002
317	1022
324	1028
364	1088
347	1060
299	1207
330	982
359	1347
365	1059
297	951
348	1066
306	1031
308	1065
348	1072
344	856
350	1240
352	1218
359	1129
296	1297
333	1304
319	1398
313	1241
373	1332
343	1201
357	1183
310	1222
310	1097
294	1179
316	1271
321	996
296	982
336	1068
300	1270
337	1203
312	1204
319	1051
346	1094
305	1162
293	1011
286	991
311	1163
330	1079
319	1146
337	1095
262	1102
325	1091
275	1167
285	1259
315	1105
275	1050
281	985
302	1167
296	993
309	941
294	1042
312	1001
326	1119
309	981
301	932
331	939
322	1129
296	1052
322	1041
291	1072
333	1055
359	1012
288	911
297	1107
308	1046
280	1153
291	1071
293	1008
339	1086
358	1435
322	1078
317	1054
319	1138
345	1115
315	927
372	1286
308	1428
335	1077
336	1338
338	1267
339	1113
317	1038
301	1000
334	999
364	1095
348	1143
334	1236
332	1156
324	1241
362	1217
350	1182
374	1157
315	998
370	1144
274	1202
303	1123
300	1172
288	1225
258	1164
318	1148
345	1021
296	956
298	884
297	1041
325	1054
325	1058
323	1144
284	1435
300	1220
296	1306
310	1364
321	1336
298	1134
326	1161
314	1223
302	1126
316	1058
337	990
323	1048
335	1074
304	1106
316	1385
286	1219
309	1066
284	1138
362	1008
272	1151
292	1179
313	900
310	1122
316	1300
282	1207
302	1073
274	1077
304	1096
281	1115
302	1317
302	1022
305	1217
323	1178
296	1225
328	1292
316	1030
331	1143
339	1204
342	1115
279	988
309	1146
322	863
305	952
315	1171
263	1225
305	1000
316	1102
249	982
320	948
297	909
283	905
284	1103
306	1189
287	1203
355	1322
354	1404
284	1209
317	1233
295	1184
247	1238
333	1208
291	1225
272	1069
272	1051
286	1047
293	963
309	1231
284	1096
294	1169
330	1140
323	1298
328	1282
329	1147
323	1311
298	925
314	1083
316	975
307	1107
312	997
305	1092
293	1251
307	1199
382	1073
335	930
350	1033
329	1073
315	1128
353	1260
367	1023
371	1034
311	1307
271	1277
276	1181
297	1211
294	992
314	948
310	1146
296	920
291	1317
317	1081
313	1027
279	964
307	1115
312	1194
320	1120
311	978
349	1134
297	1109
345	1291
309	1079
325	1081
330	1077
330	994
325	1276
297	1180
287	1240
298	1298
309	1317
334	1308
286	1209
283	1385
319	1339
291	1337
283	1333
249	1232
287	1180
282	1063
294	1249
303	1409
322	1254
293	1206
296	1225
271	1195
291	1115
288	1177
307	1144
359	1024
306	1176
287	1158
309	1342
260	1150
314	1069
350	929
297	857
318	1242
265	1096
276	948
274	1055
301	1321
300	1109
251	1266
272	1001
296	967
292	863
320	1097
299	1151
279	1110
300	1103
278	1027
303	1025
299	1020
297	1189
382	1067
278	1130
327	1095
259	982
280	1179
319	1092
288	1060
316	911
277	1160
307	1153
316	941
305	991
308	859
324	1001
335	1037
310	1004
275	1010
330	1076
301	985
325	1077
278	1153
251	1002
236	1013
304	935
301	964
308	1018
301	974
280	988
312	1076
297	989
274	998
305	1010
282	1048
269	967
298	1030
309	1120
293	940
313	988
349	1176
298	1188
294	1576
263	1482
290	1418
292	1436
304	1396
240	1189
289	1149
297	1144
292	1187
348	1103
289	1102
296	1112
356	1084
304	1132
312	952
285	1042
285	1167
318	1090
341	1309
306	1178
325	1045
254	1279
286	972
268	1187
293	1131
303	1408
265	1121
290	1183
238	1159
256	1146
290	1176
294	1258
299	1161
291	1106
284	1227
263	1095
277	1152
302	1024
301	919
323	1003
277	1296
277	1298
310	1080
305	1038
271	1083
273	1131
301	1123
268	1205
345	1369
301	1372
305	1471
346	1346
248	1284
274	1198
293	1116
289	1117
308	943
269	1014
263	1091
345	1175
326	1384
275	1503
267	1365
288	1317
279	1295
264	1257
280	1184
309	1191
287	1200
312	1275
273	1299
306	1073
274	1387
305	1193
281	1245
253	1258
300	1069
280	1044
261	1157
303	974
282	1042
300	1343
300	1325
264	1255
310	1124
275	1198
244	1089
270	1037
270	966
273	1173
276	1031
234	1009
245	1008
255	1111
238	1097
279	1236
284	1270
255	1198
255	1147
267	1216
287	1179
271	1103
281	882
306	1087
319	964
248	1042
258	1017
244	1063
239	858
288	922
273	1144
270	1149
340	1177
276	1010
269	1198
273	1281
276	1279
292	1185
271	1197
243	1222
273	1206
265	1205
270	1199
308	1673
277	1441
247	1250
298	1109
300	1068
298	992
285	1377
224	1246
275	1289
298	1273
243	1516
266	1384
252	1287
277	1338
284	1218
287	1088
243	1130
266	1363
290	1574
300	1558
315	1320
330	1499
250	1190
280	1104
288	1162
267	1144
262	1181
305	1056
279	1157
315	1118
278	1162
275	1059
303	959
311	1136
303	1093
326	980
286	991
254	1064
295	979
279	1224
307	1132
289	1123
290	1094
289	1065
303	1226
303	1203
316	1141
278	1094
290	1032
257	1209
257	1177
304	1230
300	1123
298	1207
308	1310
271	1349
279	1595
309	1352
306	1107
317	1389
309	1449
264	1441
344	1334
267	1349
272	1424
259	1298
283	1049
290	1087
272	1236
303	1382
318	1188
302	1075
258	1224
276	1152
307	964
282	1167
303	1344
282	1451
266	1414
273	1200
276	1217
292	1377
332	1251
287	1100
301	1220
295	1401
307	1288
332	1180
322	1278
290	1128
286	1049
328	1263
304	1205
301	1334
324	1228
274	1435
351	1273
277	1280
313	1069
309	1117
308	1017
289	1038
251	1106
319	1294
297	1311
273	1459
276	1448
298	1327
291	1275
281	1252
288	1468
248	1444
243	1316
280	1262
287	1170
298	1159
278	1231
304	1366
306	1229
288	1236
283	1412
269	1395
310	1290
307	1282
272	1318
328	1219
317	1122
312	1266
281	1255
287	1095
286	1050
283	1137
318	1151
268	1407
295	1158
260	1213
252	1339
283	1240
271	1309
306	1130
279	1324
272	1446
299	1142
246	1117
319	1020
261	952
277	1015
299	1106
310	1277
316	1434
305	1262
280	1202
300	1191
342	1042
293	1056
325	1093
285	1076
308	957
332	1237
307	1182
285	1104
339	1039
280	989
303	1081
307	1229
331	1234
288	1197
338	1325
329	1284
319	1262
338	1219
335	1276
304	1329
324	1215
350	1148
337	1246
277	1314
285	997
312	1030
329	1138
281	1232
318	1155
308	1243
281	1290
334	1467
345	1381
311	1523
303	1243
290	1212
337	1276
294	1320
299	1165
290	1293
325	1336
304	1313
296	1278
272	1251
284	1278
288	1373
281	1273
283	1531
277	1393
240	1119
288	1213
316	1245
302	1228
292	1354
282	1178
281	1046
311	1123
242	1195
268	1030
290	1345
286	1150
293	1057
268	1094
279	1311
242	1236
283	1327
277	1216
275	1130
271	1237
302	1237
234	1302
266	1219
266	1144
246	1181
247	1139
273	1068
271	1057
311	1054
263	1085
251	1102
276	1059
265	949
300	1138
236	1205
266	1581
271	1289
257	1217
231	1141
269	1370
236	1566
291	1300
293	1282
275	1300
293	1243
274	1336
274	1357
258	1244
267	1264
261	1281
285	1267
256	1314
271	1123
268	1317
273	1248
291	1064
315	1127
311	1076
253	1144
269	1006
278	1119
259	1179
296	1293
329	1249
327	1164
314	1078
282	927
313	1239
294	1205
283	1183
275	1132
295	1160
311	1041
326	1131
314	1184
319	1126
334	1167
301	1188
285	1140
296	1243
281	1158
301	1068
281	1066
280	1183
283	1113
258	1154
283	1275
299	1202
256	1081
280	1264
281	1011
288	1226
254	1051
235	1315
280	1096
314	1125
269	1115
281	1126
285	1203
286	1342
266	1146
264	1231
313	1227
292	1307
315	1175
275	1266
312	1124
244	932
330	1104
287	947
270	1071
277	1132
289	1039
268	1086
319	1239
283	1159
269	1191
269	1263
273	1360
313	1181
274	1199
339	1166
324	1126
331	1193
310	1160
286	1278
331	1294
345	1320
321	1516
339	1269
348	1358
389	1320
428	1233
459	1070
645	1368
847	1252
1003	1240
769	1365
632	1104
832	1203
1267	1414
1587	1289
1300	1129
1056	1250
1210	1282
1849	1384
2380	1247
2422	1160
2386	1276
2788	1098
3589	1277
3713	1341
3828	1571
3882	1351
3994	1425
4413	1816
4419	1962
4275	1784
4026	1533
3994	1728
3604	2058
3319	1868
3135	1603
3212	1947
3291	1766
3125	1709
2649	1669
2563	1694
2434	1801
2118	1595
1534	1312
1352	1391
1097	1318
1086	1233
1082	1096
960	1171
715	1078
572	1157
658	1329
823	1239
760	1140
594	1314
498	1105
468	1163
394	1090
420	1196
296	1165
309	1214
348	1193
310	1080
312	935
292	964
327	1058
268	1076
292	1076
308	1117
305	1286
251	1051
263	1135
308	1087
300	1048
262	1128
287	1167
286	1150
300	1280
296	1135
326	1066
314	1029
284	1051
295	1049
325	1127
313	1079
339	1210
279	1140
285	1090
291	1117
293	1165
284	1089
312	1242
338	1383
260	1426
281	1197
261	1183
316	1222
283	1190
282	1327
295	1173
290	1136
319	1156
272	1287
343	1378
337	1498
283	1351
279	1519
276	1496
251	1470
265	1288
270	1203
255	1358
277	1288
299	1355
240	1189
291	1303
271	1187
276	1163
308	1206
264	1124
255	1241
280	1140
272	998
255	1122
280	1244
265	1032
261	954
244	955
302	987
272	1003
289	1193
272	1069
261	1005
289	987
304	1101
310	1136
273	1018
263	1067
326	1144
304	1181
292	1017
299	1030
304	1081
292	980
311	1056
273	960
263	969
298	1010
324	1102
292	1133
295	1315
317	1214
329	929
335	903
288	952
326	991
340	1037
316	1264
343	1183
367	1094
342	1183
336	1248
324	1217
271	1413
309	1269
328	1187
306	1342
290	1281
331	1335
299	1250
328	1245
299	1145
357	1164
324	1078
304	1309
308	1435
356	1257
356	1130
311	1291
326	1419
358	1207
335	1107
323	1445
384	1327
318	1089
299	1058
316	1157
338	1230
333	1083
296	1165
310	1114
272	1264
316	1216
291	1100
314	1309
304	1212
304	1422
283	1259
318	1339
295	1459
374	1120
312	1097
317	1419
266	1314
291	1201
308	1320
285	1224
313	1289
265	1067
249	952
288	1198
287	1337
307	1554
298	1446
251	1208
271	1035
292	1001
314	1159
271	1154
279	1195
274	1278
297	1342
282	1277
353	1330
279	1559
292	1616
287	1658
270	1276
302	1379
295	1593
291	1563
297	1718
278	1407
279	1177
280	1091
298	1011
284	1027
261	1195
252	1197
290	1031
271	1149
273	1442
261	1305
291	1432
330	1447
260	1100
252	1120
282	1220
270	1149
302	1333
299	1245
258	1248
288	1204
265	1266
307	1148
270	1302
262	1264
264	1335
267	1166
266	1111
273	1345
270	1401
280	1341
270	1437
271	1367
280	1167
295	1174
268	1206
265	1101
254	1089
297	1029
272	1121
246	1020
321	1148
278	1261
356	1229
342	1213
304	1054
293	1253
279	1059
302	1205
264	1090
259	1058
292	1148
273	993
293	966
323	1001
270	1215
262	1158
306	1264
269	1197
281	1353
273	1243
322	1241
306	1422
297	1295
284	1220
285	1206
270	1230
273	1383
293	1309
283	1181
311	1326
301	1114
303	1300
275	1372
295	1221
284	1118
287	1054
295	1249
287	1060
272	1131
328	1229
298	1130
277	1059
296	1134
305	1048
265	909
307	1078
291	1045
313	1145
361	1097
342	1044
292	1291
306	1267
285	1292
335	1190
363	1336
379	1345
445	1145
481	1312
421	1310
435	1179
424	1264
384	1151
477	1023
451	1328
401	1064
345	1272
310	1102
309	1123
314	1363
309	1269
239	1139
283	1209
291	1058
302	1042
261	879
284	1066
264	1068
312	1212
304	1185
238	1124
266	1295
258	1217
341	1298
346	1331
302	1379
304	1374
294	1454
292	1445
326	1453
299	1282
303	1338
339	1403
319	1386
294	1357
333	1283
272	1492
292	1296
300	1451
341	1402
300	1276
277	1524
275	1385
290	1218
300	1185
283	1421
292	1392
270	1208
228	1183
252	1267
279	1294
260	1133
212	1125
294	1128
258	1013
246	1169
282	1240
322	1491
315	1526
269	1432
257	1129
281	1075
290	1303
325	1122
285	1218
232	1201
283	1194
245	1264
306	1258
258	1175
272	1218
277	1103
266	1127
282	1388
264	1440
342	1350
266	1159
302	1220
326	1225
278	1294
277	1258
271	1368
276	1241
283	1243
290	1265
277	1307
319	1275
263	1121
332	1333
285	1248
277	1355
282	1256
268	1071
287	1230
262	1246
254	1164
242	1257
314	1322
308	1346
243	1487
244	1174
271	1285
262	1451
236	1300
248	1293
277	1055
296	1118
260	1233
220	1295
261	1267
265	1178
247	1142
280	1160
286	1155
262	1077
276	1228
320	1187
281	1115
283	1188
275	1053
239	1044
227	1165
275	1289
293	1071
253	1127
287	1057
271	1114
304	1221
273	1268
262	1083
277	998
270	987
263	937
288	870
279	1107
310	1150
275	1262
261	1309
279	1163
271	1131
275	1098
287	1485
278	1200
261	1190
291	1187
302	1220
264	1253
269	1143
267	1032
306	1235
283	1354
248	1452
264	1409
262	1328
287	1272
258	1382
279	1216
288	1328
282	1119
270	1024
253	1097
252	1168
245	1028
259	1161
274	1083
283	1250
309	1232
285	1326
251	1287
287	1145
285	1117
267	1187
270	1098
276	1123
273	1134
272	1200
233	1101
295	1036
259	1042
285	1320
236	1081
264	1006
272	1089
301	1157
278	1161
288	1236
250	1278
271	1296
238	1128
289	1313
258	1189
304	1204
261	1066
268	1098
295	1165
293	1081
272	1068
258	1165
301	1127
306	1271
305	1025
314	1129
314	899
258	927
233	1121
262	1101
252	1220
275	1208
294	1016
302	1024
262	1067
294	976
273	960
280	1102
291	1064
281	1042
291	1083
302	1077
290	1100
272	995
272	1012
261	1258
264	1161
261	1306
271	1243
312	1272
270	1287
254	1244
287	1104
248	1055
269	1281
324	1267
283	1290
282	1326
322	1230
335	1107
308	1149
280	1314
252	1366
273	1161
295	1167
282	1172
316	1159
302	894
299	971
316	889
340	920
331	1029
273	933
266	943
269	963
279	1004
309	890
271	895
258	977
297	806
278	1007
262	1117
300	1127
259	1188
285	951
285	1000
277	1106
261	1026
244	1086
279	1119
270	1020
235	1132
273	1385
282	1440
269	1329
296	1106
259	892
261	1168
239	1232
268	1183
280	1052
277	1100
269	1027
260	1104
315	1108
269	1340
258	1243
284	1237
219	1128
273	1094
292	1191
270	1174
285	1116
286	1331
285	1123
268	1141
263	1250
277	1014
282	1054
285	1114
259	1158
264	1114
289	1113
328	1261
244	1149
285	1123
294	1164
314	1120
260	1104
285	1202
242	1241
280	1228
279	1205
257	1349
264	1097
298	1247
306	1135
250	1240
259	1112
235	1003
236	1054
279	1153
235	1097
265	949
231	1116
261	1172
268	1097
321	1275
292	1176
265	1128
275	1169
285	1298
277	1281
260	1027
218	1136
283	1100
244	1050
269	1081
247	1123
252	1082
261	1083
273	1166
261	1032
267	1116
254	1120
275	1235
251	1091
292	1336
246	1395
270	1340
258	1110
285	1045
293	1000
298	1266
300	1363
306	1418
297	1289
294	1305
312	1272
306	1056
310	1130
303	1204
312	1131
338	1125
302	1165
331	1210
290	1217
292	1267
283	1239
261	1192
286	1198
268	1233
286	1093
309	1017
297	1125
265	1115
292	990
331	1033
329	1035
295	1182
320	1257
307	1144
305	1137
288	1138
371	942
339	1103
317	1130
276	1191
345	1213
300	1165
316	1107
363	1269
334	1107
353	1390
357	1329
388	1128
336	1091
358	1029
364	978
299	1075
318	1229
312	1233
273	1085
279	1161
276	1100
345	1163
270	1171
266	1182
278	1071
278	1133
308	1105
290	1185
272	1119
294	1373
302	1289
315	1310
308	1317
273	1480
267	1196
309	1327
317	1195
317	1425
321	1026
295	1178
266	1192
307	1233
281	1260
274	1234
276	1414
303	1362
331	1316
279	1340
318	1223
306	1344
284	1169
292	1314
284	1531
311	1281
283	1214
331	1295
268	1270
312	1180
285	1235
276	1221
286	1421
275	1101
267	1275
298	1264
252	842
254	922
293	974
276	1009
291	937
274	981
314	1076
285	1048
274	1232
294	1111
295	1031
300	1087
282	1099
305	1054
269	1292
282	1094
322	1331
318	1309
304	1106
323	1135
323	1024
295	950
326	1083
337	1018
307	1093
355	1144
309	1225
311	1332
367	1336
352	1203
317	1183
354	1179
352	1102
335	1106
299	985
280	1033
297	1018
329	1097
320	1078
308	1215
303	1049
338	1125
295	957
329	1101
346	1003
311	992
301	784
297	860
317	979
328	894
345	1030
331	890
320	1056
369	1012
346	965
365	1067
332	1049
359	1157
331	1053
355	1124
371	1139
342	1126
364	1138
356	1267
408	1213
386	1161
362	1134
371	1255
356	1262
343	1353
384	1312
356	1336
315	1495
339	1151
322	1087
352	1056
365	883
368	1044
401	1061
416	1317
422	1219
405	1086
375	1371
371	1152
426	1086
357	1030
387	1153
430	1163
400	1214
388	1219
423	1032
389	1088
370	1120
381	1345
352	1293
439	1291
399	1348
370	1206
410	1134
385	1114
422	1056
415	1141
479	1153
405	1003
430	902
409	1141
392	1260
412	1257
421	1206
457	1064
409	1084
387	1148
418	1132
377	1167
372	1222
427	1260
384	1227
414	1241
446	1185
443	1284
420	1129
471	1423
442	1110
473	1008
465	906
524	1081
429	996
464	1063
466	1065
471	1221
493	1142
444	1407
485	1229
440	1054
445	1010
467	1156
422	1092
471	1303
460	1165
428	931
454	970
468	1144
463	1055
437	1055
503	1300
463	942
458	1009
451	937
475	902
494	1038
460	1213
435	1026
447	1066
455	997
479	1164
424	1279
442	1163
454	1096
447	1015
432	1093
455	1173
478	1158
487	1165
458	1106
463	1186
466	1228
460	1282
460	1070
475	1136
477	1155
471	1248
449	1318
480	1374
489	980
523	975
506	1040
527	1306
514	1410
511	1253
512	1229
536	1185
509	1185
504	1166
522	1130
483	1274
488	1116
441	1045
464	914
492	1174
518	1174
466	1191
529	956
475	1113
478	1085
417	1111
491	1154
471	1262
506	1211
504	1141
508	1170
535	1277
557	1415
544	1493
514	1284
475	1145
473	1230
468	1287
471	934
488	1013
454	1306
440	1044
434	1071
441	1048
426	1118
459	1177
421	1051
436	1063
451	1201
467	1085
435	1329
464	1155
467	1004
479	1025
476	864
477	1198
513	1115
500	1224
479	1075
464	950
475	1015
474	1239
453	1315
442	1348
479	1234
416	1183
416	1076
416	1148
474	1248
439	1095
459	1297
485	1314
450	1178
463	1171
480	1189
498	1267
420	1362
451	1403
435	1516
459	1415
469	1574
520	1392
437	1544
431	1308
443	1217
440	1057
449	1013
443	1093
449	1158
423	1199
411	1085
442	1207
474	1188
438	1112
422	1208
493	1142
429	1049
434	1241
453	1212
458	1107
445	1165
456	1341
438	1509
454	1198
473	1234
480	1310
463	1170
501	1050
522	1192
527	1237
505	1129
516	1288
525	1148
561	1068
539	1142
622	1163
639	1224
626	1186
654	1275
741	1492
688	1177
713	1159
776	1212
919	1202
983	1184
977	1048
888	1158
1012	1135
1011	1133
1137	1164
1032	1155
951	1231
936	1205
942	1306
928	1505
975	1363
961	1265
963	1207
1002	1017
977	1034
1061	1163
1085	1131
1086	1163
1068	1272
1124	1358
986	1126
966	1127
961	1207
957	1187
855	1374
787	1095
733	1132
681	1150
764	1156
644	1206
588	1191
664	1240
661	1119
649	1314
576	1239
491	1219
422	1229
467	1272
469	1163
494	1219
499	1467
474	1276
464	1283
453	1223
450	1297
417	1157
432	1344
372	1393
399	1238
388	1138
469	1295
428	1142
429	1216
387	1270
410	1340
347	1162
345	1272
391	1289
389	1084
359	1230
336	1152
357	1125
358	1209
365	1276
392	1399
346	1174
343	1125
329	1163
333	1057
379	1334
312	1152
353	1079
311	1109
303	986
332	1143
328	1245
349	1277
324	1434
322	1166
358	1189
285	1218
305	1226
333	1242
305	1337
294	1181
347	1232
333	1235
340	1356
340	1147
343	1129
338	944
353	948
317	908
326	1002
337	1071
354	1207
302	1154
358	1238
316	1309
362	1239
339	1358
325	1638
326	1592
292	1520
321	1378
323	1264
359	1148
343	1163
311	1338
316	1412
295	1263
290	1274
362	1209
345	1130
314	1150
289	1182
335	1155
311	1163
282	1207
317	1211
320	1184
332	1090
347	1184
299	1327
275	1321
273	1337
341	1440
304	1651
293	1270
278	1292
257	1167
327	1374
279	1186
296	1093
309	1154
261	1196
310	1265
295	1152
301	1161
291	1158
306	1057
299	1175
344	1197
316	1432
285	1210
304	1382
296	1132
273	1087
333	1024
258	1036
276	1148
301	1276
238	1191
285	1182
298	1023
284	1159
305	1134
279	1164
274	1253
293	1405
327	1347
313	1586
254	1404
310	1297
296	1198
280	1095
331	1080
310	1209
288	1126
315	1208
320	1076
306	1072
281	1180
258	1029
292	1020
287	1005
306	1153
300	1122
262	880
289	930
309	1099
318	1173
272	1069
319	964
328	955
337	1037
370	1155
341	1255
361	1339
302	1231
323	1122
364	1262
350	1217
309	1125
306	1228
318	1089
296	942
340	1075
330	1039
293	1054
310	923
297	1068
298	1059
296	847
332	993
349	935
352	989
354	1133
373	993
361	951
343	1116
356	1120
368	1190
297	1101
336	1278
295	1177
327	1207
318	1231
345	1245
310	1200
301	1181
302	1277
306	1123
298	1159
312	1366
321	1364
307	1444
320	1475
301	1317
355	1431
301	1468
330	1353
320	1341
315	1110
311	1203
295	1091
294	1360
264	1368
213	1233
278	1303
283	1164
308	1405
292	1187
355	1004
307	1042
302	1013
341	1171
283	1281
305	1147
299	1155
296	1142
300	1234
312	1233
276	1403
317	1381
303	1465
310	1442
327	1292
275	1277
311	1389
315	1337
264	1276
277	1483
286	1445
279	1246
307	1241
317	1363
321	1343
345	1273
300	1163
295	1271
343	1232
299	1317
289	1281
296	1147
261	1181
300	1079
264	996
270	1083
328	1015
265	986
311	1016
277	1288
318	954
307	967
316	1125
365	990
330	1041
316	976
380	1142
333	1101
339	930
329	1095
315	1222
307	925
323	1031
348	1135
312	1156
346	1125
302	1223
286	1258
327	1264
305	1398
314	1267
338	1285
296	1118
316	1044
320	1096
352	1144
319	1352
332	1425
312	1130
301	1202
291	1282
308	1281
263	1335
267	1182
300	1171
332	1145
308	1009
278	1194
285	1331
319	1279
283	1203
326	1250
304	1126
308	1080
342	1210
336	1306
304	1220
317	1146
363	1054
326	1113
318	1176
291	1210
320	1373
322	1329
361	1290
251	1384
290	1213
307	1156
262	1305
305	1213
308	1363
295	1279
295	1165
317	1271
310	1222
277	1107
324	1120
303	1126
275	1018
323	1236
301	1141
308	1229
296	1253
289	1149
334	1217
332	1283
319	1158
351	1054
340	1061
359	1202
276	954
265	1185
294	1422
298	1355
313	1340
321	1558
289	1278
307	1146
294	1418
281	1067
305	1147
285	1035
291	892
291	1170
297	1237
309	1284
281	1260
333	1202
297	1306
307	1116
322	1041
304	1087
354	1204
287	1246
267	1260
288	1296
299	985
310	1092
325	1074
310	952
298	1035
304	1108
361	1201
309	1118
312	1211
305	957
306	1059
316	1271
291	1005
313	1146
306	1135
338	1281
297	1413
339	1277
356	1372
369	1470
329	1335
370	1214
336	1181
384	1348
360	1310
332	1254
318	1121
279	1271
363	1379
333	1310
294	1329
298	1202
263	1202
278	1205
354	1099
306	1102
305	1182
270	1253
295	1381
338	1190
304	1213
274	1092
312	1240
341	1246
299	1163
354	1316
307	1130
272	1132
296	1072
288	1140
302	1180
254	1191
265	1144
309	1138
331	1115
305	1139
332	1213
292	1260
282	1284
305	1296
276	1209
298	1297
319	1129
264	1074
270	1117
332	1137
307	964
277	1078
259	1323
277	1389
287	1243
302	1390
322	1600
289	1454
292	1354
288	1281
333	1331
281	1272
274	1118
256	1200
271	1241
266	1259
303	1100
250	933
329	1338
242	1448
278	1448
273	1420
308	1203
294	1088
257	1127
261	1324
308	1439
260	1202
332	1131
277	1006
287	1112
263	1087
266	1154
277	1240
346	1168
276	970
284	1193
259	1081
272	1155
280	1120
265	1331
260	1417
290	1270
262	1380
256	1164
285	1124
282	1033
310	1137
277	1257
320	1319
263	1263
295	1222
274	1194
271	1236
247	1295
257	1256
295	1335
264	1448
298	1220
291	977
294	983
276	1288
334	1286
328	1344
307	1472
326	1259
365	1165
373	1130
307	1212
320	945
320	1189
304	1108
297	1107
248	1187
254	1149
285	1357
303	1210
304	1241
357	1420
291	1357
305	1503
316	1312
315	1157
364	1325
312	1461
342	1280
325	1195
331	1249
386	1153
352	1315
375	1081
395	1179
360	1353
349	1407
350	1221
433	1382
373	1652
363	1673
355	1335
398	1328
365	1240
405	1244
414	1302
412	1309
398	1361
396	1492
372	1571
331	1503
372	1540
296	1442
333	1383
343	1527
331	1396
345	1409
330	1151
348	1330
367	1368
320	1289
352	1490
312	1265
354	1315
358	1380
326	1236
332	1296
294	1516
345	1309
336	1281
368	1497
300	1548
306	1444
342	1308
381	1268
315	1328
343	1217
347	1131
400	1090
364	1383
348	1301
345	1310
358	1315
347	1202
347	1322
354	1317
390	1443
393	1352
398	1437
333	1358
332	1250
364	1036
368	1067
332	1107
349	1003
361	1062
375	1049
347	1159
358	1262
372	1412
423	1079
374	1191
383	1083
407	1420
341	1289
385	1106
362	1073
337	1161
331	1258
315	1137
375	1235
326	1209
346	1284
330	1284
355	1257
332	1243
289	1280
300	1197
302	1008
265	1061
315	1440
352	1346
320	1169
287	1221
335	1262
285	1307
336	1219
315	1266
343	1437
344	1348
358	1350
289	1167
297	1366
343	1208
328	1326
326	1416
297	1373
282	1342
284	1278
327	1357
321	1336
312	1248
276	1229
314	1311
313	1543
299	1313
302	1296
332	1367
309	1348
321	1412
310	1395
268	1293
308	1287
283	1107
305	1145
280	1085
380	1141
279	1031
275	992
279	1067
258	1349
255	1262
267	1221
264	1475
265	1295
304	1346
307	1235
311	1202
316	1162
349	1345
296	1404
318	1503
267	1435
289	1349
315	1210
315	1399
301	1232
305	1553
297	1390
318	1168
333	1210
275	1229
310	1168
299	1276
299	1210
325	1347
289	1160
296	1264
317	1185
281	1155
337	1261
348	1428
294	1285
304	1162
274	1172
309	987
280	801
257	1015
295	995
278	1109
285	1229
290	1186
311	1114
363	1241
283	1430
286	1273
318	1217
313	1404
295	1368
290	1342
303	1447
294	1744
272	1389
315	1430
352	1352
304	1378
371	1106
318	1097
345	1176
302	1106
353	1066
328	1261
322	1169
303	1161
340	1188
312	1136
307	1096
319	1113
296	867
288	1164
288	1147
299	1095
314	1168
316	1156
284	1113
295	1163
256	1234
315	1211
284	1310
298	1140
294	1166
308	1133
320	1084
271	1067
290	1104
275	1132
311	1074
312	1046
283	1235
279	1188
292	1353
289	1414
276	1172
274	1122
280	1160
300	1190
323	1387
242	1092
235	1175
248	1107
253	1478
293	1140
233	1157
233	1227
260	1092
277	1303
240	1418
256	1533
283	1500
266	1362
249	1192
281	1293
273	1277
291	1469
245	1298
243	1358
276	1172
239	1512
282	1569
244	1531
242	1717
237	1521
273	1503
256	1466
278	1355
278	1535
261	1506
252	1173
266	1107
291	1256
319	1265
272	1208
261	1617
289	1447
260	1576
267	1578
254	1573
256	1266
279	1227
218	1323
287	1375
276	1454
280	1523
299	1529
252	1379
303	1382
279	1533
257	1210
255	1235
236	1404
244	1304
267	1486
303	1455
319	1456
316	1364
293	1365
246	1505
279	1272
266	1422
290	1406
307	1276
264	1382
287	1522
272	1677
302	1319
280	1283
286	1324
315	1295
278	1219
250	1314
274	1346
281	1251
298	1284
364	1304
263	1450
245	1304
265	1201
236	1455
224	1252
292	1292
243	1386
266	1139
273	1168
252	1167
295	1015
336	1115
275	1289
251	1326
259	1322
285	1122
316	1328
264	1363
276	1479
240	1543
299	1347
309	1337
303	1455
261	1191
284	1219
326	1443
296	1339
341	1308
258	1251
253	979
279	1083
282	1128
270	1130
280	1075
288	975
295	996
314	897
306	1114
299	1209
301	1248
300	1266
267	1233
269	1030
312	1196
300	1259
293	1244
286	1378
318	1287
302	1241
315	1275
344	1261
322	1441
385	1296
340	1313
311	1185
300	1175
308	1395
299	1411
324	1528
313	1571
308	1622
307	1623
265	1323
284	1190
292	1290
276	1274
297	1318
316	1374
306	1376
306	1363
280	1415
310	1443
325	1362
325	1541
284	1490
273	1491
307	1453
330	1342
297	1226
284	1250
274	1311
271	1056
289	1103
337	1246
271	1180
310	1209
276	1265
267	1273
314	1074
320	1265
289	1218
296	1432
285	1286
287	1175
329	1305
302	1313
332	1321
306	1341
312	1676
327	1453
342	1410
299	1446
314	1615
286	1427
302	1381
279	1123
302	1150
278	1377
313	1452
278	1131
265	1411
325	1299
351	1214
333	1252
288	1347
288	1575
242	1521
258	1405
248	1415
269	1077
270	1179
269	1235
304	1165
250	1279
307	1176
298	1174
317	1403
306	1462
286	1365
268	1374
269	1351
278	1456
238	1542
289	1337
301	1451
302	1553
313	1313
306	1215
311	1216
317	1325
277	1410
294	1139
272	1442
277	1390
318	1171
312	1228
289	1336
284	1390
329	1306
272	1358
307	1261
300	1217
329	1270
283	1353
266	1465
247	1322
256	1102
269	1254
307	1473
293	1346
270	1422
291	1434
273	1531
269	1315
259	1281
264	1434
249	1405
251	1580
289	1477
272	1430
313	1225
240	1086
303	1211
297	1077
271	1215
266	1193
269	1359
253	1392
299	1274
279	1001
320	1148
285	1112
304	1177
297	1123
260	1057
311	1200
286	1203
253	1300
271	1378
289	1156
286	1065
286	1102
293	1135
287	911
279	991
259	1020
293	1181
295	1019
272	919
246	1217
292	1132
292	1120
276	1205
249	1035
235	1109
248	1187
265	1422
286	1446
258	1475
267	1245
311	1455
249	1385
261	1161
304	1412
298	1620
287	1378
278	1397
237	1258
262	1424
281	1137
278	1290
273	1386
314	1293
323	1662
326	1600
307	1414
344	1333
316	1364
291	1150
299	1127
300	1177
284	1375
299	1221
279	1245
336	1322
398	1194
361	1311
349	1230
344	1252
306	1380
305	1163
361	1041
318	1062
325	1382
313	1304
352	1203
309	1345
314	1247
299	1347
297	1257
276	1164
310	1063
315	1309
333	1111
290	1191
291	1174
357	1109
308	1049
277	1087
302	1235
304	1347
257	1303
309	1438
296	1245
294	1155
293	1484
303	1376
306	1336
348	1433
320	1418
357	1281
343	1060
324	1008
346	1194
328	1077
321	1230
346	1151
347	1498
389	1494
416	1333
417	1260
458	1186
459	1177
402	1225
432	1166
425	1205
391	1084
373	1266
392	1244
343	1239
338	1177
329	1251
326	1231
308	929
322	1132
310	1263
393	1168
364	1218
364	1157
400	1260
457	1276
408	1012
388	1036
411	1014
438	999
433	950
393	940
398	1101
427	1019
363	1296
365	1198
312	1264
313	1281
317	1408
299	1166
341	1064
342	1016
349	1216
299	1291
390	1371
332	1167
401	1206
361	1461
315	1287
353	1407
373	1259
344	1395
331	1281
297	1534
320	1443
313	1244
327	1087
339	1182
303	1075
329	1049
255	1161
255	1229
259	1323
258	1301
274	1475
275	1159
270	1222
235	1222
241	1137
300	1307
261	1433
304	1310
283	1396
262	1450
259	1336
286	1248
270	1118
273	1112
245	1191
285	1142
229	1141
299	1492
306	1441
309	1390
254	1331
281	1181
233	1212
271	1117
239	1232
280	1301
234	1245
251	1266
279	1488
262	1504
262	1228
245	1065
281	1009
272	1243
293	1266
290	1309
262	1340
290	1223
265	1217
282	1172
226	1095
280	1344
255	1297
282	1510
281	1342
292	1444
297	1244
307	1436
316	1172
260	1353
304	1426
301	1779
302	1323
328	1594
308	1356
294	1303
299	1317
314	1238
322	976
288	1016
287	1096
294	982
286	1220
329	1337
346	1196
332	1064
305	1226
300	1367
341	1229
324	1094
316	1214
282	1085
316	1194
328	1136
318	1141
306	1133
311	1079
354	1012
295	1132
320	1207
339	1234
321	1149
317	1180
314	1152
325	1293
330	1210
315	1362
333	1437
348	1475
352	1293
351	1345
396	1252
410	1275
392	1332
354	1199
420	1198
409	1140
378	1176
372	1202
365	1245
407	1389
385	1401
410	1190
363	1406
337	1348
356	1435
385	1333
335	1367
342	1218
334	1289
330	1387
319	1442
314	1258
353	1161
323	1422
291	1350
292	1524
324	1383
312	1336
325	1105
336	1120
309	1269
306	1247
373	1189
319	1294
319	1285
298	1344
286	1192
369	1154
330	1200
289	1427
280	1381
330	1341
299	1467
339	1509
316	1325
317	1224
300	1377
328	1366
300	1354
319	1382
280	1192
268	1377
286	1455
289	1269
276	1523
307	1371
288	1310
296	1245
294	1326
306	1538
280	1456
286	1312
278	1197
245	1403
244	1373
258	1664
299	1567
319	1545
253	1297
278	1260
263	1075
298	1090
294	1268
257	1330
260	1326
282	1195
297	1100
313	1245
350	1325
300	1208
295	1284
328	1359
356	1523
331	1385
303	1254
349	1134
390	998
390	1093
376	1172
385	1127
417	1362
492	1475
488	1372
498	1175
505	1237
581	1128
654	1134
759	993
703	951
573	1119
690	1057
841	1085
1002	1252
915	1070
1036	1055
1047	1110
1092	1030
1282	1129
1302	1110
1361	1043
1315	1118
1341	999
1475	1134
1510	1209
1473	1021
1429	1102
1334	1171
1392	1034
1309	1060
1301	1079
1307	1249
1367	1336
1239	1338
1205	1142
1071	1212
1067	1439
1038	1236
1050	1213
989	1172
888	1417
924	1108
1023	1160
959	1111
809	928
825	1183
790	1130
807	1424
789	1297
728	1149
552	1142
560	1117
622	1073
630	1456
603	1272
472	1158
458	1128
520	1270
441	1210
366	1102
372	1108
410	922
381	1117
398	1238
384	1138
340	1224
320	1128
344	1039
356	1337
338	1192
328	1063
338	1438
291	1376
393	1306
353	1234
313	1431
284	1416
330	1499
303	1508
278	1235
280	1181
319	1257
284	1170
301	1074
264	1254
259	1280
265	990
270	1289
264	1082
278	973
247	1123
252	1075
257	1222
293	1228
271	1022
300	1255
269	1238
346	1077
294	1295
261	1325
299	1503
240	1599
275	1304
306	1219
225	1276
309	1087
256	1184
250	1411
326	1326
290	1346
275	1301
313	1197
274	1287
275	1077
266	963
282	1173
282	1191
278	1189
296	1464
282	1184
274	1263
277	1293
279	1219
283	1334
259	1334
267	1416
232	1524
278	1337
264	1557
288	1482
261	1377
269	1226
282	1234
295	1166
273	1072
287	1183
332	1251
305	1188
322	1238
377	1204
305	1175
340	1215
381	1284
414	1408
415	1122
388	1338
399	1197
382	1306
356	1329
400	1544
360	1547
345	1555
382	1412
383	1474
390	1525
414	1299
505	1500
496	1375
502	1295
521	1097
524	1046
527	1113
537	1308
455	1227
407	1133
388	1235
353	1355
385	1366
387	1428
353	1463
381	1504
403	1554
426	1395
409	1316
445	1505
456	1453
526	1482
427	1755
419	1421
506	1270
476	1351
466	1489
494	1679
506	1761
457	1560
481	1658
538	1500
563	1603
577	1520
586	1340
589	1553
607	1518
645	1658
641	1808
609	1433
569	1446
657	1251
678	1363
638	1438
647	1373
621	1419
735	1430
783	1334
813	1346
836	1335
828	1401
873	1529
925	1568
972	1569
1061	1440
937	1389
1108	1385
1227	1328
1376	1060
1372	1325
1443	1332
1632	1459
1771	1384
1842	1302
1893	1373
1940	1095
2030	1322
2273	1286
2151	1428
2037	1330
1758	1341
1734	1223
1639	1173
1597	1266
1631	1218
1596	1274
1599	1424
1713	1416
1885	1398
1961	1301
1947	1325
2041	1424
2257	1195
2552	1435
2566	1200
2598	1392
2608	1453
2443	1352
2408	1323
2004	1357
1909	1483
1877	1556
1834	1501
1733	1295
1781	1214
1877	1207
1963	1327
1894	1403
1814	1276
1879	1427
1998	1311
2034	1492
1884	1307
1607	1241
1132	1208
1215	1295
1339	1351
1323	1537
1133	1363
1065	1080
1018	1294
995	1049
926	1295
728	1295
723	1298
561	1392
626	1264
608	1252
546	1215
409	1035
365	1084
365	1073
295	1270
330	1318
369	1520
299	1520
315	1326
327	1117
372	1238
304	1192
272	1267
316	1146
328	1134
314	1085
299	1229
324	1127
302	1103
255	1215
329	1297
310	1131
244	1137
287	1174
314	1088
268	1164
310	1284
303	1230
298	1261
292	1302
317	1481
313	1507
289	1222
260	1469
260	1461
265	1217
270	1455
270	1202
294	1188
301	1295
250	1425
261	1254
271	1508
287	1334
269	1113
288	1151
251	1144
285	1168
281	1295
270	1088
297	1172
261	1340
274	1244
290	1203
282	1279
314	1373
322	1577
347	1388
296	1339
276	1321
239	1252
300	1333
308	1566
303	1341
269	1133
282	1106
308	1275
295	1554
315	1482
258	1480
284	1506
251	1355
274	1136
275	1241
266	1183
278	1231
281	1242
280	1258
223	1184
282	1227
296	1322
296	1278
266	1547
292	1309
290	1145
290	1035
259	854
286	1056
224	907
299	1042
261	1152
250	1147
246	1201
202	1144
256	1204
271	1248
271	1371
282	1217
342	1234
300	1148
295	1163
302	1097
285	1083
284	1162
336	1368
320	1392
314	1381
331	1377
313	1285
334	1232
324	1366
318	1277
287	1220
296	1320
284	1321
277	1248
270	1477
293	1264
306	1362
281	1327
301	1144
287	1180
302	1259
264	1149
341	1304
280	1322
295	1373
272	1311
317	1453
348	1292
312	1231
322	1263
270	1117
307	1189
262	1199
278	1100
288	1165
303	1147
284	1070
242	1272
286	1353
256	1269
315	1344
333	1322
298	1213
272	1113
308	1253
305	1358
302	1210
298	1235
306	1177
329	1176
312	1203
304	1219
315	1264
287	1198
294	1114
323	1132
283	1291
309	1296
317	1221
336	1034
364	1086
285	1089
339	1150
331	1049
330	1092
333	1107
279	1130
329	1147
287	1459
318	1305
347	1336
291	1096
297	1068
299	1099
302	1151
356	1336
354	1168
369	1342
465	1215
464	1125
444	1013
464	955
616	1046
540	1018
500	1054
477	1063
506	1109
445	959
476	1005
500	1120
435	1043
347	1125
315	1279
355	1251
309	1368
365	1240
326	1205
319	1369
350	1417
326	1622
299	1458
313	1453
323	1574
340	1297
314	1418
326	1092
345	1209
363	1500
298	1411
342	1200
320	1318
310	1215
302	1244
345	1261
330	1401
338	1273
347	1422
330	1565
355	1642
327	1341
364	1183
304	1262
304	1092
354	1286
322	1235
262	1208
346	1104
307	1455
317	1392
304	1202
274	1275
327	1315
330	1478
344	1357
328	1385
326	1061
324	1408
369	1528
283	1344
300	1281
323	1508
338	1445
343	1295
340	1406
311	1320
328	1397
304	1402
307	1430
300	1311
310	1279
324	1175
278	1390
283	1320
312	1314
337	1392
330	1404
322	1457
283	1492
306	1316
306	1191
352	1319
309	1379
322	1203
348	1308
331	1151
332	1199
366	1153
364	1205
333	1292
318	1337
361	1266
392	1206
398	1266
358	1330
350	1383
361	1410
365	1394
350	1407
358	1437
359	1306
367	1309
368	1348
421	1613
411	1800
374	1553
411	1428
416	1258
468	1696
452	1432
420	1252
480	1212
465	1130
479	1071
418	1166
446	1032
476	1197
468	1269
500	1332
445	1160
478	1267
453	1327
490	1436
485	1307
452	1395
437	1555
425	1237
409	1201
389	1241
418	1267
430	1338
422	1270
389	1217
375	1222
347	1434
385	1436
383	1436
358	1162
372	1157
366	1396
380	1428
372	1427
421	1656
403	1483
430	1247
525	1276
514	1178
548	1130
565	1392
494	1292
478	1109
406	1108
421	1227
358	1215
387	1155
404	1299
380	1264
422	1370
382	1186
416	1412
448	1214
454	1286
417	1262
381	1328
401	1530
402	1579
430	1347
453	1164
465	1205
463	1212
478	1146
414	1225
416	1212
452	1203
413	1226
398	1328
407	1184
420	1185
433	1276
442	1044
427	1245
421	1170
436	1086
440	1220
378	1264
398	1282
312	1273
371	1199
337	1379
329	1395
350	1357
354	1126
356	1418
338	1526
336	1566
355	1564
344	1288
315	1231
365	1296
373	1103
366	1144
365	1199
346	1339
315	1345
310	1123
360	1351
360	1162
313	1176
334	1211
329	1363
328	1398
316	1611
355	1681
268	1391
304	1662
277	1503
298	1358
283	1523
321	1231
293	1268
278	1138
299	1274
274	1369
289	1446
271	1324
257	1575
291	1513
231	1605
258	1550
310	1329
279	1546
317	1394
304	1285
338	1265
317	1133
273	1188
309	1036
322	1081
263	1032
275	1095
276	1068
293	1465
276	1215
327	1366
294	1456
305	1298
344	1423
329	1318
315	1245
296	1162
314	1186
286	1262
258	1240
280	1387
291	1344
322	1154
284	1095
317	1058
289	1139
292	1469
299	1339
319	1405
315	1219
292	1361
271	1374
322	1620
307	1618
301	1367
290	1460
317	1270
292	1099
316	1229
262	1309
259	1241
298	1266
332	1328
309	1414
259	1442
308	1286
305	1265
285	1124
274	1180
309	1210
261	1359
307	1432
269	1444
270	1189
274	1198
268	1201
303	1317
314	1146
341	1131
267	1123
274	1030
298	1215
283	1351
291	1325
269	1072
262	1132
283	1348
251	1290
266	1471
287	1642
292	1652
293	1460
303	1332
287	1428
321	1355
313	1306
310	1319
276	1196
329	1228
268	1390
246	1300
289	1519
246	1598
235	1390
276	1218
272	1347
303	1255
262	1206
293	1217
283	1231
321	1427
289	1344
283	1416
322	1571
278	1621
255	1847
312	1579
306	1282
315	1360
327	1260
319	1085
292	1138
295	1253
310	1324
342	1276
326	1177
354	1526
307	1410
267	1388
296	1233
291	1145
312	1278
290	1147
278	1402
299	1215
350	1267
341	1401
337	1385
322	1232
343	1500
369	1622
377	1547
353	1533
319	1285
367	1422
379	1291
372	1271
369	1049
355	1149
326	1552
383	1706
399	1556
417	1431
487	1344
451	1253
449	1170
473	1298
526	1150
514	1208
468	1251
472	1378
502	1298
531	1169
594	1367
510	1631
532	1331
575	1326
546	1517
592	1406
490	1534
444	1455
445	1265
424	1404
462	1297
399	1299
434	1263
403	1269
368	1130
413	1290
458	1469
415	1574
397	1284
405	1484
347	1269
374	1368
369	1474
324	1536
363	1439
348	1287
348	1119
345	1141
372	1341
392	1277
352	1406
330	1417
360	1450
345	1407
327	1252
307	1242
329	1017
271	1106
299	1260
278	1293
311	1402
305	1633
318	1498
312	1182
292	1181
324	1306
324	1332
329	1065
332	1169
325	1077
313	1127
355	1474
385	1469
406	1530
415	1663
409	1422
480	1175
486	1459
467	1389
506	1249
516	1350
581	1419
508	1316
605	1306
598	1371
600	1326
681	1441
714	1578
614	1458
669	1462
670	1410
670	1455
660	1249
712	1146
646	1295
548	1274
591	1152
623	1071
574	1079
587	1139
537	1079
578	1253
563	1170
593	1480
525	1265
540	1288
523	1278
514	1406
518	1464
441	1339
497	1296
519	1386
579	1173
535	1059
541	1264
525	1303
537	1314
512	1326
505	1238
391	1252
453	1215
422	1242
354	1423
389	1189
377	1029
418	1334
424	1139
407	1260
386	1433
368	1353
377	1343
436	1390
441	1422
412	1284
395	1183
401	1277
448	1304
438	1353
424	1176
406	1142
429	1198
425	1237
410	1084
347	945
380	1107
392	1209
416	1186
385	1163
418	1229
341	1204
368	1325
387	1267
391	1174
390	1036
320	1249
398	1455
421	1390
399	1159
344	1070
354	1286
396	1356
359	1287
369	1446
419	1347
402	1273
369	1396
353	1136
405	1231
377	1292
373	1412
330	1174
360	1229
407	1320
368	1515
389	1438
345	1380
332	1286
354	1386
320	1346
322	1406
301	1696
303	1598
345	1299
306	1273
334	1567
297	1367
320	1481
309	1690
285	1245
317	1304
262	1408
329	1560
323	1457
294	1407
286	1398
299	1293
259	1517
297	1300
302	1021
277	1142
310	1380
306	1455
303	1296
290	1257
255	1305
300	1187
268	1154
312	1290
277	1134
298	1275
290	1191
287	1196
350	1264
278	1163
296	1186
314	1215
298	1369
301	1079
290	1213
310	1352
303	1293
277	1345
294	1441
283	1582
291	1298
334	1369
318	1182
311	1233
347	1363
285	1414
339	1337
287	1654
355	1387
376	1360
314	1477
362	1486
338	1339
362	1370
339	1356
339	1257
330	1393
344	1592
326	1517
336	1278
299	1282
286	1280
298	1310
283	1214
285	1046
290	1224
268	1348
239	1238
306	1437
256	1372
268	1245
292	1338
280	1494
281	1366
265	1450
268	1216
264	1497
302	1264
285	1272
286	1381
276	1385
295	1481
243	1372
291	1492
278	1489
318	1303
316	1347
315	1661
332	1468
356	1522
382	1276
396	1444
398	1248
403	1260
439	1379
517	1298
499	1368
564	1376
557	1266
495	1013
482	1051
398	1160
396	1172
416	1235
436	1289
365	1175
374	1415
374	1419
375	1268
308	1196
354	1219
319	1115
304	1224
309	1317
343	1188
302	1173
340	1033
325	1017
320	1133
349	1080
326	1530
316	1324
289	1159
298	1110
285	1204
320	1197
256	1289
274	1254
299	1023
252	1154
249	1187
303	1199
286	1147
316	1189
322	1116
280	1375
328	1279
297	1160
269	1225
288	1006
251	1267
295	1056
298	1110
283	1130
340	1218
298	1331
323	1221
308	1363
276	1147
322	1156
332	1342
299	1380
302	1358
301	1482
359	1366
310	1286
290	1113
317	1221
305	1381
262	1399
312	1541
317	1325
334	1216
270	1274
299	1301
297	1432
291	1485
238	1501
305	1506
316	1510
306	1237
318	1279
318	1171
313	1231
336	1219
365	1370
299	1496
343	1336
283	1344
351	1413
340	1569
330	1491
304	1380
297	1398
297	1220
310	1299
304	1255
337	1007
366	1017
354	1172
366	1264
401	1149
326	1272
339	1093
308	1148
367	1499
412	1668
364	1350
360	1383
369	1351
378	1120
353	1294
364	1426
307	1217
335	1214
357	1242
329	1179
356	1225
344	1146
351	1032
361	963
374	1109
390	1143
346	1351
308	1302
350	1218
321	1211
390	1376
338	1427
341	1418
288	1260
291	1241
345	1265
306	1333
339	1330
337	1216
323	1293
374	1447
308	1497
315	1448
311	1394
330	1347
326	1597
311	1468
300	1766
303	1634
310	1430
289	1370
329	1546
315	1627
350	1498
304	1347
285	1471
309	1532
320	1544
349	1333
317	1312
336	1239
318	1344
327	1378
294	1335
302	1324
331	1256
294	1155
297	1151
278	1386
304	1295
331	1515
382	1453
388	1514
377	1183
367	1314
348	1306
291	1220
338	1237
292	1309
292	1318
288	1275
294	1183
299	1180
306	1273
292	1474
298	1490
298	1391
327	1517
280	1341
292	1225
356	1108
307	1010
321	1192
290	1371
325	1224
293	1314
265	1450
286	1411
276	1211
313	1358
340	1315
297	1168
328	1299
268	1371
292	1322
281	1377
315	1151
284	1331
296	1368
297	1326
310	1462
325	1363
317	1491
279	1345
303	1488
300	1239
327	1203
324	1365
315	1276
320	1363
342	1401
324	1319
387	1209
389	1211
441	1238
377	1310
355	1171
393	1063
356	1206
380	1173
381	1193
411	1468
429	1399
496	1429
481	1472
483	1237
500	1228
539	1255
583	1378
569	1294
607	1121
702	1193
688	1216
665	1083
711	1217
732	1334
752	1218
771	1158
755	1133
926	1039
904	1179
919	1238
848	1291
924	1249
966	1211
1004	1213
1085	1098
1082	1108
1072	1167
1142	1206
1028	1062
933	1220
960	1269
961	1083
908	1060
894	1066
868	862
851	1038
866	1086
897	1246
890	1282
923	1282
944	1319
911	1176
835	1026
894	1290
803	1351
799	1335
722	1147
747	1068
680	1219
636	1343
623	1119
634	1111
613	1139
641	1328
596	1566
595	1536
577	1446
530	1485
559	1407
513	1700
474	1634
494	1575
458	1435
410	1554
383	1482
386	1587
435	1500
399	1512
368	1427
397	1331
432	1342
391	1288
341	1380
397	1452
366	1361
357	1415
367	1376
368	1348
396	1345
382	1436
352	1206
339	1310
352	1317
315	1171
360	1317
348	1487
377	1374
417	1509
344	1266
332	1310
331	1346
352	1546
329	1569
361	1516
355	1534
336	1560
349	1414
331	1457
306	1463
323	1433
340	1346
315	1546
345	1684
348	1551
365	1447
373	1633
377	1487
421	1572
431	1675
383	1633
396	1376
412	1682
389	1647
383	1671
382	1415
394	1721
384	1538
354	1318
401	1459
332	1394
372	1538
376	1414
336	1172
391	1242
371	1367
362	1286
433	1340
433	1317
415	1151
421	1596
405	1371
410	1568
381	1587
374	1353
414	1266
377	1259
403	1352
419	1378
395	1331
354	1482
386	1284
321	1466
376	1392
392	1323
343	1397
386	1274
335	1305
361	1350
374	1356
358	1305
329	1284
401	1495
354	1461
384	1645
353	1456
364	1614
345	1610
361	1180
400	1466
332	1364
347	1296
366	1226
378	1445
359	1483
332	1594
349	1326
352	1431
354	1445
335	1549
393	1234
371	1165
399	1349
372	1305
391	1308
384	1380
426	1350
444	1399
419	1277
435	1363
423	1420
460	1309
470	1375
434	1298
428	1157
514	1325
476	1309
395	1252
435	1097
483	1171
471	1334
460	1156
453	1179
410	1342
383	1259
394	1096
389	1347
368	1467
359	1452
352	1427
335	1074
369	1178
372	1408
350	1329
384	1174
388	1189
396	1452
426	1350
392	1518
463	1257
373	1328
398	1279
451	1318
398	1483
395	1177
395	1313
406	1342
422	1406
372	1434
397	1208
346	1339
362	1257
349	1485
388	1320
366	1384
340	1175
339	1190
311	1312
308	1412
359	1154
330	1146
329	1039
341	1165
330	1034
308	1120
289	1097
308	1125
315	1212
307	1240
370	1469
300	1346
309	1361
306	1346
340	1134
352	1208
329	1392
309	1386
330	1128
297	1117
300	1046
316	1177
367	1325
354	1541
351	1306
302	1254
375	1340
350	1503
379	1294
415	1336
350	1201
386	1146
355	1104
356	1239
337	1241
335	1132
322	1035
351	1254
337	1324
345	1203
356	1065
334	1177
371	1086
407	1022
412	1087
356	1012
364	1189
390	1188
365	1287
364	1345
344	1231
364	1281
379	1299
376	1410
319	1385
396	1348
415	1619
430	1890
423	1260
450	2159
492	3228
362	3194
441	2840
424	2763
437	3463
389	2784
392	2050
382	1538
372	1379
409	1513
416	1768
354	1430
396	1455
376	1340
370	1407
385	1319
416	1191
385	1477
432	1310
461	1393
401	1252
369	1290
377	1318
349	1183
372	1314
383	1344
403	1222
410	1101
436	1219
393	1201
394	1307
395	1194
368	1233
338	1450
358	1313
365	1155
373	1168
420	1340
373	1402
352	1393
330	1343
411	1283
438	1372
446	1225
424	1326
369	1295
297	1292
367	1292
393	1378
396	1143
398	1175
375	1151
357	1148
398	1356
372	1308
375	1426
354	1499
389	1252
419	1349
413	1273
405	1287
455	1465
454	1465
466	1370
501	1299
438	1187
460	1190
442	1220
410	1062
442	985
429	1100
402	1055
398	1076
371	1120
358	1275
381	1488
350	1468
314	1301
333	1332
297	1398
306	1607
358	1637
378	1713
388	1301
361	1332
342	1249
324	1399
317	1612
345	1423
321	1372
314	1388
308	1738
295	1484
320	1512
298	1491
294	1362
302	1161
284	1354
335	1112
314	1373
291	1306
299	1165
229	1072
308	1245
338	1186
295	1546
290	1713
298	1431
293	1307
293	1321
316	1208
358	1441
329	1226
308	1166
283	1376
290	1192
287	1406
303	1676
303	1289
267	1257
282	1283
282	1086
296	1261
328	1389
365	1223
334	1223
320	1386
275	1138
323	1215
346	1443
296	1455
283	1426
306	1797
324	1351
319	1319
291	1207
307	1431
313	1513
299	1563
318	1299
302	1444
340	1409
318	1416
316	1228
252	1264
281	1182
286	1396
283	1435
296	1540
274	1306
286	1198
250	1354
284	1260
276	1108
315	1071
294	1055
280	1288
295	1274
307	1322
290	1256
268	1296
276	1459
280	1301
274	1254
267	1242
298	1121
283	1209
269	1152
301	1220
325	1203
325	1208
288	1258
337	1353
340	1276
342	1334
348	1300
382	1383
396	1400
480	1425
494	1515
487	1362
482	1476
463	1368
518	1360
558	1311
536	1320
521	1464
537	1380
520	1273
569	1482
599	1302
640	1231
619	1315
669	1338
608	1318
738	1441
711	1388
618	1151
670	1274
709	1317
694	1256
659	1500
644	1392
699	1333
770	1144
863	1162
844	1244
867	1100
835	1159
900	1087
935	995
958	1150
956	1151
991	1191
983	1170
1072	1406
1102	1451
993	1288
975	1172
988	1209
1067	1247
1010	1138
964	1257
972	1185
943	1060
1078	1185
1171	1284
1084	973
1225	1161
1241	1044
1213	1184
1260	1357
1248	1236
1175	1259
1251	1098
1333	1299
1352	1396
1238	1329
1268	1385
1304	1236
1147	1375
1182	1295
1146	1458
1126	1402
1024	1228
1081	1255
1080	1332
1071	1233
954	1436
1130	1366
1052	1337
1010	1248
980	1056
1067	1090
1107	1021
1066	1198
995	1244
951	1125
955	1155
913	1290
934	1300
949	1303
827	1238
815	1504
828	1096
900	1376
785	1279
722	1348
715	1513
760	1472
745	1319
810	1283
751	1361
645	1191
645	1111
698	1423
706	1320
635	1247
628	1581
653	1589
615	1388
606	1553
648	1525
583	1423
541	1257
582	1322
574	1377
559	1478
517	1445
504	1459
482	1764
551	1531
463	1369
459	1226
419	1232
383	1316
418	1257
384	1263
414	1332
364	1283
394	1292
394	1215
423	1227
404	1181
351	1288
362	1199
315	1218
383	1240
389	1358
416	1486
437	1570
416	1536
390	1700
408	1522
413	1554
395	1373
417	1501
410	1223
458	1300
380	1376
385	1295
418	1491
385	1572
406	1295
424	1116
411	1391
408	1277
381	1231
404	1332
355	1346
352	1376
380	1388
425	1220
362	1300
429	1329
419	1111
388	1200
435	1500
409	1622
391	1660
369	1355
354	1313
353	1466
373	1311
383	1464
369	1427
366	1358
385	1319
352	1252
372	1327
404	1397
393	1305
387	1326
401	1307
463	1144
438	1054
442	1297
427	1287
461	1344
432	1244
393	1234
429	1206
397	1223
377	1333
426	1440
398	1277
424	1135
407	1315
372	1112
442	958
417	1045
423	1097
431	995
432	1298
504	1204
509	1389
503	1258
523	1244
530	1154
503	1289
461	1238
487	1294
471	1426
475	1234
497	1418
411	1403
433	1453
458	1155
456	1301
459	1120
462	1000
507	1141
511	1156
523	1216
554	1336
586	1207
508	1423
562	1367
635	1220
652	1140
605	1286
589	1387
524	1262
487	1233
473	1343
447	1366
406	1291
407	1218
399	1156
430	983
385	1126
466	1105
447	1178
445	1272
432	1357
531	1302
501	1294
494	1219
524	1318
509	1158
481	1329
432	1242
426	1233
447	1180
387	1120
357	1112
418	1070
401	1181
355	1411
374	1178
378	1314
422	1422
421	1402
393	1422
409	1408
408	1345
438	1199
400	1534
432	1544
436	1469
413	1361
368	1183
372	992
357	1088
371	1099
282	1042
359	1199
365	1039
315	1243
350	1093
344	1135
320	1419
373	1519
355	1427
329	1329
291	1464
334	1469
301	1412
349	1638
318	1619
311	1503
295	1377
318	1398
326	1332
313	1257
300	1142
315	1414
311	1438
274	1348
283	1150
287	1438
295	1355
255	1366
281	1256
287	1052
283	1123
293	1162
282	1110
279	1091
274	1167
255	1264
263	1100
246	1133
236	1133
270	1177
278	1292
313	1369
295	1411
302	1422
298	1308
282	1219
318	1323
297	1386
223	1207
255	1325
300	1483
276	1512
281	1497
256	1645
282	1101
281	1350
244	1470
242	1336
299	1409
270	1299
279	1223
266	1240
243	1264
251	1220
275	1440
257	1393
250	1341
290	1371
247	1415
251	1328
241	1405
283	1350
244	1254
310	1288
259	1148
255	1217
270	1462
280	1278
291	1129
300	1238
287	1360
295	1419
285	1489
307	1712
300	1223
277	1414
297	1542
277	1413
284	1284
308	1379
311	1273
256	1380
293	1291
273	1295
284	1577
312	1443
294	1376
290	1688
294	1636
277	1516
215	1264
280	1126
254	1135
301	1059
290	1308
273	1261
325	1237
304	1244
303	1255
263	1277
307	1077
252	1204
278	1206
311	1082
334	1058
280	1163
245	1236
294	1306
305	1281
282	1514
287	1431
239	1286
282	1189
334	1309
300	1136
280	1337
306	1377
318	1207
275	1316
307	1037
310	992
282	1068
272	1022
294	1042
299	1004
302	1082
268	1165
303	1272
298	1345
248	1246
270	1153
230	1322
249	1244
248	1275
265	1483
301	1287
256	1206
240	1036
248	1154
265	1307
311	1436
309	1419
261	1299
276	1213
241	1288
265	1129
321	1130
251	1390
287	1116
260	1040
296	1017
253	1162
271	1123
323	1186
295	1282
308	1303
303	1351
285	1330
320	1282
297	1370
328	1279
355	1252
309	989
339	893
305	1059
304	963
337	1194
346	1349
372	1505
354	1519
333	1421
363	1539
361	1402
403	1410
426	1381
409	1314
391	1296
417	1031
430	1167
422	1229
367	1353
374	1359
348	1438
364	1523
365	1455
368	1343
423	1430
374	1404
339	1127
342	1101
359	1165
397	1102
367	1013
429	1215
374	1121
408	1264
410	1191
386	1112
411	1058
403	1416
401	1412
399	1232
412	1269
370	1210
404	1073
374	1264
419	1203
384	1278
332	1222
389	1173
337	1047
307	1109
369	1182
345	1056
403	1258
389	1489
449	1308
337	1500
394	1429
376	1351
403	1319
378	1429
374	1353
345	1325
317	1232
355	1357
337	1242
362	1313
362	1095
330	1330
361	1397
370	1326
396	1270
364	1113
383	1309
376	1510
351	1450
363	1356
326	1347
335	1201
296	1379
301	1241
325	1423
326	1469
359	1189
276	1307
317	1150
295	1229
300	1239
319	1305
321	1283
316	1407
274	1288
307	1311
295	1419
265	1327
288	1204
331	1484
315	1225
324	1296
267	1428
287	1420
295	1441
321	1256
328	1427
317	1448
329	1499
297	1398
298	1296
321	1175
297	1284
270	1145
292	1181
312	1167
286	1366
310	1393
268	1362
284	1431
297	1298
267	1327
270	1322
284	1444
304	1361
306	1351
282	1226
273	1258
297	1247
241	1175
285	1268
283	1232
269	1247
294	1265
274	1039
266	1308
329	1296
312	1138
315	1235
256	1211
336	1443
319	1184
286	1437
288	1246
307	1318
249	1303
273	1136
301	1107
256	1219
295	1456
298	1350
258	1464
285	1390
284	1517
290	1555
265	1217
248	1257
240	1321
266	1260
263	1196
280	1263
290	1329
247	1357
266	1403
262	1206
274	1179
266	1129
307	1026
296	1232
289	1345
245	1400
322	1123
297	918
294	1067
334	1155
347	1163
317	1301
322	1410
289	1265
291	1291
273	1313
270	1222
270	1143
307	1217
306	1288
282	1202
273	1319
275	1407
289	1491
312	1331
282	1171
279	1278
285	1323
274	1428
309	1471
256	1562
317	1653
315	1395
321	1415
286	1441
280	1367
305	1525
302	1333
287	1210
285	1375
282	1348
287	1267
308	1158
296	1305
325	1366
311	1232
311	1205
312	1082
324	1427
265	1436
272	1306
289	1314
307	1202
306	1292
268	1304
330	1289
316	1204
323	1391
304	1462
305	1343
354	1405
310	1236
344	1354
339	1316
303	1317
332	1333
320	1357
307	1261
293	1290
256	1360
306	1406
251	1404
300	1460
277	1407
304	1346
306	1232
323	1297
323	1439
288	1422
271	1464
318	1339
320	1506
306	1488
265	1285
291	1244
297	1300
303	1453
265	1314
294	1591
283	1556
286	1543
315	1775
306	1636
318	1506
332	1330
307	1142
345	1246
306	1126
278	1389
314	1205
349	1336
281	1486
299	1640
300	1523
325	1367
287	1511
307	1275
303	1441
329	1543
329	1393
296	1425
288	1490
323	1347
318	1297
289	1451
315	1432
324	1266
326	1159
360	1363
345	1383
326	1479
330	1419
324	1264
357	1490
348	1347
379	1522
332	1590
339	1537
386	1644
309	1211
362	1352
292	1364
298	1325
360	1437
311	1327
288	1092
287	1226
251	1149
309	1247
285	1386
292	1373
292	1697
309	1686
310	1744
336	1561
330	1590
298	1407
316	1270
285	1487
296	1460
303	1628
295	1383
337	1411
299	1218
308	1302
284	1459
316	1525
273	1345
285	1392
288	1530
252	1475
310	1645
280	1780
259	1613
228	1548
225	1599
259	1548
274	1320
275	1413
267	1450
272	1137
243	1257
232	1202
228	1212
284	1176
249	1350
270	1383
286	1189
288	1238
231	1141
244	1069
271	1200
273	1196
279	1303
269	1262
262	1290
253	1159
263	1125
258	1009
275	1155
229	1213
274	1152
295	1105
285	1346
304	1361
269	1338
239	1153
285	1156
253	1253
249	1312
242	1192
274	1335
258	1316
250	1470
243	1492
243	1394
241	1362
236	1459
257	1141
242	1138
238	1232
250	1154
265	1051
292	1043
272	1236
283	1213
269	1291
253	1065
290	1231
253	1213
289	1368
326	1499
289	1396
238	1324
274	1425
223	1427
255	1318
294	1154
262	1315
283	1368
269	1272
281	1260
259	1303
322	1363
266	1303
253	1403
291	1261
237	1170
253	1376
280	1204
283	1168
287	1384
318	1327
252	1237
298	1211
271	1096
279	1375
233	1226
309	1062
258	1251
287	1240
221	1213
289	1176
253	1208
273	1348
258	1187
289	1382
299	1317
278	1034
302	1250
268	1316
281	1293
259	1128
275	1118
284	1295
272	1241
297	1142
298	1331
338	1262
357	1126
369	1195
298	1284
277	1067
270	1187
277	1246
272	1417
258	1491
264	1457
252	1401
277	1243
315	1345
303	1117
302	1123
310	979
308	1278
320	1266
353	1197
351	1339
331	1227
343	1278
416	1245
456	1438
366	1351
418	1383
507	1201
573	1235
519	1266
504	1197
531	1266
560	1319
592	1260
594	1062
647	1086
647	1381
586	1306
465	1032
477	1098
537	1044
428	1154
430	1187
381	1279
299	1235
390	1277
465	1277
370	1293
334	1303
370	1239
344	1100
332	1106
297	1082
304	944
308	1138
273	1062
281	1194
273	1214
253	1182
280	1397
241	1340
222	1189
249	1039
273	1123
265	1352
317	1398
268	1499
254	1366
278	1414
244	1720
295	1453
215	1559
253	1497
231	1416
249	1224
234	1179
249	1255
240	1314
221	1224
219	1302
261	1281
251	1512
246	1363
296	1510
216	1450
312	1499
288	1220
231	1201
267	1261
284	1143
253	1249
263	1324
268	1328
299	1087
213	1282
267	1363
275	1325
289	1255
278	1226
297	1364
289	1228
268	1330
327	1489
285	1807
253	1645
313	1748
267	1454
293	1346
257	1287
305	1421
268	1371
246	1252
239	1230
262	1303
245	1255
274	1301
268	1130
310	1268
337	1299
306	1274
288	1246
327	1314
300	1369
357	1346
278	1211
300	1204
270	1343
321	1300
314	1348
275	1100
316	1175
288	1246
308	1177
268	1022
298	1029
285	1156
274	1106
316	1000
285	1306
255	1318
271	1315
309	1489
279	1111
224	1363
249	1037
246	1046
279	1115
247	1034
250	1060
238	1124
241	1076
224	949
268	1053
269	1111
265	1274
284	1255
291	1057
270	1106
235	1086
270	1307
215	1346
253	1420
263	1248
278	1391
272	1438
280	1411
238	1168
286	1255
229	1348
299	1510
275	1568
294	1440
252	1447
289	1425
261	1290
245	1354
298	1298
254	1328
251	1320
235	1047
261	1229
250	1489
227	1326
222	1349
253	1196
243	1156
257	1216
237	1316
249	1356
276	1345
263	1383
258	1302
255	1284
262	1319
237	1215
302	1225
277	1158
277	1430
286	1254
228	1328
276	1650
247	1303
245	1221
260	1226
264	1283
247	1309
251	1330
235	1259
242	1108
249	1262
256	1258
301	1213
267	1233
245	1237
271	1247
219	1177
225	1324
247	1323
252	1414
275	1386
226	1437
277	1560
292	1493
227	1634
257	1441
251	1335
222	1392
282	1326
250	1780
241	1442
267	1407
253	1416
236	1445
244	1546
269	1563
264	1494
295	1561
269	1425
311	1384
258	1420
253	1379
241	1296
251	1226
205	1236
258	1292
261	1365
271	1184
271	1436
281	1271
270	1014
262	1036
276	1053
289	1431
270	1343
263	1285
301	1540
281	1266
282	1341
249	1140
276	1221
265	1284
235	1262
295	1346
258	1470
236	1478
247	1332
235	1478
242	1526
266	1354
255	1352
260	1157
264	1149
267	1258
301	1224
248	1160
263	1156
223	1174
269	1292
225	1232
224	1276
210	1227
261	1499
249	1357
253	1185
257	1354
233	1061
268	1226
249	1361
242	1360
263	1236
244	1416
216	1207
232	1329
235	1242
213	1181
263	1179
243	1172
249	1307
245	1400
264	1297
280	1412
271	1253
250	1184
249	1362
232	1335
264	1380
207	1161
267	1167
232	1336
271	1406
268	1199
287	1224
274	1334
222	1307
255	1308
236	1119
242	1171
238	1381
222	1295
276	1106
220	1218
256	1433
282	1230
273	1108
252	1169
236	1318
250	1139
234	1271
249	1154
256	1221
250	1367
239	1536
245	1314
252	1248
246	1214
235	1197
259	1262
251	1378
265	1374
238	1585
266	1402
283	1286
244	1467
245	1366
267	1328
250	1300
252	1191
289	1413
267	1605
282	1463
248	1585
238	1296
266	1314
307	1460
285	1325
306	1327
274	1364
234	1228
255	1131
283	1130
304	990
262	1249
226	1279
258	1385
241	1392
252	1597
291	1376
243	1522
262	1504
268	1504
236	1598
233	1776
274	1538
259	1266
259	1347
210	1333
220	1451
275	1439
274	1226
261	1188
263	1500
259	1521
248	1314
250	1408
215	1448
251	1256
249	1292
258	1257
266	1548
241	1755
278	1579
307	1520
251	1491
271	1355
265	1327
295	1474
242	1287
288	1296
227	1238
260	1510
248	1330
263	1571
224	1301
235	1200
216	1070
282	1300
261	1132
275	1161
278	1385
247	1126
245	1224
221	1184
283	1326
271	1326
239	1161
275	1258
283	1280
270	1239
266	1402
285	1274
292	1302
286	1253
262	1581
296	1610
252	1288
287	1318
290	1260
263	1097
251	1262
272	1074
261	1313
263	1212
259	1148
299	1145
237	1065
221	1090
244	1072
263	1390
231	1427
265	1321
253	1187
261	1247
232	1087
252	1066
265	1175
253	1240
245	1263
236	1329
219	1225
225	1365
266	1286
216	1385
283	1058
254	1208
231	1147
230	1245
258	1187
269	1335
271	1332
259	1284
235	1258
242	1209
268	1289
249	1256
266	1325
264	1388
261	1586
267	1551
242	1360
233	1486
290	1409
258	1359
256	1403
282	1543
267	1515
264	1456
230	1518
283	1565
282	1187
256	1101
303	1040
269	1165
233	1358
262	1301
247	1104
238	1182
289	1521
244	1637
254	1493
275	1258
270	1192
263	1348
278	1386
324	1514
278	1433
274	1385
252	1388
271	1420
257	1437
254	1560
239	1203
256	1116
246	1246
247	1350
251	1145
288	1170
227	1053
274	1291
248	1595
252	1467
240	1283
256	1349
257	1374
251	1369
331	1462
248	1339
228	1289
224	1236
254	1080
230	1160
283	1213
277	1242
274	1193
281	1212
243	1341
265	1320
246	1371
243	1462
246	1411
297	1376
265	1472
276	1443
260	1304
288	1599
276	1422
248	1417
302	1541
294	1399
290	1353
253	1202
257	1208
252	1158
290	945
279	1212
277	1199
280	1396
288	1486
249	1244
282	1146
262	1144
226	1150
243	1056
240	1057
280	1035
249	1152
275	1303
252	1374
226	1414
259	1472
228	1303
256	1334
275	1136
286	1247
247	1134
232	1285
252	1321
258	1416
244	1392
241	1388
251	1240
230	1406
224	1292
258	1178
271	1156
235	1328
272	1405
266	1391
267	1366
273	1262
286	1154
287	1189
251	1498
245	1380
292	1386
293	1327
213	1358
212	1345
274	1269
253	1254
264	1242
238	1200
283	1027
268	1029
281	1064
274	1061
230	1084
276	1374
252	1365
273	1325
270	1134
289	1311
278	1357
299	1262
310	1314
258	1433
247	1343
240	1298
272	1196
268	1159
261	1044
312	1087
219	1097
250	1306
230	1265
286	1344
276	1346
262	1126
249	1110
290	1302
290	1299
273	1415
236	1280
259	1209
273	1304
262	1202
233	1132
235	1071
197	1402
265	1196
268	1252
291	1358
246	1517
308	1405
271	1293
252	1269
247	1203
277	1354
278	1356
287	1293
315	1259
282	1359
269	1326
276	1122
261	1297
288	1036
239	1192
238	1143
241	1000
255	1028
250	1101
263	1213
258	1035
298	1102
296	1174
306	1172
298	1252
267	1253
277	1227
260	1250
261	1312
263	1393
264	1287
262	1206
238	1180
256	1149
289	1410
265	1312
213	1229
279	1435
239	1273
285	1365
213	1322
278	1500
253	1378
289	1528
250	1305
254	1472
324	1324
268	1318
235	1219
275	1309
283	1269
296	1279
274	1233
290	1371
270	1378
241	1295
258	1210
280	1367
296	1271
239	1145
265	1224
294	1584
284	1278
287	1281
281	1261
271	1544
269	1350
264	1132
276	1264
299	1288
241	1394
287	1266
263	1217
246	1318
256	1388
267	1638
243	1630
257	1375
249	1432
249	1552
253	1289
217	1299
248	1307
269	1284
264	1144
301	1306
296	1144
246	1348
260	1235
280	1299
255	1322
277	1422
276	1402
252	1570
288	1317
306	1455
286	1416
291	1272
270	1204
254	1291
300	1390
306	1370
315	1274
305	1612
290	1435
287	1267
293	1399
315	1289
293	1273
282	1415
267	1533
284	1432
301	1388
304	1223
300	1327
243	1296
263	1290
240	1327
245	1252
247	1146
226	990
251	1205
270	1217
280	1450
212	1346
242	1349
280	1560
233	1335
257	1438
273	1390
262	1385
237	1423
253	1387
286	1380
267	1404
296	1396
284	1361
310	1126
255	1361
254	1196
305	1093
264	1217
278	1310
226	1427
258	1361
254	1681
267	1351
233	1564
252	1430
258	1366
252	1329
241	1306
305	1419
289	1455
276	1455
249	1448
291	1745
264	1648
257	1764
273	1337
273	1470
263	1484
260	1345
248	1366
283	1304
289	1168
352	1504
307	1380
295	1267
240	1451
288	1257
274	1550
307	1673
308	1798
302	1470
288	1364
248	1417
278	1253
275	1221
256	1392
268	1323
268	1388
288	1318
259	1438
225	1476
266	1257
269	1300
250	1400
253	1138
247	1140
231	1177
276	1180
277	1241
277	1235
257	1211
239	1145
272	1440
232	1285
277	1469
250	1353
236	1147
258	1439
243	1497
259	1584
258	1338
265	1394
284	1517
280	1595
282	1293
258	1390
240	1208
219	1263
269	1322
217	1219
263	1225
267	1303
268	1363
238	1290
249	1360
249	1224
215	1143
262	1152
209	1171
223	1128
246	1087
236	1078
241	1170
233	1307
247	1425
248	1458
237	1354
263	1311
249	1167
254	1291
249	1187
308	1048
299	1318
296	1390
271	1371
259	1288
255	1106
275	1407
262	1302
271	1317
261	1367
254	1179
255	1465
272	1191
263	1361
277	1360
239	1258
260	1276
225	1482
252	1389
225	1573
247	1474
246	1250
278	1251
243	1333
267	1301
256	1424
291	1206
251	1236
329	1328
305	1232
298	1164
294	1337
247	1436
284	1506
295	1446
278	1490
271	1506
298	1510
263	1348
226	1324
258	1201
261	1196
212	1156
214	1207
265	1307
216	1356
254	1268
218	1152
274	1261
244	1353
239	1283
276	1198
227	1200
244	1312
267	1384
215	1162
277	1209
253	1383
243	1460
284	1426
297	1585
246	1520
211	1432
235	1376
260	1482
267	1268
248	1451
270	1541
269	1858
240	1636
274	1247
251	1196
254	1242
233	1282
248	1461
261	1300
249	1575
304	1521
264	1379
304	1067
244	1269
251	1401
222	1387
275	1318
239	1452
251	1723
273	1530
263	1655
255	1399
208	1404
260	1321
273	1415
267	1378
290	1432
229	1524
275	1481
293	1310
267	1332
286	1620
287	1619
274	1573
205	1605
256	1516
224	1430
280	1522
255	1402
250	1346
252	1326
295	1478
261	1525
256	1187
260	1296
256	1248
290	1364
240	1284
244	1196
229	1253
264	1473
244	1453
271	1418
229	1433
261	1356
237	1209
299	1252
235	1305
241	1202
268	1159
279	1221
300	1185
295	1102
265	1159
263	1204
273	1183
257	1404
277	1558
268	1237
252	1235
252	1166
251	1121
250	1241
279	1230
223	1177
242	1191
218	1261
243	1213
244	1410
290	1309
278	1199
272	1031
268	1225
264	1342
271	1486
249	1425
247	1404
256	1062
258	1103
276	1149
271	1232
256	1037
250	965
248	1074
224	1136
261	1292
243	1079
247	1126
244	1045
255	906
254	1310
251	1323
269	1465
280	1505
249	1285
250	1412
244	1269
289	1211
263	1268
301	1116
294	1311
246	1312
277	1138
277	1335
300	1238
277	1577
268	1204
294	1258
260	1250
306	1174
248	1074
258	1394
248	1291
320	1318
319	1388
273	1408
260	1319
312	1287
289	1447
259	1241
293	1364
265	1434
269	1579
314	1371
274	1183
287	1215
270	1411
310	1303
261	1323
264	1364
283	1486
230	1509
292	1283
260	1353
290	1314
301	1318
231	1253
259	1335
272	1175
258	1211
246	1212
286	1234
245	1307
285	1175
253	1365
231	1335
259	1365
278	1460
242	1391
283	1702
287	1361
274	1482
267	1770
269	1407
229	1427
220	1366
215	1474
258	1429
246	1535
224	1313
271	1275
284	1297
249	1433
238	1288
266	1402
256	1489
271	1750
306	1874
258	1951
253	1859
257	1911
253	1951
241	1653
234	1626
256	1446
244	1321
256	1440
257	1325
249	1350
250	1209
266	1336
273	1230
255	1491
238	1588
274	1564
268	1414
248	1316
269	1477
240	1458
252	1333
217	1564
253	1344
239	1484
258	1424
222	1442
246	1498
249	1588
245	1470
253	1462
242	1610
267	1405
252	1513
217	1532
275	1663
264	1670
293	1817
247	1479
266	1419
275	1336
273	1334
270	1603
288	1524
250	1682
260	1367
307	1309
304	1616
284	1426
275	1478
292	1699
248	1579
244	1687
269	1497
266	1460
238	1515
255	1384
242	1229
229	1286
253	1176
238	1289
256	1239
239	1289
255	1345
246	1503
228	1461
241	1300
228	1595
282	1406
253	1465
268	1395
279	1611
261	1544
258	1665
278	1835
271	1661
268	1857
278	1526
277	1422
276	1276
260	1166
203	1333
273	1369
240	1383
270	1529
233	1436
278	1376
256	1408
253	1491
251	1363
254	1297
272	1191
245	1167
264	1329
227	1447
283	1526
285	1302
280	1494
257	1505
238	1514
235	1407
272	1418
265	1401
242	1310
260	1479
215	1246
242	1273
246	1261
274	1198
309	1288
268	1121
259	1121
289	1084
249	1318
272	1296
263	1321
219	1195
238	1310
285	1310
243	1328
247	1312
262	1347
234	1321
229	1334
243	1366
253	1234
282	1274
250	1330
270	1615
309	1402
278	1205
284	1587
278	1404
253	1240
272	1247
244	1220
229	1297
255	1177
222	1305
218	1142
244	1214
252	1412
241	1403
278	1276
264	1293
240	1429
289	1284
239	1272
231	1277
246	1490
250	1424
287	1780
250	1704
274	1714
278	1602
282	1552
285	1425
270	1433
297	1439
243	1307
273	1212
271	1260
280	1412
239	1346
253	1317
245	1531
214	1399
238	1369
251	1335
226	1243
260	1123
250	1120
286	1154
317	1250
278	1186
303	1160
318	1133
314	1100
263	1175
285	1237
263	1204
296	1317
297	1224
276	1417
274	1334
286	1174
261	1285
286	1346
291	1341
232	1173
254	1330
281	1304
278	1113
256	1058
264	1160
264	866
276	1052
268	1047
261	999
311	1096
256	1199
275	1126
270	1091
258	1122
234	1080
272	1080
264	1171
277	1235
280	1183
266	1236
236	1105
242	1045
264	1202
250	1245
270	1311
246	1411
223	1464
258	1431
281	1358
289	1361
292	1216
260	1230
225	1391
295	1211
304	1258
274	1285
234	1210
238	1144
286	1208
286	1218
268	1134
280	1386
363	1196
298	1227
282	1389
267	1381
286	1363
313	1343
279	1373
278	1400
267	1186
255	1255
271	1456
285	1527
262	1544
279	1668
259	1275
238	1541
253	1330
282	1535
322	1428
289	1235
279	1309
254	1345
263	1435
246	1286
286	1434
230	1346
258	1286
268	1408
240	1228
272	1123
301	1378
288	1222
263	1180
270	1217
244	1189
260	1262
225	1215
281	1347
307	1381
248	1241
266	1386
252	1450
266	1289
242	1387
238	1423
257	1339
314	1372
267	1199
273	1262
292	1297
278	1346
294	1224
298	1060
274	1012
292	1150
294	1150
265	1029
263	1107
265	1212
231	1470
275	1425
251	1473
257	1223
280	1360
268	1564
258	1367
280	1561
272	1363
325	1227
240	1128
271	1167
271	1248
308	1100
272	1148
239	1175
303	1227
313	1332
292	1356
265	1393
275	1353
322	1494
285	1399
288	1465
296	1253
331	1461
312	1326
334	1195
318	1457
290	1590
258	1351
269	1267
264	1612
308	1733
280	1631
274	1275
283	1375
292	1705
251	1420
239	1369
232	1343
255	1333
239	1339
239	1620
322	1467
280	1368
287	1359
248	1253
278	1368
299	1288
293	1506
277	1426
275	1639
263	1465
230	1493
225	1480
289	1219
282	1211
249	1082
294	1152
283	1382
289	1366
271	1525
260	1241
240	1374
250	1409
279	1522
294	1441
266	1623
267	1629
260	1493
264	1372
313	1161
292	1136
251	1469
267	1452
270	1406
286	1562
273	1480
258	1581
303	1569
287	1528
222	1370
263	1305
270	1496
280	1257
308	1235
309	1295
278	1384
283	1411
343	1454
302	1380
287	1346
291	1351
284	1713
270	1685
284	1470
254	1506
254	1322
238	1176
230	1383
261	1334
211	1207
306	1134
289	1265
287	1202
270	1183
260	1224
250	1438
274	1526
267	1455
267	1499
304	1423
266	1348
285	1308
308	1168
300	1128
293	1359
254	1403
250	1519
275	1491
293	1737
266	1512
249	1398
259	1179
251	1078
274	1369
251	1449
250	1781
296	1584
280	1422
254	1374
269	1155
242	1139
250	1147
297	1353
298	1435
307	1575
264	1439
294	1312
300	1235
289	1262
290	1120
260	1231
279	1244
257	1373
256	1193
291	1247
293	1534
261	1501
296	1257
240	1269
244	1204
259	1379
296	1315
295	1322
272	1345
272	1419
272	1307
270	1351
251	1336
293	1528
291	1638
320	1446
294	1505
284	1352
270	1208
280	1402
304	1525
259	1264
275	1351
305	1352
255	1182
325	1515
353	1631
249	1705
283	1798
306	1500
316	1550
333	1715
330	1402
288	1945
286	2000
341	2830
291	3366
298	3030
361	5403
360	5919
297	4246
319	5144
350	5548
302	3878
270	4000
276	1837
284	1736
308	1731
259	1657
233	1334
283	1342
262	1358
255	1377
245	1320
280	1436
243	1278
288	1197
290	1343
284	1382
287	1383
281	1274
310	1304
318	1264
315	1330
305	1227
301	1368
280	1218
271	1225
251	1366
338	1449
302	1317
304	1271
358	1496
355	1246
353	1172
335	1319
406	1316
358	1227
428	1010
411	1146
371	1183
389	1274
372	1183
339	1277
307	1156
307	1086
328	1205
260	1277
275	1349
285	1334
296	1330
315	1396
306	1303
392	1447
313	1488
352	1417
361	1566
360	1506
307	1316
318	1189
336	1329
306	1433
304	1234
258	1298
299	1309
310	1294
287	1515
319	1319
314	1493
272	1489
261	1403
301	1705
267	1452
318	1348
299	1292
297	1325
272	1412
319	1409
276	1257
290	1094
284	1196
271	1294
285	1272
286	1207
268	1257
263	1183
275	1300
282	1285
227	1260
234	1218
270	1126
280	1095
281	1070
254	1022
290	1285
281	1159
313	1049
262	1275
254	1518
304	1452
308	1306
284	1264
257	1382
291	1226
282	1253
281	1204
281	1092
232	1152
243	1218
238	1284
252	1198
245	1348
232	1274
249	1259
274	1152
276	1174
236	1242
267	1212
233	1122
240	1259
261	1252
283	1319
235	1367
263	1247
235	1449
240	1269
278	1186
269	1182
245	981
263	1037
255	1385
257	1220
297	1122
272	1218
260	1242
296	1212
269	1299
267	1296
253	1266
255	1313
264	1433
291	1472
292	1423
261	1038
259	1121
291	1392
288	1280
281	1360
289	1309
277	1234
260	1367
299	1452
275	1274
266	1412
297	1191
254	1307
272	1408
262	1453
265	1205
246	1014
251	943
257	1064
275	1236
256	1309
269	1230
253	1365
237	1194
252	1135
266	1231
266	1247
257	1315
255	1497
278	1167
245	1244
252	1302
299	1409
296	1487
295	1344
248	1317
244	1415
276	1203
276	1211
286	1231
235	1253
314	1380
263	1430
309	1559
281	1442
296	1309
304	1292
251	1524
256	1364
278	1447
285	1352
295	1271
250	1364
242	1547
255	1383
255	1462
286	1545
270	1580
279	1426
268	1196
285	1290
291	1291
295	1283
262	1410
264	1138
301	1240
320	1094
313	1113
323	1071
335	1062
316	1274
312	1139
281	1168
327	1400
296	1099
260	1103
253	1128
282	1232
287	1136
291	1274
293	1371
288	1458
251	1413
273	1486
288	1389
317	1226
324	1180
359	1305
286	1176
303	1273
292	1213
324	1448
309	1165
321	1242
310	1444
284	1339
306	1480
310	1267
299	1481
293	1367
297	1451
324	1217
315	1310
343	1167
357	1271
326	1382
331	1128
317	1211
300	1421
321	1520
319	1411
305	1246
295	1443
254	1345
303	1282
278	1224
274	1368
258	1511
288	1425
297	1577
310	1409
353	1418
272	1459
261	1591
257	1402
309	1376
278	1410
271	1220
287	1286
271	1366
278	1270
326	1340
283	1268
276	1231
301	1348
299	1347
273	1516
265	1394
249	1456
269	1562
274	1293
308	1264
293	1147
290	1322
294	1520
247	1585
297	1556
296	1472
258	1497
302	1364
299	1711
284	1520
280	1348
248	1317
291	1530
285	1196
303	1372
281	1388
301	1116
294	1321
282	1457
265	1345
279	1223
276	1529
228	1255
258	1226
266	1275
278	1429
250	1274
265	1420
267	1351
241	1325
262	1306
248	1244
262	1364
296	1171
246	1093
262	1179
279	1350
270	1289
262	1218
265	1136
235	1256
274	1268
262	1239
258	1168
261	1070
284	1190
272	1006
282	1272
290	1282
238	1376
282	1168
246	1230
266	1587
288	1291
319	1380
326	1170
353	1295
331	1425
279	1245
264	1205
267	1078
257	1050
264	1174
246	1141
286	1391
258	1477
263	1188
239	1176
266	1417
263	1508
274	1475
256	1442
234	1450
268	1413
274	1649
284	1684
285	1627
257	1384
289	1449
266	1443
271	1432
265	1405
255	1333
293	1336
306	1445
312	1485
274	1462
268	1398
277	1545
279	1364
316	1403
269	1432
280	1387
278	1243
263	1226
278	1298
237	1183
255	1245
290	1350
260	1371
317	1251
290	1378
230	1316
282	1310
246	1245
292	1348
257	1148
278	1326
238	1206
260	1289
244	1150
284	1121
267	1309
295	1417
316	1278
262	1199
302	1283
280	1393
279	1311
262	1416
292	1274
285	1241
254	1514
271	1141
270	1481
274	1338
307	1048
258	1177
248	1226
242	1286
243	1267
254	1298
248	1379
268	1331
264	1303
233	1375
262	1377
269	1377
263	1467
276	1330
268	1318
296	1294
249	1440
277	1450
263	1401
266	1417
267	1319
322	1742
305	1566
288	1316
287	1209
299	1412
300	1359
275	1401
303	1256
321	1547
316	1423
310	1441
252	1531
321	1360
256	1340
300	1285
291	1235
257	1293
255	1547
277	1355
260	1312
278	1334
304	1263
306	1266
319	1263
322	1513
286	1492
252	1609
292	1665
263	1711
301	1430
297	1334
291	1312
315	1293
377	1448
344	1303
376	1468
358	1193
398	1415
433	1486
474	1222
387	1327
378	1264
451	1399
506	1389
574	1570
642	1560
681	1342
821	1282
907	1430
1065	1291
1036	1211
920	1408
853	1451
990	1367
950	1222
911	1297
915	1583
890	1487
1011	1426
1030	1558
1076	1554
1059	1457
1077	1440
1197	1522
1357	1455
1403	1442
1403	1231
1256	1199
1267	1255
1240	1246
1110	1303
1063	1167
1062	1319
998	1522
992	1324
1026	1142
1096	1462
992	1325
1011	1311
1211	1495
1392	1423
1571	1448
1658	1385
1668	1300
1805	1291
1818	1260
1726	1429
1675	1474
1527	1584
1410	1584
1265	1706
1155	1351
1098	1344
1010	1426
996	1603
1014	1488
877	1494
914	1519
1010	1413
969	1226
1053	1102
952	1241
929	1273
977	1166
1025	1118
874	1299
773	1393
691	1639
727	1574
655	1140
596	1431
539	1447
492	1489
473	1455
467	1396
410	1460
434	1482
422	1202
377	1476
435	1450
427	1398
405	1371
351	1254
276	1344
268	1273
272	1221
257	1117
246	1071
279	1120
272	1297
279	1337
290	1321
261	1492
267	1389
325	1473
253	1569
294	1194
254	1191
281	1267
288	1317
261	1354
277	1434
247	1458
246	1377
251	1274
245	1252
276	1499
266	1468
297	1317
300	1215
262	1372
254	1183
264	1084
243	1019
255	1115
299	1236
249	1315
283	1461
274	1302
278	1237
281	1120
272	1430
289	1344
277	1091
290	1159
276	954
280	1125
226	1118
267	1338
317	1301
289	1109
314	1175
308	1114
296	1137
352	1344
324	1308
302	1315
314	1238
307	1330
324	1274
370	1276
387	1407
365	1188
337	1261
371	1241
340	1614
363	1456
349	1551
371	1490
358	1514
399	1362
398	1107
379	1066
372	1098
410	1114
391	1085
371	1380
337	1473
311	1266
377	1353
338	1201
333	1146
337	1207
343	1243
313	1367
275	1275
299	1276
320	1246
310	1505
295	1301
319	1222
268	1261
275	1392
296	1582
302	1340
273	1371
279	1546
275	1605
260	1465
242	1548
316	1477
304	1469
284	1342
270	1324
284	1339
293	1549
286	1464
266	1163
285	1347
245	1128
291	1158
311	1075
269	1120
290	1054
264	963
291	1005
246	1068
267	1008
274	883
260	968
251	1026
270	1090
254	1277
275	1243
220	1323
262	1308
248	1399
247	1148
249	1086
268	1334
243	1131
251	1126
272	1243
263	1331
262	1189
274	1291
293	1342
250	1167
248	1300
264	1398
267	1309
243	1426
262	1400
236	1374
228	1349
208	1137
196	1481
247	1517
292	1480
242	1340
309	1211
284	1110
278	1143
300	1141
268	1249
269	1303
278	1257
266	1320
245	1075
265	1192
277	1200
266	1151
244	1221
251	1377
265	1320
261	1385
274	1137
272	1062
270	1342
274	1230
311	1262
321	1289
289	1407
263	1247
288	1276
272	1242
259	1526
251	1227
274	1162
273	1229
247	1561
272	1535
261	1180
297	1295
279	1320
270	1373
326	1273
329	1221
293	1104
294	1189
251	1308
273	1202
268	1248
265	1275
275	1282
292	1088
262	1165
256	1064
259	1118
265	1304
288	1315
259	1419
330	1343
290	1468
288	1513
251	1429
300	1309
266	1204
291	1456
266	1237
249	1235
256	1214
270	1162
253	1240
247	1161
254	1187
227	1253
273	1267
268	1181
259	1215
312	1449
268	1403
271	1279
234	1352
258	1275
248	1156
245	1099
244	1053
236	1162
233	1223
216	1180
243	1383
224	1163
245	1128
253	999
272	1143
282	1059
299	1198
262	1083
301	1094
284	1151
293	1142
273	1282
271	1300
247	1338
285	1467
265	1173
251	1248
252	1366
261	1434
270	1275
221	1246
265	1243
252	1216
264	1199
248	1390
274	1553
261	1316
287	1396
268	1563
284	1439
279	1531
256	1440
288	1303
241	1498
284	1387
227	1490
258	1295
255	1325
263	1314
258	1238
244	1442
241	1389
256	1485
257	1472
232	1289
248	1327
261	1488
272	1338
258	1328
299	1411
263	1266
264	1311
267	1284
275	1377
303	1370
271	1570
326	1604
245	1489
237	1422
231	1501
270	1486
298	1635
284	1557
274	1468
289	1458
282	1578
275	1447
280	1404
287	1377
256	1475
266	1419
281	1396
285	1206
255	1294
285	1547
276	1403
283	1262
255	1489
261	1542
264	1328
250	1319
264	1435
257	1335
267	1422
239	1465
291	1249
241	1163
256	1228
214	1276
228	1328
273	1523
266	1553
249	1599
261	1338
297	1726
316	1610
264	1686
271	1383
266	1513
271	1681
269	1723
260	1581
231	1494
261	1605
246	1469
277	1411
252	1616
276	1573
256	1584
290	1453
291	1425
257	1373
253	1521
218	1401
236	1421
297	1548
267	1499
269	1437
274	1400
274	1326
301	1396
303	1217
282	1205
249	1563
237	1646
246	1523
244	1704
258	1705
254	1739
278	1522
264	1430
291	1424
327	1456
321	1530
300	1471
299	1569
288	1719
278	1636
277	1429
273	1253
282	1402
302	1170
281	1124
299	1149
304	1167
327	1380
334	1206
325	1263
310	1241
247	1423
307	1443
303	1164
288	1209
301	1150
283	1161
283	1141
259	1275
253	1268
264	1214
295	1084
288	1223
311	1189
298	1135
330	1254
344	1565
300	1430
277	1419
340	1377
308	1310
332	1329
266	1447
286	1391
302	1516
316	1443
304	1370
285	1332
304	1320
278	1140
275	1387
307	1181
283	1360
279	1286
297	1444
343	1198
283	1309
263	1203
341	1050
282	1133
293	1111
313	1211
294	1126
319	1193
296	1157
291	1214
258	1208
253	1209
284	1516
269	1287
300	1149
318	1220
364	1116
356	1054
282	1260
334	1290
344	1326
337	1298
355	1337
371	1414
409	1445
403	1326
441	1539
476	1419
432	1390
457	1568
480	1612
483	1394
523	1521
489	1507
466	1283
496	1394
535	1434
491	1356
518	1418
478	1376
482	1338
519	1272
556	1159
602	1359
564	1383
554	1405
521	1451
533	1334
561	1466
559	1374
591	1476
542	1659
499	1769
438	1714
460	1459
452	1474
406	1558
476	1415
472	1238
516	1378
412	1335
