343	1239
311	1150
342	1251
319	1131
296	1087
297	1150
341	1213
359	966
346	958
299	1064
355	1045
390	1047
329	1112
370	1138
355	1163
347	1276
367	1298
375	1204
395	1308
350	1473
427	1266
339	1114
325	1203
349	1174
367	1062
368	1290
350	1232
376	1298
397	1259
349	1303
317	1266
343	1193
362	1251
397	1238
332	1219
344	1107
391	1188
312	1315
309	1247
353	1201
369	1234
345	1149
335	1412
358	1318
456	1349
368	1438
376	1271
390	1154
367	1186
310	1261
368	1207
353	1021
417	1208
375	1032
340	994
384	1129
372	1288
362	1203
343	1139
367	1212
376	1181
353	1128
352	1118
325	1159
341	1139
340	1280
346	1376
305	1341
328	1210
304	1251
358	1232
320	1344
338	1221
359	1126
323	1281
331	1139
359	1066
402	1123
367	1157
341	1198
359	1291
300	1260
348	1160
380	1231
360	1362
411	1487
392	1410
313	1235
329	1484
392	1353
372	1335
363	1096
391	1197
349	1352
359	1227
364	1329
374	1368
343	1248
356	1199
376	1362
391	1592
388	1558
403	1638
373	1669
362	1562
374	1481
353	1489
333	1341
362	1297
389	1349
314	1461
338	1376
351	1226
344	1339
394	1348
355	1550
382	1425
370	1588
325	1502
335	1472
367	1249
332	1214
406	1292
390	1463
350	1407
344	1713
431	1524
375	1614
369	1524
347	1236
364	1261
434	1233
374	989
363	1308
409	1249
363	1201
336	1263
341	1295
400	1183
345	1292
372	1250
360	1280
394	1271
400	1388
365	1346
433	1292
497	1318
408	1215
400	1347
454	1241
473	1344
423	1383
371	1401
381	1180
394	1160
377	1222
383	1261
436	1151
425	1110
411	1256
423	1298
434	1442
362	1466
345	1299
343	1173
344	1133
304	1243
344	1222
407	1407
319	1555
363	1464
328	1344
328	1329
321	1284
347	1036
386	1164
349	1087
394	1144
378	1316
394	1424
377	1279
386	1297
391	1206
341	1200
390	1256
355	1174
384	1198
400	1208
394	1079
350	1164
339	1272
326	1148
345	1073
326	1145
418	1065
353	1046
368	1010
362	1218
385	1335
313	1304
346	1219
341	1177
330	1054
349	1198
374	1248
398	1310
343	1525
331	1330
402	1571
309	1286
313	1005
394	926
333	997
365	897
409	963
392	1122
360	1216
325	1083
394	1107
405	1149
393	945
383	1046
411	1163
366	1149
372	1071
370	1093
371	1188
346	1322
356	1278
359	1280
357	1259
378	1256
391	1210
354	991
354	1292
376	1344
382	1020
411	1179
383	1130
426	1236
383	1214
403	1226
375	1189
410	1371
361	1102
398	1145
370	1394
360	1468
335	1469
375	1237
358	1368
383	1275
325	1297
340	1209
367	1202
389	1209
394	1274
336	1071
344	1125
339	1383
376	1206
374	1241
380	1292
356	1244
393	1319
402	1114
391	1325
415	1368
426	1210
377	1247
397	1429
351	1644
355	1576
373	1657
343	1332
371	1267
319	1416
363	1371
358	1247
402	1461
383	1446
361	1315
404	1396
394	1500
432	1376
388	1444
370	1591
405	1448
440	1433
420	1327
385	1124
410	1101
395	1160
421	1280
451	1281
405	1371
394	1077
346	1203
415	1309
419	1373
509	1290
514	1519
523	1159
433	1240
537	1082
599	1048
571	1347
580	1196
516	1306
528	1293
493	1347
526	1159
492	1343
505	1312
539	1267
512	1424
511	1379
554	1534
561	1321
580	1421
630	1342
516	1168
559	1224
490	1377
497	1347
487	1339
428	1400
440	1403
484	1185
506	1299
492	1057
514	1225
437	1378
435	1477
480	1342
421	1429
402	1263
365	1391
414	1629
447	1572
411	1363
376	1233
403	1257
413	1060
418	1058
399	1032
373	1122
418	1288
381	1387
391	1273
379	1378
365	1396
388	1194
383	1420
397	1383
440	1289
387	1324
408	1196
414	1300
378	1361
385	1328
342	1233
375	1288
360	1125
413	1326
377	1344
405	1254
412	1335
355	1278
389	1315
364	1245
337	1183
413	1251
374	1334
392	1317
421	1171
420	1396
399	1400
349	1336
391	1296
389	1271
333	1340
358	1103
386	1062
382	1208
391	1344
373	1351
348	1401
313	1342
355	1276
368	1407
321	1097
347	1043
321	899
318	1122
347	1152
336	1129
326	1237
374	1076
409	1337
352	1357
355	1356
375	1345
411	1250
424	1368
388	1402
351	1238
386	1286
359	1202
398	1290
332	1173
321	1072
286	1098
344	1158
326	1233
344	1175
333	1157
401	1092
358	1100
342	1266
344	1262
351	1249
389	1127
383	1095
345	1263
366	1380
361	1533
301	1373
334	1355
337	1286
343	1275
317	1187
368	1146
348	1137
390	1495
379	1115
338	1201
441	1470
396	1235
373	1239
345	1251
360	1215
287	1311
297	1344
304	1237
366	1157
353	1285
335	1192
336	1197
350	1481
393	1242
356	1160
370	1213
363	1267
349	1361
354	1167
430	1228
396	1161
383	1187
380	1097
369	1350
347	1486
396	1085
322	1373
392	1076
376	1273
361	1329
408	1617
417	1469
399	1459
344	1140
385	1141
396	1225
418	1070
364	1124
368	1459
309	1310
367	1320
326	1251
373	1212
367	1224
307	1233
302	1112
354	1217
383	1260
319	1404
333	1329
301	1285
335	1222
347	1067
387	1181
348	1247
317	1252
373	1315
322	1092
313	1266
273	1447
287	1285
318	1164
302	1433
322	1146
289	1271
358	1098
300	1120
326	1242
344	1402
354	1329
285	1276
338	1265
328	1243
340	1204
321	1287
399	1312
368	1081
377	1162
312	1246
390	1109
347	1161
346	1287
349	1318
376	1173
351	1234
385	1147
385	1467
321	1431
339	1274
388	1465
405	1206
370	1507
377	1436
336	1658
369	1380
412	1306
387	1457
377	1562
368	1266
420	1199
436	1640
422	1453
464	1367
422	1241
451	1388
472	1088
438	1269
382	1429
385	1455
403	1281
343	1413
363	1263
328	1412
408	1318
412	1329
418	1088
430	1068
417	1460
397	1509
364	1274
338	1346
330	1260
376	1087
325	1209
322	1225
348	1091
352	1310
415	1092
418	1113
415	1234
337	1388
390	1348
384	1234
383	1298
339	1169
374	1213
351	1239
342	1312
339	1573
339	1230
323	1180
369	1133
347	1240
330	1190
379	1401
359	1431
390	1441
392	1362
359	1131
379	1312
395	1279
373	1333
364	1428
378	1219
426	1139
387	1080
365	1081
373	906
336	1008
339	902
320	980
358	922
368	1012
387	1133
310	1187
372	1275
373	1248
336	1258
394	1119
389	1346
334	1353
368	1420
361	1394
368	1508
408	1473
352	1504
347	1499
365	1414
337	1247
336	1143
344	1121
363	1171
351	1128
336	1186
326	1121
373	1246
417	1471
400	1249
382	1428
354	1237
395	1259
399	1355
425	1326
376	1227
382	1357
381	1429
405	1223
435	999
471	1357
415	1136
498	1033
649	1139
772	1037
937	1194
1021	1129
1040	1001
1238	1221
1761	1371
2140	1393
1597	1525
1852	1271
2844	1269
3676	1194
3990	1307
3610	1301
3815	1104
4298	1154
4756	1279
4940	1294
4859	1360
5230	1272
5207	1414
4729	1388
3903	1300
3556	1153
3873	1148
4167	1043
3194	1298
1916	1309
1503	1284
1759	1244
2157	1171
1847	1321
1018	1280
796	1541
927	1424
1098	1254
966	1363
671	1284
520	1207
657	1498
768	1223
740	1313
639	1301
577	1442
495	1468
532	1287
536	1136
447	1314
440	1357
413	1356
453	1360
449	1099
463	1460
437	1295
448	1178
439	1155
475	1187
438	1061
380	1141
432	1225
365	1217
329	1156
347	1112
366	1085
369	1302
412	1296
389	1247
432	1159
430	1058
402	1126
418	930
438	1124
467	1115
478	1188
445	1228
388	1205
434	1069
404	1138
414	1195
394	1117
389	1147
368	1033
391	1178
370	1245
374	1119
394	1369
354	1310
349	1529
420	1369
400	1387
383	1361
415	1343
399	1328
413	1345
361	1295
372	1276
382	1283
418	1018
391	1159
460	1003
434	1205
410	1265
378	1339
387	1357
424	1354
353	1401
427	1234
401	1313
360	1083
370	963
359	1063
418	1101
403	1042
337	1090
398	1232
369	1147
382	1238
319	1225
418	1055
381	1311
436	1131
411	1162
468	1229
400	1098
366	1285
417	1386
360	1363
409	1364
405	1388
372	1307
386	1185
353	1190
409	1164
407	1113
441	1280
412	1274
412	1483
393	1407
320	1422
414	1513
425	1450
364	1371
406	1240
430	1459
442	1395
450	1228
393	1224
408	1127
379	1082
404	1155
399	1255
405	1355
377	1219
394	1195
378	1247
440	1166
394	1022
388	1125
435	1215
401	1298
364	1249
392	1302
415	1230
358	1162
395	1076
384	1202
424	1115
416	1231
424	1425
404	1204
370	1233
391	1110
403	1169
363	1040
348	1087
379	1085
416	1176
406	1378
348	1393
409	1322
337	1189
363	1196
326	1199
311	1376
346	1169
350	1118
316	1002
347	1054
343	982
373	1137
393	1215
376	1256
328	1264
353	1339
353	1394
368	1464
318	1446
371	1285
432	1164
454	1078
404	1080
376	1133
336	1305
422	1367
386	1083
366	1052
372	1348
424	1348
429	1270
380	1327
445	1487
389	1190
378	1184
409	1136
444	1235
458	1163
452	1227
491	1396
526	1274
497	1336
544	1092
573	1154
517	953
541	926
511	956
599	1008
600	1038
631	1063
631	963
665	923
730	894
796	1164
753	1339
766	1260
740	1288
791	1018
831	1238
835	1144
868	1244
760	1223
719	1241
761	1323
703	1285
631	1175
725	1217
768	1319
687	1277
766	1430
750	1336
718	1511
757	1561
686	1602
652	1444
682	1344
720	1283
697	1384
757	1373
762	1180
704	1234
745	1305
717	1474
693	1242
667	1142
629	1378
609	1319
657	1277
625	1237
666	1234
612	1182
605	1083
534	1180
569	1199
556	1057
585	1274
528	1082
485	1285
562	1208
540	1093
504	1234
509	1243
599	1465
509	1145
563	1114
504	1238
513	1284
517	1375
427	1377
492	1420
451	1523
450	1437
475	1548
506	1538
520	1738
478	1442
482	1331
511	1359
447	1425
436	1147
468	1193
402	1233
473	1306
448	1452
487	1165
462	1202
456	1234
474	1249
562	1348
460	1230
478	1228
521	1067
488	1187
488	1304
472	1218
500	1180
496	1355
472	1488
457	1452
501	1313
415	1181
545	1232
543	1163
559	1239
458	1259
461	1183
496	963
466	1224
423	1128
453	1220
457	1349
473	1164
469	1052
432	1021
426	1041
424	1176
457	1186
435	1249
500	1245
427	1315
538	1416
506	1261
437	1317
412	1237
436	1440
430	1673
441	1375
465	1389
443	1143
401	1294
429	1470
472	1435
438	1440
475	1251
415	1089
416	1016
432	1265
399	1075
418	1066
407	1000
410	1148
400	1013
448	1181
445	996
515	894
415	1060
415	1190
432	1189
420	1192
369	1263
388	1268
428	1146
382	1159
391	1262
379	1095
356	1184
368	1153
399	1129
386	1060
429	1166
423	956
327	998
388	1084
336	1113
385	1186
389	1269
373	1188
360	1033
387	1219
436	1092
455	1132
434	1115
396	1103
429	998
380	986
426	1206
339	1117
418	1043
376	1157
364	1168
390	1085
340	1167
345	1198
383	1379
346	1138
397	1239
394	1122
338	1066
398	1051
372	1267
407	1183
377	1070
396	1179
367	1126
391	1083
368	1126
392	1158
342	1117
358	1186
357	1036
333	1092
357	1158
397	1157
366	1165
352	1190
378	1063
418	1130
415	1235
409	1014
391	972
427	1122
487	1041
461	1088
445	1065
430	1130
462	1122
496	1104
530	975
455	1082
495	1160
513	1253
487	1166
519	1098
561	1142
463	1298
478	1073
498	1251
522	1143
560	1278
546	1242
523	1234
495	1337
511	1284
555	1217
503	1357
561	1443
517	1262
520	1430
531	1470
559	1362
534	1323
527	1494
513	1304
531	1458
593	1562
598	1364
594	1420
676	1430
659	1296
656	1445
669	1355
602	1110
633	1173
629	1039
624	1085
692	1099
584	1171
638	1363
663	1078
635	1154
586	1275
566	1299
591	1165
544	1075
658	1081
693	1120
758	1214
878	1187
825	1186
922	1279
828	1281
804	1134
831	1128
832	1239
718	1169
780	997
711	1132
657	1158
633	1172
724	1318
658	1326
667	1161
684	1101
722	1206
747	1326
908	1251
1032	1208
978	1004
1025	1243
1134	1018
1119	1058
1136	1069
1105	1177
945	1111
936	1301
865	1422
774	1275
867	1215
811	1074
771	1062
881	1009
950	927
854	1130
911	1189
877	1144
961	1237
1052	1418
1095	1041
1225	1002
1098	978
1184	1004
1224	1094
1197	1006
1146	991
1011	1146
897	998
863	942
824	954
802	1271
828	1185
829	1585
762	1348
797	1080
761	1212
787	1317
821	1246
893	1070
910	1115
968	1205
1056	1151
1040	1405
1071	1360
1039	1106
952	1338
872	1314
837	1381
836	1439
785	1221
756	1387
722	1400
674	1169
646	1248
598	1242
656	1143
622	1155
645	1166
660	1178
681	1317
707	1223
717	1042
740	1060
772	1087
695	1059
716	1227
633	1032
616	1131
625	1092
612	1042
578	1127
555	1136
560	1105
554	1044
601	946
570	904
538	1094
543	967
572	875
562	1009
590	1136
591	1119
579	1122
542	1147
573	1021
446	1019
431	1110
509	1040
458	1030
473	1187
475	1232
443	1134
458	1374
416	1401
400	1424
486	1204
458	1222
436	1199
418	1145
447	1095
443	1260
431	1325
404	1303
469	1150
516	1211
461	1227
447	1117
412	1073
402	1140
441	1016
350	1158
400	1035
398	1157
368	1216
395	1133
383	1177
339	1283
363	1279
457	1476
403	1251
414	1262
413	1267
373	1174
413	1242
418	1298
375	1112
430	1138
390	1245
388	1212
433	1197
400	1286
352	1207
365	1408
413	1229
384	1105
369	1209
412	1354
417	1094
373	1169
420	1169
431	1390
427	1129
350	1140
338	1127
327	1400
362	1472
348	1322
357	1567
359	1414
374	1199
416	996
415	1291
327	1282
371	1373
384	1166
351	1235
364	1035
409	1223
377	1313
373	1157
419	1160
376	1345
387	1308
417	1368
352	1470
367	1423
398	1472
405	1280
386	1203
403	1273
435	1382
371	1369
343	1283
418	1364
371	1237
359	1428
291	1205
356	1208
329	1277
364	1354
335	1310
368	1268
383	1380
277	1271
332	1293
347	1264
328	1089
371	1112
318	1232
391	1241
346	1359
396	1653
391	1259
374	1178
317	1168
373	1111
363	1279
349	1184
384	1210
352	1256
399	1291
406	1399
380	1252
364	1182
392	1220
429	1345
424	1500
394	1389
386	1199
332	999
314	1092
394	933
360	1040
358	1209
442	1286
386	1135
359	1037
381	1067
376	1126
442	1178
399	1413
430	1250
462	1222
407	1133
388	1161
379	1114
407	1179
420	913
419	1025
395	981
436	1048
449	1026
429	1022
391	1027
346	1019
345	1028
349	981
345	925
374	1101
424	998
382	1151
391	1024
350	1362
448	1644
433	1478
434	1215
366	1322
335	1350
343	1299
314	1158
352	1310
344	1362
355	1302
338	1369
379	1204
326	1017
332	1224
341	1145
365	1098
326	1123
378	1128
319	1240
361	1015
332	1200
349	1179
338	1134
349	1094
353	1092
397	1236
360	1095
350	1060
321	1495
369	1311
344	1150
363	1236
361	1341
381	1142
343	975
396	1085
433	1151
406	1120
391	1286
377	1405
409	1299
397	1098
384	1044
384	1144
431	1139
401	1167
345	1085
323	1209
378	1133
401	1158
393	1135
464	851
393	1183
449	1012
433	1130
468	1037
525	973
447	983
410	1029
460	978
411	1205
458	1220
400	1177
445	1091
407	1272
409	1310
445	1116
425	1134
397	1164
378	1158
363	1293
424	1098
421	925
390	1156
369	1267
446	1451
409	1475
345	1268
385	1120
357	1334
343	1226
347	1117
395	1127
343	1184
345	999
333	1267
348	1353
356	1390
340	1322
336	1386
352	1365
326	1261
346	1441
332	1396
321	1400
345	1292
340	1313
344	1443
377	1583
375	1365
376	1052
329	1172
395	1285
366	1149
338	1134
350	1158
339	1231
318	1347
363	1418
400	1451
356	1316
385	1204
341	1190
374	1249
387	1186
362	1433
368	1376
354	1345
372	1195
374	1251
391	1273
397	1435
360	1126
380	1359
342	1564
373	1318
375	1528
347	1236
349	1301
392	1209
410	1120
306	1226
369	1442
356	1339
354	1463
390	1153
398	1128
367	1289
368	1278
341	1113
390	1169
366	1376
401	1343
397	1286
369	1299
372	1347
365	1308
384	1310
388	1191
390	1425
354	1232
333	1002
381	1250
375	1330
376	1486
353	1140
371	993
383	1137
308	1085
339	984
348	1149
355	1024
336	1060
393	1202
328	1082
385	1124
355	1091
386	1199
343	1152
421	1055
376	1130
394	1130
350	1165
384	1231
377	1187
406	1228
362	1189
402	986
346	1243
384	1163
325	1217
374	1094
340	1098
343	1036
368	1148
380	1087
344	1415
349	1311
325	1237
327	1097
345	1129
375	1158
332	1127
349	1212
347	1103
345	1055
332	1103
355	953
341	1034
326	1138
320	1280
320	1224
304	1138
349	1100
303	1336
304	1374
369	1372
357	1404
410	1372
364	1234
343	1262
311	1321
387	1299
350	1111
341	1202
413	1258
375	1199
430	1299
374	1381
351	1178
371	1418
383	1345
405	1265
350	1155
328	1206
368	1137
406	1142
395	1197
341	1129
394	1115
343	1208
357	1386
329	1291
324	1204
395	1104
364	993
341	1140
323	1264
394	1201
362	1126
387	1266
413	1316
359	1340
365	926
374	1009
378	985
388	1084
401	1092
367	940
360	928
408	1130
387	1258
356	1233
385	1329
340	1513
375	1322
382	1375
397	1262
386	1070
367	1155
363	1341
398	1307
407	1194
380	1175
381	1360
376	1329
404	1281
449	1139
379	1252
348	1292
420	1288
445	1217
423	1173
511	1081
460	1254
496	1233
502	932
520	1143
536	1033
490	1053
490	1341
532	1097
523	1161
547	1315
494	1185
514	1149
513	1281
562	1370
518	1453
495	1273
470	1246
476	1120
589	1164
611	1286
553	1224
593	1156
536	1025
558	1151
605	1120
517	1081
526	1069
576	1276
601	1386
660	1163
709	1092
672	1235
595	1067
719	1137
756	1233
703	1170
668	1065
660	972
754	1012
675	1148
721	1149
770	1268
796	1013
679	1069
714	1195
776	1323
713	1294
699	1344
695	1162
686	1160
685	1067
707	1125
630	1418
655	1337
629	1240
652	1515
621	1434
613	1341
609	1307
591	1076
551	1433
546	1394
581	1238
583	1373
571	1712
578	1471
544	1355
527	1274
504	1246
490	1363
466	1087
458	1089
469	1130
451	1208
473	1366
515	1289
473	1196
466	1248
456	1209
537	1183
479	1133
513	1211
511	1139
530	1324
512	1417
472	1329
466	1253
394	1420
462	1253
407	1142
428	1294
428	1315
461	1170
401	1049
409	1243
469	1374
437	1432
458	1393
434	1427
423	1448
401	1599
428	1158
465	1227
424	1193
456	1340
381	1298
399	1265
433	1327
376	1253
423	1233
460	1333
418	1044
456	1137
447	1131
450	1282
444	1062
466	1133
436	1087
445	840
406	941
391	1217
381	1192
378	1153
382	1289
433	1164
414	1207
461	1242
475	1405
427	1379
434	1212
440	1333
510	1376
442	1156
402	1084
381	1132
407	1347
395	1267
396	1063
412	1209
401	1036
476	969
431	1162
486	1203
432	1222
370	1132
395	1123
430	1180
450	1312
415	1375
443	1563
469	1261
402	1046
393	1283
331	1387
374	1500
386	1369
411	1296
396	1411
389	1431
366	1496
386	1485
401	1436
412	1308
413	1064
415	1366
425	1309
394	1340
409	1342
404	1219
365	1142
391	1235
429	1233
438	1247
476	1310
450	1143
414	1202
504	1113
464	1044
481	1388
413	1170
472	1121
380	1125
413	1229
400	1247
411	1335
403	1221
431	1404
380	1352
428	1253
388	1214
394	1209
437	1153
395	1351
427	1213
477	1493
454	1331
397	1335
411	1374
442	1246
440	1394
420	1163
354	1242
319	1093
379	1224
423	1197
379	1093
390	1318
388	1395
398	1290
416	1327
382	1289
402	1272
381	1089
355	1191
393	1240
373	1405
385	1420
356	1255
454	1334
477	1257
444	1114
434	1162
371	1118
379	1031
456	1232
431	1285
409	1155
423	1335
374	1383
380	1208
333	1286
375	1272
337	1062
409	1200
346	1174
375	1185
393	1147
413	1143
373	1185
352	1113
402	1076
398	1137
383	1270
421	1193
429	1213
386	1177
378	1110
414	962
388	1067
364	1078
398	1235
383	1131
451	1215
459	1208
431	1238
478	1187
434	1279
472	1384
452	1323
457	1473
377	1419
467	1593
416	1326
402	1242
409	1225
363	1272
391	1216
372	1152
409	1046
368	983
381	1127
395	1230
370	1274
331	1159
325	1138
358	1179
382	1088
346	1165
351	1081
376	1274
349	1222
367	1117
371	1148
357	1105
361	969
316	972
349	1117
399	1235
439	1303
436	1042
373	1120
370	1093
409	1234
440	1263
343	1418
370	1245
375	1554
373	1552
373	1385
379	1334
374	1233
374	1318
396	1270
381	1223
377	1241
376	1330
406	1523
412	1739
417	1360
385	1409
398	1634
375	1523
357	1357
393	1272
362	1211
402	1150
336	1261
314	1439
377	1145
410	1435
307	1465
389	1534
351	1245
347	1241
369	1163
342	1179
351	1252
358	1170
344	1187
381	1465
393	1291
375	1152
381	1256
361	1363
382	1268
388	1359
392	1304
347	1173
339	1220
330	992
426	1175
367	1087
401	1280
379	1160
321	1242
356	1081
343	1069
401	1138
389	961
394	1110
321	1193
325	1125
318	1478
389	1476
385	1403
362	1277
304	1038
305	1171
339	1096
365	992
323	1134
325	1184
342	1105
400	1101
363	1051
360	1058
331	1064
338	1232
389	1245
340	1152
382	1031
340	1158
389	1302
344	1091
340	1299
357	1208
367	1154
329	857
371	1004
376	1103
322	1089
344	1218
366	1117
343	1039
332	1168
343	1049
388	1171
340	1281
345	1294
309	1214
374	1267
369	1131
376	1180
341	1098
341	1001
385	1093
366	1305
371	1011
393	1134
352	1098
403	1081
393	1137
392	1210
346	1016
369	1120
370	1080
292	1180
379	1367
325	1206
470	1384
415	1207
466	1183
439	1230
362	1296
333	1127
370	1352
348	1373
401	1380
380	1334
346	1530
384	1644
403	1389
372	1333
434	1512
408	1428
412	1448
363	1389
459	1488
469	1368
412	1241
417	1322
365	1275
392	1089
374	1197
419	1218
515	1420
483	1294
494	1398
483	1376
477	1074
408	1054
442	1174
441	1203
522	1147
454	1220
469	1152
444	1096
427	1163
454	1025
428	1045
430	959
435	1058
413	1111
435	1071
508	1067
549	1046
447	1168
475	1191
447	1050
490	992
483	1124
450	1137
410	1083
425	1042
427	913
464	896
442	1104
483	1022
473	1312
511	1271
486	1260
436	1234
415	1125
462	1240
451	1185
460	1202
453	1040
434	1198
485	1181
470	1128
398	1114
403	1088
428	1462
416	1198
432	1242
443	1219
442	1272
406	1167
502	1063
412	1067
423	1115
432	1272
389	1154
454	1313
619	1138
667	1237
656	1172
560	1148
765	1274
844	1339
697	1481
619	1296
701	1223
774	1227
852	1116
877	897
864	1251
815	1196
904	923
893	963
901	981
1061	1086
1084	1176
1113	1347
1101	1251
1041	1203
1187	1101
1048	1215
1105	1260
1075	1300
951	1341
980	1182
755	1321
722	1362
629	1311
569	1199
574	1290
648	1562
653	1465
608	1396
579	1199
467	1236
497	1174
531	1056
451	1108
408	1164
388	1379
376	1256
462	1205
414	1262
397	1082
386	1220
372	1245
350	1229
378	1089
340	1217
356	1476
352	1333
347	1254
317	1258
343	987
363	1089
346	1216
319	1146
316	977
311	1060
310	1185
363	1089
367	1050
390	1182
391	1083
364	1009
354	933
364	1025
313	931
345	1070
339	1049
328	1285
316	1260
322	1379
329	1131
305	1247
337	1198
323	1249
333	1323
317	1156
340	1241
358	1303
347	1404
358	1390
379	1105
416	1266
351	1326
328	1462
360	1264
360	1103
391	1271
344	1193
343	1326
354	1251
315	1483
324	1214
381	1220
368	1162
396	1018
357	1058
400	1024
348	1042
381	1094
379	1132
442	1147
411	1196
338	1046
358	1096
357	1218
383	1161
357	1274
383	1078
391	1218
396	1178
379	1058
414	1022
361	1037
363	1101
450	1222
424	1108
424	933
445	1139
415	1308
357	1128
359	998
371	1130
458	1105
422	1094
423	1057
352	1019
447	1278
487	1167
508	1120
406	1021
430	1131
416	1185
465	1359
402	1205
454	1311
459	1263
391	1338
409	1197
349	1240
365	1322
385	1244
318	1155
362	1190
345	1036
387	1037
343	1182
380	1137
371	1292
320	1301
333	1346
375	1456
369	1339
314	1323
352	1139
378	1197
412	1295
359	1462
412	1483
328	1215
385	1236
371	1319
398	1419
358	1346
359	1194
353	1195
409	1256
376	1664
379	1450
391	1288
398	1241
409	1249
376	1321
336	1213
420	1172
365	1417
322	1136
349	1253
381	1125
353	1222
376	1315
368	1264
398	1151
361	1129
375	1171
395	1149
351	1320
407	1258
354	1190
323	1113
381	1385
349	1106
374	1133
401	1077
404	1092
349	1054
380	977
391	904
368	1056
340	1117
394	1022
398	1169
398	1185
400	1092
335	859
337	1085
311	1076
335	998
354	1095
365	1221
357	1089
346	1169
347	1051
362	1078
380	1065
344	1115
392	1160
343	1191
371	1070
340	1225
339	1153
365	967
341	1005
404	1041
351	1154
305	920
333	1170
297	1114
328	1223
329	1218
360	1045
363	1303
418	1074
359	1085
411	1124
347	912
400	1049
373	1137
452	1231
412	1310
385	1250
383	1137
382	1028
320	1343
315	1364
390	1410
364	1369
383	1126
363	1119
351	1369
387	1293
380	1266
385	1381
412	1708
389	1427
334	1607
401	1437
341	1494
349	1242
380	1310
340	1271
363	1400
322	1306
354	1477
353	1531
374	1593
371	1483
311	1464
399	1390
325	1448
309	1375
337	1442
326	1363
338	1295
409	1190
338	1314
355	1255
359	933
354	1086
410	1164
380	1164
371	1356
378	1206
364	1111
330	1167
341	1153
368	1098
344	1169
361	1256
369	1292
363	1096
422	1000
443	1310
384	1269
396	1187
402	1493
370	1384
390	1585
355	1260
422	1114
363	1172
352	1134
420	1295
351	1352
328	1391
362	1259
406	1219
362	1121
392	1171
380	1078
371	1202
385	1295
401	1301
366	1170
367	937
365	1116
352	1165
372	1139
346	1134
364	1093
399	1395
357	1231
304	1261
348	1189
365	1447
331	1299
433	1310
424	1290
329	1288
383	1273
411	1172
361	1307
394	1639
389	1445
336	1419
377	1321
346	1372
319	1218
360	1365
381	1266
371	1284
388	1167
373	1285
368	1179
384	1310
344	1125
399	1261
376	1173
416	1238
406	1336
377	1426
384	1326
398	1410
375	1358
468	1292
386	1321
397	1485
388	1079
386	1138
394	1543
376	1267
378	1203
371	1084
390	1226
384	1100
394	1277
375	1254
400	1441
437	1380
400	1447
382	1317
386	1612
435	1417
406	1599
451	1400
448	1244
395	1498
416	1619
480	1620
395	1589
470	1596
403	1371
416	1239
409	1167
476	1353
426	1340
426	1258
467	1245
438	1268
454	1283
439	1388
500	981
490	1092
519	1048
501	1316
504	1251
486	999
479	936
540	967
469	1054
542	1116
551	985
578	1319
535	1361
506	1066
516	1118
582	1170
544	967
624	1124
620	1072
620	1063
648	1117
658	1190
651	1183
671	1305
589	1216
624	1319
610	1252
591	1367
593	1339
610	1284
516	1246
530	1559
527	1299
541	1053
589	1208
624	1181
577	1285
643	1120
661	1269
712	1230
690	1130
702	1148
617	1251
648	1304
743	1360
688	1290
670	1069
662	1220
610	1068
597	1215
620	1120
545	1220
579	1182
664	1094
691	1241
684	1067
751	1099
758	1419
725	1255
752	1307
806	1224
792	1222
760	1106
798	1184
724	1266
818	1218
698	988
651	1190
593	1229
679	1195
670	1018
661	1130
655	1122
680	1075
775	1150
767	1124
808	1153
806	938
802	1245
1077	1146
1046	1059
1015	1147
911	1176
866	1288
934	1100
908	1093
985	1126
930	1136
834	934
984	1099
1285	1224
1226	1112
1092	1161
998	1067
1350	1100
2251	1084
2747	1183
2536	1314
2782	1251
3960	1120
4939	1124
5273	1037
4773	1125
4494	1131
4950	1163
5199	1109
5361	975
5056	1068
4755	1020
4805	1088
5056	985
4853	1161
5033	1138
5027	1176
4982	1309
4099	1355
3388	1226
3198	1212
3674	1300
3121	1307
2566	1433
2114	1364
1975	1373
2331	1349
2615	1252
2490	1258
2163	1286
1830	1367
2151	1416
2151	1376
1984	1318
1692	1328
1443	1557
1572	1401
1771	1160
1554	1234
1389	1293
1037	1469
1037	1587
1118	1624
1213	1514
955	1488
751	1419
697	1264
805	1465
900	1634
745	1457
650	1417
542	1300
574	1158
617	1292
572	1146
531	1164
491	1222
488	1254
523	1132
503	1297
426	1320
362	1088
394	1171
359	1213
360	1407
413	1205
384	1392
431	1407
494	1278
432	1177
400	1243
439	1249
376	1263
389	1154
414	1388
470	1159
422	1159
402	1196
372	1073
379	1228
431	1339
405	1341
402	1404
374	1262
347	1203
352	1139
362	1159
340	1145
404	933
376	958
345	809
333	981
370	1210
383	1186
439	1323
437	1270
428	1146
442	1245
437	1214
434	989
378	1131
327	1194
356	1078
388	1099
351	1221
332	1243
337	1079
321	1144
395	1097
380	1122
391	1409
415	1204
325	1308
384	1078
366	965
383	915
404	964
374	1042
382	1095
381	965
356	912
359	888
389	856
398	1146
388	826
453	1005
467	897
449	1034
467	1129
451	1183
356	1036
361	1060
357	1111
364	1254
377	1085
360	1007
361	944
360	993
382	991
390	901
346	1131
371	1215
395	1132
471	1275
380	1084
364	1043
383	1331
373	1411
327	1039
395	997
397	1058
416	1147
390	1241
380	1486
389	1043
347	1138
396	1028
377	1147
392	1278
421	1237
413	1217
401	1130
470	1130
436	1184
429	1191
452	1118
383	1248
387	1021
360	1047
429	1010
425	1132
408	1359
383	1350
415	1082
412	1234
405	1200
358	1139
388	1201
402	1224
417	1278
422	1469
370	1380
358	1236
393	1257
382	1222
404	1249
388	1000
433	1032
494	1019
482	1317
387	1125
416	1267
455	1134
448	1083
402	1036
414	1191
442	1370
433	1130
372	1313
433	1305
404	1115
443	1089
431	1121
387	1224
424	1346
430	1071
397	1117
448	1121
456	1228
462	1284
513	1295
416	999
426	1024
475	997
415	1101
473	1092
405	1142
404	1067
430	1057
438	907
388	883
376	1060
433	1156
395	953
432	1023
481	1212
409	1220
363	1123
420	1296
383	1178
393	1026
390	1084
388	1053
456	936
441	1101
397	1201
470	1351
481	1143
398	1243
413	1104
453	1138
408	1141
382	1261
431	1221
384	1093
387	1231
424	1329
386	1211
373	1129
391	1139
414	1115
431	1261
365	1285
366	1274
407	1324
472	1159
377	1149
430	1167
391	1254
389	1326
427	1262
413	969
367	1013
335	1043
409	1023
328	952
356	1083
369	1038
388	1184
332	1197
374	1107
341	1088
389	1147
363	1046
362	1061
340	1314
387	1264
478	1344
431	1134
400	1097
327	1116
349	1279
347	1281
402	1141
411	1022
330	1162
379	1078
378	1183
333	1203
356	1231
352	1330
376	1234
421	1227
370	1331
448	1297
383	1120
340	1162
326	1250
368	1217
340	1155
368	1209
374	1459
329	1095
317	1154
335	1117
385	1077
394	1122
386	1262
384	1286
403	1203
404	1354
347	1306
386	1328
339	1119
390	1188
347	1172
324	1208
336	1145
348	1173
343	1292
348	1175
353	1083
320	1352
318	1400
351	1217
401	1194
325	1083
298	1161
370	1321
359	1127
362	1169
367	1075
345	1066
375	1208
343	1286
319	1311
359	1265
319	1176
356	1260
364	1023
334	1099
295	1066
284	1103
321	1118
383	1378
385	1327
371	1093
359	1064
351	1227
358	1254
334	1111
308	1218
356	1196
304	1168
388	1237
389	1402
321	1163
387	1125
376	1123
348	1226
338	1296
317	1385
411	1432
367	1221
379	1181
386	1270
415	1401
379	1452
411	1337
400	1408
394	1311
401	1266
377	1220
376	1041
349	1113
420	1150
351	1195
310	1168
337	1132
397	1161
386	1169
319	1160
340	1089
358	1231
371	1177
370	1105
391	1170
363	1249
351	1418
357	1375
385	1413
364	1282
357	1172
417	1207
409	1295
424	1317
424	1342
440	1198
417	1156
409	1411
413	1396
390	1428
424	1238
398	1208
410	1023
413	1159
367	1379
332	1308
377	1163
317	1128
337	1242
348	1167
378	1209
375	1188
308	1208
272	1084
324	1045
353	1179
335	959
304	1213
325	1010
317	1011
393	1002
332	1031
267	1112
359	1049
317	1215
320	1191
329	1209
359	1025
388	1048
388	1186
380	1154
370	1155
396	1097
370	1363
348	1139
369	1025
399	1193
377	1082
420	849
408	1001
404	1151
373	1082
337	1080
391	1046
345	1100
390	1067
378	1107
370	1182
363	1222
311	1135
316	1269
318	1246
399	1289
336	1179
382	1227
377	1333
361	1540
349	1537
303	1368
371	1476
401	1336
391	1117
395	1223
362	1050
343	1092
355	1238
356	1259
367	1232
355	1309
378	1180
394	1280
353	1456
407	1124
380	1160
371	1323
340	1300
398	1271
414	1390
385	1395
360	1206
397	1299
389	1340
363	1332
371	1248
367	1276
355	1212
395	1277
369	1342
405	1119
377	1033
364	986
345	1176
369	1203
330	1285
400	1386
430	1501
359	1386
402	1122
376	1307
337	1323
363	1371
361	1181
339	1098
370	1315
383	1267
356	1231
350	1236
365	1127
435	1025
368	993
364	1313
350	1057
397	1402
383	1338
400	1383
375	1218
406	1170
359	1226
385	1243
425	1090
433	1102
442	1100
363	1168
390	1043
384	906
379	919
412	939
381	1149
388	1292
427	1115
406	1119
403	1168
349	1065
386	1078
422	1132
427	1272
424	993
467	1024
382	1187
377	1246
402	1175
356	1329
374	1483
436	1392
394	1228
421	1270
400	1237
408	1163
430	1149
372	1128
396	1205
368	1063
416	1068
412	1136
402	1071
394	927
416	1125
383	1148
426	1158
405	1151
350	1184
385	1121
334	1263
391	1238
391	1292
377	1141
383	1307
364	1308
344	1252
375	1257
321	1112
367	1360
335	1246
363	1083
365	1202
348	1202
341	1124
338	1107
359	1137
398	1317
339	1409
364	1328
391	1201
387	1201
387	1278
306	1119
296	1283
317	1298
352	1354
388	1233
359	867
335	1080
376	1054
346	1092
365	1102
346	1097
344	1326
331	1251
317	1197
376	1039
372	1180
406	1031
341	985
370	916
365	1087
359	1028
361	1060
363	1147
373	1166
377	1010
376	1024
360	1022
317	1015
372	1087
398	1230
381	1336
439	1153
381	1272
392	1125
345	1016
391	969
396	1226
378	1058
351	1082
318	1008
366	1159
341	1164
388	1035
378	960
368	932
399	854
354	962
394	1012
324	968
355	1170
439	1066
389	1203
341	1065
357	1159
321	1115
357	1116
378	998
338	1115
341	1319
329	1362
385	1344
417	1282
389	1373
355	1078
342	972
372	1086
402	1219
354	1080
384	1051
379	1173
379	1272
400	1156
416	1210
419	1080
353	1238
334	1042
338	1277
387	1188
354	1236
350	1072
352	1171
378	1258
370	1345
322	1240
376	1223
445	1185
399	1243
403	1461
378	1190
396	1301
422	1344
397	1231
326	1086
377	1280
400	1031
375	1093
370	1151
375	1122
344	893
341	1013
374	1135
433	1182
347	993
340	1210
373	1208
337	1006
351	1226
386	1243
361	1236
369	1311
424	1260
370	1424
423	1107
392	1204
376	1104
387	1190
401	1279
409	1168
398	1168
411	1055
430	1193
377	1018
392	1121
368	1062
414	1062
396	1050
367	1020
372	976
415	939
388	1298
382	1132
409	988
397	1046
400	1151
356	981
449	969
416	1025
379	1267
373	1124
352	1244
400	1145
427	1207
418	1125
369	1139
399	1433
417	1267
364	1119
434	1141
382	1041
409	1126
407	1059
441	1161
421	1068
391	1137
412	1207
398	1188
369	1120
428	1212
404	1288
443	1169
363	1353
458	1339
403	1156
348	1144
357	1114
359	1030
410	1211
367	1313
387	1281
382	1157
403	1094
318	1059
371	1006
378	1104
368	1203
413	1121
394	1029
410	1116
415	1221
453	1321
397	1166
416	1093
407	939
390	1336
371	1399
356	1177
369	1252
409	1267
356	1134
443	1269
389	1201
412	1369
379	1072
397	958
388	1306
406	1175
445	1353
359	1169
341	1219
428	1211
355	1190
346	1103
391	1043
369	933
411	1083
439	1171
429	1190
377	1077
378	1161
371	889
304	1050
407	983
356	922
326	1014
353	1040
329	1165
412	1362
339	1231
384	1250
328	1248
400	1395
394	1299
428	1092
362	1295
316	1134
406	1159
432	1067
429	1141
392	1242
421	910
438	987
411	1076
388	1121
407	945
381	992
377	1154
403	992
392	891
416	1029
379	1191
370	1128
393	1126
381	1209
363	1292
379	1211
400	1288
383	1248
370	1088
335	1092
385	1181
382	1181
348	1090
364	1032
376	1058
369	1136
424	1187
400	1168
359	1299
396	1361
378	1237
376	1221
339	1038
377	1225
375	1124
366	1016
390	945
368	1078
398	1209
365	1207
401	1241
417	1241
417	1205
366	1112
376	971
435	1145
384	1161
393	1094
462	942
416	952
346	1003
437	1011
393	983
403	992
376	891
414	1083
371	1135
344	1069
339	1099
314	1203
331	1075
338	1115
437	1092
358	1154
397	1077
331	1097
396	1268
322	1080
391	1130
395	1185
419	1070
390	1120
357	1069
385	1315
393	1189
358	1089
318	1084
390	998
421	1160
393	1068
333	1065
374	1219
370	1034
392	875
369	817
358	782
385	854
396	959
405	1060
354	979
427	840
386	938
417	1139
458	977
348	913
364	975
367	937
392	961
375	976
374	847
332	906
330	1125
311	987
326	1170
369	1245
369	1205
357	1158
397	1175
357	1098
370	1153
463	1142
349	1083
407	1192
488	1395
454	1189
411	1222
414	1145
452	1075
359	1088
359	1254
416	1154
387	1082
370	924
385	1138
385	1092
379	1132
340	1237
394	1209
422	1108
393	1204
400	1143
350	1211
400	1249
364	1278
447	1331
355	1341
380	1263
348	1106
347	1166
366	1196
387	1060
352	1151
407	1203
390	1127
433	1230
402	1078
385	974
340	1082
359	1199
436	1093
443	934
409	1058
399	1142
439	1006
328	971
386	1106
408	972
352	1173
393	1297
362	1264
329	1146
319	1041
371	1219
355	990
387	1155
358	1055
362	1090
392	1059
379	1192
376	1069
372	1133
419	1350
370	1026
369	982
413	1079
376	1142
324	1191
342	879
360	965
399	889
358	1016
353	959
356	953
360	935
338	1178
369	1339
363	1314
322	1254
368	1326
298	1353
318	1192
324	1210
351	1107
362	1219
370	1216
334	1147
375	1192
374	1141
387	1159
376	1138
350	1068
303	1000
323	1240
302	1206
349	1210
372	1029
300	1105
319	1203
377	1062
364	1027
351	1057
340	1159
278	1001
319	1060
368	1192
331	1112
363	1226
357	1218
414	1188
381	1242
341	1290
341	1365
330	1164
348	1111
330	1123
364	1165
356	1181
405	1175
321	1170
385	1202
415	1143
319	1321
350	1240
362	1221
366	1284
376	1244
370	1347
329	1370
295	1308
334	1138
285	1120
336	1232
327	1135
307	1081
299	1183
305	1208
313	990
303	933
299	996
316	1218
288	1180
301	1034
340	994
307	1136
286	903
319	912
328	809
314	855
319	947
337	1047
337	1154
350	918
378	871
358	938
368	989
329	964
355	1077
343	956
324	951
385	1177
416	1181
302	1147
310	1003
300	1152
341	1250
343	1124
370	1063
332	1166
338	1158
346	1193
346	1022
317	941
361	1100
385	1231
375	1263
383	1425
394	1430
370	1281
331	1287
376	1376
355	1654
385	1744
367	1620
399	1566
410	1421
366	1299
365	1348
386	1299
374	1435
330	1565
364	1382
393	1376
337	1315
373	1118
511	1164
577	1128
506	1170
579	1284
507	1316
478	1441
520	1489
431	1659
400	1539
485	1674
477	1387
484	1290
399	1289
370	1251
357	1412
415	1299
355	1255
363	1044
363	1310
361	1346
332	1310
392	1149
337	1179
370	1116
351	1187
356	1256
356	1406
308	1146
313	1057
320	1162
345	1178
334	1257
371	1125
352	1170
361	1190
362	1181
319	1225
377	1340
366	1211
378	1484
344	1293
371	1193
392	1248
379	1237
406	1346
432	1250
414	1246
401	1114
392	1287
351	1209
405	1067
355	1053
354	1321
362	1239
305	1254
358	1374
271	1272
340	1226
394	1329
363	1386
372	1280
349	1072
413	1090
396	1198
357	1224
362	1208
349	1144
346	1183
356	1256
337	1291
332	985
352	1158
402	1163
418	1249
340	1204
369	1112
378	1212
432	1333
355	1144
345	1158
352	1210
357	1140
375	1173
379	1203
362	1310
378	1251
379	1257
320	1200
346	1162
321	1229
309	1399
372	1407
345	1291
271	1167
338	1304
298	1230
332	1496
340	1416
374	1281
261	1245
277	1242
310	1259
362	1285
337	1243
344	1266
278	1256
324	1241
350	1174
354	1306
355	1289
375	1157
361	1082
350	1281
309	1322
356	1328
409	1075
379	1192
383	1139
388	1132
367	995
412	1029
393	998
394	1113
353	1304
324	1143
323	1219
331	1128
326	1073
363	1081
377	1182
345	922
406	1145
334	1063
343	1055
335	1085
317	1207
330	1277
361	1096
367	1159
336	1034
350	1119
341	1227
345	1183
310	1175
311	1290
345	1268
361	1196
385	1150
381	1207
355	1406
398	1300
438	1256
385	1428
437	1339
418	1341
442	1170
460	1175
394	1132
418	1073
358	1017
374	1060
371	979
397	1224
389	1326
440	1278
396	1226
397	1159
416	1139
437	1313
465	1418
517	1268
497	1018
468	1189
451	1179
544	1281
505	1372
456	1307
484	1268
436	1468
423	1405
423	1536
432	1403
432	1254
417	1141
404	1052
405	971
435	1094
451	1075
427	1081
392	1008
420	1200
449	1088
433	1120
406	1135
377	1276
387	1237
374	1530
390	1399
379	1081
359	1224
354	1145
337	1210
402	1205
410	1289
371	1315
379	1357
433	1274
391	1304
348	1348
317	1177
363	1136
271	1250
349	1141
336	1234
327	1031
299	974
368	971
394	1071
342	1049
378	992
382	1140
374	1019
381	948
357	962
364	1023
388	1024
455	1048
421	1250
424	1075
388	1385
404	1313
446	1320
406	1256
405	1223
467	1243
508	1219
473	1202
456	1465
511	1315
440	1361
473	1297
428	1235
396	1265
419	1144
428	1389
427	1353
374	1337
357	1322
426	1449
377	1487
398	1282
332	1240
283	1325
365	1239
378	1327
384	1408
373	1407
322	1375
334	1509
323	1326
394	1345
377	1280
372	1137
347	1227
318	1154
374	1025
340	1004
336	979
391	975
353	1001
373	994
381	1027
352	1109
341	1208
357	1181
344	1220
321	1212
353	1310
366	1360
373	1293
328	1333
393	1482
369	1275
359	1201
321	1058
346	914
295	1059
325	866
342	796
358	857
371	1005
319	935
367	1003
356	1033
304	1123
398	1058
414	1029
359	1298
358	1424
393	1486
359	1273
360	992
312	1107
374	1097
354	1063
388	1052
369	1014
383	1148
411	1066
410	1160
437	1252
458	1170
383	1096
414	1027
358	1083
403	987
360	1004
419	1073
462	1330
499	1374
534	1072
601	1150
478	1197
527	1218
492	1406
557	1241
531	1182
576	1242
629	1208
626	1166
786	1394
903	1332
1170	1229
1060	1235
1283	1311
1461	1268
2031	1068
2024	1054
1960	1084
1948	1314
2153	1245
2395	1204
2579	1121
2517	949
2746	1147
2721	1162
3094	1214
3148	1204
2994	1194
3094	1134
3310	1174
3431	1297
3457	1296
3506	1132
3570	1313
3705	1140
3625	1349
3753	1235
3546	1095
3863	1244
3643	1128
3698	1081
3469	1203
3112	1278
3041	1246
3318	1126
3207	1067
2478	1233
2017	1063
2024	1026
2123	965
1900	942
1613	901
1419	981
1491	1034
1338	1259
1267	1339
1041	1356
958	1170
976	1045
1252	1005
1304	1151
1096	1057
1022	1091
1006	1233
1154	1103
1176	1271
1090	1146
1065	1151
1076	1190
976	1288
987	1254
985	1263
823	1055
760	1046
721	1020
716	1095
666	1154
651	1002
629	1226
644	1195
644	1208
656	1096
566	1053
524	1207
521	1183
578	1170
498	1229
483	1409
450	1276
412	1291
461	959
421	1221
455	1023
431	1126
349	1088
471	1189
459	1238
444	1359
420	1108
432	1173
371	1051
415	1056
407	1207
417	1325
427	1199
375	1262
416	1400
401	1216
385	1277
404	1432
408	1297
408	1184
437	1130
412	1093
446	1186
411	1218
407	1422
454	1288
386	1306
434	1205
388	1161
392	1075
330	1116
392	1278
401	1235
409	1203
378	1093
384	1143
360	961
366	1009
408	1084
350	920
455	920
351	1111
378	1040
398	1080
383	1130
470	1185
401	1062
385	1248
391	1227
443	997
464	1027
471	1123
442	1080
448	1089
381	1044
385	1006
391	982
377	910
408	1113
384	1021
372	874
375	1041
367	1045
332	1077
397	1041
441	973
381	1120
417	1157
440	1042
506	1219
464	1078
498	1030
460	993
498	1067
534	1163
577	1145
564	1007
523	1037
584	963
590	1084
588	1073
634	1136
613	1239
624	1308
620	1059
698	1066
742	1016
645	1185
625	1256
630	981
547	1237
698	1171
654	957
733	1058
919	1038
1088	1009
1102	1083
1101	1092
1073	1248
1303	995
1321	1087
1098	1160
1133	1065
968	1066
923	1023
890	1104
871	1070
695	1182
690	1357
554	1096
572	1235
578	1087
603	1002
590	997
637	955
654	999
602	1223
495	1167
429	1200
441	1157
396	1323
396	1365
417	1375
434	1166
410	1057
380	1160
353	1078
380	1095
395	1241
396	1187
454	1111
382	1081
372	1029
381	1096
391	1027
409	1248
416	1110
387	1389
376	1328
402	1226
371	1274
378	1289
395	1330
386	1110
431	1160
388	1141
397	1156
374	1170
378	1038
352	959
386	1017
385	1040
351	1048
347	1163
370	1222
387	1271
342	1130
315	1043
377	1030
335	1183
361	1094
367	913
379	1022
364	1036
416	974
438	997
377	878
408	881
366	1036
377	1016
364	1061
416	1191
439	1076
447	1078
329	954
337	1193
425	996
403	995
381	1008
341	1006
412	922
392	1081
372	1175
386	977
439	1155
412	967
391	1011
387	1111
443	1332
434	1196
467	1194
439	1118
462	1093
395	1138
416	1268
423	1016
398	1094
376	1189
415	1269
438	1118
405	891
460	999
401	1049
452	1091
464	1076
425	1171
375	1042
460	1165
438	1165
422	1139
476	1033
459	950
420	841
380	932
379	915
413	1102
394	1265
430	1128
387	1088
432	1190
379	1099
404	1200
437	1081
408	1276
436	1165
396	1311
399	1106
393	1290
441	1242
361	1252
375	1038
442	1021
414	1107
402	959
365	910
398	916
376	1047
374	1038
362	1117
400	1014
397	907
352	844
353	845
365	881
340	905
358	887
384	970
367	933
356	981
410	896
388	875
384	975
390	1203
335	931
351	992
342	1167
384	1191
338	1091
280	953
376	1020
389	1000
399	1163
391	1214
323	854
371	860
347	846
344	860
410	966
363	911
390	1070
383	1117
363	1256
365	1043
318	1116
362	1167
390	1035
401	1096
338	1336
331	1328
345	1175
367	1146
393	1194
363	1275
440	1198
368	1133
429	1233
399	1215
360	1209
379	1286
360	1366
361	1318
374	1289
342	1107
319	1367
344	1447
324	1185
354	1179
340	1251
298	1231
321	1118
296	1205
365	1045
357	1036
354	1064
376	946
348	889
357	947
410	929
324	996
327	855
302	883
319	931
350	1007
364	908
330	1004
311	954
326	922
276	1130
337	953
335	1093
335	1101
362	1003
313	898
378	876
387	1018
294	1107
347	1068
412	956
359	853
424	1062
404	1105
386	1128
394	1201
361	1227
389	1201
386	1151
415	1011
386	979
356	1019
364	1118
361	1063
368	1068
353	1190
311	1233
355	1116
386	1011
324	932
344	1001
335	1108
386	1013
381	1096
381	1088
370	1060
380	1074
413	1168
351	958
372	999
405	1075
381	1154
357	1063
352	1188
389	1137
431	1240
396	1126
416	1182
439	1114
439	1139
386	1219
393	1157
433	1267
388	1022
363	1409
416	1305
414	1275
390	1137
369	1149
405	1251
409	1096
373	1316
392	1122
500	1224
409	1106
424	1242
383	1104
388	1494
372	1145
422	1308
404	1203
497	1096
419	1105
405	1161
358	943
397	771
409	1014
456	1112
398	1023
446	1076
407	1272
397	1085
446	1087
451	1009
447	1085
432	1081
467	1133
453	1049
516	1134
464	1035
436	1252
542	1296
424	1116
475	1087
405	1104
473	1217
435	1051
470	1183
455	1164
471	1165
509	1209
440	1015
397	1092
449	1041
425	989
469	1001
442	998
500	1020
463	915
482	1030
489	1061
458	970
489	1084
475	1183
432	1066
454	1071
478	1144
528	1087
478	902
532	900
571	1066
511	1234
493	1203
535	1068
516	1202
508	1210
522	1175
524	1115
533	1012
516	1030
500	1077
511	1079
544	991
581	949
550	1216
592	1093
582	1052
585	921
651	881
633	927
676	965
759	1004
682	1018
641	865
688	1023
622	936
597	1084
594	1218
589	1337
562	1194
595	1072
579	1126
640	1133
578	1108
649	1102
631	1109
569	1180
644	1354
588	1212
577	1281
498	1285
510	1474
580	1242
542	1286
551	1370
490	1278
459	1396
531	1268
498	1305
502	1184
481	1218
475	1327
458	1245
452	1263
520	1266
472	1169
419	1063
481	1146
450	1410
490	1360
415	1084
444	1108
453	1057
464	1074
463	1097
474	1059
406	1097
428	1194
448	1284
463	1092
462	999
385	1268
466	1217
447	1122
467	1285
441	1145
525	1161
413	1075
422	1258
416	1264
451	1187
400	1128
458	1103
485	1009
480	1099
431	1149
507	882
509	960
477	929
470	917
447	885
430	839
491	947
440	960
496	1048
457	969
499	1175
538	1030
500	956
526	977
531	1292
507	1240
591	1142
631	1029
556	990
548	953
543	941
593	1051
552	989
585	887
625	1118
501	1137
511	1046
503	1203
461	1054
457	943
450	936
450	1030
424	1196
417	1099
434	1237
410	1455
394	1342
432	1280
405	1347
404	1471
413	1254
391	1428
388	1479
413	1450
407	1382
433	1296
433	1370
402	1227
409	1314
416	1209
423	1283
452	1361
383	991
405	1160
435	1259
452	1253
373	1140
430	1029
405	1288
408	1109
409	1198
402	1242
374	1259
354	1105
348	1183
384	1252
368	1126
371	1203
356	1126
392	1104
374	1045
380	1106
382	1213
380	1188
383	1059
384	1062
353	964
375	993
355	901
391	1059
392	899
412	979
439	965
393	1079
430	1208
434	1198
419	1367
434	1324
414	1200
442	1286
384	1275
377	1097
370	1257
438	1318
391	1199
381	1101
429	1030
434	1201
394	1141
362	1176
385	1021
373	1080
412	1164
388	1133
389	1246
407	1148
387	958
409	1090
359	1019
402	1034
400	1040
368	1014
361	1173
316	1172
335	1200
285	886
313	902
363	1028
326	1153
394	1112
342	1168
315	1166
341	1122
411	1018
355	889
419	998
352	989
284	1067
366	1095
379	933
342	1002
344	915
326	968
355	984
350	900
380	1077
385	1196
360	1078
343	1106
376	1137
379	1052
394	1128
380	1037
367	980
375	852
388	989
333	953
407	950
374	1154
406	1110
311	1036
378	926
343	976
386	1147
388	1085
402	1046
398	959
401	1078
432	970
429	989
459	973
421	1097
383	1207
390	1071
441	1101
353	990
366	926
408	1002
396	1084
397	1128
410	1057
364	976
383	1088
371	1169
372	1138
318	1199
277	1028
319	886
340	970
360	1258
333	1218
308	1268
363	988
378	971
380	986
406	1124
365	1017
366	1007
382	1065
350	888
422	959
391	1022
397	1167
364	1135
426	1176
451	1219
387	1122
373	1007
356	1053
366	1076
325	1000
381	1080
430	1194
387	1212
328	1269
394	1317
403	1195
361	1210
391	1324
334	1123
359	1163
325	925
277	1279
303	1324
344	1298
349	1212
329	1247
344	1317
344	1307
325	1127
361	1118
362	1153
316	1200
316	1200
322	1093
340	1060
335	1121
415	1378
414	1335
396	1365
463	1088
450	1064
461	1130
422	1084
427	1039
449	1109
365	1060
402	947
411	1033
423	973
392	1008
354	1190
394	1002
385	1108
370	1176
399	1006
389	1087
405	981
392	1085
349	1104
421	1098
380	1206
363	1181
419	1130
368	1215
406	1416
404	1458
388	1340
402	1481
411	1049
407	1067
473	1186
432	1290
351	1233
423	1454
443	1494
374	1148
437	1279
394	1564
443	1437
446	1435
368	1142
389	1125
389	1080
428	1121
393	1106
403	1067
428	1038
400	1208
365	1192
377	1103
433	1103
448	1207
412	993
496	1111
472	920
470	913
490	953
484	1002
505	980
454	910
474	1097
499	1145
535	869
527	1271
460	1223
482	1557
484	1314
510	1581
473	1390
455	1126
535	1053
519	1272
528	1354
555	1109
535	1309
614	1100
637	1179
511	1116
464	1083
481	953
467	1013
489	1080
491	1337
504	1184
434	980
391	845
414	711
458	782
421	997
430	950
421	1031
502	1066
502	1086
470	1092
482	950
514	920
480	908
514	936
462	970
394	857
380	917
385	942
430	901
373	1012
418	1033
445	984
481	1190
367	995
424	1100
399	1016
432	983
411	945
413	1032
430	1166
392	1147
438	1175
419	1147
421	1039
443	936
436	1153
534	1370
491	1367
460	1049
459	1145
461	955
575	1046
560	1022
530	1129
495	1009
544	965
535	1024
623	1105
546	1262
470	984
507	1016
450	978
491	899
564	1027
527	1048
496	1037
537	1128
535	1038
561	1163
498	1244
531	1245
527	1066
492	979
434	1038
390	1034
451	943
405	924
466	940
352	949
389	774
403	788
356	832
383	957
377	1072
369	904
406	1069
386	1120
409	1251
368	1051
403	1152
375	1316
416	1265
371	1112
355	1059
394	1143
468	1134
418	1322
442	1190
413	1013
418	1055
396	1039
392	1018
395	1005
393	1003
389	926
392	1055
472	1188
466	1336
430	1365
411	1320
435	1265
448	1222
395	1182
403	1090
436	1074
384	1120
441	1122
439	1117
372	1096
382	861
377	913
410	990
456	923
508	1062
691	1046
729	1062
710	1164
707	1049
778	897
728	1050
651	1166
643	1138
606	1092
609	963
573	1114
586	968
685	955
613	878
711	1009
620	1015
700	1196
676	982
736	927
746	875
552	800
516	802
429	910
439	849
388	735
403	896
430	883
393	1063
393	946
456	936
443	845
416	891
390	884
374	790
368	952
400	894
345	1058
383	1228
357	1117
344	1048
346	889
379	961
398	1025
395	741
401	906
407	1042
389	1036
345	902
387	836
382	752
302	890
351	944
327	1031
353	849
336	1007
350	1077
326	1071
357	918
356	1174
336	1030
405	1082
375	1170
374	949
464	1105
385	1274
426	1252
426	1075
360	1055
373	1032
369	865
390	897
405	793
362	946
407	1009
422	950
426	908
407	729
342	787
347	799
375	927
356	905
374	923
356	902
367	952
374	1016
391	864
381	1012
379	945
341	1059
374	1215
401	1204
377	1220
366	1154
373	1035
370	1409
389	1475
400	1122
406	1191
391	1202
345	1142
393	1150
346	1050
422	1036
434	1136
440	1052
444	916
472	932
451	1115
461	1035
461	1084
454	1128
390	1054
375	1142
389	1002
399	850
428	965
489	1228
454	1119
408	1186
392	1309
394	1209
428	1078
436	894
425	883
407	946
466	986
473	1102
427	1183
442	1060
476	1005
454	1059
457	1112
419	1363
433	1307
466	1123
403	1182
460	1149
411	1411
427	1283
445	1090
427	1044
412	1190
454	1407
425	1299
346	1009
422	1013
423	1248
379	1388
406	1482
411	1406
401	1406
428	1184
377	1080
351	963
448	1018
408	1125
420	917
441	902
426	1028
441	1049
428	903
430	987
396	1167
379	973
413	1011
446	1300
437	1069
390	1108
406	1135
393	907
391	1041
408	927
399	1012
412	1154
385	973
434	1308
427	1105
391	1197
459	1032
426	1175
438	1113
370	988
372	1035
368	1271
370	1198
375	1184
330	1263
366	1194
393	1182
383	1034
396	1025
445	1183
397	1062
340	1074
388	848
412	940
347	940
416	1162
354	1145
389	1138
405	1065
406	905
355	962
341	955
347	1015
356	1051
361	950
357	895
351	1032
293	994
407	1058
376	1095
357	1041
384	1190
402	1337
372	1104
430	951
439	1079
416	1037
421	994
392	859
415	881
396	834
362	968
346	931
346	983
349	1045
379	962
346	1068
373	1057
399	847
381	1067
395	963
384	1070
451	914
445	1110
440	1182
402	1260
380	1084
443	950
455	1071
431	1131
508	1138
450	1108
427	1113
557	1390
610	1243
537	1256
543	1112
436	1237
520	1010
596	1037
611	837
555	992
533	1072
556	851
666	846
657	961
611	1033
629	980
577	1038
558	1039
571	1109
522	967
541	1200
575	1245
600	1156
538	1105
508	1070
550	1291
460	1313
494	1398
432	1195
458	1143
527	1224
415	1168
350	1064
394	1119
350	1203
390	1121
394	1182
418	1175
412	1071
443	1389
476	1330
471	1404
478	1307
576	1271
511	1014
422	1187
447	1243
455	1055
386	1168
527	958
405	974
422	1008
464	1220
447	1219
407	1190
447	1189
500	1413
432	1162
423	1161
427	1052
463	1136
510	1148
519	1260
500	1270
477	1277
503	1182
503	987
463	832
480	929
558	1052
563	1178
514	1156
466	1024
464	1203
485	994
440	1115
514	971
504	1060
476	1104
545	1039
455	901
391	1026
477	901
533	943
477	931
448	946
427	1172
365	972
399	1143
385	1105
425	1093
392	1267
413	1073
387	1198
359	1097
340	1334
368	1005
350	1259
404	1540
379	1196
385	1160
400	1106
403	1034
387	1197
379	1102
365	1052
403	1012
402	1145
388	1147
398	1181
408	1221
367	1182
343	953
367	1070
395	982
402	1059
401	914
368	1046
465	952
367	984
350	939
332	1037
393	1161
381	1028
353	1270
354	1134
397	1211
422	853
389	853
431	989
416	1106
419	1177
409	1128
395	1152
373	1365
427	1272
393	1221
419	1183
404	1081
419	1028
419	1041
428	936
427	938
465	900
367	744
427	850
398	984
369	1164
423	1131
428	1097
416	928
396	1051
419	1075
400	937
437	1043
439	898
495	958
449	1006
452	1062
433	1072
431	1314
453	1252
400	1232
379	1206
414	1261
369	1023
443	964
440	891
383	809
345	830
398	982
388	872
404	982
382	978
439	857
419	907
447	1058
407	1085
413	1051
360	1116
357	1137
382	1045
404	905
430	965
390	935
414	1052
388	1081
393	1099
405	1039
370	1186
411	980
416	924
380	992
417	1003
412	919
402	1131
403	1192
433	1192
371	1133
383	1074
401	1086
381	1131
438	1220
469	1289
396	1155
424	989
401	971
373	994
403	988
421	1074
416	1193
388	1098
393	989
422	954
442	999
405	1047
412	1191
463	1153
416	1104
446	962
345	1040
407	826
363	877
403	926
470	922
417	1091
455	1205
492	1085
530	923
458	1074
470	1131
448	1145
439	1014
534	1088
470	979
502	1205
556	1208
538	1164
537	1049
569	1217
569	1126
605	1366
490	1183
570	1130
607	1073
540	1113
544	1061
621	983
588	920
564	1084
556	1200
565	1110
515	1090
567	981
584	999
645	916
604	926
668	921
647	825
692	891
693	867
679	1003
696	1041
757	968
706	1050
652	982
699	1040
596	1091
660	914
658	1063
609	977
593	950
618	1219
620	1101
523	1036
577	959
619	986
584	1087
611	1116
609	1123
611	1157
629	1070
666	1118
666	1193
635	1097
608	940
652	915
580	901
634	815
598	945
527	851
518	946
590	1004
536	875
497	825
498	1128
529	1075
504	942
525	1034
500	1070
482	854
522	816
489	905
471	1082
462	1183
447	1167
507	1087
556	987
467	1006
454	907
470	979
444	877
434	1010
488	1077
476	948
502	1089
432	909
459	1002
458	881
445	954
418	1026
471	1028
515	946
526	887
449	844
520	851
566	884
541	1199
573	872
522	916
514	983
483	1070
520	892
624	920
532	970
494	1115
543	1016
599	858
634	900
609	919
649	1047
631	1180
602	1131
599	1223
578	1062
641	988
673	916
655	1029
680	946
608	1073
604	1226
578	1038
627	726
567	928
610	968
643	860
655	873
718	909
666	892
637	967
683	957
686	1048
669	836
684	763
639	662
622	706
646	727
621	725
583	743
694	796
649	827
656	954
649	991
618	1035
635	954
602	870
613	998
525	871
531	1051
615	1104
577	940
538	961
534	944
493	939
518	1141
558	1244
554	1194
596	950
564	1039
571	858
581	952
622	990
571	1071
633	1037
628	1080
589	1062
579	1079
591	1135
611	1189
600	1051
673	1102
569	865
591	869
583	927
623	946
611	1131
652	1053
589	986
529	1017
614	1096
604	961
558	1137
635	1178
600	1161
606	1127
656	999
592	950
619	1005
678	928
567	845
544	908
566	952
567	974
582	1130
548	1142
538	1068
518	847
423	888
441	839
445	984
485	972
412	902
451	891
429	997
462	1017
412	915
368	944
421	874
480	755
406	800
426	755
417	841
396	794
417	817
451	926
379	903
361	965
435	939
494	923
434	917
405	1148
378	1089
393	1118
457	1047
431	1325
418	1160
439	985
423	937
443	922
409	885
406	994
385	903
378	937
402	993
403	1128
353	1064
379	1034
389	1147
396	1181
363	1007
374	938
377	1113
371	1302
383	1200
414	1149
406	1034
388	1258
349	977
355	845
336	937
343	841
343	859
340	996
341	1073
359	1133
359	1118
408	998
380	1060
367	1044
337	1106
396	1023
363	1222
348	1065
355	1065
391	1164
395	1326
304	1219
387	1183
429	1007
402	1138
372	1163
406	951
409	1105
435	1056
362	1122
323	1110
315	1126
388	1083
375	1116
451	1144
401	1080
421	1084
379	970
458	1164
419	1053
395	802
405	839
362	917
387	1150
369	1061
417	1112
361	1102
348	1243
392	1136
369	1014
366	1192
357	1029
404	1103
345	901
404	1088
389	1250
373	1013
414	1059
324	1130
391	1116
364	1018
389	886
389	967
386	1041
406	922
390	1001
374	930
385	985
349	885
373	1015
408	1184
323	1027
296	1077
367	802
345	850
386	944
410	851
376	961
345	994
362	1004
342	923
343	972
423	1061
356	1037
378	1091
372	1290
326	1247
370	1164
434	1050
394	1018
416	1098
354	1012
408	841
352	978
347	887
427	893
391	940
371	1157
336	1106
360	1141
330	1345
403	1037
352	1113
377	1070
343	1177
329	1156
356	1017
380	985
338	1153
379	1069
373	1119
402	1078
424	1044
372	994
433	1006
400	1097
354	1100
372	1026
364	932
379	1013
373	1105
362	1000
375	1236
370	1121
353	1133
336	1113
340	1086
369	929
321	1027
348	1234
309	1343
334	1331
354	1220
318	1045
316	1081
339	1077
384	927
380	1075
403	1164
382	957
409	939
388	851
390	901
384	1038
401	1065
357	952
353	962
394	997
436	910
373	1068
387	1326
365	1315
406	1116
371	1040
354	1032
370	1107
373	1149
408	909
351	903
324	900
342	973
376	936
364	931
329	914
397	958
348	874
351	902
318	1144
316	1076
315	996
323	1077
333	1067
365	997
383	881
337	833
372	944
378	1065
362	1137
372	1140
366	1124
329	936
379	1198
395	1295
441	1359
381	938
398	866
409	1055
360	977
391	1013
357	886
397	1103
434	1214
391	1093
393	1096
348	1058
436	1034
354	1218
441	1206
421	1190
407	1274
391	1063
405	1177
353	1025
354	1060
389	923
441	982
394	1208
361	1058
348	1033
392	927
394	755
369	956
403	980
337	962
354	948
378	1216
314	1039
440	1074
322	1027
366	900
344	947
377	875
380	1090
369	1027
336	970
378	1051
326	1060
425	1000
419	1044
360	871
377	983
329	1010
333	988
370	1104
340	1010
336	1196
351	1170
341	1025
344	850
300	940
351	922
381	1026
317	1092
337	1002
332	917
362	1026
329	1141
329	1080
354	1078
366	1096
361	1146
335	1186
352	1182
389	1286
350	1211
384	1197
458	1135
383	959
350	1113
365	1272
390	1228
352	1012
363	1035
325	1031
349	1117
358	851
426	926
414	1125
384	999
367	1142
361	1027
356	889
324	818
375	917
376	946
352	861
316	1019
395	924
412	1004
374	1009
328	947
400	1016
398	985
372	998
360	952
364	1147
367	1113
355	1081
429	1065
369	1134
409	1079
382	848
378	1011
356	1097
365	1223
412	1029
395	962
340	927
340	1091
338	1230
305	1065
299	920
344	1155
350	1248
405	1340
370	1163
318	1227
367	1184
375	1133
355	1172
386	1141
379	1040
367	1011
368	918
330	991
378	1114
382	871
361	985
404	1057
364	835
404	1043
416	1036
338	940
362	1067
323	1192
412	1118
383	1140
347	1254
379	1366
402	1072
363	1097
319	984
304	1050
339	1171
369	894
370	1119
386	1046
337	849
348	1161
371	1110
377	1098
396	880
348	825
350	863
338	1066
327	816
336	869
406	1003
363	941
369	1113
370	1122
379	1007
414	1111
381	1041
433	920
398	886
440	982
397	990
391	1015
397	1017
380	1111
425	989
440	919
420	985
389	802
357	858
400	970
364	983
401	931
371	906
376	917
372	968
343	801
365	1114
417	1133
386	997
402	1007
375	981
375	823
435	957
415	1063
386	1157
370	919
409	902
406	885
517	771
504	876
516	901
504	972
561	875
498	959
520	953
517	953
544	888
531	946
556	932
479	1050
485	876
524	1118
519	1087
565	1040
613	1057
598	1154
561	1371
497	1111
555	1167
529	1106
476	1147
539	962
521	1205
582	1132
508	944
530	977
495	1044
507	899
470	966
522	1028
564	1237
509	1004
522	954
503	897
607	863
580	697
570	786
612	904
627	872
621	886
676	1082
595	1123
594	1320
506	1285
487	1057
550	1002
515	1053
577	1201
624	1061
561	1077
594	1113
629	1038
603	869
636	1000
600	903
577	994
642	1070
616	1028
663	1145
647	1146
637	1085
565	1148
595	1042
532	1028
544	1066
577	1034
479	1083
524	926
445	1095
474	1075
426	1016
517	984
492	959
503	881
464	1083
418	1019
452	1088
517	1167
435	1253
501	1125
456	1022
409	1144
438	1046
435	1032
436	1109
433	1161
447	1137
472	992
466	1092
452	998
478	965
450	1000
425	954
415	1146
420	1366
390	1183
409	917
372	1028
404	998
357	1230
393	1026
408	1127
395	943
383	1078
408	1048
373	1166
365	999
363	975
377	948
390	890
389	1078
421	1136
374	1142
391	1363
454	1088
422	1140
336	1137
420	992
396	929
466	1014
441	1106
463	1187
403	1357
356	1324
420	1083
375	1058
402	865
357	990
375	1077
395	1085
344	1070
381	926
386	1081
409	914
372	895
407	1132
393	1179
367	1165
321	1273
421	1450
392	1093
448	1165
399	964
415	1286
401	1207
421	1128
423	1055
377	1025
407	966
395	997
339	883
330	897
345	961
316	1114
385	928
312	804
330	752
423	787
373	883
379	1012
336	1074
409	982
373	950
423	983
364	760
349	954
427	1078
375	1074
398	979
397	1089
423	1119
374	1022
323	1000
369	945
432	911
417	889
381	926
403	1006
356	1042
357	1073
333	877
334	1078
391	868
377	951
368	950
440	1022
355	1069
349	963
368	852
372	953
337	1115
379	1053
391	1112
346	890
355	1042
407	1099
410	1040
391	979
352	950
364	925
369	815
345	918
424	909
380	958
380	894
380	890
400	1056
361	1085
407	1020
354	1010
375	923
364	1059
396	1140
381	1105
394	1119
388	1092
438	1054
409	993
362	1215
364	1198
379	1234
333	954
371	1067
343	1115
366	1087
416	1138
386	1142
352	1188
426	1014
388	1046
390	1045
403	974
373	1042
326	961
404	930
373	1108
358	827
366	817
394	1106
384	1133
351	972
345	1175
357	1110
365	989
394	1063
377	1010
404	1160
377	1315
361	1306
366	1053
404	1074
330	1131
375	1305
321	1169
403	1215
393	915
391	893
366	876
410	1059
386	1185
384	1119
405	1043
415	1005
404	1021
417	875
429	898
393	1030
428	923
430	983
398	931
415	930
436	1049
419	1058
332	1202
331	1129
332	1077
291	1038
347	927
408	1214
351	971
361	1024
384	1033
362	1124
366	1143
367	1130
385	1193
370	1236
440	1064
409	1162
384	1049
382	957
383	845
368	917
395	823
351	985
356	1013
310	987
320	1255
354	1006
313	1037
363	1444
404	1202
389	1120
412	990
358	923
326	1033
378	1189
326	996
369	718
359	752
394	851
354	975
335	1002
410	1025
384	926
388	995
367	1092
373	1186
369	1031
316	849
355	792
325	1009
344	955
372	1041
381	999
378	894
450	1036
392	867
356	874
330	875
361	896
350	875
359	1067
372	1061
377	1045
349	1056
346	985
368	974
338	1109
356	1301
356	1146
373	1108
428	1136
377	1226
389	1181
365	916
363	938
373	1051
440	1030
416	1114
372	1102
392	948
382	868
414	970
410	1043
407	914
371	891
347	1063
406	898
383	849
400	982
380	1044
416	1056
397	968
437	819
459	1012
448	1082
498	983
462	1013
431	917
475	1012
482	977
454	1074
447	877
491	931
388	1017
399	1116
438	1013
357	1078
368	1139
394	1139
416	1081
398	1143
411	1116
404	955
355	965
366	1157
391	989
365	991
368	994
339	1045
392	1084
405	1143
396	1045
418	1107
374	1046
346	1178
330	1414
340	1196
421	1040
370	998
354	1225
387	1282
411	1110
394	1058
407	979
398	1063
414	1098
410	1010
412	1021
360	1000
386	985
355	1182
392	1030
418	987
389	866
422	945
335	1006
388	1058
401	1195
363	1242
409	1140
386	1099
387	1183
363	1091
403	1231
440	1408
469	1481
441	1194
435	1407
409	1576
453	1295
418	1288
388	1234
407	1203
416	1142
436	1291
376	1279
364	1373
420	1192
460	1240
441	1165
490	1142
478	976
428	972
419	811
471	1031
551	1121
565	1102
536	1092
564	1161
546	1035
490	1048
496	935
499	836
508	865
404	968
429	913
385	806
410	906
394	1005
386	998
331	923
301	940
311	1123
330	1290
392	1156
394	1146
358	942
374	833
345	885
377	909
376	915
414	814
426	913
385	1114
369	1015
379	1176
380	1188
424	1099
404	914
366	881
334	915
332	1012
334	1089
329	1112
328	1083
329	1057
345	976
377	923
385	852
372	994
386	1025
322	1104
386	1104
319	1194
332	1106
424	1161
389	1177
388	1145
413	1210
402	1017
350	849
354	1058
327	1041
317	1083
357	1105
346	1356
404	1360
381	1407
355	1188
377	1082
364	1159
427	1301
395	1246
414	1194
384	1191
394	960
374	994
377	1049
344	1103
413	1045
364	992
476	995
473	1079
510	1020
437	1167
392	1163
447	1255
431	1223
399	1080
423	1099
406	1022
383	1114
431	1142
419	1075
390	1184
436	1118
380	1066
440	1187
450	1079
457	1086
405	1021
392	1235
427	1167
444	944
444	907
422	957
383	942
368	962
398	828
393	821
347	957
376	897
394	905
396	788
380	734
370	737
383	878
405	1053
381	1040
372	1005
380	857
354	1097
376	1267
425	1133
386	1155
439	1108
405	1122
422	1095
396	965
401	986
431	1036
432	1205
504	1253
481	1233
486	1056
560	1110
608	1337
644	1108
628	1150
643	1021
559	994
479	1173
467	992
493	953
480	969
474	820
385	859
372	805
385	1028
477	1006
479	1087
439	1094
405	1180
448	1052
402	1120
409	1024
487	998
463	1093
468	1097
441	1067
375	978
382	1016
362	1023
378	1025
354	963
397	913
447	930
421	855
384	817
357	900
340	898
341	1032
375	899
431	891
352	992
383	1131
405	1268
392	1029
362	1038
367	952
416	910
389	977
360	983
382	776
392	855
396	747
387	797
371	893
400	1058
379	1093
367	1133
372	1020
353	887
383	817
386	831
381	835
360	825
369	1106
368	1149
360	1239
351	1050
363	992
376	843
383	929
349	904
429	941
308	877
405	943
400	824
370	822
340	951
372	1015
395	992
347	1025
382	1008
348	921
387	926
359	1101
370	1027
427	1017
390	1144
390	1094
383	1065
421	926
417	966
338	1028
382	1086
380	1114
306	1039
371	1139
369	1052
401	1259
427	997
392	1036
376	953
387	1056
463	974
405	883
410	871
404	950
371	837
377	874
352	971
396	853
389	909
364	889
385	930
386	1029
403	1043
424	1228
391	1170
403	981
398	950
379	897
395	767
371	753
359	864
400	904
378	1044
420	1140
461	1030
446	992
416	1074
373	964
441	1080
393	1116
418	1209
422	1128
467	1078
446	967
471	975
398	759
384	995
469	1007
410	1092
427	979
393	894
430	1006
426	932
410	1000
476	1073
425	1105
453	1068
400	1101
441	881
438	997
491	1020
451	827
403	1010
440	1009
391	1223
431	1066
402	878
424	832
393	766
386	793
383	798
434	997
426	955
412	1069
406	1004
399	1079
412	1068
462	1003
404	1070
371	1001
412	937
416	1091
467	981
396	1059
409	844
415	886
468	922
453	1155
460	1123
421	1069
456	958
443	1178
463	1331
415	1281
442	1027
472	1048
426	1028
432	925
442	839
451	848
483	813
454	945
494	1003
430	955
400	985
415	1136
390	1157
406	945
418	1175
473	1089
408	1196
400	1359
461	1269
484	1155
437	1201
468	1385
405	1204
421	1206
462	1082
449	1115
460	1429
396	1268
511	990
474	1002
478	1132
502	1101
442	1262
410	1171
504	1035
481	969
526	944
522	1045
447	997
525	1167
505	978
443	1040
503	903
432	862
437	959
452	1056
468	965
476	1114
468	1038
482	1172
456	1163
440	911
464	1060
493	1043
462	1047
475	1124
482	1038
450	1019
481	1204
399	1008
411	1079
488	1107
408	1014
379	989
458	1043
463	1153
377	1021
421	1018
457	1094
458	1252
394	1289
468	1074
403	1018
449	1110
486	1151
413	888
498	1015
453	941
400	871
419	928
473	925
437	921
410	838
444	1018
443	1177
457	1386
445	1111
402	1002
406	926
375	765
353	893
376	985
370	996
361	1006
383	933
416	1192
404	1185
390	1329
399	1023
396	1127
347	1276
409	1211
454	1232
385	1228
417	1214
362	1068
391	872
371	942
362	1070
402	1064
413	1036
427	824
394	760
405	1003
438	1025
424	832
404	882
423	1053
421	1002
437	1010
406	1007
412	1077
352	917
386	1256
402	1267
354	1185
425	1218
372	1289
374	1158
383	1110
397	1129
429	1042
402	1084
373	946
403	911
417	1013
339	1031
404	955
386	763
384	888
466	929
437	1133
415	982
423	954
408	1122
478	1015
474	1161
452	896
414	825
435	945
427	992
486	1076
395	1231
378	994
481	1019
390	1076
454	970
412	763
444	824
412	820
462	911
366	765
407	852
428	1082
417	953
450	1117
438	1026
418	954
382	828
391	905
411	874
386	961
438	920
397	941
406	916
429	930
427	996
389	1041
407	765
489	833
422	922
472	1005
448	911
458	924
424	830
428	949
427	941
496	968
470	888
458	832
431	1013
476	1036
523	914
455	992
492	867
394	837
369	930
445	952
409	1078
439	1002
422	1042
399	932
407	899
424	897
414	1001
452	1046
401	1221
414	1045
411	1075
380	952
419	963
402	996
429	991
396	1158
413	965
369	837
377	947
379	1192
397	1302
367	1186
370	1046
363	1140
421	1033
405	977
355	1021
393	1024
439	1083
394	831
385	698
354	880
393	940
393	830
377	843
407	998
372	828
387	814
403	786
394	1093
433	1067
419	1054
425	857
380	950
413	890
357	883
401	925
422	920
464	960
423	908
443	981
455	914
442	944
499	1014
474	932
589	834
452	882
507	961
559	1059
519	1033
545	1088
501	1082
524	877
514	1061
462	982
485	914
484	902
461	998
458	1049
470	985
458	818
453	880
431	811
512	929
506	1031
519	1191
457	942
411	873
410	792
439	974
417	897
392	948
432	1013
411	929
390	850
380	924
422	880
366	884
412	892
332	978
402	833
402	775
422	863
396	853
428	894
433	840
458	758
440	835
365	830
396	767
453	860
404	828
447	860
421	1004
428	962
410	1071
425	937
467	817
383	996
434	858
436	900
435	1116
445	972
430	910
398	984
488	1010
432	977
430	943
439	1186
379	1128
487	933
467	826
423	937
416	849
401	997
438	1132
400	944
405	1004
433	1224
384	1252
385	1329
400	1263
405	1191
396	1202
431	1071
381	1241
399	1207
358	804
370	855
354	900
411	837
346	912
377	975
382	896
370	910
391	1030
384	1037
451	1088
430	914
394	900
374	948
369	876
409	840
400	781
384	896
411	844
388	660
423	785
439	881
448	857
431	847
408	840
437	928
394	1056
386	831
394	942
398	908
417	910
413	965
429	855
453	968
431	1134
491	995
436	1012
439	1241
433	1078
378	877
417	906
424	1027
435	859
453	895
401	973
396	944
402	915
379	1052
410	1030
396	922
400	1058
417	1101
405	1085
481	766
481	957
447	942
444	887
443	1026
409	1188
470	1241
391	1118
420	775
470	815
434	905
420	939
430	906
470	956
497	1037
468	895
515	858
515	1034
502	989
439	1013
452	956
494	953
512	873
525	875
466	948
488	1100
473	1317
507	1136
525	1026
472	1038
507	1075
468	1027
522	1208
469	1278
487	1111
467	988
522	885
535	803
483	942
470	766
493	875
454	837
491	909
416	1092
443	1114
392	1045
365	1021
453	773
413	772
481	847
441	834
393	977
378	852
375	850
343	838
420	1005
429	1020
458	1001
438	937
444	768
444	861
425	964
396	772
425	692
425	1024
430	947
412	909
465	783
501	839
482	937
419	828
418	814
425	858
379	896
381	838
419	775
400	769
402	974
392	1003
357	1019
376	800
369	994
344	1008
354	901
370	967
383	933
388	909
416	806
408	973
431	1037
381	1052
357	890
406	950
401	1037
432	939
428	818
436	977
381	1036
419	945
417	1346
402	970
370	918
372	951
397	858
421	882
447	1056
410	1089
418	1194
412	1213
356	977
462	1019
443	1171
419	1083
417	1089
401	980
437	898
482	1063
486	1063
468	940
500	823
499	1046
511	882
450	828
442	786
453	859
463	924
411	1006
348	1142
360	1023
371	1072
423	1093
425	987
387	1057
482	1087
451	933
484	1021
448	965
403	905
386	980
402	1019
399	857
399	820
439	1013
341	823
428	819
405	723
429	1058
431	997
467	879
449	845
392	1062
454	1148
430	902
447	983
488	1005
479	992
453	984
420	849
435	931
476	976
409	1127
389	823
394	911
433	1093
466	1014
449	987
446	850
480	986
456	1015
455	894
469	913
370	977
435	1017
358	1012
399	863
364	937
422	1001
464	961
424	898
450	877
403	812
448	735
414	773
442	751
407	769
377	770
402	723
389	814
396	794
404	746
445	808
377	859
372	825
401	1101
409	1068
367	1160
367	942
373	1052
388	903
417	1156
366	1177
451	942
383	698
405	905
350	849
339	751
363	856
351	945
334	947
322	905
331	941
364	941
403	1182
418	1043
428	1022
381	784
416	879
436	930
437	1039
411	913
380	897
412	954
376	930
398	905
344	1004
372	1045
395	965
401	1032
408	963
356	925
352	984
370	1062
371	1097
343	977
343	840
313	908
385	885
341	824
317	771
315	802
381	1016
336	887
361	928
341	955
337	942
405	894
409	769
380	797
400	846
392	756
404	789
383	739
356	889
395	830
381	724
300	911
334	863
350	1007
355	868
323	968
345	1018
321	1007
318	947
326	870
373	882
362	1142
365	1127
390	997
368	1178
353	1182
393	1041
371	802
419	860
411	911
388	1039
356	1003
385	923
385	729
382	949
329	1105
316	1011
349	860
363	998
383	932
355	887
396	862
417	806
454	951
375	954
433	974
348	944
411	1059
383	1205
439	978
369	1021
412	1028
390	936
421	776
431	887
478	740
435	1087
443	868
426	873
449	738
422	979
395	1110
415	1010
365	1223
444	1088
433	1060
445	1039
485	1140
491	1133
486	969
510	944
465	1002
483	1051
469	915
462	980
498	1009
439	1139
447	1026
439	892
390	849
416	940
464	887
393	862
459	967
456	954
459	823
500	807
493	921
432	924
408	859
420	1101
425	917
448	1032
390	1176
424	991
381	978
415	1017
366	944
303	972
358	1046
402	974
391	936
382	853
387	863
365	904
373	960
378	867
390	1066
304	787
371	871
437	1038
494	948
377	1051
416	934
376	839
433	962
384	999
344	801
367	911
401	897
363	829
398	863
392	890
350	811
395	820
398	909
421	819
345	843
411	692
406	777
410	870
445	924
387	955
394	812
375	841
346	683
332	789
372	718
417	773
431	831
430	818
388	810
404	921
417	823
452	946
457	1146
398	1036
373	999
365	1027
419	944
499	1007
469	1154
482	968
419	876
471	953
415	753
408	859
460	780
444	844
434	964
376	924
383	929
406	899
429	853
398	744
375	868
409	682
406	696
454	655
419	872
426	978
371	1023
397	829
364	823
413	951
364	1028
396	932
338	980
369	851
441	845
403	792
388	828
365	658
367	702
352	887
407	1049
327	958
314	955
319	927
302	879
364	938
398	776
352	833
406	813
405	776
354	807
321	874
337	855
351	860
363	783
394	934
360	928
370	1042
374	1115
351	1118
386	1045
373	855
372	1035
373	1102
375	980
444	1049
382	754
341	905
377	885
373	984
380	1070
380	1009
364	1019
380	973
372	898
385	897
408	857
390	893
404	944
394	988
391	765
385	865
376	838
396	848
373	882
411	924
373	897
409	870
416	808
368	972
450	1099
362	1056
354	1025
338	1097
383	931
377	907
370	968
369	1044
368	1186
413	1200
429	900
385	934
415	1175
398	1069
394	947
368	771
405	823
336	804
370	671
351	890
325	898
383	745
395	613
392	683
385	781
375	690
357	775
352	766
334	783
386	1059
375	903
353	961
389	859
353	653
361	748
410	1002
359	902
426	791
363	741
333	897
371	996
373	946
456	790
363	904
392	889
440	869
443	767
458	1012
439	1045
495	1060
480	999
493	978
534	1023
536	828
593	943
571	789
523	972
585	964
514	1111
553	1001
543	982
494	989
496	866
482	967
489	1095
447	929
507	704
419	794
371	765
435	780
399	999
392	795
389	889
365	832
368	863
409	854
397	872
424	970
416	1066
366	966
385	924
392	829
422	925
405	867
397	917
350	1004
344	862
357	767
346	725
372	904
399	744
417	693
334	820
334	847
415	928
430	795
408	794
446	943
411	981
428	779
417	798
399	727
488	728
569	852
566	1040
557	1064
522	1093
554	965
542	980
526	945
435	829
506	1008
471	1119
383	903
395	838
428	847
402	1127
417	987
367	811
366	818
398	789
423	991
446	1089
413	879
432	890
474	854
410	860
443	1034
448	925
410	717
436	771
409	795
404	997
368	1331
422	997
381	976
374	807
369	863
438	1151
424	1043
404	954
448	948
390	970
387	874
387	861
418	786
372	981
424	933
465	1279
421	1139
409	991
388	815
427	872
411	924
454	728
411	903
394	968
385	929
375	882
424	735
379	802
379	883
368	1040
367	968
395	937
379	870
366	985
374	900
388	982
392	944
380	982
372	1061
419	1062
411	893
334	918
356	691
374	751
380	635
420	856
365	842
371	877
365	841
368	687
367	594
435	713
369	747
350	750
361	707
376	812
386	1005
352	841
315	868
370	879
381	1001
374	883
366	1013
330	1006
401	895
372	795
362	844
388	856
406	815
412	843
403	855
385	861
371	834
408	953
386	1072
470	1032
399	1097
419	1032
376	817
358	1083
397	1330
361	1027
418	973
421	1001
423	1107
403	1033
458	917
387	948
417	1149
374	1139
363	1005
367	972
397	1041
345	1118
386	1095
386	1155
350	1203
374	1273
423	1260
414	1101
421	1289
351	1226
353	937
372	1049
375	1008
356	793
428	928
408	895
424	798
381	858
450	1087
392	842
386	1040
375	1123
353	829
331	854
390	915
348	752
367	1022
361	1128
341	835
372	865
344	863
403	958
339	910
351	916
371	1013
342	902
334	826
374	1030
359	994
366	1082
431	1034
392	1263
414	1054
348	1038
361	828
371	916
417	866
385	980
375	898
375	920
309	1033
320	992
335	910
337	969
353	923
349	898
361	805
440	809
349	904
334	883
397	817
412	1031
390	1043
412	1111
363	1044
355	1026
381	941
371	1164
313	1169
383	1096
427	1168
410	809
342	855
351	1231
385	1099
347	1049
329	836
317	896
304	920
317	1092
302	1082
333	969
336	1091
311	893
304	835
315	973
349	1192
304	812
330	746
301	754
276	930
278	859
314	933
293	956
262	986
340	1086
335	923
329	967
275	865
318	918
352	1026
365	824
332	777
340	983
323	971
329	1114
313	938
337	979
313	904
352	911
378	1064
370	1177
345	1043
354	1035
355	1033
383	1065
398	920
374	1254
332	1011
342	912
382	989
380	694
375	790
343	937
405	929
398	885
408	1037
432	994
411	956
493	900
515	837
466	767
454	851
433	937
402	1273
332	1293
366	820
436	834
419	825
387	648
360	637
332	775
390	806
403	801
385	775
407	827
398	973
392	1033
404	986
425	1023
438	951
423	934
377	1033
422	1031
420	1095
352	1237
383	1109
374	1138
326	922
371	1002
368	1117
368	1351
338	1220
411	1061
361	839
415	1338
408	1061
427	886
393	752
457	725
361	738
356	809
357	960
387	873
418	1008
459	1014
381	808
364	845
402	946
395	990
357	1014
390	855
401	830
414	787
410	776
381	1026
399	938
379	941
410	975
359	1024
390	955
373	982
388	900
334	875
371	1029
349	1153
330	1088
387	963
372	823
360	908
383	867
385	762
381	986
401	859
371	882
408	846
403	830
428	918
373	941
390	839
378	798
401	768
366	819
386	851
424	759
346	790
358	849
398	927
371	769
340	824
355	962
417	837
415	678
329	792
365	908
327	982
354	837
320	880
299	688
365	824
292	749
307	747
340	906
342	859
339	868
335	835
342	737
356	903
327	873
306	770
336	748
300	683
371	841
365	722
353	830
405	1046
431	939
378	872
366	793
373	767
351	1022
393	1010
399	949
422	824
333	876
316	984
416	906
361	861
352	775
399	748
389	858
391	860
367	856
355	745
322	885
351	808
348	769
374	815
387	939
398	1084
411	996
377	937
406	877
381	844
429	857
397	958
374	680
440	611
354	827
390	862
419	1032
429	918
416	1251
452	1263
458	898
458	1026
496	1139
479	1123
433	979
387	888
340	1017
384	806
368	755
365	887
397	969
383	851
397	913
387	848
388	1014
365	948
424	1132
455	1120
418	1151
467	1176
426	1109
424	1044
351	1016
430	936
442	990
450	1053
409	1052
520	1209
554	1008
628	1124
568	941
667	796
1098	843
2292	950
3229	1146
3024	1158
2929	1085
3564	1216
4559	1152
4653	1136
4281	982
4162	987
4264	1033
4702	1076
4837	1086
4821	1085
4535	979
4966	993
5445	1242
5369	974
5271	1053
5278	1185
5151	1177
4494	1001
3599	1210
3291	1199
3150	1369
3310	1127
3148	1139
2899	955
2811	1048
2626	1051
2444	1032
2642	948
3045	945
3297	988
3189	994
3552	760
3601	979
3506	887
3171	1090
3031	1120
3476	920
3463	1023
2746	844
1754	820
1479	828
1573	772
1427	770
954	681
611	819
522	657
557	875
564	838
487	756
385	790
389	813
411	743
373	762
378	906
421	789
381	771
345	852
408	910
436	803
419	883
344	876
374	847
333	735
376	832
374	864
346	761
381	1152
336	1060
370	914
366	946
411	893
388	774
374	782
340	710
356	743
386	1026
335	934
362	929
351	978
430	844
397	938
425	946
375	939
368	902
362	987
333	826
401	997
321	997
378	926
387	964
397	983
379	909
372	950
415	836
399	868
350	911
434	849
366	741
402	651
459	648
395	608
303	751
352	792
368	709
392	846
331	948
376	801
350	770
370	728
400	997
384	849
366	848
395	997
344	1143
362	782
381	859
372	822
393	989
413	838
359	792
354	890
416	972
363	919
370	978
401	811
360	873
374	916
355	788
420	864
424	817
412	726
408	720
409	667
406	643
345	709
321	779
361	757
300	864
391	929
377	944
354	974
415	975
365	869
350	848
382	830
397	806
403	742
366	748
378	807
414	911
389	805
428	802
366	735
383	877
426	915
376	836
363	853
386	823
411	836
363	911
353	861
398	926
372	883
425	836
417	823
384	753
402	722
428	832
463	901
419	852
427	858
413	807
403	868
417	971
390	977
417	1010
429	1013
447	952
421	1039
403	1122
436	1155
414	949
393	974
410	990
461	902
389	821
440	876
460	820
416	928
434	976
390	807
377	859
384	1019
350	838
338	873
416	872
429	937
419	902
421	892
393	804
391	1040
400	921
387	834
407	941
384	853
428	816
379	1001
403	1030
406	880
424	779
380	935
412	934
427	964
354	970
418	1104
403	1001
370	821
400	1003
349	969
376	972
350	937
448	841
414	850
430	882
426	1135
431	1222
410	969
336	872
363	753
364	734
376	743
444	814
391	746
373	665
375	777
389	813
417	801
371	813
417	975
385	899
346	868
451	885
403	1113
485	991
494	845
446	997
429	876
542	925
560	912
592	864
609	762
569	1025
612	1074
542	768
580	742
530	804
614	821
519	682
528	630
626	689
710	678
617	765
566	1121
563	843
553	784
548	786
540	849
583	747
580	798
569	862
591	676
496	809
558	848
686	805
772	897
853	833
864	881
915	949
976	1061
1234	975
1218	921
1343	1016
1241	963
1270	1017
1353	839
1342	949
1263	927
1270	835
1207	657
1151	757
1082	786
1079	972
1026	943
1011	1021
1048	870
900	972
952	1156
948	1165
1081	1031
942	960
891	929
951	904
932	848
888	931
825	900
740	910
679	911
626	1011
714	1052
678	738
579	672
532	751
685	888
675	854
714	1083
664	970
581	908
544	910
582	1101
585	834
579	807
579	899
531	747
431	748
481	720
464	703
476	818
505	763
546	975
493	987
481	1022
479	770
537	854
498	1046
518	920
505	1014
464	822
521	942
441	1202
442	942
500	996
437	923
412	875
422	778
486	848
425	756
423	657
432	917
461	836
490	923
475	821
448	763
440	796
456	953
414	996
414	992
419	1042
420	1146
448	1386
415	1228
434	985
408	852
508	990
464	1040
399	800
395	708
399	919
419	908
456	876
452	828
472	882
415	1003
418	827
417	814
400	966
382	997
372	895
394	833
460	856
417	910
412	858
452	835
463	874
397	1013
396	864
395	1101
390	1048
375	1024
365	871
378	824
357	1003
376	773
368	717
368	685
389	854
405	792
435	692
417	735
350	686
378	717
393	763
378	642
369	704
381	646
363	708
340	796
363	793
392	866
331	960
361	1038
377	1135
339	1078
381	829
396	866
333	906
433	900
401	816
363	808
371	997
353	856
342	773
367	945
403	925
398	770
350	941
377	876
368	896
372	895
388	758
367	755
370	708
335	884
328	752
374	805
373	886
363	777
368	774
363	850
411	767
433	875
345	779
413	931
351	914
375	887
351	975
418	901
429	806
503	853
502	688
434	815
413	732
378	988
369	912
445	778
377	797
390	763
342	786
373	902
352	1212
396	868
414	897
401	947
423	874
420	982
420	906
433	647
403	767
386	850
409	807
382	869
453	1034
419	985
385	892
356	834
386	1037
419	977
359	1002
397	876
382	773
437	965
430	964
429	834
387	820
371	792
479	962
464	865
489	788
419	734
371	795
405	863
370	690
372	633
377	768
306	925
333	781
358	887
395	821
367	733
381	905
463	880
403	1027
403	977
422	830
433	880
403	992
431	1155
473	1113
418	1029
362	885
377	914
367	834
346	803
416	848
397	792
375	814
398	882
354	811
370	934
359	954
339	1081
361	1068
365	1049
351	875
387	989
401	961
370	883
340	759
400	828
339	743
362	857
341	680
329	653
400	698
356	669
330	744
335	724
357	762
395	824
386	820
410	826
371	887
371	947
348	815
395	824
379	664
360	619
339	719
443	934
467	975
433	876
468	812
524	879
612	1007
564	815
609	731
587	886
612	659
764	750
782	754
823	761
823	907
767	855
773	777
710	796
776	777
761	946
742	864
602	954
528	820
538	846
482	679
429	669
461	715
421	769
474	907
457	919
493	935
408	753
388	913
457	859
454	851
423	874
385	780
363	683
440	686
348	634
361	721
336	821
346	828
333	673
407	899
383	980
352	896
382	886
360	951
372	998
395	876
372	802
358	660
362	866
361	856
339	759
356	728
393	735
379	584
327	697
343	603
361	698
324	758
352	811
351	907
381	898
347	929
374	925
374	862
388	914
395	1052
366	1167
389	1148
410	1091
370	1012
417	967
367	872
360	840
335	942
369	981
359	807
370	796
398	764
346	906
353	822
430	1029
369	822
359	780
423	841
386	720
395	887
393	774
426	900
404	809
384	966
393	899
383	821
446	831
397	713
394	764
357	791
416	909
408	937
421	839
407	880
362	783
384	846
407	928
424	1005
420	1027
443	989
464	1041
409	929
419	944
412	1256
374	1009
356	969
392	1004
364	1005
334	885
327	971
317	889
328	812
321	744
353	911
371	918
329	947
367	1035
391	909
404	820
391	928
383	875
369	1044
448	950
392	984
375	1168
361	1075
407	975
415	1057
351	941
359	895
388	835
362	938
380	723
363	746
395	725
323	787
410	907
389	946
361	889
369	839
366	942
373	856
365	788
386	793
395	960
415	891
421	796
414	792
403	794
382	604
386	710
329	738
440	729
410	757
393	833
398	772
379	793
355	738
342	829
394	818
358	933
409	947
363	1020
346	948
372	1068
369	847
407	886
377	899
413	796
385	1009
360	806
405	947
345	824
342	1000
324	851
336	800
350	784
358	797
336	765
315	849
335	857
320	875
276	906
303	862
331	850
326	749
369	618
416	726
367	766
412	851
372	892
353	993
419	917
439	960
408	1020
445	1214
394	984
406	962
430	818
418	837
414	832
349	742
402	637
430	699
469	662
481	761
434	796
441	838
423	740
410	808
457	837
449	803
449	872
409	871
411	789
389	935
403	1016
400	921
386	945
382	878
398	972
406	920
434	798
450	800
425	813
409	715
440	759
373	804
390	647
475	759
401	936
484	1035
431	976
463	974
426	784
420	868
455	863
525	955
431	1015
399	934
357	936
381	851
369	825
445	868
414	934
458	845
396	813
423	901
385	805
369	805
396	940
437	1025
415	819
433	784
415	874
426	922
419	883
396	1011
372	1026
377	829
454	926
376	897
404	836
377	715
339	751
361	844
312	636
313	861
344	833
327	811
333	712
295	857
281	807
275	785
317	757
343	757
359	661
319	679
321	677
351	788
363	758
336	730
377	774
366	831
387	765
408	744
416	801
424	900
387	759
363	856
396	901
374	831
369	927
371	1014
325	918
354	733
330	980
380	984
442	836
388	783
363	793
358	981
378	923
376	1002
374	1125
407	1000
398	965
365	786
372	739
343	758
327	783
344	875
362	911
352	706
353	816
349	947
402	966
373	869
328	816
355	971
353	894
370	977
281	950
300	1027
368	937
295	896
295	771
299	722
329	762
288	995
283	791
306	906
290	1001
328	877
374	850
364	922
323	836
385	797
370	793
362	868
402	939
384	970
333	974
373	980
451	937
486	859
469	1017
414	898
466	864
522	899
593	1078
530	869
540	833
658	841
690	1146
757	959
986	926
875	922
1118	1012
1102	936
1052	1162
1104	873
1075	968
1086	1048
1071	912
986	927
968	907
1030	874
1006	867
924	899
797	875
780	984
859	953
754	911
668	956
625	893
633	888
547	686
602	835
596	778
663	839
706	787
691	739
726	853
723	877
660	795
655	892
607	757
609	868
580	882
563	866
462	957
539	796
512	867
467	946
548	809
438	715
455	846
429	841
491	969
455	887
427	734
464	781
424	759
453	778
460	644
407	831
386	781
400	799
371	650
373	751
389	713
431	805
400	724
358	878
316	969
342	992
372	942
350	814
376	762
398	796
322	780
360	886
346	1031
304	952
296	943
358	769
332	823
329	798
314	835
338	843
320	812
332	897
329	926
320	937
332	1004
355	970
341	799
332	717
307	804
326	903
308	728
365	711
365	725
361	798
391	731
440	755
375	882
357	763
359	888
406	826
376	803
370	908
368	1154
375	981
374	944
362	886
326	840
338	647
369	876
382	889
288	816
335	803
332	875
355	767
294	775
379	1060
389	923
340	879
375	765
318	820
316	713
312	644
302	602
299	675
383	678
378	753
353	676
353	922
366	732
336	715
353	771
332	667
323	822
356	858
370	899
327	1021
301	820
390	877
315	818
341	836
302	847
323	825
374	932
362	802
346	802
344	766
304	851
307	865
268	668
273	629
373	673
311	782
349	675
372	863
353	829
373	925
382	999
399	923
410	951
397	890
356	885
483	827
513	723
594	655
581	598
523	693
572	716
498	750
496	791
490	717
453	819
497	832
500	923
423	905
373	741
338	708
374	867
365	948
346	968
357	925
323	773
342	789
342	707
335	901
369	817
396	849
339	918
334	792
357	805
339	701
344	701
307	814
342	801
364	874
343	882
310	949
309	926
310	788
331	821
314	887
330	878
311	794
272	827
367	886
388	775
377	850
341	870
339	932
413	1060
362	811
350	697
365	890
355	725
364	876
364	757
335	749
319	789
351	793
366	898
381	1093
388	950
345	921
370	839
380	850
367	911
340	884
401	869
322	907
318	958
373	937
322	1004
314	940
303	734
308	867
286	1023
340	886
318	850
350	796
304	853
372	805
367	738
382	733
339	875
345	867
338	817
374	837
351	933
323	799
330	800
356	850
341	874
401	806
372	817
355	841
358	920
336	917
334	840
368	800
371	711
396	786
385	841
368	755
381	693
344	813
337	805
374	854
353	806
407	889
413	929
372	1050
367	1010
415	929
355	842
366	935
322	721
357	730
360	838
345	878
376	748
380	757
356	913
396	784
406	775
390	841
382	884
374	857
346	725
336	820
435	938
366	756
363	943
338	1041
393	870
331	903
364	777
359	783
359	843
346	821
359	962
334	773
343	902
321	851
394	777
324	874
361	991
325	883
383	867
336	659
325	693
336	823
310	879
365	780
365	962
344	861
347	1042
314	944
330	904
323	946
356	1025
332	780
380	861
386	761
350	803
334	882
392	890
338	776
320	816
423	899
350	900
342	844
319	786
361	672
358	646
319	617
380	695
366	647
307	802
358	858
367	727
358	783
354	832
346	840
375	905
353	916
350	1235
400	941
315	919
307	901
311	881
320	941
349	987
337	817
317	791
371	712
334	711
304	801
318	821
345	670
325	657
334	796
292	939
375	856
382	765
370	839
315	800
369	711
382	765
335	828
339	834
370	880
351	870
359	924
367	908
314	957
372	620
392	731
381	821
359	838
325	733
316	723
301	748
307	680
292	688
326	694
326	717
327	705
328	680
352	776
339	625
352	649
383	746
316	685
326	690
298	841
362	655
421	732
442	959
476	787
502	971
432	957
443	1003
422	873
468	733
500	852
503	1020
546	860
510	856
492	716
475	790
526	821
479	886
423	865
436	779
444	717
363	652
313	639
336	904
306	876
292	913
337	745
314	700
295	791
310	760
327	765
287	694
320	751
289	858
340	926
347	940
369	905
331	811
298	894
289	884
372	715
342	817
278	722
327	765
353	859
325	701
331	864
350	911
347	934
344	943
303	706
324	819
359	850
353	923
346	798
310	885
349	1001
317	1132
314	957
335	939
343	845
320	888
274	737
301	679
290	798
309	779
319	864
326	928
326	987
373	861
336	1091
326	987
344	757
334	837
327	846
318	907
332	903
362	729
359	840
283	732
364	843
305	744
327	650
380	711
392	839
400	922
378	816
339	943
341	858
348	740
329	679
307	792
348	959
364	783
379	821
331	794
333	750
395	851
380	869
361	719
364	748
320	802
352	786
383	738
402	763
347	828
378	726
387	749
359	731
334	724
306	706
340	745
365	836
398	879
335	872
346	874
317	786
326	645
334	638
356	707
359	708
337	853
307	906
358	704
326	762
330	800
336	765
323	851
330	911
343	895
350	825
357	914
313	771
335	771
370	791
346	579
325	540
375	626
358	629
343	628
323	599
333	786
332	651
336	821
325	850
376	897
346	904
310	676
311	757
348	690
319	686
323	957
310	817
309	916
354	830
351	698
337	743
317	623
329	846
357	918
408	862
405	916
357	784
332	824
378	706
374	729
411	721
377	740
435	709
485	605
449	646
488	853
491	684
463	696
616	887
619	771
644	654
582	621
520	555
695	597
692	607
684	715
606	739
620	664
659	676
793	685
936	651
868	620
901	795
972	697
1129	796
1030	810
1093	754
1130	969
1267	971
1250	722
1132	669
1049	880
1026	801
1067	948
965	943
867	831
816	840
1048	1047
1005	1032
994	803
807	900
708	884
809	739
770	805
595	711
526	830
532	649
591	674
595	823
536	780
472	836
431	770
465	682
540	892
494	665
398	657
399	621
438	643
412	654
414	717
390	758
433	821
415	828
354	831
396	772
372	955
356	897
353	978
329	901
336	851
361	666
313	969
308	871
302	778
352	835
344	718
320	715
360	766
276	729
334	827
339	903
328	931
355	898
360	746
386	912
396	789
349	850
330	778
317	912
365	864
361	902
350	773
348	915
343	886
354	1050
323	860
374	700
311	692
313	782
360	805
334	777
347	872
336	819
350	700
319	873
336	818
336	798
290	804
347	886
320	957
328	844
313	869
287	840
358	797
301	682
313	840
331	812
356	755
308	780
304	773
