342	1304
336	1217
329	1214
367	1481
349	1461
351	1603
355	1456
344	1280
319	1356
351	1328
319	1327
351	1443
359	1468
317	1374
335	1525
373	1358
420	1332
387	1268
347	1420
398	1481
374	1364
391	1291
317	1368
329	1267
367	1260
329	1633
340	1477
370	1386
326	1282
356	1290
362	1452
370	1659
406	1713
362	1495
356	1365
338	1779
349	1958
335	1719
347	1583
343	1545
346	1633
343	1471
330	1558
332	1603
354	1347
371	1293
319	1303
379	1569
363	1527
357	1286
337	1119
360	1407
320	1255
354	1300
371	1261
339	1369
373	1247
352	1211
386	1332
370	1300
281	1377
310	1404
325	1207
339	1176
364	1281
336	1202
353	1195
366	1293
384	1416
369	1515
325	1321
373	1471
401	1627
320	1618
356	1670
326	1671
402	1385
340	1480
343	1442
412	1330
406	1438
367	1485
393	1200
402	1220
347	1406
358	1351
314	1326
332	1272
373	1413
353	1635
349	1605
347	1411
414	1647
400	1617
379	1533
352	1669
369	1331
364	1176
387	1614
352	1549
358	1377
371	1379
366	1465
406	1645
386	1428
371	1254
379	1583
379	1285
376	1356
381	1437
379	1266
455	1379
396	1508
384	1374
364	1496
338	1511
353	1504
353	1453
404	1652
367	1571
369	1660
320	1595
392	1563
372	1499
332	1616
362	1478
363	1453
345	1597
426	1475
368	1554
394	1634
413	1616
439	1365
390	1411
400	1544
363	1498
353	1453
383	1294
406	1446
394	1464
385	1524
364	1595
362	1705
324	1529
278	1509
356	1703
307	1625
372	1684
389	1569
302	1474
346	1432
348	1633
345	1461
384	1384
329	1406
376	1286
300	1352
295	1359
303	1548
335	1280
332	1416
328	1486
375	1385
341	1516
401	1398
359	1592
366	1384
354	1427
338	1626
380	1848
350	1520
376	1495
356	1532
423	1326
370	1386
344	1303
420	1445
425	1388
367	1535
379	1418
291	1433
343	1498
353	1498
342	1646
380	1629
323	1571
376	1493
388	1343
376	1326
340	1341
379	1407
449	1476
416	1521
345	1629
374	1438
395	1687
389	1376
366	1580
377	1780
377	1656
408	1597
425	1698
348	1464
402	1556
393	1706
398	1765
324	1453
349	1497
350	1478
355	1746
351	1668
388	1789
369	1487
378	1552
368	1440
332	1464
395	1650
354	1548
311	1484
358	1660
389	1548
331	1499
327	1558
376	1285
363	1516
363	1478
365	1466
358	1621
353	1601
399	1649
375	1568
355	1330
411	1312
377	1550
356	1561
389	1584
402	1539
358	1348
396	1271
334	1344
373	1693
416	1532
372	1326
368	1331
372	1555
376	1265
387	1340
345	1386
351	1236
379	1365
380	1476
333	1433
367	1356
401	1637
381	1527
388	1795
372	1599
409	1545
362	1386
333	1766
379	1860
314	1522
330	1665
317	1816
381	1722
368	1569
350	1297
372	1656
406	1365
364	1515
355	1513
342	1397
402	1405
332	1390
389	1362
400	1308
402	1275
404	1321
351	1472
445	1591
331	1392
359	1363
342	1262
368	1487
385	1159
386	1438
422	1222
386	1389
365	1868
349	1667
407	1513
381	1381
387	1384
399	1546
342	1800
390	1647
356	1702
389	1577
367	1539
395	1460
373	1515
373	1530
357	1484
325	1644
331	1373
317	1403
380	1419
370	1428
307	1388
315	1362
350	1513
334	1342
365	1316
385	1510
403	1303
380	1285
401	1275
328	1405
394	1549
358	1531
381	1434
370	1422
355	1492
334	1365
357	1579
363	1474
356	1332
342	1380
383	1483
381	1230
338	1331
325	1427
333	1374
375	1467
411	1435
344	1389
372	1348
422	1448
400	1607
404	1525
334	1323
350	1435
314	1431
414	1297
389	1354
377	1487
404	1650
345	1658
359	1499
366	1601
366	1647
401	1568
388	1382
397	1417
412	1373
350	1370
319	1292
329	1387
377	1622
375	1327
387	1409
369	1444
367	1394
307	1534
338	1454
358	1225
311	1303
376	1351
344	1395
349	1227
353	1254
345	1378
379	1270
377	1456
335	1509
374	1477
347	1380
347	1127
382	1338
314	1447
379	1696
357	1636
391	1461
371	1254
376	1472
372	1489
389	1299
371	1235
396	1362
336	1397
347	1425
343	1274
331	1435
341	1340
319	1463
321	1430
364	1458
318	1585
351	1705
313	1391
333	1260
306	1337
373	1469
369	1590
379	1515
389	1532
328	1564
332	1379
346	1469
395	1391
376	1341
353	1329
357	1447
399	1473
395	1286
388	1359
402	1337
382	1382
419	1869
464	1468
376	1546
342	1433
365	1474
390	1410
322	1342
335	1501
440	1250
436	1208
375	1416
400	1403
396	1410
366	1367
400	1216
391	1279
314	1518
371	1416
372	1308
350	1439
417	1523
347	1365
336	1292
392	1320
347	1271
390	1154
369	1529
385	1450
360	1449
430	1498
393	1344
361	1442
402	1624
386	1553
405	1599
338	1519
363	1358
315	1410
359	1433
352	1429
399	1339
359	1149
355	1182
366	1397
361	1399
305	1369
355	1211
346	1493
355	1392
365	1425
354	1323
417	1418
393	1638
358	1464
396	1523
360	1766
336	1858
349	1802
373	1775
364	1743
325	1449
367	1643
388	1365
366	1554
352	1560
380	1529
418	1348
424	1356
368	1549
382	1764
361	1489
330	1448
353	1324
329	1209
359	1444
346	1343
361	1333
388	1546
337	1418
361	1357
374	1398
418	1431
407	1556
384	1487
386	1558
394	1261
374	1364
361	1507
412	1509
363	1605
407	1604
424	1269
367	1121
347	1341
366	1389
377	1343
386	1334
410	1514
406	1610
369	1476
381	1333
417	1228
396	1347
415	1357
398	1329
412	1606
417	1482
400	1515
332	1508
344	1315
337	1480
392	1393
384	1446
394	1395
362	1447
434	1431
361	1226
419	1355
364	1408
381	1375
388	1422
425	1407
397	1483
363	1584
372	1733
438	1571
388	1488
393	1317
323	1394
353	1487
414	1448
393	1587
439	1489
461	1387
423	1462
410	1314
438	1353
455	1322
446	1256
445	1221
417	1295
435	1438
438	1401
411	1459
447	1329
485	1505
430	1414
419	1381
515	1348
489	1299
519	1501
530	1467
499	1479
528	1556
454	1365
461	1305
510	1468
493	1593
519	1593
489	1741
515	1625
527	1474
497	1447
536	1561
532	1314
570	1200
540	1488
495	1433
545	1473
504	1309
513	1301
535	1465
503	1638
526	1648
532	1313
560	1351
460	1383
604	1559
580	1511
604	1438
637	1338
593	1761
647	1769
630	1437
648	1627
623	1579
733	1325
684	1211
666	1340
709	1133
649	1275
638	1142
609	1425
586	1216
648	1380
630	1532
646	1522
645	1323
693	1629
711	1645
659	1586
665	1473
741	1516
699	1428
704	1241
820	1210
789	1362
801	1224
765	1416
795	1356
753	1320
797	1338
764	1560
723	1294
678	1352
647	1382
666	1251
607	1162
644	1348
706	1218
644	1312
656	1351
734	1311
693	1304
761	1387
752	1275
695	1384
706	1511
736	1490
726	1633
704	1775
729	1623
703	1641
714	1349
672	1451
646	1594
664	1483
648	1349
707	1364
684	1257
687	1589
658	1408
705	1484
730	1692
655	1499
670	1678
638	1486
590	1595
631	1623
662	1491
693	1526
643	1416
717	1461
685	1520
632	1403
663	1370
710	1418
687	1354
658	1438
601	1250
639	1449
639	1614
688	1602
637	1611
572	1527
571	1502
633	1339
593	1514
629	1442
692	1648
591	1408
559	1579
603	1546
600	1465
630	1385
624	1327
651	1483
674	1532
596	1607
591	1539
584	1607
541	1660
582	1660
633	1623
540	1453
587	1480
515	1289
588	1452
536	1504
525	1552
496	1651
521	1265
510	1394
558	1446
585	1528
524	1476
529	1307
480	1432
463	1550
496	1557
484	1578
518	1586
496	1389
454	1691
484	1620
395	1322
463	1510
402	1689
462	1499
486	1573
461	1775
438	1514
452	1442
470	1434
439	1205
413	1571
426	1570
425	1525
452	1564
416	1487
445	1632
439	1471
478	1520
445	1481
424	1606
406	1293
408	1433
468	1615
423	1642
468	1533
429	1291
447	1399
425	1397
422	1600
407	1566
411	1259
446	1319
454	1439
408	1549
448	1499
463	1485
408	1441
456	1278
434	1537
442	1504
430	1538
436	1425
390	1278
368	1312
384	1598
396	1595
393	1506
387	1382
394	1503
413	1554
395	1559
364	1337
364	1318
382	1439
395	1373
369	1383
375	1265
406	1419
418	1431
383	1393
435	1415
376	1458
409	1514
364	1632
434	1587
441	1512
436	1378
423	1126
396	1290
301	1336
346	1248
417	1305
355	1221
376	1434
350	1533
362	1343
383	1313
363	1317
402	1658
380	1233
391	1388
378	1464
433	1513
384	1500
429	1433
418	1316
429	1213
398	1506
381	1373
353	1297
358	1127
388	1244
446	1329
418	1122
367	1266
372	1356
434	1202
332	1230
368	1199
415	1494
400	1331
373	1551
332	1642
402	1472
423	1440
374	1637
353	1624
386	1574
358	1375
388	1474
330	1577
389	1593
334	1692
359	1464
408	1453
367	1360
362	1243
363	1288
385	1288
358	1297
385	1359
347	1444
366	1384
369	1422
400	1463
347	1593
401	1685
384	1572
351	1570
345	1764
311	1343
384	1529
362	1537
355	1447
348	1295
320	1645
390	1642
383	1591
383	1627
361	1516
356	1618
342	1543
377	1621
324	1310
412	1358
411	1488
441	1385
385	1267
353	1365
311	1438
315	1236
362	1159
394	1203
381	1442
410	1354
385	1355
381	1437
379	1152
342	1214
326	1291
374	1518
368	1518
414	1585
403	1446
419	1390
389	1418
392	1254
333	1295
337	1339
357	1429
435	1621
391	1505
396	1623
378	1384
354	1410
361	1411
341	1458
356	1581
323	1385
325	1319
378	1237
330	1253
358	1254
365	1185
361	1296
373	1281
395	1510
384	1658
368	1401
378	1494
404	1580
362	1687
402	1571
387	1644
362	1730
409	1637
427	1635
453	1517
365	1475
362	1549
357	1829
345	1592
400	1494
383	1517
367	1380
400	1363
374	1436
379	1451
390	1245
405	1357
405	1595
407	1510
401	1565
350	1381
346	1336
365	1256
358	1368
354	1668
359	1689
414	1507
376	1531
375	1307
362	1256
360	1352
379	1196
319	1172
358	1484
378	1616
415	1677
357	1358
367	1387
357	1267
380	1515
409	1746
410	1837
354	1647
375	1624
440	1753
481	1309
482	1540
469	1621
455	1519
518	1668
458	1542
448	1587
427	1889
369	1719
389	1713
410	1501
402	1522
380	1362
426	1448
406	1630
394	1648
438	1480
329	1533
435	1664
378	1573
415	1585
420	1499
399	1437
371	1446
360	1506
360	1591
360	1477
358	1379
376	1478
329	1366
328	1339
364	1432
369	1677
336	1493
380	1487
366	1622
408	1358
398	1535
358	1481
341	1580
375	1394
324	1179
397	1435
374	1383
377	1534
372	1278
372	1437
425	1288
391	1243
350	1369
390	1607
417	1690
376	1674
344	1312
376	1423
417	1501
392	1387
409	1392
463	1340
414	1376
413	1363
357	1171
394	1261
415	1607
391	1488
406	1220
442	1389
407	1411
369	1374
417	1351
345	1478
373	1406
406	1252
378	1383
341	1162
352	1296
365	1361
319	1314
297	1281
335	1397
347	1393
390	1571
366	1394
387	1342
402	1283
345	1472
362	1518
389	1490
375	1508
358	1683
360	1726
383	1479
371	1454
388	1578
344	1702
376	1918
392	1892
398	1592
419	1479
393	1544
406	1762
410	1608
418	1531
411	1473
392	1406
393	1464
398	1501
355	1596
350	1528
336	1526
377	1370
330	1424
392	1315
404	1549
327	1360
329	1393
352	1417
391	1330
363	1333
414	1303
379	1340
407	1466
436	1558
408	1443
369	1446
420	1547
419	1480
396	1571
376	1638
391	1319
425	1453
390	1391
396	1565
459	1547
367	1423
401	1484
460	1575
433	1460
439	1358
417	1386
426	1402
439	1355
440	1588
484	1553
482	1568
372	1490
386	1318
356	1438
419	1416
387	1469
370	1440
377	1441
389	1311
365	1410
386	1418
407	1373
412	1415
427	1466
448	1395
389	1352
422	1424
501	1246
437	1155
425	1222
399	1474
395	1515
435	1388
365	1604
383	1311
379	1573
416	1632
409	1684
428	1372
439	1335
412	1475
506	1534
483	1305
463	1403
434	1518
426	1559
387	1542
407	1449
466	1423
414	1447
390	1519
409	1633
369	1442
362	1630
435	1406
432	1528
411	1425
440	1471
441	1313
414	1357
451	1306
399	1289
396	1316
394	1374
383	1353
406	1560
430	1349
422	1308
398	1340
451	1265
384	1176
399	1143
460	1245
441	1168
460	1319
434	1374
473	1370
375	1300
438	1400
481	1364
496	1442
417	1307
416	1359
434	1250
412	1519
368	1313
333	1308
412	1606
406	1624
339	1536
402	1405
358	1432
330	1536
373	1490
346	1268
417	1515
389	1376
392	1461
362	1401
404	1473
418	1641
391	1575
376	1461
387	1390
435	1317
418	1444
439	1504
423	1470
391	1354
455	1305
440	1233
418	1603
391	1352
413	1481
391	1476
414	1295
380	1358
367	1425
399	1526
382	1649
372	1418
390	1490
433	1401
417	1387
425	1225
368	1362
407	1325
406	1324
429	1248
399	1353
410	1574
401	1444
418	1372
350	1440
363	1239
365	1453
376	1382
419	1488
385	1295
420	1330
457	1433
426	1551
369	1586
385	1419
336	1399
355	1147
351	1187
405	1368
351	1455
383	1362
388	1301
438	1360
439	1371
395	1362
397	1220
371	1208
389	1341
443	1455
411	1454
358	1502
394	1499
358	1637
371	1399
338	1270
413	1384
418	1261
389	1514
406	1523
399	1573
432	1519
444	1484
408	1512
399	1386
432	1502
392	1567
371	1650
408	1596
431	1545
446	1534
338	1566
376	1486
389	1486
408	1506
404	1654
438	1456
450	1594
454	1473
401	1424
389	1353
394	1337
446	1323
401	1270
347	1248
379	1218
385	1406
362	1346
389	1179
395	1341
364	1491
333	1602
300	1460
372	1343
372	1334
343	1285
382	1363
356	1356
339	1371
373	1385
393	1496
332	1308
382	1342
364	1380
368	1181
376	1382
374	1464
363	1244
397	1360
363	1332
361	1197
375	1180
376	1299
396	1466
375	1292
395	1300
403	1384
419	1296
355	1287
345	1348
375	1441
394	1470
454	1659
383	1705
390	1580
377	1415
353	1395
389	1836
353	1729
383	1506
394	1398
375	1433
385	1497
395	1561
375	1504
401	1398
430	1422
394	1448
363	1455
415	1300
425	1612
375	1523
365	1412
377	1296
405	1306
328	1249
416	1309
412	1343
355	1246
389	1212
392	1447
429	1285
394	1234
418	1267
415	1289
397	1481
371	1439
403	1349
378	1385
462	1455
408	1271
467	1405
489	1379
435	1375
407	1397
422	1675
446	1733
425	1395
398	1485
445	1372
416	1482
465	1816
488	2011
421	2053
433	1801
396	1769
395	1502
419	1359
382	1180
408	1274
452	1301
410	1538
426	1485
468	1266
452	1281
466	1443
416	1469
439	1364
405	1295
416	1414
435	1384
471	1626
456	1573
384	1532
439	1701
409	1741
400	1348
431	1371
398	1634
414	1862
459	1570
452	1456
422	1432
372	1322
374	1508
409	1441
430	1436
455	1469
404	1530
370	1457
366	1413
399	1350
405	1439
413	1548
345	1550
338	1506
341	1408
399	1460
391	1079
359	1220
409	1435
403	1463
443	1324
402	1222
393	1516
387	1468
380	1395
366	1463
403	1475
415	1483
421	1572
406	1444
399	1553
380	1470
387	1583
452	1292
408	1314
368	1373
341	1217
336	1271
393	1166
389	1270
384	1493
433	1397
388	1400
388	1259
378	1380
345	1398
420	1173
343	1201
409	1345
438	1453
405	1390
342	1458
347	1276
323	1305
415	1036
419	1276
411	1282
379	1434
373	1564
376	1441
347	1308
344	1403
390	1403
366	1553
383	1610
342	1385
387	1439
373	1481
417	1488
336	1546
388	1482
343	1336
368	1253
393	1349
414	1273
408	1303
420	1453
331	1414
401	1649
382	1512
362	1595
370	1250
378	1359
413	1420
434	1474
427	1342
434	1422
427	1258
458	1505
409	1501
400	1375
375	1314
455	1431
444	1320
376	1237
406	1129
367	1086
410	1184
400	1262
330	1357
395	1393
410	1249
374	1200
423	1138
399	1458
413	1296
413	1348
441	1322
411	1232
419	1293
482	1442
447	1229
427	1286
477	1617
547	1535
657	1561
637	1362
566	1539
578	1660
880	1440
1471	1633
1916	1412
1683	1714
2262	1700
3288	1688
3766	1497
3790	1526
3487	1424
3668	1384
4475	1507
4837	1551
5095	1494
5095	1397
4925	1534
5345	1420
5154	1282
4997	1226
4801	1489
4968	1463
4716	1358
3698	1287
3371	1072
3464	1178
3342	1202
3193	1234
2709	1313
2155	1465
2020	1213
2324	1228
1972	1054
1718	1250
1476	1370
1425	1323
1246	1298
1224	1326
1115	1305
868	1457
811	1505
866	1419
884	1239
812	1396
885	1367
786	1498
716	1158
784	1379
782	1335
645	1218
605	1262
647	1602
653	1369
629	1266
476	1443
470	1500
482	1562
460	1534
459	1398
506	1386
482	1385
423	1420
429	1312
483	1221
477	1485
511	1186
538	1301
512	1259
475	1355
471	1352
473	1295
443	1541
503	1370
456	1464
492	1403
461	1540
482	1793
472	1615
452	1580
515	1350
472	1318
501	1323
486	1414
477	1156
503	1227
518	1247
525	1343
509	1309
448	1286
533	1314
505	1354
513	1196
506	1018
526	1115
494	946
545	979
539	1078
528	1172
515	1264
531	1325
570	1465
483	1409
598	1219
605	1060
546	1221
566	1233
621	1442
537	1348
596	1472
556	1527
522	1398
667	1294
674	1221
696	1298
656	1320
699	1302
736	1392
834	1511
889	1313
818	1308
772	1404
697	1339
781	1261
820	1251
775	1330
920	1275
879	1257
848	1295
883	1344
944	1349
973	1217
964	1211
1047	1381
1041	1400
1004	1319
1000	1524
1100	1509
1055	1319
974	1370
942	1227
1047	1377
1153	1156
1101	1343
978	1569
992	1294
941	1170
879	1128
742	1304
691	1437
577	1451
600	1296
556	1256
593	1448
592	1395
523	1446
501	1583
483	1727
500	1508
577	1544
551	1421
507	1487
513	1270
522	1206
531	1595
478	1370
452	1400
469	1297
432	1387
454	1303
388	1291
471	1280
415	1180
413	1454
415	1241
394	1423
399	1400
427	1548
392	1448
382	1548
387	1578
455	1644
435	1709
426	1594
435	1404
413	1349
375	1293
394	1285
381	1328
418	1358
369	1341
369	1477
412	1445
375	1357
366	1362
428	1310
390	1586
400	1459
410	1501
442	1561
418	1445
405	1531
445	1592
438	1231
425	1431
406	1637
438	1369
393	1448
380	1528
370	1596
399	1372
389	1458
375	1551
377	1695
405	1591
449	1498
487	1330
424	1326
400	1392
376	1250
379	1183
355	1047
374	1305
362	1359
400	1445
352	1192
367	1273
365	1329
373	1365
391	1384
408	1387
424	1662
426	1546
426	1583
373	1509
372	1419
403	1345
416	1517
378	1613
421	1364
422	1372
420	1263
354	1122
416	1263
470	1176
449	1154
415	1429
377	1384
391	1561
431	1381
419	1534
439	1505
359	1244
351	1194
356	1332
397	1334
405	1596
444	1574
392	1434
402	1436
395	1413
413	1435
424	1378
389	1354
396	1305
400	1252
389	1193
364	1169
347	1357
406	1256
395	1376
384	1478
427	1315
418	1269
408	1255
420	1453
376	1406
374	1451
376	1734
365	1445
376	1387
429	1466
376	1350
342	1395
404	1504
409	1469
404	1284
388	1157
393	1463
443	1413
442	1561
390	1266
393	1321
386	1416
470	1504
417	1587
354	1315
324	1389
389	1564
407	1689
463	1842
374	1799
408	1855
355	1846
358	1513
358	1427
428	1379
398	1377
425	1449
407	1536
423	1588
451	1497
455	1363
455	1597
427	1418
403	1554
359	1694
391	1657
436	1509
400	1650
356	1509
380	1572
367	1589
438	1346
369	1423
417	1414
480	1466
382	1491
390	1487
398	1606
414	1340
400	1686
408	1617
383	1622
477	1598
439	1425
460	1391
452	1542
423	1631
413	1386
418	1484
460	1573
432	1466
467	1470
509	1413
464	1390
478	1435
441	1519
444	1390
519	1579
516	1729
494	1830
488	1863
490	1740
531	1603
497	1385
582	1696
613	1604
556	1740
545	1519
497	1561
522	1512
582	1336
590	1496
552	1502
521	1678
582	1761
539	1747
463	1621
465	1533
478	1484
410	1567
473	1794
454	1622
472	1290
400	1390
426	1222
382	1311
426	1421
419	1542
408	1433
420	1427
433	1430
444	1429
405	1442
461	1418
468	1380
473	1498
494	1522
441	1401
421	1388
453	1343
408	1285
424	1384
425	1392
440	1363
388	1569
411	1521
359	1347
397	1741
420	1517
402	1414
364	1337
377	1400
330	1210
334	1159
360	1297
374	1425
408	1395
388	1588
410	1538
321	1510
408	1802
409	1606
448	1542
408	1551
407	1442
387	1437
412	1415
395	1249
413	1217
400	1273
396	1359
393	1459
303	1337
423	1358
405	1549
436	1338
413	1515
381	1292
407	1394
362	1362
356	1374
386	1121
379	1283
400	1178
369	1255
385	1155
383	1196
378	1320
383	1201
396	1300
423	1064
403	1150
385	1050
395	1135
394	1228
424	1208
402	1133
407	1138
417	1375
404	1293
426	1252
451	1292
362	1412
381	1378
397	1172
422	1581
451	1446
406	1568
434	1547
433	1665
448	1649
449	1347
458	1283
436	1522
490	1441
475	1723
492	1344
437	1238
445	1249
464	1538
439	1403
415	1309
449	1300
508	1282
400	1309
403	1147
402	1177
386	1266
414	1285
359	980
410	1039
363	957
435	1166
429	1232
415	1158
431	1246
450	1260
403	1286
402	1229
422	1400
427	1179
480	1183
488	1046
404	1096
392	1155
393	1351
418	1148
409	1282
410	1338
437	1298
401	1698
414	1546
388	1611
438	1481
429	1348
418	1308
416	1291
435	1459
416	1504
396	1296
388	1217
402	1235
413	1544
404	1517
442	1370
440	1281
422	1367
409	1435
452	1135
424	1228
455	1315
456	1343
414	1248
380	1195
375	1330
435	1499
399	1280
428	1335
414	1344
430	1489
420	1399
399	1290
491	1291
474	1511
394	1446
463	1501
383	1379
421	1230
431	1386
425	1265
440	1266
469	1419
395	1287
398	1142
397	1339
439	1353
491	1233
412	1256
380	1204
459	1267
450	1254
443	1200
421	1113
458	1208
456	1221
432	1277
452	1288
426	1298
462	1299
444	1329
374	1448
390	1562
418	1443
425	1220
422	1281
412	1311
335	1359
362	1263
374	1295
347	1179
367	1197
385	1192
407	1043
369	1112
425	1077
429	1307
423	1246
390	1090
394	1252
341	1406
409	1277
433	1374
445	1304
568	1098
449	1359
431	1145
456	1188
549	1175
511	1338
446	1272
559	1386
596	1195
565	1151
574	1280
624	1456
602	1558
621	1531
705	1567
626	1453
647	1539
658	1596
631	1553
524	1345
515	1349
516	1344
571	1230
529	1337
510	1384
460	1456
486	1401
471	1258
376	1484
425	1271
412	1298
426	1453
368	1354
392	1302
366	1138
387	1293
392	1377
415	1210
432	1119
384	1316
394	1257
427	1512
418	1353
414	1359
441	1263
370	1298
394	1301
373	1506
439	1400
432	1649
439	1434
481	1361
475	1379
397	1375
473	1298
456	1479
467	1340
380	1564
403	1670
379	1608
438	1454
398	1518
412	1385
373	1348
342	1405
395	1296
378	1242
352	1310
346	1637
424	1337
395	1303
353	1490
396	1488
375	1328
404	1294
401	1454
361	1361
407	1411
387	1435
367	1555
375	1505
397	1421
449	1340
457	1323
439	1388
466	1322
396	1345
328	1420
344	1417
346	1388
368	1309
372	1351
414	1329
352	1285
423	1383
423	1402
344	1250
402	1240
377	1292
431	1242
382	1440
407	1610
364	1630
344	1555
384	1154
348	1418
356	1474
421	1736
398	1509
370	1483
402	1348
370	1459
280	1587
399	1491
346	1285
369	1349
376	1265
387	1178
440	1582
407	1607
456	1572
380	1736
399	1584
373	1269
388	1385
403	1423
396	1375
408	1539
410	1370
427	1572
422	1315
387	1422
383	1533
355	1447
430	1319
428	1363
408	1479
424	1445
422	1295
424	1301
403	1228
370	1264
318	1278
359	1162
351	1248
357	1491
410	1462
416	1506
406	1355
406	1330
413	1231
410	1288
383	1485
368	1358
416	1312
442	1058
456	1312
388	1107
383	1206
488	1341
451	1390
473	1389
446	1539
476	1376
452	1425
466	1124
542	1259
493	1325
421	1299
459	1312
476	1517
453	1514
429	1469
430	1521
432	1381
491	1332
460	1422
515	1669
435	1645
513	1517
588	1660
476	1622
440	1400
511	1264
467	1221
430	1239
437	1295
384	1456
442	1668
402	1401
380	1502
403	1515
409	1475
440	1460
413	1395
437	1444
392	1383
428	1760
383	1451
433	1508
406	1557
373	1519
436	1358
467	1232
424	1186
424	1355
385	1438
472	1577
430	1428
418	1379
426	1484
427	1292
420	1169
466	1141
454	1166
427	1456
443	1467
485	1531
430	1273
430	1524
425	1444
416	1224
413	1533
405	1532
385	1257
452	1422
395	1422
421	1513
378	1533
423	1379
384	1565
404	1329
441	1373
433	1331
377	1202
404	1432
497	1435
402	1204
441	1207
419	1179
470	935
485	995
490	1098
515	1292
572	1398
515	1267
423	1292
484	1356
467	1408
550	1253
629	1368
604	1493
525	1399
494	1309
564	1437
551	1306
554	1259
586	1465
574	1492
557	1560
591	1325
549	1282
537	1293
550	1352
488	1234
553	1443
558	1507
600	1318
587	1455
583	1307
552	1484
608	1615
611	1545
728	1517
621	1638
674	1548
677	1525
657	1387
681	1430
732	1420
637	1521
656	1490
727	1597
661	1418
706	1218
757	1400
719	1468
737	1279
656	1290
714	1408
744	1311
788	1353
771	1445
845	1457
859	1556
791	1524
829	1496
858	1527
838	1438
852	1495
820	1364
765	1203
690	1257
629	1329
705	1380
761	1240
720	1342
745	1454
759	1342
847	1123
789	1206
802	1293
820	1343
821	1523
879	1325
902	1359
899	1313
848	1253
755	1311
846	1379
845	1419
775	1494
801	1343
839	1342
780	1193
763	1118
755	1173
733	1360
633	1394
693	1491
721	1350
732	1261
697	1722
736	2036
694	1568
592	1623
683	1495
702	1429
600	1401
640	1459
657	1401
668	1444
655	1438
618	1392
647	1558
643	1763
563	1614
589	1221
499	1112
532	1407
550	1410
613	1243
507	1340
457	1343
521	1464
439	1500
549	1417
576	1487
586	1352
624	1667
577	1541
556	1531
504	1483
546	1358
549	1415
517	1427
516	1517
488	1333
512	1305
510	1335
515	1495
473	1506
515	1465
554	1295
491	1317
439	1445
495	1442
412	1183
461	1229
428	1207
463	1297
421	1295
403	1393
384	1185
400	1333
416	1413
358	1335
407	1209
406	1342
375	1291
364	1161
380	1332
406	1308
400	1310
354	1259
340	1384
401	1302
415	1221
368	1378
349	1179
336	1163
390	1354
399	1577
404	1519
386	1498
366	1350
392	1496
376	1464
367	1595
385	1550
375	1680
436	1950
377	1786
423	1900
424	1703
490	1602
446	1416
388	1249
415	1174
399	1260
390	1413
420	1516
413	1412
411	1538
444	1477
376	1437
382	1631
365	1642
354	1495
337	1261
361	1062
383	1228
399	1414
402	1369
384	1504
359	1566
328	1364
386	1454
438	1433
402	1759
395	1730
361	1415
396	1473
382	1388
402	1369
397	1291
397	1550
446	1502
420	1575
432	1519
431	1554
406	1697
410	1413
372	1294
403	1190
391	1231
392	1318
467	1181
452	1077
435	999
460	1014
502	1304
429	1368
400	1184
397	1144
437	1188
436	1244
408	1367
403	1423
390	1445
426	1216
402	1261
398	1345
353	1270
352	1177
377	1120
385	1203
332	1285
370	1269
388	1189
392	1121
363	1214
384	1122
360	1105
378	1127
376	1101
376	1217
398	1236
362	1260
379	1355
392	1412
406	1517
416	1402
393	1246
364	1276
342	1490
343	1504
322	1500
364	1306
295	1597
338	1711
328	1581
352	1376
407	1512
395	1655
369	1797
349	1744
356	1570
362	1580
329	1484
356	1503
367	1315
422	1473
421	1500
436	1476
355	1472
412	1293
386	1391
419	1535
411	1497
378	1631
424	1411
448	1696
361	1491
379	1431
385	1368
374	1423
385	1490
406	1470
424	1383
425	1241
435	1361
415	1292
380	1358
456	1253
455	1376
367	1555
388	1577
408	1328
422	1400
408	1456
423	1392
398	1357
384	1419
424	1474
446	1377
421	1583
400	1598
429	1600
456	1410
440	1346
428	1303
436	1490
409	1475
405	1273
429	1254
415	1161
452	1193
471	1305
392	1447
453	1295
422	1333
498	1291
467	1204
416	1441
383	1360
421	1252
411	1393
353	1337
416	1501
324	1353
355	1253
365	1378
386	1434
419	1370
408	1422
500	1446
404	1384
431	1633
424	1702
423	1369
398	1365
456	1388
391	1561
397	1448
419	1392
404	1350
369	1620
378	1429
390	1437
402	1455
390	1297
376	1367
442	1281
400	1480
381	1318
376	1241
388	1088
372	1052
411	1164
365	1457
348	1378
369	1305
372	1056
385	1265
365	1250
375	1254
376	1332
391	1282
396	1420
405	1205
411	1257
372	1160
417	1099
372	1168
354	1111
357	1182
346	1374
335	1210
440	1363
375	1376
359	1358
355	1137
338	1195
362	1338
411	1136
364	1157
395	1088
424	1076
403	994
372	1115
371	1369
419	1225
395	1492
405	1661
423	1469
353	1547
435	1562
440	1546
406	1368
467	1307
385	1405
364	1414
389	1534
352	1383
399	1368
402	1211
381	1235
389	1243
405	1382
376	1368
374	1317
388	1350
386	1412
374	1428
379	1269
393	1293
421	1404
349	1363
362	1408
386	1578
416	1779
401	1585
394	1531
405	1495
402	1532
380	1438
430	1302
433	1346
424	1295
473	1371
380	1325
421	1418
421	1218
432	1591
458	1326
481	1477
471	1398
416	1642
416	1717
390	1579
424	1691
502	1807
451	1768
445	1609
441	1445
442	1683
452	1468
462	1327
512	1337
465	1314
496	1491
425	1262
383	1579
389	1468
451	1530
386	1268
395	1528
345	1237
407	1489
374	1509
376	1546
431	1595
432	1556
437	1690
360	1745
336	1497
343	1546
383	1453
400	1468
414	1457
380	1453
375	1526
380	1385
384	1539
423	1511
398	1439
400	1257
351	1173
351	1291
362	1413
417	1374
389	1308
405	1202
390	1291
423	1169
390	1096
388	1157
405	1265
382	1255
402	1195
431	1269
369	1420
385	1227
386	1521
413	1358
365	1429
407	1431
415	1674
390	1695
389	1537
425	1386
398	1285
397	1251
384	1386
384	1251
433	1200
432	1244
384	1406
406	1510
429	1373
392	1591
376	1243
372	1211
414	1345
418	1159
391	1185
461	1429
379	1652
418	1403
417	1388
376	1229
376	1253
375	1376
381	1434
357	1558
365	1445
386	1168
388	1296
449	1333
382	1270
380	1243
463	1379
395	1558
317	1443
393	1333
449	1481
424	1319
438	1615
422	1597
446	1536
430	1268
419	1102
385	1369
389	1362
414	1082
386	1188
354	1266
369	1308
385	1317
369	1200
344	1251
371	1088
439	1203
443	1164
411	1013
438	1080
447	1161
429	1150
381	1333
474	1536
398	1258
402	1334
362	1466
353	1655
340	1581
364	1378
324	1476
352	1643
373	1699
358	1324
391	1440
414	1432
396	1451
435	1464
426	1416
379	1460
420	1459
388	1582
400	1419
428	1589
383	1571
420	1506
413	1554
383	1641
382	1481
409	1820
414	1481
434	1431
357	1323
379	1347
317	1385
343	1393
361	1293
340	1333
342	1407
341	1369
321	1646
379	1425
343	1334
384	1427
415	1319
394	1355
360	1365
368	1111
367	1277
384	1167
388	1231
386	1407
347	1230
364	1294
369	1247
423	1462
392	1452
393	1304
413	1395
437	1401
371	1261
377	1138
424	1139
419	1230
381	1292
413	1545
381	1432
428	1448
431	1353
436	1325
378	1314
388	1286
387	1171
379	1425
371	1462
436	1297
395	1322
382	1207
442	1392
405	1463
394	1288
413	1253
407	1313
344	1281
410	1277
412	1277
384	1406
323	1454
400	1486
364	1852
400	1715
413	1423
352	1620
369	1700
394	1466
370	1685
352	1420
382	1710
327	1598
338	1455
420	1342
357	1395
337	1290
365	1708
374	1531
339	1288
350	1325
374	1200
403	1238
413	1273
440	1338
423	1414
383	1415
359	1615
340	1591
395	1374
391	1275
369	1271
361	1347
411	1538
347	1359
381	1401
364	1402
363	1410
405	1437
405	1405
342	1387
402	1386
396	1434
363	1559
368	1261
423	1506
329	1454
356	1598
356	1582
373	1471
348	1628
385	1507
381	1947
409	1896
377	1680
377	1561
449	1463
360	1407
404	1391
388	1310
430	1582
411	1363
401	1498
441	1373
410	1183
350	1220
435	1254
417	1216
403	1436
406	1294
411	1156
421	1272
456	1185
376	1237
419	1203
439	1205
407	1309
453	1503
452	1454
383	1399
388	1486
370	1501
427	1624
486	1515
417	1453
463	1299
459	1083
417	1184
399	1297
438	1373
407	1325
438	1385
405	1207
434	1245
371	1182
371	1232
427	1362
447	1313
440	1252
431	1248
427	1310
454	1299
446	1477
479	1368
423	1214
380	1204
377	1170
395	1160
380	1330
405	1261
357	1311
347	1482
338	1180
346	1273
362	1101
382	1163
371	1014
373	1080
351	1276
410	1137
364	1102
399	1113
428	1164
350	1247
413	1260
406	1425
443	1407
395	1513
460	1541
328	1555
374	1397
406	1411
369	1247
421	1275
393	1160
447	1218
426	1398
416	1446
423	1371
371	1488
430	1269
467	1303
421	1292
437	1239
367	1335
374	1101
366	1278
393	1188
420	1390
392	1413
387	1376
343	1475
364	1539
377	1703
413	1458
377	1488
389	1802
362	1396
399	1326
401	1447
343	1592
375	1332
384	1251
372	1290
447	1257
425	1469
411	1348
487	1404
418	1364
388	1650
386	1507
426	1495
385	1410
350	1643
416	1633
392	1354
454	1542
375	1384
420	1416
392	1299
377	1298
386	1199
360	1393
336	1408
350	1402
349	1517
387	1549
411	1213
386	1439
413	1371
452	1300
408	1076
410	1216
393	1331
415	1414
428	1398
406	1535
402	1794
448	1422
450	1273
445	1252
413	1446
476	1474
497	1497
466	1378
611	1452
741	1380
845	1489
772	1392
742	1398
659	1339
488	1281
545	1518
561	1738
670	1559
617	1483
584	1552
702	1620
658	1645
643	1557
560	1338
652	1463
685	1594
706	1620
772	1486
767	1539
704	1483
703	1645
657	1789
603	1441
526	1217
488	1301
424	1306
447	1399
453	1174
445	1361
457	1354
443	1429
447	1280
445	1142
462	1192
474	1514
460	1383
464	1373
404	1554
469	1496
461	1550
406	1342
365	1456
462	1345
416	1600
424	1536
458	1518
382	1557
380	1562
394	1426
400	1386
416	1301
489	1309
493	1364
431	1273
355	1178
364	1367
388	1437
364	1399
389	1247
391	1173
412	1406
375	1406
357	1292
369	1358
374	1509
364	1321
362	1310
377	1267
371	1310
382	1399
395	1189
358	1246
403	1310
385	1167
343	1380
392	1166
416	1361
442	1017
395	1149
386	1331
410	1268
441	1496
418	1466
433	1336
473	1513
456	1721
412	1728
456	1502
409	1525
378	1629
363	1608
360	1747
349	1643
405	1184
414	1460
444	1513
457	1439
418	1526
422	1422
411	1521
414	1672
385	1384
390	1228
424	1244
415	1192
416	1295
373	1254
412	1308
343	1290
382	1444
391	1496
371	1350
379	1433
357	1433
399	1376
356	1090
359	1567
424	1455
417	1488
402	1311
384	1228
369	1301
403	1358
408	1208
394	1407
400	1627
355	1609
396	1382
371	1379
341	1538
405	1756
357	1609
422	1630
415	1756
333	1659
379	1685
395	1635
406	1587
382	1419
401	1302
401	1449
403	1286
382	1060
392	1223
326	1157
372	1388
415	1237
391	1539
419	1468
406	1306
395	1481
406	1603
386	1264
398	1278
424	1219
412	1094
411	1239
415	1255
420	1263
391	1427
369	1403
335	1382
404	1410
408	1678
375	1602
375	1796
354	1470
383	1560
396	1422
405	1299
373	1437
422	1382
397	1415
400	1545
369	1394
352	1320
356	1398
352	1574
383	1298
412	1291
432	1329
439	1198
411	1324
458	1377
410	1306
404	1300
427	1284
384	1299
430	1285
428	1379
422	1494
402	1435
417	1423
410	1286
440	1410
404	1221
408	1364
388	1337
416	1153
395	1283
402	1447
387	1128
332	1008
385	1298
400	1161
461	1150
419	1276
429	1450
400	1403
431	1311
464	1370
453	1630
404	1620
458	1542
412	1341
442	1403
450	1706
459	1434
475	1444
444	1492
434	1536
404	1541
421	1451
411	1504
432	1422
440	1450
380	1547
405	1386
408	1552
453	1310
396	1378
402	1382
359	1417
400	1444
385	1510
384	1481
373	1362
384	1255
407	1569
398	1342
417	1333
373	1228
344	1222
352	1138
371	1367
433	1356
399	983
400	1258
341	1303
408	1288
383	1213
347	1303
420	1329
400	1354
436	1493
434	1489
385	1665
366	1501
408	1484
420	1393
423	1555
397	1599
400	1411
374	1582
406	1541
393	1417
395	1450
379	1670
396	1708
420	1652
457	1422
426	1361
416	1538
343	1580
378	1294
343	1077
349	1194
398	1288
382	1355
350	1492
338	1502
392	1489
349	1388
409	1238
383	1367
382	1217
413	1376
487	1425
422	1385
420	1399
412	1568
353	1189
408	1434
347	1463
326	1458
392	1343
386	1413
404	1505
403	1444
322	1221
357	1260
364	1207
350	1488
353	1250
394	1399
363	1286
394	1298
399	1388
434	1391
436	1359
398	1498
406	1758
364	1618
336	1669
375	1483
378	1467
377	1386
360	1375
362	1429
364	1362
374	1478
402	1346
394	1277
311	1186
330	1337
339	1474
417	1312
399	1583
342	1600
339	1500
377	1379
387	1527
411	1380
440	1354
414	1443
403	1352
372	1171
348	1469
377	1385
361	1424
379	1436
353	1290
374	1337
316	1332
314	1461
343	1350
343	1442
368	1406
341	1392
380	1671
424	1520
383	1211
411	1307
357	1331
377	1335
402	1545
346	1200
316	1306
396	1279
368	1254
411	1324
391	1126
359	1245
367	1122
403	1201
404	1260
394	1297
357	1178
437	1279
416	1274
423	1279
357	1216
333	1259
359	1203
356	1220
377	1148
367	1331
378	1412
399	1244
395	1096
383	1072
399	1151
378	1217
410	1390
409	1160
409	1278
418	1347
394	1115
355	1004
350	1204
318	1253
383	1456
367	1251
352	1273
404	1150
335	1196
369	1252
412	1214
371	1435
389	1371
375	1675
370	1404
392	1406
359	1389
359	1405
360	1448
372	1277
350	1295
392	1524
425	1396
363	1320
406	1295
394	1170
428	1187
389	1147
419	1333
408	1279
368	1314
344	1111
387	1112
450	1203
430	1226
410	1029
339	1061
395	1150
355	1212
346	1220
398	1290
417	1295
415	1067
447	1104
393	1314
382	1349
381	1376
357	1400
408	1265
385	1236
392	1163
387	1217
380	1288
362	1196
361	1420
392	1375
451	1370
396	1408
400	1335
395	1256
400	1227
405	1239
382	1563
373	1315
390	1558
363	1356
434	1253
398	1253
374	1155
354	1246
408	1295
412	1371
405	1370
393	1148
397	1279
412	1424
449	1452
374	1571
433	1247
391	1194
362	1258
396	1157
444	1205
379	1225
396	1454
457	1545
421	1182
415	1223
373	1403
457	1421
427	1393
442	1703
435	1353
472	1351
416	1430
426	1668
404	1480
466	1727
484	1689
471	1478
462	1522
433	1551
398	1312
424	1342
435	1268
375	1359
422	1213
426	1238
366	1284
412	1360
424	1408
460	1476
423	1531
427	1519
457	1414
497	1381
455	1466
442	1314
487	1307
462	1187
425	1283
496	1316
446	1429
504	1383
431	1174
447	1364
472	1424
444	1318
452	1180
421	1239
513	1480
426	1565
488	1525
443	1374
468	1278
425	1305
502	1363
476	1541
448	1412
549	1355
498	1194
489	1370
511	1186
533	1329
507	1196
479	1336
480	1317
535	1278
517	1217
509	1147
525	1104
598	1205
515	1214
554	1333
491	1426
514	1366
510	1279
525	1360
515	1202
460	1277
500	1628
487	1359
487	1284
444	1315
529	1158
513	1246
511	1433
526	1463
500	1251
512	1273
532	1213
490	1338
459	1103
501	1245
554	1285
532	1465
480	1154
486	1347
537	1342
453	1248
513	1186
488	1230
538	1244
580	1154
544	1231
545	1400
563	1417
563	1076
508	1317
552	1438
587	1214
546	1294
453	1101
507	1226
470	1426
509	1286
499	1380
439	1482
517	1381
439	1420
538	1269
459	1314
449	1434
480	1394
447	1278
510	1342
500	1297
518	1475
503	1391
469	1160
451	1398
428	1288
510	1286
431	1417
487	1517
505	1428
443	1203
484	1198
460	1212
420	1257
455	1169
449	1129
503	1335
411	1094
410	1259
450	1204
451	1282
385	1169
431	1288
455	1115
447	1548
483	1576
467	1369
452	1368
502	1604
453	1610
536	1568
534	1493
539	1535
485	1482
439	1648
481	1574
519	1526
461	1616
531	1706
488	1543
470	1452
428	1425
493	1286
443	1406
447	1543
427	1343
406	1180
468	1343
456	1458
474	1396
469	1390
432	1432
504	1435
415	1274
371	1209
458	1512
450	1344
421	1405
490	1371
430	1236
410	1191
450	1117
438	1182
440	1315
433	1169
424	1426
447	1478
437	1501
443	1329
491	1489
440	1395
441	1503
419	1413
388	1251
413	1344
426	1429
470	1647
463	1708
444	1362
429	1511
502	1466
449	1268
423	1283
377	1230
411	1117
421	1245
434	1250
441	1113
440	1092
404	1243
394	1005
423	1168
376	1149
421	1144
418	1154
405	1012
397	1122
402	1084
436	1328
369	1243
409	1318
418	1474
407	1493
348	1514
379	1400
410	1436
386	1581
437	1312
450	1169
393	1115
445	1032
444	1000
369	1124
382	1076
441	1393
345	1201
394	1216
451	1157
409	1184
386	1240
380	1235
414	1347
381	1261
419	1497
384	1444
408	1436
481	1411
470	1509
437	1337
450	1516
434	1369
423	1343
443	1419
407	1276
448	1434
339	1321
407	1182
367	1185
410	1210
381	1206
441	1168
381	1107
386	1369
388	1272
411	1276
423	1270
413	1344
429	1247
435	1171
435	1265
452	1541
496	1505
375	1273
457	1414
412	1394
430	1190
448	1036
485	1130
384	1161
412	1093
388	1217
416	1458
428	1242
474	1305
400	1282
419	1381
457	1176
449	1182
414	1324
427	1240
470	1240
403	1302
479	1143
455	1312
401	1326
429	1351
373	1278
389	1205
415	1311
429	1180
394	1218
423	1285
389	1569
379	1520
361	1485
445	1444
474	1719
448	1471
390	1490
395	1369
434	1498
428	1318
401	1361
376	1372
364	1403
411	1113
390	1190
399	1253
394	1295
426	1138
344	1435
386	1283
362	1190
405	1110
434	1121
439	982
370	1145
410	1406
397	1282
431	1301
424	1162
418	1368
400	1339
453	1360
449	1396
411	1376
410	1232
390	1240
359	1090
362	1140
380	1306
440	1290
402	1330
423	1334
422	1570
489	1302
477	1388
434	1448
462	1599
423	1700
394	1671
382	1278
446	1269
416	1291
429	1224
449	1412
408	1428
365	1438
399	1504
454	1620
442	1575
456	1547
398	1307
393	1245
383	1094
461	1364
429	1290
422	1304
414	1290
398	1385
447	1443
407	1453
414	1622
451	1645
418	1426
387	1416
412	1614
408	1474
406	1487
377	1607
411	1635
380	1543
412	1611
379	1563
401	1600
435	1564
456	1383
441	1664
421	1486
428	1526
443	1456
440	1418
442	1420
419	1561
438	1284
447	1143
395	1222
437	1496
461	1470
398	1499
395	1333
405	1394
362	1323
377	1237
411	1266
426	1481
445	1298
442	1202
412	1266
389	1273
405	1320
483	1288
432	1429
448	1339
433	1488
419	1690
409	1585
449	1668
384	1576
382	1371
335	1365
412	1307
407	1263
369	1304
407	1291
412	1233
406	1214
380	1135
399	1306
346	1189
347	1255
367	1415
331	1450
411	1333
398	1328
380	1385
417	1370
374	1246
387	1278
420	1293
383	1246
432	1283
334	1326
344	1270
321	1225
386	1237
416	1322
383	1497
411	1432
390	1357
400	1254
362	1218
344	982
346	906
375	1212
353	1324
356	1512
383	1372
366	1687
390	1432
325	1288
314	1417
357	1247
357	1070
428	1261
443	1382
390	1026
341	1075
384	1181
379	1259
360	1166
383	1048
360	1107
431	1097
370	1253
384	1235
393	1219
432	1201
396	1254
370	1225
394	1219
394	1207
384	1158
428	1493
376	1195
375	1121
451	1235
425	1263
389	1076
373	1200
340	1360
421	1196
419	1230
358	1232
357	1117
361	1158
321	1286
405	1133
380	1195
381	1221
394	1227
423	1311
414	1233
394	1297
376	1428
414	1219
488	1076
471	1331
450	1635
433	1471
478	1284
403	1357
414	1366
393	1507
374	1246
410	1683
425	1469
402	1484
366	1422
332	1318
345	1458
359	1569
374	1286
392	1285
416	1265
384	1550
383	1382
420	1339
413	1390
431	1429
382	1188
404	1371
443	1378
407	1263
443	1257
413	1321
443	1346
430	1529
417	1441
425	1492
376	1456
434	1299
388	1359
378	1260
462	1550
402	1442
415	1417
345	1715
362	1507
395	1408
373	1661
362	1481
371	1648
366	1790
368	1560
395	1713
392	1693
417	1464
421	1235
399	1225
339	1254
332	1393
416	1303
458	1363
421	1432
417	1469
433	1481
426	1539
383	1592
386	1589
388	1587
420	1517
372	1360
398	1354
446	1409
425	1431
428	1416
404	1342
433	1343
493	1253
454	1376
416	1478
422	1620
454	1700
456	1527
438	1692
423	1444
382	1291
412	1505
396	1513
402	1477
425	1517
405	1615
411	1595
429	1291
384	1479
468	1468
443	1450
459	1677
416	1566
419	1475
371	1398
382	1351
351	1306
371	1478
397	1459
387	1160
411	1330
421	1318
414	1427
528	1376
499	1072
487	1109
426	1108
489	1046
571	1255
560	1352
618	1260
672	1280
626	1414
652	1314
607	1440
566	1297
537	1172
533	1192
487	1264
435	1059
450	1271
414	1242
421	1554
432	1417
377	1439
416	1381
379	1455
366	1344
415	1276
401	1234
378	1267
400	1247
391	1737
430	1495
395	1372
360	1443
320	1179
367	1134
412	1259
420	1211
408	1238
435	1405
418	1307
489	1480
481	1301
483	1272
444	1414
484	1530
444	1474
444	1579
480	1382
480	1720
494	1500
456	1549
430	1343
417	1527
390	1400
447	1334
403	1050
398	1152
441	1260
446	1312
432	1215
423	1524
448	1581
366	1449
368	1540
380	1475
405	1471
370	1759
379	1433
420	1503
382	1483
421	1420
368	1359
379	1448
365	1376
336	1232
371	1381
435	1550
434	1345
410	1356
389	1311
452	1354
361	1262
397	1443
395	1644
391	1689
447	1316
408	1274
432	1215
380	1194
402	1134
387	1311
361	1423
417	1167
429	1223
393	1367
408	1326
385	1194
365	1297
358	1632
414	1597
374	1601
354	1266
403	1558
381	1433
362	1464
435	1481
389	1382
386	1340
397	1545
435	1468
384	1608
348	1434
352	1549
381	1502
400	1481
442	1511
412	1228
377	1215
365	1310
391	1122
387	1214
420	1199
412	1134
351	1131
420	1123
389	1133
441	1111
459	1435
452	1486
445	1410
411	1214
410	1258
383	1036
424	1180
376	1309
416	1557
388	1355
411	1440
442	1646
346	1547
452	1316
376	1360
431	1318
364	1393
321	1540
410	1491
449	1374
424	1316
354	1287
416	1383
358	1216
397	1153
402	1305
391	1525
383	1524
372	1419
388	1388
368	1358
326	1472
385	1514
399	1582
371	1763
356	1737
370	1684
383	1795
357	1625
344	1654
370	1748
379	1568
395	1568
409	1554
495	1507
467	1424
498	1250
550	1308
490	1710
486	1446
442	1384
438	1564
413	1519
450	1354
413	1451
373	1531
449	1434
427	1651
416	1472
441	1601
415	1262
444	1322
406	1405
396	1392
387	1524
374	1518
452	1707
413	1402
453	1400
464	1452
427	1339
403	1199
453	1049
473	1398
408	1498
434	1574
416	1597
466	1609
459	1463
493	1508
463	1387
457	1231
416	1200
441	1372
452	1091
437	1151
446	1104
470	1307
455	1570
469	1278
411	1371
478	1197
464	1308
411	1515
414	1550
420	1443
422	1710
485	1746
523	1570
635	1407
595	1388
620	1295
649	1386
577	1253
653	1119
769	1069
770	1128
714	1200
693	1240
631	1202
544	1367
545	1233
498	1178
553	1321
499	1309
523	1416
465	1501
514	1345
502	1394
461	1415
479	1145
453	1211
520	1272
432	1212
395	1436
423	1393
453	1298
448	1335
444	1293
491	1339
466	1252
487	1142
531	1041
448	1013
502	1054
538	1257
505	1441
459	1392
508	1339
500	1389
528	1288
495	1225
533	1190
521	1324
568	1266
572	1262
615	1206
671	1371
634	1248
621	1243
705	1231
636	1190
748	1143
668	1095
705	990
742	1181
689	1246
703	1277
616	1309
766	1152
748	1490
631	1492
692	1352
745	1352
745	1393
713	1317
746	1357
743	1436
718	1265
816	1329
695	1221
706	1272
768	1316
752	1359
867	1277
839	1149
887	1341
821	1169
898	1140
876	1202
900	1329
1026	1141
958	1146
939	1257
936	1351
913	1359
1029	1263
911	1346
928	1414
910	1390
931	1346
923	1327
995	1306
1108	1446
1122	1165
1149	1359
1135	1321
1231	1146
1292	1188
1304	1195
1276	1288
1300	1334
1242	1388
1304	1565
1256	1370
1173	1309
1334	1195
1302	1176
1093	1124
1100	1319
1044	1325
1065	1216
1059	1356
1039	1664
998	1400
1023	1234
1097	1311
1077	1350
1093	1601
1125	1464
1272	1460
1243	1421
1202	1510
1288	1535
1308	1712
1302	1530
1255	1598
1195	1595
1187	1463
1095	1385
1008	1293
1011	1382
890	1244
884	1196
861	1275
916	1291
965	1172
1013	1234
950	1239
943	1090
1088	1073
1026	1212
1192	1268
1260	1344
1229	1472
1231	1427
1158	1489
1178	1438
1113	1380
1101	1439
1037	1466
934	1589
930	1472
913	1325
901	1250
809	1115
910	1239
979	1248
922	1310
880	1172
859	1288
945	1291
968	1234
915	1191
898	1319
968	1301
835	1302
917	1454
933	1263
918	1260
934	1198
830	1292
877	1435
799	1319
797	1222
724	1179
649	1437
677	1376
697	1138
691	1262
733	1220
658	1353
671	1065
653	1106
751	1038
633	1029
687	949
746	1005
702	1213
697	1306
694	1165
593	1246
630	1339
557	1172
652	1421
545	1274
540	1288
549	1205
606	1240
539	1461
508	1134
516	1153
478	1194
449	1248
509	1448
558	1264
487	1591
472	1570
488	1315
473	1243
539	1169
475	1027
504	1365
517	1477
486	1325
537	1383
513	1121
472	1299
408	1032
491	1172
482	1272
450	1358
389	1590
450	1569
452	1220
389	1169
421	1502
401	1638
455	1569
467	1365
434	1268
497	1568
446	1333
447	1368
440	1330
496	1313
454	1203
426	1306
372	1248
391	981
418	1133
455	1205
410	1342
406	1095
429	1212
450	1076
460	1256
418	1205
434	1241
394	1202
422	1262
401	1507
389	1217
445	1570
409	1418
448	1101
453	1313
453	1693
406	1688
432	1681
413	1534
429	1509
483	1237
408	1487
476	1269
451	1294
391	1375
441	1448
399	1315
438	1101
388	1143
445	1331
417	1393
402	1375
373	1257
384	1119
370	1328
374	1288
375	1269
400	1216
353	1011
419	1199
407	1153
473	1102
470	1301
449	1018
408	1026
370	1328
409	1414
421	1134
384	1017
385	1130
350	1231
399	1224
358	1353
416	1380
346	1269
334	1294
374	1326
362	1201
393	1274
412	1490
370	1412
421	1350
401	1407
387	1517
365	1252
375	1422
367	1247
338	1093
369	1042
364	1098
399	1082
375	1203
425	1274
391	1112
382	1243
415	1103
385	1181
354	1203
408	1176
392	1260
370	1118
357	1121
375	1366
421	1220
431	1286
449	1150
453	1203
367	1344
416	1306
489	1596
387	1472
414	1324
437	1428
433	1314
386	1239
390	1533
355	1535
368	1486
366	1506
392	1294
369	1218
353	1562
404	1511
387	1420
430	1454
404	1635
394	1306
448	1235
383	1236
361	1305
404	1344
372	1370
393	1312
435	1156
401	1218
368	1206
421	1274
437	1393
407	1270
420	1243
390	1392
388	1479
409	1408
358	1255
414	1369
421	1385
403	1121
389	1195
478	1385
471	1340
438	1222
402	1100
363	1280
376	1172
373	1317
386	1199
383	1319
401	1619
495	1254
460	1298
443	1287
396	1257
438	1126
500	1255
481	1141
476	1156
498	1308
555	1295
638	1304
602	1185
587	1248
659	1234
764	1272
827	1151
777	1391
705	1327
750	1329
844	1477
1108	1250
1111	1220
1009	1365
991	1236
1090	1279
1374	1378
1509	1256
1575	1274
1601	1171
1851	1332
2171	1074
2338	1162
2309	1151
2087	1223
2149	1255
2697	1437
2828	1253
2832	1236
2758	1132
2820	1275
3467	1299
3614	1272
3533	1362
3266	1240
3232	1176
3835	1246
4201	1368
4267	1342
4025	1211
3690	1143
4190	1367
4541	1323
4768	1223
4538	1308
4385	1203
4713	1343
5127	1343
5637	1316
5347	1218
5188	1195
5516	1358
6191	1601
6631	1361
6625	1076
6477	1109
6600	1277
7282	1232
8106	1445
8224	1340
7781	1359
7640	1258
7931	1165
8746	1113
8557	1250
8122	1375
8067	1461
8335	1407
9374	1402
9574	1434
9490	1348
9415	1255
9876	1338
10893	1442
11245	1528
11113	1533
10841	1576
11264	1340
11694	1392
12039	1827
11695	1689
11032	1347
11219	1438
11812	1471
11968	1519
12242	1598
11951	1528
11818	1577
12303	1457
12757	1577
13110	1457
13037	1506
13190	1418
13325	1395
13445	1549
13487	1455
13376	1589
13233	1655
12968	1852
12535	1730
12730	1537
12153	1494
12201	1391
12007	1380
11796	1375
11848	1373
11840	1386
11983	1349
11930	1159
12190	1380
11835	1385
11936	1427
12240	1365
12531	1238
12105	1255
11817	1319
11436	1507
11258	1583
11068	1354
9721	1539
8227	1490
7119	1596
7428	1594
7620	1723
7505	1349
7188	1386
7118	1330
7442	1461
7858	1261
7553	1478
7244	1399
6694	1266
6412	1342
6722	1367
6884	1206
6085	1173
4617	1230
4613	1263
5154	1051
5011	1009
4279	1296
4063	1517
4056	1059
3980	982
3818	917
3593	1209
2978	1149
2743	1395
2885	1188
3226	1221
3108	1126
2405	1112
2121	1241
2195	1445
2195	1162
2012	1102
1737	1356
1410	1268
1430	1238
1533	1175
1748	1137
1519	980
1190	1081
1151	1117
1256	1157
1208	1217
1200	1092
1025	1149
1012	1394
911	1355
1014	1316
948	1252
873	1322
763	1181
879	1293
882	1199
817	1289
783	1253
696	1193
762	1275
683	1424
709	1292
669	1181
726	1201
668	1455
690	1399
699	1251
725	1455
712	1536
680	1292
693	1399
615	1330
593	1278
632	1366
553	1487
611	1579
668	1595
550	1731
580	1553
640	1485
607	1157
611	1265
622	1372
569	1214
577	1172
596	1171
586	1192
558	1314
564	1167
603	1104
583	1137
529	1141
591	1168
587	1425
540	1555
559	1472
572	1329
548	1272
567	1358
566	1576
604	1573
568	1400
522	1517
542	1507
513	1549
579	1524
595	1352
605	1435
634	1283
701	1194
699	1283
687	1506
699	1465
698	1255
710	1391
598	1377
609	1293
613	1061
579	1421
490	1306
479	1144
486	1282
549	1306
488	1221
486	1355
491	1261
504	1332
495	1542
515	1261
523	1139
512	1194
445	1414
429	1353
507	1406
547	1432
498	1352
487	1270
438	1222
426	1318
533	1467
479	1472
511	1261
515	1236
499	1211
467	1189
478	1328
446	1424
439	1469
451	1598
501	1433
462	1443
460	1673
435	1424
377	1541
436	1544
410	1604
428	1435
377	1528
390	1418
406	1414
445	1208
447	1150
451	1142
459	1322
414	1047
423	1184
398	1235
398	1323
381	1268
400	1191
383	1162
376	1221
413	1306
422	1310
447	1270
409	1369
382	1499
362	1128
398	1223
411	1291
396	1189
421	1344
396	1200
396	1269
409	1491
487	1453
384	1420
368	1111
395	1221
407	1257
406	1145
395	1143
387	1134
433	1158
403	1210
480	1132
418	1171
357	1232
385	1297
441	1264
447	1280
429	1183
341	1051
339	1170
445	1451
433	1189
426	1378
430	1416
381	1380
399	1386
403	1198
381	1323
363	1303
426	1362
486	1365
450	1254
411	1274
399	1191
373	1254
383	1223
358	1160
445	1088
369	1027
417	1359
380	1155
422	1142
380	1244
412	1428
344	1329
321	1423
392	1374
371	1153
354	1232
368	1384
364	1526
376	1458
439	1375
336	1222
408	1278
396	1366
370	1400
398	1485
403	1416
416	1407
403	1353
426	1376
431	1219
396	1380
388	1312
383	1396
361	1388
403	1305
397	1417
404	1348
350	1279
414	1243
428	1361
414	1233
400	1399
387	1227
439	1178
383	1281
390	1362
451	1351
400	1265
405	1198
504	1375
437	1384
345	1231
420	1216
431	1114
394	1331
380	1214
366	1314
364	1296
402	1508
299	1271
364	1408
393	1273
435	1463
407	1229
426	1360
419	1422
436	1394
435	1207
454	1384
455	1188
415	1252
380	1194
388	997
357	1207
433	1449
396	1319
403	1179
390	1286
406	1314
421	1267
409	1213
367	1197
432	1146
443	1041
375	1207
385	1138
433	1357
366	1243
399	1084
391	1179
386	1239
457	1372
421	1324
364	1428
371	1279
435	1448
366	1349
409	1496
418	1308
352	1327
401	1370
396	1293
351	1307
360	1209
310	1268
364	1305
406	1227
422	1516
415	1477
375	1319
381	1222
401	1335
341	1442
359	1292
331	1314
410	1203
408	1388
439	1243
489	1133
461	1112
410	1240
483	1352
407	1112
406	1031
402	966
417	1077
338	1037
371	1114
394	1358
382	1300
429	1357
393	1363
426	1296
421	1640
374	1509
395	1348
403	1617
372	1569
408	1633
424	1549
438	1650
429	1475
372	1410
396	1464
419	1444
391	1246
412	1207
419	1479
408	1361
352	1347
382	1599
385	1482
351	1435
407	1485
378	1209
361	1224
395	1224
381	1176
344	1107
349	1631
341	1251
326	1519
371	1365
423	1422
400	1592
454	1250
361	1484
359	1484
417	1172
390	1146
365	1174
394	1381
399	1290
393	1219
406	1081
357	1320
409	1308
413	1391
384	1531
355	1404
330	1333
403	1166
400	1085
370	1235
419	1272
389	1126
390	1176
402	1187
421	1100
428	1359
394	1311
423	1342
441	1355
434	1357
451	1360
411	1372
479	1575
438	1552
445	1451
440	1166
389	1268
389	1282
386	1255
406	1010
411	1229
356	1042
374	1423
381	1342
388	1269
380	1281
360	1136
370	1287
400	1242
406	1048
431	1106
453	1149
509	1286
499	1527
478	1210
491	1302
499	1265
516	1527
467	1551
448	1394
414	1322
479	1186
391	1254
415	1303
453	1423
418	1325
411	1189
407	1161
462	1382
481	1314
448	1243
469	1325
420	1480
390	1460
421	1543
404	1700
391	1414
392	1483
384	1480
382	1543
461	1266
410	1272
433	1279
390	1314
377	1224
374	1262
363	1208
347	1376
421	1223
385	1305
373	1422
408	1294
427	1362
432	1414
398	1469
398	1368
389	1404
400	1229
443	1477
448	1380
355	1373
484	1395
458	1462
442	1584
413	1643
356	1326
451	1302
418	1138
414	1016
410	1066
395	1285
423	1180
440	1115
375	1182
388	1162
435	1105
451	1337
452	1286
393	1480
400	1187
404	1224
417	1385
419	1348
416	1575
368	1527
489	1508
414	1433
395	1415
465	1419
408	1218
411	1118
396	1285
415	1230
451	1057
463	1109
431	1103
426	1049
424	1043
446	1187
443	1113
416	1181
423	1137
469	1083
387	1043
372	1192
427	1167
468	1342
537	1082
454	1182
447	1090
460	1347
466	1316
409	1200
416	1154
462	1065
420	1185
382	1215
415	1150
451	1093
447	1334
480	1353
472	1275
491	1168
479	1247
486	1356
477	1597
535	1534
528	1368
478	1299
445	1291
467	1455
469	1320
443	1421
445	1467
411	1423
429	1253
408	1236
441	1433
421	1475
499	1276
444	1305
464	1341
442	1553
498	1606
524	1557
473	1489
463	1542
479	1446
489	1415
504	1437
443	1463
419	1291
398	1205
471	1213
495	1322
497	1249
508	1235
448	1322
460	1344
477	1445
461	1420
459	1219
509	1207
476	1205
458	1279
495	1043
453	1273
528	1385
433	1326
508	1437
469	1410
451	1170
444	1191
520	1398
499	1524
524	1218
493	1305
479	1185
482	1235
493	1168
490	1294
496	1473
524	1323
509	1155
445	1332
531	1558
450	1562
485	1602
473	1414
514	1301
500	1302
538	1162
515	1179
530	1193
495	1210
470	1203
591	1279
577	1264
567	1280
577	1258
492	1191
466	1158
564	1078
542	1123
574	1093
585	1103
571	1157
594	1254
572	1412
521	1481
549	1250
535	1374
572	1541
615	1487
612	1480
553	1326
539	1541
527	1505
546	1465
519	1400
574	1718
548	1555
530	1586
562	1440
500	1614
572	1265
556	1158
508	1281
545	1174
474	1398
510	1302
562	1271
487	1293
525	1385
532	1644
570	1416
580	1226
489	1334
513	1095
591	1302
509	1375
617	1415
568	1547
563	1404
611	1333
507	1396
533	1364
517	1417
596	1340
636	1241
619	1393
602	1291
701	1304
619	1240
690	1338
696	1335
597	1359
637	1368
650	1431
605	1344
626	1262
606	1348
661	1194
602	1163
662	1304
702	1439
685	1268
738	1529
763	1397
864	1371
1047	1447
978	1423
883	1342
882	1552
922	1347
955	1304
966	1574
934	1560
887	1509
1035	1293
1211	1164
1294	1273
1274	1329
1213	1122
1417	998
1635	1347
1691	1398
1683	1128
1715	1298
1746	1458
1776	1222
1849	1235
1721	1357
1701	1445
1746	1549
1833	1515
1783	1672
1920	1472
1840	1376
1827	1335
2072	1115
2114	1357
2357	1299
2394	1452
2248	1336
2326	1244
2184	1149
2178	1479
2156	1382
2157	1274
2045	1250
1893	1242
1770	1235
1767	1432
1828	1227
1730	1377
1420	1221
1306	1249
1244	1197
1222	1297
1217	1346
1162	1442
1028	1575
977	1179
995	1348
975	1205
981	1143
792	1274
814	1333
859	1485
799	1324
725	1386
706	1344
595	1234
621	1289
617	1230
728	1350
718	1230
588	1375
684	1441
658	1314
627	1238
650	1525
611	1321
664	1168
633	1096
730	1173
616	1077
672	1228
678	1107
574	1202
628	1238
652	1216
649	1499
615	1392
655	1564
599	1418
567	1187
599	1391
621	1243
581	1176
626	1201
608	1148
634	1417
600	1475
650	1200
649	1165
650	1232
588	1336
534	1512
582	1311
553	1339
589	1274
561	1311
581	1512
597	1431
593	1399
513	1395
534	1497
553	1610
622	1616
496	1350
557	1535
561	1330
542	1363
494	1501
530	1700
558	1427
525	1120
588	1327
587	1255
591	1290
575	1229
470	1222
522	1284
521	1193
553	1234
537	1227
528	1154
492	1332
539	1324
517	1459
504	1310
487	1280
499	1281
531	1293
494	1505
469	1360
503	1492
480	1377
439	1331
471	1437
472	1415
481	1433
484	1399
503	1192
465	1261
509	1429
493	1358
556	1230
495	1256
472	1343
479	1391
500	1409
495	1541
459	1353
452	1117
510	1119
494	1180
461	1165
507	1260
468	1168
476	1284
441	1147
426	1219
402	1294
492	1058
494	1059
447	1260
528	1209
465	1141
533	1040
437	1068
403	1051
492	1074
487	1098
464	1226
513	1063
465	1089
449	1032
457	1317
469	1271
548	1411
563	1450
454	1271
454	1275
508	1389
467	1235
558	1116
507	1065
494	1332
533	1205
512	1282
548	1254
521	1152
561	1288
563	1206
607	1097
526	1182
643	1271
524	1461
473	1193
542	1233
506	1262
476	1270
523	1447
451	1696
533	1564
491	1494
510	1465
539	1462
455	1420
449	1331
509	1360
463	1387
489	1473
486	1440
459	1288
493	1343
447	1210
475	1469
498	1555
465	1496
454	1589
472	1462
524	1400
505	1571
530	1430
537	1638
516	1647
524	1473
571	1811
522	1731
495	1466
522	1472
515	1335
456	1431
504	1253
494	1341
533	1242
494	1370
544	1312
557	1288
474	1426
527	1414
533	1455
541	1632
524	1482
508	1413
500	1455
500	1454
506	1322
519	1334
501	1264
519	1376
530	1293
560	1273
606	1391
560	1298
492	1285
511	1352
571	1200
572	1176
564	1245
543	1252
631	1238
505	1249
570	1354
603	1295
586	1271
624	1312
543	1230
532	1244
513	1283
548	977
536	1245
524	1222
526	1164
517	1206
557	1293
545	1056
514	1339
537	1440
510	1274
561	1210
483	1236
527	1218
507	1341
521	1268
467	1365
495	1320
518	1375
505	1383
580	1615
483	1292
537	1377
480	1390
554	1341
487	1156
485	1136
575	1032
563	1079
567	1413
527	1338
507	1329
518	1157
602	1114
539	1339
579	1296
563	1266
532	1160
565	1151
607	1071
566	1084
659	1155
621	1082
521	1076
538	1163
571	1202
616	1265
591	1330
512	1239
586	1171
556	1365
627	1638
576	1324
642	1409
650	1355
790	1296
745	1246
689	1227
660	1237
613	1314
626	1283
650	1313
611	1328
642	1553
648	1364
704	1362
670	1211
682	1212
704	1247
676	1167
849	1227
726	1168
748	1207
748	1185
655	1218
686	1240
658	1165
650	1263
630	1311
659	1397
725	1178
638	1536
608	1357
682	1247
713	1318
631	1252
667	1243
705	1300
756	1379
787	1225
727	1247
650	1169
705	1150
661	1247
594	1152
612	1117
610	1104
548	1124
553	1309
533	1162
588	1072
545	1042
564	1009
534	1237
555	1168
513	1091
545	1180
517	1112
512	1270
557	1146
571	1168
529	1223
534	1148
458	1108
490	1026
495	1278
441	1372
508	1263
409	1084
489	979
462	1083
496	1235
479	966
495	1003
461	1108
505	1024
528	1027
492	999
476	1063
471	1292
472	1255
473	1222
468	1305
520	1390
432	1226
493	1315
533	1144
508	1127
488	1270
489	1248
534	1136
496	1033
508	1168
505	1174
469	1087
477	1139
472	1329
465	1268
509	1469
522	1439
466	1418
430	1465
457	1127
403	1190
459	1035
486	1217
472	1164
432	1348
500	1402
492	1179
526	991
526	1181
505	1183
500	1212
529	1530
535	1390
573	1380
546	1556
469	1442
509	1402
521	1348
501	1387
516	1464
509	1321
534	1614
538	1383
551	1295
463	1261
439	1255
470	1311
467	1281
511	1265
471	1228
452	1361
435	1209
509	1247
480	1341
484	1335
504	1299
455	1190
456	1242
501	1293
516	1235
484	1329
491	1170
468	1107
509	1435
493	1575
473	1714
464	1545
510	1428
442	1284
529	1255
472	1186
485	1223
497	1578
565	1305
457	1312
501	1461
474	1236
477	1214
543	1273
459	1115
545	1303
500	1427
479	1461
476	1242
460	1193
456	1244
463	1251
517	1356
547	1488
493	1334
480	1286
505	1294
527	1177
528	1428
545	1464
555	1335
542	1478
504	1292
557	1212
523	1163
481	1454
548	1261
455	1223
558	1386
508	1319
525	1202
561	1295
565	1247
539	1338
543	1117
502	1116
538	1136
516	1225
504	1335
471	1516
552	1371
535	1292
531	1338
500	1248
555	1327
535	1473
568	1457
583	1358
490	1245
560	1447
499	1414
517	1280
562	1239
546	1325
520	1162
535	1227
488	1234
579	1296
571	1287
521	1252
525	1305
553	1333
559	1226
573	1389
546	1308
513	1355
589	1409
539	1424
580	1314
534	1181
624	1321
523	1249
572	1065
641	1218
608	1364
588	1492
618	1494
598	1541
623	1565
654	1468
660	1532
659	1484
625	1454
625	1448
526	1344
569	1297
632	1340
633	1316
692	1602
615	1580
699	1489
693	1519
702	1555
719	1461
671	1438
643	1543
662	1329
665	1319
656	1494
696	1370
667	1414
745	1313
705	1349
712	1583
735	1256
723	1255
740	1247
721	1335
723	1262
819	1366
794	1377
869	1229
744	1343
777	1245
737	1282
790	1472
756	1403
837	1369
821	1403
774	1492
818	1438
806	1345
786	1246
841	1143
809	1067
856	926
905	1145
768	1229
929	1122
938	1133
846	1235
875	1369
876	1346
839	1336
805	1434
762	1225
874	1551
856	1391
877	1394
861	1312
883	1332
914	1352
898	1251
913	1447
982	1235
1002	1471
1064	1224
1090	1202
987	1267
1049	1240
1109	1277
1200	1302
1144	1423
1035	1182
1113	1159
1097	1213
1083	1129
1161	1242
1146	1239
1116	1230
1235	1103
1174	1172
1239	1056
1184	1264
1288	1454
1369	1351
1434	1318
1421	1339
1381	1373
1441	1276
1469	1485
1535	1200
1488	1283
1535	1364
1493	1384
1421	1260
1399	1219
1312	1281
1359	1343
1365	1406
1270	1440
1295	1511
1316	1431
1261	1298
1338	1218
1296	1225
1342	1359
1420	1339
1450	1492
1431	1309
1449	1309
1507	1355
1455	1284
1351	1252
1283	979
1342	1229
1381	1101
1253	1353
1169	1234
1150	1249
1150	1289
1261	1355
1214	1001
1216	1009
1272	1120
1312	1285
1265	1149
1258	1169
1072	887
1073	963
1085	1115
1148	1219
1118	1058
997	1025
1015	1007
951	1023
922	1233
908	1159
888	1021
908	993
899	1040
885	1192
893	1273
832	1050
863	1106
794	1284
827	1115
786	1050
800	1070
793	1116
805	1094
700	1031
769	1070
731	1357
637	1437
690	1319
664	1188
693	1134
705	1151
681	1182
720	1051
746	1085
726	1162
669	1208
687	1268
715	1331
667	1413
692	1431
679	1363
699	1454
659	1432
693	1480
677	1367
642	1304
636	1394
706	1715
668	1556
661	1363
647	1328
630	1240
640	1522
653	1387
659	1300
636	1486
678	1277
615	1308
614	1106
606	1070
598	1257
698	1424
643	1385
576	1346
620	1214
573	1246
552	1137
582	1368
635	1328
595	1390
599	1279
603	1374
660	1170
690	1414
620	1442
588	1383
599	1283
588	1003
592	1082
678	1287
592	1214
661	1352
655	1222
624	1470
654	1283
651	1301
685	1090
561	1127
642	1124
613	1156
591	1095
628	1173
635	1300
625	1424
597	1497
583	1222
594	1204
578	1261
616	1280
660	1516
672	1412
694	1557
600	1520
575	1456
610	1446
637	1280
627	1567
631	1428
588	1299
635	1180
583	1186
570	1169
615	1262
624	1146
517	1125
571	1071
612	1066
567	1071
583	1210
581	1400
618	1183
555	1221
603	1269
576	1430
632	1147
557	1155
602	1235
545	1320
599	1465
565	1402
596	1263
594	1269
539	1172
598	1243
543	1215
564	1286
583	1227
509	1157
600	1322
571	1552
582	1118
555	1152
546	1009
600	1268
577	1269
573	1268
631	1325
558	1114
572	1435
573	1371
524	1219
590	1203
569	1497
568	1431
564	1191
551	1187
509	1222
547	1180
595	1283
626	1230
599	1247
576	1215
585	1085
619	1066
528	1214
575	1156
568	1168
605	1310
657	1293
582	1144
543	1319
606	1357
536	1276
549	1236
599	1252
546	1239
580	1111
592	1095
552	1241
498	1141
568	1162
587	1337
657	1294
584	1383
588	1381
506	1338
556	1166
616	1266
545	1323
595	1240
569	1331
528	1195
576	1301
559	1260
565	1485
621	1416
605	1462
540	1240
636	1236
546	1503
523	1348
608	1499
606	1533
625	1368
526	1116
579	1107
605	1111
621	1150
616	1229
577	1245
615	1134
577	1168
560	1244
642	1376
650	1405
631	1279
649	1313
675	1387
664	1477
673	1463
692	1332
677	1311
665	1279
729	1185
677	1367
767	1535
775	1243
743	1201
735	1368
646	1352
693	1545
767	1548
699	1586
701	1534
752	1529
802	1746
777	1590
711	1225
735	1344
823	1416
884	1564
801	1460
821	1484
772	1366
848	1269
850	1253
874	1360
858	1276
888	1234
877	1259
860	1231
843	1283
986	1329
949	1116
901	1376
930	1374
1021	1412
901	1378
957	1272
998	1334
1009	1349
972	1460
958	1487
953	1496
1007	1250
915	1265
909	1269
840	1249
859	1159
887	1308
799	1326
779	1382
689	1116
761	1199
647	1378
633	1231
708	1327
665	1638
663	1854
655	1711
632	1665
594	1511
554	1360
514	1273
601	1306
629	1316
583	1142
642	1218
622	1262
646	1339
611	1524
584	1575
597	1314
525	1270
450	1057
482	1288
566	1416
525	1316
519	1336
451	1321
496	1334
513	1251
552	1172
526	1218
513	1484
568	1463
558	1383
580	1391
522	1180
501	1143
501	1188
555	1300
492	1081
499	1191
540	1307
580	1146
524	1201
471	1175
520	1332
529	1408
499	1413
550	1476
556	1589
533	1491
557	1245
479	1227
516	1350
468	1451
500	1283
477	1223
446	1200
495	1222
501	1258
470	1101
486	1247
511	1052
484	1397
508	1381
524	1542
540	1389
596	1659
501	1268
453	1302
577	1337
451	1422
484	1399
494	1209
478	1117
434	1027
465	1269
521	1279
485	1303
512	1334
535	1256
519	1299
512	1151
546	1187
531	1295
526	1293
530	1266
486	1219
496	1091
512	1392
515	1201
463	1236
546	1119
526	1075
533	1221
556	1154
493	1147
512	1351
567	1408
590	1222
524	1151
517	1275
568	1315
578	1307
561	1298
599	1440
617	1322
565	1420
649	1540
607	1492
609	1387
669	1219
681	1089
616	1021
703	1027
633	1185
669	1238
643	1203
705	1364
686	1276
703	1232
674	1235
633	1353
677	1234
678	1234
714	1271
752	1173
738	1118
684	1205
725	1263
822	1146
768	1248
796	1236
822	1042
793	1097
861	1191
910	1107
945	1055
896	1091
931	1156
922	1255
1000	1227
940	1035
933	959
886	1079
990	1184
1059	1173
1097	1361
1037	1234
1034	1186
1095	1171
1056	1007
1073	1042
1073	1160
1051	1347
1081	1266
1119	1345
1205	1499
1118	1270
1103	1281
1052	1385
1051	1408
1037	1347
1040	1247
1070	1201
1072	1298
1141	1407
1085	1345
1076	1320
1072	1300
1072	1359
1026	1130
986	1451
1091	1320
1068	1288
1042	1136
1097	1273
1119	1305
1070	1221
1143	1363
1129	1243
1096	1337
950	1199
978	1209
963	1308
944	1299
997	1225
932	1311
939	1160
879	1197
970	1235
940	1161
948	1008
963	1177
939	1085
952	1103
972	1376
882	1398
918	1349
849	1342
927	1427
868	1394
912	1183
826	1294
850	1298
775	1287
755	1222
805	1489
905	1447
824	1293
792	1222
807	1241
794	1398
741	1375
732	1296
735	1165
813	1190
845	993
812	1384
745	1432
676	1243
695	1164
763	1124
729	1313
754	1327
744	1619
731	1686
772	1541
785	1489
819	1543
871	1478
779	1400
852	1244
843	1321
807	1415
723	1636
751	1594
768	1641
758	1603
634	1446
660	1409
611	1362
652	1261
672	1193
636	1264
680	1198
614	1353
654	1340
633	1366
635	1137
673	1212
690	1301
710	1246
634	1374
602	1285
552	1424
575	1310
602	1417
566	1289
544	1562
536	1429
566	1250
565	1241
548	1376
596	1316
489	1369
548	1449
577	1279
490	1215
504	1150
517	1214
506	1324
483	1105
482	1272
456	1225
446	1206
478	1290
483	1309
476	1387
490	1163
551	1117
430	981
446	1225
417	1139
441	1161
494	1170
444	1279
424	1334
391	1265
410	1037
435	1169
421	1081
400	1033
403	1073
410	1030
353	1046
349	1085
384	1164
410	987
393	1089
447	985
375	878
379	1036
390	1203
359	1138
370	1034
403	1423
394	1496
454	1670
415	1308
402	1229
394	1204
445	1280
431	1251
387	1090
423	1142
399	974
413	1060
470	1114
449	1106
447	1152
408	1131
388	1118
485	970
427	1127
373	1210
393	1353
401	1422
362	1031
360	1087
463	1035
452	1100
392	1131
415	1137
451	1119
476	1098
420	1236
393	1148
428	1101
422	1025
411	1213
430	1272
469	1260
421	1193
382	1325
398	1288
404	1125
473	1167
429	1211
400	1207
436	1317
469	1222
400	1350
403	1266
414	1112
433	1120
395	1160
392	856
429	1091
389	1183
455	1297
451	1452
441	1179
443	1141
413	1166
390	834
459	943
413	1232
447	1268
445	1073
447	1060
475	1077
408	1141
423	1073
428	1153
442	1186
456	1218
499	1189
430	1291
456	1337
488	1593
537	1570
601	1613
631	1703
573	1609
586	1677
569	1585
561	1689
550	1330
520	1236
575	1224
574	1510
578	1242
554	1212
503	1287
484	1259
524	1313
601	1165
575	993
571	1093
639	945
612	887
640	929
650	1109
635	1079
763	1207
766	1223
771	1366
697	1466
708	1134
635	1355
634	1284
538	1012
525	1173
555	1378
569	1292
503	1395
462	1217
456	1405
548	1515
550	1390
567	1343
629	1459
599	1575
636	1532
516	1438
525	1221
584	1150
471	1126
444	1162
485	1286
487	1266
465	1230
414	1077
456	1266
429	1411
392	1269
488	1268
464	1419
428	1156
446	1363
458	1123
417	1545
538	1485
443	1533
394	1445
480	1201
513	1461
510	1850
541	1480
498	1433
429	1376
439	1258
441	1358
437	1287
456	1442
433	1134
429	1152
433	1296
498	1281
513	1503
548	1570
451	1498
504	1219
493	1406
475	1146
514	1229
494	1166
506	1281
600	1398
600	1362
569	1317
557	1425
580	1449
641	1343
601	1356
561	1341
533	1453
623	1205
632	1276
592	1287
492	1435
495	1437
518	1263
447	1550
473	1278
455	1316
430	1324
415	1323
421	1454
406	1423
390	1428
386	1341
413	1350
453	1345
436	1340
442	1261
401	1572
377	1472
464	1515
437	1330
492	1266
469	1231
449	1237
472	1140
442	1052
409	1184
438	1136
424	1357
397	1289
426	1308
438	1275
443	1116
430	1368
445	1276
446	1272
472	1135
424	1109
501	1465
474	1402
496	1223
546	1450
486	1248
480	1304
502	1249
495	1221
536	1468
452	1460
461	1491
427	1487
453	1111
427	1141
413	1196
443	1072
429	1248
449	1175
479	1163
407	1174
461	1191
476	1224
471	1223
458	1018
507	984
510	1174
469	1339
414	1285
409	1275
416	1326
435	1332
571	1234
493	1412
486	1265
486	1423
459	1711
434	1602
460	1375
509	1122
447	1050
448	1147
461	1363
492	1422
433	1099
460	1151
417	1171
408	1155
486	1314
465	1404
492	1473
472	1511
514	1351
480	1320
459	1227
467	1059
460	1197
470	1329
458	1409
471	1430
499	1232
463	1292
521	1298
475	1412
495	1627
486	1647
470	1713
449	1660
397	1534
458	1313
446	1206
475	1264
410	1272
461	1175
401	1050
430	1322
423	1531
431	1362
420	1234
419	1089
461	1156
477	1249
473	1250
497	1403
456	1279
474	1286
432	1330
466	1121
447	1190
404	1267
412	1250
387	1152
418	1105
417	1155
420	1199
441	1151
438	1115
388	1214
410	1268
416	1110
430	1167
467	1326
404	1268
384	1168
411	917
427	1191
355	1338
476	1295
464	1445
441	1585
426	1390
449	1284
449	1269
481	1219
445	1174
457	1291
442	1336
414	1504
380	1636
447	1359
422	1405
422	1427
357	1498
375	1443
384	1134
396	1227
437	1216
396	1168
372	1392
412	1257
428	1316
418	1341
432	1276
405	1413
365	1328
426	1321
406	1546
363	1525
438	1442
361	1357
394	1269
347	1425
423	1304
392	1408
365	1427
406	1428
402	1301
410	1293
415	1302
399	1255
424	1294
440	1243
432	1107
456	1352
490	1435
461	1703
451	1440
421	1373
469	1443
432	1352
373	1458
443	1339
404	1327
392	1327
379	1433
393	1491
417	1515
390	1285
368	1243
391	1187
382	1067
402	1064
388	1009
402	1061
409	1000
392	1226
403	1144
376	993
429	1019
421	1084
392	1178
402	1413
402	1207
411	1411
395	1250
351	1280
380	1283
383	1381
343	1254
325	1414
350	1309
388	1291
365	1144
393	1325
365	1188
428	1185
389	1259
391	1437
379	1327
357	1397
359	1194
398	1191
407	1211
333	1385
409	1251
341	1156
366	1108
323	977
386	1216
360	1053
350	1113
362	1254
392	1263
367	1226
421	1191
341	1204
387	1259
389	1295
395	1230
452	1191
460	1144
409	1517
376	1413
391	1172
340	1352
346	1126
421	1280
394	1134
414	1188
403	1379
458	1309
453	1191
407	1202
363	1293
419	1345
414	1150
444	1374
372	1372
405	1290
416	1195
419	1270
408	1255
424	1063
404	1168
395	1396
382	1239
358	1032
380	1119
350	1084
354	1208
387	1013
372	1240
339	1165
417	1218
377	1062
361	1112
412	1085
319	1304
376	1110
360	1133
394	1054
402	1248
418	1371
402	1537
449	1600
362	1349
384	1399
397	1388
434	1432
374	1409
395	1322
398	1373
428	1464
506	1623
418	1455
409	1404
343	1299
393	1128
353	1309
375	1223
401	1238
466	1237
406	1284
360	1303
367	1230
377	1134
431	1236
404	1430
417	1471
382	1191
418	1380
421	1349
401	1401
471	1311
433	1251
375	1210
385	1161
421	1275
386	1249
386	1211
433	1337
416	1540
401	1328
405	1267
456	1219
400	1346
445	1156
413	1288
395	1201
407	1236
385	1445
434	1401
382	1372
379	1359
434	1551
426	1264
402	1378
438	1374
455	1459
449	1474
365	1673
426	1430
403	1277
436	1468
371	1242
401	1390
381	1360
431	1388
400	1389
411	1528
381	1587
354	1573
338	1480
381	1487
391	1354
392	1506
428	1386
399	1515
378	1594
451	1561
404	1428
448	1582
420	1338
418	1320
421	1355
433	1628
414	1543
423	1526
355	1430
361	1293
393	1300
405	1425
461	1321
413	1152
365	1075
408	1315
438	1324
444	1107
394	1137
402	1324
391	1346
392	1275
381	1413
395	1284
404	1283
411	1260
403	1418
379	1377
413	1192
406	1210
348	1189
397	1177
375	1244
396	1069
381	1215
388	1160
395	1177
377	1227
372	996
324	1316
330	1269
388	1239
366	1307
404	1316
392	1616
414	1438
432	1582
392	1511
397	1426
381	1429
347	1427
399	1350
437	1326
457	1276
392	1321
390	1170
419	1200
415	1206
331	1299
347	1372
362	1408
387	1534
439	1573
395	1222
406	1133
390	1253
389	1229
357	1071
346	1158
361	1190
392	1222
401	1365
412	1517
401	1177
396	1502
360	1490
324	1613
351	1405
383	1412
442	1295
380	1232
405	1420
392	1213
330	1148
389	1175
355	1144
361	1331
363	1283
363	1367
376	1390
369	1476
344	1273
376	1341
340	1396
349	1306
395	1115
408	1243
367	1376
387	1343
398	1177
384	1181
358	1152
374	1113
433	1370
428	1459
398	1210
392	1333
358	1088
369	1217
372	1256
388	1413
387	1206
386	1145
343	1362
348	1300
385	1294
434	1348
394	1512
348	1316
399	1196
358	1139
348	1090
346	1193
376	1273
363	1086
370	1192
391	1095
384	1086
346	1094
338	1154
367	1294
439	1280
403	1156
450	1314
397	1424
405	1488
458	1442
417	1319
358	1041
394	1049
397	1240
337	1202
339	1207
330	1060
355	1376
344	1213
376	1283
376	1300
310	1229
348	1130
324	1223
414	1385
354	1204
317	1226
402	1280
330	1155
351	1304
370	1253
380	1286
401	1017
365	1337
365	1384
393	1320
353	1423
345	1262
326	988
355	1197
348	1122
344	1063
397	1131
410	1205
371	1200
415	1324
339	1257
354	1156
340	1281
311	1201
410	1273
377	1174
387	1310
354	1164
397	1152
383	1279
380	1353
396	1395
374	1343
314	1122
340	1143
429	1241
359	1115
343	1164
369	1426
359	1524
317	1443
337	1152
366	1227
313	1256
430	1558
401	1748
439	1714
401	1383
420	1492
409	1336
373	1275
381	1295
416	1632
332	1370
347	1438
344	1427
366	1344
389	1243
377	1206
367	1196
304	1321
375	1406
362	1103
364	1293
410	1311
340	1309
345	1177
328	1369
387	1256
377	1314
433	1401
401	1359
386	1408
392	1582
405	1581
358	1493
359	1332
404	1388
372	1325
342	1406
343	1177
408	1340
372	1587
337	1508
348	1516
382	1603
448	1244
434	1362
395	1259
335	1247
397	1287
425	1289
367	1521
360	1623
354	1229
341	1153
363	1098
344	1176
342	1234
370	1297
395	1270
352	1292
314	1219
340	1172
354	1370
366	1295
343	1242
366	1400
380	1487
370	1388
398	1312
446	1379
348	1357
350	1142
318	1043
327	1267
335	1244
366	1082
357	1182
389	1198
403	1207
400	1196
370	1153
371	1248
373	1164
371	1114
407	1135
350	1054
361	1041
347	947
382	1006
366	1033
340	1267
372	1229
381	1169
354	1128
374	1039
340	1277
371	1079
395	1127
371	1340
315	1265
352	1350
319	1413
386	1194
378	1291
360	1229
366	1411
359	1280
354	1228
410	1064
322	1093
348	909
328	1257
373	1204
301	1050
383	1211
317	1165
398	1120
325	1048
352	1286
347	1172
303	1250
331	1384
338	1328
333	1097
326	1146
299	1086
320	1156
339	1045
308	1077
318	1150
325	1196
352	1156
383	1142
330	1207
297	1021
294	1263
349	1126
363	1271
339	1262
328	1266
351	1270
360	1434
322	1309
298	1112
334	1245
363	1456
358	1078
385	1216
372	1320
354	1194
372	1398
401	1308
407	1276
378	1258
340	1205
360	1128
331	1212
346	1339
360	1179
351	1295
358	1163
345	1242
343	1494
384	1539
354	1348
417	1380
441	1448
362	1470
406	1411
365	1210
368	1131
346	1183
338	1206
352	1126
329	1352
359	1305
328	1200
404	1200
401	1450
364	1233
337	1123
346	1060
342	1071
343	1163
356	1106
336	1387
365	1239
356	1454
335	1384
385	1231
393	1184
306	1356
316	1266
330	1194
354	1419
344	1354
352	1615
335	1288
363	1151
275	1035
322	1249
328	1412
370	1350
321	1699
379	1526
359	1519
348	1301
361	1344
318	1107
337	1062
383	1262
396	1042
345	1077
368	1121
317	1285
345	1109
365	1251
354	1284
346	1488
359	1377
342	1290
349	1308
369	1296
363	1418
344	1164
324	1235
378	1422
365	1555
365	1272
354	1103
319	1196
349	1235
361	1258
355	1173
383	1342
347	1292
403	1444
324	1117
341	1243
369	1184
395	1408
422	1318
408	1561
411	1332
362	1297
395	1271
328	1414
385	1350
358	1471
350	1354
321	1159
321	1227
336	1391
329	1248
318	1195
308	1156
352	1281
335	1447
324	1247
306	1273
325	1221
327	1080
342	1231
328	1285
377	1333
434	1448
362	1310
353	1313
370	1107
341	1214
355	1243
380	1350
328	1397
317	1227
320	1372
331	1248
336	1313
390	1283
392	1273
411	1498
370	1287
370	1295
357	1420
344	1259
322	1132
350	1257
317	1349
355	1294
402	1218
339	1387
342	1284
351	1425
333	1298
343	1466
379	1305
392	1312
355	1290
355	1319
354	1147
375	1225
357	1271
360	1267
301	1184
302	1136
322	1414
331	1359
328	1299
346	1330
291	1503
311	1206
280	1362
303	1368
350	1442
336	1390
318	1425
347	1480
363	1410
350	1474
307	1323
349	1343
339	1388
336	1473
311	1430
347	1438
299	1326
332	1353
344	1436
369	1425
335	1340
330	1397
328	1497
323	1276
388	1665
381	1379
354	1103
331	969
358	1156
371	1245
345	1166
359	1207
353	1145
366	1268
343	1130
377	1385
354	1285
359	1091
364	994
377	1127
361	1157
384	1237
346	1263
314	1164
353	1379
333	1256
339	1422
346	1322
385	1346
347	1152
352	1333
367	1516
320	1366
355	1386
411	1292
345	1216
401	1315
358	1366
387	1465
311	1159
327	1122
386	1258
355	1460
322	1441
343	1503
314	1370
348	1403
319	1301
367	1083
354	1343
375	1116
396	1214
358	1175
361	1439
359	1269
326	1312
325	1577
374	1476
370	1467
432	1623
400	1727
430	1650
396	1565
367	1489
379	1314
392	1342
394	1336
380	1365
357	1174
420	1305
431	1406
381	1342
398	1397
518	1398
431	1413
414	1292
424	1272
377	1292
438	1309
376	1204
411	1312
394	1387
347	1332
338	1327
364	1199
390	1318
383	1363
382	1424
376	1462
383	1473
415	1614
389	1536
393	1495
354	1348
333	1203
310	1245
339	1444
390	1378
310	1263
380	1495
367	1415
370	1283
373	1227
359	1174
323	1392
317	1434
352	1321
313	1387
330	1241
322	1341
324	1068
311	1125
344	1047
380	1185
343	1266
337	1346
380	1494
354	1493
363	1675
323	1355
316	1380
329	1560
312	1386
290	1217
321	1181
311	1029
355	1257
368	1512
351	1578
370	1359
381	1228
368	1554
359	1545
416	1395
347	1183
359	1136
409	1200
381	1156
398	1269
423	1214
388	1268
346	1466
363	1409
376	1532
333	1424
328	1311
372	1332
362	1347
340	1298
328	1295
294	1137
306	1097
333	1276
342	1482
312	1304
366	1379
341	1411
359	1159
362	1181
347	1415
357	1441
369	1654
362	1452
323	1177
314	1391
394	1191
376	1074
395	1143
387	1158
325	1060
319	1051
368	1089
332	1154
371	1044
360	1093
393	1030
360	1217
359	1270
365	1159
420	1297
376	1147
394	1180
424	1116
369	1138
361	1183
389	1232
334	1277
357	1248
349	1271
412	1355
372	1249
360	1037
318	1071
301	988
291	1187
319	1280
356	1470
336	1315
312	1410
316	1190
302	1393
335	1301
369	1390
344	1371
360	1259
359	1133
332	1103
353	1274
347	1093
396	935
409	1142
339	1108
348	1078
325	1313
339	1275
311	1129
348	1079
325	1292
376	1236
396	1224
343	1400
314	1312
378	1185
429	1301
352	1628
384	1507
395	1263
383	1234
338	1120
351	1094
361	1070
332	1285
338	1223
378	1305
370	1287
325	1247
344	1343
367	1389
357	1511
336	1333
283	1314
307	1183
314	1375
313	1233
360	1469
349	1192
292	1303
377	1419
365	1400
356	1469
378	1375
338	1430
369	1351
341	1548
375	1373
315	1277
328	1164
383	1259
352	1169
366	1258
358	1235
384	1208
364	1252
348	1108
306	1278
369	1407
332	1361
343	1447
367	1539
332	1483
343	1494
332	1623
332	1419
347	1148
334	1384
338	1579
375	1652
370	1728
354	1816
338	1357
343	1418
346	1444
370	1378
399	1415
368	1329
360	1329
404	1211
334	1058
321	1089
334	1250
336	1213
374	1244
333	1338
366	1212
330	1250
345	1192
371	1128
415	1222
417	1313
347	1351
353	1236
386	1248
315	1436
359	1295
352	1383
294	1263
354	1230
373	1265
340	1607
298	1290
347	1064
354	1271
304	1263
300	1145
308	1232
345	1216
317	1364
258	1276
331	1410
353	1462
352	1446
337	1504
358	1304
305	1244
347	1215
340	1476
349	1549
336	1337
346	1403
275	1203
316	1240
337	1047
347	1076
314	1188
317	1134
359	1146
317	1301
330	1249
328	1381
357	1356
390	1182
374	1173
325	1232
373	1329
381	1183
296	1353
308	1374
341	1249
361	1277
339	1253
331	1516
342	1271
313	1388
334	1450
317	1448
319	1231
348	1212
330	1270
330	1265
365	1383
368	1256
355	1444
351	1322
344	1332
352	1366
332	1416
363	1495
333	1485
376	1518
366	1583
359	1516
392	1543
328	1568
331	1461
383	1380
390	1456
363	1288
350	1382
413	1408
414	1301
377	1564
381	1260
339	1175
363	1343
327	1234
372	1337
369	1273
385	1186
314	1201
334	1203
335	1299
332	1424
310	1604
279	1387
335	1334
338	1417
376	1287
392	1396
350	1425
346	1401
339	1344
331	1410
357	1413
295	1447
315	1219
347	1189
317	1078
368	1302
327	1298
399	1364
393	1327
373	1296
305	1129
335	1218
329	1038
324	1155
408	1097
383	1431
376	1249
331	1117
329	1233
377	1419
369	1382
324	1259
310	1193
320	1290
329	1353
359	1398
358	1312
345	1215
305	1137
329	1278
404	1416
407	1195
360	1373
265	1184
382	1384
369	1407
380	1443
342	1373
398	1206
353	1084
377	1192
404	1137
416	1194
423	1160
391	1330
434	1402
456	1202
483	1353
420	1490
338	1428
424	1581
422	1588
460	1409
400	1390
369	1343
422	1495
387	1350
403	1238
382	1093
401	1187
394	1239
390	1179
388	1271
388	1324
392	1228
382	1218
336	1417
310	1198
320	1253
371	1296
370	1395
400	1186
343	1156
359	1290
372	1295
352	1294
374	1275
361	1286
369	1171
342	1356
334	1383
358	1308
383	1402
381	1325
364	1807
342	1538
381	1635
356	1588
356	1675
328	1615
364	1482
349	1479
324	1314
352	1239
388	1151
411	1351
394	1443
342	1442
354	1246
369	1389
311	1290
383	1237
342	1189
346	1484
407	1527
314	1482
323	1513
371	1420
382	1745
425	1645
353	1490
412	1532
461	1386
398	1405
368	1366
397	1392
429	1391
419	1360
362	1520
345	1474
357	1394
364	1514
350	1508
397	1469
390	1390
363	1366
339	1319
367	1314
321	1550
381	1440
343	1352
373	1448
355	1419
335	1469
347	1294
348	1392
342	1483
353	1486
369	1634
387	1350
332	1425
322	1402
343	1157
357	1196
344	1426
356	1309
346	1331
353	1328
328	1257
398	1357
396	1459
353	1404
392	1263
377	1344
342	1409
372	1420
410	1239
410	1330
408	1372
350	1390
358	1275
387	1321
345	1425
389	1155
431	1250
392	1582
394	1753
381	1625
379	1511
371	1420
356	1521
303	1331
359	1329
424	1468
374	1306
410	1394
345	1432
309	1190
376	1192
419	1178
405	1340
403	1341
343	1321
365	1219
350	1244
421	1367
331	1332
337	1267
384	1184
324	1145
414	1272
386	1070
319	1291
365	1388
375	1221
377	1286
394	1142
363	1159
363	1270
392	1385
389	1249
364	1149
347	1121
352	1004
352	1250
399	1162
370	1237
346	1102
385	1121
377	1032
359	1001
357	1315
360	1271
369	1260
335	1275
351	1185
387	1159
341	1121
365	1106
435	1239
367	1178
418	1325
397	1321
353	1322
334	1189
434	1436
404	1494
379	1353
348	1318
359	1277
388	1300
382	1332
364	1149
379	1398
371	1441
407	1680
371	1480
402	1246
390	1275
363	1357
393	1234
360	1397
355	1278
350	1125
392	1376
403	1551
406	1405
397	1799
403	1552
355	1440
414	1308
406	1433
322	1166
380	1008
375	1119
353	1287
368	1201
341	1266
404	1513
392	1229
373	1052
366	1103
407	968
344	1189
391	1149
318	1241
378	1336
345	1318
407	1269
403	1281
369	1125
399	1187
372	1456
394	1330
396	1465
369	1390
435	1218
386	1346
388	1222
433	1248
468	1407
454	1363
482	1543
463	1470
477	1449
508	1383
567	1447
496	1363
557	1563
590	1458
570	1579
641	1718
570	1710
592	1703
577	1387
620	1558
621	1463
602	1434
679	1446
610	1262
684	1343
647	1312
659	1371
625	1091
627	1304
581	1537
587	1806
617	1471
646	1420
694	1362
663	1315
689	1149
714	1162
614	1234
626	1194
624	1146
659	1395
676	1382
598	1401
608	1353
546	1300
540	1126
551	1205
518	1162
511	1111
445	1140
439	1180
439	1327
411	1301
408	1246
483	1362
495	1364
497	1283
515	1588
497	1715
456	1535
436	1435
422	1514
359	1612
390	1672
389	1621
360	1653
373	1545
350	1568
358	1338
368	1426
401	1647
362	1556
376	1541
343	1708
390	1569
319	1440
334	1526
330	1281
358	1129
398	1185
378	1341
353	1266
379	1079
425	1251
320	1255
348	1255
395	1319
347	1248
375	1203
358	1286
367	1185
365	1021
368	1145
366	1073
407	1408
331	1371
394	1277
359	1092
349	1222
337	1204
391	1215
336	1186
339	1239
382	1233
360	1511
434	1387
402	1281
404	1170
381	1163
435	1290
408	1477
355	1451
375	1387
384	1309
406	1504
437	1658
413	1407
447	1791
403	1713
428	1389
461	1232
400	1258
389	1306
366	1272
371	1463
376	1437
412	1332
385	1308
380	1089
360	1259
392	1400
410	1405
384	1403
390	1154
406	1168
386	1061
402	1143
444	1352
346	1169
349	1057
379	1303
395	1285
416	1201
410	1274
446	1337
393	1275
432	1053
441	1224
462	1170
420	1107
398	1043
388	1260
406	1323
472	1118
399	1128
418	1156
414	1124
410	938
435	1263
431	1100
400	1043
401	1250
343	1215
394	1254
377	1342
385	1358
417	1085
392	1149
372	1082
409	1391
436	1330
394	1209
418	1200
418	1262
375	1425
376	1527
378	1344
434	1574
412	1502
427	1240
380	1206
358	1461
402	1505
399	1384
370	1232
414	1193
386	1126
395	1323
411	1383
384	1301
431	1346
372	1411
448	1417
409	1457
429	1403
479	1539
408	1467
450	1226
413	1263
409	1421
429	1537
410	1513
410	1383
426	1337
405	1425
390	1267
387	1268
428	1234
442	1267
452	1195
404	1277
412	1139
397	1185
346	1323
407	1314
405	1436
413	1577
420	1270
350	1240
394	1221
339	1199
380	1280
355	1221
339	1268
399	1106
360	1245
371	1397
324	1329
402	1362
445	1262
396	1371
388	1469
384	1765
379	1404
378	1228
430	1284
371	1366
389	1310
367	1453
356	1564
376	1547
390	1368
421	1318
461	1367
405	1362
384	1259
346	1255
344	1497
383	1534
380	1584
395	1521
380	1664
350	1423
307	1504
382	1728
382	1497
338	1237
328	1413
311	1476
398	1508
379	1593
380	1396
357	1229
410	1446
380	1192
360	1184
352	1160
366	1251
367	1190
367	1239
355	1417
386	1314
380	1484
377	1477
367	1555
351	1522
380	1506
317	1742
362	1480
317	1432
328	1270
343	1346
378	1481
315	1555
362	1435
352	1317
336	1331
307	1275
285	1250
293	1135
354	1178
357	1266
364	1130
336	939
379	1040
326	1043
326	1217
356	1243
342	1243
313	1211
305	1286
358	1194
277	1363
323	1389
324	1361
336	1295
333	1112
335	1203
313	1216
344	1118
305	1106
329	1198
345	1325
327	1296
351	1160
334	1230
387	1056
364	1230
374	1215
335	1354
331	1114
364	1112
321	1275
383	1236
365	1375
357	1378
411	1298
344	1205
356	1210
327	1310
322	1319
321	1043
316	1042
363	1137
335	1192
351	1356
339	1434
335	1631
344	1605
443	1416
334	1199
348	1367
361	1232
357	1230
384	1342
305	1283
377	1141
379	1137
404	1301
333	1134
341	1219
389	1262
382	1186
403	1292
404	1250
390	1308
371	1426
336	1494
370	1616
414	1351
361	1196
365	1178
390	1093
331	1043
349	1181
331	1215
365	1258
366	1428
367	1377
344	1548
335	1506
344	1487
338	1433
386	1362
377	1173
385	1021
326	1035
354	1046
352	1207
318	1153
306	1063
303	1176
359	1282
358	1339
341	1377
336	1545
343	1429
350	1361
344	1231
349	1153
352	1120
374	1256
381	1320
361	1355
360	1445
373	1571
357	1285
381	1352
365	1336
358	1338
380	1241
370	1583
355	1472
408	1482
360	1272
336	1239
294	1218
349	1184
365	1346
373	1357
340	1255
317	1283
340	1221
281	1166
344	1467
351	1354
361	1145
381	1106
357	1129
372	1083
379	1027
353	1303
411	1289
455	1140
394	1199
381	1222
368	1215
405	992
336	1220
364	1239
341	1239
367	1205
344	1458
361	1508
337	1565
345	1342
398	1419
356	1288
393	1400
385	1521
418	1282
332	1219
334	1122
356	1154
360	1217
346	1154
375	1100
377	1138
374	1278
420	1325
397	1274
339	1165
372	1247
352	1310
364	1504
358	1316
368	1220
382	1116
367	1199
378	1427
357	1206
375	1136
387	1204
425	1258
342	1359
375	1387
336	1331
342	1363
345	1232
347	1351
363	1399
389	1307
390	1233
331	1231
337	1310
319	1389
340	1168
295	1335
362	1236
347	1326
420	1384
349	1108
328	1002
335	983
358	1090
308	1314
306	1332
330	1283
278	1320
286	1053
317	1029
318	1175
346	1244
324	1245
348	1110
374	1211
296	1139
274	1202
306	1087
317	1205
305	1250
395	1347
335	1473
355	1413
337	1570
375	1615
275	1368
343	1401
346	1418
348	1453
353	1365
292	1363
271	1309
300	1374
344	1333
336	1399
347	1231
298	1133
263	1295
288	1337
324	1146
296	1041
293	940
281	1171
336	1127
304	874
314	1086
333	1192
332	1183
311	1024
318	1121
279	1129
329	1252
313	1479
367	1341
290	1302
309	1557
292	1302
303	1303
296	1335
340	1305
265	1205
310	1320
331	1375
273	1311
323	1380
266	1348
321	1318
316	1346
330	1279
358	1403
300	1225
342	1315
331	1218
356	1165
294	1134
265	1089
297	1250
296	1182
316	1375
305	1274
311	1454
353	1398
306	1209
345	1214
350	1355
315	1470
300	1277
305	1510
304	1392
282	1332
289	1248
322	1433
426	1497
349	1432
326	1722
303	1369
301	1409
303	1372
337	1463
313	1378
309	1444
277	1325
296	1477
326	1490
328	1528
325	1345
322	1283
328	1295
357	1222
351	1251
381	1345
310	1370
297	1346
323	1321
353	1550
364	1451
373	1343
381	1425
360	1212
317	1103
353	1249
399	1230
380	1300
326	1356
347	1379
478	1288
396	1412
326	1305
319	1290
284	1446
297	1267
279	1355
298	1454
338	1341
315	1563
340	1594
342	1329
324	1416
331	1210
348	1457
359	1477
305	1287
352	1252
312	1213
320	1167
367	1337
314	1369
341	1444
346	1180
344	1240
335	1458
325	1155
341	1246
260	1316
276	1032
283	1052
252	1103
323	1389
312	1349
356	1308
314	1175
291	1205
292	1210
321	1300
338	1221
345	1281
322	1363
289	1056
300	1208
348	1196
332	1212
350	1453
367	1247
349	1095
296	1306
324	1414
326	1333
302	1321
338	1241
308	1276
347	1249
347	1283
362	1428
377	1312
337	1372
328	1259
353	1203
327	1313
342	1583
348	1386
338	1319
343	1320
332	1424
361	1340
407	1391
432	1342
443	1343
408	1208
510	1269
467	1283
532	1240
566	1361
495	1122
541	1126
530	1376
580	1437
640	1337
590	1296
621	1369
635	1341
583	1296
655	1370
656	1393
678	1299
646	1381
695	1522
687	1463
721	1300
770	1286
745	1269
707	1391
774	1198
651	1437
738	1488
709	1326
714	1338
650	1546
611	1413
625	1580
643	1370
495	1315
570	1445
571	1761
527	1481
544	1344
519	1422
522	1453
487	1386
458	1374
493	1462
455	1371
494	1375
391	1413
470	1637
453	1391
395	1058
382	1166
363	1242
412	1259
355	1327
382	1228
382	1473
387	1421
361	1124
369	1240
333	1164
329	1267
368	1261
383	1407
414	1429
334	1319
348	1231
385	1307
353	1307
382	1147
355	1142
314	1288
369	1188
430	1087
328	934
329	1159
296	1284
294	1446
329	1430
286	1377
306	1471
300	1360
368	1446
377	1418
311	1413
288	1384
342	1227
330	1347
322	1318
350	1203
366	1321
303	1219
354	1307
322	1320
263	1136
316	1133
325	1215
325	1112
317	1123
297	1194
318	1124
320	1316
319	1484
344	1393
351	1304
319	1313
311	1362
326	1347
339	1369
372	1394
340	1266
313	1147
342	1275
336	1386
368	1150
362	1016
342	1200
338	1145
362	1180
369	1162
339	1153
301	1024
323	1250
297	1170
337	1051
327	1162
270	1281
295	1253
343	1336
305	1319
321	1318
338	1350
309	1418
312	1354
300	1319
326	1193
316	1355
328	1324
328	1063
310	1215
262	1217
280	1237
262	1303
293	1542
306	1412
288	1559
290	1429
361	1429
286	1279
323	1037
291	1114
301	1483
286	1211
258	1377
307	1253
303	1183
291	1147
290	1078
301	1159
329	1057
326	1218
325	1304
314	1293
291	1222
302	1189
297	1373
314	1299
285	1313
273	1366
269	1432
297	1460
289	1362
291	1259
322	1462
317	1231
308	1280
319	1215
293	1337
333	1447
349	1348
291	1227
304	1266
337	1269
280	1335
295	1316
343	1272
278	1397
326	1524
313	1532
364	1606
324	1515
354	1623
309	1454
326	1140
304	1496
362	1553
365	1424
301	1431
269	1439
320	1484
323	1392
309	1282
363	1266
321	1475
300	1312
254	1200
286	1227
321	1191
305	1273
348	1242
391	1533
358	1435
362	1295
306	1132
306	1322
334	1260
340	1577
271	1177
272	1100
326	1309
336	1206
309	1296
361	1579
367	1555
374	1202
318	1330
313	1107
369	1318
344	1332
285	1243
334	1329
295	1534
293	1371
296	1524
302	1332
275	1596
333	1398
289	1321
310	1183
324	1187
327	1229
332	1113
316	1191
368	1565
406	1657
363	1687
374	1521
330	1442
284	1280
350	1240
345	1343
363	1313
304	1187
294	1454
350	1510
354	1312
307	1482
296	1284
310	1228
282	1294
288	1273
332	1145
308	1028
249	988
288	1034
299	1115
302	1024
314	1176
279	1195
361	1285
327	1462
313	1454
346	1311
329	1298
348	1218
325	1273
282	1321
347	1358
334	1237
334	1193
378	1217
415	1111
326	1123
313	1201
311	1401
304	1563
309	1531
318	1362
354	1094
302	1157
326	1205
335	1150
348	1152
338	1325
288	1393
307	1622
306	1251
301	1147
294	1226
331	1295
283	1185
345	1359
329	1141
324	1369
296	1227
298	1256
312	1322
336	1327
322	1291
262	1249
337	1286
371	1282
374	1152
361	1190
371	1541
356	1660
331	1664
374	1561
342	1638
341	1476
327	1382
361	1489
300	1402
330	1462
321	1576
312	1568
287	1573
374	1466
372	1385
339	1216
294	1117
336	1193
319	1222
351	1068
362	1170
259	1240
312	1384
382	1393
322	1344
343	1387
302	1415
321	1339
300	1103
311	1297
314	1294
291	1192
290	1274
365	1132
305	1141
310	1195
309	1086
293	1226
313	1182
318	1281
357	1373
333	1226
291	1224
274	1143
301	1198
347	1219
247	1259
294	1392
240	1338
286	1237
258	1303
262	1401
281	1142
351	1134
340	1000
311	1091
319	1309
340	1121
335	1155
328	1414
314	1583
287	1354
321	1463
330	1441
320	1414
338	1419
320	1404
298	1201
382	1272
364	1263
325	1223
315	1460
354	1598
262	1392
240	1308
238	1322
215	1186
263	1196
302	1444
254	1471
308	1502
275	1260
267	1170
300	1209
326	1138
374	1280
352	1537
331	1597
288	1378
317	1609
339	1465
339	1326
332	1300
314	1306
307	1419
373	1338
382	1224
333	1340
371	1248
364	1194
328	1287
342	1280
330	1333
334	1258
319	1489
273	1436
295	1481
280	1478
335	1555
354	1318
313	1348
292	1365
321	1515
289	1536
271	1591
329	1428
306	1261
291	1301
305	1097
312	1258
265	1391
317	1387
285	1423
271	1375
305	1451
327	1416
315	1307
268	1356
316	1603
271	1572
313	1399
298	1338
285	1186
308	1231
309	1221
293	1312
299	1317
298	1413
310	1286
298	1268
321	1235
268	1133
318	1372
311	1507
301	1210
329	1405
317	1393
292	1289
316	1401
330	1452
309	1403
352	1423
334	1522
333	1271
308	1246
302	1263
310	1526
295	1488
315	1364
336	1256
341	1154
316	1051
341	1160
372	1085
299	904
307	1132
334	957
309	1105
375	1163
305	1221
314	1132
322	1071
325	1127
310	1023
278	1162
276	1308
309	1326
362	1513
303	1247
265	1267
348	1399
374	1314
351	1212
373	1317
363	1320
325	1282
344	1408
317	1357
295	1532
310	1407
321	1430
348	1259
347	1479
392	1505
378	1450
392	1675
333	1291
347	1604
339	1429
360	1270
332	1256
331	1524
330	1400
358	1448
330	1289
340	1271
340	1478
383	1453
320	1352
340	1445
355	1362
293	1364
346	1170
383	1309
365	1316
342	1373
344	1540
376	1440
356	1282
328	1195
301	1430
330	1497
372	1427
379	1555
335	1661
385	1448
365	1429
363	1315
321	1576
392	1384
387	1365
377	1111
377	1144
426	1353
380	1236
349	1322
330	1459
375	1076
410	1191
368	1408
320	1419
339	1616
328	1546
393	1456
366	1536
333	1241
363	1171
293	1315
330	1542
329	1380
385	1296
359	1213
329	1207
332	1257
371	1298
344	1137
369	1388
420	1257
367	1264
355	1314
354	1393
358	1264
325	1234
334	1355
306	1367
338	1360
384	1394
351	1319
379	1311
367	1499
368	1582
316	1465
392	1413
331	1395
329	1425
365	1378
330	1428
340	1304
346	1344
344	1454
316	1376
297	1273
368	1230
302	1510
