454	1123
423	1243
410	1376
380	1350
402	1177
394	1007
394	1043
408	793
457	798
442	890
488	1011
426	1144
401	986
446	1205
447	1278
422	1047
448	1147
471	948
418	1039
426	1233
470	1332
454	929
529	1022
523	1021
526	1013
535	1117
556	1020
636	1051
649	1192
626	1191
627	1207
667	1019
734	921
853	1308
919	1303
846	1157
824	1155
834	1175
916	1081
923	1073
835	1213
856	1388
812	1469
880	1368
964	1416
901	1397
891	1403
997	1222
956	1294
1046	1178
1085	1232
1109	1140
1083	1155
1132	1350
1220	1363
1197	1170
1187	1174
1151	1234
1095	1399
1188	1278
1104	1340
1074	1475
1115	1208
1090	1281
1142	1176
1116	1006
1147	1255
1172	1296
1196	1264
1128	1186
1066	1239
1261	1053
1279	1224
1299	1247
1162	1264
995	948
938	1200
1000	1320
1050	1229
903	1247
750	1337
772	1315
806	1167
858	1131
730	931
645	1097
624	1142
683	1115
716	951
668	976
492	1235
499	1164
512	986
505	1022
508	1063
450	1153
429	1268
398	1219
385	990
460	1333
427	1234
382	1219
425	1198
442	1156
436	951
395	1032
367	1080
436	1208
481	1073
411	1004
420	961
406	928
410	990
423	1139
383	1146
369	1002
368	981
433	1017
382	962
381	997
430	899
371	986
441	1038
411	897
373	1008
387	1025
381	958
374	1107
367	1137
386	1082
419	1093
388	958
418	918
405	837
413	994
439	1124
369	977
404	991
379	900
320	907
351	1059
375	996
369	990
347	863
363	834
359	978
382	1073
375	1018
360	1113
372	1101
352	1008
389	1145
388	1005
437	1099
396	1113
425	1022
415	1110
369	1285
357	1064
354	988
416	955
415	928
376	992
384	1006
344	961
385	907
435	1014
406	1102
346	1106
422	1152
450	1045
381	1090
392	1192
476	1409
388	1130
420	1225
444	1268
332	1255
357	1187
387	1088
370	1051
380	1035
444	1083
382	991
382	1094
376	1303
389	1176
393	1134
352	1266
443	1299
463	1391
413	1377
397	1250
365	1343
380	1207
331	1198
354	1092
418	1081
414	1179
415	1318
360	1424
388	1323
381	1350
442	1200
370	1163
388	1231
386	1109
383	1092
395	1134
361	1203
386	906
374	1163
361	917
375	948
362	1089
385	1029
392	978
366	837
361	944
387	1055
355	1065
358	954
414	976
357	1031
381	1079
367	1232
384	1175
416	1193
396	1087
328	1121
364	1198
403	1176
374	1279
341	1164
356	1004
392	1205
364	1175
372	1388
369	1162
355	1168
390	1049
368	1069
401	1470
400	1385
374	1462
396	1487
437	1426
418	1264
471	1223
394	1694
384	1734
374	1533
355	1278
416	1163
451	1264
415	1194
460	1180
407	1157
421	1168
364	1113
393	1030
399	1049
435	1229
376	1175
376	1174
388	1141
447	1179
424	1273
366	1002
403	953
428	1001
402	875
376	1014
428	976
380	856
462	863
435	1023
402	915
479	940
410	1078
442	1103
429	988
423	1056
490	1229
531	1151
641	1003
593	1108
603	1183
651	919
650	1052
570	879
563	989
569	919
584	1055
640	997
544	970
565	969
558	1072
533	1113
531	1049
470	1026
430	1242
448	1207
468	946
467	964
451	997
444	937
416	911
417	1005
401	1009
395	937
459	940
353	928
412	1119
412	997
392	1007
406	1226
431	1283
398	1065
388	925
369	1229
451	1088
402	1065
392	996
437	1092
391	1107
389	1235
436	1007
438	970
447	910
408	993
390	1221
358	1031
406	972
382	937
422	843
332	950
385	967
342	977
386	937
401	837
391	1020
411	1142
359	1096
359	946
399	997
379	1318
412	1228
403	1101
438	1024
439	1307
433	1196
402	1115
416	1011
371	908
380	978
440	1102
431	987
387	884
395	941
356	862
435	808
424	1097
381	1078
385	992
385	892
430	983
392	1138
429	1013
455	994
434	1103
399	1130
476	932
574	1149
627	1035
590	1180
680	1182
805	1329
1011	1274
977	1058
779	1092
694	971
891	1123
840	1086
1018	1073
938	1094
863	990
866	965
891	1165
1117	1030
1067	1192
1106	1093
1223	1218
1453	1112
1280	1217
1331	1108
1207	1270
1176	1178
1147	1302
1205	1407
1351	1259
1463	1259
1450	1436
1326	1239
1262	1352
1325	1567
1329	1488
1345	1359
1404	1248
1908	1348
2447	1323
2395	1404
2258	1371
2892	1289
3714	1549
4301	1487
4140	1439
4246	1342
4346	1397
4458	1407
4224	1337
4148	1326
4175	1268
4199	1158
4049	1136
3827	1237
3611	1292
3876	1176
3615	1256
3184	1073
2385	1095
2032	1298
2192	1324
2061	1229
1617	1037
997	1054
773	1099
837	1061
907	1181
833	1107
731	1048
565	1071
627	1448
688	1173
633	1097
470	1056
456	1043
454	1206
480	1226
470	1134
468	1198
449	1201
454	1154
430	1093
444	1121
407	1111
406	1125
429	1270
418	1190
431	1020
423	1254
426	1135
422	985
417	956
437	976
412	1133
413	1180
461	1038
412	950
422	899
391	841
431	847
430	1032
413	1025
373	976
423	1060
356	1039
384	1031
430	1236
421	1353
427	1214
377	1042
397	1257
406	1112
452	1067
402	1013
406	851
438	1085
469	1177
407	1225
394	1053
489	1168
462	959
444	1081
451	976
407	1165
457	1130
486	1066
453	1030
469	1192
405	992
457	923
490	818
476	915
467	1028
500	1056
438	1281
500	1050
478	1035
516	954
596	977
501	1052
527	1041
513	1216
583	1145
555	1228
571	1316
560	1317
655	1186
708	1061
782	1028
616	956
612	939
650	906
762	855
819	983
724	1023
728	1180
831	969
1187	1034
1351	1067
1212	1091
1191	1235
1172	1081
1432	1165
1549	1167
1331	1156
1235	880
1317	1034
1505	1119
1745	1171
1448	1259
1458	1170
1348	1187
1635	1024
1967	1254
2106	1479
2048	1262
1859	1098
2297	1221
2806	1300
2964	1358
2795	1250
2677	1309
2832	1285
3548	1386
3886	1434
3941	1596
3802	1486
3756	1573
4359	1516
5273	1626
5475	1687
5114	1627
5297	1547
5795	1642
6488	1824
6350	1655
6298	1525
6231	1559
6589	1703
7040	1766
7212	1784
7069	1670
7138	1872
7329	1929
7397	1829
7502	1658
7373	1523
7051	1653
6863	1664
7065	1743
6783	1580
6657	1878
6494	1569
6397	1469
6316	1481
6689	1631
6678	1599
7158	1638
7324	1573
7068	1800
7096	1889
6861	2127
6622	1882
6757	1665
6837	1699
6711	1938
6844	2258
6830	2096
6634	1819
6562	2058
6757	1927
7180	2063
7237	1946
6728	1834
6912	1926
8094	2444
9464	2773
10063	2796
9658	2558
9596	2462
10397	2518
10797	2739
10777	2761
10871	2784
10593	2767
10600	2832
10422	2963
10144	2946
10105	3055
10186	3157
10057	3123
9832	3230
9568	2983
9515	2595
9724	2436
9528	2618
9263	2305
8445	2284
8512	2230
8679	2304
8335	2089
7527	1710
6233	1489
5477	1325
5622	1473
5758	1491
4811	1405
3324	1451
2673	1490
3026	1357
3680	1486
3471	1310
2396	1413
1758	1041
1837	1103
2236	1107
1967	1081
1613	1100
1269	1114
1336	1138
1499	1054
1388	1141
1162	1136
883	1244
685	1007
829	1079
773	982
655	1075
546	996
502	1052
545	1214
624	1118
574	1147
533	1192
498	1236
504	937
503	911
471	950
442	1005
456	1042
488	1134
474	1186
454	1143
433	1048
446	922
468	1108
432	898
444	1033
433	1127
462	1085
483	1041
519	946
518	1053
469	1056
506	1185
545	989
523	1128
555	1056
551	971
537	1034
512	1012
567	1000
567	1025
571	1161
511	1184
493	1006
481	925
468	810
432	909
472	1078
490	1098
400	1052
473	1109
459	1142
411	1104
439	1452
441	1144
423	1146
421	1110
452	1224
442	1055
478	1362
500	1321
441	1255
439	1143
417	1397
442	1371
501	1154
545	1296
471	1085
523	1115
557	1046
601	998
570	1074
533	1155
539	1129
565	1152
578	961
558	1069
575	1163
612	972
612	956
667	981
664	1015
628	1030
570	980
655	1153
713	1142
707	1150
705	950
733	1073
749	1256
772	1143
794	1115
870	1276
829	970
867	960
690	1073
620	1128
690	1026
768	1011
704	1069
722	1020
663	960
663	1018
739	1025
672	886
658	1060
639	1223
579	1281
573	1079
568	1150
549	915
515	924
528	1045
664	1129
643	1191
569	1178
444	1100
427	1292
383	1196
421	1088
368	1044
347	1126
321	1030
364	1126
307	1177
351	1238
386	1021
369	1184
388	1137
350	1014
362	1131
397	1165
413	981
385	1130
393	1169
385	1123
367	1198
330	1099
386	1117
367	1239
407	1333
378	1350
406	1130
326	1083
377	1100
378	1035
421	1089
418	1020
360	985
415	1242
445	958
379	1140
432	1186
426	1016
434	957
378	973
446	1036
383	939
345	989
390	1010
378	914
387	963
347	1082
367	1217
423	1198
376	1333
342	1033
394	1200
354	1060
363	1115
335	1002
326	1035
298	994
349	961
392	859
319	905
374	935
334	1006
354	986
367	1287
373	1185
420	1117
340	1142
406	1187
417	1190
380	1007
395	1216
396	1122
392	1080
386	1020
386	894
387	953
421	996
421	1023
410	886
389	905
411	876
386	1037
359	1082
370	1156
410	1062
380	1136
338	1166
367	1197
329	1282
356	1170
319	1019
356	895
368	981
361	1251
358	970
441	1211
426	1144
448	1112
369	1086
399	1082
368	953
401	1205
384	1049
425	1141
400	1139
376	1122
353	1152
383	1057
394	969
431	1039
377	1119
384	1293
384	1174
351	1051
393	1003
406	1255
365	1096
379	1135
389	1002
394	1032
342	1017
380	917
364	879
377	981
372	996
386	1257
368	1193
423	1315
407	1176
345	1132
344	1068
345	1239
400	1176
353	1074
428	1112
373	1238
403	1257
390	1293
425	1389
430	1124
392	1092
370	1182
376	1291
379	1168
340	1027
374	1076
384	1019
419	967
358	1057
418	1227
408	983
360	1043
389	1129
398	1070
419	1089
390	1178
396	1078
402	971
425	889
368	897
390	931
420	1006
472	1094
451	1067
414	1072
398	989
397	1190
428	1163
386	978
387	928
389	944
447	870
392	898
414	1003
383	1068
406	1302
407	1075
409	1072
451	947
416	980
492	983
416	1001
417	1108
477	1067
454	1055
464	1095
457	1074
445	1089
461	916
443	953
426	1020
486	892
444	904
439	1020
439	1182
446	1263
495	1186
424	1247
448	1146
461	1019
495	895
513	1005
490	793
549	905
585	924
499	974
536	932
534	1111
553	867
604	1151
490	878
526	937
528	983
505	992
454	1039
498	917
500	751
591	847
517	831
459	893
525	924
523	1098
503	938
463	971
425	1010
464	1178
494	1103
431	770
465	815
506	986
434	934
495	1007
455	925
446	1060
473	977
412	980
400	959
402	1001
468	940
422	1105
427	1151
416	1153
405	1304
411	1258
469	1254
413	1153
443	1239
414	1126
458	1066
450	1505
461	1346
443	1214
446	969
418	1099
433	1133
427	989
436	1151
462	1110
391	1064
410	1076
397	952
390	1088
409	1165
435	1047
397	1043
398	1133
427	1173
527	1041
485	1015
510	1023
533	1089
610	949
792	1239
838	1239
818	1169
860	1195
1101	1171
1229	1114
1287	1125
1147	1296
1289	1444
1729	1338
2156	1243
2504	1205
2307	1088
2169	1068
2316	1014
2631	1081
2429	987
2296	1102
2241	1086
2314	1382
2336	1248
2413	1135
2417	1103
2396	1133
2503	1229
2301	1274
2504	1314
2479	1314
2413	1375
2358	1346
2303	1219
2370	1129
2359	1277
2330	1187
2378	1244
2361	1356
2161	1150
2275	1534
2365	1339
2318	1042
2032	1179
1816	1161
1458	885
1626	912
1741	1072
1575	1109
1520	1018
1255	1057
1219	1143
1404	1325
1254	1046
1239	1130
1103	1150
1062	1144
1160	1158
1224	1139
1010	1308
915	1011
881	1092
909	1068
927	1037
784	1088
736	1170
706	1259
720	1242
674	1234
617	923
570	1042
526	1159
469	1282
472	1096
502	963
460	965
455	1127
444	1177
473	1230
454	1119
447	1115
447	1101
436	1096
429	1193
460	1042
423	1034
400	1128
411	994
390	1219
380	997
442	1209
411	1056
399	1176
433	1108
411	1177
380	1173
384	1166
398	1332
384	1174
385	1158
370	1083
412	1224
402	1003
396	1192
386	1168
376	1169
399	1177
435	1199
445	1107
373	1173
449	1030
460	1050
426	918
375	920
422	996
425	960
468	978
423	1044
410	972
410	914
407	963
383	922
424	958
395	852
394	952
376	795
394	1090
356	993
399	918
413	1040
418	916
402	1134
396	1124
389	1026
401	870
418	931
403	1057
396	1156
377	1162
374	1177
365	1128
376	922
407	1056
379	1033
352	1024
361	1228
389	1237
369	1088
362	1039
389	1017
388	995
372	1051
345	1080
376	1085
362	1031
402	1093
435	1140
365	1040
381	1045
443	1140
404	1088
383	1205
428	1035
450	1185
450	919
563	915
495	899
471	1229
454	1042
529	1198
531	1132
538	1012
530	1083
492	911
455	889
445	1056
449	1090
454	965
446	897
413	1064
422	1031
402	975
413	955
430	1160
448	1057
431	1249
417	1262
400	1209
434	1109
414	1144
446	1028
392	1043
365	1163
366	967
423	1109
377	1039
370	946
354	1056
379	883
383	922
345	906
374	1000
412	1071
345	1047
386	1013
362	1163
365	1099
366	1082
420	1147
377	1164
354	1139
353	1030
361	1007
364	975
392	1110
361	990
383	1139
443	1182
382	1227
369	1081
368	1141
370	1089
362	1104
364	1059
424	1180
418	1319
397	1245
381	1487
372	1347
367	1156
372	1139
399	1234
398	1333
449	1316
397	1115
416	1408
387	1230
404	1421
383	1305
400	1026
406	1184
446	1215
369	1198
455	982
408	1092
444	1071
384	1080
430	1035
400	833
363	919
415	1082
389	1341
398	1177
379	1148
347	999
328	1020
398	1136
376	1072
375	959
365	1133
414	849
401	972
420	837
380	985
382	1111
370	1082
354	1096
389	964
349	945
327	1057
386	1103
365	1044
312	1112
334	1008
357	968
416	1020
363	902
370	936
394	1008
385	1021
370	960
382	1020
397	938
419	1234
410	1180
387	1179
407	990
408	963
367	1041
381	1155
392	873
341	1158
444	1024
406	941
395	938
361	864
370	886
383	806
349	984
355	1032
367	1048
382	1276
405	1150
413	1006
358	937
396	1011
398	1164
400	1119
373	1129
385	1134
432	1069
364	976
378	893
391	1128
310	1153
416	923
427	1058
383	832
404	982
475	930
420	894
390	968
409	869
416	990
428	952
431	920
433	925
496	974
444	1212
480	1074
439	1102
439	1159
430	1319
525	1087
510	1187
524	1204
514	1155
570	1047
516	1051
534	1121
509	959
558	918
494	751
478	877
471	940
493	1116
483	1254
481	1179
395	904
381	1082
429	988
426	1052
403	1105
455	1089
354	1028
368	1234
400	1114
320	889
355	995
416	990
388	949
365	1032
410	959
391	983
389	1063
408	1005
381	1168
373	1047
392	1124
351	1033
347	913
345	967
396	1067
360	893
390	855
358	976
401	1007
418	994
364	1219
362	1109
420	1048
405	1128
407	1187
383	1090
409	1027
378	880
376	964
433	973
392	943
381	901
355	1031
310	1073
379	1293
396	1107
406	1087
362	1070
358	1122
406	1127
346	1076
381	1008
365	1100
394	877
333	962
358	967
365	827
395	849
457	1130
406	1134
396	1025
392	992
390	1019
385	1095
367	1091
434	1146
450	1171
364	1200
394	1075
376	1051
415	934
421	1153
366	1166
354	1190
380	1164
350	1043
373	1162
375	1154
405	1228
391	994
379	1222
431	1122
432	1246
366	1178
421	1166
453	1132
374	1190
414	1135
375	1057
383	1037
422	1038
408	990
427	983
416	954
404	921
399	1125
365	1013
404	1127
375	1143
380	1335
461	1055
415	1199
429	1233
406	1349
447	1194
423	1164
396	1293
399	1064
360	1185
414	1174
452	1176
388	1160
450	1189
479	1190
424	1315
481	1223
436	1088
421	1147
476	1071
436	1114
377	1163
412	1141
400	1085
403	953
394	1111
396	1272
377	1180
398	1218
433	922
374	936
357	942
370	847
386	915
378	1013
377	1038
401	973
364	1054
429	1035
386	1051
433	1134
343	929
338	928
427	1200
414	1046
412	1038
397	1321
349	1505
382	1079
373	1026
392	1073
382	1088
382	1061
416	1152
379	1243
379	1332
396	1404
402	1269
413	1307
397	1233
366	1736
408	1313
354	1149
325	1070
382	980
379	1110
372	958
364	1152
395	1116
365	1194
356	1064
412	1060
389	1231
368	1081
431	1085
355	1056
405	999
415	1010
392	1055
419	1167
343	1109
337	1032
359	1049
358	1307
332	1149
390	1251
362	1081
315	899
351	1025
390	1055
372	1042
366	1116
338	1152
358	1130
364	1031
383	1322
448	1250
404	1203
343	988
358	1108
366	978
385	1039
373	1271
342	1143
368	1084
378	1178
349	1056
406	1111
384	1162
352	1175
348	1062
401	1189
378	1138
323	1017
424	1117
394	1144
368	1193
402	1095
405	1124
376	1089
387	1007
421	1067
418	1052
413	1030
403	1131
359	926
408	793
403	809
408	846
409	1143
357	1072
378	1139
408	877
456	1035
477	1096
393	1181
404	1034
422	1004
408	1148
394	1097
390	1069
345	922
389	893
371	939
375	900
368	1026
384	1162
408	1139
391	1067
414	1133
386	1040
344	1308
364	1387
327	1190
368	1240
383	985
313	1017
342	948
395	1012
334	1207
380	1075
324	947
363	911
361	1078
340	1184
326	1066
403	1013
368	868
371	956
342	1052
329	915
351	838
394	879
363	980
377	1109
336	1042
357	1001
367	975
349	841
384	815
379	852
309	733
387	849
398	939
402	1147
397	1053
372	869
373	1020
384	1183
350	1169
364	1010
387	991
394	930
426	895
348	983
364	990
368	945
399	849
366	905
375	1020
377	873
376	984
367	826
357	896
363	747
343	1017
321	1055
331	1182
315	1094
419	1144
437	1116
360	930
372	1048
354	895
392	946
359	985
368	993
357	1048
345	940
372	1011
376	1116
362	1148
351	1219
367	1205
374	1068
372	1031
440	1084
374	1125
367	1077
348	1017
376	953
400	873
364	875
398	983
400	1148
355	1155
376	1183
382	1235
364	1090
389	1014
359	1097
321	1224
395	984
363	995
434	1174
381	1080
361	1024
341	1032
353	990
423	1017
375	995
411	1037
372	1117
403	1041
359	926
348	879
340	1051
323	1058
412	920
381	1037
349	887
411	949
408	1000
371	942
332	925
363	1111
349	1150
377	1116
332	986
393	857
391	847
415	910
358	987
418	845
368	821
366	842
425	1020
402	1066
391	1019
397	1084
378	1113
382	1218
367	1180
362	985
362	954
390	973
383	1116
365	1057
405	789
341	890
369	1045
382	1163
332	960
359	1041
370	881
385	1103
401	1055
379	1116
389	1217
360	1253
384	1201
396	1243
406	1261
382	1262
354	1122
412	1169
369	944
371	1080
396	1417
387	1283
443	1177
432	1172
361	1101
344	1292
352	1168
431	1229
415	1103
423	1383
357	1159
399	1254
419	1129
413	942
419	977
335	1094
427	1033
396	967
369	884
360	1034
365	1119
378	1225
360	1060
384	1041
381	917
377	995
368	915
339	791
351	732
337	942
386	969
378	861
391	941
402	991
354	967
367	971
405	1023
406	892
343	984
414	896
381	911
383	988
419	926
366	1056
392	992
437	1142
489	1176
420	1087
397	966
356	871
409	1025
333	933
376	948
383	1012
417	1156
382	953
348	1068
395	966
365	1011
421	995
354	816
398	826
378	935
344	1144
372	1064
326	1067
389	967
347	1003
404	1001
367	858
403	870
374	922
391	857
422	870
425	843
447	859
415	753
433	936
446	868
504	871
431	1049
372	1133
450	959
442	1066
393	1062
434	1047
415	1029
359	962
379	1006
417	957
400	917
430	1018
408	953
451	999
469	1093
513	1075
484	1126
489	1080
554	1038
571	1022
530	1032
534	954
478	1095
514	871
514	955
558	913
595	1090
591	1181
581	1102
567	1017
532	1072
488	1064
533	993
521	984
438	1122
406	1217
404	1114
418	1118
459	1196
411	1189
444	1276
394	1104
443	1086
521	1135
479	1121
372	1135
425	1102
372	1158
375	1171
402	1285
407	1058
410	979
358	946
360	938
401	1024
355	916
327	956
358	1114
373	1139
419	1014
415	1238
380	1109
411	1040
326	1108
330	1256
362	1171
378	1279
392	1023
353	1045
347	897
368	1020
378	1155
343	1078
378	1068
366	972
318	852
339	935
316	1021
340	1216
343	978
347	915
371	1090
361	967
341	1067
376	921
388	1148
400	1016
357	1114
391	1287
395	1178
406	1218
437	860
419	899
402	1028
469	1181
419	1190
397	1009
396	1024
387	1134
399	940
437	1221
447	1210
392	1043
427	1050
364	1088
389	1019
405	1093
449	1030
491	949
429	1131
481	1133
464	1089
440	1171
416	1113
447	1227
488	1073
432	1035
464	996
338	908
314	931
374	832
375	834
408	827
398	835
388	947
364	1085
414	967
394	925
336	775
381	822
360	887
361	947
367	993
379	942
412	922
376	1076
354	946
341	964
359	968
329	1106
401	1145
376	1115
356	974
340	1152
371	1007
349	1098
350	913
349	831
417	979
350	875
348	831
388	875
396	955
359	974
365	1055
338	1135
353	1245
348	966
368	934
351	989
366	1101
300	1344
362	1274
381	1095
338	990
383	1193
369	1214
358	1274
350	1329
342	1267
375	1243
405	1026
366	971
376	1143
341	1186
368	1138
404	1113
398	1015
390	1123
353	1077
335	886
326	1017
402	901
416	1009
384	1053
394	1017
348	1107
351	1110
398	1020
340	1266
336	1185
402	1470
364	1415
322	1231
362	1213
401	1134
350	1018
358	1011
405	1075
372	1101
360	1018
330	1077
378	1094
391	1219
323	897
380	937
324	1045
365	1023
345	952
380	874
379	860
423	957
370	884
342	1054
399	1057
368	1082
384	1192
372	1204
376	1217
338	1090
364	1124
391	1179
322	940
411	997
354	1137
390	1045
363	1013
347	931
346	966
401	1082
395	902
388	1006
419	1098
392	1019
348	1075
381	1152
415	1268
354	1152
422	1249
368	1476
358	1274
363	1183
336	1081
401	1116
394	1124
363	1123
413	963
389	976
430	1052
388	1110
394	1122
414	1305
426	1168
446	1278
448	1084
437	1150
452	1225
424	1102
436	1053
408	1079
432	956
417	917
419	1102
470	1050
451	1120
407	1142
401	1104
423	1237
353	1192
403	1058
380	1104
420	1143
357	1093
382	916
400	1109
361	949
349	806
397	910
383	911
323	1043
382	979
413	1106
331	1287
356	1102
372	963
353	1052
374	1011
393	1046
375	1021
469	1095
441	1220
398	1082
403	937
415	918
391	1111
409	989
377	1049
421	978
396	862
404	1001
353	951
367	1070
405	1142
407	1072
331	878
387	940
377	882
386	1033
402	1059
420	1039
351	1125
323	1274
352	1169
384	1079
411	1035
374	1003
369	1099
328	903
339	1101
374	1061
381	1137
358	983
339	1026
341	985
327	1056
302	925
346	1216
382	1579
377	1291
355	1072
386	1296
352	1167
333	1235
405	980
394	1059
368	1136
365	1021
317	945
355	1283
356	1281
374	1282
398	1453
437	1304
383	1224
411	1132
373	1237
387	1248
388	1197
415	1067
349	933
394	1092
424	1045
403	1220
409	1134
369	1076
417	1061
423	1280
386	1024
386	1104
363	1126
396	1051
393	952
371	1071
393	1205
414	1083
418	1071
422	1145
434	946
427	1104
392	986
473	962
508	1011
452	877
521	1055
568	1136
717	1115
674	1032
716	1028
700	1036
867	1042
687	1097
669	1184
663	1037
669	962
573	929
451	913
368	992
407	984
431	1122
497	1075
435	970
384	1046
359	1165
382	948
349	844
342	1043
339	1007
350	1102
376	1064
419	1052
411	809
357	878
355	758
404	809
377	730
372	845
380	890
362	919
385	1036
333	837
366	866
328	1141
351	1038
435	914
347	934
377	922
383	883
327	948
409	1015
351	1136
386	1112
392	951
382	1048
356	1275
397	1310
381	1189
357	1245
411	1107
383	1178
433	1077
427	963
380	1060
397	1112
432	1106
416	1091
399	993
361	1059
331	1052
372	1017
368	1125
339	1084
380	999
401	921
450	977
405	1055
411	992
405	970
405	1026
451	912
426	1056
446	1279
408	1017
393	1081
425	1092
399	1257
424	1149
394	1113
396	1031
364	976
353	1083
385	1043
356	1100
413	1295
441	1212
404	1183
338	1233
404	1115
342	1258
351	1206
391	1315
361	1200
395	1117
397	1106
388	965
435	1020
471	1139
399	875
389	969
393	914
372	1092
404	1009
358	994
428	993
344	1087
347	1119
427	1172
340	1169
316	1101
376	948
411	917
410	1011
394	1040
359	1183
384	1111
366	1164
318	1066
363	888
418	1028
384	907
413	1088
400	985
408	1149
368	1012
386	1062
361	1012
374	1028
383	1056
381	994
404	1060
335	967
348	858
407	1131
375	1126
438	1024
370	997
360	983
381	977
386	1058
436	920
321	889
430	955
410	1031
360	980
343	978
376	1029
373	1014
382	1119
436	1004
381	1108
363	1075
403	1111
388	1074
309	1101
394	1121
401	1087
377	1101
377	1048
397	901
357	1101
343	1063
418	1177
442	1082
373	963
401	1007
390	907
354	951
352	1061
341	1072
365	1022
378	826
385	1105
372	1086
344	1017
361	1116
370	804
296	772
383	785
366	943
393	953
421	886
433	889
378	901
422	984
438	808
409	889
392	1140
407	1122
447	1172
433	1033
477	917
440	987
444	1021
498	935
493	828
575	1060
570	1115
484	1019
499	998
513	1017
680	1047
703	1008
594	1154
649	1112
728	1083
805	1180
817	1076
836	1189
721	1054
891	993
1065	1071
1414	1155
1308	1108
1068	1080
1168	1056
1521	1075
1690	1141
1642	1040
1378	1073
1524	987
2367	1078
2952	1101
3089	1077
2693	956
2783	1264
3347	1225
3748	1360
3686	1435
3612	1417
3623	1379
3604	1285
3129	1140
2776	1151
2762	1042
2764	1142
2488	1071
1768	1119
1285	988
1443	1049
1697	1073
1555	1000
1167	944
918	1142
988	1136
1133	1041
1249	1004
913	993
792	1012
734	1047
773	1139
727	1360
631	912
562	1073
572	860
561	877
473	1035
585	798
570	1175
514	1016
506	966
529	990
548	1086
541	1026
531	1158
569	1065
509	909
542	1080
508	1034
506	944
502	812
519	961
492	880
503	959
458	808
535	810
519	782
505	905
539	915
466	967
546	806
498	921
470	972
486	938
476	894
430	753
442	1054
429	1055
440	1168
485	1057
432	973
499	1160
434	1027
534	1086
465	1157
453	958
473	939
470	1029
462	1047
512	922
518	1060
502	1012
481	961
480	1069
523	1099
479	987
456	1062
437	1000
438	952
398	884
400	922
397	922
445	1106
458	1017
412	1054
440	994
451	1252
458	1099
455	1221
412	900
404	946
422	1047
411	1133
422	1230
422	962
422	974
409	1009
406	1114
436	991
439	934
419	1031
480	1107
478	944
443	995
401	1043
414	1019
434	976
435	914
418	923
426	909
419	865
394	911
410	945
481	912
459	1084
488	998
490	1092
496	996
502	1222
477	943
470	937
404	908
391	874
403	904
429	964
415	1066
467	1077
398	1051
331	1025
395	1009
394	1131
462	1151
414	1142
401	1150
401	1159
473	1037
426	1024
422	1016
448	962
413	1042
428	1022
380	1034
396	1072
362	989
420	966
438	910
433	971
447	1024
439	1115
424	1104
455	1084
395	861
419	1002
464	1023
467	1150
449	1013
470	990
440	976
440	915
385	1124
466	1103
429	861
406	1041
455	1278
459	1183
445	1266
416	1208
435	1001
375	1058
434	1026
418	1039
397	894
431	997
390	1194
436	1165
384	1012
382	1025
385	1185
416	1337
425	1046
391	1036
411	988
391	951
405	1114
450	1119
440	842
410	927
412	984
382	1159
429	1143
385	891
436	946
392	1025
365	1105
362	1066
398	1062
399	1119
384	1190
372	1271
416	1280
371	1190
378	1219
378	1073
380	945
402	1126
418	1040
412	962
385	940
386	1031
373	1000
468	1095
380	961
457	903
421	1002
389	983
371	1186
407	1259
456	1381
376	1422
427	1321
410	1193
439	1219
431	1278
418	1398
426	1205
420	1334
419	1161
371	1113
455	943
417	1025
440	1070
461	1197
432	938
435	1074
445	1010
446	1004
446	898
455	1041
439	1134
418	1199
424	1048
434	992
432	1223
421	1008
487	1103
382	1327
395	1095
428	1084
435	1313
446	1223
460	1097
399	992
425	1131
453	1118
439	1106
427	1026
421	1098
408	1072
456	1142
465	880
473	1064
446	927
436	953
444	1084
467	1143
552	963
489	1066
467	932
489	1024
473	864
565	920
525	1016
487	978
500	941
568	953
587	809
577	909
527	947
583	1096
475	950
479	890
498	979
514	957
504	823
535	791
589	1041
560	911
551	810
541	914
595	1065
620	1033
623	1197
615	1223
580	1139
542	1165
600	976
604	1157
642	1085
606	1081
584	1151
602	1180
622	1094
615	954
593	968
623	1089
676	1073
650	1196
642	1164
712	1144
648	1325
728	1124
729	1096
726	942
661	883
671	1171
689	927
718	875
675	929
674	1125
578	982
744	963
702	915
775	963
747	985
801	791
708	863
823	896
870	884
844	961
853	1199
854	1070
889	892
934	804
893	830
862	880
855	1067
787	983
795	986
739	945
709	1015
787	1042
827	964
834	949
769	1107
828	1085
804	1013
851	1015
776	1064
792	1210
927	1184
856	1246
899	1247
859	1165
862	1306
1021	1157
952	955
898	1093
808	1207
758	1056
799	978
844	1124
765	1106
763	1035
772	961
828	879
793	1052
825	1229
788	1132
791	1090
874	1008
789	1189
755	1254
745	1202
782	1160
767	1121
729	969
717	950
720	979
695	1062
702	1157
679	1042
676	1090
645	1096
686	1155
649	1112
675	1043
703	998
776	1154
650	1108
667	1091
693	987
670	960
759	981
745	1110
673	1032
630	1084
654	1022
629	935
574	1067
551	1125
587	1032
539	1051
639	1076
604	1150
597	1132
524	1028
545	1137
598	982
557	906
532	1117
548	1044
606	995
592	1094
589	1148
604	928
511	791
531	999
581	822
553	935
558	902
508	818
514	1066
513	1246
568	1187
478	1088
573	1104
556	1235
492	1208
594	1285
586	1221
576	1117
602	1135
537	1016
522	1185
525	993
564	948
580	1047
542	996
553	947
593	968
617	979
516	810
521	928
578	1061
543	1163
511	1188
503	1119
545	1053
551	1134
580	1050
593	1038
517	963
567	1176
577	981
565	909
544	865
614	1039
586	990
609	1027
651	1039
625	995
585	1145
598	1168
553	1094
566	1041
605	1268
640	1056
627	1118
655	1156
629	968
580	1068
659	929
647	895
665	1103
705	1073
676	1180
649	1089
695	1362
680	1129
670	1248
680	1279
647	1197
765	1221
731	1122
731	1026
692	933
702	1040
716	1108
713	1033
715	1240
704	1123
728	960
747	880
724	1077
767	1234
720	1007
624	1011
659	941
654	1184
710	1063
733	1108
711	1128
689	1116
698	964
755	861
784	831
762	943
760	1091
751	1230
711	1013
783	1212
804	1164
773	1005
731	948
773	1099
747	1010
703	1042
725	1041
645	1132
725	918
688	1084
740	1103
719	1150
711	952
720	862
722	943
704	1021
767	1066
698	1163
727	974
720	1146
724	1302
737	1220
654	1217
672	1088
690	1220
624	1351
587	1249
584	1060
622	1105
554	1166
609	1138
609	1156
606	1031
610	1144
631	1025
567	1219
621	1249
644	1322
654	1228
635	1284
618	1199
614	1163
622	1050
603	943
606	1119
531	1068
620	1107
614	1313
558	1159
561	1190
466	1184
513	960
524	1121
516	1167
546	1108
562	1065
512	1087
525	882
560	882
566	952
604	873
578	933
579	1001
564	1031
562	1109
556	1130
531	1164
522	1062
529	1061
532	1085
519	990
498	921
501	913
553	953
532	1109
541	1071
496	1014
494	983
524	943
478	1012
453	942
464	839
463	1073
426	1102
460	1011
445	943
454	957
424	963
411	1043
464	950
469	863
462	1166
441	1147
491	1195
460	1148
461	1261
439	1446
418	1013
404	1359
474	1415
478	1389
417	1132
402	937
455	1065
404	1108
379	1329
401	1504
403	1194
407	1093
398	921
387	896
383	1061
402	1049
394	1079
387	847
394	978
399	862
382	913
378	936
438	948
417	879
413	936
415	1036
460	1200
444	1329
391	1188
430	1187
428	1078
432	961
388	989
405	999
387	1170
399	1023
390	1046
418	930
420	1011
371	879
464	862
425	1018
510	906
490	994
417	1041
466	1039
438	1007
484	894
540	1133
548	830
451	791
481	824
534	1059
529	932
584	982
608	970
627	937
554	825
608	971
519	931
546	913
541	878
518	865
542	765
632	794
653	929
607	848
611	969
653	1042
661	1218
696	1162
656	1274
663	1200
689	1079
736	1074
736	1014
768	1128
787	1140
805	879
731	988
741	996
694	953
653	1067
605	1003
526	990
597	959
595	1112
607	940
626	924
522	948
537	1076
543	989
550	973
539	1018
601	1084
633	1057
595	1182
586	1074
575	1108
504	1164
513	1083
486	990
528	1056
485	1302
450	1084
425	1186
490	1377
479	1400
460	1425
480	1261
459	1361
437	1290
443	1214
444	1200
422	1277
426	1085
486	936
424	1097
420	1264
466	1148
440	1103
446	1087
403	987
436	972
406	987
399	949
370	1006
378	980
382	955
379	1061
460	990
377	948
400	1068
404	1090
402	1010
349	1042
407	969
401	878
394	871
390	1035
371	1059
366	1043
376	1075
381	1267
424	1057
401	1158
386	1284
384	1192
375	1163
381	1063
375	1220
419	1041
366	1047
369	1110
348	1127
331	980
337	1012
333	1122
368	977
318	918
353	932
362	1042
384	1090
373	1199
315	1016
324	1075
402	1063
368	1029
396	940
346	1142
332	858
361	1007
386	1103
378	1274
402	1111
386	1073
366	1184
348	1236
341	1145
396	1117
358	1277
368	1138
421	1017
405	1080
369	1003
395	1071
392	1094
397	1142
352	1111
380	928
424	881
403	894
410	882
365	998
375	1038
417	1175
389	938
379	957
312	851
340	916
362	987
362	1110
399	1054
427	1043
355	1327
395	1322
350	1306
369	1231
373	1264
420	1337
422	1163
357	1196
371	1131
395	1059
381	1193
392	1150
368	1351
383	1290
333	974
335	1032
353	1134
336	964
319	1016
346	963
340	1245
326	1114
332	1127
411	1154
397	948
403	964
409	992
374	790
349	973
315	961
379	1014
367	848
356	913
368	961
385	1011
343	912
387	1112
381	1131
376	1064
338	1110
353	991
389	1082
347	1267
384	1122
356	1104
379	1157
396	1472
390	1028
405	1115
368	1107
373	879
372	864
379	972
349	1072
372	1036
350	1084
392	1108
373	953
349	1024
360	1103
381	1080
320	1024
314	1157
367	1037
385	1037
336	1130
366	892
362	941
392	872
378	1058
362	934
370	948
397	988
417	1186
395	1312
395	1064
415	1134
405	1192
413	1156
348	1120
355	997
419	1091
416	1138
437	1171
406	1079
355	1320
369	1148
337	1328
320	1506
329	1127
348	1051
380	1096
372	1020
312	785
339	969
437	1062
353	1116
383	1140
407	1196
386	1210
400	1077
419	1051
428	1225
421	1332
378	1083
417	1131
398	1101
399	920
342	864
397	1051
406	937
398	894
360	902
399	1004
344	1380
389	1133
377	999
365	1048
402	1103
383	1115
432	943
408	1041
411	1181
404	1055
339	862
390	926
364	1040
386	914
413	1005
410	955
406	975
420	1014
426	979
352	857
426	995
419	1242
395	1161
408	1072
457	1218
396	1170
433	1277
431	1182
470	1181
417	1004
426	916
448	1185
375	1109
457	916
376	1144
397	1196
450	1258
394	1194
368	1121
379	1040
431	954
444	1087
423	1198
395	1177
384	1142
426	1150
417	1058
400	1077
413	1005
352	1029
397	878
349	968
350	961
339	862
372	924
329	860
355	873
354	836
381	1107
377	1113
425	1072
446	1202
396	999
360	1109
353	1234
337	929
418	992
397	888
333	919
400	898
377	849
422	958
396	1160
459	1254
440	1157
411	1188
375	1224
369	1106
396	1098
380	1122
389	1133
377	1289
394	1226
362	1080
353	1104
352	1155
402	1006
355	1142
428	1037
363	936
362	925
337	1100
374	1012
353	782
372	780
395	893
363	903
338	1181
361	1251
402	1165
358	1134
432	1143
406	910
397	1125
408	1087
393	1015
388	865
399	957
396	1073
347	825
376	1045
384	956
359	996
428	892
380	992
347	1102
398	1071
405	1086
389	1007
409	1102
387	1011
400	1177
372	1198
397	1070
337	1081
351	1198
344	1062
357	1152
374	1143
354	1037
349	1025
331	878
361	988
319	1146
356	1079
405	1100
339	1104
350	1157
383	963
402	738
371	766
415	867
382	755
364	981
392	996
392	901
446	993
423	1240
452	1083
372	1220
424	1128
436	930
413	1035
493	995
433	872
402	1040
374	1094
406	1100
377	984
389	882
396	842
384	878
368	963
365	901
402	1076
422	987
422	1052
363	1118
405	1204
413	929
395	1000
353	929
361	933
386	1009
361	958
355	888
375	801
401	1008
385	1013
383	860
364	970
412	966
397	1025
364	968
318	1175
389	1015
355	959
349	994
375	1016
344	1037
333	981
344	846
328	829
327	981
361	1038
368	953
327	957
301	1003
341	1105
323	1071
345	1116
362	1026
362	1104
288	839
352	823
374	979
331	972
344	993
365	1159
369	1231
314	1287
401	1111
372	918
402	1060
356	994
303	1029
340	1168
310	1086
351	1108
366	1166
344	1070
373	970
386	983
395	981
370	905
432	895
431	828
385	908
381	1003
351	1022
310	879
329	1128
372	970
386	931
385	998
383	1144
327	1040
379	1010
369	1160
386	1075
350	1120
390	1005
359	1072
381	1027
409	1086
385	894
386	1002
406	1003
335	1161
351	1021
338	955
371	980
378	959
352	1072
368	992
344	1125
333	847
346	861
339	1080
355	1040
324	1120
329	1066
344	887
410	1036
407	1088
411	1086
315	1137
328	1065
348	1091
342	1028
333	881
378	921
409	972
391	992
386	1127
382	1282
368	1060
359	1046
395	1119
448	1057
372	1094
361	1160
405	1156
386	1116
355	973
407	1021
393	809
432	950
376	1050
379	1126
388	993
386	1183
420	1054
429	1029
432	1060
388	979
336	929
389	1030
369	986
369	903
376	877
312	741
351	895
350	912
341	947
329	892
374	918
333	936
390	1010
423	1092
376	939
348	882
396	998
399	907
369	1038
378	1021
373	1142
358	1410
392	1046
429	1035
407	1064
406	1103
362	991
377	903
370	950
359	979
354	987
414	952
415	1052
392	1097
374	1052
385	1075
354	1023
332	975
373	862
380	887
372	1059
397	1057
415	998
339	1023
377	1072
359	1083
357	885
389	898
407	823
416	780
396	866
387	971
366	982
356	1089
387	947
334	836
353	1022
364	841
358	879
338	895
344	986
360	1161
412	1130
369	1156
358	1197
390	1297
361	1151
395	1026
457	1196
372	967
351	1174
323	1053
357	1105
382	1110
397	839
411	829
394	920
359	843
371	1016
375	988
392	918
401	987
395	1009
406	1175
381	934
363	848
379	940
364	861
365	865
392	947
369	914
368	881
378	958
355	1024
365	900
380	930
365	902
385	987
423	991
383	1002
401	976
419	1280
347	1091
369	1001
352	1033
330	1170
321	1115
343	1096
326	921
364	828
337	855
362	914
359	959
387	1005
383	1015
367	1079
398	951
379	960
396	958
296	1176
338	1051
376	1072
456	978
416	1166
382	1146
454	1042
384	832
386	968
361	842
369	932
449	1004
382	786
381	846
335	826
381	809
440	898
374	773
435	879
448	953
350	1079
436	1056
422	908
464	1000
451	891
437	981
393	945
425	912
386	889
364	829
347	740
385	881
403	888
434	1047
397	1126
382	1059
374	960
350	889
400	868
437	912
353	897
349	885
352	1064
373	957
418	1053
352	995
365	1002
399	813
397	988
378	998
373	1072
341	996
300	956
336	911
398	1256
432	962
369	965
378	886
398	899
350	860
304	874
309	948
351	962
380	838
415	865
408	917
364	888
351	990
404	971
341	1021
356	1010
304	960
343	1009
327	970
384	951
301	823
315	853
373	874
365	922
350	968
353	861
386	1012
439	948
440	1076
438	1088
389	1044
418	1107
406	1057
372	1050
357	1031
397	869
382	979
396	953
363	1112
349	1214
346	1084
358	1063
390	1018
388	1065
366	972
371	946
401	1070
363	949
337	897
362	972
385	1028
373	1152
340	1022
364	1323
316	1043
361	1034
375	1185
321	817
358	853
332	918
356	1030
347	1252
319	1372
398	1109
398	1054
411	1094
392	1103
375	1275
403	1184
410	941
373	959
346	1110
367	913
385	962
314	888
373	1057
379	842
423	780
365	963
371	821
402	907
362	980
341	1042
360	1066
432	1181
379	1056
486	1347
406	1147
401	833
421	987
375	1125
396	1027
431	966
387	1031
392	1166
360	1155
396	1218
385	880
374	922
366	975
389	1150
422	968
434	1163
394	1096
423	1133
412	1114
425	1066
426	1057
431	841
436	833
417	1194
410	1036
474	947
457	968
422	937
445	941
487	1115
468	936
445	1078
391	1166
446	1232
453	1125
457	1062
477	914
533	1008
580	1167
628	979
726	1215
661	1201
683	1005
795	989
835	979
996	1015
1051	1048
1080	1072
1008	1273
1178	1158
1305	1147
1447	877
1408	912
1243	867
1274	889
1451	994
1522	951
1539	871
1583	1010
1659	1014
1784	849
1928	1026
1998	931
2061	994
1983	996
2268	1039
2309	1085
2394	1064
2287	1113
2229	1130
2604	1081
2633	1247
2569	1217
2549	1287
2314	1130
2463	1095
2643	961
2737	870
2709	891
2767	900
2737	1025
2889	1033
2886	1209
3014	1127
3082	1120
3283	1157
3295	963
3249	1028
3272	1048
3407	1059
3456	1080
3369	894
3388	791
3522	827
3625	969
3338	927
3620	966
3415	877
3362	1032
3327	1078
3291	1111
3146	947
3246	880
3195	968
3428	994
3309	844
3423	948
3259	936
3215	908
3141	892
3116	896
3174	831
3133	857
3027	851
3177	857
3164	872
3296	841
3021	820
3017	969
2897	917
2979	774
3081	889
2923	807
3069	848
2676	957
2845	890
2849	948
2929	953
2659	1149
2680	1127
2891	1068
2895	1105
2913	994
3068	985
2979	946
3183	911
3221	875
2991	927
2694	839
2538	947
2307	1028
2395	1002
2337	885
2185	1057
2042	866
1952	1055
2027	910
2040	891
1897	941
1934	1012
1812	859
1957	804
1991	833
1914	922
1868	963
1804	823
1822	877
1834	877
1741	879
1521	919
1411	878
1354	886
1479	1024
1493	1134
1284	909
1231	799
1200	919
1213	991
1228	931
968	936
768	1082
734	1102
701	988
779	1016
686	875
598	1047
591	1102
572	957
602	1060
569	1130
545	976
487	902
468	956
514	925
557	1136
487	1083
461	1168
476	1236
473	897
495	1180
490	1168
452	1090
440	1002
439	1043
424	1141
444	923
444	1032
512	929
479	902
432	878
440	907
444	1178
475	1041
410	1064
439	1016
437	1091
424	990
430	1029
394	961
462	1050
468	851
427	804
431	909
378	861
418	897
480	918
416	1038
410	1031
408	929
413	1048
394	1155
430	963
395	872
425	876
438	905
401	1106
467	981
444	1117
449	886
424	847
458	950
463	986
486	984
451	1038
477	1052
435	1090
448	993
451	869
473	890
478	1095
450	957
506	963
478	851
542	845
531	826
534	839
510	852
580	837
540	835
585	832
577	983
571	876
584	877
596	753
623	760
574	798
571	934
499	964
450	1026
533	700
499	716
502	800
576	801
532	1143
500	1065
517	1041
485	1105
461	955
504	942
454	963
480	997
450	1033
503	1282
505	927
463	966
484	966
428	986
475	1124
453	898
455	901
463	1014
449	1134
432	1077
507	876
446	1106
460	1131
420	947
401	1115
499	1222
459	1175
455	1000
461	1061
443	991
464	1082
436	1115
462	1014
443	1221
459	960
458	955
526	899
488	854
458	886
427	994
447	951
421	923
398	884
412	852
458	979
416	1031
408	995
476	1030
461	968
469	976
480	1016
488	946
465	901
471	780
417	762
419	876
420	830
414	716
440	836
426	729
383	968
409	1004
402	818
406	1064
485	930
440	886
396	1054
443	1140
459	1047
459	1100
407	989
430	1176
397	950
392	1078
433	1134
440	957
417	901
456	1090
424	941
432	1012
424	930
426	972
467	1068
547	1162
536	1090
451	992
465	860
526	921
466	1139
460	1221
468	1261
456	1012
426	974
407	1068
438	893
400	867
405	915
419	1024
387	820
457	844
479	865
423	993
452	987
471	878
459	1117
505	1033
468	1151
494	1090
479	1046
445	1126
434	992
468	976
469	1061
444	888
435	855
462	936
431	768
459	849
499	1138
457	993
455	842
444	836
482	932
520	967
438	850
471	845
498	928
494	928
526	798
504	959
514	1062
456	934
523	668
531	979
505	964
501	830
568	826
524	896
493	1007
493	1019
436	834
531	1012
537	891
533	921
558	1045
504	899
571	1071
544	906
545	876
568	916
555	820
519	961
546	947
530	1004
559	1017
534	979
549	875
603	758
511	763
568	809
444	766
547	816
523	771
552	860
567	951
480	838
469	871
497	878
516	979
499	1021
532	1026
496	978
515	1052
543	947
538	1048
488	947
554	982
551	1140
620	1079
538	1022
513	1057
569	1116
523	976
584	890
542	972
526	890
505	839
462	930
488	1068
505	937
428	837
486	892
480	832
539	881
434	861
425	1002
416	945
396	886
412	819
400	802
430	873
410	876
400	798
387	1066
432	973
367	992
429	1095
425	1112
419	1012
392	1081
439	988
401	1140
439	1141
407	1141
377	1092
373	991
426	1000
469	1114
396	1039
407	1192
383	1099
386	925
384	1011
404	1115
456	1128
403	980
417	1085
423	1052
340	1041
367	1006
399	883
389	759
385	965
401	993
356	797
426	991
431	1015
422	1210
415	1125
385	1144
426	966
454	900
448	949
424	892
416	1084
416	1167
407	1205
425	976
384	922
434	1084
434	991
416	1153
447	949
437	977
415	1011
401	1088
451	1043
396	902
435	914
424	1090
340	836
457	874
451	1013
379	1125
381	1291
362	1247
338	1184
387	871
390	910
414	905
384	891
458	824
390	836
348	818
367	860
380	864
370	975
328	1157
396	997
402	1166
466	1227
463	864
438	1092
430	963
405	1187
358	979
389	883
391	980
372	983
383	777
366	986
381	1022
374	1078
372	1062
377	1043
395	1064
340	1249
369	1329
328	1188
342	1154
395	1100
366	880
309	735
375	944
337	1002
400	1192
403	1075
391	1296
377	1140
388	1102
374	1057
353	899
391	1021
362	969
343	1022
375	1189
376	1175
366	975
392	1125
357	1039
376	979
438	1135
361	905
375	858
364	860
355	955
384	1060
421	985
386	953
335	997
347	1022
375	928
357	713
346	1006
408	1175
395	1055
391	996
432	1216
404	1011
404	998
391	1048
394	797
360	883
379	891
340	909
341	846
319	968
389	936
396	1025
316	923
382	823
348	938
366	1031
338	1108
334	928
348	999
361	1033
329	915
381	791
425	910
381	992
378	1028
321	1080
433	1077
362	1015
388	1091
454	1132
353	995
391	1027
385	937
364	962
408	855
351	922
380	924
384	972
369	1015
368	1009
378	946
360	969
336	997
404	924
407	1030
399	998
377	917
383	1036
328	1070
330	1056
334	909
400	1083
358	997
330	1011
363	1103
395	1161
427	1089
413	1238
379	1164
371	1218
372	1205
373	1078
389	1253
372	1020
366	1366
420	1207
397	1192
429	1088
377	1045
379	1039
415	1181
400	1065
347	968
362	1031
380	1035
366	1056
407	1131
388	1009
367	1234
381	1346
406	1194
443	1042
383	980
376	977
386	927
434	950
382	1148
316	1015
376	1150
390	1145
422	1081
383	1001
369	855
398	891
412	910
396	1062
396	892
360	874
356	887
383	867
339	898
342	865
382	893
394	845
359	921
366	917
354	830
413	838
331	979
398	930
388	890
368	863
366	1029
412	955
341	780
370	901
366	950
387	857
356	970
366	1100
352	1094
379	923
397	904
362	1018
369	1092
363	1038
383	1145
395	1044
362	997
419	1088
404	1058
375	1167
405	1000
397	987
423	1126
429	969
377	1072
407	1099
393	1013
355	971
377	1087
369	1087
416	1125
409	1070
362	933
371	1000
393	1147
447	1040
441	1104
428	1383
400	1178
424	1190
357	1090
388	1163
387	1276
357	1166
405	1145
411	1040
358	1085
410	1266
382	1355
438	1339
453	1210
357	1076
387	1194
385	976
352	1015
433	1023
392	950
396	1055
386	891
410	944
398	1180
446	1051
389	1170
419	1111
424	1007
408	917
419	885
401	833
399	956
414	952
398	1160
436	1172
456	1152
393	1059
400	980
390	956
453	1181
424	1010
413	1081
420	1236
418	1009
393	936
359	964
386	1125
351	1050
345	1055
367	1019
393	1035
356	1084
371	1003
353	1025
358	1101
384	1129
444	921
427	906
412	955
398	971
439	992
401	842
423	892
418	966
463	1083
388	1029
403	916
415	1018
395	975
375	1077
410	1149
429	1039
430	903
480	1072
399	1077
456	954
427	956
342	784
391	860
421	881
456	999
423	888
400	854
405	1011
428	895
429	761
426	971
434	909
416	947
383	1007
413	846
381	987
448	1077
478	1016
448	1097
456	1009
328	842
459	980
412	792
395	711
391	808
432	761
394	763
397	863
452	936
427	708
436	765
394	1035
422	1009
457	981
410	944
436	858
441	805
457	821
427	683
430	927
432	941
412	927
427	946
384	867
436	1000
385	1115
384	971
409	800
391	895
423	772
403	782
410	710
458	724
435	833
419	847
467	946
463	892
461	883
467	767
437	706
446	786
533	848
560	853
493	1061
550	886
579	796
573	1052
608	1085
649	793
641	920
598	902
664	805
737	941
659	794
541	1000
610	943
614	973
580	1013
555	873
516	951
517	1054
492	1071
517	1085
494	1070
487	1066
523	812
579	848
586	925
672	971
600	977
650	1036
611	900
687	842
574	927
585	972
640	878
582	1001
543	1014
539	1005
525	872
548	1027
540	1061
497	935
491	694
521	873
601	958
543	866
534	841
581	804
516	858
578	930
525	769
504	861
519	901
499	967
508	927
467	959
453	927
504	1125
425	1157
497	1067
544	970
502	950
456	882
428	911
423	922
441	804
432	1082
449	850
438	866
438	862
421	767
434	874
423	812
427	884
396	1049
394	831
360	840
437	846
411	790
444	787
426	891
423	1076
392	821
427	820
385	874
408	928
415	1052
406	1145
370	993
370	1137
391	964
405	969
404	932
367	890
387	997
412	1046
383	1223
387	1172
392	1221
359	1070
366	921
398	944
401	851
392	825
331	835
412	937
453	1196
434	1106
404	907
363	1094
382	1289
369	1210
399	1202
318	890
393	923
372	1094
341	1058
418	1051
408	1070
394	1156
410	1003
422	1044
419	1103
442	1066
383	889
404	972
394	865
389	1029
426	910
402	1068
333	929
431	913
380	968
409	832
370	926
445	954
402	881
376	907
354	848
397	918
345	1041
348	919
381	908
385	812
424	937
442	1087
445	873
432	1004
370	1114
429	1097
406	1062
410	1200
399	1131
382	1171
373	959
372	1028
382	940
383	1110
408	920
379	927
395	964
383	1114
381	962
434	1051
410	988
437	941
386	1121
488	1165
454	1296
440	1353
447	1124
477	1016
460	951
411	940
432	1121
401	1047
360	854
405	785
418	950
389	949
436	1024
427	990
394	1025
425	880
408	875
391	947
378	897
388	903
472	941
456	981
392	1240
430	968
455	1165
475	1004
440	929
435	854
427	837
438	870
402	971
407	789
385	799
454	974
411	932
410	1144
421	1072
407	909
444	1082
443	1095
445	837
465	851
410	881
384	860
454	811
411	873
471	874
424	865
460	858
422	820
496	835
462	756
422	806
481	793
454	756
406	764
440	735
468	704
467	855
449	855
454	1133
408	1090
431	989
476	878
423	835
402	921
460	965
450	850
459	878
435	901
501	1142
517	1175
472	1187
527	1038
516	997
474	913
489	882
495	989
534	1172
528	1106
475	1034
509	981
556	1028
561	1057
492	829
534	952
503	894
596	992
535	980
580	841
586	1041
565	1057
567	955
614	828
659	619
639	740
652	910
683	916
694	824
683	766
680	865
720	1005
619	959
657	908
728	979
668	853
719	853
667	880
760	765
831	631
898	770
872	803
954	810
1059	751
1036	978
1184	862
1090	804
1113	939
944	1029
999	1047
1023	849
943	772
921	752
969	915
964	975
946	995
954	1090
1039	963
1096	938
1107	991
1104	829
1189	977
1189	930
1337	890
1176	708
1224	920
1165	810
1085	845
991	991
1047	1007
1002	910
897	980
879	976
919	1003
929	868
878	1044
929	933
838	950
993	862
963	927
964	798
950	747
1021	869
929	786
956	965
997	895
952	837
929	861
939	987
829	873
771	823
635	1066
576	969
584	1073
636	1054
644	986
574	986
566	878
670	917
691	881
605	993
581	878
624	912
587	974
556	1158
623	1069
550	840
513	775
554	823
480	904
558	862
499	1035
520	828
497	845
514	864
515	931
544	998
427	1035
469	1024
492	906
520	973
461	856
476	978
480	896
440	921
448	937
422	992
463	888
440	1000
414	1052
447	897
424	860
448	882
355	773
426	778
451	692
421	708
461	900
374	895
389	850
418	891
379	783
383	968
456	1015
510	1039
414	1038
446	985
399	910
403	966
386	884
438	943
455	1031
360	1083
434	922
406	866
413	887
390	950
457	844
377	898
420	1016
427	819
354	958
394	848
394	1025
345	987
366	828
383	756
350	786
368	906
357	866
356	1041
389	919
371	1003
410	911
425	1192
388	1129
383	1133
406	997
452	1029
468	1077
417	1094
435	913
402	972
393	890
403	929
348	824
385	790
306	781
355	952
354	1105
418	1012
405	1054
408	1176
407	1188
372	1158
395	1156
410	1361
391	1030
393	980
362	1079
406	923
417	968
417	962
390	857
404	934
413	1166
386	1088
343	892
342	984
392	1000
369	942
408	931
422	1079
437	912
435	1100
475	934
408	893
380	1029
420	967
417	902
393	908
368	834
390	854
400	922
398	804
410	1059
379	822
393	1150
399	1005
372	967
365	884
398	992
398	1364
380	977
449	907
386	862
405	869
399	821
390	1081
375	1041
425	944
351	768
409	807
393	912
397	853
332	873
384	825
434	805
418	776
353	812
466	918
513	999
516	880
473	1110
461	1041
415	1056
424	949
462	895
496	847
506	927
464	967
448	952
524	1112
500	1001
550	861
512	1057
505	937
527	1001
433	1037
429	964
421	924
437	889
440	791
420	993
362	909
436	1050
419	947
457	885
411	987
438	917
428	831
431	928
436	971
429	911
409	883
427	841
384	727
397	817
414	761
425	829
438	925
394	1059
425	933
422	906
426	1060
436	838
417	813
416	899
429	855
456	861
408	909
363	773
413	802
416	835
426	772
432	733
380	930
415	856
419	851
377	846
418	825
419	971
416	909
393	935
374	940
441	1008
423	865
410	934
428	842
376	846
369	913
411	828
386	753
404	936
383	771
405	883
373	804
393	905
435	879
431	937
399	873
398	919
434	858
398	802
386	925
364	909
354	921
376	861
420	904
435	780
465	1026
421	963
394	991
404	923
408	901
393	1048
419	821
342	957
363	1063
372	958
365	814
358	1015
435	1028
466	1076
486	877
498	886
469	1058
464	916
379	944
397	1129
396	961
433	841
430	912
408	734
429	751
376	859
360	832
401	967
446	1022
428	816
411	749
403	652
446	738
394	761
398	687
420	829
446	860
404	855
438	912
406	981
355	902
387	876
409	1020
462	950
419	745
400	825
413	868
425	849
473	1137
511	997
479	898
422	848
399	830
454	787
470	854
444	964
481	954
481	1034
428	1027
471	866
434	934
430	1144
446	1062
460	1291
459	1189
421	1230
461	1181
529	976
483	867
445	831
525	1034
503	1004
502	1015
443	956
539	1113
498	1094
527	1222
547	889
454	984
444	1209
493	1026
444	804
551	1006
492	760
493	654
436	702
465	865
443	948
429	793
501	910
434	869
466	923
412	1001
500	1147
431	928
432	800
438	979
482	893
447	840
464	961
433	958
458	1100
484	866
512	982
472	900
541	942
468	877
584	803
612	923
566	721
560	1010
515	852
555	881
519	882
593	1029
575	1011
623	865
604	1021
572	949
668	930
660	846
559	983
575	1223
578	1186
496	1078
481	1026
498	1004
540	1024
528	1200
491	847
442	765
473	948
429	1125
405	950
425	1088
470	1240
466	981
398	948
376	970
420	1062
430	989
464	1040
400	925
360	918
396	899
378	973
383	918
394	777
372	893
401	1271
322	1262
362	1275
354	1256
375	1227
386	1154
377	995
367	1027
408	1159
354	976
395	932
378	975
371	939
343	905
394	866
400	857
332	782
338	917
347	894
444	955
331	1057
312	1068
359	863
359	1072
352	1330
351	1077
320	1111
374	1172
325	925
355	973
344	989
401	880
358	778
399	836
377	949
374	1052
389	902
398	856
419	1021
431	957
423	779
436	859
476	901
442	1001
468	814
447	824
393	870
441	655
412	785
388	757
384	816
456	738
437	875
432	833
468	777
485	768
459	788
465	950
458	1049
449	830
425	900
466	963
558	895
591	1077
596	1044
577	1007
575	1033
678	1090
583	1045
690	1154
588	1065
559	1047
617	1023
621	1017
557	895
462	812
456	914
513	1099
666	975
554	1074
455	1117
436	1114
410	821
370	924
422	922
417	798
449	988
424	1010
396	997
385	859
383	872
395	700
379	768
398	797
416	747
434	944
378	942
392	1047
407	1152
429	941
427	985
455	980
433	941
458	919
430	975
416	1000
421	935
407	1008
441	844
386	971
451	1062
383	1135
437	932
423	926
382	812
436	1080
414	1080
400	915
402	922
429	965
447	896
399	871
360	1080
343	860
421	783
333	764
338	845
335	916
353	994
345	748
424	877
367	831
336	954
354	953
343	998
380	901
365	1029
346	935
354	958
363	972
395	883
342	897
394	901
365	986
396	1065
389	794
368	908
399	925
333	1107
303	946
367	1015
328	871
349	846
396	871
421	781
378	897
378	1030
429	1164
428	909
417	851
368	1102
391	1056
358	1037
425	907
417	867
445	848
388	948
370	846
415	1024
385	1006
404	858
421	913
386	954
356	1046
377	1001
416	895
432	1126
423	942
454	1016
444	1041
470	962
405	1015
369	960
444	1149
437	1048
401	949
434	966
421	919
369	805
349	943
418	791
474	858
441	932
391	965
422	957
458	979
421	943
430	1041
430	884
427	908
431	927
398	974
469	932
414	999
428	983
400	883
378	815
424	666
456	855
401	960
420	938
397	1023
361	899
438	809
402	833
420	927
368	908
383	788
354	909
382	918
409	896
404	1029
414	933
442	1038
487	1244
427	892
417	955
381	1096
407	1156
465	1217
469	1167
470	954
360	907
462	843
440	930
400	802
426	742
470	722
436	671
380	658
409	648
385	849
451	758
410	837
409	941
364	1034
379	921
383	849
420	686
433	635
441	955
443	1125
413	1043
404	845
408	839
390	968
421	828
421	743
413	903
424	747
412	913
445	951
455	993
413	970
436	912
393	873
380	924
372	894
408	943
399	822
456	982
385	1160
431	973
372	1124
404	986
453	1068
389	1166
389	975
416	922
403	1023
417	828
353	983
370	824
378	803
416	1020
408	1172
387	996
396	1073
352	834
363	916
407	893
389	1129
424	883
416	991
424	968
436	860
423	883
396	966
389	1052
405	964
357	862
375	635
392	847
372	925
350	1149
398	953
406	877
356	836
369	833
399	932
375	814
406	843
342	893
329	836
401	795
343	816
441	936
411	982
381	1277
368	1200
401	1021
378	1005
330	995
342	979
377	991
336	970
350	1030
334	903
407	915
344	823
356	855
358	999
368	993
305	952
337	1013
394	946
404	838
384	911
326	967
357	828
355	758
344	724
419	765
390	797
393	724
355	835
355	1055
386	936
406	978
421	898
428	900
398	876
385	960
418	923
421	766
372	973
365	969
368	786
406	738
388	689
391	697
373	779
361	744
378	787
384	716
431	738
376	956
449	897
417	950
411	819
441	1024
438	827
442	947
370	862
417	866
426	854
362	1008
400	1079
382	1018
414	1138
455	903
382	901
378	1018
418	1083
377	951
420	892
378	952
375	960
422	943
424	928
435	909
401	716
433	869
408	1001
424	1244
398	1334
437	1229
437	926
446	848
441	901
480	979
435	1035
378	869
437	902
445	883
393	871
446	748
406	816
398	856
474	956
450	929
411	875
413	868
442	839
406	1060
427	995
409	957
440	948
471	821
482	881
461	940
493	1013
488	982
434	991
409	883
454	924
461	869
445	986
498	1099
510	1057
480	878
476	940
440	1080
431	961
461	856
486	989
445	974
454	949
501	915
497	694
558	769
483	779
459	942
551	744
527	919
565	1048
477	925
509	874
557	860
578	857
581	799
566	822
567	801
554	999
594	929
586	704
656	699
530	811
600	915
599	1035
579	1050
577	1126
518	1174
579	1041
610	1055
591	1231
646	1067
636	1184
573	1001
581	905
546	973
615	892
602	938
612	992
590	858
588	766
558	869
535	868
585	926
569	1085
508	1027
553	883
503	1054
529	920
534	864
535	771
523	803
536	927
514	806
548	863
590	1057
585	994
579	859
602	850
579	915
599	946
692	781
671	811
629	799
670	781
658	875
722	869
841	783
833	888
775	928
846	976
989	851
1036	782
1116	943
1092	761
1107	802
1048	896
822	811
851	1021
778	994
849	851
718	760
691	836
638	836
706	968
729	865
562	824
497	961
523	870
501	852
580	957
500	839
482	973
484	1041
494	1077
475	1037
497	1272
468	1108
431	1054
484	906
491	972
451	875
454	789
474	930
463	1105
476	878
453	852
406	820
383	827
350	770
421	839
431	855
364	997
380	919
341	939
342	925
400	1006
385	884
428	893
375	1017
360	1021
343	902
364	826
334	961
381	960
383	960
331	898
363	764
404	873
353	982
357	967
380	879
382	989
413	780
371	933
365	1018
367	1016
327	1045
412	1205
356	1087
365	1020
436	1106
359	1055
346	1068
395	959
418	952
338	865
382	884
324	780
312	788
324	693
285	720
351	769
371	866
375	853
384	859
346	902
379	960
369	795
354	860
345	1017
414	857
313	780
334	872
367	1095
360	948
336	877
340	793
347	816
357	883
380	839
373	926
362	845
356	913
313	829
329	912
343	872
327	1048
326	888
373	949
351	975
326	962
353	981
356	848
368	941
390	1144
380	949
325	861
292	878
305	772
313	847
328	915
342	1053
328	1032
337	1029
329	1021
352	892
353	800
302	825
357	927
363	819
380	826
394	724
339	852
330	814
343	735
371	713
359	710
367	930
327	912
393	786
378	998
389	998
345	959
338	1111
379	984
389	1341
350	1033
330	1044
340	1150
407	1340
400	1259
363	1229
391	1125
388	1162
377	1069
375	1078
363	1034
344	1137
307	1015
367	1021
330	1081
368	978
373	1076
386	962
375	1012
332	858
372	899
406	934
378	1039
406	1067
390	947
422	1151
367	978
348	988
318	1152
369	957
421	1005
385	993
335	911
352	1011
325	872
318	982
365	1041
423	896
370	933
339	980
357	903
348	797
421	888
352	839
368	919
448	852
380	820
365	749
385	852
341	654
416	819
383	734
354	803
353	845
374	1002
372	925
334	861
323	881
366	789
329	718
350	802
309	875
367	943
374	1154
393	1123
356	961
342	1179
358	1106
338	1067
372	1139
336	1206
395	927
349	997
351	1092
394	980
329	1030
360	1012
339	1083
382	903
346	932
364	850
355	842
378	851
383	832
424	992
372	1122
380	864
373	879
366	866
350	926
375	1124
389	1154
433	903
406	1215
388	992
417	867
391	978
420	1148
393	871
410	766
372	718
441	730
385	785
366	888
403	868
349	999
345	1115
342	1024
342	1101
435	902
343	900
334	919
339	853
362	941
401	1000
354	983
354	979
371	950
376	1021
360	1085
380	864
390	924
349	947
368	903
372	806
384	834
418	871
410	829
433	885
375	1035
385	1142
364	1093
369	1022
399	1146
374	1050
407	1021
341	1166
343	1026
367	1160
406	922
387	843
415	1090
425	1173
371	877
374	954
351	1111
400	945
393	904
349	869
406	900
444	1000
412	1082
343	1122
380	791
348	907
368	886
384	887
358	939
377	799
436	796
383	752
358	786
353	811
385	848
354	904
412	909
355	747
367	678
380	862
442	717
399	883
421	815
431	933
441	941
412	1034
397	835
438	894
428	859
473	745
432	824
516	889
475	816
417	737
375	965
443	820
391	742
408	946
427	930
463	814
389	858
439	806
430	885
472	785
447	938
403	797
409	961
412	769
446	764
364	960
377	741
386	818
377	743
352	670
367	725
362	732
378	725
381	660
357	695
378	684
377	899
349	706
400	738
430	823
427	1079
415	876
474	858
452	761
384	770
386	755
403	864
426	882
400	714
434	855
387	867
421	773
408	776
463	885
422	882
430	1045
459	1030
516	1091
501	856
498	839
464	875
541	761
492	721
518	754
512	852
499	888
400	819
369	810
407	627
406	764
446	838
439	814
411	709
447	689
391	790
382	720
385	681
385	717
401	778
375	883
375	852
414	936
475	744
461	789
441	891
451	911
364	819
355	955
404	778
374	821
432	888
385	815
353	1039
357	943
379	1023
394	1100
366	963
393	797
357	835
382	859
397	1035
376	869
434	1079
420	867
402	930
363	965
373	908
388	1032
342	909
400	770
343	1062
410	997
337	771
373	826
325	872
390	776
422	834
400	795
423	848
430	951
396	1076
423	1126
432	1169
406	999
375	980
362	1019
367	829
348	803
367	944
386	1170
387	881
371	966
382	934
379	913
435	812
467	988
384	961
436	743
446	839
419	884
398	862
386	712
418	729
339	709
392	815
423	849
439	881
430	971
411	782
415	894
397	790
405	821
381	823
458	857
403	834
407	936
349	915
387	837
417	720
385	723
412	662
383	707
350	548
402	664
391	699
335	891
381	733
414	910
357	999
382	939
376	772
366	757
359	776
358	637
434	748
337	686
393	806
388	832
364	906
407	969
352	983
333	886
322	826
414	1030
367	943
439	1085
371	1045
371	1042
390	939
384	984
418	837
364	823
365	1048
346	1053
355	880
354	851
358	775
314	874
390	859
411	803
406	803
392	814
381	977
355	961
405	808
380	775
346	792
381	843
345	1013
352	1019
348	1144
444	1010
416	676
392	804
370	790
390	757
376	961
433	1137
425	1045
362	899
382	1017
453	975
400	905
370	942
389	914
385	910
399	1039
360	905
322	797
407	873
386	939
398	744
426	772
404	795
410	914
446	928
400	924
460	958
390	994
407	938
408	825
399	893
373	802
447	865
461	914
326	740
356	746
398	687
405	650
403	682
373	732
409	604
365	677
423	791
394	746
387	951
362	918
393	806
421	752
404	696
427	665
383	798
373	774
386	823
381	786
377	746
367	800
373	827
405	816
421	962
415	898
374	744
374	596
386	678
391	732
358	791
364	826
401	927
355	811
383	908
418	906
399	970
368	1007
356	883
378	914
409	844
345	742
369	715
385	773
440	911
397	914
413	995
385	837
421	846
376	940
421	971
373	855
324	913
382	1049
391	929
359	721
424	823
400	857
388	769
387	870
380	936
358	911
408	953
407	910
383	924
303	801
363	816
413	876
393	741
444	868
436	703
383	721
406	733
427	788
455	855
464	790
404	858
467	925
461	840
398	833
386	949
414	1060
399	868
440	830
445	728
418	835
385	846
439	852
413	929
455	985
455	990
448	1020
433	851
441	972
432	974
466	654
436	720
481	729
445	891
469	780
490	778
464	879
458	871
489	896
431	969
431	1062
402	930
452	949
398	1018
434	876
347	859
406	885
413	849
413	875
415	803
442	661
369	682
385	738
412	749
451	869
435	806
388	672
406	803
423	810
455	859
421	737
460	746
471	885
496	1072
451	1086
499	993
445	867
477	774
472	866
467	1051
496	1141
464	815
493	980
407	1069
437	925
466	902
446	1098
474	949
481	1070
453	960
409	884
441	1013
450	1091
442	1007
477	909
445	919
384	912
492	906
397	1011
421	854
417	863
419	1040
421	844
394	828
387	940
418	922
429	863
412	900
409	796
410	911
373	650
375	1029
428	775
382	840
429	573
363	628
402	837
406	770
369	730
393	753
401	771
340	780
382	1011
368	904
363	746
416	781
332	913
376	934
395	940
392	864
391	869
404	885
355	899
391	966
377	1089
399	916
372	1032
356	1116
368	953
360	879
380	900
376	927
402	998
356	807
421	902
351	819
441	928
462	934
370	1104
403	1038
370	1105
387	939
404	924
394	861
420	1007
432	966
390	802
430	772
390	903
352	1017
383	940
415	907
382	956
369	871
379	772
383	675
397	797
377	977
375	1004
368	795
362	644
412	833
389	794
361	905
409	780
363	760
373	874
418	807
362	913
391	801
392	785
343	691
397	726
334	736
342	815
391	877
369	832
376	944
345	899
394	987
381	761
398	926
375	921
362	840
375	800
379	812
399	747
415	774
351	917
383	833
449	856
400	849
350	895
396	788
363	798
405	960
388	971
350	858
338	890
376	916
355	1015
343	866
357	817
394	869
361	800
351	870
421	771
380	889
412	1043
449	834
374	737
387	806
401	753
399	675
372	759
404	867
384	986
340	1076
339	861
383	936
347	878
383	693
388	737
365	667
332	802
314	770
343	879
442	923
363	813
367	771
357	1014
356	1111
404	1024
348	983
368	926
348	980
370	910
372	1024
379	1027
411	831
369	1010
337	808
389	661
391	777
341	808
350	987
372	941
339	961
349	866
320	816
396	1085
337	960
385	838
398	852
401	859
401	1185
371	1054
337	975
329	871
384	829
391	871
398	865
402	833
390	999
365	982
394	975
392	937
360	924
416	862
398	925
372	927
441	744
404	728
359	908
444	974
430	1056
397	1007
396	943
417	959
373	891
380	1261
359	815
429	785
400	865
399	857
427	978
454	889
414	807
476	811
405	900
507	965
438	881
487	869
553	1064
504	1066
439	853
420	889
417	909
410	929
421	1035
422	1050
387	1133
466	1126
411	978
387	906
424	927
381	1295
319	1072
354	1223
369	1291
454	1093
352	931
442	899
389	1036
364	1105
314	882
358	1026
405	1037
369	875
401	1015
391	1085
375	847
394	783
335	674
387	823
369	829
373	970
377	1078
401	969
358	861
365	793
369	730
400	898
377	887
376	943
352	885
392	871
350	948
372	853
379	834
364	877
380	864
318	867
388	807
348	772
356	727
357	885
370	766
337	742
403	727
380	813
370	939
352	735
334	639
312	669
306	757
353	835
310	845
321	742
367	835
332	708
322	906
358	984
330	927
395	1101
358	897
359	1074
378	951
340	845
388	930
410	758
389	739
421	655
431	758
342	874
332	717
353	737
340	751
302	831
327	939
363	860
395	914
410	787
371	821
375	775
368	805
367	863
433	954
439	788
399	799
444	991
419	787
424	771
401	878
393	856
386	724
419	739
439	657
436	820
424	895
422	815
510	744
469	791
435	811
468	864
521	876
604	935
611	933
527	1106
522	973
597	911
743	940
746	878
838	897
744	973
966	909
1248	1071
1455	993
1422	1153
1405	1003
1551	936
2304	825
3314	879
3472	946
2966	882
3227	1137
3923	1092
4839	1159
5246	1190
5395	1282
5301	1332
6793	1138
8036	1079
8422	939
8676	1099
8559	936
8907	953
8931	982
8670	970
8835	1088
8773	997
8428	1075
7996	1019
7226	869
7113	892
7352	1230
6925	1074
5751	1129
4589	1059
4105	1013
4388	1061
4267	703
3735	977
3095	785
2711	774
2723	984
2788	1063
2344	684
1538	885
1147	964
1189	1044
1149	999
909	836
674	939
525	848
452	807
491	660
528	791
451	799
429	881
533	792
473	773
451	908
394	989
424	823
457	879
418	725
392	881
409	955
356	881
358	792
378	719
294	963
313	701
318	661
358	738
381	764
420	788
402	849
373	766
372	887
340	837
299	749
372	754
356	957
348	980
345	943
395	907
411	887
357	903
391	727
394	848
393	865
321	896
369	875
369	831
420	875
348	778
359	660
354	817
324	865
339	1009
400	870
364	895
373	773
379	844
397	824
362	739
391	854
300	864
341	850
370	804
352	1047
362	1156
380	873
374	838
350	788
365	888
326	938
299	807
321	832
332	673
336	752
324	866
285	973
325	1161
310	861
313	981
295	905
317	823
309	861
386	964
436	1014
437	1201
380	901
420	886
360	679
413	753
424	981
415	1071
403	1083
390	773
425	654
369	826
389	940
386	812
403	826
364	730
383	868
402	774
370	693
389	916
382	685
404	775
329	822
330	865
373	868
344	1011
366	826
353	830
335	732
379	793
341	779
324	798
344	893
339	871
368	806
343	695
374	682
335	769
353	870
377	768
381	777
337	966
375	961
377	1092
366	1039
353	829
366	878
391	745
356	686
362	711
376	615
426	623
410	862
379	799
428	809
431	799
372	752
363	637
372	690
415	689
363	669
395	618
349	858
385	603
395	639
395	790
427	770
474	723
459	805
451	889
414	905
419	755
454	860
409	773
466	662
442	834
387	837
436	884
424	887
500	735
446	723
440	743
443	775
455	845
407	717
463	722
434	738
495	806
469	764
491	929
493	864
426	848
506	823
462	712
497	595
516	675
493	749
531	756
466	655
529	706
521	759
508	733
528	803
494	972
476	843
483	833
512	829
442	858
508	904
576	989
549	875
560	1082
506	882
573	868
603	886
635	732
570	678
584	834
558	829
643	708
596	769
643	657
581	680
591	830
675	707
653	723
612	937
606	820
595	778
582	660
641	716
681	842
724	891
689	654
668	627
710	683
684	709
806	808
677	719
738	841
737	888
726	757
740	752
671	827
691	706
720	784
736	765
753	714
766	739
731	717
708	754
796	689
790	659
806	677
781	736
769	833
749	697
742	944
762	932
726	892
719	945
650	904
711	826
709	693
734	746
714	846
735	708
730	881
651	876
675	801
707	822
701	1016
704	854
704	786
671	880
709	902
699	907
662	827
641	1026
671	1070
596	830
630	761
649	863
638	1014
637	983
618	971
625	871
657	900
632	1016
706	1311
666	1222
644	1027
627	958
673	1095
609	1095
572	974
576	828
613	928
597	829
546	1058
552	1099
578	1065
490	991
566	952
473	1076
566	1248
530	1291
601	1029
567	1054
545	726
528	820
534	873
583	985
494	1040
507	1065
569	900
486	1110
525	918
477	887
469	836
486	985
389	998
435	936
456	791
439	839
419	793
469	732
427	697
456	698
423	635
473	711
539	769
414	740
478	817
506	786
456	761
421	876
469	792
428	849
500	815
482	907
466	1024
438	836
446	825
460	841
397	811
382	810
422	851
405	805
443	796
416	779
396	866
399	935
426	947
410	999
384	816
398	827
366	1046
344	828
366	865
387	825
321	919
362	907
318	696
380	711
349	764
347	683
327	753
395	892
325	809
408	778
406	923
379	1027
381	846
368	967
306	956
354	740
369	918
396	1175
383	1200
396	1133
371	1137
390	1143
349	1073
347	1049
338	892
348	1132
344	1034
383	977
358	1070
377	821
356	823
372	980
350	1030
315	856
362	702
343	858
337	891
367	887
354	831
314	860
333	955
337	858
345	923
300	970
342	879
332	794
336	813
347	897
370	809
331	825
351	905
309	897
311	887
300	875
277	729
281	741
277	968
382	833
342	724
324	706
335	735
322	754
316	677
318	806
292	894
348	739
290	830
322	698
288	893
320	732
346	806
335	784
274	901
336	809
340	1046
315	860
368	1128
312	880
352	748
352	783
416	633
376	714
390	605
380	680
331	746
353	817
345	1068
408	914
419	914
335	731
346	770
358	670
407	797
398	934
389	845
407	779
399	753
431	964
350	923
346	866
397	687
426	946
345	998
393	1082
356	999
354	1075
381	882
390	950
388	869
374	945
403	846
351	808
385	679
325	747
357	694
332	705
337	617
312	653
366	674
360	869
331	1007
349	696
348	768
343	809
397	833
350	826
326	620
344	825
348	794
316	787
369	812
314	690
340	751
369	885
404	669
374	780
370	708
377	743
393	641
303	577
375	698
411	599
448	593
401	740
342	878
324	763
371	723
371	740
346	590
388	690
394	696
438	730
405	794
487	760
425	619
453	793
442	829
420	835
455	888
440	915
412	1032
472	966
478	879
495	893
493	1037
514	836
501	907
597	889
705	802
748	893
662	908
780	797
1088	932
1338	860
1602	997
1543	980
1529	1056
2171	921
3172	1217
3254	1328
2827	972
2784	1059
3479	1089
4433	1210
4624	1187
4649	1237
4923	1351
4960	1543
5376	1477
5272	1343
5291	1352
5266	1350
5391	1348
5057	1496
4904	1341
4944	1283
5038	1192
4987	1191
4316	1072
3729	1205
3336	1060
3478	1102
3466	987
2742	795
2082	717
1715	758
1799	791
1713	739
1576	820
1311	867
1134	931
1115	710
1033	745
1043	720
899	711
919	642
889	902
956	737
997	729
966	716
919	772
949	859
1003	889
930	775
773	814
727	610
746	597
786	714
728	739
674	809
604	730
600	762
555	886
614	906
630	1065
572	952
520	832
511	874
597	820
499	835
419	800
439	798
395	764
429	808
419	832
374	778
367	902
365	749
387	920
388	802
357	573
382	639
392	710
436	702
387	907
340	939
326	801
368	802
339	859
342	717
354	914
332	853
326	727
395	848
395	821
351	754
436	768
308	603
338	739
362	747
370	712
347	792
350	782
399	887
356	840
344	735
431	557
461	631
471	722
436	677
419	944
456	796
461	832
462	881
515	942
442	1005
432	883
507	730
484	594
451	578
459	654
507	666
503	702
484	754
600	761
505	819
600	851
559	780
646	773
554	770
607	871
681	1111
635	1016
772	927
747	1099
789	751
762	745
711	799
692	1030
706	928
723	1026
675	1126
654	937
562	993
567	1031
592	962
700	908
659	837
657	889
588	1125
680	1057
750	869
754	902
710	955
695	968
684	1025
673	778
649	856
591	665
556	778
550	792
522	992
606	845
482	910
496	954
528	771
574	968
519	943
508	929
483	863
426	822
478	916
424	814
453	796
431	951
453	887
421	787
468	884
412	813
443	806
454	715
338	689
414	578
414	617
376	690
422	731
413	898
371	773
447	831
420	746
392	728
430	769
388	690
382	851
373	865
409	829
396	708
382	747
394	573
395	673
383	703
373	760
399	972
394	911
413	794
391	906
413	829
367	684
376	792
389	848
398	848
364	910
421	783
392	802
342	768
367	640
375	794
418	896
399	563
348	680
412	772
414	865
388	771
383	789
403	691
402	747
416	763
427	673
415	646
396	638
375	797
367	761
393	853
438	873
386	806
428	629
419	602
432	697
458	786
414	855
404	738
389	592
463	711
396	656
385	807
405	709
402	687
394	663
421	933
383	912
375	931
377	731
432	812
400	594
345	675
371	698
391	645
372	781
377	667
339	633
360	738
380	710
399	761
398	841
417	834
413	977
370	703
378	746
359	1054
377	928
374	662
382	762
411	662
341	931
374	839
378	848
338	936
348	1002
363	906
376	764
418	707
339	645
345	798
369	701
368	1012
344	667
382	542
439	628
385	704
366	839
326	712
381	753
391	693
354	812
337	909
374	622
320	640
297	621
326	790
359	786
380	679
415	758
419	689
349	908
317	840
335	844
319	914
324	987
337	748
374	823
351	898
364	1047
363	1233
342	896
374	804
351	999
416	1250
340	974
327	772
322	819
335	935
294	926
344	748
314	842
331	709
324	768
331	803
352	812
362	759
342	682
343	851
358	751
354	695
415	660
336	630
376	746
399	735
417	773
446	752
438	714
418	802
349	743
358	885
347	799
325	912
343	768
349	782
327	850
373	857
366	689
354	670
371	604
356	707
397	851
461	749
463	716
401	689
489	710
526	622
641	769
643	663
675	864
635	834
583	925
559	820
495	807
471	969
509	921
430	795
388	829
357	774
431	640
362	648
398	712
358	709
376	792
430	738
449	890
415	777
371	840
414	691
307	649
342	672
361	599
348	673
330	609
336	599
336	738
367	811
376	779
336	623
409	719
371	654
392	1093
454	1083
367	945
357	915
376	1025
351	1084
367	876
315	833
320	852
374	786
386	839
369	974
378	764
343	729
360	914
323	851
404	747
347	779
384	911
385	847
393	831
416	909
370	892
368	923
399	928
397	881
345	811
348	717
338	780
329	880
375	854
375	809
352	783
399	963
363	740
339	913
399	888
406	853
382	904
430	834
462	923
411	898
390	874
390	755
371	766
401	666
447	696
420	610
432	668
399	671
415	695
346	600
463	724
385	800
406	779
364	840
380	921
404	745
398	839
446	783
379	969
439	693
341	846
387	858
390	805
384	788
391	835
360	868
354	988
371	1005
417	1053
378	923
347	855
391	740
395	901
440	690
413	717
444	813
444	625
417	671
374	807
396	721
380	781
398	772
443	598
410	707
414	606
390	758
411	844
425	866
420	802
413	825
472	803
396	601
404	599
459	612
451	817
439	718
441	572
432	671
416	684
465	881
417	947
407	863
492	793
469	812
464	839
480	783
491	834
469	794
460	885
492	858
577	906
572	868
503	771
640	788
872	835
1006	814
990	847
1042	873
1086	948
1338	910
1754	890
1712	758
1693	793
1827	900
1916	914
2036	1103
1996	825
1789	745
1706	805
2129	960
2384	1068
2366	1170
2225	1258
2006	927
1765	1039
1620	946
1358	933
1288	942
1266	937
1328	825
1220	796
1121	1005
1153	771
1409	796
1617	728
1388	866
1162	767
1143	915
1192	941
1160	967
926	878
639	795
608	870
603	922
564	985
481	810
419	820
423	1002
445	876
453	941
484	997
467	1016
378	1067
461	1006
428	1036
432	1001
408	976
384	1000
396	765
427	910
428	818
417	744
390	854
405	810
451	797
425	700
382	761
385	935
348	953
392	810
371	731
387	770
387	926
431	953
420	952
322	797
383	734
360	724
396	862
400	838
369	843
432	765
409	783
384	825
462	1022
441	783
365	716
418	740
354	824
348	846
410	762
412	797
379	734
384	877
383	969
409	777
362	908
369	784
362	801
397	868
429	975
425	976
421	951
431	837
385	905
445	915
435	859
385	897
350	841
342	866
359	954
401	791
383	1133
381	947
363	914
334	931
364	960
385	770
335	721
377	869
370	858
399	929
353	979
386	837
355	888
429	1015
443	776
370	838
361	860
366	872
433	675
393	608
392	755
388	822
393	812
421	984
396	817
357	732
375	935
390	827
409	893
456	854
427	799
368	805
400	794
451	786
431	919
488	744
497	688
549	725
530	698
456	688
499	670
460	863
498	883
419	902
492	990
468	671
411	740
401	735
411	688
513	827
432	845
459	779
511	688
462	736
409	716
474	650
464	759
461	730
453	748
506	718
480	808
441	772
445	773
469	621
413	747
505	767
460	744
506	698
548	756
551	805
548	843
562	896
524	932
561	763
537	817
492	729
535	772
511	741
544	672
537	769
545	695
537	539
605	709
572	633
582	640
631	697
599	696
571	703
591	812
587	715
520	803
486	807
477	730
492	767
513	801
434	789
461	868
424	894
480	847
518	725
558	699
510	730
474	670
512	693
527	757
525	715
520	795
525	690
579	742
453	560
465	560
494	661
450	823
460	708
454	831
503	901
537	922
444	918
366	767
395	659
372	760
362	486
394	683
344	731
418	753
339	729
384	816
385	776
339	784
415	859
343	708
351	734
308	805
361	713
375	899
366	859
333	767
342	756
383	720
358	860
381	826
347	680
388	713
367	724
383	710
373	672
379	901
377	804
413	858
383	758
407	780
403	735
393	756
357	833
383	805
290	804
345	728
337	755
327	775
330	814
345	734
427	834
414	875
421	906
383	851
386	779
396	750
384	783
409	771
428	862
365	865
423	690
379	657
377	775
371	641
383	749
381	851
376	669
309	868
329	843
370	810
333	960
363	851
326	1008
372	1029
365	802
391	868
424	909
418	807
459	1021
444	829
447	630
503	833
490	972
541	808
512	838
508	789
527	886
545	781
577	748
639	629
706	761
596	820
633	911
719	956
789	998
816	940
910	876
802	1011
842	834
893	917
913	728
999	859
955	760
1051	701
1012	691
1034	677
1022	757
1035	730
1084	668
1259	900
1232	936
1225	1030
1430	941
1366	811
1408	929
1378	810
1524	819
1465	822
1478	782
1442	802
1553	661
1580	764
1592	682
1654	785
1637	761
1646	787
1649	782
1536	754
1583	689
1576	621
1566	629
1464	639
1417	810
1444	761
1442	750
1443	716
1355	787
1271	706
1230	660
1281	706
1385	704
1413	649
1459	729
1378	650
1653	622
1703	643
1560	826
1312	668
1218	725
1281	774
1281	620
1123	608
1085	841
989	1008
932	908
996	771
956	788
856	746
788	758
707	677
740	827
701	853
644	789
577	762
522	809
586	983
528	1002
514	816
486	854
512	779
492	753
467	732
463	850
446	753
433	689
432	541
443	657
491	743
477	817
434	543
435	613
442	679
444	734
412	719
363	659
391	747
412	732
410	736
406	719
422	748
439	711
453	898
444	886
409	978
441	983
446	1023
422	907
421	1191
378	1179
402	935
361	828
392	959
436	797
421	747
407	753
383	770
373	804
384	786
391	770
406	756
382	762
363	718
326	683
393	680
377	675
376	638
376	606
372	648
328	661
333	817
369	925
425	702
366	690
395	716
391	822
377	696
403	665
396	618
426	721
421	730
361	685
372	675
419	541
373	523
386	653
336	617
319	686
347	702
371	668
406	716
380	794
356	876
397	894
371	848
388	804
345	874
378	867
355	788
361	728
352	715
352	662
396	711
349	725
326	805
421	761
390	809
338	714
385	780
404	702
394	765
443	883
364	809
345	753
330	807
358	928
376	719
363	985
381	882
347	852
385	823
386	794
334	837
381	733
344	855
359	747
362	816
368	767
343	856
359	725
369	848
360	846
359	945
339	863
360	776
342	767
348	918
353	842
353	867
325	890
338	860
324	920
305	941
356	892
316	929
337	893
346	728
332	690
350	720
346	934
334	756
404	787
327	703
365	759
355	785
399	816
415	812
383	803
387	736
399	712
365	620
387	736
413	694
353	774
342	742
387	677
335	715
309	758
350	658
349	623
357	797
378	715
379	727
379	933
375	752
376	771
374	729
400	767
346	779
304	684
324	703
339	617
315	760
366	693
349	737
385	774
366	831
371	744
402	749
380	717
324	745
377	694
410	661
357	889
402	674
395	562
394	715
351	760
387	651
389	636
348	611
359	550
385	583
369	557
456	812
389	805
358	752
341	553
333	621
326	612
356	647
378	701
406	768
408	740
377	796
354	929
414	797
409	696
363	678
361	650
390	745
383	748
398	655
350	713
390	737
403	731
444	742
456	786
439	762
404	696
457	749
399	870
389	889
414	789
366	757
364	714
399	720
385	652
385	753
357	729
355	668
332	747
347	761
340	707
372	849
383	812
378	720
388	731
396	742
379	940
398	827
358	923
329	1140
355	1110
377	923
355	693
351	748
340	792
384	659
382	822
319	882
383	810
413	647
451	723
398	742
392	578
334	734
333	661
356	764
364	712
349	562
327	595
293	786
313	773
315	677
329	741
323	686
352	764
308	738
348	706
373	676
327	665
394	719
386	670
377	759
356	915
344	860
360	837
357	877
369	885
323	702
316	626
334	794
356	586
321	678
302	600
308	638
329	623
377	845
315	774
309	888
310	948
366	860
389	830
318	734
360	669
367	679
354	910
350	956
374	798
349	693
341	681
344	690
363	857
348	660
349	732
378	829
356	911
402	810
359	706
338	884
367	882
382	751
412	800
413	695
361	766
372	888
391	981
401	943
465	815
473	824
502	766
530	686
359	592
385	594
442	648
379	630
373	669
405	741
362	678
380	714
410	705
361	767
356	788
359	642
383	741
391	753
360	680
357	773
387	584
349	726
366	876
376	899
386	841
332	573
388	577
319	680
322	687
391	798
405	731
428	737
394	1007
373	884
390	842
358	852
378	763
399	804
402	756
364	627
381	716
406	695
453	766
385	714
390	826
387	904
401	869
369	778
374	829
360	869
377	934
372	878
404	804
385	754
380	810
381	828
409	662
386	696
394	774
405	707
360	695
432	677
399	671
396	821
372	946
411	709
387	672
403	654
433	743
368	797
412	806
428	849
467	756
425	787
405	690
462	610
461	772
446	667
466	687
477	621
508	843
422	688
529	619
521	695
545	723
573	703
524	763
585	852
558	859
639	799
551	862
599	753
653	732
731	878
778	996
690	921
701	852
698	840
706	778
807	725
765	655
677	686
668	614
664	695
726	787
691	705
631	824
707	654
778	777
791	797
817	806
826	776
914	836
926	844
964	802
930	742
860	610
918	617
968	769
947	667
942	663
907	586
957	594
895	689
841	797
878	626
842	603
841	676
894	791
891	791
899	888
933	939
890	730
974	816
869	889
891	707
912	702
936	768
903	828
902	660
842	838
793	812
776	848
782	740
751	692
748	727
737	706
808	673
767	706
787	894
718	851
797	835
755	792
785	799
682	816
742	633
688	641
712	761
800	897
768	813
730	813
753	943
702	757
652	781
690	869
635	835
569	846
607	688
617	803
594	699
601	643
592	635
548	608
533	641
596	757
567	728
523	687
521	612
538	740
585	768
505	841
464	775
499	664
434	617
440	672
463	550
440	596
406	647
452	937
423	859
413	849
432	741
384	702
369	682
451	739
413	716
448	711
412	667
397	841
439	822
314	1070
402	1060
398	819
345	923
407	945
357	823
395	768
345	653
408	849
378	808
371	854
379	863
403	694
404	621
386	718
388	600
399	702
350	687
387	631
349	797
349	679
398	733
386	708
406	733
371	686
394	720
371	777
383	690
406	787
366	802
336	878
355	841
340	998
365	1021
409	1036
364	940
360	773
429	845
428	850
427	948
447	868
403	970
400	922
350	805
398	997
464	851
403	796
454	829
387	1075
451	909
414	966
381	889
421	846
378	797
362	898
325	716
339	922
362	739
383	681
396	641
401	693
390	795
427	798
362	636
365	771
330	799
430	761
442	713
403	734
376	825
362	790
320	729
378	923
332	809
361	761
326	736
385	626
447	718
411	698
397	713
398	589
402	661
408	771
355	799
349	866
391	852
391	1082
444	813
451	851
438	889
413	916
447	900
435	960
406	880
465	894
384	925
353	899
388	874
389	713
376	726
370	809
451	811
408	800
362	568
389	642
370	683
376	636
351	623
352	665
352	731
386	720
398	644
365	654
343	686
367	710
350	797
390	655
374	702
357	782
361	820
324	758
354	675
417	696
432	686
392	814
400	733
376	673
398	772
378	763
396	706
346	695
399	686
388	741
440	817
396	794
327	703
417	772
380	816
360	1017
394	831
377	864
442	971
485	938
371	877
436	818
391	829
410	906
456	678
382	642
387	776
359	708
358	643
325	787
376	773
352	853
341	944
382	775
377	799
366	841
342	686
378	916
380	809
348	739
369	581
335	731
394	775
367	721
374	834
348	894
361	781
356	737
383	735
359	777
303	821
329	818
313	750
358	660
369	652
352	623
414	864
339	744
345	742
347	596
361	599
346	634
325	836
372	766
355	774
355	865
339	740
343	690
389	811
386	921
329	756
331	624
354	658
376	746
410	929
361	752
336	800
395	795
379	937
375	989
408	727
353	681
365	623
378	839
399	812
388	650
409	726
393	689
378	777
392	849
387	850
433	770
375	731
378	616
414	776
435	734
393	605
411	754
425	713
378	738
372	785
386	830
389	710
391	815
402	896
378	931
406	844
372	876
406	703
402	803
411	778
379	728
374	705
366	717
419	611
375	625
387	716
405	795
369	813
344	826
405	682
411	782
418	872
429	903
447	926
445	900
437	836
397	743
425	653
397	715
447	929
367	792
413	676
415	764
358	705
401	774
362	825
473	692
405	861
466	885
371	779
400	739
364	794
381	546
406	649
403	815
404	778
396	706
413	523
440	572
407	686
383	633
382	735
366	665
376	677
360	705
431	656
426	642
457	752
374	726
448	755
445	627
458	665
405	750
411	710
399	541
415	801
416	863
395	761
415	702
434	727
433	821
509	922
564	904
510	734
501	718
526	779
578	706
548	752
591	755
556	751
538	634
587	594
669	662
708	655
666	808
670	853
815	886
920	920
922	819
867	952
888	849
1089	1005
1255	803
1290	665
1084	833
1113	903
1205	743
1301	650
1377	594
1273	639
1245	630
1440	632
1743	716
1946	787
1923	736
1763	651
1980	823
2322	774
2580	760
2713	810
2947	832
3152	905
3352	835
3821	971
3699	1023
3337	676
3275	744
3465	751
3533	718
3252	748
3111	728
2906	757
3195	873
3349	696
3456	631
3532	744
3593	784
3862	738
4612	801
5342	747
5634	783
5554	847
6033	728
6817	810
6912	885
6874	856
6220	809
5971	876
6329	750
6494	683
6202	759
5906	823
6103	786
6388	914
7043	849
7391	788
7268	884
7505	865
8386	871
9343	845
10134	879
10158	815
10190	727
10454	908
11252	964
11744	1063
11668	1081
11329	1027
11215	1008
11329	1049
11534	951
12022	962
11128	1169
11044	914
11233	902
11976	992
12316	944
12165	932
12274	1040
12671	1204
13072	1149
13752	1227
13183	1055
13784	1133
13718	1192
13806	1116
13914	1265
14218	1291
13588	1189
13754	961
13463	1197
13070	1190
12995	1083
12850	1080
12884	1154
12703	992
12648	1291
12586	1244
12497	1376
12891	1164
12718	1289
12783	1249
12596	1221
12784	1239
13016	1287
12662	1145
12525	1165
12632	1445
12496	1429
12782	1379
12529	1327
12225	1254
11966	1251
12015	1210
11798	1264
12004	1407
11696	1461
11175	1360
10867	1509
11147	1360
10928	1553
10536	1343
9323	1118
8723	960
9277	1069
9455	1067
8442	1031
6807	971
5721	829
5744	830
6118	1009
5907	1022
5071	863
4516	796
4697	822
4973	794
4713	832
3634	750
2475	932
2032	954
2184	787
2057	764
1471	903
1033	706
901	773
875	668
919	798
812	754
661	816
589	709
692	839
716	768
691	683
618	651
538	735
628	677
644	714
660	596
574	687
551	702
515	678
491	679
518	620
434	544
433	565
424	544
422	806
418	917
372	674
359	701
389	590
352	644
334	702
410	792
427	739
446	788
438	730
413	719
425	772
405	885
371	758
406	851
354	687
384	672
412	783
376	814
322	754
352	848
398	723
435	603
387	672
390	811
420	780
386	738
363	802
369	605
394	762
375	769
412	804
338	869
376	864
397	835
361	834
367	907
402	899
377	987
331	902
324	920
352	884
373	779
377	758
329	761
360	979
428	970
476	897
375	885
389	920
418	702
397	773
363	929
366	841
431	719
379	768
412	955
415	874
402	891
452	926
365	856
364	890
337	1040
370	916
369	1015
357	883
354	863
379	810
427	901
340	779
309	827
377	731
415	726
387	671
365	713
368	879
371	835
406	672
413	638
370	693
364	744
349	831
407	698
373	730
335	698
418	775
398	807
407	878
410	773
384	941
382	865
407	860
394	915
423	869
421	867
378	1029
360	863
347	808
370	830
336	916
391	895
401	853
383	781
383	762
386	716
371	684
383	752
399	829
388	858
381	697
338	698
409	741
375	725
360	901
357	704
373	866
347	861
343	900
331	887
347	798
383	866
343	841
326	703
385	692
333	965
325	988
383	821
354	877
344	696
345	832
366	954
357	812
333	818
381	878
370	872
380	814
355	784
314	881
332	911
318	878
435	877
376	1085
370	927
336	755
346	664
360	683
342	704
418	718
489	648
544	887
573	867
525	831
548	884
709	868
869	940
860	928
818	886
834	838
983	861
1408	931
1539	876
1274	711
1374	689
1698	805
2706	902
2635	1029
2310	917
2223	919
2305	871
2885	893
2829	918
2782	712
2729	727
2857	751
3407	663
3916	742
4137	729
4388	953
4444	890
5130	1048
5674	918
5574	977
5623	1061
5961	955
5847	992
5780	955
5603	1021
5350	868
4987	960
4947	744
4960	851
4735	701
4875	810
5079	814
5196	803
5417	933
5518	849
5618	884
5833	802
5803	780
5580	877
5077	806
5192	944
5660	1004
5357	953
4746	851
3744	874
3466	1000
3274	890
2942	696
2691	677
2282	708
2023	790
1967	763
2017	847
1536	818
999	873
700	917
627	660
610	682
525	814
401	703
411	745
362	776
388	719
383	730
375	887
391	930
394	769
372	680
431	771
436	844
409	991
396	1096
366	877
422	659
372	856
371	755
342	745
311	860
325	808
344	733
330	796
359	846
305	809
320	773
349	834
343	863
400	815
382	779
394	712
332	845
380	784
412	838
353	875
379	885
364	961
376	902
383	711
397	625
364	755
402	766
371	934
337	896
381	805
396	835
390	815
412	796
350	897
360	821
374	890
392	755
393	742
400	892
443	964
400	1135
398	1178
409	883
466	804
422	761
454	735
447	777
404	847
385	727
361	794
312	757
358	830
331	782
310	738
336	674
332	732
323	829
349	697
374	774
340	826
341	865
336	906
351	790
301	709
326	904
333	837
286	864
313	753
333	826
318	808
345	803
320	796
368	806
313	799
322	896
358	1025
386	939
337	816
348	847
327	742
315	735
328	823
322	765
345	886
361	789
350	858
324	801
308	905
327	869
357	917
341	1010
337	991
305	1019
314	877
351	887
373	934
405	922
379	805
378	894
338	845
374	800
399	770
389	894
348	913
309	828
317	726
395	790
348	950
332	879
366	1056
293	712
340	711
330	796
370	798
379	923
392	853
345	858
382	837
328	766
280	789
341	913
351	852
324	835
354	785
335	725
326	795
316	645
329	689
351	834
363	776
317	769
369	746
361	816
380	848
342	746
325	699
369	779
400	789
346	854
322	937
325	892
355	890
300	899
293	963
333	1032
354	1002
315	704
363	818
362	896
300	941
354	985
317	932
351	793
307	925
355	977
338	975
367	1028
346	800
370	854
334	895
369	924
378	875
377	1049
318	1003
291	1044
340	978
326	1080
320	858
317	893
367	784
348	914
340	869
302	888
276	1079
312	975
282	1114
339	1044
343	1258
338	985
312	1003
346	1117
378	954
372	866
404	936
362	957
382	902
406	992
399	867
385	807
355	866
356	830
335	902
