22	45
30	44
31	41
29	43
27	40
30	64
26	46
28	24
29	17
31	40
31	40
31	38
19	57
33	30
35	37
34	48
35	32
33	42
22	50
33	28
31	43
26	32
39	26
36	18
29	30
31	57
26	35
20	45
40	31
32	38
29	50
29	35
30	47
23	36
29	36
24	38
28	48
27	46
26	41
27	36
26	42
35	43
22	32
25	47
28	37
30	35
31	47
44	42
27	31
24	46
22	31
28	29
27	32
27	34
36	45
31	55
31	33
32	35
41	34
25	29
29	34
17	36
22	44
24	18
25	29
18	48
24	50
23	28
32	34
28	46
26	30
28	26
28	45
37	54
28	49
43	33
25	36
34	56
36	37
23	52
29	47
31	49
39	50
32	37
17	50
30	24
24	41
22	39
34	42
27	42
30	28
30	54
24	40
22	52
28	43
37	58
22	42
26	36
23	44
40	31
17	34
26	49
36	39
29	50
21	34
35	48
32	51
25	26
23	45
36	34
26	33
35	42
28	50
21	40
30	25
29	39
30	38
32	57
17	41
25	26
26	35
31	41
22	20
25	22
20	36
33	22
34	40
27	47
28	33
38	42
30	35
18	50
30	42
33	40
37	33
24	28
23	46
22	26
24	46
19	27
22	24
31	38
22	30
24	30
31	33
35	41
31	27
27	33
29	50
30	30
27	59
32	51
26	40
21	64
29	38
22	51
35	37
21	44
20	39
35	30
42	39
29	35
27	44
33	34
32	48
34	36
40	33
30	37
24	48
39	18
30	21
34	51
35	36
31	50
40	42
34	31
38	24
24	32
29	35
33	41
43	50
35	62
26	59
28	74
37	45
23	44
31	49
30	67
29	43
37	32
29	43
22	19
22	43
33	28
28	51
32	38
27	44
20	44
22	48
37	36
27	35
27	62
21	33
24	42
26	35
26	40
29	27
35	36
34	38
32	16
23	34
27	42
30	21
39	32
27	40
21	25
22	24
26	53
17	53
25	34
29	42
20	65
28	44
30	48
26	41
28	30
36	30
23	24
31	37
41	43
21	33
27	32
32	38
32	39
33	37
32	36
29	37
20	31
30	48
26	52
30	51
28	37
30	46
28	40
35	32
21	29
20	42
34	52
31	46
31	32
31	59
33	41
29	49
25	40
28	37
22	53
26	34
33	33
23	42
19	23
36	29
19	45
26	37
25	21
22	34
16	38
25	34
33	46
20	33
29	29
22	25
16	50
26	27
23	24
29	44
33	50
26	57
31	36
29	35
26	39
17	19
34	38
37	40
37	49
26	60
25	50
27	39
39	50
24	55
36	34
28	39
26	25
23	72
22	34
30	47
32	41
29	50
34	43
20	34
31	56
21	48
28	46
39	25
28	42
20	36
36	28
29	30
24	36
31	43
21	34
29	32
27	72
34	52
31	31
21	31
24	33
23	40
27	43
17	44
36	49
27	41
19	33
17	33
31	38
27	52
29	33
26	61
32	54
17	23
31	37
24	48
22	38
33	52
21	25
22	43
28	37
30	53
32	25
21	32
28	35
27	32
35	47
30	42
25	38
25	53
31	32
28	28
22	38
30	37
36	32
24	39
36	45
34	33
29	37
22	49
30	36
30	62
26	34
20	25
35	46
27	36
23	56
30	37
31	36
24	39
24	55
29	43
22	31
39	47
34	34
30	37
24	44
26	47
41	49
28	51
27	42
25	43
33	41
28	37
30	35
31	51
28	44
39	52
40	39
30	32
33	40
30	37
31	45
35	43
33	38
26	44
22	39
36	27
24	40
39	38
24	44
31	30
30	43
23	50
19	32
24	54
22	29
20	46
29	32
21	37
27	43
32	52
30	34
26	36
26	52
27	38
23	51
38	47
33	32
32	39
29	45
31	32
24	54
39	51
35	42
28	56
34	33
35	29
30	23
34	61
20	37
25	50
23	34
21	38
44	31
33	49
35	48
32	56
28	47
28	32
31	44
24	44
33	42
30	38
38	47
32	49
31	46
40	32
32	38
34	39
40	61
16	33
27	50
27	29
27	36
26	55
31	57
23	44
30	34
32	41
30	23
42	36
24	65
27	43
28	55
23	59
29	28
31	44
30	42
26	38
33	59
34	24
31	41
27	31
30	41
38	44
30	47
21	42
27	43
31	40
34	44
26	49
28	40
27	31
21	42
42	36
32	54
27	37
27	53
26	49
28	46
28	53
26	74
37	42
21	34
25	42
31	30
38	36
27	36
25	36
31	36
42	46
36	39
37	40
36	47
30	44
28	43
27	39
34	55
33	64
27	47
31	42
37	57
27	44
28	40
28	29
27	47
28	51
26	47
25	47
33	35
16	48
30	37
39	44
36	20
30	53
31	43
27	50
35	30
28	41
35	56
30	19
32	61
37	47
31	37
31	41
31	61
34	40
36	32
33	29
33	43
30	57
34	46
29	47
36	45
28	64
37	44
37	51
29	27
35	51
33	32
34	47
46	30
45	41
25	46
34	57
38	50
29	46
37	44
33	41
32	40
46	36
25	39
31	25
21	38
27	66
36	53
24	26
40	44
30	36
29	31
32	53
35	56
28	47
26	53
21	63
31	24
28	34
34	46
34	42
24	34
25	33
34	29
35	37
30	37
27	49
22	57
34	36
30	38
29	22
29	23
43	25
38	40
37	46
30	36
23	52
39	64
30	35
44	46
43	44
37	27
33	55
34	49
38	35
34	43
46	41
31	42
39	37
29	45
35	62
22	33
27	37
16	51
32	45
23	48
32	28
29	61
34	27
41	49
31	22
32	54
41	28
32	40
23	57
31	33
34	52
29	22
36	58
21	29
32	36
27	51
34	74
21	46
23	51
30	41
30	24
23	27
21	61
23	37
30	56
34	37
24	33
31	52
34	30
31	58
39	62
27	39
27	30
33	29
21	49
29	36
40	61
37	54
31	34
28	58
36	44
24	59
35	45
33	64
32	39
35	57
30	47
36	41
31	28
45	67
39	34
40	43
32	40
44	57
33	40
30	48
24	47
32	39
36	49
48	46
42	64
27	66
42	34
36	45
24	45
37	51
26	44
30	51
34	39
27	41
48	58
34	59
32	27
30	39
26	46
25	52
23	53
32	35
28	46
43	35
18	61
40	52
35	47
34	53
27	50
26	53
42	69
41	42
30	27
22	56
36	63
23	70
30	47
34	58
38	36
35	38
34	28
27	45
35	52
37	32
36	38
29	55
26	55
32	45
29	46
30	24
36	47
29	57
26	51
41	35
25	40
33	48
27	62
40	59
39	52
39	61
37	47
34	49
28	55
34	45
22	55
43	71
41	44
38	55
33	42
42	38
35	41
27	34
40	57
29	46
36	38
19	72
33	49
30	56
35	78
23	48
27	48
24	46
25	40
32	42
30	43
38	38
33	47
30	53
40	45
35	42
20	49
32	43
27	78
29	45
34	40
23	40
34	58
34	79
30	41
35	78
25	56
37	49
31	42
23	50
23	47
26	40
22	40
29	47
31	46
30	60
24	42
35	67
42	52
33	46
24	48
45	26
32	47
29	49
39	52
33	48
34	56
25	35
39	51
32	45
24	59
24	39
33	51
32	71
31	43
34	46
37	48
29	57
29	46
35	45
36	26
25	34
41	54
33	33
28	48
32	51
35	63
32	34
27	47
32	51
31	58
32	48
29	49
31	54
43	54
25	55
33	52
34	52
44	58
29	47
37	47
22	40
29	72
31	59
32	46
36	31
34	44
34	53
30	45
35	47
26	36
35	54
20	41
29	48
31	49
28	49
22	57
21	46
34	40
31	54
24	40
31	38
33	44
31	55
32	64
25	43
35	37
32	54
25	56
39	39
28	65
25	44
40	48
32	56
37	26
28	46
27	44
38	48
21	27
39	43
29	51
26	61
32	52
25	62
29	55
32	54
37	42
22	67
32	55
34	35
31	53
31	56
51	41
37	58
34	46
40	47
33	59
42	53
37	44
30	54
28	53
37	45
41	49
32	32
31	63
44	52
38	51
33	82
40	44
44	57
41	49
36	53
38	46
28	36
37	51
27	42
32	36
42	34
36	44
40	59
46	37
50	58
38	56
40	49
37	57
31	50
30	47
33	62
40	42
41	53
28	58
31	35
28	69
42	51
38	64
35	41
41	53
30	65
40	61
25	47
39	56
32	63
30	58
33	78
37	58
34	52
43	44
32	51
30	61
20	38
43	47
30	41
23	63
37	46
30	40
35	45
31	53
34	61
29	40
26	55
29	31
37	47
32	39
48	41
40	74
39	47
31	54
21	44
37	53
42	61
25	42
42	55
36	34
31	56
30	52
31	46
30	53
32	46
28	58
36	47
34	61
36	49
50	47
29	44
35	61
37	25
36	49
38	49
26	54
32	54
32	51
38	55
30	41
28	62
50	59
33	47
34	56
24	42
28	52
31	35
30	53
39	37
35	55
30	51
36	57
42	46
29	64
48	30
38	70
33	56
36	29
39	58
39	41
32	55
28	48
37	70
36	67
35	29
32	43
46	41
40	61
33	62
40	47
37	46
32	40
50	40
41	53
34	60
45	65
36	55
29	55
33	39
28	63
30	42
35	65
29	36
24	68
32	48
35	63
36	55
43	73
34	72
34	73
36	51
35	67
31	64
42	58
35	42
35	45
35	64
33	54
27	56
46	58
39	55
24	40
42	49
49	49
41	78
39	54
48	36
32	38
39	54
46	36
40	52
30	67
48	57
30	54
36	48
45	59
33	72
32	44
51	72
46	51
38	55
40	54
45	61
38	56
27	44
48	69
28	56
33	57
37	57
40	63
42	69
46	47
45	70
41	53
32	66
43	42
34	45
32	64
42	31
30	73
30	44
32	39
37	68
47	35
37	54
31	51
44	50
49	62
30	41
33	39
41	62
34	42
35	65
42	53
38	57
48	51
33	54
35	52
41	52
41	62
37	66
35	49
39	41
49	67
39	42
33	59
38	52
33	58
38	56
34	40
41	52
38	69
30	64
28	45
23	37
39	54
26	58
43	61
39	50
48	59
38	70
40	55
41	73
32	73
38	74
40	55
29	65
27	49
39	58
26	60
32	62
35	83
28	61
39	83
53	45
35	60
43	79
45	67
35	59
27	51
50	50
44	76
37	61
34	75
37	63
40	57
31	64
51	43
42	58
31	66
37	58
40	61
47	56
43	62
39	60
48	79
47	60
40	41
33	56
45	53
37	60
47	75
38	70
27	69
38	50
43	57
36	62
40	78
38	63
30	69
44	58
40	54
36	78
39	71
39	74
40	44
31	51
40	69
46	76
32	45
38	65
27	56
45	67
41	55
28	61
33	76
48	70
44	58
34	62
41	85
39	73
29	44
50	50
35	51
34	65
35	91
45	62
40	65
36	79
39	72
45	84
26	56
33	54
26	68
31	54
35	69
25	53
35	84
34	68
41	64
35	46
45	79
48	58
41	73
39	54
45	66
49	43
41	50
34	61
40	81
46	66
40	74
25	84
43	64
33	67
40	43
41	54
42	58
40	64
29	69
41	57
39	74
33	62
30	63
23	63
25	64
46	94
35	68
41	86
45	63
42	68
50	63
41	73
33	51
47	55
38	82
49	48
29	60
40	87
42	77
40	60
40	67
49	74
34	36
39	64
40	68
50	83
50	75
33	54
31	53
42	72
41	57
31	60
48	36
40	55
27	70
43	52
39	74
49	57
43	52
37	88
44	79
47	59
40	71
46	87
30	73
29	79
39	74
40	74
31	68
41	78
43	65
51	66
53	68
46	67
46	62
46	56
46	55
41	61
43	73
36	69
41	80
43	50
44	53
33	67
47	79
45	75
42	50
36	78
40	90
49	74
41	73
42	66
44	80
35	58
36	72
46	48
41	64
37	75
44	58
30	89
42	82
43	67
40	90
45	85
41	79
35	64
43	74
37	85
37	92
42	70
45	72
36	71
33	82
39	92
40	78
56	82
46	80
36	62
39	60
45	75
31	66
46	69
36	69
38	71
42	68
54	95
45	56
40	68
44	85
50	73
33	84
49	76
38	82
32	93
41	61
43	71
37	99
46	49
49	73
47	80
45	81
51	97
40	102
39	75
52	74
38	89
38	115
39	97
59	82
38	85
48	84
49	76
28	77
34	53
51	80
53	86
35	87
39	96
59	79
37	65
46	88
37	70
47	85
50	75
48	89
33	82
38	92
37	77
41	79
45	97
33	81
42	87
37	87
48	83
35	74
42	77
37	77
53	89
49	102
59	100
32	55
44	85
35	99
36	74
44	82
47	71
47	80
37	96
40	98
49	81
38	74
41	81
47	86
47	89
58	90
42	76
39	102
52	90
59	93
39	63
50	92
55	100
46	93
48	102
59	125
43	69
41	74
58	106
53	88
45	104
41	101
53	88
33	97
49	69
41	88
49	82
52	95
52	84
41	89
46	75
50	110
47	110
55	103
47	84
26	115
46	100
43	95
41	130
47	108
55	75
66	76
43	117
48	100
61	96
51	79
44	129
53	86
55	81
43	108
57	129
48	110
55	91
46	120
48	90
65	96
47	114
57	104
60	116
57	128
57	78
49	95
50	118
59	106
51	121
40	112
59	76
50	103
42	97
59	106
52	130
46	101
47	127
58	108
51	92
49	100
53	117
48	114
52	77
58	104
45	117
46	109
51	116
59	105
60	115
48	120
41	78
58	104
47	101
49	108
45	122
54	109
39	95
52	112
47	116
43	115
45	130
46	113
53	115
57	105
39	150
51	146
46	123
60	109
53	95
41	141
51	113
57	119
48	130
38	111
53	146
48	123
62	138
58	153
43	149
50	131
62	173
54	122
57	142
63	100
51	152
47	139
57	137
41	128
51	135
48	135
60	140
51	143
53	118
52	188
44	120
41	98
48	116
64	160
55	166
51	120
51	144
59	156
47	132
49	142
75	153
67	107
62	152
53	179
63	121
49	145
76	149
56	129
57	153
63	128
63	149
52	147
63	137
69	172
54	145
56	183
59	196
60	169
53	162
61	193
54	202
57	188
57	120
81	117
58	162
54	177
51	225
55	182
62	141
61	168
69	208
66	189
54	151
72	208
59	210
51	191
65	183
78	218
64	194
68	186
56	215
57	194
52	198
57	186
61	177
77	186
67	213
75	199
67	220
63	166
64	200
68	194
74	184
78	178
67	194
79	185
64	215
75	233
63	177
70	207
73	259
57	260
63	222
50	235
70	196
65	200
67	169
64	248
71	173
73	219
69	196
66	189
66	249
69	218
63	212
86	222
78	223
62	245
85	223
76	277
89	270
72	255
79	302
88	285
80	264
80	295
70	256
80	216
80	251
58	281
75	296
76	240
80	286
80	268
75	271
79	297
67	277
77	265
76	251
105	290
79	318
82	332
91	268
69	348
104	307
69	342
90	326
74	320
83	305
71	301
64	307
68	292
76	337
78	293
70	352
94	326
89	379
83	386
69	374
107	364
77	370
80	404
81	448
98	362
87	408
98	416
104	400
99	384
89	333
93	408
86	396
71	389
100	416
91	369
97	417
100	434
85	419
96	456
89	432
119	439
104	392
92	501
107	507
114	448
119	566
122	521
96	553
121	512
124	539
104	584
124	596
117	535
123	615
109	499
128	595
114	629
123	692
126	641
111	618
135	692
136	734
117	690
159	765
139	709
127	777
125	780
113	823
125	814
136	754
141	740
131	835
143	771
141	842
146	776
150	773
159	933
145	850
148	932
155	977
147	991
162	963
164	1042
179	980
175	1120
163	956
163	963
154	1180
170	1118
182	1150
141	975
150	1042
184	1211
209	1173
189	1290
220	1227
209	1228
198	1326
191	1462
216	1390
190	1394
229	1445
206	1389
222	1577
210	1615
237	1668
234	1512
235	1565
244	1810
216	1636
201	1612
253	1688
210	1831
256	1802
261	1960
260	1791
224	1819
257	1920
233	1978
239	2008
251	2264
287	2105
274	2073
237	2404
302	2501
289	2543
312	2807
291	2684
296	2715
309	2916
312	3117
306	3126
304	3058
333	2979
373	3066
325	3411
375	3399
332	3206
312	3082
325	3382
389	3525
338	3661
417	3284
453	3314
427	3447
414	3716
431	3649
373	3626
405	3579
430	3685
396	3728
349	3939
372	3964
402	3776
394	3830
370	3868
421	3855
404	3716
422	3649
380	3675
399	3586
394	3714
374	3705
340	3386
340	3467
427	3520
420	3611
417	3727
417	3573
351	3406
378	3557
410	3512
386	3462
397	3457
437	3509
462	3411
427	3807
403	3483
438	3487
427	3759
400	3771
421	3646
368	3714
387	3778
399	3656
392	3528
460	3535
408	3579
427	3595
383	3509
391	3274
388	3220
433	2987
418	2831
473	2875
404	2954
365	2667
375	2409
364	2380
404	2637
354	2800
365	2638
382	2480
359	2512
425	2511
405	2618
377	2434
348	2325
361	2075
366	1901
335	1966
377	1857
333	1768
313	1650
352	1647
341	1748
306	1607
346	1592
312	1560
355	1609
340	1355
409	1447
395	1624
374	1567
363	1571
379	1686
339	1645
365	1507
355	1388
385	1435
345	1500
339	1631
386	1393
394	1415
373	1420
431	1474
312	1340
350	1374
417	1308
364	1378
387	1385
374	1372
361	1423
391	1455
362	1289
326	1465
372	1388
357	1298
338	1319
387	1395
394	1184
387	1032
354	1067
389	1245
386	1189
409	1118
355	1231
341	1182
349	1209
359	1228
395	1247
386	1216
341	1014
351	1003
343	1113
340	1100
335	1058
377	1101
399	1196
352	1242
378	1279
371	1317
367	1212
362	1227
376	1179
381	1160
375	1183
360	1129
349	1413
338	1312
383	1204
365	1329
371	1309
391	1221
372	1314
369	1235
401	1143
371	1153
394	1108
360	1169
380	1202
370	1338
350	1385
369	1400
341	1548
357	1381
388	1346
342	1403
381	1306
333	1240
409	1369
333	1231
383	1254
348	1247
377	1193
368	1188
355	1316
353	1478
314	1569
373	1472
366	1485
419	1332
431	1121
358	1291
381	1253
404	1200
386	1514
360	1688
367	1597
367	1396
324	1359
357	1323
360	1577
314	1404
348	1471
365	1429
350	1537
371	1665
360	1602
342	1462
331	1445
356	1461
375	1809
398	1556
345	1512
356	1616
338	1452
342	1374
389	1307
362	1296
366	1363
350	1468
389	1559
356	1477
370	1442
359	1609
381	1587
405	1763
408	1630
385	1490
355	1351
340	1340
327	1392
338	1244
358	1319
367	1429
359	1289
351	1369
379	1213
396	1251
365	1061
357	1255
366	1352
365	1236
339	1359
374	1283
407	1268
328	1192
352	1199
348	1284
365	1383
372	1386
373	1329
366	1164
358	1308
367	1351
366	1249
351	1122
337	1222
344	1006
318	1148
380	1039
374	1261
360	1208
335	1169
311	1137
342	1282
336	1199
406	1103
337	1155
313	1165
330	1093
331	1119
354	1001
327	1033
341	1066
325	1006
340	1103
367	1241
337	1105
364	1070
433	1022
468	1052
457	1158
461	1129
606	882
634	1093
644	960
602	1036
571	1029
534	1316
499	1040
462	876
459	1016
438	1108
450	1046
432	823
379	970
403	942
438	966
429	1080
450	1041
376	934
339	1053
396	947
378	1234
407	1160
360	1301
341	1339
359	1202
377	1200
344	1059
380	920
331	879
374	1003
371	965
367	1174
313	969
292	951
310	791
337	862
320	954
308	1003
314	964
326	1042
316	1084
370	924
316	1084
338	1153
352	1029
341	845
361	955
314	865
334	878
306	835
326	893
357	936
331	1008
305	903
324	967
310	1046
297	829
310	797
341	770
316	816
306	912
304	978
365	833
343	852
303	980
324	771
316	732
303	852
315	710
339	673
315	659
367	648
337	622
301	794
300	846
313	730
375	727
336	810
321	786
347	786
330	816
348	763
355	820
338	906
341	821
322	950
340	883
341	892
323	1133
341	1007
315	954
330	946
286	935
335	931
294	1039
312	744
327	830
329	788
308	759
344	733
316	638
338	690
379	891
304	811
347	748
373	708
350	872
303	658
287	582
326	651
308	730
332	645
298	679
345	737
323	709
311	692
330	763
337	680
389	917
345	981
337	902
354	827
348	861
335	753
368	906
365	889
369	839
363	803
342	667
334	638
320	607
335	632
345	657
337	675
330	661
342	687
317	706
347	719
311	826
314	691
307	717
318	753
323	724
327	872
289	716
328	786
318	819
367	804
393	787
317	664
319	748
297	856
298	742
314	661
350	693
284	729
298	776
321	794
334	717
349	651
334	539
289	691
335	678
335	642
340	669
340	769
330	771
327	653
335	723
354	737
397	783
342	743
386	631
369	736
443	759
386	719
440	830
454	760
388	936
390	763
382	757
404	799
357	777
348	640
361	632
393	764
376	780
330	850
402	905
348	971
405	895
358	921
389	679
368	684
413	855
397	803
392	825
359	713
330	813
354	732
384	803
367	714
336	623
341	829
327	838
358	828
352	710
352	738
367	786
385	812
402	800
337	739
370	857
416	754
419	680
342	738
412	752
394	728
378	585
365	656
350	524
353	602
364	683
344	702
341	652
366	608
352	691
363	790
339	846
369	678
359	819
388	735
324	898
361	710
366	694
368	821
365	882
383	713
409	739
409	737
421	798
501	723
622	684
681	794
720	824
825	704
949	790
1151	778
1168	730
1064	704
1086	790
1289	719
1378	850
1353	665
1302	728
1300	735
1396	664
1750	833
2197	740
2155	847
1919	641
2181	806
2438	828
2305	860
2195	794
1914	760
1718	734
1495	775
1523	753
1487	798
1516	825
1584	867
1594	996
1652	850
1649	795
1705	731
1641	542
1459	777
1428	698
1305	575
1391	740
1357	731
1308	796
1148	818
1080	902
1143	794
1207	742
1065	766
1060	764
903	927
875	817
915	817
701	700
516	731
427	764
445	736
449	976
409	821
391	932
357	841
332	722
410	776
393	776
388	849
349	854
372	761
316	882
346	916
376	815
360	844
334	780
309	804
321	733
344	758
313	765
313	668
340	686
396	805
380	730
336	672
279	800
299	721
273	704
301	573
342	529
330	671
283	687
306	605
302	620
288	546
322	638
272	749
293	707
307	698
325	887
274	819
267	919
323	729
300	741
294	796
311	728
350	625
313	713
301	734
313	673
318	802
327	686
370	635
311	775
311	836
312	766
309	749
350	764
331	807
312	718
327	818
280	693
349	723
356	725
360	782
312	640
322	737
357	773
344	695
319	622
325	602
329	812
324	929
320	649
328	710
327	681
355	769
301	795
325	855
298	748
324	810
279	547
283	676
326	688
316	639
295	716
320	626
285	725
287	661
288	683
257	715
273	698
285	640
300	674
346	885
318	763
287	758
301	661
348	598
336	624
365	817
345	914
330	840
357	889
353	914
372	832
353	791
345	732
360	745
427	790
397	873
329	803
369	862
353	757
352	622
310	835
316	1080
373	925
354	831
387	836
359	848
379	1004
358	925
342	799
359	708
361	743
352	831
376	803
359	807
333	919
312	709
308	752
324	780
372	671
373	762
350	734
344	749
372	668
313	693
365	803
343	812
353	866
387	656
375	801
307	797
318	817
296	720
317	816
364	775
327	704
345	667
370	651
345	763
376	809
368	611
361	529
368	612
324	647
359	558
350	564
365	693
329	635
313	573
389	641
368	650
353	655
340	606
380	748
316	745
361	663
339	643
348	732
372	685
342	694
347	592
321	653
389	715
396	590
364	671
320	679
366	722
354	792
325	704
398	723
418	710
325	686
378	750
343	850
294	848
343	847
340	834
381	813
335	727
365	800
357	582
358	600
338	791
357	680
396	673
409	707
341	631
449	765
373	760
483	800
447	1021
438	928
414	1093
412	952
426	797
482	692
456	637
464	691
460	656
529	748
571	768
492	720
473	614
536	708
641	744
707	729
708	789
638	723
696	653
756	789
814	895
723	881
751	969
759	782
758	643
810	716
845	766
839	813
948	752
1105	803
1139	845
1310	907
1246	850
1184	821
1282	862
1328	987
1358	1024
1257	904
1250	814
1170	792
1262	789
1172	853
1052	707
1109	697
1036	847
1032	840
981	836
950	661
1087	744
1141	652
977	626
987	641
974	769
1021	872
1075	704
1033	907
877	747
920	841
1039	839
1049	820
910	664
824	764
822	848
705	734
736	626
674	741
587	755
529	816
575	995
550	830
517	924
486	679
491	761
445	771
512	708
521	817
500	822
468	792
475	901
468	971
483	985
506	803
417	753
427	867
431	886
402	789
424	731
426	963
409	813
406	792
403	821
382	751
355	631
357	722
371	836
395	696
424	740
381	873
376	662
373	575
373	723
384	702
336	709
354	721
368	770
357	871
404	783
389	725
425	759
388	830
351	827
344	799
301	893
287	936
309	756
341	752
337	761
324	813
334	808
320	711
358	742
308	783
316	820
388	641
343	534
354	674
295	745
347	575
345	730
347	732
344	697
342	717
314	791
342	785
339	628
351	657
291	752
336	729
305	740
348	669
338	656
350	771
302	856
370	664
340	594
374	723
401	736
407	744
387	800
398	760
422	633
392	670
386	755
354	619
368	603
424	641
386	571
368	760
383	714
410	795
468	947
445	742
403	930
403	796
438	1138
443	995
437	814
467	802
405	812
403	712
408	616
397	671
427	705
425	797
332	853
432	652
391	596
367	663
332	772
366	718
372	810
328	668
340	707
317	635
314	680
343	821
356	821
347	868
305	809
365	800
283	709
309	635
279	721
311	592
309	657
343	698
338	717
312	687
341	721
378	821
328	736
296	650
307	862
335	744
314	810
304	823
359	823
362	854
380	989
374	767
342	706
322	733
350	681
333	673
293	691
323	793
366	698
354	704
341	767
304	711
339	670
315	773
311	787
310	674
317	813
317	909
322	761
353	745
344	625
313	674
338	623
366	711
305	806
342	729
334	797
346	765
356	740
332	842
360	873
297	746
277	749
327	715
370	857
313	922
349	869
352	632
341	791
368	774
389	682
374	630
422	935
432	939
481	826
427	745
392	659
392	747
379	702
394	760
419	749
376	800
373	753
401	652
376	657
374	671
414	593
359	766
387	821
335	762
419	698
393	730
364	626
364	643
337	686
320	731
379	864
396	927
388	1057
364	845
336	834
360	783
359	742
375	763
330	815
331	689
359	811
391	601
309	816
397	641
332	852
381	746
351	620
362	797
350	697
365	799
330	803
339	817
311	781
297	897
333	900
327	819
336	758
349	793
303	748
312	691
326	666
349	628
350	480
392	634
393	638
383	832
376	556
374	537
413	580
396	614
402	578
345	601
402	512
402	588
344	548
357	589
389	643
345	842
348	753
355	620
357	714
353	684
388	579
337	633
380	588
339	598
357	595
339	696
366	579
328	602
339	649
316	710
354	643
361	634
418	690
322	793
364	641
284	603
332	657
329	617
346	614
307	712
353	639
345	769
349	810
403	706
300	782
360	847
325	835
322	798
316	879
292	910
356	758
293	888
316	919
309	690
365	684
351	738
370	864
316	834
300	752
340	922
310	817
315	774
320	738
315	857
309	851
271	696
316	775
357	701
303	739
307	687
296	813
304	904
349	735
365	830
332	940
261	861
333	846
326	936
329	861
333	718
333	735
277	707
296	619
297	621
322	634
314	834
315	640
329	713
318	736
314	705
357	636
338	590
292	771
337	735
333	798
383	876
355	776
357	635
377	669
368	745
359	760
344	738
365	788
374	799
363	713
334	696
366	591
346	850
349	947
393	948
319	834
313	891
339	835
312	830
332	929
354	819
406	801
336	642
350	685
376	720
367	763
396	685
356	785
346	698
354	783
387	874
349	985
364	1012
316	900
330	854
417	853
467	793
505	862
476	1006
410	811
441	788
455	938
548	893
513	829
506	898
519	939
616	777
719	748
617	826
567	763
557	880
735	769
887	777
983	805
996	689
1046	690
1321	815
1539	818
1663	821
1601	912
1438	841
1620	808
1667	723
1680	654
1661	645
1633	751
1625	768
1817	707
2027	718
2076	858
2074	1024
2204	881
2333	831
2596	941
2736	955
2676	925
2523	802
2595	1020
2660	916
2482	807
2074	798
1856	887
1876	858
2041	721
1969	751
1930	741
1772	684
1886	957
2180	989
2292	925
2490	756
2504	695
2793	604
2820	742
2713	1001
3037	776
2823	864
2825	842
2507	736
2188	799
1920	790
2176	929
2277	719
2059	662
1861	716
1578	730
1629	843
1692	782
1749	868
1425	998
1206	960
1180	847
1129	908
993	907
827	979
757	822
592	799
761	895
688	769
617	754
525	853
477	741
517	703
493	777
529	707
440	712
386	699
384	632
445	670
406	624
396	759
328	635
342	636
374	606
334	569
395	642
361	619
355	689
389	625
313	629
346	633
314	751
364	683
405	729
346	675
344	590
358	754
385	818
359	632
332	914
359	1018
412	741
308	765
368	934
367	901
366	970
418	996
397	969
339	717
345	752
354	706
398	874
387	805
360	765
332	667
331	656
351	629
339	639
326	715
305	863
342	866
330	885
304	741
333	713
349	773
342	881
369	877
345	1041
380	794
393	700
346	934
323	1127
316	919
297	884
403	673
334	778
329	878
360	901
334	842
350	939
310	941
359	1035
317	776
306	814
337	775
328	833
378	653
325	793
358	948
352	833
386	963
333	887
362	847
355	788
337	758
321	948
326	981
332	1293
347	1492
327	1378
279	1225
313	948
310	859
277	745
297	639
284	619
321	636
339	713
318	760
272	726
320	847
323	709
324	848
353	824
351	813
328	739
314	749
361	678
350	738
273	727
323	684
367	861
341	684
319	576
329	577
339	714
309	785
333	838
332	769
329	779
312	674
351	760
378	746
315	849
344	942
342	834
352	757
334	986
297	788
388	835
316	1092
274	909
284	794
316	739
349	848
303	772
349	719
309	775
338	760
314	846
320	725
377	769
327	775
317	831
340	938
342	999
381	977
352	971
339	794
284	790
328	1037
343	768
357	683
316	677
353	740
321	799
327	613
277	768
363	866
323	748
370	609
356	636
341	615
354	709
396	653
378	879
397	895
342	895
380	945
357	837
408	801
386	834
360	884
414	854
388	724
340	806
374	624
354	644
350	782
422	614
412	755
395	777
392	849
361	808
403	730
409	690
416	856
384	843
364	845
400	843
367	834
370	706
352	767
377	853
347	884
366	846
320	800
396	812
353	916
400	959
430	788
401	830
374	821
393	669
426	834
425	715
397	680
380	661
393	662
404	863
402	875
439	755
394	623
448	659
405	831
409	799
375	819
401	753
391	654
404	634
395	906
425	780
408	648
438	641
445	784
485	799
424	873
502	745
449	930
516	868
427	899
478	781
395	761
406	902
380	910
443	840
404	930
425	759
402	853
372	831
411	765
406	870
426	888
389	717
392	851
425	892
358	743
412	678
450	791
335	718
386	737
411	744
406	679
411	528
401	606
410	570
403	696
375	623
406	637
376	784
329	634
352	926
400	752
406	688
355	792
337	878
363	796
423	820
353	736
357	790
406	597
391	683
434	673
445	659
350	703
363	679
393	619
349	628
335	623
343	662
357	755
347	732
341	628
324	769
373	737
336	895
344	767
369	722
390	774
372	655
328	669
302	673
303	652
322	814
294	718
316	522
331	604
312	680
329	712
357	694
365	656
346	663
329	661
350	726
332	668
351	667
317	616
330	622
299	523
285	689
344	579
321	672
368	766
292	629
274	690
316	616
314	625
337	662
317	538
329	669
336	625
347	708
311	680
301	710
338	563
354	702
318	606
293	614
285	688
300	737
309	699
280	659
340	939
313	711
302	739
361	741
301	767
310	694
314	666
305	765
284	906
343	923
305	843
327	813
318	858
339	984
285	819
286	874
310	552
287	682
329	774
310	612
336	716
348	953
337	723
368	872
324	878
348	674
338	645
304	884
337	853
323	825
329	791
344	756
417	774
375	859
351	826
367	680
361	622
357	942
381	877
353	781
316	859
320	748
378	765
384	692
386	938
387	809
324	721
333	706
344	866
359	929
368	789
297	822
313	856
284	710
353	733
399	782
379	790
349	740
365	849
344	779
358	599
337	628
309	630
362	640
328	771
370	803
340	724
321	610
321	696
298	663
324	662
301	703
332	762
303	773
359	755
318	693
337	700
378	690
344	811
357	834
324	990
337	1047
299	826
338	919
337	943
345	1308
328	1143
349	880
337	1001
410	707
399	1005
345	903
369	847
341	788
368	924
331	798
411	1111
380	841
407	950
304	865
356	658
353	704
354	768
328	747
359	758
323	692
358	924
290	933
329	1022
311	864
351	751
284	721
316	734
343	830
318	702
323	754
296	854
348	848
369	781
316	839
323	957
363	809
313	955
293	792
339	937
334	893
329	855
300	970
319	681
329	859
346	809
356	821
367	644
368	753
396	745
368	682
338	700
359	769
361	691
360	818
287	871
304	790
396	775
367	978
334	995
339	896
336	744
280	766
341	704
354	673
286	727
378	686
341	879
323	753
348	873
345	842
356	867
341	774
340	795
359	844
349	713
308	781
352	773
335	699
331	779
359	584
316	629
364	759
359	822
284	740
353	1009
314	899
329	870
333	834
385	928
387	954
342	873
332	858
328	921
312	640
334	747
359	585
362	594
346	718
331	614
333	733
413	761
337	645
356	625
372	613
353	640
365	607
379	703
375	751
369	663
370	767
399	820
358	771
381	772
344	841
402	626
400	624
338	619
369	594
392	613
385	684
378	748
397	702
379	581
362	598
396	692
361	632
384	759
349	703
407	732
383	807
404	822
396	896
351	913
325	963
389	765
433	946
395	825
413	786
401	736
420	730
355	825
372	879
380	770
384	769
410	786
389	712
403	652
405	631
377	657
357	632
402	821
424	755
393	945
365	1099
355	1020
376	824
407	768
424	682
402	813
377	739
374	785
388	968
414	775
418	681
435	668
375	780
431	847
398	680
398	679
409	710
372	730
446	790
441	827
416	688
481	768
425	725
467	721
492	746
456	733
452	613
414	587
436	495
448	589
465	573
417	651
397	671
363	759
376	694
382	646
369	855
371	719
464	646
443	660
493	708
494	750
457	675
471	784
517	617
509	696
480	753
472	721
492	745
502	723
437	739
436	826
382	777
407	820
395	882
424	910
392	964
397	1056
456	920
481	757
515	697
539	711
508	664
509	834
548	1120
473	973
461	726
537	764
505	722
436	539
401	903
386	941
398	938
352	945
405	968
379	764
431	675
420	716
415	711
432	637
430	634
419	740
472	672
481	813
449	744
480	697
455	785
438	800
428	813
445	800
428	807
419	941
324	864
386	860
392	852
329	699
351	805
392	776
387	751
431	717
441	915
463	821
389	693
400	768
395	972
410	831
384	865
410	732
443	757
409	858
415	846
418	836
371	1045
422	1019
392	898
346	728
412	859
369	1013
371	762
380	932
391	1155
376	791
386	991
411	847
328	737
428	853
384	722
390	807
405	820
388	856
395	852
390	877
377	926
381	870
327	932
333	948
363	1034
384	834
361	896
338	792
392	913
362	950
335	896
423	811
386	662
387	851
397	888
359	737
393	815
409	854
397	750
374	778
383	788
357	1053
366	877
404	961
346	1073
327	833
345	768
405	711
391	920
383	892
417	852
357	900
363	912
358	935
401	841
377	860
401	809
416	719
429	655
350	734
320	898
341	907
367	740
354	749
339	845
377	852
324	635
345	832
393	674
359	678
403	747
392	684
415	844
311	819
336	881
367	870
366	981
360	941
358	928
355	894
373	1138
345	1029
307	1046
361	1017
326	1222
337	1453
336	1265
334	1462
407	1125
318	1087
338	752
296	736
310	907
318	834
342	861
346	734
336	946
294	791
349	855
352	601
305	625
317	703
300	676
321	739
376	850
343	877
365	835
408	901
378	827
392	710
394	985
382	930
372	785
375	900
355	788
365	768
354	981
388	899
359	848
325	929
355	802
405	792
392	801
355	735
387	760
391	893
385	754
361	987
335	710
340	760
335	592
343	670
397	795
356	685
349	747
390	707
333	889
365	972
344	943
339	908
377	903
333	733
338	874
383	742
366	732
400	891
334	750
313	862
352	820
339	727
313	873
349	704
381	807
418	773
374	833
377	690
389	750
333	645
382	644
377	587
393	665
368	715
396	685
354	667
333	715
362	798
341	786
355	810
377	919
341	576
339	689
354	814
338	758
384	738
339	836
401	602
333	509
349	600
397	574
339	719
322	726
317	760
318	620
348	738
360	701
375	679
376	680
332	652
329	810
379	646
364	701
323	921
347	983
366	912
339	848
325	708
339	964
364	1069
357	907
370	701
345	889
324	871
360	856
325	909
345	894
306	874
384	942
387	816
385	922
331	995
347	1001
341	948
373	787
344	722
311	752
357	888
325	939
328	919
320	1013
318	898
331	948
356	842
430	830
381	693
323	754
360	869
358	753
319	941
346	965
346	1027
361	856
348	1033
342	1108
337	983
347	822
330	828
345	773
356	812
304	710
310	903
352	1110
334	1049
315	1030
344	962
353	897
339	946
393	1075
330	1028
314	1034
309	928
308	904
279	805
366	995
358	1136
315	918
341	875
339	1013
316	821
325	855
353	865
331	823
357	839
333	891
392	809
357	846
307	1131
307	943
315	1084
319	842
323	847
319	952
331	705
390	762
357	853
339	890
333	892
381	1011
360	900
328	798
324	818
286	1031
350	1002
398	805
407	902
355	808
345	775
358	760
298	798
310	899
370	904
342	1127
337	905
365	979
350	1059
325	1170
307	887
295	727
319	740
311	798
267	739
286	721
313	624
311	712
314	672
312	630
341	847
301	870
300	875
330	850
339	948
381	750
379	835
329	844
337	740
325	757
337	825
328	776
325	740
296	636
324	736
317	736
332	779
297	1048
350	871
308	708
341	724
352	874
347	1054
312	961
320	1126
321	980
358	1086
366	1220
294	918
324	1047
326	925
285	985
340	704
348	819
329	727
354	765
355	767
337	957
343	1002
314	985
367	983
347	854
374	879
363	990
358	879
375	703
369	823
355	746
364	920
336	861
343	811
371	669
382	728
375	798
341	804
365	982
371	1175
407	941
431	893
433	872
420	834
420	1174
403	1035
392	865
395	942
361	778
431	951
405	782
434	780
382	851
460	922
421	992
358	907
397	844
411	1005
408	915
446	886
385	901
353	969
416	917
386	911
377	682
405	821
353	982
328	1000
410	899
366	1052
383	990
331	965
356	999
349	825
353	890
333	744
359	806
353	776
309	836
356	821
372	877
333	884
332	880
319	635
358	622
333	598
335	707
357	552
333	615
340	650
345	586
348	600
319	686
395	737
346	720
358	863
336	733
345	907
364	870
336	663
307	754
392	739
337	835
330	738
379	731
381	828
357	858
339	648
309	616
356	606
364	683
366	700
310	694
300	850
313	845
305	795
288	610
297	704
324	557
317	662
323	595
341	650
361	804
298	669
326	875
397	1196
317	1033
338	1003
397	970
342	930
330	943
411	892
353	741
361	787
325	942
362	943
359	877
347	798
349	859
334	700
336	895
379	814
313	830
384	944
383	876
368	862
354	1016
317	916
343	841
290	720
314	781
337	898
340	937
351	786
394	759
403	854
355	849
345	1057
357	1051
301	994
330	912
319	889
316	906
322	859
284	819
321	1073
315	910
352	759
340	751
357	782
339	1045
355	1043
351	914
345	794
353	738
322	593
337	748
369	708
337	665
343	770
345	730
334	820
376	816
296	750
354	948
320	787
331	791
338	784
343	833
328	841
332	794
301	777
325	931
328	772
327	586
338	711
336	683
323	891
346	720
314	743
335	603
338	680
302	668
347	740
302	861
331	872
337	605
356	756
327	839
339	961
287	916
330	1111
311	908
376	1049
359	874
359	955
288	1039
335	1116
332	1233
334	1169
344	1025
347	839
314	777
325	904
327	841
297	707
329	922
343	898
335	947
352	969
386	931
341	787
379	971
388	799
348	749
336	714
365	712
397	901
324	973
361	953
359	915
351	976
378	976
409	1015
386	1002
315	1138
346	860
416	802
360	825
380	744
354	925
371	898
363	984
344	1110
376	920
338	793
373	780
356	746
388	977
350	949
370	1011
409	990
413	1038
381	877
399	1091
369	1065
362	1016
396	979
419	804
364	927
406	966
374	883
399	757
385	895
378	873
356	929
392	1010
393	915
356	770
351	661
345	783
382	867
410	899
370	838
370	945
375	840
383	858
376	799
416	684
399	746
451	868
449	999
467	754
433	707
412	826
420	892
420	797
433	682
412	667
487	800
429	825
431	729
388	686
466	730
435	948
411	970
459	907
440	764
449	884
459	931
457	767
451	700
412	807
408	840
463	898
455	781
415	819
493	789
463	733
470	631
483	595
499	765
444	1033
468	912
498	933
524	1056
525	1017
549	826
465	876
485	728
507	741
490	814
568	639
530	687
521	755
534	753
496	807
521	904
450	753
496	863
477	826
478	585
505	622
454	687
475	692
474	788
413	690
478	708
469	779
522	908
456	788
492	825
484	709
459	850
469	839
470	804
512	813
524	869
536	805
534	876
450	988
519	1065
487	1313
491	775
448	795
466	731
465	736
429	938
479	892
503	987
471	947
516	1028
527	864
500	805
531	1005
587	999
544	836
545	702
562	797
472	858
522	934
510	920
545	917
526	818
542	899
546	906
533	907
517	888
558	947
566	731
434	758
508	920
496	958
516	1154
564	1059
535	946
535	968
514	815
532	779
509	589
461	711
519	785
554	714
532	869
500	830
479	918
447	846
479	733
410	732
505	722
466	797
488	997
427	978
441	883
424	935
482	943
439	847
416	812
486	852
490	1028
459	938
407	785
438	736
416	960
392	963
437	806
380	822
344	926
375	1021
388	1032
389	939
358	1184
358	1021
350	1116
387	990
361	992
328	1029
350	873
323	877
336	939
324	893
369	871
362	786
396	799
405	664
375	833
382	714
350	774
325	925
317	990
321	695
348	886
370	821
355	753
337	763
366	748
344	926
353	867
380	990
408	983
413	838
379	778
387	938
376	941
313	1116
320	799
343	838
320	872
347	798
336	722
326	667
349	903
379	920
354	854
340	748
347	791
322	761
337	790
356	952
338	706
365	860
359	833
313	764
308	724
287	872
337	911
336	783
388	922
352	1010
397	1111
372	855
390	996
361	931
340	1037
326	922
356	945
379	1109
374	1098
415	880
442	802
374	923
389	827
407	840
370	986
352	951
394	973
364	852
368	901
333	834
358	836
358	828
354	955
374	932
365	893
334	755
320	770
354	1008
356	1008
429	894
455	929
460	1012
422	986
394	922
400	1106
387	908
403	1009
467	893
414	843
439	940
398	694
355	887
400	1053
375	970
339	1049
333	1149
378	878
410	981
387	1053
350	1028
346	899
374	780
334	904
326	1016
301	821
350	679
311	783
344	777
347	1013
348	886
389	950
389	1032
409	949
380	934
345	748
345	1111
368	1165
337	1253
337	1102
382	783
357	724
346	819
358	739
424	845
381	887
384	957
354	925
340	1112
377	1291
314	1233
382	1057
369	1062
326	995
310	1082
362	1042
337	750
317	925
320	899
337	901
331	1025
396	833
354	935
319	939
345	878
358	785
373	770
358	822
346	677
389	682
377	652
385	816
383	836
362	831
345	857
403	879
379	952
371	859
359	684
381	719
394	907
393	937
346	888
349	1066
359	981
385	992
397	867
421	847
386	972
408	927
380	1087
379	734
383	630
366	823
427	984
346	941
369	1047
376	1037
379	969
342	880
407	831
395	748
337	856
371	849
397	906
381	836
368	969
392	989
326	913
349	870
365	860
382	972
352	1150
395	848
367	765
403	749
410	986
372	909
438	870
390	982
323	1064
370	1019
411	998
431	967
385	968
435	1029
412	964
381	867
380	956
364	913
384	981
377	1174
351	827
389	921
394	888
364	917
367	903
431	965
387	880
386	828
386	790
384	851
374	931
364	715
429	799
391	793
337	815
392	805
351	836
399	842
350	894
355	858
327	901
321	1121
405	922
391	1067
367	912
417	952
389	790
392	975
433	856
391	838
418	906
456	920
397	853
393	846
450	866
403	844
375	864
406	761
416	863
403	763
409	872
377	836
405	996
449	945
467	984
438	994
444	889
451	1114
514	914
493	866
562	673
469	764
448	992
489	768
459	903
474	860
503	934
524	950
529	888
597	752
578	844
554	808
535	919
543	781
582	826
498	811
574	746
538	770
533	878
582	955
504	713
543	792
595	748
535	654
578	751
613	798
578	692
637	735
476	773
580	754
541	822
553	873
526	845
556	883
510	831
555	720
506	731
442	734
452	790
510	872
524	959
509	975
541	909
555	915
552	834
478	833
411	955
537	803
471	809
490	852
435	848
395	825
442	755
412	710
416	836
401	925
377	887
384	963
414	682
456	775
419	841
410	741
338	773
428	744
420	734
426	834
404	839
363	814
382	767
383	729
369	772
392	795
338	693
318	793
350	811
368	945
350	981
405	902
398	1059
339	861
335	772
382	643
365	675
349	716
375	870
329	747
353	912
313	883
392	817
336	802
317	947
343	909
326	874
350	852
324	1049
340	926
334	800
347	793
374	812
353	890
434	847
350	929
357	892
349	761
314	966
335	1034
354	910
304	845
322	904
359	988
343	931
318	979
322	932
300	781
339	765
283	873
312	882
362	945
298	855
358	890
294	995
271	830
305	890
316	858
320	917
380	847
393	865
359	778
334	784
364	783
386	977
358	883
335	867
336	835
317	913
304	957
329	946
368	842
341	999
330	823
345	757
343	830
329	882
359	1040
342	889
420	1013
331	894
331	864
399	941
354	925
351	816
287	821
361	735
353	773
329	700
348	794
319	856
321	886
375	933
329	781
324	977
376	1038
388	1021
360	941
356	846
352	829
327	826
385	844
316	1003
391	1116
306	1180
343	1047
354	996
345	946
326	959
358	964
398	958
357	986
305	862
362	891
367	1145
381	962
344	735
332	776
330	905
323	839
350	901
324	745
368	887
361	839
322	648
371	790
422	861
342	822
342	885
350	771
342	1019
353	972
379	903
361	800
384	791
374	789
330	573
287	709
328	986
331	790
392	917
380	1101
368	857
355	888
347	779
327	803
307	932
365	850
347	821
352	915
313	874
385	935
346	783
313	757
393	804
392	945
372	1029
350	847
349	908
342	799
313	725
333	773
339	695
332	726
314	895
304	727
332	720
287	877
289	956
341	877
352	796
408	833
403	866
375	1119
338	938
340	861
380	739
354	968
320	924
332	902
320	929
366	927
358	1024
331	950
357	963
347	845
331	840
303	843
363	1129
314	1196
388	1055
364	970
318	796
311	784
337	790
357	1025
335	859
342	1017
327	988
365	883
401	797
373	990
319	982
323	1050
365	1185
342	974
333	796
361	757
353	650
353	864
367	753
344	762
351	825
351	837
347	843
380	841
335	921
311	828
349	840
321	974
333	1104
347	808
365	787
315	721
309	823
309	1003
365	990
334	781
365	906
323	1004
371	1208
421	1113
368	992
343	987
338	877
353	949
327	1023
330	1062
397	1099
374	869
363	659
377	647
365	774
365	983
374	952
356	858
357	873
373	911
395	1074
371	1019
411	1067
360	1010
340	970
345	976
348	820
411	946
364	1059
372	943
357	928
366	838
361	1045
353	806
355	778
369	929
375	908
377	963
420	975
361	1020
350	912
336	906
364	875
335	952
325	1044
319	883
417	981
404	819
320	631
384	959
334	782
362	840
392	715
337	797
398	772
403	722
427	770
423	600
435	603
383	744
432	682
408	672
436	653
426	918
445	977
463	700
452	979
458	1034
490	870
596	814
563	805
601	974
660	1004
678	1013
676	1152
703	987
684	945
639	842
564	972
613	961
516	976
487	1029
512	1012
497	961
482	904
441	895
537	732
503	734
477	753
563	778
533	851
588	890
519	835
594	958
554	1009
570	843
541	976
503	921
527	935
537	923
578	1140
567	1107
465	956
531	950
519	1223
535	1012
591	1088
562	1138
665	941
624	777
616	835
594	833
563	926
573	893
555	1038
537	812
523	981
447	1056
463	1112
491	1006
439	914
455	918
503	857
427	867
538	1040
527	897
496	799
579	897
552	818
522	829
565	711
529	826
509	745
480	811
509	835
474	1025
428	1077
450	889
427	687
437	840
387	876
422	691
409	715
418	711
407	696
385	675
330	699
375	935
329	882
380	877
353	870
341	800
338	732
329	728
347	710
351	769
337	745
330	920
341	898
355	875
339	746
307	707
317	704
345	890
312	920
391	913
369	832
356	756
358	930
403	953
353	883
351	830
344	935
307	950
363	971
338	790
378	665
334	726
316	773
374	697
350	647
378	919
343	835
381	900
355	958
376	926
332	883
359	710
386	798
402	864
376	879
315	874
355	844
322	932
360	1030
346	1046
424	1121
391	1121
353	1289
380	1239
349	1042
374	1120
358	909
339	895
368	901
379	838
345	837
410	811
392	954
398	1122
377	1100
427	1003
405	850
408	708
406	878
436	836
397	789
335	812
320	759
344	769
321	818
334	954
380	1112
376	853
387	832
392	995
350	1054
343	791
362	996
411	949
370	945
358	934
383	1074
377	1140
411	1084
410	874
387	996
367	859
409	850
408	981
438	974
461	744
478	811
532	755
546	689
490	772
550	788
641	760
670	834
644	770
629	787
614	686
562	712
454	628
454	795
440	914
379	825
333	929
294	890
323	858
354	833
405	786
340	893
365	1127
365	1222
372	1323
354	1265
361	892
399	960
319	1230
386	967
369	832
414	1034
360	1166
419	899
390	950
379	1045
343	844
365	830
349	888
333	1046
343	1009
340	752
307	719
313	997
328	1013
377	807
333	1070
339	950
328	1070
339	1008
342	972
353	876
378	918
324	1012
360	872
344	876
282	911
306	831
324	913
328	1057
337	901
331	842
304	780
315	744
326	650
320	737
327	774
367	747
334	953
322	916
360	861
364	885
368	876
314	887
335	752
349	785
325	830
372	795
339	822
376	705
332	889
330	687
297	809
334	983
307	1237
342	1141
367	1109
334	795
347	728
298	766
366	964
341	954
308	909
341	1032
340	1043
298	908
377	990
327	1006
327	867
318	1088
339	1098
304	886
336	1021
305	993
341	931
344	1018
303	781
345	867
336	942
288	831
363	845
343	979
308	802
330	814
355	974
344	904
298	934
378	831
341	881
327	1005
311	935
353	849
375	687
338	868
348	905
331	952
369	794
340	974
313	967
329	930
318	897
334	791
354	857
350	736
348	686
337	712
316	769
329	859
375	738
305	893
313	1013
303	893
307	1036
326	1054
344	1027
344	984
328	957
350	856
324	794
352	970
332	758
353	742
340	852
393	837
333	828
334	1025
321	848
339	880
405	822
355	886
368	1038
314	1035
363	1021
401	1026
361	1129
335	1107
378	1126
375	1127
330	906
349	850
380	915
358	896
332	777
308	748
337	918
356	900
397	1108
389	852
330	840
326	923
362	990
370	1186
415	1161
404	1067
393	1019
371	886
332	811
269	860
312	825
280	850
292	925
289	767
261	709
262	779
298	699
355	787
348	753
366	789
329	828
318	746
322	902
349	1093
313	1057
354	712
341	878
371	917
354	954
308	1002
316	901
308	1158
358	1249
358	1118
353	1016
328	982
365	1118
313	1007
322	1238
317	1043
350	986
366	944
369	770
356	775
324	774
334	748
319	1113
341	906
322	743
341	814
309	732
334	701
310	784
363	713
326	640
329	634
322	678
352	697
319	612
351	727
352	614
338	575
321	744
332	764
358	994
359	1001
360	911
350	956
321	922
305	875
345	675
370	673
395	766
375	786
367	774
346	720
314	862
366	868
331	945
356	789
382	750
338	1062
318	1027
339	1114
300	861
341	791
343	863
347	794
346	632
338	594
382	729
374	812
366	894
392	924
365	962
362	889
356	727
361	666
394	924
461	945
435	855
367	805
372	752
359	713
346	711
364	781
337	922
396	779
373	924
338	1009
354	905
324	693
346	651
362	696
402	847
384	957
355	736
395	903
382	881
386	779
413	849
363	1081
411	949
408	921
390	1010
439	1077
392	999
428	894
462	711
467	835
501	999
542	905
568	1153
631	787
624	854
633	786
620	866
790	751
894	768
824	735
906	821
933	753
1122	784
1112	831
965	856
955	682
927	796
884	792
1097	796
1114	747
1271	754
1091	843
1340	800
1518	926
1644	897
1536	832
1557	844
1465	817
1637	933
1614	1006
1723	970
2016	982
2227	994
2314	1019
2359	962
2317	1101
2298	1019
2251	1093
2116	1049
2009	1010
2116	1003
2376	1075
2318	1201
2090	1028
1851	1118
1671	1294
1655	1132
1612	1104
1388	1035
1175	821
1017	984
1227	961
1143	993
975	880
869	848
820	937
855	919
873	834
731	759
751	810
736	817
729	750
662	545
652	661
676	721
685	716
626	741
669	724
649	763
569	736
572	879
574	887
528	877
586	992
578	859
540	843
614	1052
563	996
592	757
603	767
513	1009
546	994
525	899
534	953
513	862
489	851
467	791
473	789
455	708
400	799
496	682
416	734
432	708
410	647
402	705
380	675
367	654
408	718
429	560
389	678
390	739
344	727
354	820
407	908
369	971
340	724
352	735
377	866
313	941
351	898
355	795
326	857
307	804
362	721
324	778
356	857
346	846
347	904
347	1058
388	1011
321	846
366	762
351	847
381	871
369	934
364	808
325	909
321	822
312	1045
312	982
345	956
362	841
360	797
336	1024
300	1008
351	1055
312	1037
348	895
315	926
395	1018
357	893
346	1060
355	798
346	878
374	878
363	856
353	1003
347	1101
329	955
353	1032
361	996
386	1151
330	1096
361	975
401	938
374	1021
334	992
332	843
394	786
411	686
302	640
324	767
305	876
309	788
360	929
359	871
333	977
349	1063
318	1080
299	871
322	787
314	900
319	897
330	921
297	788
289	710
299	689
402	708
353	760
318	898
388	863
333	945
317	955
312	1124
380	1039
351	898
364	919
339	833
352	949
342	819
308	787
363	817
389	843
343	978
348	843
357	796
351	976
344	844
377	892
403	835
406	881
393	766
376	772
310	792
387	958
384	1072
339	986
339	917
321	909
363	865
349	992
375	980
353	1030
353	1114
329	803
329	773
330	921
376	745
339	743
395	891
354	873
364	848
295	833
341	861
350	705
385	860
360	880
366	810
381	760
338	771
326	865
348	916
336	806
343	748
357	746
372	568
345	681
361	721
335	742
338	624
352	634
348	735
322	813
302	898
397	825
348	839
361	874
366	871
335	874
316	936
354	763
352	796
338	851
338	935
331	823
366	785
398	685
348	918
368	1115
349	1043
367	745
348	716
316	766
319	861
283	806
329	755
311	808
310	876
261	788
308	887
288	833
325	786
356	682
368	958
399	801
412	737
462	687
362	696
370	785
321	936
365	810
407	819
372	964
342	887
334	878
388	910
351	842
323	900
423	915
375	815
362	864
306	751
320	709
387	808
345	707
386	885
353	939
363	699
380	780
413	723
372	740
386	719
376	1041
330	1140
322	1123
373	1017
355	854
326	1019
332	1090
333	901
320	767
325	800
354	994
331	1031
332	1046
368	979
407	967
382	1094
382	933
289	824
315	732
291	856
338	833
339	859
369	897
391	925
369	856
373	860
344	934
385	849
398	945
374	873
404	675
398	610
391	705
382	789
364	649
351	849
328	848
300	824
396	779
330	856
339	772
305	862
319	980
313	961
331	871
322	766
367	749
353	750
348	887
340	855
289	1022
354	1025
383	1163
354	1138
357	1014
330	819
356	958
373	1057
348	919
396	1026
389	948
367	857
394	982
348	812
366	761
343	1122
385	1003
370	1001
372	910
358	833
331	873
379	868
417	1073
483	1067
435	958
434	1047
440	751
407	714
425	934
390	881
360	958
394	1133
378	1126
352	1158
367	897
372	960
389	1175
419	1161
420	1147
387	1324
353	1015
341	891
316	909
320	955
378	996
371	986
323	1012
360	998
358	869
318	995
339	1034
382	1108
417	1072
377	983
339	970
348	1021
365	1050
357	1031
352	1071
413	1075
351	1053
358	1101
359	1155
344	904
326	904
367	861
374	954
381	1227
392	1165
430	1250
403	1330
419	966
414	858
476	836
508	891
471	968
485	938
572	1005
631	979
604	1048
665	1083
639	930
668	1068
707	1301
724	949
661	1004
671	1357
698	1029
680	920
677	916
577	1066
686	1109
714	1073
700	1063
671	918
746	989
648	895
664	736
657	744
605	911
604	927
605	856
601	824
565	881
552	853
559	809
557	1018
534	958
575	986
515	1096
495	905
465	932
520	964
463	859
456	816
448	835
426	769
421	820
448	825
393	921
400	780
421	934
488	954
424	950
395	938
393	874
371	836
363	954
396	958
407	825
367	984
328	1084
381	911
365	883
391	766
376	785
378	786
367	868
390	946
413	857
379	897
389	884
383	838
338	801
343	842
348	997
361	861
392	939
342	829
399	849
359	809
372	761
398	892
342	697
329	741
345	868
356	889
392	930
411	898
398	905
374	844
343	971
429	863
324	899
352	858
340	1057
349	1131
364	937
359	763
341	882
367	863
388	862
390	952
383	1118
356	1005
356	823
348	974
367	877
367	754
361	770
356	738
376	819
335	893
382	1015
407	825
368	869
406	990
391	989
376	785
401	833
417	941
340	895
416	915
374	971
377	831
390	765
407	866
349	939
372	1021
344	1000
397	916
403	834
425	827
381	795
326	789
349	828
368	1024
389	876
378	897
351	1007
333	950
387	809
357	1012
365	1066
376	1053
369	932
366	883
342	779
371	906
404	963
381	959
400	933
403	765
484	956
396	949
400	1192
390	1104
382	1019
386	940
369	942
332	905
377	1004
352	735
318	1050
375	1042
366	834
412	872
371	1054
345	854
348	830
387	805
396	673
386	900
383	981
377	875
367	759
383	812
371	747
390	662
358	765
362	927
372	789
360	713
361	896
408	918
351	845
361	930
386	796
365	734
392	793
377	652
330	623
317	623
389	612
354	506
320	707
326	709
313	809
316	839
332	880
348	972
357	887
403	985
394	931
390	825
383	738
328	853
377	945
381	959
355	791
366	593
349	744
345	770
350	754
360	715
357	789
359	871
377	976
378	1008
353	752
345	748
379	900
348	965
372	959
363	1350
375	928
339	956
378	1006
351	842
367	1055
342	968
372	927
331	901
381	895
387	799
413	846
350	931
368	803
378	880
368	980
332	791
346	722
339	885
349	742
320	772
315	874
291	826
344	926
348	944
391	959
394	852
400	796
378	916
440	1037
401	1014
407	1022
354	831
335	993
362	981
373	1024
377	896
348	950
332	888
383	877
339	899
342	762
358	753
342	762
340	754
411	892
380	766
350	861
342	908
396	973
381	979
403	987
362	1035
361	1117
372	1158
407	1092
311	903
380	804
376	833
374	819
386	879
446	1009
338	982
383	1095
455	931
387	965
392	1093
333	969
365	952
373	850
356	792
395	832
387	1008
380	981
409	1132
376	958
381	723
387	961
409	967
383	951
354	936
366	860
394	983
319	1003
299	1018
335	827
330	1042
390	1166
396	1073
316	1111
300	964
279	946
360	1015
356	1104
344	879
362	964
320	839
351	985
373	1130
372	1127
375	1143
377	984
392	939
367	896
432	999
380	910
430	1033
357	965
346	900
371	786
363	771
333	839
364	869
405	677
381	706
337	879
387	842
337	902
376	932
371	872
410	1018
373	1025
346	922
385	933
462	811
354	864
373	850
377	978
358	928
359	839
364	884
368	924
348	812
353	875
383	909
359	771
370	867
405	826
369	909
351	1017
350	970
379	1030
316	1093
350	970
362	1095
371	1004
387	1031
416	899
396	897
358	1090
425	1007
426	923
452	999
403	932
395	950
409	997
455	889
406	740
413	854
371	949
376	897
374	858
374	957
353	1000
348	839
375	958
362	995
314	898
331	940
329	936
349	859
337	893
371	909
320	766
330	887
345	911
291	988
295	734
311	776
345	1033
375	891
320	1160
355	944
307	794
371	697
313	768
343	798
319	835
381	912
410	975
324	807
353	807
364	937
350	987
366	854
260	833
316	890
362	861
327	922
364	930
350	990
332	986
327	954
331	861
315	909
361	1158
325	1240
313	1127
299	1211
290	1027
296	800
264	914
338	1013
321	776
330	860
304	1042
357	1104
360	983
380	817
368	819
372	1028
357	980
397	977
338	943
333	1009
319	961
323	874
336	1114
333	1118
299	1124
299	1017
346	947
358	1097
331	1114
363	1155
340	1072
371	1209
346	1023
334	886
323	916
316	841
332	872
348	958
365	1124
337	1017
387	826
362	866
379	902
362	843
337	781
344	988
371	952
349	930
366	991
336	875
380	1041
365	979
352	961
349	1018
361	820
402	826
387	833
406	781
368	903
368	826
361	779
345	877
385	787
372	769
350	869
306	845
290	758
363	921
327	999
349	1003
358	1078
381	964
371	1028
314	1172
364	1045
349	938
361	879
349	858
344	1074
376	918
405	898
357	858
389	792
378	926
408	916
336	808
363	938
352	1008
411	828
442	693
332	807
360	799
391	977
388	1063
379	803
349	818
356	928
294	855
371	1069
336	1058
354	990
393	931
400	868
372	872
413	777
378	995
418	790
447	787
384	934
386	1000
379	868
375	787
381	790
364	859
354	791
379	761
374	818
402	628
408	656
422	754
394	686
316	889
406	921
354	745
397	842
355	1093
376	1176
362	824
371	805
387	852
385	946
359	871
409	910
406	832
377	824
443	1118
390	1220
384	1303
391	1428
390	1081
394	1168
406	808
397	708
389	662
409	743
405	950
448	820
439	681
464	689
449	848
433	708
423	796
416	842
428	896
455	909
424	801
439	584
470	586
431	777
412	878
447	900
465	1017
465	638
486	868
431	950
428	952
472	871
459	1011
434	874
451	958
449	1018
416	994
406	1126
428	1132
419	1183
460	1257
430	789
443	807
460	794
420	736
425	734
409	855
434	790
426	717
395	884
440	898
454	881
430	961
391	887
417	1067
421	1269
435	1032
434	913
415	888
433	999
469	1016
473	951
467	877
454	1093
406	1078
364	858
403	810
442	862
412	846
402	974
417	860
403	935
422	812
383	848
401	870
394	947
371	842
398	838
377	930
414	991
429	862
394	801
399	936
391	853
392	878
401	812
390	750
468	798
419	978
388	996
408	772
413	744
474	732
404	746
406	682
458	854
398	739
408	773
444	917
468	1024
418	887
440	1054
481	939
428	754
373	761
413	841
431	831
407	928
471	872
481	702
449	672
437	734
405	911
508	879
473	1064
494	982
410	795
467	765
500	753
500	868
543	876
494	915
568	941
549	842
657	954
621	997
571	871
586	880
509	1016
566	950
575	979
581	981
638	760
571	933
562	917
595	766
629	859
641	826
594	926
609	664
642	771
608	820
641	850
611	903
529	851
541	773
546	896
567	856
484	834
499	1053
504	987
477	979
493	958
553	835
512	860
572	956
512	918
588	730
529	903
527	934
527	853
490	882
424	854
457	788
421	859
420	1028
436	876
457	904
434	870
438	848
408	822
494	800
510	935
439	836
523	901
451	711
448	758
518	813
529	822
553	796
532	703
508	701
523	812
539	797
497	848
507	684
629	730
637	883
708	812
634	888
616	968
664	1010
791	1052
727	1200
716	855
764	969
770	959
758	1087
725	1166
776	1121
757	1101
661	944
610	990
598	1061
507	1105
543	935
549	1048
510	850
484	896
508	972
535	1019
450	947
440	983
474	994
450	1112
468	800
463	930
477	696
522	707
521	771
496	760
519	817
483	806
480	842
442	827
431	885
447	817
470	962
458	829
450	1023
452	900
432	892
449	887
467	850
484	764
428	917
437	953
440	775
405	817
372	861
364	899
355	824
403	882
402	953
356	1105
380	1021
407	945
426	1178
401	964
420	819
366	786
355	719
400	804
357	663
337	833
379	843
397	767
332	697
347	937
351	892
397	884
421	855
370	1004
382	944
366	877
400	814
412	828
364	868
340	909
390	1085
344	1128
403	1115
376	950
413	992
330	860
419	834
364	839
357	867
410	843
395	873
435	941
424	1100
451	1149
411	938
414	1099
411	999
432	889
416	908
413	988
431	996
401	873
392	992
416	1033
476	884
417	980
339	1043
403	863
419	954
417	986
447	901
408	929
427	971
410	870
385	847
419	832
348	895
367	905
352	955
339	801
348	873
383	785
395	910
348	976
331	1198
333	937
356	977
381	926
362	1054
379	1019
417	968
422	1009
402	1008
380	1136
414	1204
417	1183
408	1000
385	1126
395	993
413	969
428	947
428	1044
415	1029
439	932
352	1216
399	1139
369	1096
354	850
358	755
358	890
355	852
351	987
324	939
309	1016
365	992
384	1001
331	911
347	926
347	857
343	931
362	857
357	944
346	1102
437	787
323	937
355	911
363	1053
398	1050
395	1050
343	894
318	917
332	942
340	874
318	978
327	1095
297	1029
372	1056
344	1017
350	940
326	1127
396	975
419	980
397	1112
381	1074
352	1091
323	1140
351	1032
377	992
357	1027
433	1098
369	1038
421	1061
386	1003
397	949
366	998
388	962
392	937
372	1001
321	897
313	1017
329	850
320	931
385	957
361	959
407	1019
380	829
368	923
382	736
352	975
387	1007
336	968
380	842
395	758
412	827
407	879
370	923
396	986
384	1268
362	1096
344	968
421	878
476	1006
390	1131
387	881
392	832
456	1071
413	1027
397	1055
417	1075
409	864
427	934
417	921
394	1080
391	929
505	1002
452	974
383	924
394	800
445	783
552	799
460	894
510	1040
515	1079
501	970
544	1086
540	1008
601	1139
605	1002
696	1057
685	916
614	890
595	866
623	766
569	756
632	923
611	800
659	793
635	1041
601	856
563	971
578	1107
541	852
581	870
544	930
660	844
584	807
695	791
718	686
699	939
776	794
815	949
844	940
829	748
840	915
848	1024
762	1196
735	1251
646	1036
612	1007
540	1070
555	1129
488	914
502	1084
442	1035
505	925
497	738
575	877
596	836
600	1004
629	828
650	866
675	817
734	990
730	1116
703	1090
713	1114
619	1020
594	1030
577	1026
566	1002
528	891
561	778
737	851
675	756
557	821
687	779
791	814
751	660
765	778
743	807
782	1025
804	751
803	857
733	658
737	731
732	755
694	860
653	747
644	760
608	884
596	855
543	1001
531	1136
558	895
582	1100
550	1062
490	812
500	851
491	824
542	948
561	923
528	972
532	955
587	969
597	925
546	848
527	730
526	759
547	760
482	919
515	981
474	759
499	736
528	756
491	960
548	1015
503	1005
518	983
507	841
465	984
455	806
477	921
514	1124
488	1010
476	897
551	1058
462	1000
443	895
443	959
438	861
457	974
443	944
452	1117
423	1025
413	1084
476	1178
500	1284
407	1205
429	1094
414	899
365	911
369	1068
400	1160
346	883
393	817
393	868
416	940
386	922
363	746
367	961
374	1003
375	829
399	905
426	754
356	865
391	1158
422	1260
422	925
383	867
392	912
455	939
392	842
408	770
397	863
367	850
359	689
404	786
406	789
355	846
429	749
422	853
394	799
410	926
385	899
432	1131
407	1104
416	1190
416	1204
427	1098
415	1151
436	1106
354	1040
420	774
385	835
460	791
376	754
430	829
401	776
381	857
425	861
432	1001
408	760
427	817
417	880
428	814
487	754
440	963
470	946
453	966
478	797
466	798
487	856
471	786
456	685
453	785
464	850
454	910
469	1020
459	803
517	1148
479	922
453	851
513	871
497	898
520	890
492	817
539	864
501	830
504	745
517	679
499	701
468	742
507	796
501	912
487	870
449	894
526	839
507	1018
584	1001
579	961
548	887
534	1236
525	1160
574	1163
637	954
577	958
585	943
513	819
552	1104
529	956
566	1030
518	790
549	732
523	899
539	954
527	891
586	1090
515	1090
561	909
538	1292
559	1005
589	848
553	808
569	1016
528	946
538	1005
545	991
540	877
606	877
560	891
578	907
613	803
633	779
538	920
575	961
571	1074
564	1043
544	815
560	993
609	1059
543	955
506	968
514	976
509	1039
458	776
498	979
485	931
484	1000
542	928
503	967
515	850
530	923
462	898
529	876
465	830
484	797
492	749
445	750
506	745
562	736
492	769
451	742
476	657
448	805
437	889
444	772
451	731
437	823
395	771
423	796
422	773
438	751
441	790
490	840
488	918
461	1029
480	793
452	719
477	873
459	989
478	1021
455	1024
444	944
434	876
421	851
507	1036
437	895
456	821
455	741
432	636
417	782
453	905
459	1103
495	864
492	868
455	913
477	1119
375	1149
462	1060
438	982
456	1148
499	965
415	977
395	1034
407	987
418	1133
455	1012
463	808
438	980
431	797
372	904
395	1091
425	1011
403	954
390	1062
366	1041
385	970
385	912
383	972
387	890
370	928
358	993
406	1097
372	881
333	1079
408	1172
398	1289
409	1227
443	1000
438	952
395	1117
374	992
379	986
394	953
365	991
363	1105
424	1141
357	1064
360	1131
427	944
382	915
355	918
321	943
421	879
370	980
327	984
367	991
361	932
375	1132
346	932
350	920
381	975
427	868
387	1063
348	1035
388	912
414	958
369	1090
418	1054
365	984
330	982
379	1064
384	1022
377	1080
419	960
364	1026
291	983
362	915
352	1092
358	915
423	868
353	776
382	730
337	828
351	1041
356	934
374	960
407	941
362	966
335	872
351	924
392	960
391	1000
350	807
370	909
394	980
396	1059
373	1036
345	1022
414	1060
362	1074
449	909
387	897
339	1142
386	921
335	888
389	903
361	1013
441	967
374	803
407	860
399	1048
449	836
436	985
407	820
487	756
430	881
449	868
455	881
509	890
487	882
490	883
447	1045
421	949
442	868
459	916
435	1042
405	883
477	826
442	901
436	718
464	803
468	780
436	839
461	873
418	825
386	904
488	915
460	818
507	836
420	887
438	780
407	869
405	895
417	966
456	985
431	1081
488	973
367	999
377	883
392	767
419	789
447	846
454	938
400	896
411	1041
377	903
463	736
409	963
399	1139
458	1134
512	1157
491	1216
448	1232
442	986
479	1034
456	860
464	993
429	1023
420	847
465	779
418	799
462	801
459	1155
493	1031
465	915
482	839
469	1009
463	1051
482	1077
438	1064
503	882
488	931
515	837
459	1025
432	988
451	988
502	1003
398	1125
446	899
495	811
424	955
468	799
463	792
434	892
474	942
484	1045
509	1069
493	999
469	948
451	1021
478	922
505	956
507	837
453	797
520	976
488	817
475	851
489	956
501	1068
485	976
550	826
517	681
523	793
521	813
495	878
518	745
560	887
450	857
519	963
464	882
502	982
494	1234
444	1145
519	1047
505	1038
476	1039
498	912
517	973
511	933
523	994
490	758
485	948
503	953
464	919
481	805
410	806
449	924
458	898
438	887
472	1200
441	1064
470	953
481	842
509	772
453	824
462	867
479	1185
480	1231
465	1054
468	1036
561	979
544	971
488	907
484	805
464	833
451	902
409	727
459	894
462	1055
465	1003
452	1020
445	1047
464	1170
569	1136
459	1185
530	981
579	1015
596	972
600	877
590	919
458	805
582	946
550	1074
550	866
522	932
527	987
566	832
503	883
542	972
512	997
561	890
522	929
609	972
531	969
519	1057
540	893
518	825
553	872
593	902
548	815
607	827
526	950
547	1181
499	1050
535	1088
527	914
527	976
506	944
547	931
495	765
512	807
537	904
525	882
502	811
501	773
476	768
516	790
559	845
534	860
536	960
532	863
508	957
534	1107
576	867
604	879
527	828
524	769
539	777
496	747
568	961
544	932
500	739
524	726
528	702
569	867
523	921
565	890
547	905
507	886
539	1029
501	1023
514	1277
558	1187
491	1156
471	940
533	934
550	947
550	1146
498	1036
502	768
506	929
555	872
559	806
559	784
570	1062
531	982
550	955
518	840
564	945
558	964
568	1010
560	912
559	977
536	907
554	951
536	1280
585	970
570	1023
572	955
564	987
549	986
544	832
568	935
539	792
528	909
574	788
625	903
604	866
613	945
576	1154
520	1010
542	774
607	826
554	878
599	945
624	1053
583	1146
551	905
592	1079
528	1272
519	1084
566	1378
605	1075
591	1166
553	961
590	944
615	1120
601	1077
618	1137
606	1027
598	909
547	987
613	945
564	790
571	866
574	813
536	808
582	908
622	973
579	937
561	1018
594	1002
575	961
572	1158
626	1039
629	828
673	725
642	925
663	955
588	976
669	851
655	1190
606	936
657	1066
715	1046
678	834
645	1126
645	1084
689	1069
682	984
694	1244
724	1395
696	1183
721	1014
730	1129
775	913
767	1090
723	977
797	1200
817	1017
837	1031
866	1037
837	1052
859	891
905	986
895	993
841	1031
792	814
869	863
831	896
898	946
882	816
896	874
836	845
956	826
922	761
924	821
925	881
998	846
972	964
1059	892
1119	952
1107	972
1159	1017
1123	885
1250	864
1134	1027
1087	1104
1047	918
980	848
1041	816
982	815
1021	815
956	777
1003	864
977	901
1034	951
929	1064
940	837
992	797
997	927
926	937
910	799
968	860
919	793
867	1128
877	1152
796	955
801	976
817	926
831	663
750	763
699	805
782	858
777	770
782	807
787	845
768	822
735	796
758	761
721	783
685	878
631	944
624	967
644	786
646	750
667	835
707	883
606	877
582	1088
580	876
626	772
614	693
583	876
568	921
590	856
648	836
558	995
620	751
606	770
581	939
576	1022
631	1101
574	1062
605	962
546	1060
549	1075
526	954
525	954
560	861
558	827
531	933
472	887
502	899
538	1034
518	1032
490	1063
528	1140
559	950
538	929
500	991
538	942
565	1191
509	864
542	938
493	872
539	858
566	1000
557	1063
571	986
630	959
614	846
660	834
660	753
645	789
652	768
703	828
642	785
626	857
658	876
656	718
574	785
641	935
593	892
499	918
540	965
468	922
455	804
459	767
454	892
415	1086
412	974
414	1148
455	1066
478	935
478	880
407	950
473	940
417	846
436	880
410	952
453	941
442	930
456	984
448	878
446	936
447	918
419	932
431	953
466	854
427	929
435	908
440	1006
412	955
401	880
415	828
416	868
441	688
433	853
380	953
395	892
461	1008
494	931
486	710
422	769
474	759
471	870
486	975
496	1114
497	985
490	1000
534	1011
517	1024
585	896
540	1079
611	984
655	838
671	792
647	850
645	912
686	1022
728	1022
822	1159
863	813
828	1153
819	1125
914	962
924	1176
1028	1000
1024	986
982	1198
974	1080
891	944
869	1027
862	991
859	933
816	914
716	1025
661	1085
636	1088
668	966
629	867
648	781
632	942
587	904
597	815
612	835
546	995
571	714
575	785
630	886
568	851
550	983
597	1039
566	956
610	930
575	1010
608	1104
628	1119
619	1000
582	1062
587	933
599	916
568	798
486	851
475	954
539	981
515	1034
469	967
460	882
473	884
469	922
456	896
562	798
547	843
552	948
581	861
554	967
571	901
571	967
531	980
557	858
514	948
520	1017
558	1034
563	1010
552	897
598	979
568	855
538	1094
597	934
641	885
618	982
703	1014
689	829
687	746
657	877
650	863
689	834
669	856
644	866
549	927
482	1002
514	922
500	913
436	777
433	795
542	801
567	829
476	807
512	905
472	781
461	932
516	972
491	1176
412	933
505	903
441	860
475	965
487	1059
450	1045
430	956
448	946
415	1071
484	995
430	1125
426	854
458	940
433	898
384	1034
392	885
443	1015
492	969
429	821
413	783
404	762
434	870
427	811
426	856
423	884
468	878
390	1009
441	850
423	834
447	805
469	898
522	962
508	933
441	868
440	798
472	843
464	772
471	749
453	826
469	1110
428	1042
412	969
436	1068
447	1116
403	1071
456	941
420	917
425	891
444	927
401	804
428	669
460	775
498	885
485	866
464	899
480	906
413	737
413	890
442	1138
501	1095
457	1042
404	1093
460	799
384	803
407	925
423	849
439	869
395	971
373	987
408	832
405	786
457	823
415	854
422	993
376	781
407	723
409	772
462	833
458	819
467	895
401	975
404	1058
460	1094
418	1028
436	1190
425	866
389	1005
464	1098
438	1155
407	912
472	1076
434	979
446	968
435	829
441	1087
453	931
431	935
449	772
445	979
446	1048
451	935
489	899
462	894
465	1033
447	1081
483	985
505	979
435	939
437	987
428	984
446	939
494	1064
438	806
457	1104
459	863
426	733
492	945
470	940
445	1006
393	984
371	787
420	803
376	936
452	961
425	844
402	901
392	825
405	811
434	1136
414	1045
434	772
389	915
461	816
414	822
424	793
386	787
393	866
511	862
400	772
407	926
447	834
418	942
437	826
444	973
475	1037
460	1073
434	1210
444	1049
498	969
468	817
489	1047
545	936
536	868
553	1047
526	1138
505	929
510	843
500	885
527	1041
534	1097
515	1029
542	1040
537	957
590	922
605	1023
548	1073
548	895
544	938
485	866
551	766
579	770
613	844
520	886
495	885
475	950
467	913
506	920
540	897
475	1118
446	1193
465	1122
415	1103
366	1022
395	887
373	896
418	810
440	894
409	852
459	942
387	839
354	1011
436	1043
433	1069
416	964
457	1013
383	1021
443	962
407	860
368	888
363	1167
398	1037
341	1211
378	1118
345	998
381	789
365	904
391	1155
365	1094
399	1164
389	1035
362	1173
379	944
405	1116
402	980
339	1222
330	1114
342	1242
317	1100
369	998
384	1059
378	906
367	929
326	939
386	1012
385	1166
424	1026
361	925
351	1090
371	912
368	915
400	970
354	1045
364	1022
378	849
339	870
363	1029
361	891
363	737
383	792
364	975
320	861
360	935
343	847
332	793
340	844
382	829
375	860
413	889
402	860
354	1072
375	1076
401	915
424	858
393	871
404	981
388	910
351	825
420	828
375	757
378	740
359	810
347	753
397	819
386	917
346	1034
411	853
396	964
348	830
418	734
418	731
372	846
370	881
384	905
368	959
367	899
401	1069
349	839
397	871
402	876
400	808
422	982
400	1038
409	982
388	1145
381	1092
375	1002
369	1097
415	919
427	884
413	984
400	829
358	947
433	960
383	1045
426	1229
443	1108
366	886
376	861
365	1015
350	924
366	1009
395	982
350	1115
311	952
334	1039
325	860
394	941
376	846
430	884
398	933
344	742
394	818
356	809
388	896
407	864
353	799
408	855
374	972
362	907
333	857
331	875
336	919
421	843
381	859
399	878
355	787
387	850
430	909
347	1013
428	1035
372	1007
382	891
350	1073
350	1075
386	1165
342	1052
357	1017
342	1013
361	1031
356	1204
339	1071
340	1015
379	959
365	992
328	1013
327	905
358	988
412	971
362	820
350	859
383	1198
325	1219
339	1018
384	833
414	918
391	1015
347	1102
372	1044
379	962
392	1168
370	1067
384	903
359	1080
437	1030
353	1033
335	941
314	976
351	1039
352	915
387	1020
353	1036
393	924
397	955
408	886
368	1132
365	962
370	876
395	705
348	835
350	851
332	738
361	815
343	1016
303	874
350	849
323	864
347	971
428	1023
406	953
396	977
379	836
432	920
385	924
419	1097
436	1058
453	963
397	1015
394	1193
358	968
428	844
364	970
370	759
375	810
388	1048
357	946
339	875
352	850
348	881
351	753
369	861
415	873
393	953
384	786
409	920
406	1095
360	1034
420	899
405	821
375	927
395	1117
359	1078
338	1193
366	1142
335	1224
410	955
347	913
438	886
437	989
323	1085
374	917
346	1083
347	1067
413	1124
385	1121
409	1192
370	1018
384	1060
318	876
305	823
383	900
345	969
393	1027
334	1016
313	1214
345	933
339	922
382	861
372	857
338	876
365	946
362	1018
407	1195
395	976
402	995
365	875
375	926
384	921
365	907
398	864
410	958
382	989
336	860
381	782
346	877
332	927
353	1134
367	996
367	889
332	975
304	841
316	989
302	865
322	917
374	1175
330	1084
311	971
340	1009
347	1111
337	993
342	1012
368	904
376	1051
390	927
372	973
357	844
370	818
356	939
295	912
383	861
372	900
391	878
334	908
354	1051
383	975
329	1040
397	1040
404	1008
354	1117
314	1123
382	1082
373	1042
350	872
342	1053
363	1089
347	1086
354	1228
299	1311
334	1056
377	994
360	1055
337	909
376	881
382	1064
381	1002
403	814
341	829
335	916
359	856
352	844
370	803
382	942
360	838
353	928
371	1005
391	1289
384	1061
359	1179
364	1265
415	1082
355	1065
384	1169
394	983
379	1295
355	1170
418	1120
415	939
400	1048
385	1169
418	1222
399	920
428	1118
391	941
423	881
464	984
459	1074
475	795
460	864
489	822
478	955
410	936
450	846
461	987
429	792
368	718
342	954
387	776
360	845
390	894
414	987
340	1002
383	1158
399	1209
393	1038
405	1065
399	1001
391	1073
375	1243
347	1260
358	1121
428	1215
360	1153
361	1115
394	925
379	889
372	1043
388	1092
333	1030
377	1212
364	1161
346	906
338	988
378	1144
372	1138
373	1092
348	955
343	1041
371	984
379	994
404	1027
358	980
374	998
348	1110
344	1021
359	1171
391	1107
329	1148
347	978
393	1086
417	953
401	1056
384	1045
364	924
391	803
350	986
380	949
366	902
320	1001
409	1031
341	1052
322	1099
361	982
329	873
344	937
344	1193
390	834
370	891
387	802
361	806
277	842
354	906
404	954
392	1144
379	1061
396	995
390	934
438	1098
420	1032
387	1176
424	1140
558	873
429	867
489	1006
486	991
461	978
620	1074
628	1147
547	1042
509	1168
595	1173
684	1140
759	1079
716	1180
691	1015
716	934
878	896
785	932
801	843
795	1033
773	1015
676	1002
637	1053
650	940
720	932
585	904
440	1040
445	824
478	1094
422	1217
482	1165
493	923
492	1001
457	1019
398	1108
458	1033
440	861
457	852
433	820
485	1034
443	986
443	965
468	988
469	1075
418	1026
445	849
445	803
492	845
420	848
460	870
471	1016
453	991
407	1168
395	1261
464	1114
479	955
409	885
446	883
347	861
371	998
376	1036
387	915
373	996
410	1046
387	1081
357	1079
374	1066
372	1041
343	835
347	926
348	1012
373	765
364	783
370	894
339	890
350	871
342	882
367	879
343	924
343	970
362	886
358	923
371	1128
383	1070
401	1046
409	938
392	930
415	1078
431	1167
438	1000
479	914
406	966
417	1076
394	1235
438	953
405	948
430	1001
408	985
398	1037
395	1072
447	969
406	916
445	964
442	1050
390	867
434	987
407	1033
465	951
385	1081
403	1001
384	967
367	1065
364	1069
325	1046
389	1178
396	1169
439	1160
371	1055
408	1024
391	927
322	971
403	1011
378	1143
341	963
408	877
409	986
392	919
374	1272
381	1242
392	960
362	958
362	1008
335	1057
342	1049
338	1264
374	1123
357	1167
331	1027
344	988
325	972
365	1062
350	1132
384	1108
375	1051
333	918
337	895
350	1036
358	1080
357	1201
364	1056
414	1015
343	1037
397	1034
325	1051
391	1146
398	1023
349	995
349	802
337	902
349	938
376	841
379	1078
366	1043
344	1038
341	959
362	1226
420	1127
382	1004
336	1135
338	905
365	1058
332	1189
315	1152
371	1173
311	1098
313	1126
331	1076
360	1134
348	1184
331	1209
377	928
346	923
415	961
410	977
372	863
361	1061
335	929
336	875
421	920
349	953
381	1006
363	1132
303	1333
343	1315
307	1209
325	1197
351	952
338	1012
372	1217
326	914
400	902
410	779
402	775
354	817
374	896
388	910
381	886
354	1067
321	1001
373	1023
399	1013
402	952
413	989
341	876
368	937
329	1104
336	1079
325	1089
386	1027
345	972
354	853
388	958
379	875
360	1055
350	1488
372	1081
353	1172
326	1277
393	1121
360	1202
380	1184
388	1175
360	1242
372	1210
402	1082
379	1217
407	1258
374	1043
405	1242
393	1245
396	1118
407	1306
425	1047
431	1108
443	1045
434	1124
475	1138
462	1097
457	917
476	1022
474	981
444	1003
514	963
483	991
434	1122
422	1028
453	934
455	1096
508	1263
450	1195
458	1009
449	921
476	1018
546	1085
484	950
493	988
531	984
484	776
471	890
550	1000
559	981
508	1068
562	1111
537	874
507	916
499	904
558	1001
506	851
441	995
471	1176
474	1099
456	1002
542	1053
497	827
536	1022
498	1361
507	1106
538	1019
504	1107
522	813
433	1068
527	975
513	1181
542	1488
520	1226
503	918
491	1203
496	1009
425	874
437	1092
463	800
421	888
422	1028
507	1054
476	987
389	912
467	935
427	859
434	816
443	926
403	923
395	923
376	852
432	908
421	866
439	1002
478	1123
417	952
493	875
455	1018
469	869
456	983
454	989
457	898
451	1138
421	1100
399	1014
397	993
396	962
424	1089
441	903
389	1168
398	971
383	985
390	831
376	927
432	964
400	1179
374	865
359	804
419	875
373	905
419	1016
409	1160
439	1007
405	1074
385	1092
422	881
378	905
360	1054
417	941
405	891
431	884
391	801
412	1039
413	893
403	888
400	1058
425	1060
392	1077
418	1114
395	941
445	1276
440	1123
452	1119
433	1142
454	976
367	967
391	1114
411	1177
385	927
404	975
402	966
405	1047
369	961
412	1108
383	1159
413	956
394	1177
365	1044
383	969
354	1007
370	909
371	1022
348	1082
386	1099
433	937
390	992
419	1098
365	1135
379	1406
419	1178
361	1021
376	982
383	1116
427	1023
426	931
396	870
390	956
437	889
383	906
360	784
398	850
449	955
387	928
399	930
409	1025
473	861
445	917
406	1020
392	973
442	861
468	1050
455	963
482	1030
482	989
453	817
410	815
480	1014
496	1063
542	1157
536	1080
562	930
545	988
630	1091
647	1063
541	1055
538	914
489	967
527	1014
541	979
553	1159
505	884
593	993
594	934
552	821
533	898
648	808
583	880
706	842
594	883
637	1033
607	905
620	1044
662	923
726	1021
714	961
678	961
694	1055
729	1233
751	1223
813	1144
782	996
713	1106
738	1039
689	840
721	1025
662	961
732	1000
751	1025
700	1145
772	1092
670	900
640	1039
723	1041
679	1044
640	1010
667	1063
680	851
776	788
762	822
821	900
815	1017
806	1151
777	804
796	902
814	770
823	793
765	880
806	979
764	907
786	911
714	997
642	807
695	854
691	954
586	854
611	920
738	816
695	810
654	890
750	1017
729	963
769	944
781	897
791	902
761	889
711	1033
739	896
737	885
653	850
651	1068
643	935
564	905
604	946
583	843
602	958
522	1017
585	923
582	888
538	972
585	948
603	1008
598	1205
585	1219
625	1194
622	1260
556	1105
556	1012
611	943
543	865
531	1075
508	990
487	967
543	1053
503	1015
515	976
479	943
530	828
478	945
533	1034
477	1227
467	1273
500	984
484	996
497	908
537	977
484	1173
432	1126
459	1012
448	1038
453	993
472	920
475	1002
511	975
490	914
435	981
453	1138
447	1056
454	1151
490	1077
447	1079
448	916
458	914
374	830
365	1078
368	995
413	788
388	987
353	928
396	995
420	1012
405	899
383	902
365	958
413	836
457	926
417	1047
383	970
363	1102
364	1079
420	1057
464	1110
386	1161
375	1033
445	1010
444	1076
457	1034
434	1189
458	1187
424	1102
429	1102
408	1181
420	1053
420	1068
388	1022
377	1003
363	988
399	1050
412	1014
420	1136
377	1206
373	1117
379	1468
382	1195
402	857
419	897
337	842
388	947
341	947
396	924
342	973
396	810
390	1052
405	901
353	1011
332	965
356	1163
396	1121
384	1027
385	1046
366	919
340	794
357	997
367	1050
367	1141
340	1054
331	1047
389	850
376	871
354	885
348	1057
351	1060
331	869
382	850
383	953
381	911
406	867
372	753
377	949
369	836
388	1086
435	1118
368	1149
364	1041
369	1081
347	886
350	942
345	893
357	1014
374	920
350	1000
363	918
297	868
370	863
361	881
361	883
343	892
418	975
415	811
340	892
324	884
339	885
360	1022
308	836
363	815
392	834
378	856
405	894
373	907
376	929
345	851
346	940
336	1076
333	981
378	920
306	747
394	919
385	883
352	898
326	894
333	929
333	1081
352	882
389	911
356	862
344	896
382	1049
362	992
349	939
390	875
359	979
436	1013
449	1302
470	1280
481	1117
430	1019
439	1145
436	1103
498	1057
497	1103
586	1040
556	1109
555	1134
577	1174
604	922
625	1029
591	889
603	1247
583	1098
576	966
559	953
521	1019
477	1122
510	1141
521	1107
431	1360
446	1051
452	1351
504	1066
503	1186
519	1101
509	1057
514	1082
539	759
528	954
524	1087
474	930
537	892
526	816
457	1050
434	1053
454	1133
459	1029
385	829
410	978
376	945
417	1065
391	1105
384	1208
382	880
417	901
356	993
411	870
374	841
351	967
391	1004
359	1172
374	1072
384	1169
397	1231
419	1062
378	1044
348	983
404	916
389	935
415	925
449	1103
386	1056
402	1135
373	1188
359	1024
368	1117
437	1206
480	1249
451	1226
407	1260
430	1246
445	1120
476	1170
472	969
453	921
492	1040
432	856
406	904
447	1133
411	950
430	936
403	914
404	978
366	888
380	811
393	1053
437	1063
449	1158
426	1140
445	1115
484	1107
494	953
443	1131
503	1023
454	1167
458	1356
393	1217
398	1075
419	1082
478	1156
434	1124
434	1190
401	1180
376	1223
426	1158
440	1120
410	975
422	1214
393	1053
370	1092
403	1051
414	1053
384	1116
373	984
347	1053
381	861
357	737
383	829
388	1017
351	1232
388	1393
380	1051
340	1075
400	1058
348	926
339	1153
348	877
367	1056
374	1150
369	1221
386	1074
355	1046
362	999
352	1054
334	1062
379	1177
388	1391
389	1303
394	966
427	967
401	1236
405	1210
378	1131
332	868
366	975
403	956
396	909
347	974
378	1045
416	1066
388	1046
398	905
432	935
451	937
413	960
370	1049
335	871
371	898
446	1122
458	964
444	1193
390	1165
393	1082
426	1042
414	1045
519	1036
452	1034
408	1056
422	1046
400	889
387	954
418	1033
395	1228
417	1006
353	1052
354	1068
381	1007
382	1000
440	1114
430	1395
426	1200
345	1109
346	1101
344	1111
388	1036
358	972
424	902
351	1049
377	1022
406	1101
397	1245
378	1036
404	1141
408	1182
364	990
398	965
358	1003
366	1020
367	1014
354	1126
336	1187
377	1239
353	1222
374	1124
315	1202
399	1433
382	1349
381	1178
319	995
332	1035
367	1019
360	1155
387	1194
345	920
329	1023
313	857
350	850
359	882
370	768
334	802
342	852
349	979
360	1032
362	905
390	862
413	1047
409	1001
403	830
381	1072
383	1007
310	1049
385	1148
367	1071
415	945
376	1082
380	1005
413	1017
359	1051
397	1096
398	1113
425	1099
400	939
418	1038
358	959
456	1004
452	1212
426	1207
383	1049
375	874
384	961
370	855
382	906
387	829
436	965
421	749
369	872
363	1010
346	1040
320	873
379	945
408	1046
388	1133
350	1139
353	1147
368	1088
421	969
377	1073
331	1086
374	1031
402	1100
385	980
425	922
434	934
385	898
440	1235
409	1000
361	985
406	919
381	910
310	1164
442	1188
383	1238
372	1046
335	1088
335	995
410	986
349	832
356	809
341	883
289	875
314	956
362	1111
386	959
345	877
371	848
355	837
350	910
391	947
390	1027
396	1128
401	942
368	1027
361	1018
381	972
422	818
362	774
338	948
370	894
326	985
336	1081
390	1095
363	1070
321	1035
340	1019
349	914
390	982
382	1031
380	1039
351	945
390	1059
412	1045
338	964
412	798
332	1100
397	1115
418	1083
380	1027
339	1296
354	1136
436	1091
389	944
372	769
396	1028
421	1082
395	1176
416	889
415	1006
371	889
411	1183
462	1322
414	1308
385	1127
435	1031
403	910
408	839
436	837
410	861
449	961
415	792
392	808
368	1139
419	1132
395	1171
407	1111
407	939
410	1059
355	1179
372	1182
390	1101
408	1132
396	1137
403	868
395	1056
439	1085
395	1107
429	1083
461	917
419	918
470	1208
468	1113
500	926
442	966
490	1046
431	1008
431	1227
417	1160
466	942
457	880
466	790
446	887
465	934
444	1116
458	1074
492	1059
465	1065
454	1340
471	1402
483	1251
484	1132
524	1064
519	1031
495	910
532	998
516	1070
492	1065
508	1140
500	1125
474	937
552	932
449	835
475	903
491	1018
421	1008
444	1032
494	881
464	1127
473	833
487	875
513	1018
494	1046
549	927
494	986
517	1050
519	1114
456	1092
480	1115
463	1077
484	1110
476	978
487	1007
460	939
479	794
489	955
602	1100
509	1064
484	1244
485	1106
538	985
517	1026
558	1111
501	904
491	921
483	1099
473	889
419	810
421	982
448	979
479	1104
401	1291
424	1134
437	1013
418	921
409	1059
463	1070
404	982
461	1097
394	1029
382	988
378	1035
374	817
369	908
356	941
380	940
401	978
309	963
331	1022
348	1027
362	1074
399	921
369	957
403	927
350	1046
368	977
384	769
378	797
369	820
337	974
369	887
382	829
356	803
371	1087
404	1292
397	1179
392	1163
413	1173
406	1141
456	1043
457	1103
471	999
525	1160
505	1119
553	1245
586	1144
596	1169
616	886
641	925
673	1031
716	964
747	1260
946	1145
1060	1083
1071	1128
1122	1181
1306	1195
1480	1130
1600	1131
1583	1032
1559	1109
1417	1081
1327	939
1153	961
1077	990
936	984
885	967
906	925
790	907
836	916
834	947
881	1086
928	1034
882	980
961	1101
1027	1049
962	1178
1084	926
906	1004
837	927
810	872
815	785
697	927
524	1182
596	1124
576	944
568	992
646	996
532	987
548	892
563	987
613	1035
594	1007
588	944
547	901
505	820
439	869
441	939
402	892
439	1051
457	1010
363	981
428	1046
447	906
415	1032
452	998
443	1083
436	1007
442	846
394	982
401	1068
438	944
365	797
360	968
329	1122
358	1061
370	1094
413	965
388	1085
342	1041
352	1158
389	1050
335	936
381	933
345	907
386	880
312	887
355	916
351	1070
359	1073
370	974
304	884
376	979
324	1057
341	998
359	1074
399	1089
416	1133
346	789
401	841
316	1078
338	1084
362	1199
359	1100
394	1015
370	919
394	956
326	1111
334	1027
339	915
332	1013
316	1054
328	1011
343	952
335	917
376	802
348	818
381	1065
353	1304
354	1115
338	1082
401	1051
367	1018
373	875
338	977
329	1065
344	993
342	1037
346	1102
387	1267
392	1179
378	1195
340	1159
346	1181
335	976
370	808
399	858
343	819
367	875
383	811
388	1017
342	986
418	1018
394	1040
387	1082
402	951
377	1029
393	1198
365	1079
367	928
377	885
355	958
348	949
408	835
355	869
378	898
393	868
387	870
366	961
398	1000
389	1052
409	1050
387	1218
422	1360
393	1313
356	1216
355	1092
385	962
351	852
401	995
407	956
345	746
