550	1757
525	1856
537	1645
479	1695
528	2190
541	2110
582	1847
542	2544
716	5229
624	4398
664	4294
635	5978
565	2376
611	3924
555	1999
604	1891
535	1546
518	1476
510	1388
512	1555
476	1675
506	1689
606	1554
538	1507
517	1384
473	1620
526	1596
561	1479
577	1397
520	1451
520	1290
471	1367
443	1355
461	1546
469	1585
507	1333
470	1166
462	1352
507	1536
499	1414
487	1370
527	1479
491	1237
515	1167
474	1376
477	1490
515	1378
520	1568
432	1531
472	1429
505	1632
488	1385
464	1399
438	1354
494	1355
476	1387
442	1259
495	1280
509	1215
499	1283
498	1255
479	1262
473	1180
440	1281
434	1316
407	1250
452	1200
407	1151
467	1170
427	1325
443	1300
457	1385
491	1470
409	1464
406	1298
444	1555
393	1373
398	1598
400	1400
381	1630
412	1427
414	1196
419	1288
454	1212
491	1236
383	1204
469	1559
427	1395
462	1389
457	1453
449	1409
430	1425
426	1307
472	1302
434	1340
425	1500
409	1349
388	1402
494	1362
462	1362
488	1189
477	1432
433	1394
469	1373
507	1453
457	1381
450	1403
424	1291
446	1400
471	1291
447	1269
442	1282
497	1348
435	1418
519	1369
472	1340
537	1064
487	1233
478	1374
493	1319
494	1134
508	1155
564	1265
527	1397
539	1213
486	1217
474	1444
475	1287
532	1402
571	1663
491	1413
548	1357
520	1599
500	1644
465	1722
588	1623
588	1644
511	1611
498	1428
518	1398
537	1247
520	1281
480	1289
489	1210
537	1125
438	1127
502	1242
480	1258
461	1265
438	1268
501	1171
487	1285
507	1306
512	1384
508	1336
511	1206
474	1277
517	1460
525	1314
472	1276
462	1091
482	1118
439	1028
516	1103
450	1104
441	1327
402	1245
449	1236
495	1383
460	1383
494	1349
550	1229
523	1098
463	1214
478	1266
458	1523
488	1297
465	1381
448	1317
435	1321
505	1219
505	1351
541	1328
562	1326
526	1435
572	1488
594	1459
601	1402
619	1517
583	1504
608	1355
563	1763
624	1639
666	1670
594	1771
566	1522
555	1467
591	1853
552	1687
544	1575
536	1366
507	1551
555	1373
508	1503
520	1408
545	1434
584	1519
536	1671
618	1885
669	1828
595	1938
563	1881
611	2091
573	1988
640	2151
587	2079
565	2189
623	2400
632	2315
611	2986
632	2743
564	2501
620	2834
546	3304
615	3877
651	4367
653	4233
576	4181
583	5202
567	5525
664	5793
700	5634
646	5507
691	5636
596	4222
608	4504
587	4293
454	2860
520	1828
558	1491
526	1395
487	1375
475	1749
490	1757
496	1544
490	1397
505	1466
474	1540
434	1252
536	1235
354	1158
451	1357
437	1347
396	1167
439	1323
469	1258
448	1290
440	1273
449	1354
426	1290
443	1428
383	1413
469	1354
431	1339
447	1482
422	1444
443	1195
427	1120
431	1152
459	1260
447	1161
492	1161
470	1195
477	1249
453	1340
436	1215
433	1177
446	1033
400	1171
420	1092
480	1025
538	1056
432	1052
498	1239
406	1250
466	1120
445	1097
493	1074
446	1098
489	1047
550	1175
524	1229
461	1132
463	1164
462	1229
518	1209
493	1181
475	1231
490	1534
581	1193
548	1202
490	1235
483	1191
466	1392
421	1347
420	1318
445	1279
445	1294
421	1176
425	1068
450	1008
423	1233
394	1068
391	1105
423	1200
440	1260
447	1104
388	1222
414	1164
427	1312
447	1321
375	1304
416	1211
412	1269
375	1224
410	1269
459	1234
404	1086
415	1021
395	1152
368	1006
389	1124
434	1220
443	1223
343	1361
386	1423
389	1195
379	1186
365	1241
373	1313
347	1360
348	1421
373	1315
356	1324
374	1191
404	1349
419	1313
405	1152
421	1352
389	1265
503	1334
433	1280
402	1309
440	1234
436	1174
378	1213
309	1240
366	1174
366	1244
389	1156
391	1019
364	1483
396	1350
358	1393
343	1274
356	1174
394	1238
352	1117
391	1281
364	1361
397	1554
402	1271
442	1226
420	1341
408	1259
437	1269
454	1342
442	1289
437	1381
434	1125
473	1222
437	1001
491	1089
443	1073
573	1130
515	1147
531	1210
565	1365
510	1204
549	1343
600	1305
568	1177
633	1072
570	1329
528	1214
554	1206
611	1045
610	1279
591	1265
561	1176
620	1107
650	977
623	1087
545	1205
539	924
607	1111
573	994
610	1269
562	1153
520	1089
513	954
590	985
546	1137
471	1174
513	1000
543	1064
519	1000
507	1117
443	947
472	1056
483	1015
455	1111
469	1218
463	1476
445	1333
455	1301
417	1338
426	1357
441	1227
439	1380
418	1248
423	1230
386	1309
435	1341
412	1157
340	1213
378	1350
399	1593
447	1493
399	1310
417	1221
428	1318
378	1485
376	1350
453	1177
438	1526
423	1338
381	1358
355	1236
349	1266
348	1061
398	1229
436	1300
405	1238
338	1223
370	1223
373	1237
353	1294
402	1177
371	1159
365	1349
424	1298
383	1332
460	1289
445	1259
392	1345
394	1103
386	1236
339	1088
358	1134
380	1250
385	1112
388	1061
430	1292
418	1361
482	1371
420	1238
392	1316
417	1373
413	1394
467	1143
385	1194
412	1308
419	1060
397	1104
416	1063
416	1259
373	1252
453	1269
415	1172
387	1081
442	1181
389	1349
422	1248
423	1287
419	1391
404	1304
470	1176
381	1224
356	1101
417	1216
437	1227
395	1233
375	1289
397	1225
389	1296
390	1338
469	1372
359	1233
379	1081
385	1181
408	1239
369	1138
424	1079
383	1063
393	1034
390	1120
390	1252
462	1315
416	1134
415	1184
459	1279
439	1269
415	1090
472	1142
419	942
386	1038
424	999
436	1173
421	1156
372	1282
440	1238
412	1218
376	1198
385	1298
436	1174
379	1158
391	1321
413	1213
411	1072
439	1218
381	1145
352	1331
417	1118
409	1187
479	1265
472	1409
405	1308
415	1256
452	1404
394	1415
466	1201
452	1046
439	1091
424	1247
436	1312
435	1358
414	1231
394	1295
414	1260
394	1353
391	1214
397	1069
410	1146
409	1181
367	1037
383	1374
370	1157
416	1138
421	1108
413	1045
378	1222
371	1240
423	1269
415	1169
393	1227
440	1290
401	1486
456	1512
429	1289
413	1345
459	1141
443	1204
459	1184
448	929
440	1126
416	1053
462	996
437	1063
439	1102
443	1186
498	1184
530	1065
472	1201
510	1327
475	1257
508	1250
499	1261
443	1205
396	1329
424	1443
455	1321
400	1374
406	1313
432	1240
401	1458
459	1282
432	1080
387	1384
400	1540
413	1421
468	1535
392	1380
383	1212
401	1251
418	1327
480	1262
432	1351
436	1513
391	1488
404	1457
459	1548
430	1491
422	1190
414	1338
433	1261
449	1448
473	1626
407	1669
429	1572
433	1404
439	1745
431	1545
433	1360
438	1501
411	1275
496	1165
395	1238
368	1339
360	1212
404	1279
454	1462
436	1331
437	1320
405	1304
404	1211
427	1111
447	1293
390	1219
450	1120
421	1204
401	1174
408	1298
415	1212
468	1196
411	1167
427	1353
425	1242
467	1264
412	1136
430	1177
466	1273
502	1171
444	1174
422	1278
456	1125
426	1223
384	1225
416	1304
452	1351
406	1194
432	1299
381	1343
462	1395
471	1455
394	1225
452	1218
433	1242
444	1329
375	1272
440	1059
385	1344
471	1314
402	1313
449	1187
427	1263
400	1344
450	1357
412	1149
382	1263
383	1332
423	1411
349	1335
428	1337
406	1399
417	1269
409	1087
393	1366
460	1234
395	1146
406	1179
425	1284
427	1266
426	1494
451	1209
404	1192
410	1163
369	1247
357	1292
441	1214
413	1272
393	1424
398	1412
414	1444
399	1539
353	1519
448	1336
416	1176
454	1326
492	1237
430	1131
413	1152
376	1237
415	1159
385	1189
417	1344
426	1268
418	1215
462	1421
388	1293
416	1270
439	1188
443	1104
396	1023
410	1090
396	1160
399	1478
452	1986
436	2329
436	3663
470	4013
548	4091
515	4681
516	5676
549	5176
415	2883
441	2130
442	2246
503	2529
407	2398
419	1760
493	1326
416	1519
395	1678
436	1355
391	1415
396	1209
424	1267
373	1154
381	1238
414	1120
429	1331
435	1289
448	1330
419	1281
466	1049
439	1184
486	1174
422	1273
445	1267
451	1411
402	1547
382	1290
367	1340
397	1641
415	1461
457	1276
429	1420
437	1239
457	1518
397	1266
467	1328
421	1332
410	1373
421	1469
435	1213
399	1248
447	1402
455	1340
490	1213
461	1187
443	1450
432	1123
453	1071
479	1175
416	1308
456	1193
369	1293
411	1246
450	1311
413	1100
428	1264
493	1398
430	1086
433	1331
451	1277
400	1322
419	1207
437	1107
409	1181
422	1171
540	1057
428	1285
463	1115
467	1242
500	1078
458	1268
421	1185
461	1165
481	1294
424	1358
483	1283
441	1324
457	1333
504	1255
493	1319
413	1170
497	1272
473	1152
459	1274
510	1155
522	1224
489	1216
502	1126
503	1158
525	1332
490	1168
453	1367
430	1055
436	1089
407	1262
443	1285
501	1216
458	1276
450	1348
423	1251
459	1292
444	1319
512	1262
460	1411
430	1408
465	1488
478	1450
478	1255
473	1101
469	1064
471	1148
470	1057
522	1181
553	1165
501	1258
576	1092
571	1080
523	1322
506	1222
513	1219
568	1180
571	1271
578	1333
540	1145
561	1147
562	1198
518	1247
538	1315
574	1336
564	1297
645	1347
646	1232
575	1289
609	1616
567	1480
572	1341
547	1334
557	1342
483	1208
568	1302
513	1385
515	1711
579	1427
532	1187
459	1487
509	1601
528	1332
622	1332
591	1368
667	1584
584	1414
567	1434
564	1649
609	1535
650	1492
617	1247
641	1274
575	1230
521	1160
561	1236
499	1321
472	1334
482	1367
470	1192
529	1197
473	1469
442	1148
421	1280
446	1289
489	1255
462	1275
487	1261
491	1142
517	1352
549	1199
565	1296
510	1239
503	1353
465	1433
476	1122
473	1279
481	1404
549	1336
504	1554
534	1541
493	1339
480	1301
445	1137
455	1138
482	1156
477	1159
461	1138
423	1398
479	1371
513	1369
504	1194
454	1277
473	1268
499	1305
542	1444
597	1258
540	1171
489	1348
476	1407
441	1184
449	1157
503	1161
461	1101
462	1168
421	1248
447	1115
480	1273
492	1227
493	1284
427	1193
401	1157
495	1152
483	1088
482	1218
441	1113
446	1210
437	1173
448	1406
487	1210
477	1353
445	1272
437	1687
474	1271
511	1468
533	1374
473	1246
541	1500
488	1364
493	1563
538	1335
460	1426
457	1422
479	1269
402	1247
459	970
403	1162
433	1135
472	1409
481	1197
445	1176
495	1174
425	1264
474	1258
469	1283
492	1350
440	1224
443	1240
446	1182
445	1000
544	1019
456	1213
496	1130
466	1131
469	1231
428	1192
531	1291
451	1315
529	1184
483	1087
468	1150
470	1117
525	1173
581	1195
481	1351
520	1425
471	1285
466	1308
532	1461
506	1256
501	1297
548	1226
563	1370
590	1437
609	1535
663	1477
606	1562
658	1453
625	1501
575	1569
587	1456
502	1610
572	1670
616	1706
592	1654
621	1686
672	1787
604	1653
674	1529
705	1656
748	1680
717	1730
667	1636
661	1592
670	1396
556	1417
578	1347
591	1335
600	1376
540	1372
580	1371
609	1469
592	1558
598	1644
524	1595
550	1478
573	1338
532	1472
590	1453
570	1603
525	1510
585	1499
526	1557
514	1542
526	1299
542	1368
502	1287
501	1255
494	1421
502	1332
486	1497
450	1595
487	1416
508	1212
521	1427
548	1496
505	1508
463	1398
509	1403
437	1450
518	1430
434	1284
375	1338
443	1345
450	1299
431	1294
394	1170
434	1347
389	1382
408	1242
442	1342
457	1261
449	1272
391	1163
434	1312
450	1506
468	1513
409	1586
437	1461
420	1280
445	1301
453	1329
433	1469
377	1489
409	1495
376	1212
415	1086
410	1378
426	1280
438	1301
466	1174
437	1267
420	1306
455	1446
445	1240
456	1103
406	1317
425	1502
462	1421
428	1448
424	1528
461	1630
468	1448
403	1452
428	1348
449	1353
402	1352
401	1486
423	1386
414	1237
469	1272
530	1385
472	1342
426	1257
414	1197
448	1230
474	1309
481	1153
416	1354
477	1177
453	1155
420	1215
434	1402
387	1306
427	1255
414	1379
385	1482
447	1510
441	1683
477	1686
488	1243
422	1174
379	1195
415	1259
384	1246
374	1201
376	1277
423	1213
436	1257
440	1423
369	1419
378	1422
369	1279
445	1321
406	1371
385	1349
410	1564
386	1434
352	1410
416	1576
415	1564
351	1372
410	1338
354	1349
371	1490
388	1559
402	1432
385	1451
372	1449
419	1406
389	1470
411	1509
360	1526
469	1560
455	1646
450	1507
508	2917
474	5812
451	3528
457	2689
448	3142
506	3736
442	2921
392	2161
398	1990
425	1531
471	1273
442	1351
409	1350
437	1348
394	1468
398	1506
430	1462
471	1372
388	1148
384	1341
406	1405
385	1438
410	1237
456	1342
437	1423
380	1302
434	1485
395	1398
398	1418
411	1277
383	1242
417	1282
394	1174
408	1373
374	1374
424	1459
407	1619
433	1500
352	1247
409	1326
392	1323
407	1499
434	1346
457	1273
426	1216
421	1303
431	1309
455	1330
401	1181
389	1213
346	1216
434	1191
439	1194
352	1129
387	1123
322	1114
412	1162
385	1103
392	1191
416	1146
404	1344
369	1288
343	1110
402	1157
364	1187
346	1155
410	1243
380	1211
475	1211
365	1124
423	1170
395	1150
402	1232
392	1336
405	1242
430	1167
433	1083
374	1027
392	1320
384	1442
398	1412
515	1459
461	1319
419	1290
431	1379
438	1402
400	1418
466	1500
460	1583
403	1407
420	1533
353	1338
394	1322
420	1472
392	1583
379	1508
433	1528
424	1463
474	1519
455	1411
472	1516
503	1486
446	1454
518	1433
473	1289
409	1506
470	1497
463	1706
453	1679
347	1356
425	1284
403	1419
387	1551
384	1473
352	1311
396	1457
374	1416
398	1240
408	1214
404	1176
430	1122
434	1274
436	1478
442	1292
405	1246
430	1243
419	1213
363	1278
389	1239
393	1167
421	1261
372	1283
382	1257
382	1215
423	1314
413	1280
443	1454
446	1311
406	1258
394	1471
442	1471
444	1483
481	1662
482	2071
504	2514
426	2167
391	2017
373	1659
408	1740
421	1618
384	1517
391	1451
391	1273
428	1378
413	1599
419	1514
445	1516
450	1891
469	2113
417	2207
396	1709
401	1535
382	1392
467	1322
347	1464
380	1260
386	1302
444	1324
415	1364
450	1536
413	1490
465	1575
449	1432
388	1341
390	1648
427	1596
375	1549
373	1332
378	1293
406	1265
406	1331
401	1162
435	1210
422	1110
422	998
415	1232
410	1253
436	1220
449	1297
453	1235
433	1353
453	1303
417	1575
453	1408
404	1281
380	1289
420	1170
419	1329
399	1323
422	1337
365	1289
379	1437
439	1275
452	1337
455	1297
422	1300
428	1271
449	1343
410	1167
425	1281
450	1373
380	1203
397	1340
429	1214
410	1111
512	1282
454	1103
403	1355
388	1388
463	1274
443	1307
457	1221
431	1134
434	1214
449	1237
452	1273
430	1326
384	1560
373	1589
420	1587
389	1799
438	1802
416	1694
449	1753
431	1432
470	1320
409	1362
438	1467
448	1182
395	1285
396	1364
409	1286
392	1201
376	1150
431	1144
410	1240
427	1024
396	1129
387	1034
436	1145
485	1268
430	1024
430	1212
453	1064
428	1150
373	1217
441	1089
430	1039
383	1232
365	1235
377	1318
409	1187
401	1197
402	1178
346	1268
366	1160
377	1231
381	1152
385	1340
410	1408
386	1249
386	1079
429	1151
450	1245
385	1316
371	1264
377	1088
409	1331
425	1367
379	1423
407	1378
426	1226
483	1212
446	1214
404	1028
423	1068
390	1044
391	1031
424	1201
396	1306
448	1323
403	1211
395	1283
394	1358
409	1256
434	1341
448	1523
386	1464
417	1294
409	1186
446	1389
452	1242
520	1415
499	1483
543	1368
447	1394
491	1244
525	1227
618	1242
601	1400
550	1369
524	1482
611	1566
695	1754
671	1663
713	1551
695	1452
707	1478
712	1589
798	1721
764	1653
836	1622
896	1725
883	2058
871	2261
867	1913
836	1907
924	2800
1010	3878
957	3136
1030	3049
1111	2809
1110	2807
1160	2110
1208	2034
1111	1778
1066	1850
1097	2143
974	1945
921	1658
784	1805
876	1740
842	1835
801	1672
761	1648
713	1628
753	1431
704	1410
764	1868
756	1716
739	1752
670	1551
744	1508
621	1458
625	1474
586	1581
605	1537
531	1311
545	1252
588	1233
506	1285
507	1319
470	1391
521	1417
450	1506
441	1314
451	1259
433	1412
451	1412
465	1402
439	1317
488	1076
447	1171
499	1156
443	1351
442	1060
442	1401
403	1332
449	1364
386	1319
417	1402
459	1350
428	1209
412	1262
439	1255
395	1535
421	1350
440	1455
409	1370
421	1532
458	1436
414	1511
450	1487
433	1499
418	1503
473	1498
424	1516
372	1465
430	1629
410	1421
400	1603
420	1415
432	1428
422	1362
395	1418
371	1563
425	1335
448	1295
389	1300
400	1341
362	1313
407	1301
426	1378
392	1325
436	1315
399	1164
402	1150
377	1331
416	1641
424	1443
337	1455
345	1298
384	1189
379	1387
391	1322
396	1371
452	1419
487	1498
463	1695
464	1589
430	1353
461	1448
469	1202
464	1247
450	1419
460	1413
437	1275
445	1240
418	1297
375	1169
421	1143
402	1217
458	1319
438	1325
406	1383
445	1319
425	1341
498	1447
554	1450
565	1241
475	1392
448	1490
425	1290
404	1447
458	1359
477	1412
499	1320
433	1198
435	1158
444	1401
507	1263
466	1293
463	1565
454	1446
454	1462
463	1392
470	1567
443	1458
502	1462
473	1543
424	1431
466	1439
432	1508
477	1511
498	1555
484	1547
478	1453
483	1533
374	1523
486	1513
458	1489
481	1413
439	1433
453	1313
487	1370
501	1502
580	1492
597	1461
621	1465
631	1233
680	1318
527	1106
488	1273
469	1190
559	1329
519	1510
465	1432
540	1328
522	1278
556	1353
559	1330
566	1201
496	1242
443	1223
439	1393
427	1372
403	1212
397	1226
385	1282
407	1557
443	1581
409	1530
415	1366
446	1195
393	1351
396	1371
467	1315
487	1307
442	1234
441	1195
465	1170
467	1274
428	1163
457	1118
442	1140
464	1212
469	1261
539	1291
463	1105
480	1269
484	1295
490	1104
456	1313
502	1250
472	1221
544	1172
497	1075
512	1145
465	1152
494	1157
486	1041
551	1290
579	1537
511	1411
569	1494
528	1326
530	1583
496	1793
544	1544
542	1760
556	1478
513	1215
509	1329
542	1263
536	1333
438	1437
476	1436
510	1543
485	1340
505	1165
553	1277
620	1611
662	1626
809	1666
852	1630
732	1523
832	1509
701	1388
661	1259
583	1361
536	1630
509	1385
568	1442
584	1053
552	1163
481	1213
482	1320
468	1042
467	1094
465	1204
460	1315
490	1256
560	1517
463	1206
472	1149
478	1145
502	1434
463	1388
454	1349
466	1284
436	1221
402	1256
480	1363
429	1389
406	1349
424	1307
429	1254
477	1352
416	1040
406	1103
450	1127
440	1292
471	2328
459	2342
445	2198
472	1790
494	2146
509	3339
437	4241
484	4152
441	3730
441	3139
460	2701
419	1634
414	2111
423	2097
431	1487
440	1674
404	1507
407	1464
411	1695
485	1696
434	1880
387	2114
403	2136
455	2335
407	1343
407	1207
416	1365
399	1771
438	1601
405	1665
406	1484
444	1274
393	1106
395	1286
425	1253
392	1334
496	1318
452	1310
436	1314
471	1349
434	1222
461	1190
392	1064
422	1320
444	1142
544	1292
526	1201
508	1332
485	1349
468	1369
470	1489
502	1635
520	1344
493	1425
535	1340
546	1429
534	1253
480	1377
552	1541
536	1399
577	1559
525	1570
526	1362
626	1358
597	1311
615	1636
655	2121
610	2606
560	2882
575	2805
586	3225
627	3249
563	2418
537	1903
568	1885
479	1652
587	1807
610	1484
615	1647
659	2053
754	2316
776	2305
712	1982
684	1837
697	1880
674	1884
627	1574
625	1537
617	1559
588	1354
662	1486
604	1363
591	1588
608	1635
576	1469
588	1539
580	1523
645	1450
737	1475
778	1585
756	1690
786	1690
747	1656
835	1671
781	1723
746	1650
827	1660
782	1600
718	1489
717	1758
732	1764
694	1633
701	1499
629	1432
648	1399
689	1446
710	1530
662	1660
724	1723
675	1602
798	1748
732	1688
754	1580
728	1632
742	1610
696	1508
704	1311
631	1437
689	1372
621	1567
744	1810
693	1523
727	1363
794	1400
764	1748
834	1739
829	1588
784	1470
909	1518
868	1565
860	1656
976	1614
988	1378
939	1469
915	1489
904	1540
974	1463
866	1348
870	1465
847	1586
710	1394
703	1494
688	1559
619	1400
671	1340
619	1209
581	1293
613	1501
544	1802
508	1579
446	1403
435	1263
538	1338
483	1487
464	1441
470	1371
489	1380
491	1442
492	1574
450	1501
452	1424
447	1378
466	1374
455	1316
444	1231
454	1145
446	1211
492	1394
475	1335
452	1191
453	1377
461	1167
408	1302
408	1479
459	1497
471	1318
403	1446
434	1421
401	1320
381	1409
420	1429
422	1185
431	1151
455	1328
447	1303
479	1421
419	1445
380	1182
373	1358
377	1391
419	1203
424	1177
399	1382
443	1327
469	1217
413	1125
390	957
361	1056
405	1225
418	1293
377	1102
408	1359
417	1338
469	1197
434	1232
427	1347
410	1250
398	1137
390	1274
433	1473
415	1413
463	1479
437	1305
448	1346
454	1530
411	1428
417	1332
394	1354
434	1397
432	1331
428	1320
455	1227
450	1272
459	1374
458	1475
436	1237
443	1248
469	1191
437	1224
503	1420
503	1458
466	1367
489	1233
440	1352
444	1367
432	1493
489	1328
483	1407
485	1454
443	1455
433	1435
424	1434
435	1159
468	1355
457	1474
509	1390
512	1477
482	1542
480	1832
521	1658
486	1533
484	1440
508	1657
467	1614
471	1617
524	1461
468	1636
476	1240
484	1394
434	1575
452	1390
488	1489
450	1325
425	1428
518	1413
455	1601
482	1464
461	1425
447	1422
492	1251
423	1198
382	1375
477	1443
428	1417
473	1505
405	1458
426	1390
443	1343
437	1309
429	1372
411	1463
442	1237
376	1232
409	1128
444	1273
449	1252
412	1392
447	1252
505	1286
450	1363
434	1293
469	1196
407	1166
434	1173
439	1088
471	1276
387	1465
361	1371
427	1233
410	1274
424	1244
379	1176
415	1117
419	1129
440	1112
413	1398
454	1230
422	1192
519	1318
467	1326
430	1334
440	1304
424	1486
459	1680
486	1510
463	1380
517	1579
464	1626
495	1643
484	1597
575	1470
596	1728
590	1779
593	2106
570	2045
501	1601
486	1640
505	1752
510	1568
504	1514
495	1372
445	1291
529	1530
487	1440
536	1466
570	1380
497	1545
580	1555
522	1426
496	1508
585	1487
505	1620
527	1858
606	1701
531	1461
542	1496
534	1468
539	1465
532	1760
550	1638
586	1557
588	1548
574	1431
481	1444
452	1473
526	1420
572	1291
556	1479
517	1513
540	1350
541	1224
584	1269
630	1354
571	1372
546	1274
558	1278
549	1245
511	1355
569	1432
565	1549
561	1443
602	1355
577	1403
580	1354
561	1254
573	1311
551	1401
504	1572
502	1455
489	1240
519	1244
502	1277
502	1264
462	1141
428	1320
473	1386
505	1348
440	1532
449	1314
451	1269
515	1348
509	1464
487	1418
458	1621
483	1442
522	1400
497	1373
520	1354
509	1354
480	1475
581	1578
511	1444
505	1467
484	1393
492	1457
502	1441
547	1216
531	1258
451	1200
439	1313
468	1278
430	1086
436	1120
458	1233
485	1240
466	1339
515	1099
486	1280
514	1409
506	1482
444	1678
444	1873
545	2174
582	1872
594	1891
528	1968
516	1816
522	1669
587	1721
535	1673
597	1596
589	1478
564	1688
617	1840
652	2294
723	2491
758	2768
1058	3408
1149	3257
1195	3434
1242	3948
1200	3922
1415	3767
1834	4129
2013	4373
1833	4456
2018	4664
2246	4684
2713	5384
2818	6488
2605	6397
2617	4996
3038	5797
3199	6487
3671	7084
3689	7557
3626	7971
3916	8388
4306	9190
4244	9636
4086	9196
3893	9073
3912	9106
3701	8995
3661	8411
3459	7935
3334	7954
2992	7975
2770	7397
2162	6644
2279	6891
2421	7671
2279	7207
1865	5600
1460	4450
1279	3835
1283	4044
1309	4067
1003	3169
892	3007
878	2761
912	2698
995	3253
931	3088
792	2615
730	2269
638	1857
627	1957
619	1927
603	1567
532	1538
577	1581
541	1466
574	1509
545	1530
539	1737
537	1565
578	1341
538	1387
519	1568
605	1779
585	1773
543	1518
514	1331
548	1709
523	1203
535	1311
476	1478
492	1525
526	1410
574	1296
622	1498
585	1533
594	1212
526	1114
512	1149
572	1336
591	1336
536	1209
498	1265
529	1657
587	1676
562	1399
572	1086
515	1253
546	1405
560	1689
528	1287
518	1291
607	1561
594	1766
572	1583
543	1595
565	1690
536	1548
568	1640
532	1517
626	1395
587	1234
607	1434
543	1524
605	1357
558	1373
622	1273
614	1350
597	1358
619	1210
648	1165
702	1338
778	1602
679	1445
662	1392
741	1682
685	1615
650	1426
669	1853
686	2781
676	2588
714	1893
670	1483
602	1325
641	1266
660	1211
721	2115
712	1780
708	1650
665	1350
730	1395
649	1427
810	1606
770	1368
784	1462
776	1404
684	1342
730	1470
655	1486
656	1465
714	1613
720	1690
735	1517
683	1517
660	1445
646	1619
652	1639
778	1669
683	1430
672	1983
662	2286
710	1743
809	1864
747	2224
770	2171
656	1982
781	1760
749	1857
765	1832
776	1698
777	1687
756	1636
729	1677
725	1844
714	1930
666	1761
728	1783
709	1552
717	1521
658	1639
677	1573
739	1813
676	1946
740	1887
678	1739
679	1617
758	1659
700	1551
701	1459
698	1665
714	1666
680	1838
668	1778
642	1621
644	1514
736	1454
668	1419
715	1324
670	1472
673	1538
707	1348
651	1310
754	1317
726	1290
671	1332
634	1352
693	1269
602	1437
623	1420
569	1359
672	1379
685	1461
629	1315
669	1365
649	1452
638	1361
598	1342
673	1574
635	1635
678	1319
647	1516
618	1490
653	1536
705	1512
661	1569
613	1442
601	1383
590	1423
545	1409
561	1231
553	1383
539	1448
513	1357
554	1317
571	1364
601	1397
592	1298
621	1291
528	1268
523	1531
587	1453
563	1215
489	1251
507	1346
532	1305
533	1339
503	1352
515	1273
602	1340
491	1474
495	1444
536	1490
521	1554
485	1575
475	1461
502	1480
469	1292
446	1168
485	1200
508	1175
480	1189
506	1245
478	1177
434	1153
454	1363
407	1496
402	1427
470	1593
422	1319
455	1340
460	1364
445	1313
478	1431
470	1349
495	1200
520	1222
501	1197
447	1126
443	1180
451	1362
460	1268
444	1247
456	1231
464	1048
483	1055
476	1116
431	1272
430	1379
467	1215
380	1214
445	1269
441	1239
389	1511
422	1356
369	1224
478	1303
400	1298
419	1338
432	1248
434	1177
410	1263
414	1353
384	1205
369	1364
407	1290
415	1193
392	1250
403	1219
395	1178
439	1110
411	1360
368	1390
416	1303
374	1267
378	1400
367	1325
489	1262
419	1381
475	1369
427	1241
426	1493
363	1417
409	1142
401	1277
394	1183
435	1167
391	1226
374	1176
445	1232
450	1483
443	1628
407	1560
376	1348
419	1304
419	1321
416	1428
389	1510
388	1441
378	1381
445	1520
430	1665
433	1707
421	1769
493	1449
410	1376
432	1226
412	1312
407	1408
340	1382
376	1261
454	1561
416	1294
440	1325
427	1240
428	1397
409	1476
404	1417
423	1402
415	1329
404	1234
408	1372
393	1266
433	1271
406	1193
428	1138
410	1123
437	1274
493	1206
401	1179
431	1160
422	1175
379	1172
379	1198
353	1197
422	1133
380	1243
443	1497
427	1439
415	1404
357	1431
391	1432
385	1418
400	1489
463	1376
398	1557
468	1423
366	1222
351	1176
478	1147
435	1146
431	1273
419	1261
461	1299
470	1290
435	1323
449	1342
481	1331
472	1372
532	1386
513	1364
469	1261
441	1315
514	1344
456	1354
471	1399
451	1428
469	1449
599	1692
782	1690
899	1806
934	1828
931	1788
1023	1564
1047	1606
978	1530
936	1465
978	1420
1070	1489
1194	1567
1308	1522
1385	1920
1338	1708
1339	1661
1465	1677
1387	1814
1464	1891
1431	1721
1516	1748
1530	1705
1565	1673
1454	1654
1405	1700
1323	1640
1375	1527
1583	1781
1460	1674
1440	1696
1362	1745
1324	1581
1270	1600
1299	1580
1276	1526
1138	1572
1265	1512
1395	1556
1343	1655
1419	1686
1466	1804
1432	1680
1463	1821
1459	1620
1524	1544
1583	1774
1626	1771
1712	1684
1782	1737
1691	1643
1736	1617
1708	1614
1699	1679
1648	1860
1547	1768
1370	1616
1261	1573
1193	1589
1187	1669
1137	1752
1282	1973
1406	1969
1481	1704
1345	1611
1390	1615
1321	1672
1500	1670
1532	1471
1292	1584
1082	1482
945	1571
1056	1523
918	1491
776	1399
647	1412
687	1304
609	1329
634	1341
564	1597
588	1675
532	1510
585	1504
662	1529
572	1810
611	1989
509	1958
611	4924
585	3619
555	2967
471	3287
416	2935
459	2501
459	2522
424	1472
448	1283
450	1343
458	1448
457	1312
413	1202
429	1191
476	1196
459	1053
429	1076
394	1300
428	1230
427	1325
417	1178
449	1298
427	1317
477	1334
439	1137
408	1084
439	1168
410	1181
405	1260
460	1092
408	987
409	1063
482	1041
421	1110
434	1181
459	1144
503	1371
501	1280
480	1370
460	1368
469	1141
461	1283
451	1359
426	1280
458	1279
440	1122
474	1208
419	1247
444	1332
451	1325
467	1386
484	1266
436	1251
383	1174
463	1210
416	1285
425	1244
406	1183
431	1417
458	1233
403	1174
409	1198
462	1183
453	1200
440	1245
440	1171
448	1396
469	1035
439	1159
444	1257
388	1099
376	1176
400	1291
397	1250
417	1340
472	1129
473	1019
412	1109
407	1204
410	1121
431	1112
425	1172
331	1233
443	1222
484	1203
389	1183
386	1170
386	1475
416	1248
408	1446
465	1592
418	1212
458	1235
439	1170
426	1286
471	1121
411	1125
411	1045
434	1219
445	1316
413	1347
403	1232
440	1311
394	1305
472	1546
493	1349
403	1154
454	1317
417	1531
422	1469
424	1509
454	1432
428	1357
432	1222
362	1300
424	1145
376	1330
409	1362
423	1266
465	1295
433	1155
447	1364
416	1321
465	1386
423	1377
463	1272
462	1370
438	1302
424	1403
492	1239
453	1360
440	1200
440	1077
437	1239
400	1262
421	1510
394	1227
436	1135
423	1219
457	1117
396	1468
440	1655
441	1422
434	1401
466	1491
485	1429
488	1284
501	1324
461	1305
452	1141
436	1115
452	1224
484	1365
434	1297
433	1413
431	1476
416	1516
439	1581
447	1540
389	1461
447	1288
400	1432
436	1487
459	1618
439	1422
460	1252
452	1273
521	1210
436	1196
451	1338
410	1157
448	1238
494	1373
437	1384
537	1310
491	1289
472	1037
467	1198
495	1342
433	1085
519	1509
479	1439
475	1489
511	1422
507	1294
523	1360
491	1371
483	1297
471	1321
534	1325
476	1297
499	1313
446	1397
541	1427
507	1512
520	1475
511	1362
472	1435
572	1424
515	1291
475	1386
539	1478
497	1548
490	1407
504	1495
542	1206
570	1410
540	1461
584	1370
575	1306
557	1395
536	1428
528	1349
526	1210
556	1339
514	1128
490	1243
486	1219
525	1360
506	1380
445	1223
432	1243
493	1400
459	1510
498	1537
484	1385
513	1334
529	1337
601	1421
510	1280
588	1478
508	1615
526	1502
541	1223
497	1532
466	1728
541	1461
580	1460
559	1448
615	1442
521	1459
589	1117
569	1452
577	1553
539	1409
529	1429
534	1418
482	1309
486	1267
472	1264
516	1398
493	1385
536	1278
561	1420
514	1627
557	1426
557	1365
571	1456
512	1543
581	1462
551	1473
560	1342
616	1529
579	1538
532	1478
551	1315
575	1373
535	1265
461	1283
540	1227
489	1233
532	1235
574	1340
512	1302
505	1101
505	1310
586	1318
495	1359
550	1163
489	1195
545	1202
507	1353
545	1383
585	1290
511	1432
490	1358
540	1343
461	1171
464	1165
471	1345
444	1263
467	1391
504	1141
526	1222
477	1169
490	1237
524	1283
482	1304
472	1369
509	1173
452	1166
498	1182
528	1267
515	1361
519	1310
485	1344
506	1387
457	1246
415	1494
415	1385
474	1354
462	1356
511	1252
470	1387
481	1256
474	1336
430	1337
386	1195
440	1098
416	1281
468	1261
490	1388
456	1207
424	1327
431	1337
493	1261
428	1174
418	1343
455	1394
409	1227
466	1302
487	1291
424	1329
451	1324
413	1477
468	1542
448	1650
445	1310
446	1298
379	1441
372	1410
387	1402
401	1448
407	1463
386	1469
425	1563
430	1299
445	1297
455	1447
463	1433
462	1488
484	1389
504	1342
461	1146
427	1343
468	1258
425	1126
439	1277
447	1201
417	1232
448	1306
487	1442
509	1337
452	1365
490	1161
439	1197
418	1210
404	1108
444	1165
399	1056
413	1233
354	1120
358	1179
398	1157
409	1106
452	1072
392	1105
441	1330
393	1252
409	1310
379	1172
432	1428
436	1475
430	1458
468	1491
402	1044
403	1394
426	1376
415	1269
503	1214
429	1081
442	1195
451	1256
422	1232
421	1197
373	1255
462	1339
425	1491
419	1301
419	1251
414	1216
431	994
407	1303
450	1382
465	1380
431	1331
437	1252
452	1178
402	1286
384	1222
432	1385
434	1368
430	1263
455	1239
409	1393
412	1310
442	1463
397	1537
464	1489
382	1212
461	1304
406	1359
442	1351
405	1362
373	1254
409	1377
415	1186
418	1207
381	1271
375	1275
368	1322
406	1297
420	1410
357	1436
336	1200
389	1284
398	1250
378	1195
364	1220
415	1322
377	1475
399	1469
420	1288
414	1408
439	1218
403	1275
387	1410
378	1257
386	1158
415	1070
407	1094
452	1139
427	1255
453	1416
477	1376
484	1303
465	1398
406	1212
375	1259
470	1281
411	1047
428	1166
405	1306
403	991
397	1127
389	1196
435	1289
415	1080
396	1123
418	974
414	1205
385	1360
450	1229
440	1160
429	1216
460	1219
430	1349
463	1406
438	1444
414	1206
366	1120
459	1315
470	1303
446	1385
473	1284
431	1281
440	1269
506	1050
468	1161
497	1044
418	1099
420	1323
435	1297
399	1298
457	1298
504	1434
506	1269
487	1052
477	1172
466	1412
447	1403
498	1327
420	1480
432	1310
435	1536
512	1345
485	1431
492	1394
477	1365
483	1378
489	1158
518	1155
465	1296
489	1283
478	1305
437	1173
498	1273
421	1111
449	1168
493	1296
474	1107
432	1118
476	1254
485	1443
439	1251
496	1227
467	1378
541	1230
459	1511
427	1363
505	1263
478	1259
488	1113
532	1142
475	1302
473	1151
502	1273
466	1159
512	1469
455	1434
524	1244
506	1143
484	1214
514	1399
463	1490
461	1356
484	1236
508	1335
452	1318
544	1312
533	1322
522	1385
535	1388
496	1369
535	1322
542	1337
559	1333
498	1295
560	1300
501	1282
529	1182
493	1239
510	1269
464	1257
498	1161
468	1093
493	994
485	1097
496	1379
504	1361
467	1203
486	1149
463	1202
451	1178
557	1280
533	1446
476	1180
534	1333
490	1132
502	1042
451	1193
425	1191
469	1134
413	1245
435	1243
462	1259
442	1292
454	1407
410	1253
456	1302
420	1340
459	1103
456	1557
527	1849
513	1778
507	1219
531	1401
530	1581
449	1553
472	1153
446	1312
438	1359
453	1400
445	1330
482	1263
420	1266
453	1240
509	1195
465	1241
515	1311
432	1203
460	1234
498	1142
546	1366
513	1495
504	1388
495	1504
430	1470
430	1429
456	1447
429	1481
483	1339
460	1358
422	1262
434	1308
404	1202
401	1342
413	1422
449	1425
458	1422
520	1378
436	1336
419	1514
473	1576
407	1446
411	1458
458	1758
437	1786
464	2178
520	3593
512	3362
511	4203
484	2811
396	1823
417	2508
419	2260
402	1728
405	1610
417	1742
412	1732
481	1546
491	1385
436	1234
479	1491
387	1375
456	1427
428	1530
475	1616
463	1460
500	1299
457	1304
476	1663
450	1740
449	1859
485	2129
495	1762
491	1645
504	1421
536	1639
505	1745
442	1651
463	1677
403	1763
422	1428
466	1514
497	1523
454	1325
424	1327
399	1211
434	1368
419	1231
373	1333
420	1243
396	1199
463	1120
467	1249
453	1447
455	1351
545	1385
447	1314
430	1270
422	1315
449	1310
403	1272
398	1156
393	1256
413	1278
407	1171
402	1270
412	1202
444	1269
440	1180
455	1295
433	1372
420	1160
414	1251
446	1189
487	1137
455	1257
450	1407
519	1317
492	1268
471	1450
469	1376
483	1390
475	1335
522	1157
541	1252
620	1254
740	1419
906	1710
969	1725
892	1400
922	1534
1219	1732
1680	1628
1443	1536
1102	1258
1388	1455
1750	1609
1834	1513
1951	1501
2227	1771
2463	1985
3001	2337
3608	2579
3507	2863
2902	2750
3037	2879
3258	3168
3597	3305
3452	3249
3427	3005
3090	2720
3016	2733
3226	2868
3162	2845
3390	3099
3393	3698
3750	4387
3855	4819
4080	5785
4448	6189
4441	6321
4272	6503
4518	7004
4640	6798
4666	6441
4789	6606
5126	6834
5722	7685
6318	9513
6425	9881
6117	9143
5387	8259
5246	7760
4961	7514
5090	7978
5129	7811
5475	8390
6109	9603
6029	9755
6518	10684
6352	10706
6660	10953
6487	10990
6412	11687
6335	11722
6390	11846
6443	11865
6349	11970
6444	11428
6280	11301
5885	10885
5950	10726
5887	10441
5748	9657
5819	9976
6133	10204
5772	10187
5926	10244
6070	11221
6313	11708
6349	11663
6108	11330
5948	10860
5648	10249
5513	10188
5349	9590
5226	9623
5488	10060
5644	10603
5863	12885
6027	15282
5880	16145
5676	16135
5126	15782
4747	15330
4169	14834
3415	13973
3403	13287
3159	12454
2559	10283
1966	8053
1642	6849
1661	6500
1752	6759
1602	6494
1398	5834
1102	4947
1134	5312
1040	4929
1019	4534
872	4122
670	3320
685	2656
685	2920
723	2647
594	1923
540	1386
590	1242
499	1585
547	1587
501	1612
494	1522
456	1437
515	1566
489	1315
458	1476
490	1572
455	1389
408	1372
471	1337
433	1260
426	1267
444	1238
458	1141
474	1281
503	1225
508	1196
521	1181
486	1103
466	1296
490	1240
451	1409
408	1458
426	1337
473	1330
456	1335
469	1348
411	1224
454	1209
473	1216
460	1247
483	1208
445	1263
439	1249
454	1153
449	1321
441	1452
432	1299
473	1181
449	1236
440	1279
498	1406
482	1366
514	1217
457	1361
486	1457
436	1353
507	1188
445	1356
470	1444
463	1363
447	1178
416	1118
471	1142
434	1247
507	1210
491	1333
480	1424
510	1182
510	1329
520	1228
529	1355
557	1243
577	1190
606	1371
563	1506
578	1699
620	1302
665	1402
616	1391
581	1251
654	1365
614	1451
677	1545
640	1519
667	1258
692	1245
678	1293
657	1289
642	1343
710	1155
743	1362
696	1432
665	1291
725	1326
665	1306
716	1383
669	1389
793	1509
736	1434
643	1402
653	1491
636	1460
639	1398
610	1415
533	1447
536	1358
532	1567
561	1506
522	1436
468	1549
486	1605
506	1355
508	1345
523	1283
452	1313
468	1525
477	1431
470	1446
442	1609
439	1689
435	1555
464	1341
478	1399
496	1401
476	1566
391	1543
432	1499
438	1365
407	1406
433	1509
414	1390
487	1473
489	1616
422	1802
513	1845
515	2065
539	2188
555	2264
559	2141
625	2270
619	2648
635	2411
591	2481
569	2311
566	2246
535	2308
535	2009
612	2006
579	2019
596	2055
552	2374
569	2291
583	2686
583	2559
648	2570
577	2406
623	2335
534	2264
557	1952
575	1956
541	1772
528	1532
550	1396
525	1433
459	1419
480	1372
459	1450
439	1406
448	1362
476	1451
445	1515
471	1577
495	1368
465	1386
490	1492
443	1439
418	1547
470	1643
408	1737
479	1590
490	1426
473	1480
492	1427
461	1275
470	1374
384	1524
391	1460
448	1387
424	1435
409	1407
390	1294
389	1449
417	1413
464	1397
409	1786
408	1783
470	1522
443	1469
458	1318
499	1499
485	1433
456	1487
445	1489
407	1584
452	1664
421	1452
482	1591
462	1811
445	1742
443	1633
444	1683
456	1541
409	1423
422	1369
437	1473
411	1415
424	1471
396	1514
439	1645
439	1408
382	1433
421	1674
370	1455
382	1501
424	1525
410	1727
452	1714
424	1586
406	1585
454	1706
397	1840
440	1874
495	2139
527	2718
527	3259
566	2795
509	2699
439	2747
488	2368
444	1856
409	2121
477	1888
410	1739
376	1478
402	1436
434	1352
400	1403
411	1542
407	1676
416	1476
475	1270
451	1255
448	1424
439	1278
452	1525
437	1312
440	1199
443	1177
439	1280
447	1401
454	1382
421	1298
433	1354
411	1269
395	1270
452	1128
478	1147
410	1422
450	1257
444	1224
483	1277
469	1359
404	1447
420	1337
440	1186
377	1169
410	1174
434	1276
404	1092
418	1326
399	1306
414	1368
426	1250
411	1295
438	1163
427	1333
412	1294
434	1291
471	1424
455	1321
439	2096
406	1907
369	1479
412	1431
405	1266
452	1482
471	1401
402	1343
396	1256
439	1278
439	1254
446	1313
479	1397
456	1486
444	1593
436	1489
458	1406
393	1631
417	1198
415	1207
467	1295
414	1389
409	1565
492	1633
473	1434
432	1337
438	1099
441	1403
423	1325
450	1402
433	1446
437	1432
443	1347
400	1347
434	1381
448	1269
415	1312
479	1285
442	1291
444	1219
448	1396
405	1308
374	1521
426	1476
395	1175
381	1199
407	1216
464	1316
440	1438
410	1456
421	1439
477	1570
474	1413
495	1311
452	1344
513	1432
495	1684
490	1776
434	1640
477	1777
526	2607
654	2396
631	2141
649	2027
592	2828
463	4264
503	5825
430	5914
424	5946
484	6355
505	2338
472	1726
462	1556
472	1575
457	1569
507	1472
461	1409
379	1378
455	1416
435	1709
428	1486
404	1276
442	1367
443	1344
436	1319
401	1256
471	1491
445	1393
470	1497
419	1468
474	1551
416	1580
464	1564
445	1519
417	1569
427	1751
433	1519
456	1374
469	1355
491	1562
441	1683
420	1894
423	1550
428	1747
446	1614
477	1447
456	1470
434	1520
433	1450
456	1523
468	1492
471	1377
483	1419
431	1402
468	1287
474	1494
493	1385
516	1562
419	1327
481	1271
505	1361
419	1371
500	1575
434	1427
460	1234
465	1377
514	1620
462	1278
463	1170
508	1314
487	1250
381	1274
426	1276
462	1513
461	1512
421	1340
405	1413
438	1384
422	1283
342	1396
397	1630
412	1572
398	1323
392	1398
448	1420
399	1526
386	1430
445	1562
439	1502
389	1335
376	1382
435	1433
394	1441
385	1569
422	1605
408	1548
403	1288
388	1257
384	1276
409	1069
404	1079
413	1138
428	1278
422	1309
419	1060
442	1118
413	1395
422	1298
424	1312
440	1230
475	1251
466	1247
470	1322
425	1448
431	1241
453	1388
531	1201
472	1356
461	1467
457	1448
460	1346
486	1387
442	1288
405	1366
450	1621
464	1314
458	1476
424	1530
436	1463
442	1286
436	1372
415	1507
429	1253
406	1475
443	1557
452	1375
405	1280
453	1316
437	1240
462	1244
414	1222
419	1235
431	1241
512	1370
480	1381
514	1314
468	1359
513	1286
508	1360
458	1517
482	1408
489	1433
515	1507
506	1422
444	1319
479	1232
501	1445
450	1422
429	1370
484	1310
510	1408
473	1348
502	1067
458	1188
528	1291
434	1269
534	1360
491	1352
446	1296
492	1522
445	1447
491	1451
483	1484
471	1446
442	1581
519	1406
490	1395
465	1267
469	1216
472	1311
451	1254
448	1229
404	1352
432	1436
455	1259
451	1480
474	1494
492	1395
445	1414
490	1304
430	1268
491	1206
468	1266
454	1324
496	1326
470	1236
505	1280
457	1325
444	1408
473	1378
446	1237
430	1362
438	1492
428	1497
446	1235
434	1376
480	1523
502	1590
478	1498
449	1287
535	1299
474	1192
438	1171
484	1286
515	1326
517	1384
511	1457
510	1515
508	1526
500	1345
492	1402
496	1398
527	1464
534	1428
599	1281
568	1253
516	1596
520	1516
577	1585
615	1463
548	1342
541	1605
579	1473
550	1430
522	1403
527	1513
499	1539
559	1281
533	1485
498	1456
541	1478
548	1716
524	1607
553	1308
551	1575
525	1719
520	1430
558	1479
565	1347
528	1446
491	1355
494	1602
508	1522
527	1499
489	1560
518	1594
474	1474
481	1495
527	1489
459	1448
518	1493
472	1236
491	1325
507	1243
501	1291
523	1287
585	1230
475	1412
502	1366
532	1336
517	1475
561	1240
484	1320
480	1194
453	1079
412	1142
465	1167
468	1280
474	1110
481	1081
501	1365
426	1249
440	1290
432	1289
406	1380
446	1272
390	1139
395	1091
423	1044
430	1041
400	1116
445	1450
405	1176
477	1058
455	919
514	890
416	977
481	1034
452	1239
443	1250
499	1351
453	1398
388	1124
391	1129
396	1160
436	1163
418	1205
449	1368
440	1332
446	1133
381	1239
414	1174
364	960
423	950
429	1021
368	1061
401	1284
470	1265
390	1290
407	1469
423	1303
394	1250
428	1000
447	1017
416	1036
392	1083
408	1135
422	1176
457	1148
410	1119
514	1353
428	1240
428	1256
421	1334
404	1268
431	1292
484	1252
484	1304
419	1417
413	1365
444	1404
438	1279
462	1389
426	1456
415	1492
445	1470
461	1334
467	1587
463	1539
480	1620
442	1488
430	1560
436	1396
401	1395
427	1260
498	1377
410	1348
423	1165
427	1233
459	1154
467	1255
470	1261
474	1518
461	1705
406	1684
402	1676
456	1751
480	1710
464	1461
481	1175
420	1336
428	1275
467	1281
486	1236
442	1551
415	1252
468	1289
407	1332
457	1501
452	1290
523	1474
432	1395
415	1290
485	1538
462	1528
450	1368
481	1575
478	1832
560	2299
513	2061
486	1488
463	1501
468	1443
421	1244
449	1126
493	1312
452	1643
492	1290
495	1363
443	1425
489	1357
481	1414
466	1376
507	1381
479	1379
440	1393
475	1545
475	1624
481	1579
437	1357
454	1285
455	1189
520	1250
417	1185
448	1300
455	1362
388	1548
476	1464
477	1719
501	1736
495	1897
591	1713
489	1546
569	1734
530	1824
563	1542
626	1566
602	1657
526	1437
529	1407
520	1445
550	1443
432	1389
460	1197
470	1395
430	1186
443	1393
378	1253
445	1097
512	1193
442	1204
440	1116
437	1330
439	1336
424	1374
413	1264
450	1281
428	1392
435	1316
475	1313
434	1305
390	1381
436	1308
460	1443
383	1328
442	1491
451	1421
436	1232
448	1336
487	1387
479	1356
419	1331
431	1280
415	1344
437	1458
380	1595
410	1307
354	1351
436	1349
468	1227
384	1185
369	1063
435	1114
453	1133
404	1019
415	944
401	1027
379	1144
408	1159
382	1171
395	1210
399	1136
410	1061
345	1129
443	1278
466	1213
379	1191
432	1217
464	1487
387	1478
389	1273
373	1159
416	1268
407	1239
376	1419
424	1337
419	1166
415	1085
421	1145
391	1160
383	1301
420	1305
433	1224
423	1291
386	1191
381	1158
346	1257
346	1252
395	1271
383	1191
412	1171
418	1536
401	1438
413	1172
434	1110
444	1252
393	1250
445	1249
441	1287
421	1269
452	1363
417	1257
462	1228
414	1228
418	1306
488	1200
390	1111
383	1308
392	1274
436	1295
413	1183
408	1205
429	1176
364	1198
452	1321
407	1238
389	1512
403	1431
437	1366
469	1455
443	1492
439	1218
385	1251
402	1217
405	1009
436	1143
421	1066
378	1180
369	1256
398	1224
377	1314
384	1236
455	1314
428	1240
421	1222
408	1179
463	1167
445	1376
422	1301
437	1230
384	1306
400	1383
430	1346
456	1489
452	1441
462	1424
462	1344
428	1294
459	1314
392	1166
425	1341
413	1437
404	1204
421	1287
398	1221
386	1131
431	1215
431	1226
432	1157
418	1279
466	1256
444	1285
398	1284
410	1380
504	1406
433	1494
373	1464
401	1556
392	1274
423	1417
426	1483
362	1264
383	1130
411	1270
410	1150
419	1269
452	1111
444	1207
411	1478
424	1040
440	1216
441	1307
478	1291
438	1362
507	1404
466	1519
500	1533
503	1153
472	1348
514	1488
537	1415
437	1555
484	1642
462	1578
439	1572
446	1544
427	1557
497	1595
457	1770
522	1720
492	1886
589	1596
560	1380
572	1606
580	1508
529	1463
547	1520
554	1407
583	1404
560	1475
565	1299
610	1318
659	1437
711	1633
795	1852
750	1840
734	1966
841	2159
717	1911
736	1754
631	1886
673	1807
591	1751
638	1662
597	1666
636	1604
642	1669
634	1821
644	1818
604	1567
656	1464
734	1761
724	1824
818	2015
786	2075
757	2017
835	1833
800	2025
790	1910
767	2108
892	2038
731	1894
724	1977
675	2020
735	1940
689	1852
747	1592
639	1705
755	1822
728	1758
818	1785
733	1770
828	1894
913	1784
947	1982
967	2103
1019	2070
1059	2149
970	2179
966	2055
872	2028
800	1882
848	1666
750	1777
763	1967
752	1817
786	1791
738	1731
795	1690
815	1596
748	1809
799	1990
867	1803
885	1987
881	1821
887	1888
861	1879
860	1964
783	1901
784	1961
702	1994
713	2082
697	1974
626	1944
663	1779
665	1779
648	1805
660	1920
663	1898
632	1789
681	1833
694	1746
712	1878
699	1927
697	1900
797	1764
757	1976
752	2081
788	1888
731	1808
688	1697
572	1775
637	1880
615	2021
677	3499
680	3870
708	2779
704	1657
634	1609
610	2430
659	3538
647	3541
643	3083
603	2131
556	2061
549	2017
605	1796
598	1905
582	1816
558	1653
530	1778
536	1668
635	1422
636	1577
534	1640
595	1867
604	1819
557	1786
577	1840
557	1894
506	1697
577	1533
532	1350
498	1372
523	1398
486	1233
475	1316
489	1676
494	1486
522	1459
502	1579
502	1690
582	1610
561	1471
486	1349
560	1536
556	1510
507	1532
542	1713
499	1350
536	1467
549	1780
572	1847
509	1230
514	1291
575	1181
583	1079
512	1203
533	970
517	1032
528	1161
559	1254
515	1247
615	1115
549	1125
573	1399
528	1550
580	1315
494	1388
490	1134
481	1144
506	1273
513	1114
465	1342
497	1233
512	1163
536	1417
539	1520
505	1421
551	1360
494	1502
453	1494
445	1324
483	1358
475	1276
510	1241
422	1313
455	1333
432	1480
447	1321
431	1438
492	1505
502	1362
463	1474
460	1392
419	1504
482	1526
461	1534
471	1483
485	1496
473	1522
464	1507
500	1494
489	1570
483	1365
436	1577
400	1328
457	1329
446	1383
466	1367
456	1290
469	1281
488	1340
505	1340
458	1267
499	1491
475	1455
505	1281
568	1299
530	1307
527	1268
528	1602
474	1557
525	1581
475	1587
498	1559
508	1414
462	1571
489	1827
567	1783
558	1740
555	1568
520	1619
418	1580
507	1676
488	1615
514	1588
482	1581
482	1543
448	1425
434	1491
447	1510
510	1449
511	1469
517	1572
533	1665
508	1460
584	1217
505	1426
472	1296
501	1153
502	1333
505	1529
465	1266
448	1201
448	1162
441	1248
429	1290
489	1138
488	1255
461	1222
468	1312
396	1044
441	1322
409	1263
472	1223
460	1250
421	1230
402	1231
462	1320
431	1315
443	1377
429	1318
413	1426
383	1423
396	1346
428	1338
471	1318
453	1333
424	1250
444	1331
454	1319
448	1346
424	1124
425	1442
389	1381
446	1308
380	1357
392	1423
438	1344
396	1327
442	1332
423	1282
429	1248
494	1418
412	1326
442	1226
408	1339
371	1262
397	1259
413	1297
331	1241
414	1307
406	1282
352	1318
400	1220
442	1402
386	1335
388	1166
419	1262
433	1382
391	1246
408	1124
430	1273
430	1212
431	1257
364	1202
462	1192
441	1299
377	1198
488	1406
468	1238
453	1354
462	1495
414	1296
456	1308
458	1511
503	1433
443	1351
484	1425
418	1328
445	1148
417	1266
489	1424
449	1345
465	1419
372	1321
477	1248
436	1204
519	1426
483	1397
510	1426
506	1368
465	1312
444	1306
479	1469
506	1586
468	1278
490	1621
524	1639
534	1487
466	1345
539	1338
526	1225
542	1228
492	1311
506	1251
500	1246
484	1317
529	1450
596	1648
595	1349
517	1337
546	1230
470	1342
532	1320
537	1209
568	1151
523	1309
522	1216
508	1299
533	1307
582	1380
583	1354
569	1280
553	1347
539	1227
533	1276
575	1424
568	1275
520	1430
588	1303
590	1448
565	1305
554	1308
574	1284
562	1238
564	1319
622	1550
588	1339
603	1370
634	1248
578	1369
601	1465
672	1502
604	1497
650	1357
567	1474
623	1359
605	1524
632	1501
664	1488
585	1423
658	1418
600	1303
553	1379
554	1355
631	1240
564	1315
589	1236
585	1207
601	1257
562	1249
516	1321
481	1202
491	1275
539	1302
494	1359
506	1462
514	1331
433	1195
537	1327
523	1442
537	1373
499	1367
534	1344
514	1282
525	1369
554	1460
540	1371
479	1235
512	1306
449	1307
551	1381
515	1399
472	1331
507	1501
527	1507
469	1329
479	1380
477	1512
513	1448
489	1397
484	1253
510	1289
510	1371
474	1303
463	1207
468	1007
486	1103
488	1084
472	1276
510	1393
538	1463
514	1165
530	1372
464	1417
494	1328
485	1446
480	1388
517	1317
535	1669
510	1553
444	1422
516	1312
537	1436
542	1668
520	1560
487	1657
491	1608
489	1864
494	1641
499	1783
454	1794
502	1724
435	1511
441	1403
438	1221
473	1271
439	1219
473	1434
442	1546
448	1358
455	1550
460	1402
448	1392
478	1379
480	1544
475	1390
483	1401
478	1413
438	1340
383	1189
415	1132
476	1042
427	1222
493	1281
469	1571
505	1400
524	1472
492	1516
493	1259
478	1279
503	1241
534	1471
502	1462
442	1291
456	1460
471	1477
449	1412
437	1256
433	1349
475	1449
482	1308
465	1054
454	1292
495	1197
444	1287
482	1233
484	1323
436	1337
473	1463
461	1394
532	1468
485	1337
468	1429
497	1448
462	1447
482	1342
555	1285
575	1476
546	1439
533	1259
592	1435
601	1530
580	1519
628	1638
689	1568
648	1578
631	1754
710	1512
705	1389
726	1363
736	1361
741	1412
801	1335
706	1367
818	1454
851	1310
841	1332
865	1584
988	1557
971	1437
901	1401
914	1641
900	1680
889	1734
887	1542
844	1595
857	1619
911	1496
967	1661
839	1685
867	1735
886	1523
876	1510
976	1752
936	1514
977	1539
858	1526
740	1593
725	1643
684	1657
743	1650
787	1677
695	1859
646	1814
637	1583
636	1681
685	1840
689	1612
650	1678
714	1648
635	1645
554	1692
622	1533
555	1329
504	1454
553	1390
565	1450
531	1488
514	1553
459	1537
502	1430
526	1382
527	1347
533	1280
483	1491
460	1499
532	1448
485	1263
454	1316
445	1234
475	1487
388	1247
467	1271
442	1412
488	1418
437	1445
506	1355
448	1328
386	1495
452	1473
436	1484
412	1146
399	1222
396	1215
401	1094
408	1070
388	1056
380	1053
417	1051
411	1104
389	1137
407	1259
465	1047
421	1068
454	1110
429	1180
449	1223
431	1301
413	1364
470	1216
404	1139
421	1234
463	1044
473	1193
438	1240
443	1433
463	1303
413	1261
428	1080
421	1099
421	1212
418	1217
457	1217
423	1182
458	1179
384	1294
397	1146
404	1141
389	1206
432	1309
467	1192
423	1204
425	1209
408	1083
419	1101
408	1197
427	1443
369	1197
449	1513
471	1224
468	1311
424	1106
458	1216
407	1320
433	1314
415	1156
445	1237
463	1233
485	1259
426	1330
406	1229
470	1290
444	1128
460	1307
491	1147
428	1166
428	1202
407	1072
385	981
430	1128
423	1028
425	1208
421	1221
446	1130
474	1284
446	1246
437	1232
492	1284
495	1224
481	1213
479	1140
472	1406
502	1185
525	1140
475	1426
416	1224
458	1157
416	1111
414	1171
518	1025
474	1157
519	1176
453	1206
475	1189
479	1352
556	1000
545	1040
510	1054
531	1099
501	1089
470	1246
545	1269
492	1175
481	1316
530	1213
481	1364
536	1312
521	1226
529	1213
524	1236
547	1241
485	1361
506	1395
514	1541
543	1426
531	1303
533	1365
559	1377
618	1596
558	1470
625	1350
631	1461
626	1381
621	1418
633	1487
652	1831
701	1674
589	1677
616	1683
577	1612
579	1316
532	1138
592	1384
598	1446
590	1418
633	1466
596	1596
646	1435
618	1432
626	1346
619	1606
702	1431
631	1326
640	1486
606	1626
600	1352
614	1275
552	1476
551	1420
487	1448
556	1405
518	1341
481	1434
545	1358
560	1250
556	1246
553	1320
572	1176
668	1284
630	1432
615	1189
640	1331
625	1362
601	1437
582	1340
589	1318
568	1219
561	1477
516	1379
560	1244
554	1289
574	1235
613	1361
539	1257
545	1421
631	1333
570	1315
566	1260
544	1334
595	1381
591	1468
612	1417
594	1486
570	1530
653	1321
621	1645
644	1627
591	1890
525	1713
534	1576
600	1570
600	1304
596	1412
658	1316
595	1400
527	1374
547	1365
544	1396
546	1468
571	1458
528	1474
595	1460
581	1800
518	1936
599	2145
588	2551
543	2598
592	2442
587	2299
583	2013
551	1986
549	2186
586	1905
515	2649
574	2670
575	2483
567	1801
548	1360
576	1908
554	1821
543	1545
557	1458
541	1262
493	1287
568	1248
559	1590
521	1428
503	2058
498	1569
515	1661
547	1470
570	1264
464	1292
463	1461
515	1402
520	1586
481	1352
470	1447
432	1375
532	1348
488	1208
455	1118
463	1234
552	1324
492	1257
529	1423
525	1380
449	1378
530	1471
535	1491
514	1318
489	1268
505	1304
524	1193
475	1066
532	1318
437	1309
478	1332
432	1370
531	1334
457	1457
431	1366
503	1332
450	1240
446	1552
473	1594
508	1591
484	1398
435	1378
455	1238
483	1351
483	1371
468	1235
488	1252
459	1246
445	1212
416	1221
399	1268
374	1196
360	1345
430	1476
410	1250
385	1405
414	1147
455	1311
457	1261
453	1430
424	1373
436	1356
439	1220
429	1148
440	1290
485	1263
417	1302
414	1419
450	1339
472	1395
414	1354
396	1148
398	1379
417	1408
478	1340
412	1300
427	1238
441	1317
407	1279
429	1385
425	1250
437	1276
471	1296
478	1033
419	1116
444	1176
391	1292
419	1227
488	1200
461	1106
458	1085
421	1153
451	1261
469	1117
426	1199
433	1393
466	1269
428	1027
416	1133
448	1150
445	1119
412	1243
384	1332
420	1446
454	1278
408	1301
414	1405
463	1302
426	1349
444	1430
474	1345
450	1352
499	1382
443	1284
409	1446
447	1426
540	1302
484	1771
514	1845
585	2668
558	2780
491	3264
484	2281
470	1937
467	2013
505	2375
511	1905
555	2603
542	1859
529	1657
505	1548
553	2232
524	2337
490	2886
598	3475
530	2953
473	2632
534	2766
546	3536
502	2940
545	2825
499	2276
548	1986
518	1917
470	2016
509	3400
469	2822
464	3193
435	2761
515	2845
524	4213
562	5407
603	3961
539	3625
585	3575
509	3184
513	2639
512	2595
490	2657
441	2383
449	1877
436	1540
549	1728
503	1932
482	2013
434	1729
517	1634
492	1685
508	1786
505	1524
482	1442
466	1647
498	1672
442	1589
448	1399
434	1392
488	1280
476	1429
402	1504
436	1370
431	1302
502	1291
502	1177
466	1238
478	1321
500	1479
465	1236
424	1338
488	1468
422	1438
444	1461
399	1500
429	1609
473	1638
468	1540
482	1430
492	1484
424	1413
436	1310
474	1246
468	1251
433	1260
486	1320
428	1296
451	1396
422	1285
412	1319
393	1307
478	1360
432	1218
437	1365
485	1351
493	1315
455	1153
443	1244
430	1270
454	1289
438	1214
444	1131
435	1210
416	1377
500	1218
486	1093
478	1141
529	1312
482	1413
496	1360
508	1201
512	1303
474	1296
529	1498
449	1548
479	1494
484	1471
508	1409
541	1387
561	1515
513	1321
507	1644
541	1615
555	2694
546	3981
497	2249
498	1967
539	1384
467	1160
509	1207
516	1248
495	1453
537	1199
536	1244
530	1395
566	1298
577	1359
605	1401
529	1213
511	1440
506	1323
487	1167
517	1434
469	1301
531	1370
532	1506
519	1488
567	1441
558	1467
488	1469
469	1258
473	1477
450	1467
483	1321
526	1368
537	1494
565	1174
576	1269
543	1469
547	1328
551	1296
560	1296
515	1386
580	1262
528	1175
469	1338
481	1315
448	1250
544	1037
458	962
490	1161
532	1117
528	1239
557	1175
560	1076
510	1211
576	1265
581	1436
549	1583
616	1492
579	1437
581	1352
662	1379
549	1300
586	1369
575	1161
537	1322
546	1409
540	1466
645	1374
578	1448
630	1408
566	1305
685	1520
669	1204
635	1412
643	1631
686	1855
710	2039
754	2417
718	2036
664	1655
682	1901
756	1951
802	2329
850	1653
776	1697
775	1451
727	1629
833	1630
808	1662
808	1643
862	1700
939	1685
1035	2059
1089	1781
1207	1681
1272	1716
1244	1633
1168	1694
1071	1794
1228	2287
1232	2230
1206	2050
1163	2459
1300	3584
1454	4697
1455	4851
1486	4218
1540	5131
1804	5956
2129	6677
2231	7020
2175	6935
2193	6629
2324	7157
2665	7407
2734	7689
2861	7756
2930	8085
3387	9042
4081	10134
4235	10657
4102	10475
4253	10540
4419	10330
4782	10528
5069	10103
4866	9006
4550	7246
4560	6898
4860	7430
5001	7939
5179	8443
5040	9033
5361	9805
5673	10096
6353	10232
6454	10354
6057	10221
6317	10495
6148	10558
6327	10624
6221	10690
6471	10788
6478	10770
6712	10987
7419	11114
7828	11060
7396	10833
6992	10774
7109	10715
7332	10716
7366	10505
6866	10593
6789	10114
6765	9961
6310	9543
5963	8997
5761	9381
5383	8867
4781	8080
3696	6529
2495	5196
1897	4368
1933	4503
1908	4268
1430	3848
1085	3465
1017	3252
1090	3328
911	2958
792	2622
722	2387
589	2005
609	1893
522	1820
533	1574
498	1342
497	1227
484	1406
481	1404
523	1479
485	1422
495	1360
528	1522
542	1565
472	1378
472	1541
477	1359
483	1329
435	1275
452	1514
418	1275
445	1472
436	1331
419	1481
461	1605
499	1526
438	1515
432	1524
429	1427
431	1475
436	1388
458	1221
529	1381
421	1352
484	1367
447	1440
478	1434
447	1334
409	1310
475	1373
457	1441
448	1474
480	1396
447	1209
476	1229
491	1355
529	1363
485	1489
516	1367
531	1422
496	1432
589	1427
522	1453
524	1549
542	1544
548	1524
554	1839
521	1765
464	1656
557	1814
509	1698
601	1930
566	1824
535	1950
600	1804
603	1726
544	1688
586	1731
568	1569
530	1496
584	1682
537	1608
589	1565
486	1289
556	1371
510	1390
477	1417
484	1483
456	1424
516	1325
446	1393
472	1315
505	1467
518	1501
505	1274
508	1375
548	1513
566	1567
500	1564
530	1551
501	1681
506	1510
546	1236
478	1493
491	1456
443	1696
430	1652
491	1581
523	1632
469	1761
445	1440
418	1337
459	1335
448	1402
463	1449
471	1433
448	1333
463	1597
454	1588
472	1524
496	1391
436	1241
462	1456
506	1493
471	1534
452	1503
476	1383
497	1219
461	1146
436	1256
470	1457
520	1593
499	1744
464	2245
464	1632
396	1491
477	1629
419	1706
451	1546
448	1683
443	1871
475	1917
522	1944
493	1866
538	1943
537	2224
490	1962
506	1894
551	1642
527	1642
537	1627
569	1734
580	1615
571	1438
592	1539
596	1690
621	1776
730	1835
727	1616
691	1483
700	1603
678	1493
641	1306
687	1647
643	1687
620	1523
659	1336
674	1311
656	1410
659	1366
686	1473
666	1586
679	1527
666	1417
624	1441
670	1591
602	1679
559	1805
608	1520
572	1526
531	1460
593	1398
575	1535
583	1604
594	1529
593	1625
593	1816
585	1515
549	1458
481	1379
554	1550
534	1447
457	1360
508	1387
496	1436
477	1524
475	1354
477	1349
484	1495
505	1333
507	1394
501	1416
554	1382
512	1241
469	1336
492	1360
456	1205
472	1205
498	1319
527	1665
490	1535
557	1553
558	1566
632	1792
740	1925
803	2246
785	2354
849	2690
1096	3101
1370	3886
1592	5495
1621	5745
1662	6363
1816	7076
2151	7990
2498	7914
2609	7564
2474	6739
2559	7098
3340	10664
4164	13572
4780	15175
4490	14821
4335	14247
4809	15118
5080	14934
4938	13804
4986	13599
4820	12175
4735	11816
5257	12035
5666	12393
5909	13484
5859	14490
6410	14887
6521	15515
6787	15390
7027	15355
7231	15314
7294	15549
7714	16073
7810	15979
7816	15593
7352	15676
7275	15570
7170	13655
6594	11390
6094	10831
5563	10646
5452	10757
5508	10420
5745	10290
6154	10625
6577	11866
7517	13494
8120	15336
8358	16236
8429	16618
8457	16921
8787	17294
8580	16881
8631	16652
8331	16554
7954	16089
7386	14869
6855	12664
6001	11541
5303	10532
4814	9730
4621	9523
4305	8930
3839	8415
3371	7467
3450	7412
3634	8117
3953	10717
4330	10658
4743	12176
5281	12307
6052	12543
6245	13235
5948	12533
5260	11910
4833	12293
4361	13288
4374	15910
4093	17620
3612	18203
3229	15974
3347	17323
2890	14653
3081	19339
2821	19466
2547	18296
2603	18314
2541	17254
2354	17005
2025	13329
1507	7724
1334	7151
1450	9448
1660	9518
1314	6217
1122	6269
1244	9180
1231	12034
1341	12771
1322	15712
1185	13074
927	10226
890	7081
828	3942
739	3195
629	2851
616	2344
636	1992
598	1849
510	1713
532	1461
461	1350
441	1290
487	1351
515	1548
452	1777
511	1459
462	1189
501	1391
466	1325
482	1502
447	1450
435	1393
522	1598
481	1554
517	1468
485	1470
396	1408
405	1530
437	1422
443	1270
443	1394
426	1568
443	1524
384	1366
431	1332
450	1517
464	1549
446	1302
377	1470
433	1423
466	1640
444	1627
427	1558
374	1244
409	1372
422	1538
387	1496
469	1916
461	2164
464	2033
442	1753
389	2006
413	2193
352	2047
396	1840
356	1930
404	1884
416	1948
431	1768
464	1467
413	1215
449	1452
498	1468
413	1462
430	1586
366	1475
417	1570
405	1775
435	1246
417	1482
510	1765
494	1853
438	1907
432	2043
467	1965
476	1842
414	1472
429	1808
427	1940
493	1921
419	1946
488	1770
457	1264
453	1492
415	1358
451	1594
407	1823
428	1792
439	1792
363	1611
399	1565
433	1690
420	1407
517	1425
441	1426
399	1364
416	1610
431	1423
449	1372
417	1455
427	1288
410	1189
422	1349
389	1170
407	1288
362	1276
332	1063
428	1210
413	1259
399	1101
403	1394
407	1173
444	1325
356	1337
423	1413
420	1318
430	1197
407	1294
414	1231
397	1108
368	1351
414	1224
421	1317
480	1203
423	1036
426	1159
378	1253
473	1291
374	1323
401	1390
384	1483
399	1420
354	1376
401	1125
420	1385
414	1385
419	1514
404	1491
410	1423
368	1571
406	1256
473	1285
408	1111
402	1239
413	1152
358	1269
392	1119
433	1266
446	1146
403	1127
459	1108
459	1030
413	1068
480	1211
408	1225
457	1285
378	1268
422	1115
418	1063
404	1212
342	1249
373	1184
396	1241
418	1325
423	1432
412	1309
452	1241
457	1330
431	1356
404	1254
387	1241
367	1284
414	1307
473	1215
436	1355
478	1350
449	1267
427	1155
394	1350
419	1194
414	1191
404	1013
391	1113
361	954
344	868
436	1288
421	1100
397	1090
389	1042
382	1058
442	1289
376	1231
438	1276
448	1278
392	1075
384	1103
386	1188
436	1254
456	1434
409	1187
425	1291
405	1207
429	1349
442	1225
416	1163
415	1120
426	1202
487	1135
454	1346
408	1352
479	1146
416	1293
371	1267
374	1146
370	1085
381	1147
419	1205
381	1333
390	1271
387	1200
394	1111
413	1136
419	1232
375	1181
457	1272
456	1379
390	1387
457	1166
448	1018
442	1133
433	1189
430	1093
451	1159
440	1207
442	1149
440	1221
483	1325
436	1232
443	1240
407	1290
428	1262
439	1293
416	1316
444	1447
421	1437
369	1230
396	1402
414	1284
426	1182
385	1110
460	1336
450	1253
416	1401
385	1198
423	1204
392	1235
458	1088
462	1129
401	1190
496	1413
531	1216
535	1381
589	1497
560	1482
579	1488
697	1380
785	1398
724	1495
831	1492
982	1829
1013	2554
1193	4675
1639	7373
1708	7454
1740	7686
1866	7625
1877	8016
1832	7245
1584	6758
1641	6779
1490	5851
1242	3992
991	2875
830	2169
812	2448
678	2523
566	1836
481	1590
482	1861
458	1673
466	1590
458	1208
476	1224
413	1138
404	1244
402	1249
434	1127
375	1267
398	1051
421	1091
418	1158
398	1198
474	1257
454	1213
501	1328
420	1248
445	1202
353	1178
432	1149
433	1150
418	1304
474	1236
464	1152
436	1162
384	1244
449	1124
480	980
471	1321
443	1267
392	1098
399	1194
457	1352
421	1273
420	1014
419	1127
442	1366
414	1315
400	1216
439	1243
506	1251
479	1292
463	1209
427	1181
479	1122
417	1178
422	1139
489	1172
443	1133
456	1143
435	1232
491	1128
478	1184
429	1064
384	1115
399	1150
465	999
416	1099
410	969
456	1185
455	1141
480	1294
395	1347
431	1289
368	1217
375	1261
401	1307
415	1358
392	1267
377	1171
402	1063
381	923
435	1016
401	1047
446	1191
442	1104
401	1215
425	1010
414	1173
383	940
415	917
462	1003
471	1148
432	1279
420	1294
433	1281
427	1432
383	1318
415	1288
406	1228
423	1331
469	1373
419	1221
483	1328
464	1342
484	1277
475	1153
428	1361
458	1637
472	1419
485	1523
435	1481
402	1505
476	1593
487	1376
487	1190
490	1252
461	1304
465	1226
419	1062
394	1241
436	1135
421	1259
440	1358
460	1273
466	1375
424	1370
442	1287
459	1263
447	1345
442	2204
435	3066
511	2991
548	2461
518	1861
470	1826
492	2242
463	1884
422	1758
448	1860
431	1648
500	1674
488	1903
431	1815
533	2205
464	2605
519	2850
515	3295
504	4584
527	4802
567	4302
526	2891
526	3219
595	3141
535	2948
549	3620
552	3502
539	3014
526	2470
459	2245
506	2098
506	1967
481	2112
460	1849
513	1854
464	1670
480	1734
544	2025
534	2130
485	1745
520	1647
468	1679
477	1313
443	1420
411	1720
478	1792
471	1527
394	1383
489	1516
486	1290
481	1296
497	1147
528	1274
527	1377
494	1161
473	1178
472	1045
439	1129
442	1127
452	1029
451	1134
537	1243
462	1105
454	1200
505	1109
449	1127
446	1079
450	1107
451	1135
451	1228
430	1220
449	1041
493	1158
497	1088
450	1079
438	1182
486	1138
418	1250
437	1120
461	1157
429	1219
441	1349
414	1330
500	1372
385	1121
496	1145
497	1264
412	1391
444	1377
464	1285
413	1186
464	1270
434	1389
457	1305
439	1498
470	1452
479	1292
504	1289
469	1113
453	1089
429	1098
476	1116
406	1218
446	1244
427	1172
393	1111
437	1110
460	1067
433	1089
466	1286
445	1298
491	1540
479	1570
468	1298
462	1362
471	1342
438	1267
421	1483
452	1379
524	1417
448	1143
446	1198
384	975
450	1312
484	1166
487	1322
482	1161
458	1253
490	1162
486	1130
497	1147
529	1369
474	1263
402	1156
456	1238
464	1385
477	1282
453	1470
453	1183
508	1336
484	1358
464	1382
463	1126
462	1200
430	1192
488	1139
475	1122
483	1017
459	1077
443	1328
500	1305
468	1144
443	1112
438	1061
406	1205
473	1405
458	1441
455	1360
491	1397
470	1418
461	1442
442	1379
488	1138
445	1195
533	1069
564	1384
471	1175
499	1173
494	1362
432	1238
436	1021
503	1077
479	1212
483	1211
492	1203
481	1075
463	1133
447	1250
463	1169
523	1175
540	1104
439	1174
529	1301
494	1138
486	1246
468	1116
508	1235
533	1243
464	1294
478	1466
446	1407
507	1275
504	1301
525	1365
540	1713
487	1419
485	1478
508	1720
553	1724
542	1741
547	1726
552	2147
578	2037
529	2033
502	1968
535	2089
536	1936
624	1936
668	1811
595	1832
612	1839
609	1609
691	1720
606	1729
640	1747
613	1667
689	1593
634	1633
674	1631
645	1499
655	1279
677	1533
697	1453
719	1539
746	1619
782	1699
717	1698
836	1669
740	1488
769	1437
695	1422
720	1549
659	1554
733	1608
693	1643
614	1662
657	1444
629	1561
587	1664
607	1656
644	1540
623	1626
589	1557
620	1602
719	1549
638	1496
693	1492
661	1472
664	1281
671	1298
668	1478
684	1554
681	1357
623	1243
631	1325
638	1417
675	1505
631	1514
610	1620
673	1731
633	1539
568	1644
601	1477
626	1378
641	1175
573	1186
557	1248
589	1199
564	1276
543	1444
550	1301
596	1328
627	1457
606	1350
613	1237
597	1185
597	1149
508	1286
542	1233
568	1236
589	1239
560	1357
553	1345
577	1281
532	1323
618	1206
511	1240
517	1241
568	1389
519	1359
623	1218
535	1044
597	1158
600	972
644	1129
535	1213
571	1190
573	1330
554	1358
543	1328
507	1239
502	1184
484	1369
519	1298
554	1416
496	1474
479	1463
478	1431
481	1575
483	1473
465	1519
485	1417
508	1469
515	1280
512	1242
523	1213
516	1233
570	1340
521	1206
512	1388
517	1311
529	1255
564	1027
519	1181
520	1121
506	1183
536	1283
463	1265
449	1197
442	1265
501	1189
447	1142
464	1334
464	1283
437	1343
486	1096
487	1247
451	1179
462	1120
436	1218
401	1248
391	1207
433	1226
423	1063
399	1278
437	1240
454	1399
402	1412
418	1236
425	1234
396	1273
433	1172
432	1234
437	1045
388	1379
418	1288
436	1139
410	1167
436	1240
464	1141
443	1264
437	1208
425	1318
433	1186
447	1195
417	1330
385	1276
400	1241
482	1402
399	1154
479	1126
450	1433
449	1240
424	1209
392	1183
426	1199
443	1142
438	1174
436	1357
430	1268
431	1351
430	1238
393	1199
448	1271
446	1181
460	1194
394	1065
439	1174
470	1276
446	1188
421	1113
421	1441
443	1219
449	1270
432	1363
457	1229
453	1219
441	1247
416	1406
427	1056
393	1142
464	1056
408	1289
413	1380
474	1416
445	1229
466	1419
509	1574
422	1494
427	1350
418	1296
452	1176
445	1401
446	1380
449	1561
427	1535
453	1596
409	1396
447	1418
404	1566
459	1686
439	1726
457	1775
468	1512
419	1491
436	1417
416	1383
405	1443
383	1305
419	1377
403	1265
421	1318
413	1329
422	1403
401	1502
399	1301
370	1563
399	1530
411	1412
424	1708
391	1681
402	1402
418	1466
466	1573
427	1348
394	1240
464	1420
417	1640
385	1525
423	1756
406	1571
424	1533
403	1452
480	1580
405	1727
450	1586
424	1459
436	1267
370	1311
349	1603
432	1581
396	1499
380	1579
423	1391
415	1371
444	1506
430	1515
385	1576
438	1610
448	1645
424	1523
465	1460
394	1743
447	1722
387	1517
393	1487
414	1343
398	1296
392	1293
400	1165
414	1145
425	1208
429	1274
447	1364
376	1473
414	1361
415	1300
445	1562
405	1471
406	1412
431	1278
398	1385
402	1493
432	1646
453	1837
482	1327
447	1436
450	1322
382	1301
391	1424
447	1500
517	1317
472	1159
408	1071
398	1181
433	1262
447	1355
391	1173
460	1140
432	1123
415	1281
407	1389
403	1372
479	1404
436	1342
437	1606
508	1638
492	1520
443	1599
476	1960
469	1663
445	1703
447	2292
507	2591
444	1560
470	1885
435	3462
458	3931
505	3980
560	3865
584	3738
490	2782
419	2274
427	2646
452	2411
565	2888
562	2777
470	2194
492	3750
539	6211
598	6769
565	6359
570	7197
654	6094
594	6226
648	6571
673	8306
704	10767
583	5345
528	5584
563	5293
528	3821
477	3818
455	4388
425	2744
464	3479
521	4836
565	4781
494	4310
510	3644
459	4180
535	5607
482	5115
466	4634
424	3337
338	2117
414	2454
454	3631
454	3005
424	1716
441	1888
439	1614
443	1850
423	1555
458	1427
447	1539
444	1708
442	1532
454	1388
401	1382
467	1342
465	1168
476	1311
411	1173
385	1230
424	1496
456	1336
419	1374
402	1171
433	1130
389	1416
414	1561
421	1979
468	2098
398	1652
522	2078
517	2206
486	1723
492	1263
500	1259
503	1474
532	1466
429	1477
448	1295
451	1336
460	1331
423	1315
485	1256
470	1539
502	1934
533	1611
489	1411
495	1354
490	1073
523	1196
470	1290
477	1266
472	1121
563	1277
564	1402
558	1432
538	1384
548	1488
488	1479
602	1523
545	1464
538	1451
519	1663
600	1600
473	1631
447	1851
485	1736
492	2011
417	2009
422	1717
472	1475
442	1532
436	1515
436	1473
452	1449
451	1654
441	1463
380	1325
441	1320
412	1367
407	1256
401	1284
420	1538
426	1403
477	1439
438	1244
412	1165
412	1295
440	1394
438	1261
450	1283
414	1238
444	1375
369	1255
427	1543
438	1523
432	1398
454	1337
414	1332
404	1301
431	1290
419	1294
457	1532
430	1481
378	1392
390	1589
409	1541
427	1275
467	1358
410	1486
439	1253
419	1277
416	1293
459	1373
418	1288
470	1482
406	1531
433	1422
432	1168
420	1319
480	1306
453	1149
426	1161
421	1282
450	1244
514	1250
483	1195
458	1374
398	1323
420	1383
407	1223
457	1225
449	1223
433	1192
415	1252
460	1280
490	1560
476	1413
424	1503
422	1479
435	1659
508	1269
426	1252
417	1182
397	1304
431	1248
437	1746
461	2834
465	4167
501	4880
498	4421
468	3543
456	3853
437	3335
422	2730
468	2232
488	2827
460	2322
489	2497
502	2417
403	3368
527	4486
585	5161
527	5233
513	6138
573	6062
533	6575
466	4358
479	3973
493	3308
493	3317
490	2698
531	2650
520	2997
544	3400
589	3478
632	3412
692	4491
641	4042
779	4683
712	4150
834	5003
877	5117
751	4732
775	6691
807	6648
806	4956
808	5474
801	6102
823	5826
744	4596
741	5451
748	5608
795	5359
850	5425
813	6124
786	6220
713	5861
704	5177
609	3043
556	2575
632	2487
640	1851
660	2062
592	2581
579	2409
504	1713
474	1561
556	1714
566	1816
545	1737
518	1546
492	1532
520	1504
540	1423
524	1442
517	1248
540	1475
624	1268
587	1213
569	1459
542	1314
505	1460
536	1378
515	1514
461	1206
454	1176
507	1277
595	1269
565	1188
580	1468
638	1398
593	1180
694	1370
719	1378
716	1333
791	1497
747	1582
879	1640
971	1498
941	1373
998	1700
986	1545
1223	1558
1307	1536
1273	1576
1180	1713
1372	1723
1517	1825
1761	1583
1902	1707
1900	1751
2088	1752
2232	1885
2450	1895
2775	1852
2713	1910
2796	1888
3149	2134
3781	2371
4098	2439
4167	2586
4134	2602
4378	2432
4466	2493
4450	2235
4141	2087
3869	2003
3641	1684
3495	1788
3423	1897
3213	1903
3237	1668
3211	1799
3533	1687
4079	2158
4310	2065
4869	2138
4982	2363
5473	2517
6306	2676
6474	2797
6606	2792
6016	2763
5638	2650
5549	2329
4965	2149
4598	1762
4030	1902
3481	1727
3065	1691
2957	1614
2811	1647
2659	1688
2836	1654
3001	1541
3029	1695
3222	1727
3340	1828
3528	2028
3815	2087
3989	2190
4324	2294
4201	2252
3969	2168
3534	2006
2907	1930
2504	1940
2278	1836
2078	1722
1854	1759
1784	1766
1681	1793
1825	1870
1848	1914
1759	1846
1776	1918
1752	1868
1610	1924
1646	1824
1588	1870
1377	1945
1188	2089
1157	2433
1284	2758
1284	2566
1148	2572
1139	4286
1089	3950
1129	5481
1028	5233
954	2351
856	1689
775	1747
757	1796
876	1713
777	1635
771	1537
681	1400
704	1106
707	1345
735	1244
677	1119
649	1212
592	1032
606	1198
568	1234
613	1235
582	1127
621	1196
590	1067
574	1169
672	1228
624	1465
654	1483
627	1464
638	1346
576	1403
552	1192
531	1092
517	1261
542	1339
537	1207
597	1084
512	1127
482	1118
560	1209
560	1316
524	1323
515	1375
503	1295
553	1184
436	1361
484	1218
502	1289
451	1269
462	1340
430	1362
447	1165
544	1370
543	1340
539	1379
487	1216
509	1241
480	1388
516	1176
504	1370
540	1424
492	1370
519	1322
505	1339
510	1198
532	1321
554	1129
437	1121
489	1262
552	1261
529	1171
442	1202
518	1250
489	1190
487	1300
554	1389
530	1428
547	1295
505	1257
465	1363
458	1382
517	1405
508	1322
542	1407
536	1338
533	1243
536	1465
518	1332
478	1264
516	1391
423	1148
518	1293
478	1036
453	1062
508	1142
474	1144
516	1175
460	1241
503	1483
495	1383
465	1165
502	1235
491	1385
497	1488
489	1398
529	1292
538	1270
581	1270
524	1276
552	1328
460	1272
499	1360
498	1242
495	1392
553	1516
551	1285
556	1340
555	1211
565	1249
535	1310
576	1180
566	1084
510	1066
560	1201
527	1305
567	1360
595	1437
601	1244
614	1186
638	1240
678	1352
722	1358
772	1542
797	1483
834	1724
1035	1843
1120	2267
1365	2240
1297	2248
1218	2053
1402	2183
1673	2339
1665	2353
1549	2356
1582	2179
1688	2408
1840	2438
2114	2774
2110	2913
2107	2727
2256	2734
2809	3218
3279	3565
3532	3693
3559	3516
3522	3558
3708	3379
3849	3429
3856	3489
3778	3438
3817	3512
4092	3576
4232	3771
4250	3930
4280	4039
4495	4226
4939	4641
5586	5045
5744	5640
5745	5557
5675	5586
6041	5924
6363	6058
6334	5831
6155	5686
6087	5287
6135	5451
6319	5709
6077	5740
6181	5802
5962	5410
5886	5182
5788	5249
5724	5109
5383	4722
5459	4795
5492	5060
5759	5259
5795	5421
5996	5587
6235	5521
5858	5287
6038	5232
5979	5257
5966	5224
5877	4712
5637	4809
5189	4594
5027	4441
4995	4271
4800	4308
4550	4157
4172	4278
4026	4228
3933	3984
3725	3768
3782	3766
3664	3910
3871	3543
3421	3367
3290	3247
3354	3483
3334	3358
3347	3416
3097	3467
3005	3654
2914	3796
2749	3784
2370	3758
1941	3297
1866	3070
1878	3091
1875	3110
1739	3160
1479	3034
1256	2955
1332	2906
1286	2759
1302	2941
1216	2967
1219	2682
1220	2697
1215	2787
1048	2507
807	2179
638	1814
556	1520
557	1731
501	1769
567	1875
548	1651
535	1515
516	1579
572	2064
481	1655
557	1390
527	1397
497	1187
497	1239
433	1418
485	1319
460	1225
479	1456
504	1345
405	1374
418	1262
452	1416
381	1423
401	1363
419	1393
444	1392
360	1351
477	1215
383	1257
454	1221
425	1319
427	1452
448	1267
400	1328
361	1204
435	1273
431	1209
472	1289
397	1421
420	1355
432	1362
433	1473
466	1370
445	1290
473	1087
401	1184
388	1314
394	1090
390	1596
431	1195
442	1300
404	1161
412	1203
401	1183
461	1270
452	1336
426	1295
429	1475
411	1315
414	1364
432	1309
415	1248
432	1303
467	1332
472	1316
509	1293
446	1264
371	1215
457	1418
403	1281
432	1190
453	1306
437	1178
412	1124
433	1221
431	1165
489	1259
506	1247
482	1162
498	1184
470	1193
485	1198
496	1398
487	1359
441	1407
470	1302
477	1309
506	1239
496	1324
509	1297
491	1215
469	1406
489	1212
430	1188
495	1255
496	1266
526	1188
512	1173
475	1112
432	1321
427	1200
480	1236
437	1225
479	1276
399	1286
438	1204
462	1263
490	1092
487	1317
507	1602
507	1579
464	1721
483	1287
519	1296
496	1438
452	1378
431	1443
543	1558
524	1728
555	1574
523	1759
548	1999
516	1867
534	1943
519	1757
503	1749
536	1786
538	1688
580	1851
590	1953
516	2056
572	2437
585	2489
573	2379
570	2225
569	1860
535	1559
583	1725
598	2007
594	1963
568	1828
487	1486
543	1442
497	1524
469	1595
552	1686
549	1752
550	2093
616	2627
637	2513
635	2449
642	2516
643	2268
595	1970
560	1694
527	1463
494	1699
476	1494
536	1525
475	1423
463	1497
501	1401
467	1512
433	1553
507	1542
491	1483
501	1696
485	1795
538	1557
511	1539
455	1761
505	2467
549	2622
550	2694
508	2693
453	2525
564	2675
543	2781
538	2186
537	1630
453	1410
485	1456
519	1457
479	1495
506	1458
507	1352
520	1339
499	1274
533	1470
600	1644
619	1621
554	2296
619	2591
563	2344
525	2156
545	2050
592	2673
484	2317
526	2363
572	2115
534	1871
500	1497
536	1359
528	1759
620	1692
618	1918
662	1546
617	1782
638	1989
626	1839
581	1767
608	1551
497	1447
512	1551
519	1430
491	2050
615	2198
471	1509
502	1662
604	2120
642	3130
675	4669
743	4860
778	3674
791	2631
799	1962
732	1947
796	2012
661	2208
699	2483
691	2367
640	3455
534	2495
517	1825
541	1496
505	1598
504	1954
563	3944
465	2721
462	1865
493	2009
539	2008
554	2226
583	2046
583	1744
578	1754
623	1536
632	1451
455	1538
457	1296
412	1264
437	1342
419	1306
484	1267
441	1422
383	1167
403	1144
389	1259
422	1141
423	1221
409	1208
427	1147
462	1443
444	1353
425	1419
400	1333
490	1070
463	1175
468	1315
477	1389
455	1281
465	1460
402	1517
432	1627
415	1528
444	1332
475	1542
470	1670
444	1429
451	1639
429	1539
473	1277
425	1295
460	1167
475	1128
456	1288
392	1331
470	1141
407	1375
440	1245
396	1275
444	1279
453	1406
418	1456
456	1542
468	1539
410	1657
454	1556
417	1378
441	1544
388	1340
448	1362
431	1232
434	1443
434	1305
461	1447
461	1358
441	1535
439	1407
485	1487
486	1410
466	1204
425	1181
405	1094
445	1136
390	1217
378	1138
370	1215
420	1249
410	1044
506	1117
448	1201
437	1258
425	1121
429	1124
456	1291
446	1355
412	1222
430	1237
409	1208
480	1107
446	1301
448	1272
453	1321
425	1326
350	1453
387	1662
411	1668
413	2928
436	3134
479	3088
451	2111
488	2032
374	1605
435	1514
417	1371
409	1306
394	1278
436	1269
482	1278
478	1207
439	1396
396	1364
440	1167
438	1146
482	1161
468	1155
513	1154
421	1129
457	1246
397	1418
410	1450
451	1290
413	1130
436	1221
423	1330
477	1482
424	1369
435	1641
469	1568
435	1513
483	1840
449	1404
426	1120
419	1285
418	1358
433	1448
434	1331
418	1314
477	1490
415	1649
468	1442
457	1538
443	1321
421	1536
411	1494
418	1463
424	1311
382	1143
444	1357
454	1401
407	1293
408	1292
371	1362
445	1163
474	1177
392	1177
436	1155
438	1168
405	1138
447	1010
403	1007
381	1043
382	1254
533	1137
455	991
399	1060
491	1251
403	1161
379	1378
413	1259
404	1250
369	1207
405	1252
460	1310
412	1310
380	1145
371	1182
417	1201
385	1344
371	1384
415	1424
385	1235
388	1154
361	1214
345	1117
432	1303
374	1474
414	1536
393	1373
417	1410
438	1301
361	1168
358	1248
342	1111
398	1169
416	1197
412	1306
422	1270
385	1190
367	1286
421	1256
418	1188
356	1012
412	1181
472	1128
452	1123
444	1199
398	1208
432	1267
417	1342
471	1427
440	1397
453	1231
439	1384
438	1473
455	1200
427	1304
472	1074
440	1258
395	1219
421	1096
368	1072
446	1171
376	1122
419	1324
359	1333
392	1321
433	1199
436	1114
448	1247
416	1311
365	1243
377	1239
423	1433
422	1159
394	1251
412	1342
414	1473
386	1559
510	1428
469	1593
479	1417
470	1240
471	1313
454	1258
498	1182
526	1226
525	1321
430	1255
419	1119
496	1163
430	1240
422	1143
426	1188
419	1191
402	1101
405	1263
433	1299
427	1170
473	1126
436	1327
425	1250
414	1395
382	1297
495	1209
459	1291
485	1210
369	1520
405	1412
443	1301
463	1197
480	1253
456	1292
518	1222
425	1246
401	1212
421	1328
420	1536
423	1462
409	1508
456	1357
507	1372
392	1350
412	1402
365	1454
446	1294
405	1288
386	1392
406	1416
406	1286
425	1398
491	1524
483	1643
436	1364
441	1560
449	1543
445	1688
462	1663
455	1428
387	1368
430	1327
442	1330
401	1148
430	1436
419	1287
391	1262
443	1328
405	1328
384	1448
417	1335
434	1322
383	1297
413	1504
480	1686
419	1509
429	1487
384	1441
406	1431
379	1470
407	1444
407	1546
419	1601
411	1426
432	1330
415	1336
439	1405
422	1748
399	1627
432	1694
414	1531
405	1368
445	1382
367	1391
418	1327
390	1294
494	1255
451	1358
415	1194
439	1290
455	1208
472	1255
422	1287
428	1355
438	1322
429	1372
437	1265
448	1221
440	1189
441	1158
419	1181
443	1341
484	1236
437	1236
401	1294
470	1150
462	1266
382	1268
421	1311
465	1305
441	1158
460	1278
479	1055
473	1102
476	1046
500	1125
525	1112
459	1216
450	1021
501	1197
504	1134
410	1238
415	1125
451	1187
422	1149
480	1234
462	1335
446	1223
400	1104
398	1095
401	996
451	1062
475	1113
460	1220
465	1231
455	1243
438	1486
440	1485
454	1479
403	1297
373	1305
394	1105
457	1194
388	1019
414	1090
369	1232
371	1220
376	1046
336	1322
405	1089
395	1143
402	1224
397	1141
426	1118
398	1217
434	1376
390	1246
479	1215
430	1238
450	1153
440	1091
392	1256
424	1197
426	1445
383	1294
427	1391
404	1324
452	1363
430	1243
387	1240
436	1097
394	1313
404	1161
405	1201
392	1406
411	1414
392	1327
346	1289
445	1345
415	1292
375	1272
389	1296
372	1527
387	1393
391	1367
374	1503
426	1391
404	1447
379	1275
425	1413
377	1574
406	1441
441	1226
450	1196
381	1186
429	1252
421	1227
394	1272
409	1152
419	1266
390	1134
361	1007
326	1345
360	1385
403	1334
395	1318
389	1130
379	1081
412	1129
367	1165
421	1268
364	999
377	1079
432	1251
394	1258
420	1200
453	1031
391	1198
433	1257
426	1205
444	1212
343	1052
331	1043
351	1086
451	1252
464	1075
441	1012
397	1169
417	1144
441	1169
434	1272
422	1211
443	1090
388	1145
414	1167
387	1005
439	1249
409	1296
407	1373
415	1256
417	1455
414	1386
482	1133
392	1350
433	1382
416	1441
468	1480
428	1335
413	1378
456	1416
428	1254
456	1214
468	1336
456	1334
447	1302
468	1217
473	1177
370	1394
413	1081
427	1024
397	1171
409	1199
381	1156
411	1151
421	1050
373	1082
415	1178
423	1152
449	858
427	1065
370	1044
457	1064
410	1102
424	1048
449	991
420	1129
425	1131
432	1255
395	1202
448	1139
425	1255
507	1239
425	1221
408	1205
436	1402
419	1309
472	1156
431	1294
488	1274
468	1319
462	1265
474	1441
458	1585
506	1644
481	1634
426	1315
447	1350
435	1539
385	1369
417	1249
457	1530
442	1276
446	1376
373	1212
469	1171
425	1138
448	1172
403	1194
449	1255
448	1153
462	1140
406	1253
431	1350
408	1328
413	1257
410	1400
396	1276
449	1269
356	1304
425	1237
400	1251
409	1250
483	1383
401	1260
431	1158
446	1170
452	1172
511	1180
454	1259
449	1236
442	1130
458	1224
472	1250
497	1102
477	1268
485	1193
492	1186
571	1319
517	1290
472	1256
521	1385
616	1503
697	1475
651	1407
634	1760
690	1607
752	1374
987	1610
983	1726
857	1599
843	1376
910	1724
998	1717
991	1771
985	1673
1067	1940
1120	2207
1210	2529
1285	2572
1341	2686
1311	2722
1462	3245
1719	4319
1990	5474
2075	5371
2066	5743
2237	6425
2584	7134
2664	7526
2451	6742
2205	6222
2415	7223
2828	8075
3163	8083
3004	7327
2841	6983
2696	6877
2983	7133
3307	7424
3290	7541
3386	7578
3636	7934
4070	8642
4103	8819
4457	9098
4097	8993
4378	9382
4741	10240
5025	10791
4915	10967
4827	10597
4859	10297
4582	10428
4790	10501
4775	9890
4756	9783
4646	9696
4558	9568
4253	8786
3939	7951
3823	7976
4038	8401
4049	8897
3357	8114
2703	6716
2593	6170
2364	5688
2032	4953
1614	3647
1192	2614
1148	2662
1195	2752
1078	2563
1006	2371
956	2107
1068	2159
1143	2045
1109	2227
983	1999
924	1721
867	1652
898	1855
811	1730
753	1664
845	1745
776	1672
822	1712
767	1921
808	1882
762	1955
813	1868
844	1756
804	1676
820	1547
857	1627
770	1631
618	1712
580	1739
572	1532
545	1450
577	1452
507	1618
636	1667
650	1678
536	1460
578	1601
537	1539
539	1618
583	1801
543	1814
517	1723
490	1668
468	1569
424	1579
435	1725
471	1576
448	1623
490	1790
541	1607
509	1911
453	1738
527	1620
487	1587
462	1619
490	1717
488	1515
467	1372
471	1705
453	1541
460	1501
437	1633
468	1876
491	1882
487	2023
492	1747
466	1771
412	1870
422	1844
413	1935
428	1733
381	1717
482	1639
472	1591
428	1514
487	1590
453	1760
517	1715
489	1705
498	2087
423	1920
503	2091
429	2391
470	2628
502	2341
485	2065
518	1926
536	1825
465	1726
479	1858
514	1809
509	1849
462	1655
461	1529
504	1296
492	1378
495	1393
513	1569
507	1471
533	1799
518	1690
530	1754
525	1836
501	1738
543	1932
516	1856
510	1704
491	1519
466	1246
483	1374
422	1302
440	1315
460	1447
453	1469
498	1315
457	1306
431	1278
495	1412
521	1334
551	1518
579	1403
552	1295
559	1387
547	1359
596	1415
539	1421
542	1372
513	1373
542	1449
506	1333
528	1208
460	1410
418	1322
456	1516
482	1302
444	1169
461	1082
476	1171
473	1093
422	1254
445	1322
460	1104
488	1199
515	1097
467	1097
474	1202
466	1133
481	1203
439	1073
419	1218
405	1411
346	1216
410	1152
449	1127
368	1159
366	1257
417	1341
420	1327
425	1293
441	1195
422	1197
444	1262
457	1149
430	1290
377	1194
378	1206
387	1169
450	1151
439	1085
410	1159
457	1147
459	1143
374	1143
427	1280
399	1271
395	1269
397	1182
470	1149
403	993
428	1072
394	1135
425	1194
428	1402
405	1347
375	1290
355	1350
380	1276
366	1216
410	1056
430	1199
387	1079
435	1259
420	1349
433	1265
437	1051
407	1184
409	1087
433	977
436	1016
470	1307
458	1288
360	1236
411	1058
402	1050
459	1082
451	1072
374	1128
405	1242
369	1158
369	1153
389	1223
341	1110
405	1251
415	1242
398	1082
418	1034
437	1146
398	1244
389	1132
440	1169
452	1123
405	1276
452	1361
423	1384
419	1246
437	1265
473	1268
383	1241
410	1192
418	1293
412	1122
404	1102
437	1083
450	1150
500	1065
451	1071
423	1199
489	1214
537	1335
442	1252
504	1134
545	1251
479	1391
559	1275
569	1271
648	1308
594	1250
599	1398
560	1528
635	1428
603	1333
673	1371
545	1252
514	1360
531	1491
540	1284
551	1385
684	1316
695	1272
721	1233
751	1305
755	1341
721	1311
752	1545
739	1289
716	1302
707	1315
672	1253
699	1188
751	1243
837	1184
798	1296
822	1272
801	1250
780	1366
821	1369
837	1464
909	1327
1004	1283
1017	1435
907	1581
791	1490
757	1549
637	1224
638	1163
605	1085
600	1303
571	1276
597	1310
616	1271
620	1324
698	1262
738	1095
745	1358
800	1291
872	1377
850	1435
857	1444
842	1374
866	1433
789	1343
795	1381
733	1298
705	1311
670	1247
652	1195
596	1197
527	1195
560	1215
603	1172
591	1250
631	1311
688	1155
631	1334
686	1357
686	1198
777	1217
753	1311
771	1333
695	1298
728	1420
745	1401
712	1345
690	1367
611	1263
595	1351
585	1287
552	1087
573	1095
583	1090
544	1154
558	1328
559	1325
608	1375
603	1313
600	1253
609	1144
629	1313
622	1499
615	1282
605	1162
654	1319
561	1255
555	1238
587	1151
548	1338
534	1158
473	1077
573	1161
552	1217
594	1479
475	1352
540	1335
581	1299
580	1358
563	1327
540	1344
498	1217
523	1290
497	1320
517	1206
558	1354
486	1205
485	1328
464	1473
499	1349
442	1435
489	1267
535	1266
481	1247
432	1267
354	1106
413	1201
403	1167
409	1372
427	1348
477	1289
387	1311
479	1422
400	1177
434	1391
388	1239
389	1215
453	1287
455	1387
422	1271
392	1100
407	1246
364	1244
403	1148
434	1070
433	1131
445	1111
376	1207
384	1100
411	1186
432	1244
409	1273
481	1351
420	1335
451	1062
398	1266
414	1382
434	1358
480	1393
429	1240
411	1365
467	1365
406	1303
420	1269
436	1235
415	1172
397	1317
377	1293
439	1244
436	1170
439	1226
379	1252
455	1171
425	1216
413	1387
392	1245
411	1292
407	1083
408	1313
496	1268
469	1210
456	1376
443	1330
404	1363
388	1424
411	1444
363	1196
387	1384
433	1306
440	1156
458	1261
428	1128
439	1368
456	1386
452	1364
348	1127
343	1056
394	1149
410	1137
411	1067
386	1173
361	1128
414	1130
406	1260
443	1224
426	1188
370	1153
362	1219
435	1195
351	1097
422	1099
392	1192
398	1140
369	1260
395	1087
425	1208
415	1245
460	1297
415	1133
356	1113
388	1084
400	1109
440	1098
392	1189
407	1159
395	1270
464	1544
429	1312
432	1111
438	1203
424	1242
415	1199
487	1340
398	1197
448	1274
377	1270
450	1268
428	1181
425	1216
470	1210
436	1010
440	1187
461	1130
443	1358
422	1236
426	1094
398	1032
432	1119
437	1175
463	1217
434	1181
456	1152
453	1243
449	1173
398	1203
424	1210
443	1320
435	1275
413	1189
422	1323
384	1203
366	1097
371	1071
422	1140
430	1273
395	1126
446	1300
501	1275
444	1409
470	1403
377	1111
474	1296
423	1379
357	1125
451	1166
477	1262
438	1155
420	1187
429	1269
412	1475
432	1301
469	1237
463	1236
497	1204
496	1250
460	1149
432	1209
405	1030
458	1269
468	1186
432	1242
395	1467
441	1490
445	1275
458	1228
403	1268
407	1254
441	1260
476	1623
436	1453
506	1435
478	1864
596	3487
563	4647
607	5500
645	6211
629	4628
548	3234
460	1799
415	1367
470	1591
425	1315
411	1402
424	1341
388	1255
455	1125
392	1201
402	1103
409	1237
474	1416
431	1271
444	1256
500	1263
505	1472
417	1365
422	1314
390	1277
403	1152
392	1208
417	1322
462	1220
463	1435
464	1544
499	1516
519	1275
430	1502
456	1421
490	1303
512	1429
534	1241
464	1221
475	1071
549	1028
496	1187
498	1179
463	1224
536	1172
484	1284
519	1158
508	1198
469	1367
479	1258
450	1415
518	1139
482	1312
454	1335
506	1431
427	1492
459	1396
379	1255
425	1449
483	1456
436	1177
468	1203
436	1300
384	1147
373	1134
419	1182
409	1116
394	1264
447	1158
428	1286
413	1310
422	1391
413	1370
392	1256
390	1164
426	1232
389	1283
446	1211
385	1191
410	1192
488	1287
384	1349
420	1405
390	1375
392	1251
431	1220
398	1502
437	1424
429	1461
418	1476
391	1181
419	1380
435	1124
395	1149
413	1168
392	1089
378	1196
435	1495
436	1358
473	1418
385	1383
447	1450
433	1459
422	1101
479	1233
422	1113
405	1244
400	1282
437	1431
383	1407
396	1119
385	1189
443	1268
385	1228
483	1278
421	1219
359	1253
417	1273
447	1321
493	1271
545	1259
419	1270
392	1156
429	1226
424	1349
495	1321
413	1177
414	1042
421	1065
399	1154
423	1169
435	1295
459	1292
401	1368
415	1545
439	1258
398	1296
437	1193
412	1311
429	1254
396	1121
432	1203
447	1272
433	1008
471	1089
458	1098
421	1069
416	1206
403	1161
420	1155
435	1167
467	1212
458	1236
439	1248
460	1125
423	1104
411	1260
422	1063
435	1096
416	1353
412	1189
431	975
408	966
382	1112
484	1209
421	1118
421	1226
430	1327
463	1170
450	1381
425	1414
456	1762
446	1735
466	1318
396	1352
389	1341
387	1316
446	1196
444	1323
413	1217
376	1201
407	1245
416	1249
414	2385
516	5442
473	6316
454	4064
573	5019
577	7636
446	5412
517	5296
547	6097
525	5322
465	1555
448	1618
391	1583
432	1375
442	1326
450	1331
482	1391
430	1207
413	1073
415	1040
393	1142
390	1082
436	1017
440	958
398	1259
409	1280
413	1354
424	1546
418	1486
449	1260
437	1245
409	1227
389	1261
448	1269
432	1265
420	1211
416	1214
374	1297
402	1317
383	1156
483	1262
445	1287
430	1191
427	1277
421	1337
429	1234
418	1125
458	1155
429	1131
421	1240
400	1227
416	1257
422	1060
412	1055
377	1093
428	1214
427	1127
384	1270
379	1243
442	1247
457	1340
414	1078
443	1171
435	1181
437	959
419	1237
480	1174
530	1224
410	1185
412	1155
426	1331
359	1118
397	1158
427	1082
452	1200
428	1070
423	1287
450	1228
402	1233
424	1045
401	1041
442	1051
437	1091
458	1090
419	1311
391	1254
423	1101
399	1455
442	1479
359	1549
396	1589
370	1406
401	1152
416	1143
414	1597
447	1559
397	1369
420	1744
447	1413
355	1457
390	1212
405	1258
468	1188
395	1121
441	1172
406	1280
467	1203
410	1197
443	1101
379	1161
382	1259
422	1147
456	1044
432	967
467	1201
452	1292
447	1362
458	1423
412	1443
468	1495
438	1490
472	1407
436	1318
447	1281
460	1475
445	1194
497	1274
451	1645
457	1450
482	1346
493	1228
495	1176
460	1407
455	1281
447	1261
480	1175
423	1368
454	1361
462	1377
501	1202
530	1135
428	1233
453	1320
466	1382
461	1284
459	1147
471	1263
475	1113
501	1260
517	1469
481	1372
466	1108
414	1188
427	1258
502	1371
427	1257
481	1261
472	1281
403	1341
416	1321
413	1209
467	1329
425	1183
446	1287
396	1114
429	1236
465	1365
444	1274
515	1184
457	1225
416	1236
401	1310
416	1289
455	1311
409	1181
407	1360
473	1466
460	1267
493	1158
455	1250
476	1164
464	1182
508	1220
484	1264
502	1405
435	1379
525	1377
500	1480
514	1498
550	1445
510	1545
518	1651
599	1484
887	1672
1193	1197
1097	1181
1052	1372
1052	1508
983	1558
1067	1408
966	1495
825	1702
753	1831
863	1766
946	1529
980	1652
900	1428
881	1418
830	1359
655	1445
622	1311
706	1313
732	1271
704	1283
691	1365
570	1615
548	1451
601	1509
586	1586
524	1403
501	1415
537	1561
507	1659
451	1473
461	1501
487	1511
442	1461
481	1355
420	1254
444	1410
424	1266
442	1396
439	1356
419	1334
502	1451
430	1396
455	1550
398	1499
386	1539
411	1486
465	1458
425	1452
443	1459
413	1431
433	1468
456	1305
498	1263
495	1335
487	1160
486	1326
557	1266
647	1374
614	1277
562	1360
536	1303
493	1168
553	1235
558	1196
546	1291
501	1223
505	1193
602	1331
690	1340
688	1462
692	1527
657	1178
713	1261
729	1405
699	1581
680	1331
628	1451
544	1400
465	1294
397	1330
479	1239
462	1137
500	1219
521	1115
417	1190
365	1222
402	1409
398	1313
384	1370
403	1332
421	1187
415	1286
449	1414
371	1004
421	1186
418	1337
381	1256
471	1252
432	1158
465	1196
426	1290
408	1367
362	1260
438	1323
394	1235
426	1171
433	1320
436	1323
401	1388
403	1220
369	1192
396	1309
421	1274
418	1260
429	1570
472	1176
421	1112
433	1190
466	1126
440	1121
479	1273
432	1324
456	1394
435	1205
441	1289
421	1173
445	1297
475	1361
452	1286
416	1386
499	1292
527	1196
504	1237
461	1427
410	1372
500	1489
431	1322
477	1397
561	1267
519	1201
401	1304
491	1310
502	1254
474	1203
510	1051
486	1247
521	1232
449	1142
463	1127
455	1223
410	1343
461	1195
493	1075
404	1145
437	1105
472	1158
533	1419
484	1380
568	1670
487	1485
445	1442
457	1370
501	1506
503	1712
507	1684
482	1751
516	1754
488	1730
525	1652
468	1903
502	1805
517	1766
489	1667
448	1680
456	1327
474	1367
494	1393
488	1309
532	1200
543	1121
508	1378
541	1269
535	1418
524	1352
541	1546
505	1578
498	1641
580	1692
510	1729
488	1678
512	1700
539	1726
544	1819
498	1520
507	1747
440	1630
479	1317
544	1490
497	1514
462	1574
470	1695
469	1626
454	1565
487	1425
445	1357
515	1431
502	1320
477	1304
522	1312
537	1244
588	1220
539	1175
469	1117
422	1375
507	1415
454	1421
454	1259
425	1551
541	1552
492	1592
506	1566
473	1609
443	1462
500	1451
461	1368
514	1355
493	1392
458	1267
440	1181
450	1329
445	1400
435	1365
439	1332
481	1401
443	1339
421	1338
431	1307
484	1435
460	1457
469	1356
434	1179
496	1399
484	1388
449	1536
472	1452
535	1393
403	1388
466	1285
475	1398
438	1439
461	1358
449	1453
419	1308
500	1420
486	1483
470	1231
509	1332
495	1339
546	1344
473	1298
580	1470
550	1300
514	1286
500	1289
563	1401
486	1430
435	1241
394	1416
430	1340
415	1299
505	1273
424	1471
446	1247
380	1298
412	1314
392	1249
426	1309
480	1343
440	1514
462	1406
453	1255
465	1168
458	1385
494	1345
613	1375
451	1309
469	1237
490	1314
482	1425
437	1251
450	1278
400	1166
410	1129
437	973
488	1129
467	1345
455	1240
418	1327
443	1388
475	1414
482	1370
435	1387
496	1367
455	1256
493	1353
521	1495
443	1306
487	1377
458	1301
407	1304
455	1096
481	1110
415	1023
434	1060
440	1007
414	1020
441	1064
423	1173
439	1161
395	1249
422	1302
477	1208
423	1255
449	1176
428	1108
438	1135
445	1228
491	1101
477	1073
468	1071
510	1025
429	1005
496	1244
447	1233
418	1377
426	1061
456	1339
422	1403
403	1082
372	1153
405	1133
378	1308
437	1309
457	1209
455	1131
499	1092
417	1217
410	1185
442	1250
433	1152
421	1184
465	1372
490	1424
466	1334
411	1230
469	1299
456	1294
482	1283
473	1227
430	1197
339	1124
476	1446
487	1238
382	1297
437	1142
444	1323
431	1157
437	1150
476	1241
381	1205
418	1153
467	1096
459	1260
490	1406
489	1253
435	1388
455	1376
493	1198
420	1220
423	975
430	1034
441	1196
445	1184
483	1345
453	1368
454	1416
447	1374
423	1528
458	1315
452	1402
425	1366
410	1721
419	1468
537	1361
493	1401
518	1265
476	1368
493	1749
473	1831
418	1906
533	1896
546	2026
514	2419
485	2360
505	2342
538	2367
517	1963
481	1521
500	1500
507	1332
516	1431
521	1595
536	1669
528	1688
516	1481
528	1257
492	1339
470	1263
512	1388
466	1458
432	1464
504	1223
526	1309
453	1549
501	1486
530	1490
485	1585
532	3054
560	3799
460	2435
390	1205
406	1382
372	1203
400	1242
426	1271
393	1112
439	1397
409	1662
440	1586
426	1396
442	1243
456	1359
470	1317
450	1491
493	1771
472	2052
447	2025
463	1726
486	1638
496	1499
447	1436
490	1399
434	1390
494	1171
494	1322
442	1277
444	1336
425	1334
455	1314
446	1346
443	1195
474	1309
479	1289
453	1239
451	1285
488	1229
492	1196
481	1187
438	1290
425	1139
359	1245
382	1184
414	1129
363	962
325	1076
401	1099
420	1172
349	1093
456	1185
448	1310
461	1240
407	1159
449	1182
385	1258
454	1242
414	1233
408	1155
414	1173
367	1282
427	1490
476	1547
463	1263
434	1209
405	1322
443	1305
439	1256
399	1221
380	1291
376	1266
367	1286
448	1455
406	1272
430	1520
397	1164
403	1183
361	1219
412	1167
411	1212
419	1180
445	1309
439	1326
436	1441
435	1703
457	2003
463	1760
430	1543
376	1485
439	1620
416	1548
399	1565
410	1549
415	1449
421	1236
465	1171
391	1229
401	1144
396	1352
413	1508
424	1381
418	1338
332	1214
412	1202
417	1377
394	1460
406	1321
384	1374
398	1341
411	1444
396	1080
418	1150
374	1365
442	1281
423	1363
448	1189
444	1066
480	1126
421	1274
415	1318
423	1190
388	1193
482	1223
396	1333
305	1318
371	1121
436	1136
380	1316
382	1128
423	1149
398	1251
437	1319
449	1216
482	1067
440	1140
465	1055
431	1205
433	1147
436	1213
442	1245
447	1171
