567	1366
547	1585
532	1428
520	1380
550	1347
593	1481
508	1344
562	1487
539	1368
519	1394
487	1662
484	1463
526	1584
528	1384
509	1517
501	1311
521	1558
537	1498
520	1416
517	1403
549	1604
495	1397
454	1573
544	1529
488	1450
465	1375
486	1374
490	1481
447	1403
441	1400
407	1463
388	1638
457	1621
499	1290
553	1485
486	1437
467	1339
464	1139
447	1356
461	1406
405	1378
500	1290
463	1670
451	1498
418	1362
437	1300
423	1204
474	1501
445	1436
485	1445
456	1468
426	1523
451	1494
459	1497
446	1483
524	1576
506	1527
465	1748
530	1537
435	1475
492	1366
519	1481
432	1584
467	1546
521	1548
512	1317
437	1486
515	1542
535	1560
503	1594
457	1372
485	1493
442	1493
465	1501
482	1477
475	1459
525	1511
451	1442
405	1719
492	1535
447	1511
463	1522
481	1545
445	1643
429	1514
437	1561
450	1507
486	1469
446	1536
444	1416
471	1361
429	1320
497	1437
451	1451
486	1318
461	1479
423	1447
478	1513
511	1483
482	1660
458	1689
516	1475
421	1472
460	1627
462	1405
449	1193
424	1362
535	1601
529	1467
531	1570
461	1553
468	1324
440	1290
441	1440
411	1518
408	1352
439	1462
460	1477
470	1476
420	1378
500	1510
405	1445
411	1468
378	1361
421	1451
446	1544
464	1508
534	1647
542	1430
572	1630
470	1658
487	1455
473	1348
496	1204
508	1260
481	1446
492	1378
515	1436
531	1483
483	1319
502	1318
500	1406
477	1437
419	1346
496	1330
496	1822
577	2966
469	2067
428	1366
475	1961
491	1915
513	2475
499	1838
585	1400
520	1323
545	1289
568	1256
500	1188
476	1151
465	1419
499	1323
536	1368
532	1645
490	1432
499	1591
444	1477
456	1459
453	1347
422	1582
447	1456
458	1380
455	1428
373	1504
433	1467
466	1586
397	1718
427	1789
458	1672
455	1467
477	1470
415	1295
429	1290
513	1308
493	1342
474	1566
462	1390
523	1362
428	1438
459	1615
433	1597
435	1471
476	1800
506	1618
445	1706
448	1446
481	1806
413	1451
419	1372
429	1392
480	1339
455	1399
436	1360
454	1490
450	1406
426	1388
435	1406
485	1511
484	1731
499	1496
468	1544
452	1535
535	1370
433	1575
449	1595
446	1414
460	1570
373	1525
424	1443
436	1255
392	1496
431	1441
453	1499
455	1416
417	1430
472	1607
425	1777
444	1673
463	1494
438	1389
504	1405
431	1352
456	1522
448	1592
491	1608
432	1551
444	1471
448	1514
421	1421
493	1575
429	1339
498	1262
471	1470
451	1371
438	1218
482	1178
446	1292
475	1419
505	1612
477	1584
485	1730
461	1562
486	1616
474	1545
495	1439
431	1351
453	1509
460	1362
446	1524
476	1587
493	1686
514	1815
467	1673
436	1599
457	1356
444	1422
435	1498
441	1611
462	1519
467	1549
438	1522
443	1556
432	1528
481	1447
434	1514
486	1563
465	1481
493	1609
495	1335
532	1638
454	2125
547	3065
501	2321
518	2247
592	3667
521	3309
528	2035
501	1899
519	1996
519	1895
457	1650
531	1453
509	1766
482	1512
467	1314
511	1303
424	1369
467	1300
456	1347
447	1514
493	1423
403	1451
486	1290
477	1266
463	1189
488	1150
432	1262
517	1325
480	1474
522	1468
495	1469
471	1544
490	1572
474	1581
496	1598
501	1617
467	1336
489	1280
477	1513
514	1355
515	1340
533	1346
525	1242
484	1402
478	1338
548	1495
557	1773
592	1685
587	1581
547	1394
552	1424
546	1403
578	1440
547	1711
497	1718
544	1665
486	1528
504	1548
520	1683
533	1640
508	1570
492	1591
467	1527
535	1473
444	1737
466	1443
493	1562
468	1519
440	1558
438	1730
484	1691
485	1622
503	1751
506	1823
487	2230
596	1940
487	1881
502	2068
466	1995
502	1666
515	1806
512	2147
481	2383
447	2259
410	2016
369	1942
463	1924
468	1825
454	1568
468	1574
502	1548
480	1675
490	1719
434	1409
496	1443
504	1414
477	1348
491	1579
461	1574
466	1369
509	1367
502	1417
527	1452
521	1677
489	1588
542	1656
537	1415
529	1365
504	1276
537	1522
561	1564
552	1473
556	1385
536	1528
488	1603
475	1610
480	1621
496	1621
458	1615
471	1360
436	1576
498	1409
468	1551
474	1589
438	1542
492	1494
487	1568
485	1850
547	1454
488	1573
471	1581
487	1748
524	1631
559	1581
555	1703
496	1545
448	1357
553	1459
502	1410
420	1334
448	1419
472	1382
420	1364
436	1418
448	1336
437	1270
449	1343
464	1436
474	1429
462	1519
449	1555
485	1747
455	1618
445	1550
492	1503
487	1534
457	1707
463	1439
439	1398
482	1350
454	1168
505	1262
414	1482
426	1497
424	1453
489	1383
484	1463
422	1310
460	1260
466	1307
427	1379
423	1480
460	1599
451	1531
488	1440
456	1190
382	1287
476	1286
446	1350
520	1431
486	1455
515	1506
456	1408
465	1485
508	1337
603	1304
632	1434
601	1423
581	1477
575	1740
603	1431
602	1512
631	1482
626	1629
604	1538
578	1859
517	1825
570	1664
570	1545
563	1479
525	1420
534	1303
549	1383
462	1403
483	1563
458	1424
413	1316
455	1521
430	1341
450	1556
364	1574
461	1611
460	1445
391	1353
408	1449
437	1400
427	1482
387	1627
362	1661
385	1774
376	1558
412	1779
415	1809
422	1577
429	1356
456	1417
449	1373
412	1268
462	1280
416	1365
464	1303
503	1346
495	1439
464	1347
446	1446
456	1457
399	1456
418	1365
434	1385
442	1830
405	1737
495	2852
733	8197
1053	12133
789	8203
887	10586
841	9808
533	1792
495	1630
492	1473
534	1412
474	1401
490	1603
402	1397
410	1329
400	1481
388	1451
431	1597
473	1360
421	1382
421	1617
457	1489
455	1432
465	1397
493	1490
438	1231
484	1125
406	1297
440	1246
481	1268
509	1414
448	1229
418	1208
432	1344
469	1255
425	1222
450	1433
463	1254
457	1439
439	1381
452	1276
451	1433
473	1461
504	1440
510	1393
475	1510
474	1309
437	1409
541	1360
485	1378
473	1233
501	1293
485	1312
478	1541
401	1420
420	1244
437	1236
472	1196
507	1216
513	1414
492	1361
521	1716
554	1549
504	1675
488	1533
517	1917
530	2114
414	1914
458	2079
521	1801
469	1697
515	1779
471	1467
541	1475
583	1485
344	1461
461	1358
505	1395
434	1692
448	1621
497	1420
427	1410
417	1298
390	1297
458	1504
490	1297
472	1262
438	1414
426	1218
404	1330
406	1604
430	1368
455	1397
533	1367
461	1329
489	1243
417	1235
464	1363
449	1390
478	1376
449	1355
449	1367
476	1359
459	1363
448	1462
427	1472
489	1324
446	1371
465	1482
493	1317
441	1266
527	1219
567	1411
545	1517
494	1382
506	1355
513	1354
474	1074
540	1287
512	1352
454	1278
438	1294
488	1283
456	1264
502	1290
503	1242
554	1334
469	1304
433	1421
453	1373
412	1177
416	1307
441	1497
428	1266
458	1447
469	1404
482	1500
418	1421
518	1446
512	1426
417	1688
445	1616
441	1296
491	1295
497	1272
455	1401
430	1340
462	1227
464	1244
429	1223
488	1249
486	1253
430	1527
535	1454
481	1420
471	1359
477	1364
415	1498
519	1482
439	1438
408	1391
394	1444
387	1330
428	1448
468	1457
491	1592
466	1517
423	1605
391	1713
448	1491
431	1500
463	1476
469	1468
447	1554
396	1410
423	1447
480	1518
505	1420
445	1388
428	1305
445	1406
445	1382
408	1283
517	1313
477	1328
466	1354
463	1266
484	1324
437	1265
416	1324
475	1345
517	1358
484	1341
479	1310
504	1413
492	1405
490	1307
507	1455
470	1249
429	1436
479	1453
531	1471
505	1216
514	1253
431	1136
480	1386
519	1363
513	1266
533	1220
479	1206
490	1268
502	1404
542	1369
456	1547
521	1450
501	1344
483	1437
426	1256
465	1371
467	1210
463	1364
475	1295
421	1410
510	1515
477	1596
460	1392
468	1468
484	1229
497	1293
490	1305
448	1394
515	1410
457	1354
486	1248
506	1350
512	1375
437	1287
379	1394
471	1287
473	1262
442	1298
359	1569
455	1497
496	1492
469	1514
551	1392
458	1365
513	1452
564	1387
523	1198
433	1260
406	1151
420	1295
424	1512
433	1531
423	1394
543	1397
428	1284
454	1492
408	1474
438	1588
459	1618
464	1540
419	1349
469	1240
452	1405
444	1402
436	1205
480	1366
487	1303
483	1406
457	1443
479	1254
465	1425
404	1451
433	1548
439	1497
484	1362
457	1397
412	1439
459	1452
441	1423
470	1504
466	1320
450	1499
431	1891
455	1720
495	1980
405	2094
441	3364
559	8721
736	11576
885	12407
551	6867
580	7929
628	8393
684	9933
585	8582
545	8903
570	10071
777	15535
767	14909
913	15441
1338	18654
1367	17569
1044	15039
953	12050
705	7255
1029	16400
1037	17774
821	17467
671	14676
682	15165
523	9237
556	7565
478	7741
575	8485
571	9586
493	5901
521	6192
487	4461
445	2302
410	1766
397	1764
465	1920
417	1746
478	1839
431	1719
437	1683
493	1660
443	1477
422	1634
417	1501
419	1428
408	1551
443	1509
446	1514
457	1718
493	1704
450	1994
434	1595
433	1474
494	1420
456	1442
466	1365
494	1611
459	1510
419	1439
435	1987
478	2178
488	3125
467	3016
459	2182
530	2217
460	2175
481	2616
517	2685
479	1792
536	1719
505	1844
536	1754
479	1565
523	1724
572	1934
546	2376
504	2346
587	2302
569	2270
644	2649
634	2606
638	2099
630	2315
744	2584
873	2704
977	3100
1005	3351
1041	3537
1122	3928
1012	3709
968	3202
993	3124
1018	3301
1091	3456
1020	2951
1113	2829
1098	3182
1067	3297
1137	3308
1155	2975
1132	2754
1175	2332
1163	2643
1201	2695
1067	2731
987	2219
907	1931
837	1885
805	1974
794	2105
723	2074
678	1941
801	1973
807	1873
847	1826
916	1668
1003	1509
1053	1635
1127	1581
1155	1799
1096	1634
1170	1609
1206	1640
1224	1534
1164	1489
1027	1469
954	1604
856	1417
826	1302
701	1441
670	1280
729	1273
694	1451
736	1347
718	1307
748	1084
875	1348
847	1165
924	1317
917	1360
1006	1398
979	1584
921	1591
922	1573
898	1704
864	1554
815	1291
812	1427
808	1349
766	1491
761	1573
742	1738
637	1671
657	1800
711	1575
651	1666
624	1501
582	1468
505	1511
550	1581
547	1419
564	1331
543	1443
486	1468
457	1481
521	1658
492	1385
535	1341
401	1456
406	1336
435	1284
443	1512
421	1361
481	1542
431	1551
448	1461
445	1459
457	1433
383	1282
430	1668
498	1468
454	1526
428	1495
439	1673
428	1653
479	1865
456	1707
422	1636
386	1638
412	1487
431	1465
445	1586
455	1749
475	1523
451	1515
469	1588
426	1795
435	1707
388	1414
433	1553
454	1467
461	1294
428	1581
428	1813
410	1680
385	3150
422	4071
397	3723
482	5546
505	7305
540	6951
470	6337
490	4545
440	3429
403	1727
406	1718
440	1913
476	2061
433	2383
461	2348
420	2783
428	2692
508	2935
469	2942
435	3001
425	2783
483	2740
423	2390
406	1934
385	2205
416	2077
446	2177
489	2074
451	2021
477	2158
428	2273
427	2329
436	2487
460	2895
456	2968
473	2819
450	2848
423	2623
446	2077
390	2198
380	2224
413	1899
434	1755
442	1797
473	1796
446	1876
458	1872
463	2037
419	2170
451	2405
451	2411
459	2280
462	2314
501	2175
482	2195
492	1971
460	2103
520	2192
416	2318
406	2296
434	2183
448	1783
443	1683
443	2024
451	1965
504	2048
478	2449
510	3648
601	6797
663	8164
578	6573
502	4593
559	4283
526	4194
597	5062
599	4854
568	4873
535	5561
583	4985
518	4841
562	4408
570	4127
514	2776
471	2361
433	2707
374	2117
424	1775
422	1557
435	1742
410	1810
404	1895
416	1760
437	1736
484	1587
482	1613
492	1679
446	1764
532	1885
458	1516
403	1423
418	1389
455	1551
517	1653
466	1719
453	1654
422	1674
421	1751
437	1805
452	1849
432	1837
446	2206
435	2274
459	2628
452	2570
470	2283
405	2514
446	2711
435	2793
416	2863
457	2723
439	2948
455	2659
466	2006
431	1878
471	2098
423	1991
470	2036
511	1923
437	1847
469	1931
508	1884
481	2094
471	2117
403	2067
519	2152
500	1840
423	2172
445	1965
456	2294
444	1845
412	1838
383	1578
451	1505
449	1763
447	1538
433	1708
464	1718
451	1611
462	1586
427	1745
384	1493
433	1421
407	1327
410	1222
436	1429
388	1420
377	1449
450	1364
393	1260
403	1184
417	1167
437	1280
382	1348
429	1275
441	1416
449	1245
446	1282
387	1298
494	1171
516	1446
449	1404
500	1383
436	1673
421	1757
492	1994
492	1939
459	1986
447	2279
421	2020
431	2920
484	3215
459	2542
432	1520
470	1428
432	1532
447	1208
425	1415
456	1425
443	1686
532	1610
456	1567
532	1416
523	1450
464	1507
466	1675
407	1724
472	2291
460	1658
490	1681
482	1754
448	1631
454	1489
475	1411
400	1247
482	1331
425	1252
447	1072
443	1268
471	1153
505	1304
502	1360
498	1174
422	1104
396	1257
423	1251
454	1236
427	1316
462	1331
438	1283
458	1322
432	1445
424	1692
489	1590
425	1580
419	1568
378	1446
381	1540
341	1506
471	1418
423	1540
420	1475
395	1443
433	1324
438	1278
475	1392
535	1558
500	1650
503	1360
496	1656
574	1452
640	1474
659	1587
689	1648
694	1684
702	1624
895	1960
1196	2506
1179	2247
1118	2168
1167	2315
1721	3497
2087	4733
2108	4731
2173	4761
2253	4421
2263	4611
2786	4723
3027	4917
2642	4512
2549	4177
2914	4399
3560	4920
3951	5176
3645	4964
3699	5233
4500	5710
5787	6468
7303	7377
7992	8064
7991	8393
8310	8662
9407	9665
10183	10342
10231	10248
10069	9953
9922	10044
9736	9475
9250	8277
8453	7512
7936	6660
7396	6117
7239	5945
6318	5509
6143	5301
6199	5425
6307	5583
6321	4985
5393	4306
5138	4022
5155	4054
5123	4032
4712	3662
3597	2819
2865	2348
2668	2352
2652	2415
2517	2616
1681	2333
1307	2098
1333	2100
1399	2068
1554	2299
1285	1989
1120	1797
1013	1607
974	1779
971	1817
769	1610
590	2217
540	1953
528	1693
559	1769
590	1602
538	1792
508	1919
492	1726
491	1809
496	1777
552	1729
450	1898
537	1740
521	1629
487	1688
492	1644
472	1648
455	1708
479	1722
451	1619
477	1583
480	1724
448	1948
456	2077
509	1646
532	1481
489	1640
520	1549
539	1559
547	1390
470	1556
535	1743
509	1614
505	1479
493	1384
509	1392
509	1435
515	1406
490	1473
490	1753
574	1954
541	1752
445	1582
504	1487
519	1555
527	1371
498	1406
467	1476
503	1451
439	1472
504	1449
440	1541
497	1554
516	1893
519	2054
454	1646
462	1749
482	1577
505	1788
487	1779
468	1531
496	1738
475	3116
460	3573
482	2957
496	2131
416	1507
523	1287
536	3059
530	3030
500	1937
429	1401
506	1368
394	1340
453	1439
442	1478
431	1284
436	1373
454	1410
365	1530
414	1359
450	1373
402	1391
409	1543
432	1431
496	1298
460	1289
435	1325
405	1313
416	1252
407	1307
436	1551
433	1328
385	1291
458	1230
423	1349
447	1224
449	1471
390	1243
448	1399
427	1257
423	1275
420	1204
421	1213
422	1228
452	1396
360	1296
390	1298
464	1433
387	1222
421	1300
431	1504
454	1466
455	1427
403	1244
416	1475
466	1420
428	1579
448	1498
498	1347
458	1318
455	1437
410	1304
463	1161
397	1297
392	1270
391	1281
426	1210
416	1255
412	1236
371	1435
432	1392
413	1339
420	1409
410	1238
447	1384
443	1412
449	1420
444	1320
433	1360
416	1484
354	1364
384	1312
434	1277
425	1217
448	1366
447	1174
449	1301
423	1305
440	1445
417	1461
473	1552
429	1327
413	1416
466	1358
493	1165
455	1464
413	1213
409	1180
347	1282
396	1239
395	1151
447	1212
439	1121
466	1146
449	1171
452	1183
416	1352
448	1205
436	1199
406	1154
476	1287
436	1338
441	1279
389	1208
396	1298
387	1391
413	1360
426	1364
454	1331
396	1504
376	1541
471	1431
375	1641
429	1470
402	1466
406	1490
457	1460
439	1368
502	1313
453	1307
470	1472
374	1502
460	1469
506	1486
408	1339
407	1290
408	1352
417	1250
394	1240
435	1279
445	1445
435	1215
448	1297
493	1432
510	1432
427	1322
380	1335
379	1376
459	1622
478	1513
456	1420
419	1590
467	1705
453	1446
456	1489
457	1526
459	1459
535	1308
463	1445
401	1481
469	1487
396	1444
445	1428
500	1540
433	1656
483	1442
475	1600
427	1310
432	1354
424	1481
440	1387
455	1439
452	1231
477	1416
387	1460
432	1520
439	1544
403	1386
447	1479
415	1615
404	1525
394	1419
457	1606
437	1618
380	1611
391	1747
408	1479
437	1555
459	1590
438	1387
511	1421
492	1522
493	1455
495	1498
472	1585
417	1588
388	1588
357	1658
397	1746
442	1611
386	1300
413	1393
388	1630
412	1585
444	1459
395	1475
402	1476
396	1502
452	1550
390	1380
373	1478
456	1728
450	1490
435	1393
393	1320
405	1670
457	1432
469	1516
417	1526
423	1582
440	1437
473	1452
432	1565
431	1464
493	1700
507	1869
415	1617
438	1827
448	1483
383	1906
400	1796
467	2064
473	1996
495	1768
475	1734
480	1550
508	1538
464	1591
499	1588
437	1638
459	1704
498	1633
456	1518
475	1617
377	1486
414	1426
429	1513
475	1555
401	1693
494	1600
475	1413
429	1587
443	1567
446	1590
461	1513
426	1587
476	1676
426	1372
428	1404
474	1515
397	1480
434	1604
435	1517
507	1810
436	1420
410	1523
457	1403
438	1571
426	1548
383	1849
423	1894
452	2046
443	2783
421	2569
422	1726
454	1393
418	1809
422	1683
429	1524
445	1429
472	1658
479	1508
461	1324
463	1447
488	1552
415	1517
443	1499
426	1526
501	1550
431	1633
398	1534
352	1465
384	1524
462	1507
458	1395
462	1516
491	1571
435	1616
414	1498
374	1512
393	1619
417	1445
414	1607
415	1383
401	1273
403	1434
443	1579
411	1659
397	1534
428	1461
455	1444
476	1423
467	1512
516	1484
427	1646
438	1706
417	1718
465	1876
479	1853
451	1797
472	1763
512	1852
500	1680
463	1646
447	1695
439	1838
480	1725
409	1578
446	1635
462	1588
426	1529
440	1452
427	1396
449	1408
493	1389
430	1424
444	1498
437	1509
476	1412
464	1434
442	1355
567	1584
515	1497
460	1438
450	1318
434	1499
432	1476
426	1302
465	1257
437	1404
424	1341
425	1491
449	1538
489	1577
489	1524
435	1510
449	1323
460	1453
445	1398
448	1421
444	1418
382	1520
471	1644
583	1797
569	2065
509	1704
582	1842
696	2115
664	2811
662	3174
673	2741
753	2853
886	4547
1126	6432
1293	4746
1279	4328
1165	3692
1194	3088
1052	2585
1004	2317
846	1989
873	2463
811	2476
797	2031
704	1789
792	2097
754	2735
810	2523
700	2286
586	1835
584	1779
566	1808
537	1919
530	1697
493	1660
519	1598
474	1510
511	1439
551	1407
522	1376
502	1610
450	1700
525	1558
563	1479
539	1371
562	1391
588	1352
574	1356
514	1513
562	1512
515	1373
528	1272
525	1481
516	1428
485	1399
512	1382
520	1589
576	1630
496	1556
622	1548
698	1567
739	1537
771	1545
775	1665
920	1660
1014	1804
1064	1800
918	1637
892	1742
918	1450
1020	1653
1033	1561
925	1622
875	1534
1091	1545
1315	1600
1821	1698
1902	1675
1971	1973
2205	2228
2844	2631
3825	3102
3928	3409
4120	3419
4011	3490
4411	3857
5042	3974
5393	4216
5322	4025
5005	3852
5363	3945
6218	4228
6809	4245
6817	4149
6684	4268
7034	4445
7700	4440
7954	4429
7696	4643
7195	4660
7314	4621
7811	4555
8138	4561
8386	4711
8277	4786
8027	4551
8540	4657
9144	4942
9670	4885
9275	4900
9402	4822
9898	4995
10163	5306
10119	5334
10045	5371
9938	5375
9686	5253
9441	4862
9037	4761
8844	4681
8636	4564
8630	4442
8435	4230
8434	4311
8448	4450
8392	4354
8434	4789
8484	4879
8235	4763
7971	4600
7965	4633
7827	4674
7738	4819
7527	4108
7106	3818
7375	4008
7330	4244
7493	4416
7601	4793
7970	4842
8176	4817
8054	4658
8479	4761
9303	5211
10650	5897
10433	5814
9946	5487
9848	5368
10680	5792
11028	6865
10773	7574
10181	6777
10144	7581
10807	8430
11709	9194
12582	10160
12735	10522
13106	11006
13475	11417
13453	11954
13683	12141
13728	12021
13585	11800
13401	11372
13209	11200
12521	10066
12124	9809
12281	10223
11770	9467
10859	8232
9817	6862
8865	5569
8590	5309
8243	4950
7484	4601
6592	3995
5932	3709
6188	3854
6883	4313
6208	4082
5012	3698
4347	3021
4305	3083
4602	3772
4554	3387
3533	2396
2462	2013
2252	1752
2151	1792
1805	1676
1380	1881
1142	2054
1015	1986
1094	1922
1103	1941
1039	1685
964	1942
848	2038
805	1609
887	1683
838	1667
688	1665
644	1729
595	1633
614	1772
531	1540
475	1785
501	1778
439	1619
569	1632
500	1636
441	1442
403	1387
444	1383
449	1594
422	1418
453	1358
429	1500
438	1617
446	1485
500	1427
468	1569
431	1489
485	1483
445	1514
457	1543
460	1679
414	1455
404	1375
418	1307
418	1235
435	1203
368	1339
367	1454
452	1309
379	1404
362	1600
408	1655
424	1470
403	1421
412	1416
448	1586
434	1510
374	1494
407	1572
471	1769
428	1410
414	1439
404	1634
376	1800
413	1733
435	1795
386	1559
414	1346
483	1407
433	1349
390	1331
385	1372
410	1554
404	1685
377	1835
395	1627
460	1446
389	1632
381	1533
413	1523
444	1458
417	1732
417	1774
368	1724
397	1954
420	1897
386	1920
437	1908
506	2298
444	2334
477	2460
434	2398
424	1956
424	1981
429	1914
411	1712
405	1952
390	1821
412	1819
376	1734
409	1724
441	1569
406	1556
457	1734
443	1708
452	1756
460	2005
448	1416
406	1497
389	1479
429	1774
414	1771
420	1592
460	1642
420	1614
409	1598
393	1580
371	1755
388	1627
386	1633
432	1494
414	1377
457	1321
402	1359
432	1463
404	1433
414	1486
435	1350
431	1385
399	1201
444	1177
514	1151
434	1431
422	1435
439	1389
363	1493
448	1563
444	1344
455	1345
402	1387
448	1320
420	1327
409	1307
423	1589
392	1584
430	1411
401	1285
389	1400
425	1422
449	1480
390	1383
423	1493
394	1530
413	1598
375	1731
395	1472
398	1352
437	1453
376	1460
413	1448
446	1362
392	1233
405	1265
408	1264
373	1294
393	1375
445	1336
412	1392
405	1426
430	1427
443	1327
397	1312
371	1348
413	1215
424	1326
419	1327
426	1295
361	1290
512	1361
462	1292
467	1371
449	1669
434	1586
419	1543
479	1410
417	1561
427	1502
414	1472
397	1509
390	1497
373	1625
362	1338
356	1180
387	1464
365	1436
387	1515
384	1419
414	1239
388	1138
409	1249
385	1253
396	1206
399	1294
367	1302
424	1410
420	1328
409	1286
457	1405
443	1418
361	1363
432	1177
419	1240
484	1188
460	1273
492	1210
412	1677
428	1405
433	1343
463	1231
526	1487
553	1245
631	1382
518	1319
594	1480
670	1416
659	1573
594	1595
668	1297
796	1590
1023	1977
1249	2279
1359	2115
1267	2173
1637	2428
2379	3414
2755	3749
3148	3806
2715	3442
2697	3267
3061	3401
3239	3768
3385	3497
3488	3467
3656	3893
4222	4079
4620	4425
5064	4711
5018	5095
4977	4893
5192	5277
5163	5519
5312	5307
4852	5259
5013	4965
5096	5052
5299	5537
5493	5768
5409	5513
5354	5477
5245	5434
5420	5523
5371	5620
5263	5763
5362	6338
5393	6279
5380	6518
5690	6360
5784	6063
5551	6311
5396	5853
5303	5522
5019	5224
4648	5017
4692	4616
4506	4768
4130	4479
3856	4182
3562	4154
3383	4419
3691	4304
3753	4158
3065	3744
2816	3665
2839	3720
3102	3773
2797	4009
2366	3832
2036	3567
1756	3328
1634	3037
1619	3175
1300	2722
949	2184
897	2093
978	2129
1076	2414
1107	2296
815	2290
743	2065
793	2329
860	2562
800	2307
638	2010
612	1998
547	1976
569	1714
600	1465
561	1368
487	1331
460	1379
522	1656
510	1743
479	1748
432	1488
516	1541
481	1564
518	1535
472	1535
474	1546
497	1419
487	1469
426	1402
477	1217
458	1365
445	1343
401	1392
495	1371
467	1412
478	1572
431	1451
421	1347
394	1391
455	1200
441	1104
450	1331
428	1316
409	1362
451	1398
470	1402
486	1452
476	1659
514	1540
480	1420
431	1345
533	1572
546	1505
514	1649
511	1397
573	1492
575	1424
532	1488
581	1385
568	1514
599	1598
571	1505
570	1470
568	1506
503	1621
540	1841
480	1996
493	1671
525	1730
481	1598
591	1540
539	1355
612	1314
656	1331
651	1400
621	1387
680	1592
722	2820
716	4059
664	2972
695	4611
708	3850
705	4662
674	2903
645	1799
594	1622
536	1383
540	1428
548	1562
610	1757
604	1554
528	1444
591	1595
691	1756
635	1793
722	2003
649	1661
637	1858
678	2001
666	2263
797	2106
773	2277
728	2525
616	2004
617	1754
566	1744
523	1713
588	1751
565	1485
534	1565
590	1788
563	1922
640	2124
602	2088
675	1587
738	1506
670	1715
630	1730
697	1738
641	1556
610	1585
634	1320
610	1348
545	1506
588	1699
524	1697
560	1810
655	1627
608	1648
612	2387
577	2146
551	1929
612	2026
621	2551
689	4060
704	4233
797	4266
750	4262
767	3567
711	3185
660	3586
649	3399
639	2954
613	2987
570	4334
641	5245
618	6078
686	5694
661	4111
625	4616
586	4487
645	4806
659	4535
694	4720
724	4866
709	4915
645	4488
537	3899
622	3711
573	3538
532	2828
529	2240
505	2429
562	2971
565	3112
552	2475
524	1842
496	1709
468	1542
477	1662
428	1698
447	1936
393	1820
480	1949
479	1830
498	1758
490	1508
482	1596
481	1256
518	1237
468	1261
479	1526
412	1668
473	1479
444	1496
485	1428
479	1438
395	1499
445	1573
451	1579
411	1354
413	1604
408	1419
370	1259
457	1264
391	1592
478	1472
446	1428
424	1422
402	1498
399	1358
422	1402
395	1469
415	1336
415	1361
411	1278
437	1512
476	1700
345	1409
362	1340
408	1516
424	1338
411	1402
416	1355
393	1327
435	1338
339	1149
438	1309
420	1305
434	1652
437	1443
405	1335
429	1328
412	1490
391	1465
398	1449
368	1451
410	1315
410	1277
370	1345
384	1189
464	1423
469	1413
414	1439
378	1525
388	1413
470	1351
408	1571
374	1606
382	1540
358	1331
389	1204
420	1345
402	1615
395	1509
447	1308
435	1442
407	1594
392	1279
370	1234
350	1374
354	1534
421	1586
428	1548
486	1766
454	1338
469	1617
393	1686
491	1665
456	1512
394	1515
439	1333
453	1381
505	1361
436	1384
459	1489
402	1443
422	1343
415	1416
460	1510
440	1269
375	1379
406	1279
423	1228
454	1293
450	1314
425	1437
401	1504
442	1394
415	1268
419	1270
425	1214
404	1346
494	1434
394	1578
448	1428
428	1268
458	1332
465	1499
425	1461
428	1505
437	1443
423	1573
424	1642
413	1406
462	1402
406	1389
449	1435
442	1373
411	1606
426	1454
449	1373
507	1341
481	1417
495	1393
431	1216
470	1268
492	1316
462	1370
471	1406
482	1355
508	1437
499	1559
470	1709
471	1539
457	1605
409	1468
443	1501
440	1414
407	1359
406	1343
370	1329
401	1270
393	1207
400	1333
429	1483
482	1343
500	1334
398	1144
445	1304
412	1252
439	1311
452	1335
426	1135
403	1190
398	1070
377	1228
392	1182
395	1259
397	1462
378	1382
438	1757
391	1615
406	1754
460	1479
469	1401
391	1462
407	1567
422	1449
467	1472
435	1375
508	1154
433	1293
424	1248
421	1253
437	1294
499	1317
499	1522
512	1539
497	1526
525	1836
481	1860
490	1656
492	1522
503	1329
425	1527
495	1292
456	1471
411	1355
437	1253
404	1422
544	1394
482	1385
439	1243
470	1364
475	1354
443	1234
509	1309
446	1449
446	1449
440	1285
480	1389
489	1387
447	1272
518	1479
520	1498
531	1614
541	1699
499	1605
504	1600
497	1578
475	1444
534	1432
543	1530
549	1351
502	1482
489	1622
504	1588
413	1440
548	1510
474	1497
469	1487
455	1560
478	1340
461	1245
514	1322
543	1214
519	1451
482	1481
453	1588
406	1466
468	1441
422	1447
424	1470
463	1373
421	1320
431	1453
484	1482
452	1461
512	1531
433	1599
396	1350
448	1450
454	1313
413	1512
439	1556
437	1428
429	1361
430	1462
351	1322
409	1258
442	1217
428	1379
455	1435
463	1432
466	1299
466	1413
486	1209
456	1267
444	1276
480	1475
394	1499
399	1256
442	1465
457	1381
470	1508
488	1835
461	2157
478	2863
468	3354
526	3462
507	3638
631	4125
606	4085
666	4380
619	4436
628	4016
599	3600
571	3591
668	3065
651	2968
681	2715
620	2960
593	2525
609	2948
670	4455
656	4849
643	3557
610	2067
553	1728
558	1800
551	1770
586	1751
570	1741
498	1810
544	2347
600	2614
606	2550
576	2149
528	1935
471	1833
455	1835
517	2425
500	2370
504	1835
464	1639
465	1634
455	1551
437	1553
463	1547
487	1587
514	1458
491	1423
548	1589
480	1615
507	1388
466	1417
442	1379
470	1553
421	1359
456	1283
463	1349
427	1365
468	1415
470	1526
476	1343
442	1214
479	1515
471	1662
439	1445
467	1544
420	1332
403	1188
455	1454
517	1245
506	1313
443	1351
413	1324
426	1162
414	1234
437	1177
359	1256
387	1341
366	1292
458	1185
410	1308
408	1217
441	1347
435	1351
450	1408
457	1339
541	1365
406	1406
449	1591
464	1339
427	1278
397	1460
502	1508
463	1325
501	1448
421	1412
444	1367
456	1331
418	1304
428	1331
440	1225
428	1397
450	1407
456	1337
394	1341
457	1353
434	1425
414	1429
449	1489
388	1322
452	1369
473	1426
420	1415
401	1234
446	1382
395	1330
417	1311
454	1278
394	1222
395	1318
402	1388
414	1370
427	1297
411	1214
496	1145
472	1262
373	1269
439	1435
422	1382
468	1395
459	1316
405	1398
430	1568
434	1367
429	1495
448	1548
476	1574
467	1539
385	1238
434	1358
432	1217
463	1329
429	1470
462	1522
407	1419
445	1365
398	1451
447	1227
452	1290
462	1298
437	1173
413	1341
370	1309
374	1233
403	1122
368	1247
432	1285
442	1280
430	1340
437	1290
431	1337
443	1217
445	1431
427	1266
399	1143
358	1167
403	1102
376	1194
431	1367
440	1481
451	1365
471	1552
485	1531
482	1319
449	1220
434	1229
398	1135
408	1136
410	1112
435	1297
405	1380
407	1554
421	1654
441	1652
483	1578
492	1732
483	1664
494	1926
529	2027
451	1991
472	1654
460	1476
433	1779
426	1683
411	1330
404	1396
452	1434
418	1372
438	1361
426	1397
428	1795
427	2425
446	1944
417	1290
499	1746
488	2130
443	2011
494	1878
457	1947
417	1844
449	1675
392	1546
414	1582
462	1368
383	1445
391	1504
396	1522
403	1519
441	1455
452	1554
443	1636
449	1573
465	1550
479	1544
485	1351
475	1604
471	1417
383	1237
432	1745
502	2040
491	2042
514	1612
475	1599
473	1831
441	1721
420	1776
459	1588
448	1573
523	1686
534	1484
449	1429
435	1515
447	1565
413	1273
453	1215
434	1278
553	1220
496	1334
427	1356
474	1446
419	1626
455	1636
439	1658
420	1718
423	1459
374	1302
380	1371
426	1314
419	1479
418	1362
427	1299
440	1384
473	1392
464	1518
476	1545
475	1327
400	1259
445	1213
510	1116
463	1180
442	1220
448	1221
415	1143
396	997
407	1130
428	1065
379	1091
393	1304
382	1452
426	1356
487	1356
442	1394
444	1460
478	1424
413	1642
415	1443
383	1264
434	1468
402	1301
419	1272
417	1216
445	1469
400	1448
429	1498
451	1337
410	1429
418	1388
457	1450
416	1385
383	1336
421	1478
449	1402
416	1420
432	1463
432	1399
495	1370
399	1419
444	1253
451	1469
430	1581
469	1308
435	1347
509	1231
437	1449
419	1414
470	1383
484	1474
551	1630
433	1542
424	1366
467	1458
478	1621
477	1454
490	1637
493	1324
479	1371
525	1551
504	1652
504	1692
541	1518
453	1719
519	1533
575	1634
508	1739
497	1556
598	1576
629	1555
590	1786
597	1668
607	1588
575	1700
556	1450
553	1520
623	1579
639	1634
595	1606
593	1467
644	1661
698	1614
685	1629
708	1768
758	1765
707	1533
884	1797
867	1863
847	1891
833	1757
903	2050
837	2213
884	2072
959	1995
917	1999
995	1916
1091	2054
1137	2102
1198	2188
1193	2395
1333	2455
1266	2714
1532	2815
1647	2872
1577	2762
1456	2825
1493	2564
1423	2479
1402	2342
1301	2402
1267	2288
1401	2514
1345	2451
1423	2502
1558	2605
1469	2508
1470	2316
1526	2493
1728	2666
1775	2444
1752	2534
1810	2652
1944	2661
1995	2904
1867	2986
1900	2873
1604	3038
1559	3229
1686	3259
1631	3390
1657	3477
1691	3773
1686	3245
1752	2957
1797	2744
1899	2938
2062	2862
2030	2919
1972	2987
2063	2992
2155	3026
2235	3083
2181	3233
2222	3206
2101	2994
2204	3213
1964	3066
1902	2970
1953	2645
1989	3051
1994	3089
1951	2920
1883	2918
1933	2780
2048	3002
2222	3215
2174	3057
2392	3312
2416	3420
2362	3272
2443	3284
2468	3561
2387	3747
2224	3591
1980	3475
2024	3387
1842	3459
1750	3489
1741	3221
1714	3176
1755	3560
1713	3445
1777	3312
1855	3391
1860	3406
1897	3470
1928	3300
1927	3432
1907	3449
1978	3445
1838	3659
1816	3630
1752	3437
1780	3479
1670	3417
1651	3194
1661	3299
1537	3359
1593	3371
1644	3382
1584	3446
1660	3403
1636	3389
1643	3287
1647	3378
1551	3328
1475	3296
1433	3029
1409	3071
1353	3049
1345	3142
1432	3072
1372	3224
1430	3214
1477	3019
1489	3007
1395	2854
1375	2944
1450	2899
1377	3072
1503	2835
1351	2832
1172	2670
1094	2544
1082	2549
1072	2778
1077	2687
1031	2560
966	2499
945	2451
952	2346
985	2268
952	2412
942	2429
1001	2310
956	2383
991	2283
854	2095
863	2039
944	2247
913	1940
868	1890
842	2004
766	1906
747	1807
773	1913
703	1840
708	1804
645	1703
634	1742
589	1519
526	1719
563	1528
579	1482
496	1633
490	1670
556	1605
548	1628
515	1662
513	1454
509	1441
480	1500
513	1527
439	1464
441	1368
445	1345
467	1471
469	1477
442	1603
456	1663
426	1457
443	1494
438	1308
406	1484
392	1382
430	1468
386	1308
431	1511
382	1571
418	1616
437	1738
388	1585
433	1689
426	1843
501	1854
482	1618
510	1515
449	1380
445	1369
435	1238
453	1327
433	1401
458	1308
438	1295
431	1481
464	1420
453	1464
425	1534
429	1553
418	1435
429	1430
439	1378
470	1125
426	1116
404	1451
445	1365
453	1509
453	1462
428	1396
417	1461
401	1422
448	1531
475	1751
424	1576
447	1498
474	1481
458	1437
509	1494
502	1486
469	1484
473	1605
421	1423
436	1432
449	1364
485	1455
407	1396
480	1381
446	1432
440	1391
443	1416
481	1579
522	1554
487	1795
485	1550
477	1276
420	1369
486	1535
478	1449
448	1484
448	1265
467	1506
495	1311
530	1271
477	1349
450	1313
463	1339
497	1310
520	1323
499	1187
456	1347
504	1472
506	1331
535	1402
526	1479
467	1535
488	1501
518	1429
496	1246
470	1260
605	1365
565	1263
511	1558
567	1296
474	1216
568	1409
555	1298
572	1151
527	1281
633	1255
560	1376
601	1413
507	1347
566	1375
566	1456
526	1333
515	1268
553	1278
518	1251
516	1325
486	1398
447	1352
514	1274
533	1497
552	1828
488	1716
452	1698
491	1623
478	1536
519	1391
488	1552
516	1395
540	1354
453	1544
472	1408
510	1494
494	1332
491	1466
482	1278
476	1368
488	1384
507	1295
477	1292
499	1454
522	1295
577	1252
553	1264
548	1270
482	1251
585	1302
548	1320
629	1444
514	1446
559	1404
575	1241
566	1512
555	1382
619	1528
581	1691
528	1503
544	1620
507	1498
519	1459
498	1440
572	1442
522	1224
508	1395
551	1516
578	1367
541	1406
582	1337
600	1351
566	1363
562	1507
536	1490
532	1323
543	1257
528	1298
530	1286
589	1533
580	1706
597	1432
578	1509
496	1501
576	1496
579	1499
564	1313
571	1509
653	1500
638	1565
567	1522
582	1678
609	1614
577	1522
571	1375
606	1415
532	1559
590	1570
588	1384
558	1238
580	1348
588	1299
598	1514
548	1433
568	1417
565	1435
542	1521
589	1578
642	1472
588	1564
618	1375
631	1364
639	1440
605	1322
639	1161
632	1454
576	1483
591	1401
597	1367
569	1405
575	1596
519	1261
548	1192
572	1196
555	1344
553	1408
547	1473
550	1535
509	1332
476	1262
450	1392
487	1298
482	1153
515	1297
479	1370
459	1450
487	1361
485	1266
487	1333
534	1272
523	1393
530	1487
471	1364
484	1515
594	1289
536	1520
472	1452
491	1533
441	1716
464	1569
466	1416
504	1413
490	1382
465	1341
422	1470
441	1693
416	1720
452	1541
457	1507
384	1593
398	1546
447	1399
411	1363
357	1330
424	1460
433	1557
421	1453
448	1360
410	1500
465	1509
379	1461
408	1228
430	1231
396	1335
379	1400
432	1621
404	1490
429	1310
445	1546
441	1472
478	1563
465	1762
466	1729
427	1660
401	1606
422	1552
473	1546
483	1804
499	2115
512	2081
528	1550
570	1603
534	2165
569	2263
517	2392
516	2335
583	2595
638	3374
755	4210
806	5067
883	5069
886	5326
959	4881
1039	3939
957	4067
1075	4237
1058	4876
1027	4782
1160	5306
1269	5466
1282	7099
1405	8087
1459	8799
1604	9394
1483	8774
1551	10118
1346	10350
911	6967
781	7256
824	5685
794	5604
723	4548
663	4662
662	4694
622	4409
608	4541
600	3568
575	3062
501	2510
492	1865
550	1395
500	1298
482	1181
450	1241
450	1258
493	1217
460	1248
494	1364
426	1472
456	1439
425	1295
434	1268
391	1410
437	1511
425	1366
425	1322
433	1285
406	1299
442	1437
487	1287
469	1056
451	1245
459	1265
433	1296
407	1368
403	1428
383	1606
444	1428
370	1324
413	1575
387	1591
398	1653
338	1374
396	1376
408	1371
409	1205
373	1326
376	1387
392	1495
410	1332
402	1413
385	1352
427	1303
403	1052
394	1039
430	1081
446	1187
526	1072
460	1342
378	1295
501	1282
448	1279
573	1533
548	1269
592	1371
532	1159
598	1201
633	1252
601	1692
572	1658
596	1566
549	1370
537	1187
540	1197
477	1273
502	1271
530	1249
487	1347
433	1354
417	1346
404	1247
458	1367
469	1464
395	1443
540	1385
463	1610
432	1503
400	1457
444	1408
456	1280
447	1329
393	1150
365	1104
445	1278
425	1116
438	1334
463	1305
453	1439
424	1412
458	1238
376	1286
396	1324
469	1337
448	1614
468	1666
447	1390
477	1315
479	1340
452	1284
447	1238
452	1512
447	1239
449	1257
424	1476
431	1374
440	1349
419	1478
434	1623
455	1454
411	1419
436	1726
468	1496
485	1321
434	1350
426	1252
480	1161
489	1185
428	1075
474	1256
506	1248
501	1301
457	1263
407	1450
475	1226
452	1221
420	1241
379	1154
387	1308
386	1085
456	1317
388	1471
423	1480
422	1792
418	1564
472	1373
443	1498
463	1663
464	1573
415	1479
423	1351
472	1467
511	1596
440	1402
379	1395
380	1529
414	1364
470	1356
438	1356
465	1375
430	1473
456	1297
419	1480
434	1648
415	1562
441	1494
492	1443
459	1691
463	1518
452	1664
455	1639
497	1683
554	1748
504	1666
555	1679
596	1566
555	1655
665	1711
673	1752
682	1718
607	1697
667	1737
778	2038
967	2393
1035	2313
1033	2158
1070	2425
1619	3276
1971	3800
2360	4391
2155	4079
2471	4600
3236	4957
3762	5508
4438	7027
4436	7022
4667	7710
4959	9037
4770	8829
4604	8956
3975	8539
4179	7609
3893	7815
3655	7384
3378	7399
3312	7253
3025	7023
3288	7268
2964	6590
2291	5463
2124	4838
2358	5244
2205	4819
1474	3452
974	2676
1037	2640
1179	2835
1048	2755
862	2429
697	1840
554	1643
637	1662
590	1714
506	1574
502	1643
461	1491
487	1374
472	1451
447	1369
480	1360
477	1403
435	1253
502	1122
550	1228
475	1313
479	1282
558	1317
480	1242
435	1148
552	1266
529	1263
484	1274
460	1305
526	1355
466	1262
428	1168
412	1354
379	1180
370	1348
447	1357
467	1314
387	1077
394	1140
442	1393
389	1366
386	1423
442	1618
387	1560
383	1431
396	1446
411	1552
442	1776
425	1960
414	2212
469	2779
486	3399
497	3205
434	3205
422	2764
455	2398
463	1923
481	2953
443	3000
381	2294
445	2474
395	2223
436	1707
465	2071
445	2039
445	1767
434	1518
496	1574
475	1579
464	1546
457	1587
454	1764
399	1513
467	1728
480	2026
472	1415
392	1328
457	1339
463	1317
435	1580
448	1507
433	1514
386	1445
397	1422
421	1272
414	1580
391	1471
460	1389
405	1540
453	1586
470	1593
431	1369
415	1433
412	1300
421	1574
432	1597
382	1691
453	1486
454	1317
448	1447
417	1540
431	1380
452	1486
446	1596
467	1737
412	1693
441	1496
398	1435
431	1479
436	1423
473	1313
462	1416
434	1440
465	1526
412	1519
501	1523
423	1350
428	1225
423	1177
419	1220
394	1305
408	1558
430	1488
387	1318
423	1284
438	1537
439	1544
430	1510
496	1775
409	1807
488	2004
495	1855
447	1516
434	1550
431	1372
468	1478
459	1463
414	1459
449	1481
444	1443
412	1198
419	1310
444	1367
429	1401
408	1332
493	1470
486	1494
408	1390
475	1668
475	1696
414	1546
519	1679
563	1717
601	1709
611	1949
685	2091
694	2020
615	1773
636	1881
606	1925
652	1833
655	1837
746	1877
665	1865
666	1919
685	1878
763	1981
809	2006
814	1861
715	1768
692	1928
710	1845
715	2147
763	1925
778	2042
810	2223
904	2208
946	2539
922	2434
869	2388
836	2602
815	2517
785	2508
832	2485
813	2310
701	2245
767	2093
733	1882
672	1949
758	1915
799	2005
797	2089
720	1998
693	1982
792	1966
745	2131
775	2065
724	2020
644	2213
672	2236
678	2071
550	2018
591	2220
524	2153
465	1926
484	1964
468	1877
499	1954
438	1836
460	2130
468	2001
490	1896
489	1812
477	1615
436	1773
492	1556
527	1770
456	1879
472	1594
434	1622
460	1425
413	1547
377	1279
393	1535
383	1423
405	1260
400	1177
423	1384
360	1387
370	1478
406	1249
375	1384
381	1425
401	1511
353	1416
391	1370
408	1503
412	1568
386	1388
349	1335
393	1260
375	1186
408	1185
378	1292
402	1286
403	1212
436	1376
409	1209
433	1339
390	1370
360	1407
435	1509
420	1500
431	1605
426	1470
461	1453
453	1477
431	1378
464	1411
418	1261
449	1150
455	1278
426	1422
378	1322
389	1670
424	1519
426	1526
457	1357
399	1239
446	1440
429	1365
439	1338
438	1562
391	1302
420	1391
394	1204
427	1250
455	1258
492	1270
455	1471
434	1371
430	1254
473	1258
463	1215
493	1377
477	1244
460	1402
428	1217
419	1127
433	1366
399	1286
432	1267
433	1235
453	1458
389	1320
410	1345
380	1353
443	1215
393	1156
371	1308
373	1272
404	1232
367	1251
381	1439
408	1360
395	1191
413	1171
360	1058
371	1144
374	1203
367	1346
385	1291
364	1186
394	1255
363	1285
428	1188
399	1399
401	1266
376	1050
476	1140
494	1130
443	1170
494	1224
413	1197
495	1192
508	1288
491	1288
478	1211
471	1347
473	1333
408	1096
348	1077
444	1218
456	1104
473	1278
456	1413
431	1418
480	1580
458	1247
426	1273
433	1238
381	1266
388	1169
441	1336
485	1278
434	1379
436	1233
432	1397
368	1450
463	1282
429	1260
404	1285
421	1294
450	1362
435	1091
428	1198
416	1396
402	1341
351	1419
380	1221
410	1219
422	1622
402	1335
406	1279
388	1291
368	1265
455	1441
433	1511
437	1426
457	1426
439	1415
410	1716
469	1559
414	1317
453	1304
464	1359
493	1287
481	1485
465	1528
549	1321
511	1326
502	1588
478	1733
471	1527
446	1813
457	1537
456	1418
509	1614
502	1655
452	1412
422	1498
458	1614
485	1366
482	1337
399	1180
405	1135
345	1340
400	1320
350	1457
390	1557
391	1419
400	1312
381	1142
435	1205
394	1321
380	1315
438	1453
476	1475
439	1447
402	1369
406	1226
374	1234
379	1620
379	1306
368	1451
421	1316
392	1527
400	1321
357	1516
395	1475
395	1327
401	1408
348	1338
386	1508
391	1569
443	1468
411	1451
435	1431
399	1388
426	1322
447	1360
398	1284
362	1235
473	1579
450	1689
411	1612
350	1624
384	1342
390	1430
472	1224
387	1404
392	1431
449	1528
449	1515
487	1127
510	1110
495	1192
441	1094
409	1125
460	1248
378	1325
446	1332
415	1362
360	1287
367	1304
398	1224
408	1212
427	1082
438	1218
425	1149
369	1315
357	1291
434	1228
421	1482
409	1413
386	1220
367	1271
413	1467
434	1272
422	1598
473	1560
448	1473
412	1325
453	1220
426	1231
447	1256
419	1427
368	1329
369	1166
405	1218
384	1160
396	1195
399	1183
458	1304
420	1390
424	1419
433	1615
422	1396
430	1501
442	1349
454	1402
433	1355
466	1352
434	1301
433	1415
410	1364
416	1403
487	1341
414	1385
373	1305
424	1253
476	1320
455	1331
464	1304
456	1126
461	1225
422	1225
469	1364
461	1332
472	1221
458	1246
547	1410
439	1346
392	1358
380	1266
406	1239
378	1174
465	1257
422	1377
404	1481
453	1297
497	1226
449	1302
441	1264
366	1391
360	1317
428	1541
465	1623
468	1372
396	1259
456	1440
449	1305
421	1391
464	1360
447	1467
438	1373
467	1356
440	1236
502	1347
433	1325
444	1181
480	1438
412	1424
481	1322
456	1420
509	1326
504	1360
483	1634
454	1692
461	1977
494	1909
510	1711
465	2008
471	1961
498	1726
499	1581
509	2010
489	1651
516	1858
582	1816
510	1995
520	2436
526	2036
493	1880
482	1731
517	1644
513	1523
469	1693
526	1605
598	1480
683	1577
788	1583
703	1642
690	1620
746	1326
816	1171
757	1392
787	1553
668	1513
645	1610
656	1377
572	1433
655	1208
702	1197
657	1350
637	1279
646	1397
584	1423
577	1708
607	2644
676	3297
629	3443
601	3160
686	3530
593	2946
526	1899
425	1385
542	1352
452	1393
517	1403
528	1387
480	1375
566	1429
474	1332
536	1302
489	1337
507	1210
501	1303
453	1324
527	1408
498	1379
495	1348
474	1269
467	1088
477	1150
502	1322
521	1404
476	1426
450	1561
444	1378
454	1283
428	1441
433	1480
422	1307
471	1273
416	1102
418	1127
475	1362
465	1435
452	1621
490	1516
492	1223
439	1310
464	1342
452	1394
421	1291
427	1328
487	1406
423	1511
492	1339
353	1399
411	1163
423	1463
453	1360
406	1479
433	1420
443	1208
404	1485
488	1436
391	1673
431	1513
469	1314
448	1171
466	1392
500	1411
463	1755
475	1688
457	1494
427	1593
446	1507
414	1720
424	1645
434	1578
475	1430
505	1623
469	1446
498	1467
441	1474
480	1477
468	1365
475	1579
409	1431
452	1367
459	1462
451	1364
475	1558
491	1440
442	1311
477	1357
482	1413
454	1728
485	1435
429	1572
572	1648
625	1619
645	1513
621	1652
615	1696
643	1857
616	1598
628	1568
609	1837
504	1648
475	1652
446	1521
429	1404
471	1525
487	1553
422	1501
458	1466
520	1518
460	1417
507	1542
492	1533
480	1468
564	1586
439	1509
525	1692
479	1539
514	1508
512	1412
483	1515
491	1424
470	1283
446	1340
509	1359
501	1417
509	1473
508	1629
434	1455
476	1409
432	1369
465	1431
475	1477
444	1345
478	1475
492	1369
446	1356
462	1467
477	1354
434	1359
503	1209
436	1436
509	1498
483	1384
446	1471
483	1492
480	1348
487	1538
515	1484
520	1511
529	1445
466	1466
482	1648
469	1564
499	1522
493	1650
504	1643
484	1972
494	1592
505	1549
490	1592
460	1433
468	1502
436	1557
451	1446
473	1511
451	1590
439	1549
471	1513
430	1485
517	1441
500	1562
511	1604
529	1498
564	1690
474	1501
493	1550
474	1201
501	1556
431	1563
530	1529
500	1512
517	1720
474	1530
534	1620
468	1831
477	1662
540	1646
499	1479
490	1489
474	1571
525	1315
534	1455
482	1312
502	1197
523	1361
565	1614
650	1396
592	1431
621	1384
595	1486
531	1342
565	1480
572	1588
454	1588
521	1671
531	1553
562	1328
486	1591
477	1941
578	2784
670	3778
671	4336
777	4966
822	6894
887	8260
764	6565
812	5901
837	6046
939	6474
902	6071
867	5825
816	5315
843	4651
827	2485
861	2085
999	3516
833	2566
1089	2193
1351	1760
1517	1691
1380	1813
1400	1568
1703	1773
2531	1989
3343	2371
3260	2230
3235	2132
3610	2477
4916	3088
5665	3479
5237	3477
5191	3488
6001	3947
7006	4828
7372	5417
7226	5360
6826	5358
6575	5475
6468	5747
6496	7506
6553	8803
6386	7531
6202	7338
6011	8239
5892	10081
5331	11243
5696	10915
5913	10095
5551	10471
5012	11086
4383	10822
4205	10505
4198	10725
3807	10213
3193	7923
2600	5513
2183	4786
2375	5326
2023	4417
1422	2585
1040	1654
899	1608
897	1740
957	1577
821	1466
749	1342
671	1450
794	1656
848	1410
648	1309
652	1483
667	1454
624	1662
651	1613
679	1540
674	1584
693	1693
564	1422
551	1264
524	1263
485	1331
541	1514
617	1611
566	1467
591	1438
606	1536
623	1384
551	1387
597	1268
566	1261
553	1362
570	1654
525	1734
551	1623
595	1683
518	1700
547	1767
503	1980
483	1886
460	1792
572	2062
539	2080
596	2365
593	2445
578	2340
582	2721
515	2608
582	2633
532	2595
490	2465
542	2321
491	2200
538	2214
490	2237
476	2067
508	2106
497	2009
518	1718
518	1831
505	1978
507	1886
486	1631
470	1641
462	1458
432	1597
466	1735
453	1745
442	1823
506	1898
481	1691
452	1782
436	1695
490	1597
544	2009
517	2984
521	2392
489	1897
511	1831
477	1618
494	1775
541	1850
480	2013
449	2058
474	1898
467	1687
475	1858
455	1813
442	1699
464	1675
406	1605
506	1651
470	1527
501	1494
486	1553
384	1426
524	1428
447	1318
482	1282
462	1280
443	1331
489	1524
447	1378
403	1499
396	1615
453	1587
457	1575
528	1523
476	1572
514	1752
417	1442
503	1399
442	1242
485	1107
520	1335
507	1530
561	1597
557	1546
550	1305
507	1300
492	1325
490	1346
502	1419
459	1423
457	1387
520	1446
508	1406
552	1379
516	1399
502	1532
510	1419
513	1580
516	1398
510	1149
540	1223
497	1463
564	1356
596	1333
596	1502
565	1255
544	1444
558	1387
588	1368
542	1403
540	1263
486	1257
554	1464
545	1262
570	1337
584	1370
527	1421
577	1401
532	1401
659	1619
588	1484
581	1421
494	1300
534	1385
562	1421
555	1272
545	1163
591	1352
576	1277
596	1344
628	1458
589	1370
684	1536
700	1519
709	1396
697	1499
670	1506
673	1338
675	1546
710	1386
754	1344
738	1246
724	1464
710	1226
749	1182
743	1300
685	1677
707	1403
633	1227
638	1221
637	1361
616	1277
715	1302
511	1217
604	1382
616	1130
638	1247
602	1309
606	1232
597	1297
642	1264
580	1279
632	1418
628	1479
588	1382
554	1249
529	1367
536	1338
512	1308
534	1452
632	1541
565	1291
603	1334
617	1501
534	1332
545	1355
490	1250
583	1204
572	1137
582	1172
588	1224
500	1325
524	1534
495	1294
530	1249
529	1184
540	1406
571	1280
493	1256
548	1359
558	1523
563	1488
497	1473
520	1441
534	1390
531	1245
508	1231
554	1351
512	1200
490	1300
520	1181
479	1293
498	1277
568	1361
575	1391
577	1339
543	1385
508	1270
520	1506
455	1452
505	1393
492	1409
469	1581
482	1654
456	1681
427	1441
506	1268
488	1349
494	1234
431	1213
483	1289
475	1270
389	1189
498	1207
416	1274
484	1279
386	1407
466	1323
478	1292
425	1285
450	1243
440	1153
468	1166
508	1621
488	1625
422	1430
472	1359
476	1323
405	1400
457	1430
440	1359
395	1553
425	1572
452	1429
432	1371
437	1195
429	1453
404	1545
370	1393
393	1209
453	1161
397	1050
407	1137
388	1193
378	1228
449	1261
410	1311
431	1249
406	1241
422	1307
452	1160
412	1106
421	1238
373	1345
374	1340
414	1225
358	1073
394	1113
359	1213
424	1215
440	1073
439	1061
385	1047
444	1007
434	1081
371	1208
397	1280
395	1221
435	1136
368	1170
389	1241
420	1164
412	1227
477	1298
462	1361
485	1332
428	1242
446	1156
476	1126
441	1129
422	1393
422	1290
435	1385
430	1320
398	1223
438	1246
445	1140
428	1300
448	1179
379	1097
408	1240
453	1274
353	1171
396	1105
406	1300
422	1142
392	1272
416	1192
377	1309
452	1148
447	1094
451	1153
412	1249
472	1248
398	1215
426	994
440	1237
422	1315
445	1233
465	1249
409	1126
446	1374
486	1244
400	1239
436	1368
458	1494
400	1543
405	1293
396	1230
377	1197
422	1429
409	1441
435	1307
363	1400
404	1504
409	1678
418	1447
417	1348
377	1350
404	1278
414	1255
420	1395
410	1308
419	1445
494	1383
426	1274
430	1159
484	1210
414	1118
417	1337
484	1306
438	1289
432	961
408	1111
374	1253
401	1357
425	1394
395	1365
431	1230
417	1210
448	1301
408	1331
402	1251
412	1288
435	1395
427	1271
393	1391
378	1466
372	1392
442	1122
387	1196
394	1258
378	1273
426	1253
474	1495
430	1504
399	1443
388	1434
426	1475
400	1372
382	1345
409	1494
414	1454
425	1259
404	1329
442	1351
395	1375
401	1358
356	1304
411	1534
470	1307
430	1238
457	1181
335	1180
397	1424
411	1438
390	1416
406	1269
491	1154
437	1269
437	1136
454	1226
409	1262
479	1217
411	1396
449	1414
488	1434
490	1597
510	1593
531	1644
460	1469
463	1475
517	1341
496	1246
507	1451
477	1450
535	1462
508	1179
497	1305
545	1452
503	1197
546	1133
541	1223
484	1250
429	1166
474	1383
466	1446
500	1307
524	1274
508	1280
575	1325
517	1337
512	1392
558	1527
557	1673
575	1470
592	1560
546	1659
469	1552
551	1590
501	1618
513	1473
488	1608
444	1531
488	1547
541	1372
477	1312
505	1420
456	1323
471	1418
503	1375
456	1556
515	1316
466	1411
459	1257
427	1492
420	1567
440	1741
492	1581
419	1934
516	1831
467	1994
438	1689
438	1438
451	1400
413	1299
503	1344
492	1424
431	1421
529	1391
432	1581
439	1707
409	1500
415	1523
404	1610
397	1528
391	1585
379	1604
447	1621
384	1638
404	1793
398	1997
470	1998
449	2034
488	2012
465	2379
528	3382
470	2993
423	2264
362	2102
399	2044
391	2105
449	2022
425	1954
420	2004
388	2103
402	1823
437	1752
434	1701
465	1982
429	1764
446	1834
418	1586
442	1693
511	1974
462	1812
440	1757
479	1944
449	1910
445	1892
493	2795
553	3880
531	2974
489	2540
457	2619
451	3388
458	2248
512	3039
535	3898
587	5422
571	4862
591	6161
615	6002
563	5136
687	7703
652	5925
520	2035
490	3366
631	8190
756	9817
566	5832
812	9938
802	10986
696	10154
540	6105
541	4939
693	7497
767	10443
547	5433
514	3461
679	8092
685	8000
597	9710
488	6703
538	7624
457	5690
503	8330
553	8612
632	9217
573	7485
452	1586
452	1405
450	1404
526	1436
444	1452
471	2348
404	1508
367	1442
413	1436
435	1499
456	1327
409	1399
408	1335
388	1341
443	1211
466	1353
494	1480
408	1347
470	1323
462	1271
389	1211
429	1330
399	1131
477	1351
398	1245
432	1358
427	1332
454	1138
459	1345
416	1299
430	1252
465	1259
463	1176
387	1208
446	1278
444	1377
454	1508
423	1391
396	1311
454	1421
434	1439
411	1356
388	1279
397	1152
416	1269
360	1262
372	1441
432	1166
366	1296
468	1277
416	1200
406	1043
445	1287
416	1087
423	1284
472	1673
432	1546
395	1465
396	1507
450	1340
401	1180
422	1203
415	1255
462	1230
388	1267
488	1266
449	1092
475	1206
384	1300
372	1172
440	1160
430	1136
465	1329
451	1338
455	1474
437	1325
527	1166
433	1320
456	1323
443	1220
482	1258
427	1366
495	1192
510	1208
543	1185
523	1420
588	1354
543	1269
557	1267
543	1145
593	1357
536	1291
553	1205
586	1403
549	1243
529	1219
565	1285
541	1300
600	1408
581	1235
570	1247
619	1262
674	1316
581	1303
663	1170
724	1305
646	1303
629	1176
641	1451
645	1386
619	1198
655	1392
608	1556
624	1637
624	1605
658	1623
613	1424
629	1341
690	1484
600	1354
608	1471
650	1588
617	1448
632	1512
610	1664
631	1467
589	1501
624	1568
628	1456
576	1435
582	1278
565	1310
620	1329
582	1269
626	1289
533	1338
534	1271
563	1583
594	1397
533	1603
514	1356
523	1256
533	1485
543	1613
561	1468
498	1546
554	1366
514	1331
517	1227
476	1348
483	1349
483	1204
458	1243
449	1273
427	1220
414	1449
469	1372
489	1237
493	1361
494	1547
452	1445
432	1368
508	1464
459	1363
473	1395
386	1307
442	1269
465	1426
440	1436
426	1424
426	1522
405	1453
408	1507
393	1239
425	1383
452	1143
495	1363
490	1546
481	1223
435	1339
428	1361
389	1300
391	1275
392	1069
408	1078
391	1212
400	1110
418	1232
394	1246
449	1460
410	1440
432	1247
464	1426
424	1338
478	1445
453	1295
462	1243
496	1318
442	1171
477	1112
484	1204
455	1192
409	1322
451	1297
408	1358
485	1322
486	1600
450	1228
473	1015
449	1283
441	1223
413	1152
446	1158
458	1335
507	1223
475	1338
470	1432
496	1657
496	1639
489	1603
481	1533
494	1574
506	1254
448	1282
442	1294
449	1280
434	1336
419	1329
449	1478
476	1541
487	1385
477	1439
470	1439
473	1424
535	1535
475	1341
469	1591
482	1313
501	1503
481	1307
467	1386
471	1422
452	1504
451	1440
470	1444
446	1571
462	1545
492	2402
499	2142
522	1795
455	1630
460	1589
485	2193
515	4326
517	3516
533	3286
559	4134
566	4841
629	4505
654	4718
571	4962
570	5194
537	5696
565	6231
548	5507
578	6221
496	4355
500	4915
523	5100
544	5794
615	5572
586	4906
508	4350
514	3882
496	3099
641	2817
534	2709
553	2134
513	2184
555	1898
569	1939
570	2053
621	1809
614	1723
607	1813
606	1904
615	1918
631	1911
599	1732
669	1679
647	1663
604	1502
588	1569
553	1615
547	1594
504	1515
501	1519
550	1642
522	1667
572	1539
559	1378
633	1396
599	1484
643	1585
706	1530
637	1524
643	1398
555	1623
590	1704
655	1682
650	1604
622	1607
617	1673
604	1966
575	1746
580	1550
493	1585
590	1889
528	1635
596	1677
583	1721
573	1630
541	1613
570	1541
635	1461
590	1622
535	1464
530	1553
516	1628
548	1640
606	1592
480	1396
465	1551
534	1390
582	1474
418	1566
464	1800
554	1313
532	1647
525	1442
445	1594
484	1440
529	1365
496	1318
530	1524
529	1656
439	1547
476	1677
457	1632
378	1734
412	1558
451	1551
391	1400
408	1445
436	1430
426	1318
439	1323
419	1535
417	1628
443	1693
420	1799
470	1695
475	1617
460	1698
449	1968
388	1990
399	1658
443	1611
367	1797
420	1683
444	1679
475	1806
457	1533
382	1971
435	1823
425	1871
442	2051
433	2070
495	2163
478	2767
442	2201
463	1955
378	1660
406	1527
404	1517
389	1537
425	1635
383	1625
358	1372
365	1322
432	1456
433	1634
423	1476
405	1318
385	1274
424	1389
370	1530
416	1277
407	1500
420	1397
431	1249
434	1324
420	1647
406	1410
504	1340
392	1517
381	1320
487	1330
444	1320
423	1204
466	1243
433	1381
466	1317
424	1480
460	1520
483	1198
467	1279
488	1218
481	1167
559	1485
569	1467
571	1561
527	1566
557	1575
574	1542
647	1586
603	1577
629	1633
625	1426
722	1711
802	2164
1036	2563
1032	2322
846	2117
923	2133
1014	2371
1340	2370
1257	2546
1183	2384
1292	2638
1762	3207
2249	3928
2718	4738
2982	5187
3478	6291
4276	7458
5366	8429
5928	8964
5738	9224
5837	9211
6185	8888
6276	8702
5956	8193
5126	6883
4722	6020
4320	5365
3945	4950
3680	4294
3473	4274
3349	4121
3308	4138
3482	4265
3409	3986
3465	4195
4057	5375
4023	5088
3445	4154
2604	3039
2275	2529
2101	2416
2106	2442
1819	2255
1466	1746
1278	1942
1316	2060
1189	1906
1122	1713
962	1619
889	1530
869	1707
872	1613
854	1718
747	1651
677	1522
659	1487
696	1439
700	1426
660	1498
657	1532
630	1323
640	1267
654	1370
605	1323
530	1425
484	1351
528	1386
529	1263
437	1296
452	1262
469	1331
461	1278
510	1233
534	1061
520	1136
478	1067
489	1093
537	1080
493	1060
499	949
444	1129
459	1195
464	1134
460	1286
506	1184
431	1081
395	1214
461	1344
455	1405
440	1377
391	1113
392	1139
451	1238
485	1153
471	1335
449	1173
500	1422
425	1448
502	1394
491	1528
481	1385
476	1435
454	1420
485	1446
443	1376
427	1464
417	1323
524	1567
532	1943
539	3096
435	1989
421	1402
437	1395
458	1332
450	1937
521	2513
435	1295
446	1438
496	1734
565	3607
502	5043
535	4994
432	2366
417	1916
476	1719
464	1920
468	1743
443	1548
407	1562
446	1548
477	1668
445	1667
525	1530
515	1269
440	1273
470	1297
515	1331
508	1133
499	1357
503	1255
420	1158
435	1177
475	1160
470	1096
408	1042
384	1177
413	1074
397	1242
499	1320
424	1154
420	1138
392	1161
419	1016
445	1429
406	1400
427	1499
418	1471
409	1279
372	1279
431	1305
408	1316
401	1336
425	1163
415	1286
398	1361
422	1546
502	1515
441	1401
417	1509
409	1573
407	1330
505	1329
488	1254
455	1488
442	1114
358	1066
437	1167
394	1402
391	1315
445	1222
505	1200
485	1258
457	1315
478	1469
441	1389
445	1365
399	1532
433	1295
400	1574
413	1354
381	1408
412	1373
484	1398
415	1223
433	1270
400	1392
466	1498
387	1358
420	1374
445	1285
448	1395
416	1476
430	1340
463	1443
438	1610
389	1593
415	1619
402	1712
426	1693
401	1563
423	1604
346	1352
386	1398
416	1271
351	1317
392	1411
401	1201
429	1295
396	1592
408	1501
432	1514
402	1584
418	1659
427	1797
430	1700
432	1555
499	1511
468	1490
413	1520
474	1653
391	1468
438	1498
383	1241
427	1214
418	1315
393	1273
366	1318
413	1267
414	1348
418	1209
403	1299
383	1212
407	1289
407	1471
391	1244
400	1183
414	1256
409	1202
427	1451
401	1291
373	1297
469	1397
461	1220
397	1301
380	1244
379	1336
367	1214
364	1183
383	1265
466	1326
454	1408
434	1418
425	1491
401	1222
436	1269
402	1564
453	1583
421	1801
436	1562
497	1610
497	1460
500	1537
407	1724
497	2045
449	1875
435	1555
434	1585
444	1870
518	1594
495	1541
526	1567
529	1341
528	1427
526	1459
509	1417
497	1307
459	1521
461	1377
454	1550
447	1348
425	1338
448	1436
479	1192
404	1238
417	1263
401	1306
405	1111
375	1254
451	1413
452	1247
436	1425
426	1673
400	1336
400	1387
379	1314
408	1432
459	1431
434	1552
407	1386
429	1308
433	1395
413	1367
458	1332
448	1198
411	1408
418	1262
451	1191
413	1246
451	1187
485	1201
477	1239
511	1210
511	1404
507	1408
484	1493
530	1583
500	1651
549	1528
541	1686
460	1321
448	1332
450	1273
426	1179
452	1350
453	1360
412	1233
478	1338
464	1491
468	1205
480	1354
457	1614
448	1455
421	1360
428	1495
425	1466
441	1398
439	1206
461	1356
435	1517
454	1378
448	1380
449	1279
469	1303
454	1332
525	1433
452	1315
444	1380
453	1309
464	1410
496	1461
470	1352
444	1256
474	1281
498	1354
472	1413
438	1452
462	1323
455	1448
462	1292
444	1370
451	1471
392	1349
484	1427
476	1301
504	1283
516	1422
441	1425
428	1521
476	1534
474	1460
543	1604
497	1557
525	1281
479	1461
443	1309
461	1446
478	1369
511	1442
498	1318
495	1356
571	1346
531	1406
512	1458
467	1231
485	1369
512	1488
429	1339
474	1517
512	1363
528	1453
457	1480
469	1400
488	1519
496	1444
587	1455
547	1535
493	1509
466	1405
524	1482
573	1471
520	1529
556	1462
508	1402
552	1460
499	1332
538	1403
576	1305
557	1291
547	1241
546	1425
606	1555
573	1473
594	1815
581	1802
610	1660
596	1249
575	1296
593	1375
591	1331
620	1369
623	1341
627	1282
575	1280
613	1298
646	1346
613	1385
660	1318
614	1438
661	1456
660	1532
671	1455
633	1487
745	1572
727	1558
704	1464
745	1427
681	1362
684	1344
722	1483
741	1584
745	1658
857	1900
814	1772
731	1767
783	1680
774	1783
862	1830
852	1839
936	1579
874	1634
835	1748
854	1563
783	1564
807	1471
819	1591
836	1560
823	1749
802	1748
789	1809
783	1622
777	1707
873	1885
891	1820
908	1672
898	1775
902	1742
857	1864
899	1937
934	1866
940	1925
913	1784
872	2071
858	2273
1000	3460
885	2348
858	2296
922	2172
913	3011
951	3524
1022	4722
935	3267
902	2362
934	2072
951	2325
1082	2467
956	2083
1078	1969
1095	1850
1130	2499
1137	3326
1028	2539
1125	2839
1147	2454
971	2643
915	1966
1039	2620
1119	3660
1281	5021
1156	4392
1152	3159
1219	3730
1232	3147
1168	3161
1152	2793
1155	2843
1187	3596
1196	3705
1104	2855
1064	3232
1135	3237
1090	3556
1199	4208
1250	7153
1163	6424
1090	4981
1138	5335
1165	6222
1084	4270
985	4341
933	2937
947	1706
895	2124
886	1881
785	1645
902	1833
923	1904
851	1778
866	1743
953	1660
862	1627
825	1409
834	1546
743	1609
769	1567
713	1503
676	1563
734	1487
744	1611
666	1536
656	1565
755	1613
737	1523
689	1460
698	1464
659	1495
690	1559
739	1377
721	1608
705	1597
660	1462
628	1468
611	1492
617	1463
598	1520
606	1676
616	1679
628	1606
659	1601
599	1436
622	1545
628	1637
601	1760
578	1581
672	1573
604	1571
593	1433
573	1378
679	1529
612	1405
737	1610
736	1693
903	1911
942	1689
953	1647
972	1716
1000	1922
1065	2020
1036	1859
922	1645
819	1666
815	1468
768	1791
737	1557
612	1730
560	1524
537	1403
562	1405
513	1383
530	1250
532	1361
590	1529
559	1586
511	1487
509	1568
527	1363
540	1357
556	1288
594	1243
511	1243
538	1341
505	1294
481	1420
474	1273
556	1383
564	1447
467	1557
505	1490
540	1615
444	1520
420	1552
447	1306
442	1347
411	1333
477	1344
471	1430
451	1374
493	1205
467	1367
403	1539
476	1272
448	1334
465	1392
432	1281
418	1295
433	1303
423	1374
404	1253
526	1210
481	1149
395	1306
399	1248
411	1315
440	1529
458	1418
440	1292
461	1435
499	1435
472	1490
478	1540
501	1867
418	1594
455	1496
422	1636
528	1768
496	1653
410	1505
403	1705
435	1573
470	1610
450	1871
462	1697
443	1773
432	1564
474	1826
502	1524
469	1674
469	1714
459	1676
471	1724
485	1493
438	1587
511	1482
514	1734
410	1527
417	1436
409	1363
506	1563
458	1594
440	1520
440	1632
420	1486
467	1552
482	1480
447	1593
453	1645
495	1654
452	1773
446	1584
477	1539
485	1614
552	1442
493	1397
525	1502
506	1510
496	1487
535	1501
535	1477
510	1568
450	1585
484	1501
475	1642
492	1640
513	1383
484	1255
456	1455
472	1463
493	1366
446	1559
495	1525
519	1279
421	1448
497	1291
412	1397
402	1163
441	1252
474	1069
454	1147
421	1230
439	1201
448	1304
478	1389
439	1578
484	1494
405	1384
449	1469
416	1327
398	1309
442	1415
452	1307
460	1380
419	1480
437	1181
432	1261
428	1518
412	1346
405	1325
418	1268
427	1243
441	1360
454	1487
507	1479
471	1428
450	1250
400	1436
452	1465
387	1460
403	1455
401	1296
427	1387
408	1572
409	1805
473	2147
414	1929
423	1879
497	1789
462	1833
499	1587
435	1734
403	1432
389	1522
436	1234
453	1357
429	1610
571	7234
684	8804
529	7954
509	5090
503	1678
401	1344
455	1387
394	1409
409	1459
422	1664
385	1459
431	1593
442	4125
460	5159
442	3088
400	1687
424	1490
451	4049
481	5414
548	5191
497	4148
701	13677
731	13688
855	12251
553	7838
493	3397
492	2074
432	1747
488	4146
544	6637
506	4702
477	6103
464	8521
475	3045
421	1438
406	1467
415	1502
410	1371
483	1332
421	1235
409	1297
466	1435
456	1377
480	1433
478	1301
484	1415
474	1338
470	1542
430	1450
463	1372
410	1409
374	1299
378	1348
413	1465
383	1562
409	1362
425	1262
412	1304
463	1401
397	1268
443	1413
446	1180
419	1224
480	1125
434	1063
439	1148
431	1157
393	1332
435	1228
471	1347
457	1174
492	1178
491	1174
510	1132
548	1213
444	1215
455	1324
424	1234
454	1062
406	1396
426	1264
453	1283
499	1346
456	1332
479	1355
448	1368
446	1554
434	1468
432	1218
411	1369
430	1379
508	1618
437	1411
420	1479
383	1598
439	1476
387	1593
406	1568
403	1357
424	1294
416	1381
432	1276
396	1301
443	1337
420	1327
370	1431
435	1529
485	1514
431	1251
410	1281
403	1334
421	1405
437	1338
356	1194
388	1233
429	1277
420	1287
471	1430
426	1416
390	1395
425	1308
393	1288
417	1525
420	1512
393	1454
417	1276
373	1267
410	1541
443	1511
413	1423
442	1515
419	1392
416	1483
427	1306
428	1389
438	1326
435	1350
445	1396
452	1370
423	1176
398	1257
390	1323
350	1393
403	1203
412	1188
403	1156
416	1262
411	1215
425	1336
415	1213
453	1445
473	1393
401	1435
371	1325
400	1373
397	1393
448	1328
377	1458
444	1274
447	1169
370	1357
448	1319
436	1469
459	1454
481	1376
483	1393
451	1334
483	1370
464	1420
409	1210
471	1369
477	1157
496	1275
481	1157
460	1141
417	1348
458	1422
471	1399
457	1232
456	1217
409	1468
450	1406
430	1215
471	1374
396	1238
382	1342
478	1275
470	1246
440	1112
446	1200
427	1108
429	1187
433	1187
474	1251
483	1366
516	1411
489	1313
489	1388
470	1342
506	1384
594	1290
572	1374
566	1340
615	1324
618	1344
775	1496
748	1351
710	1233
766	1353
680	1250
649	1319
534	1258
536	1224
611	1345
634	1253
525	1236
460	1347
421	1300
479	1508
409	1526
406	1836
453	1592
402	1713
380	1701
426	1542
428	1434
421	1372
446	1373
407	1229
336	1292
389	1196
398	1066
411	1120
439	1218
474	1198
471	1094
425	1427
456	1442
467	1285
528	1489
441	1467
515	1549
489	1477
561	1437
511	1409
488	1397
534	1291
524	1225
497	1213
488	1324
457	1360
499	1085
578	1066
527	1258
567	1379
608	1319
615	1282
610	1506
546	1273
557	1533
557	1371
552	1559
645	1408
756	1624
628	1543
634	1408
625	1415
606	1522
590	1327
585	1352
551	1459
573	1497
516	1498
538	1363
483	1321
469	1278
516	1456
519	1436
485	1433
520	1514
597	1390
487	1539
472	1749
474	1572
453	1452
458	1604
468	1691
427	1588
428	1640
459	1694
482	2094
479	2001
469	1774
415	1668
468	1945
398	1366
394	1668
391	1579
433	1473
405	1491
360	1465
441	1231
417	1168
422	1147
471	1259
426	1460
405	1363
375	1202
372	1082
383	1153
399	1104
433	1318
488	1188
418	1227
458	1357
422	1893
489	2640
476	2473
442	2366
429	2283
355	1750
406	1276
433	1255
401	1333
411	1368
451	1321
416	1406
459	1385
421	1613
414	1636
377	1486
505	1608
485	1697
462	1410
505	1265
481	1053
402	1182
415	1172
432	1219
412	1248
410	1433
436	1306
418	1436
403	1257
413	1171
450	1229
474	1297
475	1408
417	1261
455	1329
437	1415
490	1369
421	1380
472	1466
464	1387
463	1221
415	1213
449	1408
395	1319
463	1314
407	1199
454	1334
434	1349
411	1199
434	1340
501	1353
447	1247
450	1351
364	1295
417	1444
439	1435
456	1497
435	1771
415	1480
410	1397
422	1533
434	1679
428	1711
452	1540
437	1587
465	1564
439	1739
496	1518
409	1886
440	1613
428	1685
415	1523
468	1583
398	1602
426	1640
465	1670
454	1900
374	1784
360	1572
374	1737
401	1940
436	1842
420	2121
482	2224
450	2277
475	2126
443	2217
442	2356
477	2108
409	1994
445	1900
399	1701
454	1787
417	1652
415	1609
408	1861
422	1979
398	1843
408	1863
361	1938
360	1770
403	2041
430	1931
410	1829
425	1829
413	1839
445	1780
428	1617
412	1595
437	1640
479	1687
467	1588
451	1541
434	1668
435	1848
405	1775
426	1754
375	1633
406	1715
438	1790
381	1722
446	1544
398	1473
424	1562
428	1589
398	1488
437	1664
403	1599
404	1721
412	1718
453	1468
440	1430
360	1423
445	1408
471	1438
447	1429
425	1511
462	1476
491	1315
457	1349
469	1458
490	1255
553	1445
512	1771
488	1535
494	1544
532	1357
525	1339
507	1294
529	1293
475	1219
531	1381
475	1459
483	1430
506	1467
484	1281
515	1237
519	1055
519	1214
460	1286
480	1265
431	1323
479	1253
507	1456
459	1468
523	1409
493	1541
507	1451
474	1406
425	1439
460	1490
530	1417
464	1353
416	1512
422	1469
461	1517
437	1602
458	1428
429	1496
469	1438
401	1342
429	1415
462	1303
480	1316
459	1390
452	1461
454	1304
443	1261
485	1397
443	1557
415	1389
419	1290
463	1286
459	1463
398	1388
398	1374
421	1444
485	1476
479	1717
472	3011
516	3659
438	2002
524	3034
571	5853
436	3854
534	3016
486	2844
501	2294
581	2937
602	3191
589	3011
589	4294
637	4837
546	1576
555	1420
590	1191
540	1288
481	1384
395	1352
483	1164
513	1365
472	1561
424	1198
419	1388
413	1255
462	1178
476	1210
526	1178
481	1052
512	1106
439	1173
460	1220
477	1296
502	1461
472	1175
510	1232
403	1271
487	1241
515	1257
482	1262
471	1426
414	1275
506	1343
534	1211
438	1328
472	1224
453	1278
430	1181
435	1306
448	1182
504	1225
503	1265
456	1300
533	1365
524	1536
529	1450
567	1483
516	1797
516	1909
527	1596
545	2040
540	2150
525	1767
553	1838
560	1778
543	1412
530	1518
594	1570
587	1448
520	1397
547	1413
643	1520
550	1463
622	1432
559	1694
598	1453
667	1726
677	1682
771	1732
761	1604
835	1740
876	1912
730	1962
696	2186
653	1880
663	1706
671	2022
810	2272
712	1919
655	1813
686	1914
716	2037
766	1879
710	1749
636	1627
619	1486
619	1286
546	1495
614	1485
582	1379
571	1398
596	1522
590	1735
611	1386
569	1356
581	1429
592	1506
619	1342
599	1399
519	1348
527	1247
550	1294
563	1278
543	1169
520	1064
511	1429
535	1280
518	1374
550	1368
568	1322
485	1372
487	1563
483	1577
494	1398
551	1328
449	1428
536	1426
542	1729
548	2252
580	3199
553	3513
559	3958
577	4213
612	3039
560	1918
524	1369
560	1452
588	1530
526	1290
599	1392
558	1417
494	1410
541	1520
589	1755
492	1501
485	1381
549	1264
499	1206
525	1329
530	1367
529	1385
588	1535
582	1600
520	1560
594	1584
570	1685
552	1621
554	1461
585	1409
594	1496
633	1396
592	1526
586	1668
585	1705
668	1502
630	1352
597	1472
630	1437
593	1582
594	2011
592	2197
641	2481
605	2302
651	2092
680	1973
633	1755
620	2139
668	2188
634	2127
644	2119
634	1799
555	1880
627	1971
641	1995
580	1883
555	2023
546	1814
492	2080
484	1988
561	1913
535	1832
542	1826
503	1887
509	2001
550	1997
543	2442
619	2567
612	2149
605	2023
590	1757
583	1898
547	1472
500	1623
539	1644
574	1623
607	1597
555	1687
535	1640
601	1549
595	1710
558	1689
576	1900
520	1666
525	1428
505	1629
495	1683
558	1783
540	1715
528	1680
497	1681
428	1577
600	1627
491	1475
470	1546
452	1594
506	1726
426	1593
419	1698
439	1514
420	1659
427	1596
399	1562
388	1738
452	1655
488	1480
529	1604
401	1480
388	1277
414	1534
502	1354
479	1397
464	1547
406	1597
410	1195
451	1107
466	1220
448	1226
399	1436
380	1340
411	1292
470	1405
442	1488
470	1563
458	1495
513	1619
451	1575
529	1601
566	1721
495	1475
497	1510
536	1538
506	1627
541	1892
535	1789
441	1427
481	1509
499	1445
566	1490
483	1551
460	1459
508	1473
443	1593
466	1529
509	1514
465	1544
464	1519
529	1443
544	1526
494	1469
487	1525
488	1452
470	1595
468	1503
459	1531
454	1326
471	1516
495	1546
423	1565
468	1479
476	1553
476	1650
531	1694
518	1679
489	1433
470	1111
439	1454
427	1280
478	1562
442	1515
536	1493
433	1430
457	1412
447	1370
492	1362
474	1557
506	1628
524	1640
504	2058
600	2329
550	1976
505	1694
441	1691
519	1800
415	1901
488	1891
444	1650
486	1927
461	1510
386	1499
445	1476
401	1721
419	1446
417	1514
394	1645
406	1690
451	1577
447	1592
435	1725
484	2018
531	2234
463	1847
453	1544
516	1769
486	1805
501	1954
453	1803
405	1534
452	1450
452	1383
424	1222
456	1424
434	1515
413	1300
412	1298
446	1522
460	1606
411	1449
387	1584
413	1556
463	1485
476	1353
493	1285
452	1299
477	1277
488	1351
481	1270
440	1272
403	1358
412	1540
423	1713
428	1427
425	1345
405	1301
445	1261
418	1194
422	1519
423	1656
414	1322
387	1351
419	1414
422	1393
479	1407
438	1365
393	1351
433	1368
446	1569
495	1415
432	1450
479	1290
545	1476
527	1527
493	1406
535	1315
505	1439
586	1600
624	1501
562	1662
597	1400
574	1204
578	1349
629	1561
519	1606
589	1562
465	1506
443	1429
423	1353
442	1306
427	1406
390	1596
438	1442
401	1276
464	1429
487	1396
492	1433
490	1385
531	1506
473	2304
447	2255
440	1780
485	1622
477	2794
411	2246
479	1969
437	1968
470	1752
490	3014
492	4296
420	3497
470	4777
504	4612
484	3320
420	3079
479	3031
455	3144
388	3001
446	2051
397	1660
430	1496
429	1657
428	1435
444	1430
442	1385
473	1379
430	1520
411	1307
418	1383
391	1448
407	1642
434	1408
424	1459
490	1598
385	1444
401	1501
449	1573
468	1619
417	1312
396	1231
413	1390
431	1227
395	1443
408	1417
455	1477
463	1160
419	1379
423	1607
407	1527
378	1464
425	1533
425	1718
409	1706
382	1520
431	1505
423	1403
418	1534
454	1464
428	1367
408	1314
469	1484
423	1476
410	1449
429	1480
435	1342
423	1440
432	1479
415	1437
418	1417
456	1374
484	1304
480	1364
454	1386
464	1382
508	1365
479	1399
481	1264
470	1393
492	1360
486	1360
447	1249
487	1296
526	1470
549	1603
501	1637
482	1643
487	1673
507	1460
488	1448
508	1603
504	1587
479	1441
441	1588
468	1474
473	1585
512	1564
518	1495
437	1573
479	1585
472	1516
464	1598
482	1378
496	1442
512	1554
569	1294
591	1441
579	1278
574	1376
564	1632
600	1373
576	1279
540	1205
513	1222
570	1069
518	1252
477	1233
524	1321
545	1288
559	1345
552	1472
590	1508
534	1399
618	1240
601	1299
589	1549
604	1515
568	1553
619	1377
527	1331
588	1461
627	1504
511	1633
556	1755
493	1693
555	1400
520	1320
541	1540
514	1407
443	1492
537	1406
529	1541
570	1519
553	1767
545	2085
517	1984
583	2166
573	2614
573	2554
604	2300
575	2067
635	1898
552	1960
612	2052
644	2000
594	1933
552	1781
474	1713
535	1796
485	1960
501	2332
540	2202
478	2297
446	2126
471	2220
501	2453
498	2755
524	2516
550	2290
513	1994
448	2234
502	2121
491	1627
501	1717
549	2034
488	1742
492	1751
477	1684
484	1540
472	1528
489	1861
515	1866
542	1625
484	1513
473	1456
446	1430
438	1697
411	1396
528	1375
512	1380
454	1449
439	1508
411	1361
405	1607
381	1602
420	1320
435	1361
425	1332
426	1380
432	1406
460	1200
455	1522
417	1489
464	1243
466	1216
418	1378
480	1314
480	1475
429	1338
438	1301
475	1388
467	1431
430	1282
440	1404
416	1520
437	1344
430	1485
429	1329
441	1381
425	1318
443	1548
441	1681
513	1573
551	1607
575	1707
567	1648
537	1638
536	1432
529	1719
512	1480
590	1369
544	1657
532	1362
499	1407
602	1498
631	1479
552	1373
525	1417
537	1340
518	1434
576	1581
712	1878
707	1551
719	1532
702	1748
779	1847
822	1953
821	2242
905	1982
936	2106
871	2315
785	2265
696	2078
666	1989
640	1914
619	1995
610	2026
706	1944
646	1767
609	2027
531	1642
533	1543
438	1519
497	1441
480	1420
427	1277
482	1061
453	1279
432	1349
449	1433
455	1170
408	1290
441	1371
447	1487
423	1307
473	1415
432	1386
369	1318
477	1384
439	1317
433	1421
442	1267
488	1530
420	1455
424	1439
388	1545
452	1467
472	1282
424	1354
377	1196
405	1272
410	1253
406	1243
375	1234
381	1205
413	1307
407	1308
381	1310
408	1397
426	1389
472	1405
380	1331
388	1662
523	4092
506	3222
427	1547
509	1582
469	1902
537	1968
700	2542
564	2199
535	1745
613	2044
672	2956
848	4417
797	4820
730	6630
882	11742
770	7504
734	9558
575	5990
628	5970
607	3632
525	1682
447	1558
373	1401
414	1299
443	1302
407	1274
405	1221
390	1231
424	1026
386	1157
370	1286
418	1295
403	993
413	1266
415	1255
396	1214
441	1095
405	1016
431	1260
382	1169
452	1344
409	1349
446	1309
437	1327
437	1330
391	1439
398	1333
409	1274
413	1448
386	1329
382	1270
383	1315
420	1257
352	1329
451	1353
423	1320
423	1261
394	1255
356	1140
446	1528
428	1203
380	1507
424	1264
459	1178
374	1291
420	1181
398	1121
378	1319
365	1238
362	1463
367	1141
367	1420
366	1321
419	1375
387	1247
354	1396
366	1430
398	1286
398	1424
421	1218
416	1396
385	1358
411	1369
407	1394
375	1289
361	1400
355	1463
409	1241
387	1413
411	1611
365	1393
406	1582
377	1648
381	1473
393	1605
392	1482
353	1626
406	1805
428	1829
313	2005
375	1636
403	1760
439	1613
436	1741
407	1566
423	1361
400	1479
387	1473
382	1734
402	1547
374	1510
377	1323
358	1382
421	1230
414	1393
382	1428
376	1297
405	1341
425	1174
393	1255
411	1401
412	1555
416	1326
401	1330
390	1232
388	1213
357	1088
355	1118
363	1357
411	1566
427	1473
396	1287
399	1272
364	1162
366	1229
355	1210
384	1218
378	1410
410	1242
408	1222
388	1218
392	1191
439	1448
402	1327
346	1474
385	1340
398	1344
444	1411
436	1363
439	1303
408	1284
423	1424
409	1496
386	1236
450	1515
413	1428
396	1299
427	1475
465	1328
436	1132
399	1283
416	1396
420	1304
509	1337
454	1577
498	1481
426	1362
407	1273
458	1515
457	1435
463	1439
398	1385
397	1432
462	1379
402	1402
423	1542
358	1639
377	1415
426	1393
450	1500
384	1546
413	1386
397	1208
381	1200
505	1413
440	1309
416	1275
369	1226
411	1195
461	1283
445	1167
448	1287
433	1124
393	1203
391	1209
334	1438
444	1374
398	1403
422	1316
377	1514
365	1538
392	1305
414	1399
404	1510
416	1395
347	1375
426	1387
426	1450
377	1395
437	1238
403	1192
378	1170
381	1221
373	1374
402	1321
397	1392
421	1500
412	1542
487	1638
428	1437
483	1549
450	1662
457	1399
436	1335
445	1363
477	1366
473	1383
443	1422
436	1196
490	1328
449	1255
448	1483
472	1307
419	1369
479	1434
426	1317
430	1358
448	1246
461	1406
422	1422
456	1378
462	1696
487	1682
473	1760
479	1742
484	1790
408	1458
450	1728
438	1844
442	1601
455	1582
449	1338
434	1411
406	1453
417	1565
441	1487
448	1614
389	1554
440	1427
470	1472
441	1435
387	1460
449	1640
527	1652
504	1657
527	2020
487	2025
476	2046
475	1697
438	1614
442	1525
419	1639
481	1921
492	2002
461	1889
473	1898
451	2543
416	3005
500	3236
409	3301
469	3065
487	2576
475	2106
417	2214
490	1957
464	2081
465	2458
467	2532
524	2499
500	2689
496	2800
510	2769
501	3081
460	3084
469	2876
511	2740
466	2456
487	2315
473	2227
415	2110
471	1733
484	1738
446	1628
512	1500
474	1480
437	1489
421	1596
467	1743
450	1635
400	1739
467	1718
473	1519
464	1779
483	1736
486	1413
630	1448
747	1586
653	1469
554	1516
594	1365
570	1626
536	1362
532	1602
533	1591
471	1530
464	1221
546	1312
599	1363
490	1482
456	1513
410	1701
371	1503
368	1373
391	1331
388	1362
395	1412
367	1307
415	1378
399	1481
368	1284
430	1434
407	1311
380	1216
364	1426
382	1653
405	1241
406	1404
387	1248
381	1521
451	1362
374	1393
375	1196
445	1443
404	1444
399	1382
348	1277
363	1317
361	1317
415	1424
406	1311
399	1643
415	1527
411	1466
449	1431
417	1512
381	1234
402	1235
429	1283
464	1434
405	1711
420	1723
436	1604
440	1538
399	1476
449	1687
416	1403
460	1438
465	1325
401	1332
444	1368
501	1300
424	1290
384	1468
417	1513
378	1513
450	1621
424	1603
398	1507
411	1503
446	1736
388	1714
405	1848
378	1891
375	1546
373	1583
351	1435
392	1560
395	1347
408	1618
412	1478
435	1482
429	1475
470	1441
424	1671
429	1580
387	1540
401	1361
483	1390
420	1414
448	1500
343	1357
415	1368
451	1536
395	1486
449	1580
467	1691
409	1700
404	1493
447	1610
447	1687
486	1671
467	1564
416	1647
475	1557
353	1420
454	1373
467	1522
470	1563
443	1467
472	1595
441	1449
443	1534
474	1545
472	1586
429	1537
455	1383
375	1618
463	1432
462	1371
490	1346
465	1423
502	1422
538	1430
526	1535
504	1638
536	1435
504	1376
521	1496
514	1595
487	1493
528	1366
488	1382
475	1587
389	1421
502	1458
463	1311
460	1422
447	1454
488	1304
432	1539
510	1979
528	1691
451	1599
414	1521
417	1384
426	1270
425	1273
435	1362
431	1432
455	1353
431	1457
449	1645
412	1648
447	1456
474	1512
496	1505
455	1304
459	1239
467	1137
474	1279
439	1295
500	1287
510	1404
479	1478
467	1521
469	1531
469	1582
473	1341
446	1291
479	1357
568	1365
487	1429
447	1495
425	1383
458	1426
449	1319
471	1347
404	1368
448	1310
452	1207
503	1305
406	1229
451	1421
392	1297
401	1457
439	1461
407	1386
460	1522
398	1376
405	1288
429	1299
442	1455
422	1297
456	1434
473	1389
443	1383
451	1440
489	1244
502	1299
492	1318
504	1379
533	1394
508	1470
498	1601
516	1599
439	1501
492	1773
444	1691
439	1448
406	1395
404	1535
429	1521
457	1580
400	1569
483	1463
439	1483
432	1344
416	1513
432	1300
417	1303
429	1515
468	1333
489	1447
480	1502
475	1499
404	1450
438	1451
465	1481
502	1323
454	1460
521	1498
434	1122
450	1208
472	1324
540	1414
514	1428
485	1339
504	1293
433	1380
518	1555
456	1475
488	1453
531	1614
497	1649
521	1598
498	1385
545	1453
517	1455
492	1730
501	1498
522	1258
507	1343
546	1202
529	1420
540	1286
491	1288
461	1286
531	1346
495	1302
470	1229
496	1241
498	1373
560	1446
533	1521
499	1325
520	1389
621	1841
627	1547
626	1513
606	1412
549	1308
608	1341
572	1197
532	1360
559	1327
499	1485
461	1473
528	1671
461	1436
590	1820
506	1767
535	1565
597	1467
542	1278
544	1377
551	1368
631	1433
584	1360
577	1430
580	1368
597	1217
511	1229
609	1456
562	1389
514	1216
571	1213
559	1324
731	1484
713	1540
652	1320
626	1502
674	1424
774	1441
772	1264
721	1352
571	1355
633	1303
611	1260
630	1204
623	1229
611	1578
613	1450
579	1666
539	1669
571	1518
562	1369
534	1308
501	1456
558	1556
571	1307
622	1244
618	1175
562	1397
540	1530
558	1716
471	1598
495	1685
562	1465
544	1493
502	1433
546	1330
501	1363
495	1480
608	1647
631	1534
583	1572
633	1348
606	1221
656	1433
606	1310
643	1254
663	1200
648	1325
658	1185
522	1280
582	1468
534	1389
588	1420
573	1482
573	1318
585	1279
579	1298
528	1152
494	1306
530	1398
520	1330
461	1460
508	1315
466	1235
513	1265
412	1022
425	1151
465	1248
452	1163
447	1175
449	1206
430	1397
457	1400
394	1196
381	1064
410	1112
426	1305
408	1600
388	1212
443	1279
409	1308
396	1233
458	1366
437	1553
435	1498
535	1594
397	1560
422	1431
413	1516
437	1514
432	1373
459	1244
401	1130
435	1365
449	1278
369	1326
450	1463
476	1525
490	1379
410	1403
459	1502
453	1585
411	1594
374	1660
445	1662
381	1537
420	1599
446	1529
399	1555
406	1629
469	1423
396	1353
396	1335
434	1310
419	1262
452	1281
409	1230
420	1195
380	1036
388	1263
404	1264
361	1346
448	1393
447	1578
436	1361
429	1191
434	1458
475	1476
374	1503
403	1450
408	1426
417	1245
416	1600
457	1749
456	1425
449	1428
463	1420
470	1433
406	1287
370	1413
410	1166
381	1112
438	1201
415	1575
468	1474
394	1437
408	1393
417	1754
467	1790
472	1966
456	2488
448	2011
363	1634
449	1595
441	1568
357	1566
404	1517
335	1577
363	1578
420	1417
372	1354
409	1329
413	1505
382	1593
423	1624
407	1593
431	1706
428	1505
406	1472
525	1427
479	1525
476	1303
431	1426
437	1365
466	1529
413	1478
411	1397
448	1347
419	1274
379	1172
447	1517
388	1423
438	1418
407	1279
429	1452
425	1408
428	1368
473	1337
411	1405
450	1475
410	1311
399	1345
448	1316
449	1406
447	1322
405	1442
420	1490
444	1303
401	1276
420	1342
400	1415
405	1272
457	1320
394	1177
391	1482
417	1415
422	1665
472	1747
475	1520
462	1538
422	1660
486	1628
513	1500
464	1381
448	1500
442	1301
413	1677
507	1623
458	1381
407	1124
404	1439
474	1413
433	1487
456	1591
465	1609
479	1591
439	2047
379	2030
436	2117
469	1499
457	1824
416	2256
494	1685
412	1718
423	1465
414	1465
432	1545
396	1485
429	1588
394	1755
397	1557
357	1534
362	1512
423	1456
339	1358
413	1228
383	1319
409	1434
406	1382
377	1384
374	1699
397	1480
451	1569
384	1425
434	1522
414	1354
456	1550
441	1447
424	1356
460	1449
459	1347
522	1296
401	1184
438	1276
410	1485
383	1311
411	1508
448	1460
411	1458
460	1567
423	1460
412	1526
444	1330
405	1468
484	1602
460	1506
407	1350
385	1610
410	1460
458	1570
425	1575
491	1369
454	1537
425	1504
450	1493
451	1431
430	1507
422	1674
428	1679
455	1770
510	1687
436	1454
406	1398
397	1258
475	1615
422	1713
466	2006
419	2021
391	1723
431	1538
391	1752
415	2048
410	2250
386	2144
473	2392
408	2204
447	2252
464	1732
473	1991
461	1640
429	1390
489	1399
456	1595
426	1519
380	1443
467	1405
483	1460
452	1598
454	1603
484	1803
540	1579
590	1570
600	1655
552	1599
501	1605
510	1516
455	1371
476	1638
452	1778
487	1426
430	1323
486	1323
545	1651
591	1425
600	1402
488	1565
386	1863
379	1680
424	1878
441	1925
472	2084
421	1955
448	2048
428	1738
517	2138
442	2449
513	2252
448	2079
470	1682
487	1690
455	2173
434	2269
471	2533
492	2508
508	1968
435	1850
451	1973
428	2103
436	1760
413	1689
416	1600
419	1580
398	1665
422	1668
414	1540
407	1929
373	1694
398	1920
440	1576
403	1624
362	1593
417	1879
460	1984
392	2212
415	2320
445	2032
456	2184
393	2114
428	1888
448	1583
430	1487
471	1559
443	1477
496	1493
512	1364
397	1301
432	1394
403	1380
394	1335
416	1256
441	1349
491	1493
451	1441
498	1410
490	1235
420	1358
437	1379
462	1616
415	1439
449	1431
461	1348
500	1289
463	1349
417	1317
430	1239
426	1187
458	1149
445	1282
455	1519
438	1499
438	1330
413	1465
437	1453
457	1356
449	1299
481	1525
461	1305
449	1174
459	1212
453	1376
464	1285
451	1315
506	1344
510	1320
461	1505
444	1506
460	1340
431	1402
462	1509
487	1568
513	1547
487	1382
433	1458
470	1594
493	1539
499	1369
485	1381
470	1549
440	1412
480	1559
464	1553
469	1334
452	1410
389	1348
418	1267
519	1343
444	1419
516	1403
533	1492
508	1422
473	1300
480	1473
504	1382
542	1145
462	1241
420	1303
440	1413
438	1384
501	1421
444	1341
471	1545
501	1698
455	1419
454	1566
540	1669
519	1821
508	1583
485	1544
438	1609
442	1579
465	1713
467	1578
430	1454
537	1712
461	1837
453	1841
463	2147
478	2137
498	2377
500	2166
509	2032
469	1872
420	1786
430	1689
458	1732
489	1593
545	1446
518	1632
482	1776
473	1466
500	1549
472	1633
469	1459
505	1558
525	1701
503	1673
487	1717
459	1539
449	1616
525	1562
490	1525
486	1299
467	1254
450	1260
412	1211
394	1244
517	1107
492	1031
485	1231
494	1236
513	1310
467	1297
522	1258
497	1244
475	1322
506	1222
549	1321
505	1447
464	1419
490	1176
518	1325
532	1425
518	1529
504	1484
489	1412
418	1306
440	1422
486	1405
537	1506
514	1627
484	1495
472	1360
444	1749
412	1644
477	1629
432	1614
492	1449
472	1653
481	1814
489	1960
546	1778
503	1564
500	1542
476	1481
508	1571
461	1341
487	1343
432	1447
388	1197
441	1278
509	1382
438	1423
405	1464
449	1421
455	1357
426	1280
433	1433
478	1475
486	1524
443	1248
520	1333
507	1578
499	1467
460	1279
426	1632
448	1727
449	1314
483	1213
462	1441
473	1437
439	1719
469	1445
483	1390
491	1457
488	1454
422	1388
437	1438
428	1549
481	1435
423	1543
456	1304
419	1332
528	1831
419	1648
409	1442
455	1780
478	1689
467	1535
438	1418
455	1336
466	1250
473	1382
453	1292
460	1330
440	1567
446	1557
449	1520
477	1665
506	1546
491	1707
484	1709
458	1640
456	1480
471	1653
513	1571
489	1412
478	1544
493	1582
480	1674
456	1489
446	1629
437	1914
454	2100
515	2161
504	2320
499	2525
533	2465
511	2710
557	2280
461	1795
547	1862
507	1951
483	1788
454	1773
489	1834
480	2358
474	2560
504	3001
510	3317
505	3425
455	3181
480	3305
494	2525
500	2211
537	2250
505	2430
545	2507
553	2135
534	1738
561	1800
564	2114
537	2477
590	2930
558	3207
578	3627
546	3836
585	3924
606	4072
650	3718
558	3758
486	3829
525	3821
609	4949
571	4209
607	3406
573	2753
621	3309
562	3802
550	2016
581	2592
506	2431
513	2582
571	2725
614	2911
599	3278
532	2870
552	2384
526	2263
472	2137
471	1784
492	1607
461	1672
476	1602
526	1572
496	1635
483	1683
439	1740
506	1925
505	1642
490	1505
545	1669
514	1543
506	1721
538	1627
512	1636
534	1846
497	1702
505	1662
580	1783
567	1706
638	1766
561	1570
630	1601
628	1724
626	1445
620	1444
652	1735
632	1516
684	1427
631	1560
690	1660
767	1484
906	1679
1005	1509
986	1595
983	1723
987	1668
1057	1818
1079	1922
1064	1923
1066	1755
1128	1580
1300	1651
1424	1773
1542	1582
1457	1512
1556	1459
1680	1525
1956	1622
2237	1763
2186	1874
2197	1880
2431	2066
2623	1950
2656	2081
2404	2024
2231	2215
2268	2074
2359	2052
2264	1913
2452	1989
2499	2006
2853	1969
3190	2498
3459	2549
3693	2546
4192	2949
4399	3155
4651	3198
4347	3199
4036	2817
3943	2772
3541	2712
3057	2326
2607	2113
2318	2024
2065	1788
1957	1828
1885	1875
1547	1862
1489	1915
1611	1943
1781	1853
1631	1712
1663	1673
1698	1755
1679	1761
1747	1709
2057	1945
1774	1671
1501	1712
1517	1771
1541	2210
1481	1793
1336	1839
1123	1505
1043	1809
1203	1899
1074	1671
1012	1872
956	1763
940	1706
936	1969
988	1814
931	1746
872	1847
678	1383
744	1547
728	2065
730	2829
630	3084
588	1837
601	1699
628	1649
611	1875
630	2155
629	2270
666	1703
629	1616
630	1437
630	1493
660	1716
682	1673
677	1743
653	1743
570	1630
657	1773
599	1900
588	1737
554	1621
517	1447
536	1344
450	1262
520	1543
592	1458
563	1472
581	1433
593	1529
558	1475
577	1401
598	1406
581	1456
597	1433
497	1419
528	1293
555	1406
496	1367
431	1379
528	1363
488	1094
532	1207
530	1394
455	1387
512	1375
453	1554
525	1515
483	1484
493	1305
439	1308
486	1516
483	1569
446	1426
478	1583
526	1499
503	1733
456	1551
482	1465
459	1440
412	1408
498	1465
446	1481
450	1418
406	1352
453	1230
379	1554
408	1293
465	1480
440	1503
432	1573
430	1234
435	1410
460	1470
427	1440
410	1303
419	1226
398	1373
368	1379
401	1332
417	1249
440	1248
435	1146
400	1107
431	1333
425	1462
387	1259
396	1380
398	1349
415	1477
369	1396
445	1474
423	1374
476	1434
424	1427
466	1172
438	1157
386	1120
502	1166
499	1230
448	1298
440	1329
414	1427
441	1386
454	1400
446	1405
435	1541
417	1597
387	1511
379	1479
430	1426
411	1334
409	1509
455	1309
481	1473
424	1394
433	1447
494	1372
510	1489
415	1432
387	1490
437	1557
540	1516
677	1663
717	1310
762	1385
683	1285
731	1325
739	1280
672	1464
739	1504
751	1472
686	1393
668	1377
556	1388
630	1475
553	1230
590	1356
527	1646
475	1412
434	1292
378	1327
471	1399
496	1358
466	1214
444	1257
420	1411
401	1435
412	1424
434	1385
429	1220
412	1206
396	1288
437	1322
488	1330
464	1298
424	1325
504	1361
467	1388
436	1525
432	1600
435	1456
448	1438
402	1516
446	1475
419	1330
381	1469
374	1242
377	1226
383	1339
398	1364
461	1516
428	1250
406	1226
453	1438
423	1383
449	1191
500	1272
455	1328
486	1253
491	1478
444	1512
458	1417
398	1462
359	1296
413	1251
414	1463
438	1526
405	1398
453	1327
486	1361
432	1395
445	1501
473	1628
514	1494
437	1417
463	1298
410	1325
437	1277
460	1223
467	1343
495	1543
478	1452
488	1614
475	1610
503	1713
475	1677
483	1584
485	1799
523	1553
491	1458
560	1655
469	1538
446	1676
483	1541
516	1353
432	1442
480	1537
469	1430
430	1472
508	1668
486	1726
453	1505
464	1377
475	1411
491	1625
446	1740
480	1569
459	1823
454	1736
441	1544
406	1467
437	1425
446	1614
418	1745
413	1478
448	1412
468	1414
494	1358
473	1483
468	1386
421	1451
447	1316
534	1346
488	1388
552	1528
566	1396
544	1419
567	1541
537	1337
491	1271
514	1353
511	1426
504	1377
613	1397
577	1405
586	1524
553	1579
611	1797
712	1636
703	1824
702	1756
779	1964
810	1855
992	2059
1330	2402
1325	2324
1237	2255
1374	2209
1492	2610
1623	2717
1598	2627
1540	2435
1701	2485
1751	2782
1688	2715
1727	2860
1731	2846
1811	2882
1805	2982
1854	2924
1845	2904
1765	2424
1619	2449
1614	2241
1609	2755
1578	2700
1560	2518
1426	2447
1365	2991
1142	2980
960	2832
943	2471
912	2488
907	2705
893	2961
843	2456
910	2287
843	1917
706	2026
585	1707
650	1751
557	2099
611	2088
611	2314
582	1936
541	2036
624	1794
518	1917
528	1760
546	2042
522	1744
580	1499
557	1365
602	1595
549	1519
559	1707
543	1512
571	1625
597	1479
536	1434
535	1480
515	1477
533	1358
556	1271
608	1305
551	1315
502	1229
481	1284
515	1447
516	1470
492	1359
467	1596
562	1664
507	1581
518	1500
499	1564
479	1520
472	1284
468	1492
501	1487
475	1293
425	1213
444	1396
467	1372
416	1378
448	1429
489	1355
466	1357
447	1384
445	1362
414	1447
435	1401
445	1339
389	1218
402	1426
549	1422
502	1283
492	1467
433	1424
436	1328
424	1376
485	1260
485	1328
442	1444
437	1291
445	1184
494	1304
518	1404
541	1619
543	1488
515	1227
592	1225
512	1418
487	1491
468	1499
519	1361
505	1377
531	1502
534	1648
564	1779
496	1827
520	1750
519	1580
531	1940
566	2029
553	1788
506	1683
531	1675
535	1847
501	1574
522	1681
507	1685
488	1712
511	1727
473	1521
548	1568
508	1633
558	1968
541	1615
485	1594
470	1632
508	1671
485	1871
542	1735
523	1801
506	1797
494	1986
515	1615
574	1607
520	1684
529	1629
497	1612
476	1602
495	1778
534	1350
549	1317
533	1503
546	1267
537	1317
571	1426
575	1420
601	1380
619	1388
540	1217
676	1409
776	1784
909	2246
829	1865
772	1676
985	1689
916	1670
1028	1623
1121	1868
1051	1722
1081	1568
1181	1645
1093	1825
1059	1755
1003	1621
951	1744
913	1735
777	1805
804	1733
803	1467
761	1523
754	1609
579	1312
565	1349
579	1486
577	1355
551	1323
594	1519
518	1408
576	1311
487	1483
502	1637
512	1669
579	1746
557	1628
548	1547
520	1472
513	1279
510	1241
445	1454
494	1416
512	1426
522	1549
500	1421
509	1734
565	1859
529	1708
556	1598
541	1686
538	1377
580	1494
482	1364
637	1341
532	1551
563	1445
507	1415
472	1511
537	1222
545	1225
537	1391
547	1490
565	1525
589	1537
588	1467
536	1593
583	1547
503	1655
528	1592
535	1616
586	1844
584	1864
640	1704
582	1713
608	1387
594	1546
612	1452
670	1420
617	1335
658	1496
611	1491
691	1809
615	1762
602	1554
648	1800
655	1801
630	1883
620	1744
673	2228
638	2835
606	2928
695	3169
751	3647
652	3229
664	2868
720	2940
664	2785
744	2843
702	3044
753	3076
735	2337
614	1949
695	1998
620	2068
671	2127
672	2096
591	1928
610	1619
558	1743
609	1581
606	1682
576	1604
609	1792
580	1658
573	1655
607	1752
532	1657
541	1613
537	1825
628	1768
663	1963
581	1929
555	1646
608	1850
596	1681
599	1631
549	1688
566	1916
552	1696
553	1572
565	1752
538	1621
534	1744
508	1575
527	1786
530	1518
590	1911
584	2004
510	1922
572	2060
538	1977
546	2013
563	2174
604	2238
581	2488
587	2454
574	2356
596	2402
591	1869
522	1665
498	1887
539	1942
599	1671
588	1470
539	1652
567	1628
508	1673
513	1561
578	1653
548	1554
472	1841
546	1811
595	1671
463	1899
559	2080
548	2096
537	2266
535	2067
523	2252
504	2252
582	2090
506	1746
538	1591
513	2086
492	2050
488	2238
502	1987
502	1888
499	1973
530	1790
555	1670
527	1459
509	1818
482	1587
496	1405
515	1761
532	1518
525	1440
478	1400
526	1540
520	1601
472	1547
443	1481
503	1539
514	1536
538	1297
507	1309
517	1339
517	1415
576	1355
570	1383
604	1443
584	1530
700	1436
730	1285
614	1325
725	1233
797	1177
795	1235
875	1371
624	1429
683	1307
626	1549
562	1618
515	1457
529	1498
533	1436
555	1487
570	1310
515	1165
575	1460
544	1504
489	1530
519	1423
512	1365
487	1575
546	1551
492	1604
481	1762
486	1595
529	1709
526	1495
509	1324
486	1402
463	1363
506	1466
523	1611
543	1558
534	1628
551	1458
531	1480
571	1401
539	1505
543	1325
524	1481
576	1625
579	1606
679	1567
664	1741
567	1864
670	1758
682	1742
643	1807
724	1695
672	1663
626	1656
636	1649
659	1687
679	1570
610	1635
618	1567
582	1507
575	1548
606	1552
696	1540
636	1599
600	1477
590	1480
577	1641
630	1714
679	1639
695	1725
629	1834
697	1808
693	1839
620	1624
654	1986
717	2353
704	1585
743	1567
678	1642
734	1773
714	1543
695	1589
701	2049
715	2108
659	2056
712	2173
660	2105
669	1872
621	1809
627	1876
688	1554
737	1639
655	1575
626	1487
597	1424
580	1540
587	1462
617	1585
582	1489
591	1472
577	1588
655	1436
659	1546
608	1534
621	1376
571	1501
586	1357
594	1528
598	1415
598	1761
569	1576
613	1386
643	1669
592	1625
651	1572
587	1522
589	1704
630	1574
589	1717
611	1287
584	1381
507	1560
480	1477
470	1449
422	1540
433	1589
464	1579
510	1628
450	1522
411	1465
438	1658
440	1599
467	1390
441	1496
463	1523
562	1625
505	1569
437	1422
441	1597
474	1578
430	1632
578	1656
525	1900
423	1614
387	1682
381	1371
393	1418
441	1598
490	1638
534	1490
485	1370
504	1618
466	1391
483	1294
472	1271
415	1356
409	1373
392	1294
466	1203
465	1315
429	1519
456	1383
405	1233
405	1378
425	1231
449	1230
462	1169
381	1409
397	1453
419	1376
475	1277
444	1238
431	1136
438	1185
439	1253
492	1318
487	1155
492	1245
462	1315
510	1310
448	1227
543	1297
576	1531
553	1480
545	1393
472	1346
561	1336
482	1390
525	1394
500	1535
478	1404
479	1285
481	1247
525	1246
516	1472
481	1654
501	1552
590	1522
579	1685
544	1830
521	1511
557	1509
599	1499
615	1523
556	1514
586	1516
513	1523
521	1416
583	1515
646	1552
676	1456
685	1481
639	1433
715	1494
754	1687
711	1517
688	1699
714	1581
794	1566
775	1560
767	1554
721	1306
731	1547
845	1481
820	1624
865	1514
937	1578
971	1564
1063	1479
1181	1378
1307	1559
1279	1566
1259	1686
1246	1611
1195	1728
1146	1465
1108	1731
1157	1698
1256	1672
1365	1581
1310	1484
1338	1590
1446	1489
1629	1608
1705	1574
1755	1502
1805	1470
1877	1545
1818	1484
1762	1543
1863	1451
1803	1589
1776	1712
1743	1678
1659	1711
1657	1815
1604	1490
1567	1321
1535	1502
1697	1499
1645	1581
1804	1610
1763	1460
1887	1277
2066	1509
2211	1654
2452	1673
2522	1536
2466	1590
2575	1488
2559	1673
2485	1705
2252	1609
2127	1430
2040	1645
2018	1849
2036	1566
2011	1593
1921	1474
2023	1456
2091	1324
2249	1396
2353	1555
2378	1662
2507	1796
2552	1826
2736	1626
2845	1731
2673	1727
2662	1678
2627	1589
2651	1479
2603	1543
2529	1605
2352	1532
2241	1507
2201	1428
2190	1443
2148	1518
2214	1662
2175	1308
2266	1389
2409	1411
2453	1484
2678	1303
2638	1443
2946	1786
3016	1710
2906	1886
3078	1475
2829	1562
2721	1564
2619	1464
2464	1592
2411	1757
2222	1498
2250	1414
2176	1708
2127	1788
2222	1618
2251	1484
2313	1460
2373	1387
2368	1493
2484	1818
2671	1799
2619	1868
2721	1938
2697	1823
2697	1676
2682	1737
2504	1606
2532	1520
2461	1409
2354	1468
2285	1469
2107	1475
2141	1619
1936	1451
2001	1511
1983	1587
1892	1524
1939	1377
1881	1301
1914	1317
2006	1443
2001	1513
2002	1384
1719	1708
1664	1588
1589	1591
1586	1644
1537	1420
1519	1416
1395	1397
1459	1405
1483	1433
1461	1431
1362	1479
1349	1223
1194	1297
1250	1225
1304	1347
1287	1444
1073	1421
1114	1296
1121	1331
1119	1401
1126	1287
1052	1290
1026	1400
979	1304
972	1477
930	1384
908	1271
843	1626
842	1409
849	1552
796	1606
823	1606
827	1730
780	1499
834	1346
800	1469
760	1650
809	1458
805	1540
693	1488
761	1416
815	1519
740	1389
740	1608
799	1990
723	2013
759	2501
754	2904
857	4323
806	5140
869	5933
946	8215
921	8397
728	3750
711	1972
699	2474
617	1612
