440	1427
408	1219
413	1135
463	1190
446	1099
457	936
501	1114
454	1229
432	1216
430	1156
441	1134
444	1125
470	1244
462	1121
474	1159
482	1196
445	1092
488	1191
420	1206
507	1176
439	900
428	1005
434	946
409	1030
398	949
428	1185
429	1020
427	1051
473	895
440	1135
485	1238
459	1135
456	1066
442	1093
453	1102
428	1075
459	1151
470	925
517	1160
518	1195
481	1053
492	1048
462	1133
476	1063
415	1136
430	981
454	1108
418	1138
426	994
408	1234
435	1061
417	1002
412	1240
404	1219
449	1405
459	1300
456	1038
449	1179
436	898
409	1229
422	1071
323	1086
435	1092
424	1088
419	967
366	1010
367	999
365	915
391	966
409	926
398	1082
393	1141
398	1241
382	1084
396	932
364	1063
370	1020
429	1080
397	1037
422	1104
397	1084
460	1041
401	1064
374	795
409	884
424	827
418	1033
384	888
392	959
395	1146
369	939
464	996
383	1115
449	1257
372	1187
363	1243
416	1252
399	1198
470	1212
456	1042
487	1109
429	1093
516	1032
446	1018
516	1079
491	1018
451	1165
470	1124
490	1036
455	1097
454	1185
473	1115
438	971
426	1289
436	1217
464	1096
465	1094
477	1152
511	1027
519	897
419	773
451	934
440	1135
441	1194
444	1140
461	1160
445	1245
428	1277
461	1049
494	1288
475	1229
439	1307
418	1161
416	1119
428	1194
441	1067
463	1234
453	1126
478	1128
467	1206
459	1178
447	923
433	1040
459	1064
480	1300
486	1233
444	989
540	1054
480	1236
447	1394
504	1309
481	1260
479	1117
439	1139
449	969
479	1089
469	1007
432	1209
449	1117
449	1241
476	1012
490	1049
489	1105
475	1114
463	1010
443	1298
505	1049
507	1180
448	1082
479	1054
459	1035
505	950
480	941
475	1056
465	1054
497	1043
483	936
472	1019
460	1057
452	1227
450	1293
469	1220
437	1167
450	1532
447	1378
503	989
467	1216
535	1221
487	1005
468	1060
456	1031
499	1204
470	1341
484	1259
452	1166
448	1348
467	1249
485	1382
503	1096
505	1260
471	1063
437	1082
522	995
493	1093
440	986
433	1024
420	1032
454	1116
453	1163
425	1026
479	1027
448	990
462	1040
449	1116
502	1068
515	935
477	991
467	906
466	1067
484	1102
442	1170
469	1035
481	890
491	1020
472	1231
571	1034
554	966
515	1113
451	1076
511	955
600	994
483	867
466	1114
518	1007
586	1176
651	1081
601	1147
663	1089
615	1036
661	1126
741	1037
750	1056
690	1209
769	1200
815	1195
694	1241
733	1184
651	1031
715	1076
699	1139
639	1151
596	1182
629	1132
500	934
509	1013
494	980
473	949
464	913
529	1066
525	1009
543	1185
509	1281
514	998
541	1014
554	1026
528	1194
558	1186
596	1146
626	1119
603	1169
570	1076
656	1085
700	1000
572	1059
619	1037
776	1091
808	1136
780	1090
811	1058
677	1166
821	1030
987	1068
1169	1224
1106	1242
1025	1219
1117	1298
1291	1316
1377	1462
1225	1457
1217	1438
1228	1201
1254	1182
1125	1203
1099	1046
1031	1232
1015	1359
1049	1386
965	1241
969	1316
830	1391
743	1312
650	1209
589	1021
470	1056
476	1152
541	1188
499	1304
510	1302
547	1038
457	975
549	1106
458	989
558	1089
496	974
515	960
479	938
503	1070
473	1037
486	948
505	1067
431	973
461	988
474	969
510	1007
505	1175
481	1199
483	1008
447	988
442	914
469	1054
440	1088
456	1245
450	1114
455	1275
482	1194
485	1128
453	1034
492	1032
475	1003
461	951
476	947
441	885
494	1109
428	1019
461	998
525	927
450	967
413	1002
424	1150
421	1120
479	1036
442	1007
436	1091
471	992
465	1033
510	868
504	918
523	954
498	1023
499	1165
506	1191
549	974
578	1097
461	1029
491	1044
482	1174
492	1096
474	1086
467	1127
538	1417
466	1181
408	1135
463	1349
472	1081
522	1171
435	1103
473	1102
455	1184
534	1340
474	1264
465	1121
463	1065
470	1133
468	1288
442	1270
476	1153
539	1311
441	1112
455	1226
479	1122
460	1086
474	975
421	1000
420	913
435	1000
391	992
399	1137
452	1202
477	1054
366	1119
434	1119
417	1270
435	1049
393	988
491	1080
506	1069
469	1239
463	1065
419	1139
450	1149
454	1266
444	1063
473	1133
441	1097
479	946
544	978
560	1088
498	1026
560	1109
626	1175
692	1156
632	1037
505	1273
540	1163
504	1233
569	1191
573	1127
548	1154
439	987
428	1108
437	1219
442	1254
448	1161
472	1060
484	1125
441	1238
476	1251
490	1464
459	1389
485	1460
467	1459
420	1433
380	1085
455	1088
446	1079
477	1215
439	1096
438	1152
447	1057
459	907
444	876
432	1091
515	1047
501	1078
463	884
473	887
430	1025
486	988
441	1046
441	1217
464	1081
439	951
396	1019
473	1052
494	1042
409	1074
373	990
441	1141
478	893
436	1116
449	1246
434	1146
438	1203
450	1202
478	1187
455	1342
452	1510
443	1428
446	1248
467	984
508	1097
493	876
475	908
415	1028
491	967
540	967
586	1112
543	1284
490	1108
477	1145
501	1295
486	1218
489	1330
483	1341
485	1373
413	1335
476	1410
475	1418
483	1293
414	1113
483	1092
519	1308
479	1174
491	1103
468	1100
507	961
482	1113
512	1272
517	1239
472	995
503	1008
487	1031
480	969
462	1152
494	1580
485	1265
489	1156
450	1232
478	1122
475	1135
500	1209
482	1241
425	1014
430	1081
460	986
510	1189
478	1138
460	1064
452	1188
417	1183
497	1393
485	1353
522	1315
486	1258
445	1129
526	1291
432	1224
505	1249
523	1160
470	1203
587	1197
503	1245
529	1434
507	1268
495	1314
491	1284
466	1099
507	1109
497	1238
475	1178
442	972
447	1047
468	1059
456	1096
425	1067
471	1145
461	1385
569	1283
514	1211
535	1012
566	1105
503	1072
515	1157
562	1430
530	1249
491	1157
504	1125
488	1016
406	1037
465	997
481	1088
466	1054
464	1389
451	1435
471	1356
453	1323
391	1112
477	949
425	992
519	1148
467	992
446	918
502	865
472	895
438	896
491	1113
460	1237
435	1209
456	1211
497	1031
446	1176
400	983
426	996
416	987
447	1011
413	949
418	999
437	1079
391	1167
420	1129
457	1396
420	1005
468	1175
401	1249
415	1037
473	1212
455	1096
428	1126
469	1083
459	1215
495	1312
478	1301
454	1178
478	1214
486	1210
458	1163
468	1175
448	1180
415	1371
499	1261
449	1265
430	1154
419	1024
411	1073
455	1210
416	1052
473	940
450	851
434	927
423	983
418	1007
447	921
468	1119
495	1146
475	1143
407	1186
424	1371
446	1215
454	1279
475	1239
505	1132
464	1218
448	1106
440	1059
449	1058
420	1079
464	1204
482	1160
523	1227
506	1155
566	1275
550	1269
588	1143
487	1071
471	1129
493	1272
503	1200
483	1205
476	1018
424	1182
435	974
387	1010
510	1133
422	907
411	1027
412	1149
465	1344
442	1053
448	1306
466	1366
510	1389
512	1254
500	1188
493	1303
499	1249
541	1274
461	1268
400	1266
443	1329
440	1258
428	1278
436	1420
397	1215
430	1240
450	1272
424	1170
409	1158
416	1303
399	929
419	1049
434	1008
427	993
442	1144
389	1322
430	1497
407	1283
445	1050
454	1307
435	1103
419	1081
504	1206
508	1013
430	1136
475	1141
486	1096
520	1255
482	1044
445	1336
441	1007
493	874
469	1288
464	1176
474	1191
499	1037
507	1331
424	1298
493	1129
529	1146
471	1190
458	1182
479	1142
492	1189
538	1065
516	836
507	1254
494	1146
435	1125
454	1386
492	1246
507	965
474	1219
524	1292
451	1445
470	1220
519	1270
574	1330
550	1215
596	1346
646	1196
557	1072
558	1288
541	1036
524	1092
581	1035
535	1050
639	1006
700	1065
708	1027
660	1026
635	858
566	1062
636	1192
566	1148
489	1290
599	1037
605	1205
557	1187
499	1075
481	1006
513	1183
441	1198
475	1158
473	982
517	1142
579	1103
543	923
508	997
492	1022
444	1198
433	945
447	984
462	1198
439	1222
439	981
437	1160
488	1054
425	1056
427	1015
456	1272
422	970
376	1083
427	1136
408	1054
411	1030
428	1046
448	1124
426	1018
468	1041
433	1105
425	1259
423	1039
489	1021
466	1114
433	1073
429	956
463	872
462	1177
454	1121
476	1257
405	1273
422	1144
483	1133
460	827
454	1035
410	1229
451	1227
439	1392
409	1246
356	1095
424	1076
438	1113
497	1118
458	1118
454	1099
485	1045
499	1092
448	1130
482	1076
466	1063
456	1124
449	1009
423	978
442	1105
504	1080
495	1092
467	1072
486	1039
422	951
434	991
482	1192
442	1023
441	1064
466	1069
483	1220
446	1218
474	1083
545	957
502	1201
556	1043
607	953
676	1074
627	1092
620	1058
637	1032
585	1110
682	1130
683	1304
671	1395
674	1171
684	1194
635	1435
589	1299
568	1440
534	1335
549	1293
487	1365
412	1198
447	1001
502	1120
492	1014
509	1062
446	1145
474	1279
396	994
411	1116
409	1330
358	1357
397	1339
399	1258
415	1069
370	1187
470	1402
405	1148
437	960
400	1136
382	1199
410	1058
433	987
388	1036
461	1173
482	1077
448	1258
485	1137
437	1132
456	1046
398	1223
458	1089
483	1060
428	1331
407	1162
423	991
431	964
449	976
460	1009
504	880
496	962
465	1031
476	946
430	901
434	978
445	1182
497	1137
491	1109
486	1027
463	1108
514	1143
462	1038
474	1169
546	1371
537	1097
523	1104
536	1042
509	1217
472	1216
498	1046
404	849
489	1006
465	1043
517	1038
482	1118
486	1054
508	996
409	1103
429	1111
461	1169
400	1211
397	1100
404	1393
431	1251
379	1172
416	1287
387	1373
428	1249
386	1081
453	1046
446	1099
397	1279
417	1217
450	1095
425	1075
442	1159
410	1154
480	1193
435	1137
438	1160
378	1109
485	965
471	1000
394	920
376	1148
456	981
488	1017
467	991
456	1045
431	1090
419	1175
459	1117
474	1018
455	1188
442	1342
401	1421
425	1452
443	1348
429	1142
417	1056
403	988
434	1340
415	1457
392	1210
407	1272
335	1096
384	1044
442	932
362	933
350	917
321	996
410	1175
428	1129
387	1083
399	990
382	1060
444	1171
374	930
434	898
446	1094
426	995
475	1114
439	1112
378	1190
430	1114
481	1218
413	1263
441	1120
441	1130
425	1130
502	1314
475	1100
474	1113
447	1327
448	1343
486	1170
435	1126
550	1094
486	1071
459	1127
434	1040
414	1219
485	1321
450	1234
501	1196
462	1183
461	1049
448	1140
443	1063
513	1285
530	1145
494	1257
473	1073
464	1210
451	1121
470	1087
477	1118
441	1053
474	1014
497	1035
494	1196
490	1045
485	1172
457	961
390	1161
390	1351
392	1145
391	1118
352	1103
420	1069
440	1198
427	1160
460	1118
395	1151
451	991
510	1202
431	1212
479	1136
506	1197
434	1157
397	1090
402	1047
459	1285
425	1233
424	1168
476	1204
433	1191
466	986
536	1066
572	1097
653	981
613	968
600	1084
679	1074
605	1166
566	1142
604	997
557	1103
625	1113
591	1139
572	1161
498	1118
578	1118
489	1129
460	1053
474	925
430	938
464	1018
459	1000
463	1164
419	1133
454	1143
441	982
443	985
477	1128
508	1200
439	1175
424	1304
426	1074
476	1302
428	1239
467	1222
475	1257
455	1219
528	1342
427	1408
431	1219
459	1079
519	1223
441	1261
421	1201
371	1178
410	1343
364	1186
428	1048
452	1000
421	1283
447	1232
439	1180
406	1081
430	1081
409	1276
454	1429
454	1257
486	1175
438	1273
459	1164
504	1043
484	1036
473	1094
450	1182
406	1068
444	1112
473	1216
492	1248
461	1064
452	1099
475	1257
445	1133
427	1180
513	1128
524	1001
494	991
477	1188
485	1250
466	1136
447	965
457	1025
450	1236
478	1254
428	1430
497	1297
403	1327
460	1399
498	1183
512	1161
484	1262
422	1333
438	1189
377	878
395	978
406	961
412	943
438	1241
396	1123
457	1000
431	1085
446	1085
458	1017
478	1103
459	1104
443	1298
424	1232
406	1119
432	1120
465	1258
386	1149
416	1250
482	876
443	1163
484	1159
411	974
440	942
393	1115
443	1220
449	1328
456	1369
460	1113
405	1058
415	1072
404	1091
443	1045
411	1130
407	1070
382	1043
424	1327
448	1235
430	1161
470	1227
467	1068
380	1151
468	1080
381	1081
419	1054
447	1029
418	1270
470	1208
434	1029
492	1346
451	1376
464	1102
446	1285
362	1409
409	1330
401	1343
425	1402
396	1116
381	1377
379	1172
376	1180
408	1193
386	1101
382	1152
373	1079
381	966
374	1181
380	1240
459	1217
427	1084
414	1066
427	1058
432	1169
443	1253
459	1144
389	1206
401	1355
391	936
427	1027
440	1159
493	1049
408	1097
440	1306
441	1237
443	1268
478	1250
419	1136
545	1139
526	1060
464	954
407	1024
472	928
442	1006
466	1195
526	1052
510	1134
591	1181
462	1051
459	1054
486	1267
528	1084
460	939
503	1105
497	1388
449	1358
443	899
412	1018
457	1321
437	1366
391	1062
401	953
390	1020
446	1040
433	964
444	1121
408	1204
433	1343
455	1661
457	1331
438	1334
447	1277
419	1138
458	1241
451	1278
444	1167
429	1184
414	1313
455	1234
505	1406
426	1288
470	1386
432	1106
406	1444
435	1359
424	1184
420	1232
404	992
437	987
434	915
372	1012
407	1099
507	1188
450	1249
480	1272
441	1147
473	1292
449	1203
478	1005
404	956
371	1100
376	1148
385	1175
406	1112
450	1075
383	1232
384	1049
410	1019
358	1046
429	1150
436	934
463	1104
468	1103
457	1225
369	1265
408	1080
509	1070
401	1082
468	1042
453	1198
467	1151
417	1082
481	1111
403	841
366	888
450	798
424	905
458	961
467	1216
389	1234
426	1128
421	1143
436	1094
413	1033
396	1264
476	1309
389	1177
463	1123
455	1101
442	1343
366	1211
394	1285
380	1096
373	1083
513	1184
475	1256
465	1091
436	1158
458	1109
525	1017
560	1029
474	1361
478	1231
466	1099
439	1194
487	1294
441	1393
521	1056
464	1116
444	964
444	935
478	900
379	1024
473	988
443	1098
484	1117
429	1169
404	1267
498	1195
432	1128
475	1101
447	973
488	1032
469	1032
494	1224
533	1166
473	1187
514	1140
506	961
511	1028
508	927
523	1108
450	1028
505	1312
438	1304
514	1070
444	1117
424	1005
458	1097
473	1085
468	1006
449	975
458	1096
435	1213
435	1089
461	1334
422	1103
444	1250
475	1205
458	1069
493	1042
446	1185
449	1061
460	1063
495	1252
516	1237
541	1331
492	1259
454	1360
509	1228
528	1219
497	1183
448	1076
469	1000
474	1070
463	1243
413	1193
440	1111
496	1194
470	1073
483	1198
457	1313
476	1308
463	1280
479	1152
483	905
488	1067
483	1026
457	1122
456	1303
447	1312
474	1213
456	1004
425	1207
518	1046
468	1065
492	1147
487	1266
473	1125
507	1088
459	1135
442	1148
494	1044
479	1181
567	1206
535	1153
500	1262
481	1083
465	1160
445	1124
514	1101
453	1192
512	1185
490	1250
460	1266
487	1138
558	1263
464	1201
526	1323
454	1364
450	1123
445	1046
478	1267
478	1209
468	1032
512	1114
479	1276
487	1007
490	960
539	989
542	1152
538	1288
584	1259
526	1098
518	1239
539	1432
510	1422
515	1353
499	1165
533	1049
461	964
534	953
544	1104
618	953
650	1150
732	1104
719	977
681	1167
622	929
644	1229
614	1134
628	1222
601	1020
573	1161
583	1014
538	1029
548	947
517	996
523	1045
511	930
525	1061
518	990
510	965
534	1139
508	1123
492	1085
497	1108
486	1174
482	1027
466	994
474	1130
466	1162
509	1322
533	1255
467	1485
464	1287
453	953
459	1057
397	951
426	1150
397	930
380	1037
407	1346
404	967
468	1070
454	999
461	1278
458	1193
404	1151
427	1056
380	1373
375	1196
479	1202
418	1170
467	1163
421	1148
435	1183
509	1055
463	1195
428	1111
410	1032
407	1218
435	1039
396	1306
473	1190
445	1200
420	1118
427	1224
419	1216
413	1034
435	1016
402	1086
407	1060
414	1041
410	1105
453	1356
404	1176
457	1095
425	1120
470	1159
355	1227
484	1118
395	1025
407	1048
439	1147
456	1301
380	1245
407	1088
476	1019
410	1234
487	1178
434	1043
479	1333
431	1163
405	1215
427	1133
442	1213
519	1216
469	924
435	1075
482	1555
472	1299
518	1068
478	1125
481	1244
418	1134
395	1307
454	1380
367	1260
387	1174
409	1264
471	1224
417	1321
483	1430
476	1281
473	1067
473	1047
382	1037
462	1154
441	1323
480	1183
435	1257
410	1041
418	1082
411	1153
418	1058
403	1415
456	1198
473	1005
453	1008
413	1006
394	887
445	1113
429	1118
376	1211
385	977
451	1012
445	1250
425	1118
410	1226
423	1062
445	1085
504	1211
493	1341
426	1297
419	1398
435	1472
440	1141
390	1019
412	1185
435	1133
439	1178
427	1208
417	1207
446	1211
452	1116
458	1041
431	854
430	1074
417	1073
455	979
432	980
496	975
443	1024
463	969
438	984
449	912
412	1149
425	1231
478	1048
458	1150
412	1215
485	1380
484	1180
386	1119
424	1190
416	1021
479	1176
399	1386
394	1266
482	1510
459	1537
490	1278
482	973
500	1188
495	1153
480	1220
457	1126
457	1114
465	1060
484	970
445	1091
408	1096
442	1340
442	1082
436	1092
426	1169
462	1152
401	1213
399	1128
398	1238
404	1307
441	1293
470	1358
439	1356
476	1215
451	1359
444	1201
499	962
462	893
395	885
389	1126
384	1086
397	1231
417	1250
449	1147
381	1313
428	1234
394	1262
404	1305
418	1227
396	1166
383	1166
366	1108
423	1153
477	1151
444	1170
416	1300
446	1293
424	1271
363	1124
446	1171
412	1082
461	1147
415	1143
457	1118
441	1150
482	1017
478	1195
458	1171
476	1139
500	1138
438	1153
506	1134
499	1054
595	1202
635	1094
561	1055
669	1119
673	1181
806	1145
1062	1327
1022	1417
967	1419
944	1105
1282	1232
1575	1108
1466	1076
1411	1306
1590	1160
1876	1150
2455	1059
2355	1352
2189	1321
2157	1257
2250	1444
2409	1242
2311	1292
2323	1345
2539	1232
2782	1222
2857	1291
3025	1407
3077	1233
2995	1064
3045	1014
3452	1196
4002	1232
3806	1192
4021	1277
4126	1286
3895	1253
4427	1195
4246	1136
4460	1314
4496	1197
4677	1363
4689	1323
4820	1345
4693	1397
4613	1313
4620	1231
4684	1241
4708	1377
4926	1301
5095	1215
4945	1326
4979	1140
4558	1210
4489	1204
4518	1134
4109	1085
3687	1123
3166	1108
2922	1144
3103	1185
2866	1215
2482	1513
1924	1308
1715	1222
1934	1126
1877	1365
1398	1115
950	1270
709	1153
744	1320
724	1485
663	1187
579	1092
566	1185
605	1171
597	1123
539	985
476	1144
529	1324
514	1209
530	1221
489	1289
508	1015
393	1238
456	1095
497	1279
461	1153
427	1117
412	1395
402	1430
414	1346
398	1067
407	1024
424	1111
483	1129
451	1055
459	1283
504	1456
442	1355
425	1096
436	1164
454	1230
429	1063
443	948
422	904
421	1042
441	1140
437	1083
428	1115
452	1122
434	1051
485	1103
429	1078
407	1114
430	1103
429	1100
476	1112
456	1036
442	1055
402	1022
446	1104
472	1302
441	954
479	1098
461	1172
537	1080
483	1124
481	1060
492	1059
456	1185
471	1015
433	1198
504	1155
516	1295
552	1355
561	1484
582	1219
619	1188
565	1357
521	1061
572	1160
576	1330
589	1249
471	1271
540	1288
536	1286
474	1087
453	1102
458	1074
431	1075
430	1031
462	1083
472	1314
435	1185
505	1300
459	1584
498	1146
479	1080
558	1057
551	1044
586	1076
495	1077
481	912
461	1142
487	1085
548	1235
473	1256
423	1283
481	1128
426	1156
443	1226
479	1270
495	1310
387	1265
448	1346
490	1162
470	1073
477	1099
531	1119
452	1144
451	1197
469	1240
482	1183
447	1217
454	1609
526	1200
514	1243
451	1137
458	1094
474	1006
484	884
485	1301
490	1151
430	1195
489	1025
472	1275
480	1108
452	1116
479	1299
455	1143
422	1078
449	1115
493	1173
401	1216
522	1361
556	1226
472	1114
521	1197
500	1203
524	1057
543	1226
599	1178
603	1282
688	1120
828	842
786	811
759	847
752	866
750	1035
852	1083
671	1198
692	1094
778	1098
687	999
784	1155
839	1109
794	1314
819	1281
884	1234
933	1136
1090	1081
1131	1238
1211	1495
1248	1201
1341	1349
1435	1337
1396	1171
1350	1115
1468	1256
1290	1250
1206	1234
1086	1084
1055	1191
945	1118
861	1044
830	1047
817	1125
885	1112
880	1135
960	1082
952	1173
1055	1219
1117	1140
1177	1163
1235	960
1205	1010
1123	1104
1232	1146
1203	1083
1135	1049
1003	1329
1004	1342
814	1150
749	1291
655	1157
651	1258
574	1344
658	1272
641	1323
659	1500
618	1435
663	1265
639	1280
610	1133
531	1253
535	1344
579	1223
601	1266
571	1109
488	1211
472	1218
489	1221
464	1247
474	1222
412	1261
486	1189
485	1171
481	1316
461	1273
378	1228
477	1258
417	1256
391	1326
487	1075
457	1184
484	1412
521	1237
470	1145
456	1265
462	1263
438	1270
427	1070
429	937
479	842
449	1056
410	902
464	996
456	1134
428	1014
485	1208
493	1182
476	1079
567	1190
507	1177
513	1135
535	1214
561	1372
562	1243
616	1218
512	1210
436	1261
425	1390
473	1434
409	1304
448	1333
424	1187
495	1281
487	1337
470	1242
432	1122
561	1159
570	1203
594	1059
602	1296
635	1218
585	1298
632	1316
572	1256
541	1298
592	1205
536	1118
500	1247
449	1138
430	1017
485	967
427	933
392	1019
422	1018
393	991
387	885
386	1225
443	1141
452	1045
463	941
463	1030
389	851
461	930
475	900
454	968
384	1024
447	852
441	1052
455	796
466	910
522	999
451	1054
400	1016
377	1245
427	1092
389	1162
424	1107
405	1184
417	1182
410	1005
413	1017
406	1053
442	1102
417	1203
429	1337
476	1509
410	1117
428	1243
444	1213
417	1209
413	1372
464	1358
379	1194
382	1066
429	1226
439	1090
468	1256
409	1191
434	1278
437	1402
422	1207
397	1026
401	941
432	1148
417	1160
455	1142
415	1070
432	1233
397	1189
459	1146
446	1130
433	1109
403	1064
437	1009
455	1159
458	1064
433	1058
467	1187
438	1317
479	1224
474	1042
484	1025
450	1190
437	1416
413	1279
464	1173
423	1021
374	968
407	1039
454	1020
407	1192
451	1125
411	1121
340	1031
419	976
420	938
422	1010
422	1075
435	1123
434	987
463	1032
415	1005
406	1102
381	1122
418	999
421	997
401	1051
405	1211
451	1361
437	1142
424	997
406	1091
411	1157
391	1323
389	1141
460	1137
428	876
444	1109
416	1145
402	1189
377	1274
379	1152
406	1069
408	1124
424	1002
375	1021
393	1083
371	1062
414	1176
467	1283
480	1419
396	1079
419	1206
407	1172
434	1143
469	979
392	1122
403	1159
390	1083
398	1109
437	1180
429	1160
439	1350
448	1130
417	1031
477	1008
417	1038
398	974
431	1188
406	1084
447	1039
423	1162
383	1058
417	1191
442	1299
455	1103
453	1251
460	1219
445	1091
399	1021
405	929
416	1291
397	828
404	953
374	984
378	1014
410	995
480	1194
470	1134
438	1118
383	1113
400	984
420	982
454	958
438	1035
429	967
394	1024
421	986
395	1114
381	1042
447	1210
428	1441
447	1506
446	1310
436	1103
444	1214
457	1297
528	1223
464	1098
488	1184
511	1433
438	1381
481	1452
453	1334
413	1412
458	1240
468	1241
456	1204
426	1083
425	1104
488	1129
495	1198
426	1188
432	1203
442	1107
414	1022
408	1174
422	1067
431	1094
457	1267
461	1234
424	1132
408	1141
446	1254
360	1225
403	1246
417	1228
450	1162
529	1126
600	1340
673	1299
674	1010
722	1026
771	1123
1032	1157
1092	1145
956	1201
989	1215
853	1207
1035	1249
967	1284
925	1140
797	1251
866	1047
956	1132
1233	1108
1410	1219
1479	1109
1548	1271
1943	1223
2230	1232
2425	1141
2243	943
2300	964
2274	1099
2488	1002
2600	1133
2587	1164
2660	1219
2927	1166
3445	1232
4028	1079
4466	1231
4474	1165
4733	1179
4780	1196
5212	1197
5298	1080
4998	1129
5292	1251
5824	1373
6181	1450
6646	1235
6670	1149
6499	1390
6896	1148
7417	1255
7810	1110
7792	1214
7546	1259
8349	1175
9084	1205
9883	1347
9913	1073
9633	1140
9747	1229
10153	1070
10675	1270
10586	1042
10533	1075
10663	1110
11054	1144
11587	1148
11856	1287
11918	1077
12152	1123
12585	1307
13424	1328
13598	1398
13409	1366
13119	1321
13057	1460
13612	1627
13790	1656
13974	1611
13218	1422
13009	1547
12976	1432
12912	1507
13016	1592
12582	1363
12770	1425
12817	1613
12808	1520
13038	1672
13092	1704
12917	1454
13181	1520
13312	1441
13425	1508
13142	1532
13368	1508
13371	1607
13194	1623
12759	1629
12549	1562
12453	1536
12382	1664
12158	1981
11899	2006
11457	2034
11322	1700
11146	1906
10609	1610
10049	1573
9521	1516
9800	1554
9792	1362
9194	1177
8797	1290
8601	1311
8647	1181
8441	1293
8166	1326
7838	1226
7555	1222
7295	1418
7433	1234
7339	1362
6903	1201
6916	1082
7005	1164
6835	1207
6646	1159
6313	1152
6120	1085
6194	1061
6376	1116
6334	1098
6449	1081
6209	970
6047	1043
6240	1119
6174	1119
5701	1158
5458	1418
5288	1283
5095	1169
4840	1013
4561	976
4237	1170
3738	1278
3927	1070
4188	1105
4004	1041
3801	1124
3535	1038
3640	930
3927	926
4033	957
3640	930
3413	974
3331	971
3331	985
3089	1158
2575	1240
2148	1352
1925	1309
2018	1296
1918	1199
1581	1174
1221	1108
1095	1207
1077	1372
1276	1213
1117	1002
960	1044
836	1061
801	1045
830	1171
805	1300
557	1112
505	1043
493	1023
508	1189
488	1204
469	1025
509	987
452	923
472	1070
449	1168
433	1263
474	1316
452	1208
410	1078
397	1132
451	1014
493	907
456	899
415	917
510	906
465	1032
473	1021
479	1091
423	1174
467	1178
446	1210
500	1152
446	1323
425	1305
420	1321
415	1311
445	1351
412	1087
434	1122
471	1072
497	1224
428	1222
454	1255
386	1062
429	930
419	1034
394	1095
389	1010
388	977
400	1289
448	1230
431	1200
467	1242
471	1003
461	1131
374	1124
430	1222
382	1146
377	1080
426	899
397	1000
428	997
407	1035
464	1158
429	1231
434	1221
437	1087
445	1230
426	1270
424	1216
444	1511
467	1378
466	1296
487	1165
455	1008
369	1072
463	1098
443	1358
458	1274
441	1187
405	1164
422	1142
500	1207
427	1154
443	1208
499	1297
451	1021
422	1069
440	1176
459	1275
448	1313
435	1324
434	1352
465	1203
476	1254
509	1463
444	1325
465	1448
461	1231
400	1245
413	1147
468	1132
461	1319
449	1482
463	1610
435	1311
427	1230
420	1390
417	1170
443	1073
408	1136
431	1025
391	1019
387	1146
420	1206
453	1053
391	1174
407	1176
418	1099
401	1077
408	1003
457	1265
464	1113
449	1028
468	1014
515	1171
452	1136
435	1159
410	1053
456	1211
518	1128
528	1268
480	1119
545	1247
489	1165
513	1125
506	1194
517	1299
481	1138
445	1133
521	1056
513	1052
492	936
512	1063
490	1087
463	1112
470	1089
527	1142
396	962
452	991
442	1083
461	1033
412	1040
416	845
420	895
397	1240
450	1035
454	1021
480	971
428	1392
440	1264
458	1170
460	1171
465	994
519	1175
495	1288
467	1038
525	1028
490	1050
547	1268
511	1200
498	1145
545	1112
571	1228
627	1302
557	1225
572	1234
581	1229
640	1030
602	1138
625	1070
611	1044
492	879
591	937
619	1024
601	1133
607	1077
604	1089
606	1018
567	1247
571	1033
509	1207
510	1139
503	1329
488	1313
415	1223
425	1050
513	1177
458	1003
475	868
438	950
460	913
459	861
432	1160
539	1217
542	1245
513	1321
506	1550
479	1510
462	1287
513	1296
530	1271
501	1285
512	1088
554	923
502	1087
442	915
491	955
511	1100
547	1225
521	1113
538	960
512	946
500	1199
525	1124
504	1197
461	1192
527	1137
463	1546
431	1541
494	1309
430	1343
471	1192
513	992
455	1023
531	1083
444	1204
476	1187
442	1024
483	1082
467	1204
480	1206
531	1111
537	1097
480	1018
515	940
530	1052
480	1113
510	1160
523	1185
474	1161
474	1234
505	1447
510	1429
482	1544
473	1472
509	1175
480	1241
441	1260
445	1329
433	1067
435	1206
422	1061
423	1172
455	1102
460	1266
438	1288
506	1271
416	1160
452	1264
385	1249
449	1132
344	1156
496	1245
469	1130
464	1192
460	995
471	1126
488	1073
454	1053
481	1060
457	1028
439	1168
416	1092
500	1248
477	1417
439	1507
452	1137
446	1171
457	1232
447	1236
462	1310
484	1310
411	1235
505	1506
478	1234
507	1278
456	1361
517	1248
496	1362
526	1357
540	1416
543	1287
554	1306
554	1357
523	1410
578	1313
535	1169
525	1315
545	1378
550	1197
539	1111
493	1071
587	1076
615	1059
650	1170
588	1089
605	1086
655	1061
678	1173
650	1251
653	1176
652	1303
662	1206
707	1186
618	1073
622	1149
655	944
601	1003
638	1140
551	1223
562	1213
602	1081
560	1204
502	1198
520	1129
515	1067
467	1356
544	1302
582	1250
534	1043
518	1029
547	1117
531	1192
461	1216
516	1167
481	1289
544	1238
500	1238
530	1193
511	953
541	927
532	1050
506	1138
514	1022
426	1136
445	1142
471	1308
486	1300
439	1184
486	1097
470	1292
477	1059
493	1068
493	1079
513	1034
599	1191
540	1157
528	1209
498	1049
442	1021
521	971
510	1138
482	1180
524	1242
523	1316
533	1381
550	1301
536	1261
522	1164
540	1212
544	1281
570	1165
572	1117
559	1192
500	1165
589	920
606	994
554	1118
549	1159
542	1212
561	1063
528	1153
470	1236
506	1181
538	1276
558	1260
441	1119
495	995
518	1145
507	1177
477	931
511	1174
428	1269
498	1295
530	1114
503	1091
531	1199
556	1153
487	1170
443	1157
494	1132
549	1328
485	1376
495	1391
542	1284
521	1276
477	1217
483	1090
537	999
492	1134
490	1128
492	986
482	1112
446	1147
458	1098
541	1335
507	1239
476	1214
505	1121
455	1152
460	1139
508	1229
547	1147
503	1272
522	1356
462	1158
475	1140
500	1191
480	1247
464	1011
535	1041
543	906
474	1101
428	1007
469	1043
475	1084
534	997
500	1026
471	1106
475	1048
504	1161
536	1115
464	1166
468	1310
464	1120
423	1160
448	1284
505	1375
491	1176
505	945
464	1115
438	1057
510	1220
446	1161
486	1232
465	1096
461	1110
446	1059
464	965
449	1020
456	1027
436	1212
447	1031
465	1011
461	1005
441	1108
471	1182
441	1035
430	1181
437	1125
475	1267
396	1129
407	1156
397	1032
384	1279
423	1238
425	1367
486	1552
438	1334
460	1090
537	1057
424	1105
383	1104
378	1020
343	1125
382	1202
414	1215
388	1200
388	1104
430	1084
399	1253
497	1311
428	1377
431	1503
438	1436
384	1624
419	1419
407	1388
459	1281
425	1075
481	1269
488	1369
449	1506
399	1369
412	1111
406	1020
399	1137
411	1213
454	1404
427	1239
396	1106
393	1226
408	1131
429	1116
465	1033
438	1044
491	1186
450	1082
438	1268
436	1258
457	1285
477	1239
438	1163
429	1070
475	1023
467	1151
424	1221
476	1108
498	1262
455	1143
472	1105
462	1200
477	974
451	886
453	1219
451	1126
475	1172
449	1160
492	1108
414	1137
393	1170
433	1070
426	1043
407	1235
422	1302
483	1210
441	984
421	1092
408	1319
392	1109
399	1216
402	1031
504	1132
464	1133
477	1105
484	1271
472	1186
458	1159
455	1095
482	1187
422	1167
476	1128
408	1155
364	1045
409	942
461	1259
478	1189
448	1156
463	1075
506	1133
475	1066
501	1314
505	1328
539	1317
496	1079
539	1048
471	1162
519	959
453	958
453	1171
458	1051
467	1119
479	1188
510	1266
503	1180
471	1065
496	1173
460	1098
467	844
464	1052
441	1124
482	1259
523	1136
502	1171
432	1017
431	1200
437	1078
467	1055
469	1240
440	1379
500	1268
517	1182
474	1254
445	1230
400	1203
460	1166
445	1127
396	958
475	1090
462	1065
451	1207
502	990
457	1217
516	1219
484	1062
426	1063
552	1367
471	1119
502	1186
445	1131
432	1115
429	1203
483	1346
442	1135
371	1169
420	1095
460	1026
450	1171
428	1104
408	1120
440	1305
438	1340
455	1241
414	1278
458	1072
480	1104
437	1145
467	1063
402	1194
381	1164
395	1087
428	1049
434	1120
387	1303
446	1083
419	1019
419	1114
439	1106
433	1156
492	1179
499	1214
460	1236
548	1243
446	1191
427	1143
402	1115
477	1061
437	1094
446	969
447	1027
496	1304
451	1080
381	1121
379	1051
426	1080
474	1054
452	1086
450	1064
446	1083
373	1101
411	1082
437	1089
399	996
484	932
412	1075
424	1163
429	1048
467	1110
464	960
468	1106
413	1042
459	1126
460	1038
437	909
451	895
457	913
376	986
386	1180
442	1136
404	1142
402	986
434	995
441	1199
447	1321
459	1158
460	1064
441	1103
425	1219
450	1237
388	1085
402	1105
423	1193
401	1083
470	1212
531	1202
448	1075
484	1393
425	1300
434	1234
425	1197
434	1113
434	1084
397	1084
475	1052
402	1088
404	944
437	1044
413	1129
419	1310
366	1486
402	1182
399	1211
409	1238
456	1075
380	1294
418	1116
408	1287
370	1213
436	1266
379	1298
393	1326
410	1307
401	1166
407	1234
331	1166
428	1211
423	1369
418	1216
419	1358
409	1305
463	1256
455	1276
409	1337
450	1287
422	1263
481	1527
467	1461
459	1423
447	1436
434	1271
510	1583
392	1369
404	1089
384	1192
420	1185
445	1309
381	1255
420	1142
445	1097
464	1044
441	1091
462	981
446	1121
472	1239
411	1167
467	990
406	913
386	929
396	1095
412	1138
450	1240
462	1057
406	1166
458	1353
416	1561
431	1376
412	1166
427	1063
473	1162
476	1161
400	1235
448	1210
371	1163
379	1124
420	1123
458	1231
415	1089
361	983
393	1117
438	1397
458	1478
452	1249
413	1152
451	1212
399	1110
408	1212
402	1205
431	1306
488	1243
448	1095
451	966
409	1098
407	1329
407	1466
390	1413
499	1223
456	1454
432	1211
451	1155
412	1316
487	1203
514	1174
477	1111
410	1326
433	1494
429	1558
486	1389
488	1427
483	1472
486	1424
482	1526
479	1324
502	1261
460	1019
470	1045
462	1136
453	1287
462	1322
458	1202
375	922
449	1052
435	991
400	1032
474	1080
439	1165
464	1139
442	1273
456	1055
434	1116
437	984
428	1019
413	973
449	1197
446	1185
428	1191
470	1033
465	965
443	892
466	1046
419	982
406	981
458	1021
437	1248
438	1124
410	1187
408	1053
449	1204
423	1293
483	1337
413	1361
457	1124
431	1134
460	1131
448	1090
551	1172
456	1142
414	1180
485	1251
465	1299
400	1149
443	1171
453	1139
413	1276
398	1192
427	1149
453	1232
471	1308
459	1168
471	1300
436	1216
389	1407
467	1348
391	1232
439	1055
397	1339
370	1377
414	1333
467	1309
443	1306
425	1046
455	1196
431	1211
447	1315
433	1137
423	1188
462	1181
484	1263
416	996
409	1256
446	1481
410	1406
459	1356
482	1082
499	1125
421	1329
480	1412
389	1222
481	1090
464	1156
485	1249
533	1335
569	1240
501	1219
541	1012
533	1205
627	1008
622	1102
555	1112
550	1106
583	1104
529	1072
570	1129
506	1302
539	1417
474	1279
507	1245
479	1289
478	1340
474	1350
520	1468
473	1419
504	1336
403	1419
504	1507
498	1393
453	1427
572	1430
473	1147
459	1012
442	1013
443	1164
423	1187
464	1023
423	935
478	911
479	1064
457	967
507	1290
447	1011
461	1042
399	987
473	883
506	1061
441	1041
478	1117
479	978
451	1089
470	1154
458	955
400	1068
419	1119
419	901
459	879
414	1145
400	1063
425	1015
383	941
476	993
384	1007
451	1018
382	1038
447	1008
406	1138
458	906
473	919
462	1125
505	1045
461	1064
410	1073
453	1078
469	1185
475	1133
458	1193
438	989
472	1030
486	1065
488	1201
466	1138
485	1068
440	1085
476	1007
423	1114
454	1219
474	1035
493	1326
457	1363
530	933
412	1061
590	1162
553	1257
508	1198
518	1066
513	1032
593	1274
648	1384
633	1499
615	1060
609	1008
728	1021
838	1124
884	1396
758	1268
899	1126
1072	1241
1253	1131
1125	1178
1186	1096
1332	1237
1638	1290
1900	1301
2083	1346
1976	1311
2026	1380
2265	1257
2427	1236
2426	1123
2508	1314
2306	1300
2544	1257
2627	1340
2572	1145
2483	1252
2340	988
2304	1303
2279	1251
2203	1128
2059	1093
2130	1147
1990	1280
1891	1074
1842	1215
2101	1228
2162	1239
2150	1192
2077	1284
1850	1045
1852	1154
1953	1237
2045	1213
2051	1077
1972	968
1969	962
1894	999
1841	1102
1576	1015
1414	959
1251	955
1251	1087
1264	980
1246	1023
1156	1008
1197	1052
1238	1135
1299	1022
1182	1215
1005	1407
915	1288
783	1140
837	1083
764	891
682	874
574	1017
630	1015
673	1245
626	1291
557	1314
610	1224
556	1217
527	996
525	1207
507	1343
502	1626
533	1168
524	1059
451	1213
517	1262
456	1059
492	984
535	989
469	1206
492	1077
467	1081
434	1074
458	1114
446	1435
384	1335
421	1333
460	1095
451	923
496	950
486	949
408	1048
409	1040
420	1183
394	1202
387	1018
422	1146
483	1348
485	1217
454	1090
479	1035
546	1011
565	955
587	1070
653	1096
554	1182
589	1094
771	1353
1071	1189
1254	1213
1023	1422
1078	1366
1413	1316
1644	1358
1778	1395
1618	1271
1656	1054
1679	1178
2098	1110
2268	1149
2093	1111
1983	1164
2040	1061
2135	1121
1855	1337
1792	1390
1816	1103
1788	1326
1509	1346
1348	1334
1566	1325
1760	1335
1750	1451
1419	1359
1168	1321
1004	1129
959	1209
1019	1200
924	1142
737	1179
539	1276
601	1208
674	1271
664	1171
610	1139
541	1168
554	1160
594	1485
541	1404
503	1327
440	1358
465	1227
448	1326
451	1378
435	1218
432	1128
399	1068
461	1187
484	1292
503	1334
460	1416
440	1434
384	1242
390	1300
396	1184
388	1039
432	1070
409	999
362	949
431	977
453	925
438	1043
417	1213
399	1102
446	1209
417	1156
403	1153
375	908
391	1073
385	852
400	961
415	979
496	1037
358	970
353	897
382	1019
450	1242
501	1112
476	1114
449	1302
461	1448
431	1216
410	1175
464	1135
436	1125
446	960
397	1103
417	1082
461	1134
406	1192
468	1090
490	1157
485	1056
486	1053
453	1260
509	985
481	1068
516	1061
500	1009
444	841
471	1073
535	1238
534	1178
513	1023
475	1032
392	948
452	934
461	1019
517	1123
441	1200
406	1180
487	1075
440	1247
407	1219
449	973
441	942
438	1025
467	1273
461	1171
541	1183
549	1268
509	1204
490	1219
473	1076
508	1191
428	1124
476	1176
477	1065
483	950
515	1004
489	1133
460	986
462	1104
479	1165
509	1292
469	1126
532	1281
482	1353
475	1378
481	1053
467	1202
452	922
416	1047
444	987
461	1037
475	1013
456	1193
416	1235
438	1191
423	1136
496	1156
450	1141
468	1043
441	1034
429	1019
402	1082
431	1014
401	1291
467	1068
411	837
424	1100
364	1161
489	1155
437	1068
455	1002
434	903
426	1019
483	1135
452	1217
467	1036
424	1113
446	1109
378	1159
388	1102
455	951
502	1021
450	1053
460	918
439	943
430	937
423	975
479	933
416	903
394	960
425	1036
437	1317
408	999
332	974
398	1168
412	1158
368	1171
357	1193
465	1181
415	1092
422	1013
416	1005
440	1092
423	1003
441	1062
435	1113
414	1102
430	1151
438	1258
423	1140
415	962
412	1103
435	1219
474	1234
488	1449
460	1311
450	1154
511	1110
468	1015
411	1011
441	944
466	1048
410	1090
432	1278
429	1287
459	1322
403	1208
470	1042
458	945
398	1077
464	1172
460	1194
452	1153
446	1037
453	990
402	877
419	1009
495	1003
470	1017
448	953
389	889
437	861
467	1057
464	935
482	1119
468	1302
433	1210
441	1138
420	1165
403	1082
383	1080
419	1142
416	1324
434	1424
388	1451
368	1325
417	1411
391	1252
430	1367
473	1211
501	1202
445	1365
477	1402
426	1164
417	1162
435	1180
416	1030
456	1098
329	1262
422	1185
431	1148
465	1053
448	1019
432	1152
479	1112
473	1171
484	1143
505	1155
527	1230
536	1068
465	1206
475	1051
454	1083
441	1188
495	1164
423	988
385	1147
423	1022
462	1271
468	1109
437	1037
404	1118
396	963
389	930
409	1111
491	1035
475	1221
494	1220
577	1057
516	985
561	1040
524	1138
553	948
505	752
483	993
491	911
433	859
416	1081
487	1228
484	1065
416	994
404	1099
449	1081
513	1000
454	1009
507	1176
472	1039
518	1169
427	1121
416	1001
464	1004
436	1026
479	1202
475	1112
418	1056
440	1446
432	1176
445	1086
422	1307
485	944
399	948
475	1131
488	1068
515	1031
496	958
499	915
465	871
443	938
495	1018
518	1247
481	1071
470	1098
488	982
554	1146
578	1134
557	940
544	887
587	937
522	1094
657	1156
668	1132
645	1025
610	1186
704	1166
788	1083
1088	1018
985	1022
972	1068
939	1114
1259	1160
1448	1073
1496	1124
1381	1126
1364	1002
1497	1088
1501	1140
1440	1176
1384	1144
1382	1188
1451	1140
1531	1170
1590	985
1596	1172
1707	1129
1862	1246
2013	1159
2031	1224
2161	1351
2244	1331
2172	1106
2188	1032
2017	1081
1843	1131
1790	1034
1512	1126
1402	1216
1144	1132
1189	1143
1090	945
1057	1261
964	1032
816	1130
841	1148
844	1013
866	1117
854	1148
781	1078
798	1014
803	1019
789	1066
739	1045
610	1056
555	1080
557	1102
605	1202
557	1038
505	1063
528	1210
596	1084
590	872
527	1079
573	1075
505	1129
563	1027
491	1151
516	1051
482	917
454	964
408	959
487	1015
449	963
476	1214
433	1047
460	1078
459	992
437	1133
449	1157
475	914
495	1074
465	1038
421	1117
493	1169
466	863
446	749
461	1105
531	955
452	992
424	1055
414	1268
478	907
421	875
478	956
477	1031
466	1068
441	1028
439	1128
412	1148
517	1336
522	1096
485	1075
540	909
454	1048
467	1159
510	1345
482	1104
512	1265
521	1226
524	1282
534	1099
568	1303
655	1158
623	1058
621	1139
578	1303
599	1402
611	1175
594	1178
594	1453
539	1271
567	1092
509	982
590	1043
504	1152
513	1236
469	943
472	1097
535	1305
535	1401
437	1282
465	1284
513	1438
501	1389
442	1431
400	1257
461	1123
425	1131
440	1252
444	1346
444	1274
484	1217
466	1107
540	1176
479	1180
471	1046
497	1123
469	1141
477	1179
481	1233
485	1073
506	1205
488	1281
468	1528
496	1443
531	1611
473	1538
454	1357
514	1400
580	1416
500	1300
532	1330
529	1315
504	1293
538	1296
526	1143
607	1202
547	1104
553	1050
562	1328
587	1159
516	1357
573	1461
572	1567
687	1311
717	1347
656	1309
628	1433
868	1311
1105	1088
944	1065
832	1140
799	1015
741	1060
798	1071
795	1182
816	1154
859	1067
1091	1017
1595	1030
1839	1248
1903	1103
2029	1143
2598	1074
2695	1194
2672	1190
2767	1424
2839	1253
2689	1312
2397	1320
2182	1287
2268	1364
2162	1083
1860	1062
1359	838
1016	956
1154	911
1126	967
981	888
766	1091
685	1179
612	1177
693	1204
720	1137
685	1129
669	933
641	1087
612	988
542	926
561	940
587	1015
469	1054
463	1255
535	1031
522	1174
523	1154
490	925
537	1047
472	1023
467	1069
466	1061
457	1144
446	880
417	861
454	840
488	881
457	1002
476	1164
453	1050
475	1003
438	1147
446	1296
417	1173
425	1214
446	1489
473	1316
443	1444
465	1069
467	1285
456	1266
539	1328
486	1107
451	1061
473	1039
487	1088
472	1005
433	1027
418	985
484	1133
476	1176
433	1104
412	941
374	949
408	898
444	1091
448	945
434	1018
482	1008
399	1037
399	1217
537	989
487	1206
440	1303
447	1097
416	1105
408	1295
424	1112
534	1225
512	1068
530	1261
444	1253
439	1207
439	1139
453	1085
483	1074
508	1073
448	1420
491	1244
408	1146
435	997
479	1246
510	1093
503	969
508	1187
472	1274
467	1464
466	1474
601	1298
570	1179
489	1549
461	1499
446	1251
495	1496
507	1306
490	1324
460	1353
494	1254
450	1304
501	1411
471	1440
497	1112
505	931
552	994
523	1361
483	1099
507	1084
456	905
482	873
425	1018
538	1077
531	1027
473	896
535	1016
581	1031
503	994
541	1062
581	1040
507	1005
530	1177
534	1069
497	1081
527	1136
531	1226
536	1110
475	1003
440	840
468	845
517	885
528	1061
517	1118
444	1140
522	976
525	1132
455	1236
526	1066
628	1095
583	1257
550	1280
552	1120
530	1192
595	1046
626	1259
603	1057
495	1257
549	1049
501	973
530	1020
573	1113
542	1203
563	1197
635	1476
587	1303
610	1370
598	1153
556	981
572	1096
519	1099
525	1207
511	1079
546	1127
533	1232
537	1245
488	1382
486	1383
541	1410
463	1215
480	1481
483	1443
434	1174
428	1195
426	1163
444	1249
473	1137
461	1425
435	1171
453	1110
433	1046
456	1108
481	1166
444	1069
500	1239
483	1048
482	1106
424	1184
515	1191
510	1220
453	1149
446	1180
474	1197
496	1221
451	1085
440	1122
441	1152
445	1069
440	922
389	1120
419	909
444	1080
507	928
523	912
447	903
422	1129
405	1141
461	1082
448	1074
463	1101
394	1190
433	1047
445	1034
443	1041
450	1100
485	1387
445	1106
515	1210
502	1020
442	1059
536	917
503	993
496	850
494	1080
422	1246
404	1072
489	947
393	988
382	1060
403	1222
438	1283
447	1168
408	1253
434	1086
374	1118
383	1265
427	1433
427	1361
419	1031
428	1114
366	1194
414	1110
406	1305
409	1322
441	1351
407	1305
387	1261
397	1196
408	1097
451	1073
453	1041
410	955
365	1033
386	1106
408	1050
429	1198
506	1140
434	1308
374	1146
379	1252
430	1384
377	1466
470	1415
445	1422
374	1400
425	1598
359	1470
409	1422
481	1449
393	1226
441	1120
445	1083
449	1118
454	881
421	943
417	932
393	996
463	1255
439	1255
457	1213
461	1238
412	1313
425	1351
453	1063
455	1028
370	937
419	1084
437	1243
410	1164
414	1134
395	973
376	1000
412	1158
380	1014
423	1018
424	1064
392	1166
399	1117
430	1159
413	1071
358	1037
417	979
431	1166
412	1220
426	1266
407	1374
440	1260
423	1217
424	1234
399	1191
444	1019
452	1064
424	1121
380	1366
374	1197
444	1192
395	1256
428	992
415	1158
421	1230
398	1311
384	1232
424	1152
414	924
420	1072
460	1085
455	1059
504	1048
482	1147
522	1059
495	1006
533	1153
580	1124
601	1204
598	1077
537	1074
539	1136
508	1273
547	1247
459	1433
439	1268
428	1276
438	994
437	981
366	1051
409	1328
435	1301
425	1308
429	1373
451	1317
457	1204
449	1180
431	1100
457	1078
474	1056
451	1134
450	897
476	899
433	930
424	1013
486	1143
428	1277
441	1099
414	1054
411	1017
439	1091
472	1297
507	1435
452	1041
401	1039
389	992
444	1051
446	1159
432	1224
469	1332
418	1115
452	1322
417	1163
445	1226
497	1159
449	939
462	1039
404	1197
408	1148
432	1017
382	1140
366	892
396	981
410	808
442	957
392	1145
414	1002
437	1116
401	1035
386	1150
408	1143
452	1244
405	1090
402	1302
443	1210
434	913
388	805
353	1017
431	1177
394	1148
410	1180
369	1020
415	1287
421	1227
407	1383
410	1128
450	1141
455	1030
378	1129
452	1290
498	1226
404	1222
441	1223
377	1173
412	985
521	1305
478	1121
470	1145
487	1031
509	1101
478	1017
446	1123
437	1018
456	1161
478	1181
427	1067
451	1034
469	1089
468	1063
391	1053
455	1181
448	1092
454	1143
430	1345
463	1156
409	863
429	1011
432	1037
418	1080
477	965
423	893
423	1265
431	1212
430	990
395	1347
420	1211
445	1073
469	1159
453	1175
442	1116
471	1050
414	1300
462	1471
507	1560
433	1513
471	1265
433	1065
438	1094
425	1146
440	1259
436	1212
402	1200
449	1274
427	1036
428	1166
440	1067
430	1057
501	1104
459	1047
444	980
431	902
420	1052
441	1305
428	1118
505	1316
487	1095
503	1183
435	1284
454	1275
453	1146
399	1052
403	1012
456	1371
422	1067
429	1163
400	1012
408	1419
462	1425
459	1177
495	1196
433	1293
518	1215
495	1353
470	1216
456	1278
406	1197
453	1082
418	1158
435	1221
427	1043
432	1214
446	1071
497	1130
446	1191
455	1324
463	1181
439	1110
503	983
451	1116
460	1364
422	1127
446	835
450	1003
460	977
511	1208
531	1164
508	1205
470	1055
470	1069
466	1197
538	1206
503	1115
519	979
427	1237
473	1023
460	1218
440	1315
389	1187
364	915
387	1046
394	1142
469	1219
467	1208
427	1292
448	1117
435	1155
495	1192
541	1429
535	1338
527	1259
488	1145
455	1059
480	1100
437	1380
443	1173
453	1201
474	1359
421	1274
464	1273
459	1215
501	1284
435	1209
543	1142
513	1466
538	1356
560	1396
532	1395
494	1266
481	1221
468	1118
460	1105
521	962
465	939
465	1152
427	975
511	1061
448	1049
475	1120
415	1320
422	1295
486	1084
480	1358
465	1356
465	1287
441	1089
393	1080
434	1127
392	1166
447	1151
480	1163
568	1370
492	1296
465	1253
453	1462
462	1275
399	1110
383	1161
430	1179
480	1141
423	969
415	998
409	1007
433	1043
459	1044
422	870
354	959
467	930
431	1111
490	1244
431	1180
455	934
517	1221
458	1144
462	1056
454	1039
468	1005
461	1081
446	1026
456	1016
417	1058
454	1136
449	1327
449	1368
461	1138
492	963
500	1018
571	1033
419	980
467	899
529	1119
488	1189
509	1204
489	1302
510	1300
523	1133
494	1320
476	1249
510	1227
439	1401
428	1350
441	1159
438	1255
421	1429
428	1288
473	1174
446	1316
427	1136
403	1125
422	1223
468	1319
431	1235
402	961
491	992
447	1092
443	1257
405	1328
410	1123
485	1198
440	1350
435	1447
434	1137
415	1170
493	1304
482	1167
440	1207
431	1272
423	1139
471	1291
473	1314
457	1420
429	1326
400	1473
479	1293
474	1153
482	1399
399	1213
423	1248
428	1516
426	1297
424	1296
448	1228
467	989
433	1076
451	1037
443	895
431	976
448	1086
465	1241
457	1188
478	1188
510	1285
473	1024
467	1095
480	1160
462	1064
461	1021
476	1031
483	1073
496	993
520	1180
519	1051
540	1250
517	1218
597	1367
587	1327
589	1151
528	1069
606	1207
482	1296
561	1308
485	985
485	912
533	1013
534	1134
541	1263
577	1249
564	1127
557	1045
544	1014
454	1103
545	1244
491	1082
586	1024
600	979
533	1134
520	1099
561	1203
488	1050
496	1192
530	1203
463	1109
538	1287
528	1175
461	1084
530	1280
481	960
445	1052
475	996
562	971
504	1252
509	1258
488	1326
598	1664
448	1482
525	1350
498	1086
546	1225
563	1364
526	1262
497	1333
509	1331
516	1113
551	1176
599	1147
577	1253
608	1392
641	1413
599	1326
686	1193
610	923
605	1208
648	1231
725	1122
694	1090
646	1075
711	1022
702	1065
615	1106
630	1182
653	1282
580	1182
570	1168
451	1095
469	1118
519	1235
517	1070
493	1189
544	1360
529	1524
455	1473
426	1569
415	1335
503	1271
509	1217
486	1239
447	1190
426	957
518	1106
485	1256
404	1141
505	1238
525	1182
506	1228
561	1209
497	1053
487	877
530	1101
501	1201
472	947
550	1156
528	1207
487	1079
484	1089
466	1085
478	1066
421	991
450	949
529	920
433	926
392	1108
503	999
527	984
488	1146
453	1138
494	1176
475	1222
515	1224
454	1188
493	1145
489	1187
517	1109
409	1149
463	1135
449	982
506	1109
536	1274
466	1164
458	1057
505	971
620	1098
625	1077
599	929
570	1006
468	1038
520	1142
662	1134
665	1062
583	1097
545	1161
625	1147
730	973
807	1101
895	1004
770	956
875	1186
826	1103
854	981
821	1031
743	1059
576	955
515	1125
520	911
490	1005
567	1227
545	1048
511	1022
519	1034
455	1122
478	996
448	1053
435	1025
423	941
436	952
455	974
440	1080
482	1184
463	1359
451	1097
492	1375
484	1008
451	906
517	1028
497	965
450	1021
443	952
487	986
431	954
462	958
483	1073
449	1085
497	963
465	1043
538	906
478	966
454	987
508	1040
463	999
485	1044
475	1010
475	1101
428	1052
509	1159
486	1246
481	1300
471	1128
470	1070
435	956
452	1029
508	1214
436	1140
446	1176
402	1085
457	1092
489	988
509	1123
508	1067
552	1285
524	1386
571	1296
522	1391
573	1278
501	1387
479	1212
486	1216
462	1255
533	939
562	1173
514	1009
519	1041
524	1110
533	950
578	1006
596	977
579	886
553	959
511	873
480	1116
501	903
520	1264
575	1072
579	1009
536	1039
535	973
513	909
587	1226
511	1194
491	1116
501	1042
526	1058
567	1056
559	927
601	947
549	1010
489	980
517	1180
505	1228
560	1066
515	1013
596	1255
553	1489
516	1188
518	1123
501	1149
530	1286
536	1279
529	976
477	1149
479	1003
467	1077
476	1111
512	1086
524	1121
533	1152
521	989
509	1047
497	1136
498	1075
486	949
598	991
469	1007
517	990
493	1123
483	1081
463	919
487	921
482	1183
466	1061
519	1154
515	1183
458	1110
457	1000
483	1130
527	1295
520	1168
495	1126
517	1161
501	1153
517	940
497	1030
557	1129
510	1043
532	1066
583	1152
549	1141
566	1309
635	1175
584	1201
581	1033
579	1080
549	1102
586	1262
580	1368
634	1264
501	1128
507	1075
554	1143
539	1273
519	1224
478	1193
466	1016
494	1085
496	1228
471	1194
525	1271
520	1165
533	1079
509	1235
518	1020
457	1064
460	1133
536	1357
529	1382
531	1251
531	1251
512	1050
508	1068
544	1043
524	1195
546	1148
486	1125
540	875
559	1095
543	1139
564	1041
471	958
504	925
532	1233
496	909
492	1091
436	1102
450	1027
460	1239
485	1303
522	1207
499	1299
497	1145
529	1087
502	1160
493	1137
456	1079
450	1290
475	1296
486	1089
488	1256
455	1237
529	1202
464	1103
470	1004
490	1238
496	1245
545	1157
483	1013
465	1078
460	983
502	963
549	1249
571	1326
486	1087
489	1204
500	1289
499	1261
543	1289
530	1277
527	1200
512	1000
424	1244
498	1253
431	1032
453	1187
491	1126
538	1271
501	1047
524	1030
546	1159
504	1224
529	1532
498	1285
488	1124
512	1107
502	1086
548	1129
610	1227
598	958
607	991
565	1035
603	1150
616	1049
682	1212
593	1319
573	1240
607	1230
581	1145
533	1305
500	1287
559	1385
574	1306
460	1169
491	1168
521	1237
503	1076
554	1110
467	1051
493	1176
434	1059
507	1135
470	1380
460	1260
453	1229
524	1246
454	959
482	1042
487	974
469	1072
500	1161
542	1078
505	993
524	1053
464	1163
474	1324
492	1249
503	1302
542	1169
539	1254
559	1176
559	1180
516	1224
490	1229
491	1321
510	1167
498	1136
488	1303
510	1251
608	1398
598	1119
595	1003
551	1015
506	1261
450	1408
467	1425
533	1297
537	1240
496	1137
544	1285
508	1153
488	1032
446	1053
518	983
522	909
533	1030
514	1068
478	1059
432	1124
510	1022
503	1163
517	980
462	1312
476	1330
441	1411
479	1149
440	1091
464	1196
460	1276
453	1394
466	1079
490	1178
485	1147
466	1112
458	1184
462	1140
440	1125
438	1239
432	1103
467	1282
433	1173
463	1149
452	1270
507	1178
496	1126
459	1152
499	1249
487	1106
485	1029
449	1262
479	1070
487	1098
493	1180
449	1136
469	1209
415	1093
425	1197
438	1406
453	1283
461	1187
461	1091
437	1132
425	1107
474	1135
461	1153
429	1060
389	1097
500	1281
468	1239
504	1105
457	1124
384	1126
379	1079
405	1154
483	1400
456	1304
487	1083
441	1104
408	1079
510	1096
462	1219
496	1054
410	928
433	1051
465	1061
435	1103
464	1168
460	1104
467	1046
473	1125
473	1132
471	1289
442	1164
486	1365
428	1435
431	1450
467	1381
453	1180
463	1056
469	1067
445	1149
460	1291
487	1237
431	949
469	1289
438	1280
424	1050
499	1081
498	1304
531	1269
434	1297
425	1479
477	1425
479	1194
405	1245
436	1293
398	1069
382	1119
445	1095
467	1259
484	1270
448	1163
423	1178
483	1167
407	1286
428	1264
508	1107
510	989
480	1153
416	1328
366	1416
414	1365
510	1405
445	1070
487	1211
452	1344
409	1307
374	1392
437	1321
442	1207
429	1131
464	941
538	1017
467	1148
423	1167
475	1143
461	1038
489	941
505	1086
432	1031
479	1250
546	1246
522	1347
487	1362
499	1278
487	1343
479	1021
491	1046
493	1081
503	1030
525	929
633	1114
635	1070
626	1093
580	1161
582	1068
655	1168
639	1059
638	985
693	981
730	1144
665	1046
745	1078
860	1200
814	1473
790	1188
825	1202
891	1081
1074	991
1225	776
1115	835
1236	952
1342	936
1645	855
1840	1063
1671	1029
1664	1221
1912	1161
2139	1220
2443	1227
2366	1379
2113	1306
2321	1287
2629	1317
2943	1233
2932	1237
2968	976
3296	1001
3479	955
3888	1068
4059	1042
4129	893
4315	925
4662	875
4697	900
4595	836
4442	1019
4275	1025
4279	1153
4004	1111
3801	1097
3816	1106
3889	1099
3921	1131
3627	1130
3495	1098
3432	1078
3734	1110
3634	1077
3590	1214
3302	1187
3343	1131
3476	1001
3458	1219
3229	1048
2995	802
2808	823
2788	876
2570	851
2519	993
2335	1050
2218	1085
2295	920
2345	946
2201	1007
2244	1184
2159	1094
2217	983
2311	1107
2582	1051
2456	965
2206	999
2407	1002
2509	963
2393	959
2167	1112
1851	1121
1845	1080
1777	1231
1673	1168
1519	1099
1327	1061
1262	1110
1196	1074
1219	1109
1201	1145
1061	1174
1023	1177
1069	1023
1136	1156
1062	1132
1013	1278
880	1247
857	1057
874	982
871	1032
762	1098
742	1028
741	926
721	961
724	832
717	1146
610	1135
594	1143
593	973
637	1117
622	890
546	1005
502	1123
546	1176
517	1264
558	1091
522	1058
484	1098
510	1242
510	1174
510	1062
433	1124
483	978
441	1009
479	1049
476	1058
448	1104
480	1000
427	1123
456	1169
534	1260
552	1083
527	997
505	916
520	1001
563	1223
509	1076
564	1020
583	1151
600	1086
730	1125
711	1023
1181	943
1832	1016
2371	1158
2387	1348
2486	1122
3236	1207
4251	1279
4490	1372
4280	1281
4508	1350
5124	1504
5314	1502
5394	1540
5273	1684
5124	1601
5463	1452
5567	1568
5082	1561
5210	1902
5196	1530
4909	1537
4103	1533
3452	1616
3494	1494
3394	1426
3302	1484
2824	1435
2614	1324
2841	1485
2857	1399
2038	1315
1181	1191
678	1311
617	1149
708	1204
652	1182
499	1275
505	1190
487	1257
561	1228
574	1265
477	1174
450	1401
489	1251
436	1213
472	1088
478	1206
374	1339
429	1169
458	1120
436	1173
464	1341
437	1482
473	1412
427	1329
425	1259
418	1316
433	1294
467	1161
434	1164
458	1228
460	1234
418	1331
445	1283
447	1280
468	1286
451	1055
453	1216
444	1216
483	1189
514	1194
493	1326
435	1348
441	1416
480	1413
467	1160
463	1250
483	1035
442	1053
486	969
423	1262
447	1277
481	1172
493	885
484	984
423	1252
458	1115
396	1100
361	1080
339	1085
364	1183
387	1093
433	1127
409	1195
386	969
404	1049
439	1039
450	1218
467	1194
503	1001
411	1079
434	970
438	1135
419	888
508	1244
442	1128
380	931
401	1108
365	1078
435	1043
442	1049
442	1015
462	956
438	932
483	1158
440	1173
490	1174
463	1022
404	1243
466	1300
487	1074
460	1063
438	1032
452	1251
410	1114
443	990
390	1175
438	1095
446	1024
442	979
424	1073
470	1167
486	1030
449	967
427	888
449	1000
405	1055
476	1134
396	1261
458	1083
443	1154
507	1026
542	1131
474	1149
429	1249
428	1194
427	1168
438	1105
444	1020
470	1095
479	1236
469	1099
459	1265
502	1154
499	1060
562	1100
492	986
485	973
487	952
470	828
467	944
485	1160
461	1158
411	1384
414	1380
467	1212
418	1103
449	1081
463	1377
458	1272
416	1437
392	1175
385	1354
411	1539
463	1331
437	1347
411	1175
395	1225
475	1429
446	1249
444	1492
403	1437
488	1138
408	1365
424	1047
430	1224
437	1147
438	1185
429	1167
449	1112
431	1272
419	1056
422	1065
420	998
454	1075
422	1202
482	1218
443	1186
465	1304
454	1185
439	1076
393	1000
371	991
474	983
504	1230
490	791
442	880
523	1084
508	1125
479	1201
441	1123
480	1204
448	1135
458	1326
430	1348
422	1376
464	1286
436	1197
432	1301
435	1636
415	1398
413	1177
406	1410
481	1339
472	1352
414	1378
448	1254
453	1422
413	1364
450	1432
439	1325
442	1202
494	1086
415	1274
416	1285
453	1432
417	1274
423	1377
477	1366
423	1432
436	1186
425	1264
431	1089
476	1147
413	1111
377	1056
401	1001
442	1037
457	1062
451	1194
513	1099
509	1226
504	1147
487	1220
486	1256
486	1138
448	1163
497	1170
481	1124
453	1320
484	1128
526	985
508	1104
517	1100
506	931
468	1094
510	1268
513	1184
475	1193
499	1193
482	1140
515	1348
479	1197
462	1183
481	1146
519	1124
510	1376
483	1242
512	1157
499	1100
485	1202
472	1120
504	1385
420	1225
435	1211
440	1157
462	1270
430	1194
428	1269
472	1273
489	1241
408	1190
385	1286
465	1161
478	1164
433	1294
515	1165
488	1237
472	1166
394	1064
468	1205
411	1097
398	1025
412	1138
429	1120
429	1080
399	1279
395	904
441	912
451	989
532	1135
473	1088
473	1154
470	1278
521	1286
443	1036
488	960
402	1184
424	1238
415	1349
478	1394
414	1157
430	1098
435	1259
434	1181
456	1258
444	1292
427	1270
427	1419
431	1154
406	1122
458	1134
459	1047
474	1148
516	1195
461	1076
464	1156
428	1186
477	1229
431	1285
454	1320
435	1296
483	1212
430	1211
441	1226
425	1406
384	1126
457	1135
416	1286
385	1391
397	1260
439	1193
411	1028
485	1136
431	1093
398	1062
453	1104
357	1182
401	1358
411	1191
457	1070
477	1049
429	1088
463	1139
464	1059
464	1158
438	1263
442	1375
432	1063
416	992
367	880
416	1055
414	1121
380	1098
428	1321
428	1361
447	1224
404	1219
406	1232
425	1216
389	1236
451	914
406	1176
435	1272
422	1426
523	1534
444	1221
487	1070
468	962
456	993
482	965
386	997
436	998
424	1027
399	874
390	937
415	1365
422	1135
386	1003
416	1196
437	1123
424	1032
422	1033
427	1004
427	1094
434	1367
432	1061
386	1068
390	988
387	1173
376	1142
429	1047
376	1096
412	1080
417	1343
473	1239
404	1069
486	976
497	906
461	1152
473	1062
425	1241
482	1397
434	1184
442	1369
472	1549
403	1278
468	1194
456	1284
411	1281
414	1393
395	1365
366	1132
382	1264
408	1247
370	1144
419	1244
384	1265
472	1148
377	1106
424	1164
392	919
399	1015
405	991
319	1293
366	1172
416	1268
400	1312
407	1300
352	1152
361	1388
361	1350
446	1240
397	1232
382	1227
388	1416
435	1618
361	1320
385	1251
416	1098
398	989
377	988
371	1026
380	1263
345	1476
430	1438
475	1448
457	1227
463	1323
476	1177
453	1497
463	1417
413	1400
399	1156
424	1137
409	1076
437	1161
417	1066
461	1147
445	1451
492	1124
452	1350
462	1121
487	1067
476	1191
461	1289
479	1239
503	1249
498	1322
440	1159
476	1298
478	1402
475	1262
433	1167
375	1157
404	1125
459	1313
388	1305
407	1145
460	1091
408	922
406	1067
451	1209
440	1262
442	1106
428	1004
432	1201
412	1201
439	1363
406	1129
419	1262
390	1263
394	1437
408	1799
456	1567
437	1647
403	1277
431	1224
426	1334
434	1204
436	1154
368	1171
374	1222
403	1222
432	1497
432	1335
412	1355
491	1170
414	1171
421	1260
502	1000
459	950
500	993
444	991
497	1044
485	1185
452	1156
370	1171
421	1463
394	1364
397	1161
398	1087
440	1131
391	1099
383	1062
425	1104
410	1264
453	1140
446	1143
434	914
482	1050
472	996
436	1150
412	1166
410	986
406	1082
411	1124
403	1124
435	1098
414	1190
441	1199
454	1088
360	1221
436	1198
436	1016
446	1280
493	1209
454	985
384	1056
404	1000
419	997
452	1209
418	862
355	861
378	966
459	1107
460	1077
425	1010
395	964
400	1237
425	1116
488	1081
451	1018
465	1147
448	1169
415	1311
389	1274
421	1153
456	1128
409	1090
367	1058
428	960
445	1096
409	1094
436	1200
445	999
417	1142
380	1102
388	1245
398	1332
425	1441
435	1299
427	1341
430	1358
437	1218
404	1222
426	1444
400	1499
399	1354
445	1292
395	1187
447	1388
437	929
434	1028
388	1096
413	1208
487	1091
433	1179
487	1320
552	1198
522	1070
507	1080
533	1112
522	1278
527	1195
512	1405
500	1299
442	1018
445	1116
483	1085
485	1051
468	990
453	1201
494	1102
520	1084
490	1146
461	965
522	809
513	1125
471	1053
532	1178
445	1072
488	998
483	1024
434	986
529	1148
388	1422
461	1227
420	1031
460	1003
446	995
403	931
443	1125
452	1211
408	944
457	1081
506	1278
490	1202
487	1147
425	1127
368	1241
397	1037
410	1222
413	1370
386	1462
395	1161
333	1047
393	1343
411	1417
402	1322
466	970
424	1020
390	1146
433	1077
433	998
424	1016
403	1133
427	912
422	980
481	1178
424	1043
408	1151
440	1130
451	1082
433	1181
522	1393
443	1386
491	987
454	1031
463	1060
446	1012
474	924
531	1147
453	977
446	1038
459	1137
496	1189
481	992
472	1155
497	1280
483	1356
514	1412
601	1297
490	1479
536	1481
537	1330
508	1217
628	1321
633	1285
590	1143
560	1126
560	1051
660	969
615	1182
627	1253
607	1366
681	1231
616	1097
632	1059
631	1102
614	1145
591	1087
566	994
614	1035
524	1162
576	1072
561	1235
484	1141
538	1156
524	1102
528	1008
516	1013
462	1184
477	1238
429	1336
483	1173
480	1210
514	1086
439	1474
472	1329
496	1145
511	1190
530	1296
465	1428
426	1165
416	1212
402	1137
439	1130
501	922
467	953
510	1043
513	1153
446	1043
444	1146
436	1061
427	1218
387	1173
407	890
397	1036
421	1013
405	894
454	797
526	1003
522	1143
457	1178
460	1186
464	1253
472	1032
419	878
408	925
386	896
434	913
466	982
436	1080
451	1072
456	950
461	1031
418	1015
402	1280
430	1192
378	1149
417	1014
423	1115
452	959
406	1034
395	1017
428	1218
496	1200
430	1147
422	1210
462	1471
521	1256
422	1315
486	1167
456	1074
443	1258
419	1027
455	1078
421	1163
426	1312
452	1146
476	978
440	1054
413	1201
430	1132
441	1134
448	1109
484	1144
477	1060
514	1186
493	1413
495	1298
546	1238
528	1102
602	964
541	914
542	1000
508	1093
553	1080
556	1114
605	1093
587	1190
645	1106
614	1195
596	1021
640	1027
662	1135
698	1124
608	1209
649	1406
661	1178
760	976
706	1139
699	1069
735	971
697	1028
782	1085
828	1043
798	1010
779	1151
724	1189
770	1006
812	1144
813	1023
845	966
928	1000
894	1068
1002	1019
1041	1008
1046	793
972	842
1008	923
1012	1202
1103	1010
1002	1126
1029	1242
1019	1107
984	1172
892	1178
912	1210
1015	1146
1012	1125
925	1205
932	1093
902	1415
889	1148
921	1118
951	1073
880	1157
835	1400
814	1168
796	1266
856	1333
774	1273
744	1215
806	1236
747	1089
756	1204
722	1183
643	1233
719	1099
782	965
730	1207
660	1115
587	1065
627	1145
623	981
585	1113
594	1237
564	1171
595	1057
584	1354
560	1428
569	1462
541	1400
505	1399
522	1294
492	1227
471	1127
446	1024
486	1356
450	1381
518	1218
478	1140
521	1151
452	1165
513	1179
467	950
490	1072
452	1077
496	1139
441	1114
477	1259
454	1179
522	1005
447	1019
462	1150
487	1065
505	1029
469	1099
460	1144
436	1031
439	1034
422	1216
417	1118
376	1084
408	1187
422	1123
411	1252
411	1186
392	1514
381	1129
433	1054
413	1170
420	1171
420	1354
435	1221
411	1078
378	1045
350	1070
399	1231
403	1354
448	1173
418	1053
439	967
415	1105
451	1140
388	1203
368	1288
404	1296
384	1208
434	1188
400	1194
443	1015
437	891
391	988
418	1052
379	875
377	997
411	888
393	863
404	1123
415	1227
429	1211
443	1211
428	1091
386	1110
432	1024
444	1096
434	1078
435	1320
427	1120
387	997
433	1169
437	940
425	978
452	937
418	1061
419	1134
401	1138
407	1012
418	1069
373	1280
389	1144
407	1050
363	972
384	1025
391	1024
385	1104
367	981
403	1075
368	1011
394	970
389	988
428	1188
386	984
428	1058
381	1161
395	1379
434	1376
400	1212
408	1069
359	1073
407	858
366	1026
396	1162
405	966
431	1094
426	948
433	916
470	833
472	902
416	858
379	1068
365	1050
367	1033
355	1221
386	1070
354	956
374	1220
404	1107
430	1213
371	1029
450	845
443	1022
416	1003
459	954
458	1046
485	961
482	1020
427	958
385	1097
425	1036
455	937
487	1199
437	1177
442	1047
424	920
509	936
465	1127
460	1084
455	1011
383	1082
355	1031
408	980
464	996
469	1029
436	1015
401	1110
470	1096
449	1145
550	1106
476	1039
612	1195
553	1073
511	1225
643	1135
592	1147
578	1231
626	1441
645	1474
632	1343
625	1469
597	1276
539	1202
606	1085
596	1147
547	1314
588	1049
521	1159
510	1002
460	1126
460	1075
446	1196
489	1242
443	1245
469	1421
433	1115
460	1177
475	1063
471	1237
489	1186
426	1104
467	1134
473	1258
493	1227
505	1067
488	1014
514	1255
511	994
445	858
443	1050
413	987
390	1058
380	1025
431	1135
392	1167
434	1070
420	1027
440	1076
421	1089
397	1189
426	1077
432	1246
407	1171
413	1470
455	1444
426	1180
482	950
472	1003
447	987
379	1157
326	1263
414	1221
447	1229
459	1260
388	1106
430	1162
471	1150
421	1202
445	1258
476	1142
427	1130
464	1088
497	1062
487	1248
420	1205
412	999
447	1338
416	1161
418	1281
395	1274
380	1216
427	1435
483	1332
403	1318
476	1247
472	1304
433	1302
403	1316
381	1244
453	1296
418	1456
508	1398
484	1262
426	1288
412	1274
417	1299
437	1271
514	1138
445	1068
460	1085
463	1118
429	1121
454	1256
464	1195
456	1116
493	1159
477	1105
429	979
396	1200
406	860
366	882
364	845
407	825
411	1137
369	989
413	1047
385	1172
408	967
345	1320
401	1192
420	1160
451	1154
391	1103
424	1185
424	929
408	949
419	1055
427	1002
415	1181
467	1149
429	1183
435	1072
424	1034
396	1096
429	1214
482	933
443	876
404	1033
398	1200
445	1202
479	972
419	1003
444	1066
395	934
435	980
440	1134
405	1136
389	889
441	930
415	995
409	1058
488	1157
498	1138
540	1078
497	1073
556	1314
667	1249
784	1235
875	1258
893	1052
1240	1053
1479	1083
1486	1128
1461	1228
1385	1122
1549	1231
1732	1219
1609	1328
1396	1152
1297	1327
1125	1404
1161	1483
1102	1193
1147	1090
1215	1235
1110	1143
1061	1061
909	959
971	1105
936	1121
875	1201
666	1207
574	1204
503	1371
582	1563
615	1191
554	1349
556	1270
568	1222
550	1336
557	1442
590	1281
647	1299
652	1512
588	1598
505	1303
490	1425
541	1178
478	1345
528	1163
512	1210
455	1318
549	1617
475	1449
458	1218
552	1213
431	1250
460	1229
412	1345
416	1551
390	1809
403	1153
411	1127
411	1012
344	1077
396	1047
347	986
393	1113
389	1215
380	1012
380	1144
404	1223
389	1084
390	1169
407	1064
383	1049
405	1054
422	1090
457	1178
411	1212
431	1086
494	1090
431	1173
407	1116
445	1226
419	1144
391	1304
469	1273
448	1200
405	1107
397	956
473	1253
414	1388
438	1207
425	1289
438	1337
398	1338
393	1176
390	1103
438	1231
423	1229
438	1226
379	1370
386	1141
387	1233
380	1233
451	1168
419	1231
437	1207
437	1341
432	1241
408	1253
425	1068
460	1063
446	1017
425	1066
391	1224
432	1079
379	1166
429	1329
460	1416
412	1216
412	1248
418	1250
414	1103
451	1296
469	1160
440	1090
428	1218
425	1308
397	1254
427	1373
420	1405
489	1342
494	1285
482	1314
449	1256
483	1171
375	1273
393	1310
390	1358
447	1339
398	1233
375	1115
366	1221
361	1285
379	1327
383	1348
383	1241
419	1233
381	1180
393	1130
425	1131
375	1036
393	1118
433	1290
454	1316
441	1274
410	1194
419	1207
416	1172
414	1103
426	1099
396	937
391	1044
404	1112
474	963
445	1136
433	980
473	991
462	1087
429	1174
461	1031
503	1144
517	1013
515	968
510	950
511	962
490	1105
494	1083
484	1088
409	1027
455	1102
449	985
440	1104
442	1212
424	1315
414	1384
414	1244
409	1131
463	1120
420	1110
424	1003
393	1125
371	912
412	1008
383	1088
393	1175
391	1264
372	1125
406	990
394	954
410	1203
432	946
376	997
390	1121
381	969
349	1027
445	903
408	1055
384	1007
415	1016
427	1042
382	1148
406	949
421	1127
427	1095
449	1118
450	1135
465	1140
378	1038
391	991
463	1158
447	1020
446	999
510	1121
461	1000
410	998
442	944
370	1040
446	1089
405	1012
402	1065
399	1012
391	1187
441	1154
424	959
376	893
441	989
457	1041
426	977
417	1085
435	1002
364	1062
360	1063
374	1079
401	1074
393	1045
427	945
390	972
405	973
455	1055
404	970
425	1024
368	973
353	912
392	964
412	993
439	906
409	947
393	993
429	943
470	1052
420	1044
370	1068
438	1133
395	1098
404	1064
369	1032
448	977
383	994
408	1065
366	1026
372	1147
394	1019
382	1022
370	1106
372	1273
388	1128
386	1278
414	1189
438	1343
384	1140
409	1037
399	1030
430	1189
423	1129
366	1010
477	1081
409	1140
365	1172
340	1146
383	1196
420	1070
401	988
403	944
479	956
433	985
471	1062
399	1186
429	1155
432	1086
445	1207
448	1093
462	1178
449	1131
452	1212
435	1233
487	1077
519	1049
475	1259
492	1228
460	1008
472	1230
447	1300
414	1271
427	1317
431	1217
400	1319
383	1437
435	1330
433	1273
436	1299
426	1277
455	1344
377	1022
400	1047
404	1123
438	1108
451	1089
464	1144
535	988
428	1085
450	1156
388	1232
460	1045
530	1065
457	1269
452	1139
475	1135
500	1082
446	1138
434	1230
488	1131
472	1065
493	1190
489	1216
438	1158
445	1132
497	1346
499	1177
510	1016
488	955
468	968
466	1033
466	1035
453	984
515	1097
455	1256
466	1219
477	1244
479	1284
424	1271
410	1258
435	1241
457	1119
462	1103
473	1101
510	962
546	1115
519	976
508	1202
488	1127
493	919
480	965
457	1071
393	986
411	963
432	973
462	1016
460	1172
451	1177
442	979
473	1119
483	988
408	924
429	906
463	1033
409	1013
384	1041
416	1124
431	1127
406	1107
480	1057
388	1227
366	963
413	996
438	1030
490	1087
410	1188
429	1155
368	1101
410	1115
467	1114
474	1272
460	1320
459	1259
447	1274
431	1318
460	1440
447	1257
396	1084
436	1125
424	1034
511	1107
416	1093
451	1221
414	1330
401	1626
391	1428
432	1650
409	1372
392	1429
356	1338
413	1217
415	1205
421	1224
381	1322
370	1119
373	1012
392	1349
396	1017
402	1232
467	1187
451	1152
473	1236
475	1380
435	1149
388	1048
462	1132
391	1097
419	1315
426	1335
413	1246
458	1175
417	1372
454	1253
385	1320
400	1218
402	1252
384	1164
379	1104
435	1092
443	1069
434	1130
404	1085
399	1124
439	1222
403	1042
436	957
379	1005
454	1214
413	1106
431	1010
458	859
376	1157
384	1077
438	965
386	1077
429	1053
421	1142
397	1141
348	1226
393	1123
446	985
417	1102
398	1081
439	1264
432	1092
460	1091
447	1089
442	1072
452	1108
483	1219
490	1077
421	1051
395	924
366	911
366	914
460	1100
447	1126
459	1038
413	1008
373	911
396	805
442	970
376	1195
423	1111
357	1155
405	988
379	924
450	1013
439	1024
411	1049
428	1126
382	1354
387	1129
366	1126
433	1099
415	1056
427	1265
415	1149
386	1132
377	1109
323	954
426	1130
429	1252
434	1309
425	1254
362	1221
368	1338
366	1250
343	1390
448	1318
455	1593
397	1402
428	1235
449	1254
454	1549
447	1270
418	1253
424	1246
351	1340
406	1420
487	1513
483	1403
445	1281
496	1206
435	1197
487	1013
437	997
430	1180
471	1163
447	1238
439	1246
499	1283
506	1315
523	1159
522	1222
442	1292
432	1150
458	1097
494	1336
494	1208
450	1364
436	1384
452	1080
440	1361
388	1172
408	1191
433	1096
466	1252
450	1275
397	1309
393	1354
392	1184
420	1147
402	985
449	993
378	1097
370	1076
423	979
388	1198
408	1042
433	939
402	902
429	1263
391	1199
382	1239
400	1193
378	1214
421	1209
420	1149
375	1277
426	1389
441	1369
432	1326
439	1412
424	1147
401	1138
407	1149
408	1264
440	1267
464	1100
456	973
503	967
468	933
441	1127
454	1091
419	1182
457	1173
459	1016
495	1034
515	1022
489	1170
531	1037
521	1027
528	963
482	901
515	1043
475	1120
538	1041
523	1065
532	1093
516	1118
535	1196
505	1068
594	1229
575	1143
626	1288
570	1352
601	1128
605	1045
617	1129
581	1106
568	1242
551	1044
611	1154
576	1219
608	1133
568	1151
615	999
626	1132
681	1073
688	1214
692	1214
807	1411
786	1287
804	1213
777	1070
715	1164
693	1142
736	1194
723	1182
626	993
607	1021
601	1156
619	1074
660	1224
588	1160
511	1024
560	1113
549	1120
570	1140
631	1257
673	1318
702	1308
853	1407
755	1310
746	1460
815	1288
716	1247
620	1299
584	1108
607	1255
537	1155
562	1238
579	1197
610	1075
545	1205
661	1165
573	1204
591	1335
619	1356
608	1168
763	1337
744	1105
780	915
919	1154
840	1063
747	973
810	1313
670	1195
632	1275
612	1159
565	1146
528	1060
526	1125
461	1016
564	959
540	1019
550	1090
563	1018
589	1349
539	1368
511	1051
504	1141
492	1063
539	986
499	1079
508	1103
511	1365
453	1066
440	1062
502	1083
451	1248
429	1212
502	1283
541	1373
454	1432
427	1052
419	915
423	941
447	950
469	1275
452	1240
543	1093
565	1218
513	1141
525	1017
589	985
612	869
503	855
460	892
548	926
542	931
451	968
457	985
460	944
447	908
424	863
463	1109
394	1224
388	1123
431	1136
424	1076
437	1127
394	1100
416	1041
421	1241
422	989
450	1185
455	1377
393	1081
395	1144
442	1208
393	1123
419	1077
393	1058
471	1068
446	981
465	1024
456	1082
414	1093
492	1037
496	1250
451	1262
410	1148
464	1155
439	1156
457	1043
516	1298
423	1228
417	1271
414	1318
441	1185
442	1299
417	1305
408	1172
435	1224
441	1114
494	1176
452	958
512	1149
512	1174
534	1247
511	1214
517	1117
519	1084
490	1089
485	1205
494	1047
421	1051
474	1047
462	1168
379	1173
481	1280
404	1125
432	1202
425	1287
368	1174
407	1113
443	1017
432	946
478	1089
505	1174
435	1185
422	1177
449	1340
457	1271
467	1024
416	1090
439	1087
429	1092
399	1202
405	1363
417	1255
458	1415
437	1317
512	1210
538	1284
572	1221
478	1139
493	1276
553	1238
478	1191
398	1223
451	1009
494	1142
449	1310
450	1191
386	1084
410	882
454	1103
416	1239
476	1154
524	1089
454	1158
452	1139
518	1154
447	918
502	930
570	1043
523	1020
483	1052
485	1025
480	1199
506	1390
564	1296
509	1270
548	1248
602	1318
538	1163
565	1207
530	1173
592	1327
547	1371
580	1102
559	1119
587	1018
634	1083
553	1035
553	1268
556	1117
538	1237
541	1111
524	1304
461	1180
473	1269
417	1209
497	1213
459	1234
438	1065
433	997
465	1204
463	1105
461	1066
426	1027
410	1075
480	1230
433	1168
411	1093
472	1127
447	1159
474	1145
410	1075
440	1184
462	1124
420	1146
400	1037
411	997
372	1054
403	1061
363	1014
370	1175
385	1091
389	971
402	1078
420	1260
421	848
483	1156
431	1299
417	1114
399	1118
484	1109
444	1106
482	1130
471	1039
421	1051
454	1173
395	1267
400	980
377	1009
379	915
415	1030
414	1056
382	1108
414	996
421	1107
431	1044
455	1103
462	1055
422	1021
417	1101
429	978
415	1019
528	1200
491	1044
417	1043
448	1251
418	1144
430	1029
482	1073
445	1060
404	1170
419	1058
417	1134
517	989
365	1230
396	1262
399	973
413	1017
421	988
389	1118
432	995
414	979
511	1023
432	1037
426	1136
426	1090
439	1291
478	1346
464	1405
510	1650
522	1665
466	1484
516	1446
527	1130
491	1285
488	1339
512	1559
558	1233
539	1387
592	1395
555	1356
538	1160
528	1319
628	1215
582	1243
545	1213
548	1294
551	1275
624	1293
590	1154
605	1198
684	1297
617	1369
681	1213
689	1293
657	1517
702	1377
664	1112
629	1215
624	1145
583	1354
648	1174
544	1147
518	1299
509	1279
508	1344
478	1205
533	1130
501	1141
543	1100
556	1269
523	1282
431	1094
531	1197
535	1386
554	1413
569	1096
506	1079
509	1161
486	1230
544	1359
535	1281
514	1264
582	1384
588	1259
523	1192
607	997
553	967
583	1146
559	986
528	1196
560	1151
551	984
592	1052
599	983
562	927
571	761
520	976
488	1059
521	1032
495	1031
539	1147
473	1139
506	1077
546	1058
525	1277
516	1425
537	1393
493	1216
469	1187
524	1599
468	1416
526	1284
576	1375
541	1430
566	1382
612	1007
531	1269
527	1191
557	1106
574	1173
544	1329
601	1261
611	1137
571	1252
557	1205
601	1297
523	1309
566	1194
488	1300
564	1418
544	1252
546	1305
535	1104
592	1251
568	1164
569	1192
611	1320
579	1350
592	1340
579	1229
608	1375
640	1099
653	1198
655	1263
671	1332
605	1147
558	1099
587	1010
603	1000
641	1380
627	1171
704	1211
689	1167
648	1050
729	1076
748	819
739	1001
856	1028
923	1083
1027	1233
1014	1151
1075	1190
979	1300
923	1241
950	1109
913	1111
992	1305
1008	1200
988	1415
1054	1363
934	1350
803	1243
734	1240
749	979
812	1074
893	1019
761	1245
775	1162
601	1096
651	869
644	885
568	963
598	1204
608	1108
590	1349
619	1372
537	1243
524	1185
549	1107
592	1179
585	1202
603	1069
616	1025
656	981
652	969
662	997
617	891
646	1006
648	949
616	1085
734	994
621	800
639	978
677	974
550	934
555	970
650	1089
577	1156
606	1292
620	1183
635	1295
563	1149
550	1080
616	998
748	1224
777	1145
705	1182
686	1272
715	1335
659	1233
646	1035
663	1062
609	989
617	999
555	1055
575	1139
568	1143
535	1285
558	1238
520	1159
573	1156
551	1196
531	1230
566	1425
535	1281
537	1081
547	1066
579	1164
525	1121
565	1117
610	1299
556	1238
612	1211
633	1263
593	1381
590	1296
591	1198
514	907
577	1050
538	1008
511	1147
520	991
492	1064
484	1051
475	1152
513	947
552	966
534	978
511	929
448	927
468	1101
506	1215
485	1046
479	935
471	1003
460	1015
445	960
490	1181
458	1182
446	1141
468	1066
485	1059
446	1085
487	1226
472	1098
476	1073
524	1188
496	1329
472	1201
566	1391
541	1148
487	1262
451	1293
397	1093
441	1165
480	1058
418	1101
403	1012
426	920
427	1174
469	1080
442	1149
437	1190
491	1223
494	1226
479	1286
467	1215
462	1039
450	1143
385	1401
401	1277
478	1135
471	1175
460	1131
411	1010
478	989
432	991
453	1147
466	970
431	989
442	931
410	1117
417	1165
428	1144
375	912
442	1042
446	1165
479	1032
446	1038
461	1048
446	1007
441	1152
416	1179
389	1169
416	1228
433	1052
453	1142
403	1110
421	1303
409	1090
392	1081
395	994
444	1018
388	931
469	963
413	1057
415	864
424	1062
387	1208
435	1115
410	1001
380	1064
420	1378
370	1328
398	1179
416	1232
404	950
402	1092
379	1009
449	1042
440	1172
409	1244
386	1173
434	1195
369	1226
359	1096
369	984
437	966
403	992
384	1002
393	1105
453	1074
397	1000
408	1174
398	997
508	926
476	1046
435	927
491	922
442	849
419	1049
432	1018
457	908
435	1121
409	1000
376	1063
476	1044
455	979
457	1118
471	1065
440	943
446	939
435	1036
460	1120
496	1227
528	1321
538	1232
544	1145
574	1124
548	988
530	1039
536	1074
548	1223
542	1156
518	1261
530	1091
601	1152
643	1071
679	1120
602	1163
593	1106
638	1034
657	1176
579	1044
631	1092
680	952
631	1154
588	1201
669	1321
635	1209
551	1188
633	1284
457	1268
469	1336
438	1193
463	1005
478	1289
447	1590
487	1234
485	1284
493	1256
465	1141
439	1520
416	1335
459	1321
416	1274
392	1430
404	1194
452	1315
458	1067
457	1101
454	1212
364	1095
412	1207
424	1245
402	1198
402	1155
381	1194
392	1428
403	1149
434	1021
496	1325
455	1036
432	846
451	1024
438	1141
462	1115
437	1024
425	934
425	1080
450	1245
437	1308
429	1156
430	1028
407	1102
451	1257
483	1159
451	1157
394	1113
452	1331
475	1328
378	1174
415	1101
376	1029
461	1094
395	1078
443	1079
439	1079
435	1019
418	985
486	1106
485	1209
400	1003
401	1032
481	1110
457	1194
485	999
455	1159
499	1130
479	989
483	1141
477	1352
443	1251
457	1263
451	1134
506	1211
467	1290
405	1371
451	1385
366	1268
484	1382
405	1331
461	1087
429	1271
481	1360
437	1189
477	1275
474	1233
481	1176
516	1408
496	1544
540	1435
450	1173
475	1208
478	1269
458	1201
448	1107
432	1362
462	1303
431	1418
455	1383
552	1440
606	1395
564	1468
606	1542
599	1597
590	1629
544	1337
506	1518
465	1386
478	1235
501	1168
504	1488
483	1270
501	1430
486	1320
438	1207
470	1180
468	1357
460	1547
459	1245
453	1179
488	1319
512	1502
471	1343
552	1451
469	1324
492	1004
485	1000
514	1002
488	1105
483	1194
480	1104
495	1049
508	1199
518	994
529	1110
471	1062
510	1343
565	1326
536	1090
515	1068
578	1185
545	1124
578	1281
553	1117
598	1225
507	1223
534	1222
519	1227
589	1240
498	1079
553	1147
524	1044
568	1186
561	1221
566	1073
531	1095
585	1209
770	1277
664	1229
771	1164
760	1226
767	1101
832	1347
729	1099
854	1228
771	1195
774	1316
709	1303
778	1317
738	1035
655	1000
688	1047
695	1090
787	1103
857	1075
880	1127
899	1259
1010	1313
1056	1043
1137	1151
1139	1049
1016	1019
977	934
996	906
963	1050
1010	1084
1031	1075
864	1164
799	1285
713	1106
639	1160
655	1166
626	1197
609	1166
678	1238
640	1139
704	1176
699	1250
708	1209
652	1123
652	1087
620	1187
699	1244
653	1136
639	1280
602	1035
571	1055
530	1033
497	1098
487	1210
493	1290
450	1103
412	1212
478	1158
411	1268
456	1390
438	1397
470	1112
438	1312
463	1286
470	1510
441	1531
452	1521
436	1303
503	1449
498	1404
423	1210
432	1209
430	1046
373	1161
428	1393
427	1359
466	1386
428	1321
434	1385
496	1202
515	1231
477	1225
453	1468
399	1062
458	1169
461	1218
464	1199
378	1043
418	1069
422	1189
434	1209
443	1388
412	1392
389	1251
419	1076
394	1050
437	919
443	1094
429	1015
413	1234
422	1218
408	1254
420	1385
417	1200
406	1267
382	1294
410	1150
356	1308
474	1232
455	1528
465	1354
396	1164
438	1223
436	1123
428	1223
431	1535
479	1526
438	1483
436	1330
432	1426
407	1455
409	1572
453	1560
442	1120
423	1131
407	1125
451	1115
416	912
454	1150
390	1205
432	1159
427	1186
436	1403
402	1365
423	1125
441	1029
480	1125
488	1127
452	1253
406	1302
400	1087
410	1186
436	1063
415	976
425	1157
405	1136
428	1109
491	1316
510	1375
415	1253
391	1198
460	1223
441	1118
423	1091
403	1120
475	1218
465	1391
410	1253
491	1336
440	1223
416	1078
464	1041
423	1230
420	1361
473	1186
455	1292
470	1262
480	1629
506	1502
530	1356
455	1174
487	1349
476	1138
487	1270
460	1329
475	1202
540	1311
452	1012
420	1001
395	1158
485	1181
466	1263
437	1321
468	1278
441	1453
374	1292
420	1167
414	1227
380	1097
422	1212
437	1060
419	1013
461	1207
465	1011
454	1095
444	1153
428	1123
414	1273
374	1203
422	1304
396	1241
419	1120
385	1061
435	1094
438	1093
495	1213
510	1150
472	1073
458	1046
423	1012
475	1142
461	1171
422	1302
480	1359
494	1418
403	1316
415	1277
441	1471
400	1181
433	1072
404	1202
483	1231
437	1197
483	1118
405	968
446	979
452	955
451	1125
423	1129
442	1348
450	1232
483	1182
435	1376
492	1588
389	1302
503	1158
478	1202
499	1092
430	1113
485	1080
452	1292
477	1234
450	1368
489	1428
407	1218
449	1138
447	1116
489	1080
465	1030
487	1187
479	1139
498	1101
482	1262
544	1183
501	1257
539	1179
503	1338
457	1459
507	1332
467	1371
481	1347
448	1195
498	1141
545	1231
522	1150
519	1043
568	1244
588	1303
579	1167
511	1174
631	1312
594	1455
612	1288
666	1213
588	1370
598	1220
618	1162
609	1142
609	1041
612	1090
609	1299
551	1303
583	1249
578	1143
572	1187
665	1225
665	1317
655	1221
618	1115
742	1073
737	1081
703	1131
765	1199
753	1203
915	1313
830	1349
731	1079
699	1029
810	1081
775	1149
851	1072
770	1116
845	1069
812	1142
824	1149
838	957
905	901
857	965
921	1066
1048	1032
1067	906
999	1067
972	1131
991	1071
966	1252
1019	1322
892	1056
963	1197
994	1155
938	1213
1053	1241
972	1162
969	1267
961	1196
869	1261
948	1265
950	1197
942	1388
997	1356
914	1295
959	1448
1003	1409
996	1308
995	1405
1044	1213
946	1330
981	1163
1022	1190
970	1003
1001	1191
1033	1125
957	1137
1007	1356
1016	1260
898	1148
940	1335
1017	1178
978	1181
957	1439
998	1453
959	1585
1076	1474
999	1360
990	1254
896	1560
981	1485
968	1393
919	1193
855	1181
943	1226
919	1186
849	1527
869	1305
826	1171
945	1168
968	1090
988	1027
882	939
1019	917
882	873
935	972
885	909
1019	1186
949	1131
984	1218
874	1246
872	1130
1014	1059
945	1063
1014	1041
951	850
954	961
982	969
1043	1038
1096	984
1113	1060
1088	1076
1152	1126
1224	1189
1339	1428
1354	1338
1315	1209
1560	1263
1862	1073
1910	1059
1938	942
1880	1060
2053	1103
2271	1128
2447	1298
2417	991
2404	1156
2731	1132
3005	1189
3525	1303
3633	1066
3551	1159
3459	1084
3787	1010
4173	1147
4286	1043
4697	1288
4633	1216
4900	1153
4960	1207
5018	967
4874	1173
4664	1071
4567	1097
4258	1130
4240	1179
4035	1288
4086	1259
3966	1225
3749	1138
3600	1129
3605	1241
3685	1270
3917	1194
3657	1027
3366	1248
3409	1193
3751	1288
3564	1181
3295	1088
2772	1019
2258	960
2310	1235
2199	1195
1962	1299
1804	1377
1629	1158
1720	1065
1852	1257
1662	1168
1357	1234
1289	1190
1342	1148
1403	1319
1423	1274
1230	1123
1249	1208
1313	1214
1203	1238
1174	1206
1041	1279
966	1092
972	1054
940	1069
915	1166
932	1320
871	1195
919	1290
895	1277
967	1465
791	1242
785	1133
697	1026
749	1077
747	1023
817	1147
743	1237
709	1374
694	1480
656	1432
693	1253
679	1266
664	1218
591	1177
646	1117
576	1226
558	1186
606	1364
628	1221
638	1097
580	1153
613	1261
587	1216
588	1284
559	1167
594	1115
603	1104
520	1122
549	1127
477	1303
542	1360
522	1195
556	1332
523	1280
503	1169
534	1144
486	1327
538	1217
566	1091
572	1289
533	1159
539	1409
518	1276
472	1190
490	1257
540	1100
568	1392
450	1256
450	1074
447	1083
487	1113
487	1334
493	1164
502	1177
517	1206
480	1286
496	1047
484	1186
470	1385
512	1396
437	1060
500	1118
433	1315
528	1304
547	1217
519	1254
502	1265
502	1385
499	1244
496	1101
505	1007
487	1178
463	1249
493	1434
446	1371
556	1318
557	1262
500	1248
511	1158
450	1232
472	1369
457	1206
461	1034
475	981
505	1026
489	1132
477	1077
559	1077
558	1100
505	1084
459	1195
496	1304
519	1227
464	1420
538	1424
507	1284
482	1323
492	1242
427	1120
405	1244
517	1387
513	1410
482	1275
506	1260
466	1227
499	1229
529	1189
503	1143
524	1332
526	1259
527	1118
502	991
457	1095
564	1322
503	1289
491	1360
507	1427
573	1335
530	1269
535	1243
565	1138
560	1096
546	1097
520	1239
520	1156
530	1263
563	1255
538	1149
515	1071
582	1312
552	1513
566	1373
540	1186
527	1343
468	1235
561	1260
490	1260
527	1336
557	1232
534	1081
517	1114
526	1268
502	1141
527	1184
513	1236
445	1437
508	1644
482	1336
477	1286
512	1241
530	1356
545	1497
530	1486
529	1223
534	1057
507	1211
513	1278
562	1293
577	1385
550	1288
527	1045
483	1101
540	1191
574	1106
531	1096
512	1207
592	1344
610	1360
610	1302
606	1294
592	1229
594	996
578	1180
564	1173
563	1165
593	1294
654	1359
716	1383
685	1290
645	1296
625	1173
744	1132
571	1085
610	1062
629	882
698	945
611	1032
614	1030
616	1142
625	1344
714	1264
673	1359
669	1266
660	1229
667	1236
729	1046
749	910
675	1005
723	933
759	1054
763	1099
718	1086
770	1171
752	1193
789	1205
713	1152
663	1165
676	1134
645	1220
679	1041
812	1132
764	1124
740	1098
768	1160
796	1288
860	1294
781	1308
767	1147
875	1297
855	998
840	1247
791	1124
773	1244
778	1192
820	1150
733	1240
850	1199
823	1186
791	1155
836	1026
837	1067
833	1190
799	1341
790	1280
882	1325
887	1343
911	1202
912	921
937	1101
875	1156
962	1364
876	1516
881	1480
950	1319
938	1420
990	1396
925	1337
890	1468
937	1268
940	1094
946	1079
870	1226
943	1309
990	1331
976	1340
925	1423
1005	1272
1120	1436
1058	1468
1102	1283
1163	1183
1083	1418
1161	1554
1287	1403
1191	1433
1182	1450
1178	1433
1248	1381
1491	1334
1663	1464
1621	1359
1483	1152
1540	1345
1654	1192
1663	1251
1700	1273
1688	1445
1827	1315
2049	1114
2080	1058
2244	1200
2264	1086
2192	1253
2377	1206
2542	1197
2438	1099
2269	1122
2340	1292
2474	1429
2642	1351
2844	1345
2541	1224
2830	1227
2896	1293
3236	1227
3546	1197
3573	1221
3523	1301
3719	1477
3866	1178
3897	1031
3929	1065
3859	1307
3972	1578
3914	1718
3872	1679
3768	1395
3662	1286
3639	1236
3678	1358
3674	1257
3646	1286
3630	1177
3748	1330
3841	1343
4189	1180
4328	1075
4434	1106
4558	1050
4523	1139
4268	1163
4334	1303
4218	1197
4113	1157
3906	1054
3696	1121
3160	1185
2993	1416
3067	1252
2957	1229
2671	1086
2502	1051
2554	1024
2721	999
2851	992
2697	1051
2655	1159
2553	1320
2880	1188
2941	1343
2734	1134
2537	959
2214	1198
2353	1090
2223	1195
1981	1178
1643	1120
1465	1087
1327	1056
1431	1143
1276	1179
1117	1052
1091	1070
963	1162
1138	1145
1057	1268
974	1287
826	1179
840	1342
820	1314
903	1378
799	1399
758	1577
651	1493
648	1354
602	1383
631	1286
609	1184
560	1156
559	1076
576	1137
598	1254
538	1310
525	1281
614	1225
595	1297
602	1484
508	1419
492	1343
531	1099
486	1168
459	1253
475	1211
502	1074
525	1253
431	1295
491	1230
500	1050
502	1265
502	1316
480	1254
474	1084
496	1265
483	1303
452	1285
443	1097
410	1111
475	1303
482	1212
481	1110
488	1192
464	1012
470	1162
473	1082
520	1081
544	1172
517	1277
537	941
574	1297
649	1359
790	1119
723	1160
637	1335
638	1165
788	1316
961	1382
824	1388
812	1515
718	1574
773	1332
1112	1281
1064	1225
948	1479
881	1287
962	1510
993	1660
1036	1396
862	1310
948	1277
835	1065
720	1207
654	1184
747	1314
657	1389
570	1299
558	1135
556	1381
566	1353
586	1056
572	1195
544	1184
549	1183
511	1061
531	1066
544	1195
523	1173
497	1273
564	1397
483	1135
510	1174
478	1244
481	1378
469	1185
477	1174
460	1283
462	1155
461	1058
433	1110
463	1149
454	1403
494	1483
486	1354
417	1049
514	1154
446	1193
431	1178
430	1133
424	1033
398	1326
425	1407
498	1289
457	1142
455	1191
439	1124
437	1124
412	1143
379	991
369	1120
415	1073
468	1137
539	943
542	976
502	1057
462	1041
463	991
478	1174
489	1080
412	1161
426	1224
425	1209
444	1452
443	1283
374	1080
369	1279
461	1332
429	1372
490	1303
470	1090
450	1098
459	1225
477	1278
511	1408
456	1385
488	1366
494	1336
493	1494
490	1404
501	1308
473	1274
471	1155
461	1111
494	1406
522	1365
553	1336
505	1400
515	1276
527	1037
465	1085
439	1183
456	1214
422	1099
464	1223
460	1252
407	1436
422	1219
411	1100
388	1200
445	1328
425	1119
412	1079
462	1109
429	1059
435	1224
508	1226
468	1279
448	1349
418	1521
447	1371
482	1303
455	1233
503	1218
465	1253
478	1250
513	1307
469	1234
536	1258
419	1361
410	1378
417	1421
464	1139
459	1103
555	1315
463	1372
478	1432
476	1208
510	1129
467	1170
442	1169
453	1219
480	1157
448	1130
439	1054
447	1196
417	1288
466	1296
410	1149
426	1073
417	1180
515	1335
517	1325
542	1455
525	1387
488	1145
519	1149
499	1446
531	1484
490	1499
516	1240
572	1199
519	1407
485	1295
473	1275
515	1166
541	1239
480	1181
645	1068
627	1324
903	1330
912	1297
850	1194
909	1266
997	1207
1265	1363
1286	1457
1263	1315
1251	1416
1655	1255
1982	1301
2315	1214
2551	1316
2492	1525
2891	1566
3205	1614
3396	1368
3295	1425
3289	1355
3263	1054
3471	1368
3260	1350
3099	1359
2940	1325
2800	1243
2388	1345
2290	1178
2099	1050
2038	1146
2049	1321
1885	1147
1827	1269
1593	1139
1891	1155
1835	1099
1524	1036
1146	1338
1084	1274
1222	1288
1367	1294
965	1258
689	981
567	1172
556	1257
576	1363
628	1381
627	1460
567	1025
571	1213
648	1175
646	1036
580	1051
537	1055
478	1252
461	1155
445	1150
484	1334
433	1314
499	1018
466	1099
512	1113
524	1210
504	1244
480	1180
528	1101
545	1053
460	1466
527	1277
528	1152
551	1278
599	1310
513	1363
493	1153
512	1261
539	1230
528	1135
481	1212
517	1089
454	1151
543	1083
481	1431
558	1376
534	1230
498	1331
581	1398
571	1375
475	1424
570	1278
588	1369
598	1278
534	1143
527	1131
581	1220
534	1204
568	1293
604	1264
602	1572
613	1767
621	1547
723	1615
753	1451
732	1294
630	1163
651	1219
729	1205
812	1089
840	1275
817	1114
761	1202
860	1490
1035	1467
1021	1300
966	1481
1090	1355
1210	1498
1226	1152
1401	1129
1448	1230
1448	1262
1406	1442
1234	1216
1090	1181
1058	1177
1078	1133
903	1203
838	1382
710	1286
729	1266
788	1452
691	1227
649	1176
679	1359
560	1163
610	1194
530	1106
558	1205
554	1206
491	1144
521	1154
532	962
591	1203
424	1333
564	1226
563	1472
524	1379
509	1423
543	1509
485	1538
472	1421
540	1374
502	1362
535	1355
512	1326
467	1331
458	1436
472	1296
489	1215
492	1206
456	1006
456	1003
485	1123
490	1025
451	1030
532	1045
452	1074
438	1019
472	1068
529	1042
464	1035
414	1073
374	1218
457	1109
391	1094
433	1215
419	1257
429	1074
432	1061
393	1084
475	1009
424	1149
456	1120
446	1224
428	1202
418	1284
433	1164
418	1102
441	940
427	982
407	1026
464	1158
427	1129
454	1198
464	1149
435	1189
397	1347
429	1475
442	1341
370	1180
511	1236
449	1077
435	1101
407	1103
426	1059
438	1160
395	1102
405	1012
393	1048
400	1136
424	1133
467	1364
417	1217
400	1136
404	1179
476	1249
443	1087
456	1180
479	1347
484	1467
480	1308
538	1274
495	1450
424	1064
453	1240
496	1246
492	989
477	1314
499	1267
439	1367
425	1104
447	1112
467	1046
525	1106
500	1306
498	1091
496	1146
498	1234
588	1211
491	1223
500	1043
540	1137
497	1243
526	1235
519	1106
462	1217
422	1147
505	1422
501	1404
456	1211
405	1152
407	1132
454	1112
419	1078
407	1180
433	1248
468	1642
424	1284
433	1493
464	1362
468	1567
411	1386
433	1152
396	1126
401	1052
413	1187
426	1250
400	1267
402	1352
395	1337
396	1326
410	1131
430	1454
432	1354
374	1196
378	1355
354	1272
355	1286
382	1132
424	1277
421	1210
401	1156
464	1099
419	983
387	969
424	1199
335	1101
402	1294
397	1239
402	1248
364	1126
427	1269
420	1072
388	1243
397	1177
432	1259
368	1020
400	1276
401	1055
382	1085
348	1052
402	1002
378	962
418	1021
422	1025
407	1003
426	946
441	982
422	1103
459	1116
385	1106
403	1166
416	1202
434	1212
427	1223
453	1147
430	1205
440	1181
527	1094
489	1354
434	1291
452	1393
461	1244
380	1095
452	1155
506	1000
485	1075
476	1288
480	1137
408	1067
438	957
409	1180
446	1175
427	1286
367	1204
450	1288
447	1238
471	1328
427	1115
417	1116
470	1113
417	1280
413	1056
404	1259
379	1322
404	1191
396	1021
453	1152
399	1122
385	1139
393	1099
353	1034
389	976
368	893
437	1122
430	1151
486	1074
396	1058
447	1093
402	1007
462	1101
414	1150
449	1094
479	1118
432	1094
454	1169
378	1142
397	1226
367	1148
404	1024
433	1187
393	911
416	1056
380	1157
421	1172
435	1082
442	1062
441	1134
438	1073
393	1081
403	1280
423	1078
423	1396
393	1406
412	1117
450	1195
398	1219
429	977
475	1075
466	1186
457	1304
471	1203
431	1235
421	1307
464	1179
454	1107
536	1166
448	1337
501	1235
387	1135
432	1284
386	1220
414	1170
399	1099
469	1343
481	1127
436	1216
411	1235
437	1160
456	1242
532	1197
449	1216
497	1041
492	1255
396	1182
397	1244
407	1313
395	1195
411	1088
435	1218
418	1599
447	1561
399	1672
411	1262
475	1186
444	1164
469	1360
474	1391
435	1337
439	1164
340	1151
423	1099
457	1116
455	1025
394	1081
339	1290
412	1242
449	1174
379	1364
441	1237
421	1188
442	1004
405	1200
415	1258
403	1137
366	997
393	1186
395	1093
410	1161
438	1194
434	1065
424	1234
440	1139
413	1142
383	1049
429	1126
420	1220
436	1339
345	1175
400	1131
364	1185
369	1122
362	1385
397	1212
403	1142
373	1112
414	1099
394	1147
435	1149
493	1035
467	1245
470	1302
441	1191
430	1179
437	1245
386	1026
436	1195
446	1076
429	1264
361	1074
442	1223
454	1006
499	1099
427	1008
444	1167
477	1251
440	1156
449	1123
460	1119
471	1093
470	1290
421	1310
524	1112
466	1045
446	1109
518	1158
500	1006
474	1083
506	1085
548	1088
484	1228
539	1300
506	1089
569	1082
520	1084
513	1140
569	1045
555	1218
581	1217
503	1196
507	1314
593	1250
493	1382
554	1449
572	1277
556	1265
512	1416
552	1093
569	1364
579	1348
598	1112
596	1223
559	1186
655	1219
620	1216
634	1191
597	1409
615	1251
605	1227
594	1006
625	1048
620	1169
586	1066
583	1038
624	1015
711	1198
683	1231
615	1181
697	1441
714	1315
672	1220
752	1142
679	1115
673	1003
697	1179
766	1332
756	1487
644	1292
678	1023
666	1352
660	1371
648	1350
638	1449
619	1325
645	1237
683	1372
725	1267
666	1316
748	1374
780	1409
770	1192
839	1324
881	1300
981	1261
962	1329
962	1428
933	1458
916	1624
967	1494
862	1433
789	1704
821	1302
793	1296
696	1115
710	1090
656	1191
632	1197
677	1127
607	1337
690	1211
785	1174
829	1112
768	1201
846	1207
891	1352
917	1153
955	1215
965	1144
935	1006
954	1169
832	1133
808	1140
759	1163
673	1120
735	1229
683	1134
730	1232
627	1140
663	1256
665	1151
702	1114
720	1301
741	1141
810	991
779	1029
842	1092
824	1059
886	1184
872	1018
897	1085
821	1059
733	1138
708	1210
651	1172
735	1050
706	926
702	996
711	1305
709	1287
677	1382
647	1247
683	1075
649	1129
666	1287
647	1214
663	1081
666	1156
728	1124
591	1086
652	1131
622	980
642	1084
655	1088
634	1102
547	1230
576	1092
577	1346
592	1489
602	1294
521	1336
536	1216
596	1201
561	1124
631	1196
550	1198
569	1025
564	1003
548	1036
527	1101
558	999
550	1140
498	1195
590	1189
554	1355
554	1290
540	1164
538	1258
556	1228
556	1311
510	1223
483	1136
485	1096
517	1254
480	1250
523	1415
493	1422
539	1336
463	1256
511	1215
499	1208
490	1227
406	1279
438	1306
460	1368
477	1232
512	1203
505	1209
431	1252
476	1292
489	1383
486	1418
532	1564
513	1341
462	1321
497	1365
475	1329
480	1227
456	1234
402	1103
411	1167
441	1162
447	1181
455	1264
490	1249
460	1283
436	1318
459	1327
501	1168
458	1222
460	1195
432	1190
