481	1352
536	1069
499	1020
480	990
500	978
539	1011
545	1254
525	1064
539	906
520	956
484	856
508	1019
499	1081
482	895
449	848
470	903
436	797
417	997
431	1052
402	1106
413	1041
419	967
449	928
427	810
399	886
424	830
415	938
421	805
415	919
457	1079
483	978
485	1213
515	1163
487	1072
448	953
559	896
533	980
538	1016
572	947
523	881
500	1107
521	1096
537	1107
540	954
500	961
484	932
536	978
499	1122
501	1030
487	939
490	912
533	1038
568	1091
586	994
483	1048
555	946
519	1106
581	1169
604	904
574	1068
537	1284
563	1292
576	1261
511	1251
547	1164
552	884
525	977
452	803
526	814
466	858
460	1005
551	966
592	894
474	855
440	1043
438	976
450	905
457	845
430	981
480	912
459	918
471	900
445	1075
441	976
461	1070
466	803
450	731
429	830
484	658
518	806
477	937
405	1026
427	1122
442	911
475	864
436	825
435	935
477	1019
450	952
458	838
463	805
461	989
462	968
511	1016
550	1089
487	1021
525	919
554	980
595	924
667	892
759	858
684	1077
651	1060
648	879
712	822
619	911
682	970
714	810
753	932
738	923
817	908
807	973
763	1017
805	970
938	890
889	1127
932	1116
861	997
908	924
778	886
941	1164
911	1215
866	1021
897	1019
894	921
1001	900
973	860
1029	817
955	829
1092	947
1207	1012
1187	926
1164	864
1146	877
1351	835
1431	999
1500	1161
1504	961
1435	861
1318	748
1409	836
1319	973
1281	948
1168	1028
1227	985
1246	1231
1315	1011
1319	982
1281	1024
1305	1177
1368	1085
1263	967
1288	935
1349	903
1385	935
1527	911
1424	881
1418	874
1410	941
1405	809
1512	916
1417	931
1494	949
1397	938
1262	940
1305	995
1280	1035
1294	903
1222	811
1218	945
1147	934
1098	915
1064	964
958	1056
1108	967
1229	970
1099	977
997	986
965	998
977	976
979	982
909	899
853	729
872	778
846	729
842	847
821	1117
850	1022
712	1182
744	996
693	1146
729	1296
688	1013
693	1090
633	1163
649	889
665	904
682	832
689	912
626	986
564	888
592	969
500	1093
521	1020
490	1173
551	1099
507	1157
554	1267
499	1006
471	1133
493	1191
508	1056
511	1104
431	1255
421	961
434	992
445	1132
455	1092
451	905
481	1010
464	1066
423	988
396	1000
403	910
381	985
373	854
419	905
473	888
416	836
474	967
445	1050
403	945
456	817
422	919
407	1061
385	1001
378	1010
409	1021
388	1115
327	940
384	1102
447	1083
468	836
397	832
414	864
449	799
428	969
366	1104
369	1021
411	954
417	940
378	926
380	1010
374	828
387	832
360	991
377	807
383	753
373	868
383	798
410	846
414	925
456	840
393	1167
399	1005
400	945
359	941
365	749
391	875
366	629
335	869
391	1038
407	901
354	827
417	1146
406	969
383	896
387	861
431	896
397	797
395	680
404	695
374	829
378	949
368	1098
366	950
354	931
448	1008
356	1041
457	1075
424	1033
441	947
440	1217
468	1170
410	986
409	1237
380	1116
423	1199
395	1219
356	1084
399	974
398	1036
359	1122
357	1105
406	1117
459	1053
382	1044
345	1158
374	1095
433	991
398	901
375	996
377	1183
363	1308
386	1045
386	1048
395	1015
362	1188
439	1197
421	1084
428	1101
444	1006
426	1218
399	1154
344	1004
372	1133
387	973
370	794
344	1014
382	940
362	964
386	939
424	1076
437	923
411	963
411	1078
369	923
401	943
351	1016
424	865
449	967
421	839
391	813
463	882
412	835
464	701
456	646
423	780
436	772
538	867
480	838
537	803
577	1052
552	954
544	987
578	917
602	873
509	922
555	832
576	1013
650	934
726	923
709	985
745	926
814	870
931	800
1035	914
983	783
977	815
1011	837
949	796
1088	841
1126	900
1061	897
1189	831
1276	901
1180	830
1118	793
1053	792
1042	841
1056	867
1108	800
1276	1000
1282	978
1425	917
1620	990
1763	1142
2016	913
1962	881
2124	909
1949	1068
1796	1024
1574	845
1483	785
1327	1000
1253	1076
1137	828
1099	1115
1004	1056
900	943
930	1157
913	1022
886	952
930	1070
951	990
1210	951
1396	665
1668	745
1676	794
1681	868
1575	1061
1449	1206
1346	1049
1197	943
1134	1148
952	1011
1016	979
915	983
806	1071
787	810
845	919
902	1145
910	982
1018	886
974	1211
1073	1226
1103	1089
1049	1070
910	1192
924	989
876	898
839	814
803	1009
737	1145
619	1032
654	1060
661	962
594	980
565	853
535	1003
562	1316
543	1179
539	930
538	1383
461	1275
517	1252
480	1037
475	1235
403	1040
468	1279
452	1054
408	892
405	897
448	1050
386	834
448	896
362	1025
430	1047
406	990
441	946
394	1032
435	856
416	812
401	870
444	789
403	1009
411	897
391	830
386	1026
399	1081
392	1127
405	1086
442	1028
473	961
427	879
419	938
468	991
404	1032
438	990
374	988
443	996
454	873
517	872
431	964
385	1198
362	974
392	862
369	969
404	1063
366	1012
350	1181
400	1149
376	868
380	923
343	948
375	892
358	824
354	1072
330	1104
377	998
389	1131
351	1073
384	1221
380	1358
352	1018
418	908
404	931
374	891
438	833
350	916
414	970
381	958
387	914
392	875
335	878
371	1054
360	1180
407	1333
382	1133
365	1079
362	1027
385	1171
369	845
353	854
351	820
346	865
338	870
352	1038
421	960
362	849
329	780
355	1029
371	947
348	1049
354	860
446	862
353	975
347	988
396	944
386	951
395	894
403	923
371	1054
411	1013
410	868
377	979
373	902
388	892
381	928
457	875
396	834
453	891
447	836
497	953
569	1001
513	980
543	772
552	1056
582	933
645	1051
727	978
658	849
773	739
845	892
853	1061
914	939
765	818
805	878
1005	812
1679	835
2042	926
1887	994
1783	1023
1973	954
2734	921
3233	989
3261	1192
3286	1107
3441	1143
3932	1295
3958	1289
3928	1381
3755	1135
3679	1280
3544	1456
3060	1541
2941	1292
2681	1286
2433	1308
2097	1410
1690	1156
1387	1137
1553	1034
2092	1068
1903	1174
1639	1211
1389	947
1561	1040
1616	1171
1556	1133
1391	1041
1107	766
991	780
921	777
809	920
741	833
614	1161
603	1081
689	1263
655	954
662	878
520	889
559	888
549	868
532	858
472	973
419	793
406	770
449	800
420	844
445	844
386	963
381	1025
398	977
361	852
412	887
369	797
368	885
425	852
395	890
414	843
392	933
372	920
389	937
431	839
367	882
387	894
386	888
450	945
360	902
357	921
395	823
381	1064
417	891
412	976
343	1022
341	1088
404	985
389	1015
407	1112
386	1043
425	1092
413	1107
373	932
377	857
420	929
411	968
405	1095
372	901
362	915
374	942
357	965
317	1004
355	1055
340	984
381	1047
432	1120
395	1124
437	1037
367	1014
375	1078
367	1077
351	997
367	815
337	877
343	902
320	989
334	926
330	956
384	1174
354	880
351	850
337	844
325	907
341	907
414	902
362	1001
344	901
380	1015
342	928
331	1048
366	1160
360	1054
366	1006
343	935
341	1009
368	892
325	954
329	923
396	695
368	764
322	694
382	653
386	730
372	814
345	813
356	760
316	859
364	846
353	956
461	917
419	856
406	1038
378	901
403	1024
392	1034
388	1046
395	1040
384	1031
381	1126
374	1097
415	1126
451	1115
397	1156
447	1007
459	989
458	1165
452	1081
449	996
439	1125
392	1063
433	1085
425	1098
404	1037
409	896
438	975
417	1143
464	1180
408	1274
365	1475
359	1235
406	1118
376	1103
386	1106
401	1090
418	1052
406	1106
402	1239
356	1158
413	897
416	964
386	895
372	1034
386	970
362	989
385	926
386	940
406	955
391	851
388	775
471	829
363	880
363	887
374	783
382	1000
469	1056
366	923
337	954
380	1070
350	858
353	885
371	828
391	715
322	903
359	849
396	933
346	939
386	900
377	1068
411	1186
409	1059
416	1174
464	1022
427	867
457	1160
401	1053
363	811
367	928
371	831
407	785
363	850
388	861
439	983
434	958
387	850
388	888
403	888
413	940
474	933
395	1026
424	990
504	831
464	951
465	889
442	1026
459	1094
373	1136
404	1111
415	1030
399	1016
451	1032
388	784
429	1030
413	1071
405	1004
399	1132
405	955
441	933
439	1008
425	1162
388	1135
398	1216
405	1153
398	1078
397	1107
395	1093
430	983
394	1095
423	994
390	1205
395	857
432	956
423	946
400	1001
438	929
396	1063
478	914
406	1063
401	828
384	1007
419	995
447	924
485	1013
430	952
501	984
565	1276
679	1104
659	959
620	841
615	1043
721	931
957	928
905	919
806	1063
717	1054
1175	1034
2321	891
3044	991
2901	837
2583	857
2124	892
2263	800
2208	707
2083	952
1959	889
2042	991
2232	1164
2138	976
2261	870
2409	1107
2529	1106
1885	1088
1309	1128
1387	1142
1723	1042
1648	990
1158	862
947	921
851	823
948	985
991	1049
940	965
825	886
714	1080
740	1051
722	904
758	1001
485	900
512	857
453	1012
432	999
452	838
436	913
444	796
439	990
447	992
454	885
449	991
439	916
441	802
410	742
439	870
437	971
413	981
437	821
435	804
448	828
417	948
412	992
454	871
452	1194
417	1050
444	1306
434	1205
415	1071
392	1141
427	1145
465	1121
421	851
423	815
417	904
413	807
466	824
433	919
485	994
405	923
489	869
496	974
448	904
504	829
515	781
548	793
502	990
489	1009
415	955
517	1107
400	825
427	812
443	835
401	855
444	963
506	910
502	945
513	988
518	1070
492	1111
481	1129
539	920
492	907
464	812
490	846
589	849
558	792
574	1016
544	870
554	875
567	1107
551	1002
571	942
542	999
577	1027
632	900
671	1008
628	943
591	926
637	886
616	827
586	879
621	1043
577	812
580	986
553	911
578	889
599	918
598	846
608	886
561	865
615	785
567	1023
588	1090
578	920
564	962
539	1189
480	989
548	1053
520	926
538	921
471	741
480	857
457	1086
473	1030
521	1010
516	982
527	1025
526	893
495	1056
458	976
484	998
512	1088
491	1011
517	942
491	945
530	970
489	858
480	907
444	998
479	856
532	983
577	988
486	1004
504	842
510	959
449	939
484	892
468	895
470	861
483	899
460	766
483	1017
482	963
471	954
497	881
521	962
483	951
482	1033
495	933
512	1003
568	1074
485	1059
517	1369
522	1356
463	1299
465	1191
493	978
480	1023
530	883
509	843
544	874
498	889
471	758
483	869
474	862
488	1000
503	988
554	949
495	916
504	931
565	835
553	803
562	793
506	927
544	936
519	865
515	894
494	777
564	805
467	855
520	904
517	1025
542	859
505	1038
535	874
509	788
459	753
488	866
478	624
504	722
505	647
528	690
511	658
397	621
464	886
508	862
499	833
481	1033
486	1030
500	1153
480	1116
521	1164
468	1068
479	1053
506	935
475	1027
467	953
469	928
464	1006
519	1262
496	1321
480	1035
471	1066
462	1012
498	1034
493	1037
456	898
458	1006
428	1003
466	1059
523	1035
459	1141
462	1490
489	1298
466	1032
519	1189
532	1179
438	1140
475	1150
488	1133
487	827
543	878
498	872
496	1088
450	1005
482	1045
475	1028
458	989
476	825
461	1075
448	1112
471	1065
396	908
407	1090
455	1012
461	1174
439	1098
446	1245
441	1044
419	1063
470	1058
418	1036
423	1228
441	1244
405	898
504	1128
474	1188
455	940
423	874
416	1021
422	929
397	1076
444	1083
408	937
449	1046
458	918
485	897
499	862
455	909
494	984
491	1082
483	1470
447	1457
445	1178
470	1042
458	1025
400	1232
460	1246
419	1080
434	1041
436	1076
418	1098
470	1140
480	1020
469	904
463	995
488	929
451	1058
362	925
413	871
429	978
470	957
443	803
451	856
414	751
441	905
484	949
457	1015
449	1025
469	1134
431	1111
475	951
499	1151
429	1252
413	1112
443	1170
469	1037
428	991
441	1053
486	946
450	1057
441	1043
442	1065
404	1068
407	972
392	1014
413	1029
422	993
426	1182
436	1037
416	1082
424	873
450	833
425	797
452	933
455	895
465	931
483	1060
417	1256
462	1111
467	970
469	927
442	860
444	957
453	991
441	893
437	763
454	1026
422	930
419	1101
423	1150
438	1239
414	911
451	815
432	854
445	967
415	857
404	998
401	967
412	854
429	967
449	818
400	827
491	1111
480	991
491	1072
493	820
489	800
400	911
426	966
454	902
479	925
423	1150
406	1199
454	1234
420	1104
450	1059
384	995
341	1000
396	1069
432	1068
431	995
489	823
464	752
442	858
434	804
400	914
411	815
454	832
444	772
455	773
415	899
455	944
502	942
501	989
422	925
455	928
472	874
453	977
414	903
418	959
456	937
495	910
514	996
525	1139
456	1110
453	1050
437	1057
459	1055
455	1168
455	926
416	1084
498	1085
401	1163
441	1228
491	1203
512	1009
450	1067
460	1023
460	1145
500	1207
444	1325
442	1284
520	1121
434	1052
449	1118
460	1126
434	1052
469	918
460	868
398	920
476	987
429	958
433	892
407	1004
427	1001
414	787
428	969
420	1051
375	1112
462	1151
461	1237
453	1220
447	1197
419	1136
438	1276
419	1066
435	884
480	819
465	950
400	991
392	1004
489	928
462	973
409	1171
477	1209
422	1191
441	1149
434	1031
436	1156
441	954
401	1024
450	954
467	884
477	1090
413	1222
453	1157
471	1078
428	916
461	1114
460	1176
440	1252
453	1140
413	1092
462	1254
430	1055
504	1161
500	1361
447	1322
470	1253
440	1416
523	1211
489	1068
515	926
484	842
420	900
450	1027
476	942
460	953
464	1000
463	1086
424	1118
412	1104
389	1080
410	888
381	988
425	976
429	1005
385	863
450	838
467	864
401	921
422	975
422	975
450	877
426	905
436	953
381	915
433	820
429	1042
350	932
429	876
385	942
406	834
377	792
374	765
412	785
408	933
408	966
409	1062
407	1321
446	1051
423	1130
370	1121
390	1040
413	1191
450	1173
423	1214
376	1064
429	1160
436	1037
425	1102
397	1230
446	1062
389	960
461	994
417	914
388	1034
428	893
341	830
367	905
379	914
359	927
377	1008
348	885
382	976
374	1020
406	1070
380	998
391	1036
388	950
396	833
398	802
395	939
372	881
403	918
402	1039
352	882
405	879
396	782
382	765
376	953
365	1268
415	1179
397	1072
403	1070
363	1165
423	1000
426	1071
370	1183
422	1228
421	1093
429	957
471	749
371	852
372	1010
405	984
356	877
400	1070
354	1013
405	1092
399	996
408	903
384	1000
406	991
383	940
403	1118
441	1086
378	1034
365	983
377	928
414	1048
368	1246
420	1112
389	1151
419	1088
400	1239
446	1097
397	1033
422	880
413	1186
450	1103
475	1184
508	1388
442	1220
464	1088
441	1222
446	1164
444	1035
435	993
447	920
472	1052
491	881
461	1141
502	927
410	891
468	966
480	1068
478	1131
461	979
441	1066
467	1085
492	911
480	797
467	811
458	904
481	817
403	808
429	830
496	751
464	1041
498	915
533	875
564	899
588	952
595	837
575	967
553	892
535	787
559	893
564	1043
588	1063
538	1374
476	1228
537	1160
548	1193
482	1129
501	906
419	1129
468	1095
407	840
475	1102
458	971
475	1004
491	897
472	867
384	861
435	858
400	839
421	794
414	846
460	999
407	819
346	921
406	1165
428	1136
424	1100
408	1079
401	1073
463	1048
358	1077
410	895
400	1001
421	997
435	1062
356	1000
464	1059
437	1003
431	1022
467	919
436	942
441	842
427	895
392	1148
432	1171
398	1136
399	995
343	1023
375	859
422	964
401	1161
438	1065
436	865
447	1111
442	1181
435	989
467	1026
469	1021
488	1097
449	1220
534	1355
518	1274
483	1256
528	1221
528	1126
476	1180
476	1041
483	893
451	1108
491	987
500	1115
390	1039
387	1201
466	1115
397	986
395	1002
446	1094
442	1149
410	1141
407	967
405	953
421	976
398	1013
417	1205
403	1002
381	973
440	856
439	1122
454	1082
437	951
439	1015
458	942
522	1174
493	1126
486	1119
457	1080
455	1141
408	1052
422	991
424	926
430	886
457	945
407	892
388	915
400	908
422	906
447	1076
447	925
516	852
428	958
446	1116
436	1178
461	1338
473	1221
485	1075
427	1152
429	1320
401	1201
463	1105
458	1128
464	1035
445	896
440	882
388	1052
394	1240
488	992
514	1028
461	1089
449	1002
425	1028
420	926
402	950
408	1083
365	916
417	1035
397	1090
384	1003
383	1018
390	996
346	1060
381	1055
337	987
396	1016
387	892
334	1065
401	1150
405	1204
370	992
404	1078
394	1028
363	893
396	950
380	977
326	956
385	857
381	949
358	885
405	1056
409	1046
400	1019
435	1165
377	998
368	1102
394	1084
356	1024
383	958
360	969
376	1024
379	1099
394	966
366	1029
365	986
377	1017
365	989
354	952
365	886
395	1151
349	1145
371	1142
368	1252
372	1132
394	1355
390	1094
405	1003
359	1197
372	1245
424	1217
346	1094
378	949
353	1054
371	1092
352	959
328	1016
397	965
374	868
375	1052
418	1287
432	1114
435	868
389	969
408	1030
395	1077
333	1115
398	974
369	1142
434	1245
431	1099
394	1109
380	1104
409	1016
457	1079
408	1181
403	1115
422	1275
409	1428
412	1088
374	1123
429	997
393	1166
394	1185
370	1144
374	1559
354	1249
319	983
343	865
301	961
381	847
372	1006
365	856
359	976
380	960
354	887
382	973
417	1115
330	1062
402	1012
364	1052
332	1021
405	1032
355	1041
392	969
387	963
421	1052
389	1040
359	1159
438	995
396	1038
457	1016
423	919
362	1137
360	1263
340	1109
339	1028
353	996
375	1306
327	1460
368	1331
413	1104
359	1013
375	1160
359	1270
401	1256
366	1124
340	1154
371	1039
431	1136
400	1095
366	1101
387	1032
389	874
365	900
411	912
393	934
371	932
384	1003
389	926
419	951
413	1023
363	853
482	815
388	935
421	911
419	867
363	860
378	900
400	1131
453	1329
387	1177
395	1223
368	1015
353	853
349	965
340	960
386	1071
355	1220
373	1105
371	1389
345	1308
383	1020
395	1106
380	1008
387	1102
338	806
374	899
335	1025
377	970
397	819
362	862
365	1185
419	1336
389	1050
383	1108
393	1014
368	1027
397	964
399	1038
426	907
367	848
382	1074
401	1149
424	1279
407	1075
367	1065
409	1056
405	939
384	1026
386	1049
444	1081
418	1119
418	963
408	1096
444	1147
363	908
400	926
417	962
375	1032
369	805
458	954
473	947
461	976
471	1043
420	949
421	1034
402	1110
496	1068
475	1134
478	1162
430	1201
463	1243
471	1050
449	1074
469	942
445	1069
433	1138
448	1022
410	1102
414	1199
471	970
467	973
443	1070
511	976
470	973
445	922
486	1017
570	942
482	863
443	928
439	1033
528	1143
455	963
523	1142
458	1129
458	1121
509	1073
459	992
444	991
529	1165
497	964
531	955
500	963
527	887
553	954
527	991
536	867
566	952
525	930
514	925
523	1112
522	1010
586	999
589	923
548	1012
588	1002
550	943
590	1056
605	962
608	1066
560	1075
555	1062
642	987
672	912
599	1072
650	906
574	1033
658	983
709	1065
798	924
871	920
803	994
849	844
1085	928
1577	999
1374	894
1112	1003
1160	1049
1887	1081
2314	1309
2216	986
2177	1017
2379	1221
2883	1041
3288	997
3656	1001
3361	912
3310	1038
3657	1066
3690	857
3549	1008
3465	1028
3198	1038
3333	798
3129	825
2868	786
3113	1033
3471	1078
3681	1018
3176	1012
2632	976
2709	866
2561	1073
2439	1090
2266	1166
2272	1129
2151	1001
2122	1124
2223	1112
2392	1096
2681	1155
2802	1087
2820	961
2737	952
2784	1029
3233	1028
3361	853
3375	945
3226	967
3456	777
3724	959
4102	981
3982	944
3846	995
3981	1040
4296	1060
4563	931
4814	1006
4493	976
4405	923
4579	897
5132	1005
5527	1021
5180	1029
5065	908
5667	919
6368	809
6756	972
6563	1086
6485	1200
6459	1122
6984	1079
7159	915
6884	927
6776	978
6553	982
5688	879
5262	930
4997	910
5028	1003
5000	1198
4975	922
4557	867
4508	1093
4616	1148
4529	1097
4184	978
3636	871
3039	909
3420	1036
3486	1170
3057	1068
2335	1077
1641	969
1603	929
1611	1077
1499	1006
1334	1156
1171	1026
1187	1035
1332	1084
1271	1102
1022	1055
693	1226
671	1050
665	1012
635	896
566	796
431	1075
415	1063
430	870
433	855
392	847
436	996
421	955
401	1089
395	1003
389	999
422	1136
390	1190
416	1196
457	1103
473	1090
438	1060
400	1203
404	1234
414	1080
376	1041
420	1114
411	1154
374	1158
438	1075
412	1045
457	1169
389	1102
343	1087
399	1139
419	1226
419	1183
357	1013
412	1209
403	1096
382	1172
359	1097
332	918
376	1012
357	1139
402	1049
369	905
358	1137
339	1121
389	937
406	1020
403	913
397	962
386	964
343	946
354	941
414	992
411	1065
370	1091
405	910
396	872
419	1004
403	962
442	993
436	1082
391	1245
429	1335
450	1166
435	998
409	1158
389	1037
423	1266
443	1136
449	1195
506	1131
545	983
515	1001
480	1013
509	1002
651	1184
763	1205
689	1263
745	1028
822	861
1278	861
1540	1174
1594	1153
1501	922
1309	1018
1265	1317
1532	1150
1435	1058
1339	919
1366	1011
1363	947
1425	998
1499	1057
1770	1121
1892	1014
1918	1182
1883	1095
1728	878
1697	854
1615	1042
1481	1101
1296	1065
1193	1115
1155	948
1220	1031
1075	952
1152	979
875	1015
784	1027
895	934
969	830
903	895
747	867
627	826
619	833
604	928
545	895
479	959
468	829
447	977
519	874
358	1005
430	981
452	974
400	1074
432	984
410	895
368	809
406	944
428	927
424	817
345	863
340	957
413	1151
423	1018
409	1170
356	986
387	1237
418	1035
397	1201
377	1161
412	1202
414	1034
342	1060
379	1139
377	899
391	1161
394	948
408	1144
421	1375
388	982
357	995
389	1007
324	953
371	1119
394	1101
388	900
406	913
404	943
353	1009
336	1269
357	1073
386	1250
402	1134
341	1115
379	1055
335	1083
400	1005
352	1058
427	1208
376	1244
392	1024
388	1137
417	1095
410	926
412	1015
434	958
415	1050
396	1010
452	1060
473	1269
461	1098
494	1187
431	1224
466	1172
524	1140
458	1183
428	1066
507	1057
440	903
440	931
444	990
505	877
428	907
424	1039
469	847
388	988
409	1075
369	1152
393	1174
428	953
362	938
403	1003
395	1117
413	1018
390	877
420	1101
402	1031
417	1018
443	784
397	895
426	1030
424	1056
398	966
397	864
384	875
403	1085
408	1095
393	1207
391	1144
436	1229
423	1034
434	1047
386	1218
391	1134
435	1350
483	1086
474	1235
511	1252
455	1169
449	983
439	858
429	948
387	926
423	975
377	1088
409	1040
399	1112
396	1077
369	1129
434	1183
417	1084
404	1085
470	1047
410	1082
435	1100
400	1183
401	1177
471	1108
437	1014
523	991
460	992
399	1172
429	1130
409	850
475	1005
442	928
450	1100
450	1115
409	938
439	1089
409	1054
468	998
409	937
429	1006
462	1048
409	1025
455	1070
451	1134
436	1167
441	1043
412	1043
420	1168
445	964
420	956
426	1093
379	915
435	1029
386	1133
437	1157
474	895
467	1030
478	887
452	994
436	734
451	776
515	881
536	965
571	1061
529	1006
502	919
433	812
502	801
456	860
495	844
524	922
454	940
527	951
495	948
447	1037
491	1100
439	1000
424	964
460	959
543	1078
488	850
486	1027
456	932
496	1040
502	1102
463	895
528	996
492	1053
508	1033
479	1271
525	1124
580	1246
542	1139
507	1019
517	1115
507	1141
545	1273
449	1200
518	1279
496	1207
533	1304
556	1026
518	1148
520	1139
551	1157
544	1021
539	1064
523	1001
532	1165
534	1398
581	924
575	1081
584	991
507	980
484	1037
540	949
542	985
511	1074
592	1036
583	1116
618	1123
526	995
553	1130
545	1074
528	1110
641	1258
574	1131
576	1341
559	1229
544	1245
537	989
522	1075
493	1194
487	900
473	888
504	855
567	1084
587	1060
587	1096
566	858
568	816
552	819
577	901
600	940
582	997
610	987
570	1085
577	1025
583	1095
583	973
555	1112
549	1128
593	1099
484	1029
445	1032
549	1066
523	1134
489	958
500	901
511	1154
516	1169
502	1154
492	1350
499	1210
506	1131
474	1139
426	1036
433	1075
442	1140
445	1070
430	1107
401	916
480	1121
401	1099
369	1010
411	920
388	752
371	921
396	1002
388	960
402	932
412	1151
388	1020
370	1161
442	1087
439	1221
413	1179
385	1073
435	1048
441	950
387	935
392	1074
443	1155
396	1141
416	1111
393	983
405	890
397	1162
358	1207
357	1276
422	1282
413	1089
384	1298
391	995
463	1024
425	1158
376	1399
383	1187
346	1312
323	1282
408	1143
439	977
363	1090
373	1108
337	1126
375	1245
408	1293
396	1230
332	1205
380	1185
345	1033
387	979
391	951
343	968
406	904
414	969
396	1009
421	1345
415	1127
405	1188
417	1058
371	968
454	1001
418	1206
379	962
432	957
396	1162
388	1116
402	1080
396	967
401	1087
369	939
408	833
409	858
463	906
428	804
395	841
399	953
387	964
379	938
373	1050
371	886
417	911
399	947
401	999
411	1201
411	1004
415	1072
474	968
402	1145
372	1038
391	1098
428	1092
434	920
402	1125
378	997
408	1152
412	1001
427	938
441	1121
396	1128
382	1046
429	1040
436	1026
380	1126
427	915
409	976
400	984
419	1003
369	987
399	827
457	987
430	1021
403	934
398	964
345	893
430	927
450	952
517	941
463	983
428	1009
460	915
454	1022
412	1050
428	1343
426	1389
442	1156
465	1221
421	1099
407	1175
450	1043
479	1110
480	1087
462	1117
482	974
495	1033
467	1061
447	949
486	1187
431	1332
455	1061
431	1159
398	1095
365	990
394	1098
392	1088
395	958
417	809
420	1066
387	1028
433	915
391	1051
383	945
408	872
373	852
371	988
433	1111
407	1084
414	972
409	1101
389	1083
413	1194
370	1187
383	944
426	1056
451	1047
379	976
362	915
399	889
354	1046
395	854
411	827
381	886
422	1019
399	946
397	912
437	1124
365	1095
410	1210
409	900
417	975
455	934
466	830
439	990
452	1074
402	1033
451	1210
400	1187
429	1175
437	1163
351	1251
422	1072
461	951
416	1068
441	1148
424	1018
411	964
442	1002
398	1065
443	1159
476	1178
444	1186
435	1071
481	979
380	1059
407	1125
427	1076
487	1284
466	1102
475	1099
445	1320
468	1160
456	1310
460	1066
460	1022
481	1167
480	1075
516	939
581	895
611	925
556	1078
548	1078
574	980
608	1003
741	1017
715	1047
737	859
705	892
698	1080
685	1095
745	941
722	1013
719	988
800	870
826	969
843	1252
737	912
806	877
881	983
850	929
668	1028
748	1016
782	1053
665	1045
735	1029
791	1011
718	916
704	1115
733	1078
702	1070
644	950
651	941
609	1105
636	1110
616	1084
671	993
680	903
619	1030
670	928
627	950
607	774
610	795
525	858
511	930
516	958
542	1125
485	1043
500	967
533	987
500	964
412	931
432	1022
480	1088
412	1114
467	1102
472	1233
489	1236
514	1281
428	1041
401	893
420	910
413	952
417	972
443	946
471	940
478	1026
404	1001
413	1168
445	909
458	1093
442	1311
459	934
409	1099
415	937
435	955
453	1147
466	1200
429	999
409	957
475	1098
460	1052
413	1031
484	1030
476	1072
391	1017
392	862
423	929
431	1125
380	1118
403	1131
380	1335
407	1319
410	1126
473	1145
412	1211
471	1145
434	1014
415	1166
460	1169
455	1040
439	1183
393	1101
425	830
456	1108
483	868
470	937
450	999
451	1005
510	1234
463	1029
499	1046
498	1015
504	1085
500	1129
509	1131
501	1007
469	1249
442	922
445	829
460	833
439	875
442	793
402	1011
450	831
434	924
461	832
420	974
458	895
413	989
452	1248
437	906
437	947
414	923
447	1080
446	815
442	1023
464	1139
406	1011
451	1139
454	893
448	909
494	1076
429	966
454	1027
426	1050
422	1014
416	1076
438	1011
438	952
427	913
450	847
448	1053
452	867
415	1045
497	1215
502	1223
510	1219
474	1171
458	1187
392	1269
386	1144
452	1181
382	1091
380	1183
414	1182
433	1146
420	1204
403	1084
398	984
469	949
465	1027
469	1005
432	807
391	888
436	1003
425	921
483	1080
454	881
432	871
458	1173
461	1080
467	1063
433	937
470	927
441	1134
415	1150
514	1227
456	1171
415	1229
482	1289
397	1272
407	1282
448	1225
425	1134
418	999
410	997
472	967
451	892
486	984
554	974
626	939
532	924
422	1056
504	1175
446	1000
410	883
444	851
362	842
375	962
406	986
456	928
472	1028
379	964
381	926
376	952
322	1120
368	933
396	1058
342	1069
384	1070
340	1110
393	1051
371	1122
347	1158
401	1081
438	984
370	1149
370	1010
342	1056
360	999
361	963
382	952
374	1072
401	1097
373	909
415	904
396	950
378	938
393	1001
403	855
371	915
352	976
375	886
379	955
338	972
370	899
419	998
387	1046
455	1230
445	1144
421	1018
398	1180
366	1058
424	972
429	884
356	828
389	865
351	783
366	723
397	850
382	851
407	816
416	967
413	1244
344	992
398	1039
417	1096
397	983
422	1047
393	927
459	944
423	998
427	1084
397	1040
386	948
374	948
398	895
384	768
352	747
400	813
424	875
432	805
429	1038
449	965
426	1054
448	1117
409	978
437	1030
433	994
462	1146
480	1057
428	981
461	822
446	676
442	722
454	870
450	1076
514	1043
518	995
443	1009
470	914
475	891
498	948
461	876
440	966
494	1058
509	1079
446	984
484	1030
507	976
441	1076
493	1300
561	1006
591	1099
612	1162
606	1257
612	1242
658	1109
649	1248
601	1290
554	1234
601	1151
615	1362
633	1347
562	1071
603	952
615	893
588	805
625	903
665	1109
671	1080
659	1099
668	1328
710	1265
757	1013
765	1194
803	1571
668	1429
768	1222
741	1109
670	1118
632	1163
651	946
683	922
618	1092
659	1076
663	1076
673	1222
712	1214
720	1218
833	1194
828	1118
850	1180
812	948
846	1058
810	908
864	917
819	1082
818	998
835	1095
796	977
766	998
740	1078
656	974
703	1004
743	1152
729	1018
772	1116
773	1198
889	1203
920	1103
911	1187
855	1203
851	1126
893	1110
837	1041
888	881
771	924
777	940
825	966
807	1157
736	1012
766	1004
736	1030
758	1043
729	938
740	1053
833	1095
749	1145
842	979
800	980
864	913
863	936
811	1246
864	1045
897	1256
903	1044
811	1106
752	1201
746	1096
713	1031
685	903
727	1254
608	1223
680	1073
662	1039
708	989
705	1032
666	896
729	1028
796	1121
743	1242
842	1029
789	1170
902	1189
851	1238
988	1315
1090	1034
1110	1015
1034	1184
1175	1037
1499	1065
1769	878
1644	850
1465	918
1577	878
1676	1006
2082	1027
2126	1073
2189	1090
2071	1182
2290	1332
2724	1452
3342	1501
3438	1297
3412	1350
3508	1465
3894	1373
4467	1607
4314	1336
4067	1322
3875	1268
3552	1269
3286	1312
2942	1402
2738	1469
2767	1216
3173	1052
3739	1077
4066	1018
4342	1111
4735	1120
4725	1223
4624	1279
4802	1207
5083	1132
5028	1209
4730	1198
3715	1130
3209	1323
3148	1226
3045	1212
2582	1201
2132	1135
1744	1083
1608	1081
1718	967
1718	1095
1588	1283
1252	1212
1184	1395
1260	1463
1267	1125
1045	1144
877	981
705	1104
632	1157
684	1344
698	1117
586	1051
452	959
586	1082
592	1021
550	1169
464	1154
527	1296
475	1039
499	1085
526	1155
483	1174
466	1294
482	1209
432	1118
423	1172
429	1277
355	1266
356	1034
440	1262
404	1242
434	939
406	1210
428	1153
374	1136
364	1034
393	1064
384	1001
365	1038
370	1113
438	1177
409	1042
367	1108
389	1110
414	1143
418	1173
354	1221
360	1190
379	1151
389	1260
372	1312
396	1252
423	1360
385	1109
409	1176
360	1375
402	1157
406	1442
431	1364
374	1078
392	1201
370	1140
415	1114
425	1190
383	1204
452	1117
453	1271
436	1107
379	863
438	1030
408	1042
374	1075
384	1212
391	949
415	861
389	976
417	1064
382	939
435	1083
420	932
422	976
397	965
421	884
412	1038
433	880
485	953
405	1052
439	1030
431	1175
392	962
436	1049
478	996
475	1022
519	1174
551	943
422	916
443	1030
506	970
515	1022
464	1031
525	990
477	961
426	970
423	935
424	1119
384	966
361	1144
376	1117
303	1008
383	1012
419	1224
386	1164
364	1087
332	1130
398	1045
366	1055
352	921
370	1011
360	1085
333	932
354	835
364	915
324	917
342	1045
345	1224
347	1003
379	988
370	839
342	887
336	1007
389	939
338	799
325	939
318	878
334	807
306	889
298	905
350	1021
316	1015
345	986
301	912
332	955
366	996
371	1038
345	941
361	822
343	859
313	898
288	844
356	955
370	1178
392	988
377	1105
429	1166
420	983
366	1052
391	1404
382	1220
425	1078
364	1027
332	1106
357	1205
350	1325
364	1345
361	1171
367	1314
361	1206
376	1229
362	1192
329	958
357	1260
375	1081
390	1067
354	1262
362	1435
399	1061
409	1110
355	1021
351	1203
378	996
349	1154
386	1122
375	1160
335	1075
317	1014
368	1020
370	984
376	1031
396	1036
354	877
393	1064
395	1043
406	951
322	1027
360	1036
388	1119
356	1053
380	1127
341	1050
288	1119
401	1126
411	1210
334	1017
388	1062
390	1151
412	1013
359	1190
351	947
400	1061
357	968
373	946
351	924
366	984
376	843
367	1030
368	1032
395	866
428	998
386	1034
433	1061
458	1121
405	980
455	941
445	1065
403	1037
443	945
430	1157
471	1051
448	1003
500	973
414	993
474	862
439	901
517	1077
459	1134
511	957
514	998
559	974
574	1066
604	1079
621	930
660	996
604	972
587	1172
661	1055
660	887
682	959
719	905
695	879
686	820
708	803
679	872
792	959
804	928
784	978
747	1016
757	999
832	981
873	1118
917	1201
945	1091
990	935
1126	958
1173	996
1122	1034
1105	962
1167	933
1145	912
1171	1000
1216	1162
1185	1014
1160	1035
1139	1005
1177	1121
1191	1167
1172	1182
1156	1347
1227	1130
1227	986
1304	1432
1317	1152
1460	1181
1501	1082
1447	932
1437	1002
1550	1050
1452	1014
1390	897
1514	1079
1424	1017
1406	1262
1275	1139
1224	1170
1122	963
1148	976
1112	1015
1100	1090
1121	1007
1057	1081
945	814
1080	901
1026	933
968	978
973	885
934	934
983	932
956	990
914	839
1004	876
891	934
913	825
867	741
870	757
831	837
819	967
784	1007
840	923
845	968
811	1093
768	1135
733	1038
743	1006
724	944
738	1144
765	1182
772	1260
742	1148
869	962
801	1000
814	1069
739	1115
808	1276
819	1050
819	1088
837	1214
865	1142
861	1114
839	1048
767	1091
785	1065
791	1147
877	1139
770	974
778	966
809	950
749	1157
809	935
821	1096
756	1164
851	1032
705	1067
840	892
831	1045
836	958
873	1196
960	1225
925	1141
929	1181
906	1031
964	1334
1032	1149
1171	1165
1211	1090
1126	1194
1201	1356
1124	1293
1149	1126
1131	1067
1179	1207
1009	1107
1047	1056
1055	1015
1102	903
1093	1104
1167	957
1031	951
1113	911
1206	1085
1317	976
1258	921
1355	1057
1371	1113
1563	982
1596	878
1615	858
1534	1032
1652	1139
1617	1178
1610	1136
1623	1048
1502	1213
1591	1307
1503	1151
1547	1076
1582	907
1431	983
1336	1006
1340	927
1248	965
1204	817
1229	912
1307	962
1277	1116
1199	1177
1167	1054
1149	1172
1210	1093
1118	1169
933	1115
950	1097
984	1155
876	1355
1036	1411
873	1431
885	1450
899	1268
877	1106
768	1232
775	1261
753	1357
765	1375
780	1247
741	1300
645	1171
646	1192
617	1238
593	1033
550	1168
601	1111
553	923
553	1063
507	1138
573	1318
542	1063
552	1276
599	1176
556	1011
556	1083
544	1145
619	1231
742	1125
705	1220
672	1003
682	1081
870	1158
1190	1215
1334	939
1433	1180
1481	1216
1377	1235
1317	1251
1383	1148
1325	1007
1267	942
1104	871
963	1058
972	761
1070	932
1176	1111
1351	1065
1267	1181
1299	1187
1149	1243
1096	1259
1008	1062
946	1069
869	1006
804	1077
694	1063
710	1084
534	886
459	976
481	1008
460	1101
428	936
429	1043
386	938
337	984
341	1054
396	909
406	885
362	1031
403	1330
422	1170
374	1200
423	1081
402	848
371	1037
385	1077
404	1098
387	1224
373	1118
366	1015
342	910
338	1069
356	984
354	853
326	962
374	1157
372	1226
394	998
339	1126
362	1123
398	1010
397	1149
380	1094
392	1053
395	956
409	1171
392	1046
418	990
374	1050
364	1077
425	918
425	991
394	1102
409	1405
370	1277
361	1155
408	1333
362	1245
392	1068
402	1028
415	997
368	1215
389	1317
365	1007
367	1014
409	1030
344	1179
365	1124
355	843
350	1006
330	883
330	812
355	783
384	862
390	1059
386	1019
426	880
434	1007
416	1073
356	1011
365	1029
367	1265
371	1019
390	846
390	1149
384	953
368	968
331	923
343	1000
390	1071
346	999
393	1217
374	1042
371	1125
427	1348
359	1199
349	1230
356	1209
385	1270
390	1185
397	1215
376	1274
361	1222
397	985
357	984
353	1111
308	1008
392	1065
380	951
410	959
401	1221
375	1158
444	1183
396	1061
390	1132
414	1165
355	1004
430	958
420	1054
451	1029
405	1258
410	1309
382	1376
396	1167
358	1018
353	1090
372	972
337	1139
376	1070
426	1146
388	1000
372	1191
381	1017
362	955
349	1008
380	1116
325	1092
354	1135
363	1132
368	1062
375	986
418	936
327	960
409	1012
368	986
419	1037
415	1187
384	992
357	1031
333	855
342	1045
369	1062
370	1106
365	1070
428	925
429	984
358	922
371	960
418	930
383	843
427	769
414	866
364	967
404	1017
353	1165
425	1153
395	1074
416	1170
430	1191
343	1224
403	1192
368	1016
414	1117
411	878
435	928
416	844
425	885
415	1208
373	1082
389	979
390	1121
424	1207
395	1101
442	1102
397	1112
384	1239
385	1255
416	1028
382	909
361	949
337	886
390	1057
445	1037
411	1187
416	1161
385	1199
338	1158
408	1103
424	1139
354	1225
476	1034
415	1111
424	1081
483	1200
423	1156
444	1191
458	1094
537	1068
472	1157
485	1325
474	1156
422	1147
449	1300
429	1189
426	973
439	1071
445	1006
462	1091
426	914
435	960
433	958
467	1161
474	988
530	1068
476	975
497	1255
493	1062
540	1103
564	1008
533	1047
521	1018
577	1042
509	968
577	1172
606	1170
594	1092
500	1036
548	1092
615	1068
580	892
631	939
631	996
619	1096
668	971
575	1139
682	993
639	989
605	989
605	922
656	905
620	1117
589	984
582	1048
706	1184
595	1124
650	1082
608	1059
640	1039
663	1098
740	1016
728	1015
765	940
768	974
776	1103
764	969
731	1052
722	1200
706	1045
687	986
741	1114
674	1173
698	1188
639	1157
663	1086
667	1111
669	1131
660	1077
735	1126
735	1196
712	1412
749	1292
883	1419
827	1299
874	1156
797	1134
759	1230
755	1242
811	1431
784	1151
727	1119
679	1172
691	1254
674	1149
699	1126
627	1265
636	1388
702	1558
678	957
696	1130
750	1118
716	1131
717	1015
736	1055
654	990
735	1012
707	1162
716	1116
650	1186
633	1267
689	1107
614	1076
572	1085
625	1063
653	1049
633	1032
616	979
616	1094
652	1056
612	965
682	1045
691	991
663	1002
676	1015
673	947
661	835
666	992
678	935
655	1066
638	1101
596	1102
603	961
614	1050
608	1013
682	1301
699	1334
610	1501
613	1352
572	1227
623	1132
563	1112
635	1213
646	1240
575	1285
601	1065
607	1112
580	1182
605	1199
535	1008
501	1055
512	1265
506	1187
503	1207
527	1154
506	1005
466	1058
522	1010
549	1249
540	1192
502	1340
506	1436
518	1150
509	1054
489	1279
548	1270
467	1341
448	982
449	976
498	1037
488	1044
460	1127
514	1100
495	1227
481	1178
483	1163
486	1167
506	1197
508	1215
436	1277
475	1197
478	981
480	1012
467	911
446	1119
416	1299
439	1064
472	968
463	947
476	857
477	1140
436	1162
400	1053
447	1037
422	1133
436	1320
419	1216
483	1288
434	1476
435	1228
416	1089
458	1108
402	1079
434	1066
443	1073
448	1013
394	959
386	919
433	948
448	1149
403	1037
401	925
441	927
415	897
390	850
403	859
433	1285
420	1118
499	1060
358	1395
413	1174
392	1186
427	1264
434	1043
452	1250
408	1015
449	1104
482	1161
447	1190
443	1211
513	1211
454	1134
467	1106
480	1208
485	1043
451	1094
507	1146
460	1220
444	1236
453	1163
482	1203
466	1002
416	984
395	1034
469	1103
453	1089
444	1003
455	1019
411	1170
449	1132
424	1212
470	1372
424	1357
375	1394
385	1081
387	1235
431	1133
401	1090
414	1229
412	1123
453	1107
422	1136
460	1040
405	969
422	1014
466	923
479	1073
507	844
484	965
496	1001
457	980
467	990
422	897
474	1013
414	1104
449	961
463	1224
453	1273
395	1094
440	1210
440	1092
474	907
503	1058
515	1100
488	1036
516	1048
504	1095
569	1113
511	955
466	1045
495	862
513	1026
556	941
585	850
569	1226
539	1139
612	1081
608	916
621	943
626	879
603	964
653	1043
723	1000
720	974
684	880
708	880
715	946
776	1058
671	1065
646	1103
685	935
722	1029
655	1018
619	1158
598	1120
602	900
544	1311
523	1189
556	1360
607	1245
665	1155
672	1294
644	1098
786	1172
803	1133
832	937
850	925
841	938
864	1005
793	1005
745	927
666	984
652	930
593	966
544	992
598	1166
560	1098
566	1063
595	1189
582	1024
596	1105
631	1010
640	1011
660	1145
644	1143
758	1091
857	1138
821	1143
888	1009
832	962
788	1038
744	1070
734	1022
593	1188
632	1070
564	1007
537	1080
564	1001
509	913
523	899
534	1045
560	970
533	939
602	1043
605	1040
655	1002
638	1121
661	1232
604	1153
659	1138
633	932
546	1069
639	959
595	922
568	1025
506	1019
555	1360
577	1233
551	1176
512	1059
507	1141
560	1120
450	1102
448	1013
432	1188
387	1129
432	1069
475	1118
482	1081
433	973
383	912
448	850
388	1086
384	936
393	925
428	988
421	963
410	937
407	1083
385	1029
438	935
400	912
384	939
370	1116
397	1187
428	1218
456	1172
420	1208
409	1232
427	1184
448	1239
469	1162
447	1050
458	1071
401	1305
401	1257
335	1145
377	1326
422	1111
391	1186
332	1204
369	1177
372	1035
425	1210
396	1254
408	1337
411	940
383	1004
376	796
373	947
405	904
430	890
431	1258
367	1051
392	1291
449	1195
377	996
404	1059
354	959
441	1017
343	1013
413	1127
367	1009
405	1151
370	1186
362	1178
406	1092
400	1107
369	1064
342	1010
373	949
412	961
404	984
402	927
376	1041
341	879
387	942
400	880
468	1002
414	1030
399	827
397	982
362	844
385	917
384	1028
405	916
386	1066
322	1121
358	1146
341	1182
393	1206
356	1418
391	1209
375	1369
357	1454
381	1379
378	1168
416	1243
382	1326
372	1172
403	1333
384	1302
391	1193
357	1181
392	1249
410	1250
402	1119
359	1158
353	1167
391	1352
354	1197
366	1270
396	1213
379	1033
420	1171
354	1065
385	1140
353	1188
352	1354
393	1369
348	1008
396	1124
327	1109
381	1211
330	1156
392	1172
345	1151
329	1084
356	1028
310	1047
332	870
339	843
346	963
376	1051
370	991
360	1083
400	867
348	904
352	1031
383	1116
424	1107
427	1112
387	1049
422	1267
373	1163
364	1043
385	868
431	1111
436	1103
381	1056
394	1179
412	1237
430	1423
377	1638
356	1377
360	1075
417	1085
434	1194
408	1138
427	1303
390	1263
400	1277
351	1123
456	1305
403	1169
443	1132
423	1189
441	1137
464	1074
431	1257
441	1235
382	1022
408	1044
408	1009
395	1125
412	964
405	993
473	1212
452	1136
386	1099
404	1079
394	1126
374	1079
396	1131
409	1070
425	1127
408	1192
364	1115
388	1066
398	969
407	967
400	1094
415	803
453	958
392	968
354	828
373	968
392	1065
432	894
412	1133
379	1195
334	916
380	1070
383	1046
361	1093
384	1050
366	1110
397	987
389	927
384	825
354	977
380	1114
391	1119
433	1071
440	992
426	964
422	997
415	1055
471	1278
521	1243
552	1309
481	1366
476	1240
533	1199
437	1123
441	1232
387	1145
435	1331
339	1339
396	1187
426	996
415	1217
426	1086
409	1101
361	1060
370	979
439	1037
406	1079
396	1049
441	942
463	1100
548	1179
482	1017
457	1224
485	1332
475	1163
476	1034
538	949
438	1084
448	1068
537	1074
536	1067
559	1131
518	1273
518	1310
566	1339
552	1272
552	1198
510	1060
500	1033
517	1241
465	1350
463	1108
432	1157
420	1274
372	1315
365	967
415	1006
378	1088
352	1060
356	1129
352	1152
375	1307
341	1196
362	1040
431	1071
393	1099
387	1203
391	1082
394	931
431	1000
384	1228
381	1183
372	1247
350	1279
351	1095
384	1066
335	1138
342	1171
415	1128
369	1114
394	1015
331	965
347	933
326	996
327	959
338	1041
364	1042
333	1090
395	1115
344	1112
366	1113
375	940
378	1087
373	1038
388	1066
338	815
402	1035
388	897
365	929
339	939
354	1164
383	1033
365	1151
419	1156
386	1237
359	1078
405	1165
314	1014
306	1142
351	1152
380	1064
411	1259
414	990
358	966
362	1004
391	1154
431	1036
417	1096
385	1115
403	1131
373	1163
314	1077
394	1123
394	1165
336	1183
393	1136
384	998
398	1159
413	1103
331	1276
356	1246
360	1145
357	1283
339	1365
377	1416
361	1046
334	1111
380	1164
384	1114
387	1226
374	1098
336	1099
403	946
455	1047
394	1089
415	1221
332	934
303	993
378	887
332	932
358	960
378	1131
364	1146
381	835
388	1069
361	1070
393	1035
428	1046
409	990
387	1036
394	975
411	1142
400	1150
409	1160
408	1075
406	1248
348	1248
332	1013
386	1145
444	1227
407	1133
441	1058
371	1023
394	874
371	890
424	1133
420	790
393	907
378	953
385	1087
411	1093
444	1239
459	1052
430	1051
444	1401
433	1081
430	1052
394	930
438	985
382	1016
333	987
401	1160
478	1197
422	1155
502	1097
501	1209
476	1043
459	991
515	1101
497	1256
501	1126
484	904
414	995
447	1001
465	1150
442	1034
404	1131
418	1107
376	1155
398	1091
467	1234
431	1212
431	1150
406	1262
422	1177
468	1245
418	1406
383	1342
407	1157
403	1332
447	1146
384	1107
403	989
350	933
397	1078
392	1229
475	1286
426	1189
433	1142
427	1000
423	1069
376	1140
358	974
395	786
329	859
388	854
352	1051
392	1028
409	1100
388	1017
355	919
398	1091
383	1255
402	996
422	1010
355	1012
394	985
434	872
434	868
408	942
423	1054
381	1273
400	1010
402	1019
342	967
382	986
394	1015
368	1117
401	1128
357	1130
387	1159
386	1014
364	1106
398	1135
401	1000
380	1045
333	1175
372	1065
364	1316
376	1184
389	1098
374	1218
399	1193
375	1066
353	1187
343	1031
365	1100
397	1072
362	1005
343	1119
396	1190
410	1120
367	1029
359	1111
347	962
345	991
402	868
406	1011
391	1025
402	1039
401	1159
392	1207
349	1247
385	1137
400	1093
374	1376
408	1094
416	1050
392	1040
335	955
347	987
343	1189
398	940
377	1127
401	1080
367	1082
387	1173
365	1148
365	1072
384	1229
363	1030
371	903
346	976
359	1122
323	1057
339	1102
359	994
375	1094
342	1029
401	877
328	1113
366	1026
416	1206
382	1141
359	1098
349	967
377	975
423	1079
400	960
416	1142
371	1172
377	1260
410	1346
423	1310
413	1378
420	1439
411	1630
377	1162
395	1082
392	1054
407	1348
415	1300
352	1158
416	1107
362	1170
346	1059
357	1101
397	1129
411	1192
434	1114
425	1105
412	1146
444	1153
403	1185
352	1166
414	1080
405	1161
399	932
410	998
356	1046
366	1110
368	1096
384	1124
390	1080
405	1086
385	1130
391	1261
411	1288
389	1238
374	1321
369	1159
448	1064
425	1102
388	1165
450	1207
489	986
456	976
462	1115
531	1317
647	1242
712	1356
755	1072
820	1110
904	1252
1214	1311
1689	1175
1554	1300
1546	1189
1699	1317
2427	1310
3220	1428
3269	1145
3262	1192
2948	1076
3342	1090
3560	1444
3673	1618
3567	1396
3600	1345
4190	1490
4908	1771
5120	1716
4774	1533
4578	1531
4703	1504
4590	1560
4379	1784
4415	1563
4526	1500
4320	1433
3974	1401
3302	1499
3009	1550
3344	1776
2928	1484
1658	1208
774	1101
622	1122
681	1374
801	1258
752	858
754	839
786	1069
846	1265
870	1045
762	1094
547	1134
472	1175
495	1016
577	995
435	1021
464	1099
430	1010
418	1100
421	1247
395	1254
385	1134
378	1094
400	1110
348	1201
422	1188
402	1062
423	1231
409	1224
424	1284
408	1210
399	1113
424	912
453	934
432	1027
407	1198
427	1180
382	1099
409	927
400	964
425	1069
458	1133
428	1071
437	1116
403	975
416	977
388	1057
398	1105
446	1052
386	1046
365	1125
410	1221
416	1195
356	908
403	1189
384	1096
354	1178
393	1071
349	1029
402	1076
319	917
383	1037
369	1129
373	1238
347	1063
401	926
352	856
344	1033
370	878
356	879
374	1047
387	1190
363	1078
364	1115
372	804
380	872
392	1135
417	956
377	909
362	1013
381	924
344	926
442	910
420	1077
413	1048
358	954
358	961
385	955
397	1098
390	1231
388	1154
369	866
386	885
405	887
399	1166
400	1107
422	1047
400	1160
434	1236
416	1335
467	977
435	983
412	1157
431	1051
430	1073
432	1274
399	1245
410	1214
375	1197
410	1152
411	1196
415	1024
407	1093
439	994
351	1152
402	1184
404	1134
397	1233
373	1100
411	1073
386	1244
389	1175
359	1095
359	963
355	941
350	942
422	1165
391	1076
388	1296
400	1116
431	1086
463	990
464	1208
407	1231
380	1042
389	1010
414	1276
392	1152
395	1303
441	914
377	1067
380	1279
366	1108
444	1029
399	1096
400	1206
407	978
443	1164
399	1165
443	1126
415	1063
428	788
367	946
447	886
423	923
398	933
437	1196
411	1068
436	1045
444	1329
483	1173
452	1073
484	1256
497	1176
521	1037
468	1096
480	1120
411	1247
477	1124
449	1058
435	1106
430	1162
386	1178
427	1030
436	1211
477	1284
465	1318
417	1286
487	1109
449	1172
459	1076
453	1085
483	1088
530	1038
459	941
502	1110
507	1011
526	1005
487	1258
463	1138
462	1199
415	1114
488	1218
482	1182
483	1410
546	1026
456	1049
453	1193
418	1201
464	1208
440	1136
463	1207
484	1241
522	1089
521	1161
531	1327
496	1332
480	1151
503	1169
542	1171
449	1360
452	1698
510	1267
470	1258
454	1226
517	1516
460	1420
419	1387
487	1263
477	1141
404	1143
436	1128
445	1159
454	1082
458	1235
451	1142
536	1023
454	1159
476	1019
553	1146
500	1164
481	1208
531	1199
436	1063
458	1213
466	1094
517	935
486	1046
438	947
460	956
412	1162
422	1176
402	1241
382	1266
404	1453
433	1173
427	976
376	1041
360	939
400	1065
439	1020
407	1040
379	1142
408	1110
413	1019
387	1103
386	1081
433	1150
424	1124
413	1110
425	1108
421	1064
434	1167
430	1227
384	985
365	982
449	1106
399	1203
375	1247
444	1181
420	1330
418	1167
391	998
466	1015
458	1072
427	1013
478	1112
465	1120
439	1179
415	1166
449	1178
423	1274
472	1246
413	1119
495	1073
459	1289
451	1145
416	978
457	897
388	979
461	922
464	998
454	1173
420	1029
416	803
383	923
453	1052
430	1065
446	813
427	922
463	928
426	914
367	901
439	933
398	983
457	1013
387	930
451	884
416	996
418	944
461	994
388	909
421	973
419	1289
401	1217
417	1249
444	1072
504	1143
442	1180
446	1186
435	1076
469	1080
397	971
420	1051
449	1102
479	913
436	859
483	973
460	1044
508	1332
568	1375
538	1162
548	1298
542	1037
573	1104
527	1006
499	1174
557	1033
531	1168
544	1153
496	1160
465	1007
469	1062
475	1062
520	1144
475	1094
522	1115
495	1139
514	869
534	932
489	1274
482	1104
484	1177
509	1033
506	919
461	1020
426	1032
504	1000
428	1102
433	1266
438	1129
439	1052
422	1095
468	1085
375	866
426	933
466	946
452	1000
456	1089
438	1056
451	1210
476	1325
420	1038
439	1191
498	1142
490	1227
497	1019
497	985
489	1081
517	885
547	1168
517	1072
497	1110
533	954
534	865
527	1000
533	971
498	953
565	1080
513	909
541	815
528	1126
550	1237
504	1228
492	1341
494	1357
433	1270
456	1409
421	1408
434	1365
478	1348
527	1230
467	1195
432	1498
482	1455
462	1412
491	1346
472	1300
518	1363
509	1353
467	1249
445	1409
463	1180
484	1186
424	1218
467	1357
453	1356
409	1254
446	1381
463	1287
405	1439
441	1272
421	1218
399	1136
390	1304
406	1252
428	1279
396	1293
366	1174
391	1295
413	1227
402	1210
417	1413
453	1353
483	1224
442	1257
357	1272
410	1264
407	1109
448	899
387	1125
413	1048
408	1096
412	1013
351	1095
354	1047
428	1041
420	1156
409	1270
412	1138
387	989
431	956
405	896
410	879
359	883
373	1006
422	1109
349	1074
381	1104
442	964
475	1175
439	1244
508	1258
504	1162
534	1331
505	1309
558	1322
575	1391
596	1222
524	1367
630	1327
651	1167
682	1157
588	1007
549	992
474	1258
521	1070
611	996
660	1108
617	1073
691	1094
688	986
795	1144
714	1125
707	1049
794	1011
723	1077
638	1071
613	1045
685	1037
722	1014
666	964
594	1035
578	1084
514	1011
559	1090
491	995
473	1183
448	1094
427	966
443	1042
444	1082
483	899
433	943
474	1029
432	1124
402	1278
385	1029
502	1045
451	1187
454	1120
481	1006
464	1042
444	1207
427	1331
435	1215
453	1405
424	1366
500	1092
538	1102
471	1228
478	1106
492	920
524	1364
500	1278
530	1647
461	1300
491	1228
445	1128
441	1025
503	1011
473	1085
504	1028
487	1019
521	1044
547	1164
515	1169
516	956
549	1058
568	932
526	963
545	987
548	936
491	1011
447	1013
451	1038
505	1125
495	1325
562	1036
556	1016
512	1055
573	1198
566	1117
580	1155
577	1065
596	1085
604	982
598	1039
570	929
591	921
628	918
613	859
623	935
570	1125
513	1032
443	1286
502	1136
462	1208
499	1081
488	963
498	1123
477	1172
520	956
541	958
588	892
617	813
589	970
662	1030
634	1104
628	1132
594	1051
588	1039
575	948
493	1158
502	1011
515	1164
470	1024
455	938
499	923
468	1025
476	1142
476	1036
416	1058
479	836
515	794
521	911
481	849
460	905
487	1203
533	1178
512	1075
472	1133
455	1161
427	956
457	1099
460	952
419	1037
410	975
442	870
360	1026
423	1005
455	1002
454	1002
436	954
400	1049
398	996
389	912
365	1141
383	1353
437	1327
396	881
415	1001
409	1131
433	932
399	1102
428	1063
460	1055
423	1033
403	962
390	1120
353	1044
400	904
368	1073
321	1104
304	967
355	1131
389	1141
384	1109
357	1097
351	1040
398	1228
371	1110
389	1320
416	1311
402	1184
401	1058
307	880
341	1007
323	1082
352	825
364	875
384	874
369	1016
394	976
349	834
354	957
339	1177
366	1071
354	958
378	869
330	884
358	895
362	1034
416	1096
366	1015
362	1390
353	1246
367	1140
439	1052
419	945
417	1109
330	1064
398	1086
425	956
367	1193
412	1102
399	1047
383	1141
365	1114
396	978
406	1082
399	1190
369	1103
344	1107
437	1191
351	1150
387	1092
367	1327
340	1375
359	1246
374	1144
390	1228
402	1279
422	1467
389	1312
394	1087
363	1395
355	1309
400	1291
426	1310
402	1400
435	1349
429	1125
453	1138
399	1022
386	1017
433	957
373	978
408	1358
445	1366
417	1150
410	1192
414	1016
356	942
445	919
420	1017
399	1115
359	1307
418	1137
408	1117
327	1166
390	1250
385	1241
382	1221
397	1202
378	1294
410	1304
429	1420
403	1163
450	970
386	1066
400	1142
387	1020
398	1080
402	1358
368	1176
438	959
396	1041
377	975
435	931
397	1006
403	1019
405	1085
382	1100
414	1080
446	1137
449	1127
406	1095
433	1100
434	1095
393	1118
414	1397
422	1422
397	1380
409	1394
411	1242
390	1003
380	1198
408	1379
397	1093
392	995
373	1001
449	1192
447	1195
422	1330
410	1265
440	1248
393	1328
450	1019
394	1101
471	1171
409	1196
450	1295
449	1153
498	1185
483	1201
518	1124
497	1232
519	1269
513	1392
513	1416
509	1212
533	1064
563	1066
676	1178
814	1331
909	1279
892	1388
852	1320
905	1212
896	1205
833	1037
787	1123
905	1081
926	1075
963	1029
1127	1045
1071	968
1076	1017
1249	1081
1871	988
2225	992
2121	1017
2253	997
2919	953
3626	1054
3772	1226
3918	1185
3881	1026
4270	1166
5121	1116
6012	1200
5552	1170
4936	1112
5135	1231
6299	1080
7402	1249
7725	1396
8310	1489
8291	1520
8936	1747
10064	1742
10797	1444
10523	1741
10335	1644
10383	1499
10680	1316
10280	1167
10128	1155
9908	1145
9679	1215
9910	1141
10697	1250
10964	1353
11297	1272
11856	1338
12267	1535
12487	1670
12893	1895
12850	1982
12545	1683
12446	1839
12812	2020
12213	1512
11524	1537
11246	1547
10583	1362
9826	1367
9497	1411
9260	1274
8999	1175
8682	1207
8685	1258
8876	1262
8742	1438
9245	1369
9248	1279
9095	1233
8898	1233
8979	1344
9164	1204
9221	1196
8836	1206
8203	1175
8051	1168
8097	1193
7890	1196
7518	1178
6953	1417
6711	1359
6696	1371
6606	1134
6344	1225
6011	1326
5704	1314
5678	1433
6053	1418
6094	1281
5556	1388
5370	1299
5313	1310
5181	1106
4955	1395
4468	1384
3838	1189
3580	1103
3747	1055
3871	1147
3405	961
2781	1078
2597	1049
2588	1082
2555	1167
2639	1127
2334	1197
2170	1141
2142	1190
2095	1294
2221	1524
1791	1259
1619	1237
1593	1032
1595	1193
1518	1288
1455	1170
1325	1283
1252	1365
1263	1217
1244	1353
1199	1241
1219	1185
1163	1187
1166	1084
1286	1105
1233	999
1176	973
1139	1033
1096	824
1134	930
1069	1093
1140	1040
1143	1153
1059	1126
1025	963
1004	976
1074	1117
1050	989
1101	1012
984	1030
1067	1229
1117	1299
1070	1093
1174	967
1196	1209
1384	1083
1557	974
1728	1010
2037	1052
2060	1240
2230	1231
2437	1286
2759	1527
2865	1297
2946	1348
2810	1384
2741	1469
3383	1564
4040	1762
4143	1646
3832	1602
3889	1514
4412	1558
4758	1592
4630	1646
4594	1699
4445	1478
4465	1477
4731	1557
4931	1546
5099	1296
5085	1574
5229	1591
5583	1492
5533	1477
5605	1326
5454	1482
5507	1564
5390	1882
5378	1913
5426	1591
5181	1584
5032	1596
4745	1568
4451	1521
4079	1395
3990	1620
3876	1592
3496	1380
2783	1285
2772	1156
2926	1136
2797	1082
2358	1012
1760	1123
1462	1192
1473	1097
1575	1163
1261	1157
927	999
865	992
889	975
903	1088
871	964
780	1111
722	1184
755	1016
760	1026
751	1054
659	1003
654	1047
667	1068
681	964
646	1113
558	1100
545	1149
584	1250
612	1241
640	1274
579	1118
601	1179
562	1269
529	1251
553	1116
500	1110
566	1164
495	1073
480	988
512	950
569	903
527	1038
531	1059
482	1256
512	1155
506	1082
482	990
473	1066
499	1045
433	1016
459	993
498	1033
535	1091
528	1060
549	1288
534	1264
538	1085
546	1289
477	1265
513	1084
512	1018
538	1225
459	1058
537	1097
595	1158
481	1090
529	1201
518	1052
496	1232
492	1124
540	1142
552	1203
534	1217
547	1234
530	1379
552	1380
521	1383
495	1263
496	1228
538	1147
601	1465
537	1153
517	1066
559	1249
544	1165
519	1108
544	1181
576	1115
519	1009
559	1360
543	1457
526	1147
545	1305
503	1175
539	1207
585	1271
580	1353
534	1149
583	1014
552	1392
650	1438
655	1263
579	1290
529	1302
606	1116
625	1156
567	1061
616	1084
601	1054
582	1069
545	1019
596	1048
581	1063
572	1247
601	1378
596	1120
565	1053
633	1050
644	1023
610	1053
619	1084
615	985
637	958
614	1116
605	999
557	1205
576	1111
582	1077
636	991
625	1049
589	959
609	1007
587	928
665	1013
734	1092
726	1117
642	1068
686	1359
622	1274
612	1281
626	1106
575	937
605	1193
637	1212
645	1203
682	1403
687	1319
632	1143
624	1166
602	1163
569	1198
616	1084
609	1144
590	1040
565	1113
574	1223
619	1116
607	1258
546	1055
577	1092
583	973
562	1042
536	1089
525	1018
518	1127
569	1118
614	1051
587	1115
524	1123
590	1328
491	1039
531	1051
559	993
539	966
631	1091
612	1226
545	1093
575	979
560	1013
613	895
534	1101
523	1083
582	948
672	1096
582	1085
602	1032
603	1140
649	1081
651	1150
654	1041
588	939
660	1080
628	1012
582	1064
533	1091
568	1021
625	848
657	967
510	833
481	894
548	1157
532	1102
570	981
555	1069
495	1172
535	1026
554	1182
500	1307
528	1222
454	1171
488	988
526	1173
552	1222
545	1186
509	1041
580	1074
471	1036
526	1008
529	910
506	1008
490	1082
468	1107
433	1209
439	1107
437	1185
400	1157
441	1192
444	983
435	1011
446	871
455	1008
465	1086
472	1068
443	1240
376	1168
380	1163
403	1214
400	1204
415	1270
441	1247
452	1163
362	1285
401	1078
398	1247
359	1201
383	1016
400	975
386	981
419	994
403	1039
418	1012
412	998
351	1091
400	1124
412	1307
428	1248
410	1153
406	1095
417	1303
412	1282
411	1213
398	1196
398	1251
377	1210
372	1140
410	1190
339	1011
438	1108
391	1443
365	1465
392	1127
362	1094
353	1245
347	1191
390	1331
395	1450
403	1328
404	1322
379	1329
400	1147
393	1111
399	1139
386	1172
392	1037
392	1136
337	1065
381	1115
382	943
443	1115
396	1290
451	1166
391	1180
417	1120
344	1031
350	1172
380	1122
416	930
359	998
404	1114
351	1183
345	1317
386	1314
402	1146
371	1185
359	1161
373	1080
333	1151
423	1100
428	1126
412	1069
376	1079
443	1121
420	1101
402	1102
393	1465
365	1121
375	1075
337	932
388	875
362	997
390	958
419	1007
406	910
366	1048
391	1030
390	1097
359	934
355	865
356	962
373	1087
383	1147
329	1056
348	1103
336	1181
376	1171
439	970
466	863
455	929
416	1109
459	1230
467	1069
531	1054
550	955
527	955
614	891
638	894
700	1059
693	962
694	1128
741	1281
773	1143
673	974
658	1067
640	1104
696	1259
606	1173
579	940
617	1243
532	1214
611	1052
602	832
429	983
500	1058
485	1094
561	929
568	1008
518	1069
506	1087
423	960
414	1028
423	1022
458	1093
410	1135
386	1204
346	1128
381	1312
385	1169
380	1316
426	1306
380	1372
411	1115
392	1196
420	1022
399	1062
425	1173
385	1248
366	1271
354	1197
348	965
371	880
355	1001
382	987
333	956
348	1044
345	1055
368	1127
373	1114
410	1041
387	1187
423	1186
419	1117
400	942
386	834
335	1060
380	983
387	992
384	966
402	1104
396	1316
394	1206
350	1013
367	1075
367	1137
355	958
380	821
420	1127
417	1076
371	1160
352	1233
319	1228
339	1173
361	936
341	1022
384	1271
351	1295
393	1197
396	1292
337	1235
408	1280
378	1385
374	1177
379	1049
408	1361
373	1202
347	1033
415	1211
380	1277
364	1344
410	1154
330	1222
385	1089
378	1185
363	1295
363	1222
329	961
344	1318
349	1204
345	1436
356	1440
374	1127
381	990
340	966
380	976
406	1043
402	963
361	945
372	1190
375	1164
363	1283
421	1251
410	1269
353	1454
329	1242
361	1446
348	1194
359	1110
375	1191
322	1209
338	1059
325	1235
359	1134
443	1298
430	1269
329	1199
352	891
333	1166
354	1168
354	1269
361	1194
395	1200
380	1169
328	997
296	1006
361	1006
352	947
403	1226
370	1359
390	1224
369	966
316	1168
355	1049
366	1051
360	1200
361	1209
396	1018
359	955
350	1017
385	1121
383	1157
330	1238
372	1126
359	1123
365	1107
400	969
348	905
429	781
392	903
334	834
369	867
355	1051
360	1120
381	1182
398	1101
371	920
388	1000
474	1082
393	1050
358	1078
391	1062
399	1040
404	1044
381	961
345	1086
399	1055
381	1029
348	1150
389	1184
353	1136
362	923
334	927
359	1065
338	1182
348	1117
401	1346
307	1271
359	1236
349	1168
346	1057
390	1039
393	979
350	968
376	901
405	1004
381	1196
361	1259
345	1323
396	1391
400	1288
368	1415
406	1188
339	1161
353	1098
357	1276
422	1118
451	1181
399	988
362	948
408	972
408	963
386	1021
331	1150
367	1220
390	1277
348	1163
352	895
389	991
396	892
400	1001
398	1027
378	943
353	953
384	1156
410	922
391	1268
431	1379
433	1205
401	1003
413	1017
361	1270
421	1238
361	1111
362	1060
329	1043
350	1100
354	1301
372	1201
343	1073
350	1096
390	1195
411	1251
367	1171
350	1193
390	1038
342	1001
406	1014
339	1055
386	1177
410	1282
413	1084
397	1085
383	1156
417	1132
414	950
391	1143
389	1043
378	1066
416	1157
385	1151
414	976
396	1085
365	1132
361	1144
325	1062
330	1154
362	1035
355	1044
339	1017
410	833
367	911
376	1047
352	1125
352	991
349	1073
294	1208
337	1131
317	1162
327	1214
341	1145
334	1106
324	1000
326	798
322	898
317	895
347	1018
392	1223
351	982
346	1023
363	1011
328	908
340	1038
416	1173
395	1137
388	1085
339	1271
375	1276
381	1280
380	1111
405	1292
385	1110
363	1020
361	1176
368	1195
386	1203
318	1150
345	987
381	1078
343	1014
388	1297
378	1222
443	1232
434	1086
417	1158
413	1173
364	1147
393	1098
379	1076
389	1027
379	1182
395	1055
398	1371
371	1099
356	1216
358	1085
387	1184
368	1249
367	1261
384	1146
410	1063
378	1096
377	1188
393	1047
379	1231
376	1090
385	1128
344	907
378	986
372	997
337	1005
333	953
318	1116
416	1050
327	1111
385	1251
316	1094
341	1123
320	1130
371	1193
379	989
355	1096
336	1098
336	1019
386	1347
351	1259
364	1187
340	1130
328	1220
351	1144
447	1200
398	1167
401	1311
371	1055
415	1382
395	1466
346	1326
397	1331
355	1114
354	1333
386	1339
372	1164
383	1232
404	1282
373	1242
355	1116
399	1109
324	1107
367	1059
430	1167
408	1141
408	1080
366	1027
364	1130
361	1163
342	1246
358	1170
382	1003
365	1081
376	1287
370	1080
404	1110
430	1097
331	985
366	1012
376	1128
354	1382
329	1141
394	1217
355	1155
326	1180
331	1185
313	1135
352	1107
336	1265
369	1255
334	1238
363	1148
374	1293
355	1248
341	1353
382	1413
332	1534
354	1256
376	1350
415	1197
433	1004
393	989
393	1120
382	1068
396	1028
329	1116
351	1154
359	1369
404	1235
369	1202
402	1044
403	1257
404	1212
355	984
362	994
371	1258
384	1160
404	1107
438	1083
346	1095
360	991
380	1097
386	916
392	1043
398	1050
408	1122
443	1077
347	1169
369	1255
418	1135
368	1144
426	1238
370	1138
344	1218
379	968
382	944
354	1026
390	932
369	1044
429	1130
406	1448
413	1284
387	1157
416	1144
459	1237
418	1103
445	1243
368	1244
384	1296
385	1289
405	981
374	1043
377	1173
341	1230
369	1149
356	980
372	965
393	1063
414	1117
364	1135
391	1021
391	1257
373	1069
446	1102
400	1179
371	1192
347	1159
355	1237
401	1132
424	899
404	1088
407	1292
378	1063
400	1064
401	1149
364	1168
365	1011
392	1075
395	1113
345	1183
380	1201
364	1094
360	1133
359	1337
353	1166
405	1285
402	1201
414	1159
398	1281
384	1104
377	1293
323	1324
380	1276
371	1247
366	1172
413	1104
376	1002
384	1053
342	1059
382	927
345	1191
390	1442
391	1289
424	1069
409	1131
418	1210
380	1224
357	1165
406	1331
392	1224
445	1193
477	1202
366	1257
360	1221
391	1076
360	1092
359	1108
393	1084
372	1138
415	1137
424	1067
422	1112
449	901
400	1128
437	1227
414	1204
459	1207
412	1227
443	1247
422	1229
431	1041
412	985
415	1001
427	881
405	939
417	1031
405	938
409	1141
433	1144
439	1066
403	1151
429	1268
426	1159
459	1233
418	1195
461	1196
443	1163
433	1313
415	1222
442	1141
469	1292
470	1441
502	1435
477	1345
464	1190
402	1119
428	1152
395	1240
429	1382
431	1269
451	1309
423	1135
410	1062
435	1084
414	1177
433	1159
390	1020
433	977
382	952
422	1240
402	1048
381	1109
403	1067
374	1034
444	970
379	907
424	1046
412	1105
419	1119
391	1172
429	1357
423	1165
419	1322
393	1329
412	1364
416	1242
466	1159
437	1227
382	1113
412	1174
435	1144
416	1210
381	1156
411	1140
394	1259
394	1234
449	1294
415	1199
378	1036
433	1379
412	1451
391	1258
377	1390
411	1327
400	1261
415	1151
410	1004
421	1053
371	1217
418	1351
372	1011
388	1073
448	1168
376	1060
402	1215
402	1228
380	1156
390	1155
374	1208
327	1107
396	1196
424	1057
342	952
343	943
368	1145
392	1254
407	1449
384	1469
422	1481
452	1487
407	1184
389	1363
388	1078
420	987
412	1021
460	1137
392	1221
415	1276
380	1185
446	1158
413	1167
379	1286
375	1543
412	1124
415	1115
424	994
401	1061
414	1200
424	1150
435	1245
428	1158
398	1077
411	1332
429	1136
402	1278
453	1316
451	1409
429	1165
404	1415
422	1294
397	1052
458	1102
430	1010
465	961
414	1180
419	1237
366	1210
423	1273
383	1153
378	1123
426	1096
384	1040
322	1088
404	1020
396	1056
387	997
394	1210
410	1215
379	1111
358	1110
372	877
408	1022
404	1112
401	1127
407	1113
424	991
436	1068
428	1080
416	1241
391	1139
379	1006
405	1157
441	1130
457	1032
529	996
477	977
496	949
385	987
380	999
382	1124
430	1040
383	985
394	909
388	902
403	971
381	925
334	912
327	1010
367	929
322	931
369	1038
334	908
341	1085
404	1051
345	937
323	1253
352	1276
407	1142
350	1005
396	1144
357	1197
390	1320
489	1185
419	1403
398	1115
324	1091
404	1070
378	1179
379	1304
424	1185
376	1126
374	1000
342	928
373	918
380	1042
409	1158
395	1154
413	1106
358	1165
310	1128
342	989
387	1108
372	1048
365	1011
340	979
351	1034
324	1078
347	1046
335	957
373	1119
374	1196
411	1201
360	1331
354	1239
353	1049
413	1016
346	1129
383	1312
368	1128
392	1302
432	1067
422	1111
408	1093
405	1067
375	959
439	1137
452	1090
466	1082
431	1109
426	1198
399	1126
402	783
425	959
466	992
423	915
409	990
459	874
498	803
526	1050
539	1149
533	1149
565	1218
571	1144
562	872
591	798
556	978
673	1158
749	1034
696	983
780	930
696	1095
791	946
919	1195
901	1054
942	1032
908	1208
943	1269
1041	1092
1060	1198
1042	1359
995	1187
949	1061
920	1147
981	1085
927	1134
943	1235
990	1260
1024	1259
1101	1366
1021	1130
1031	1175
1133	1135
1260	1238
1369	1066
1454	1144
1486	1076
1401	1053
1412	1214
1545	1074
1468	1214
1259	1094
1233	917
1189	809
1309	945
1281	956
1322	1073
1335	921
1415	1104
1457	1024
1406	1059
1397	1124
1491	1057
1451	909
1453	926
1289	897
1248	978
1166	1018
1129	1027
955	1012
828	1066
817	1139
910	1066
886	1146
717	1252
686	1307
646	1345
616	1097
604	1027
579	1176
498	1373
505	1390
491	1358
507	1373
491	1195
425	1102
464	1221
498	1146
453	1209
458	1426
387	1334
429	1313
411	1152
434	968
391	1105
419	1320
421	1054
357	1322
389	1257
376	1191
353	1240
316	1375
369	1203
388	1242
429	1198
390	1139
353	1101
341	1113
388	1183
335	1122
374	1256
354	1191
378	1303
379	1168
363	1200
409	1385
345	1328
360	1327
382	1051
387	1130
391	1432
374	1418
310	1287
338	1268
396	1325
397	1280
350	1150
381	1116
402	1321
392	1059
416	1157
397	1101
339	1084
388	1106
327	1011
389	982
356	1369
379	1125
369	1351
457	1228
465	1115
463	1105
425	1294
424	1282
434	1161
395	1183
394	1272
415	1351
415	1177
442	1165
416	1159
396	1078
413	1287
475	1425
438	1398
449	1190
467	1010
467	1074
465	1108
444	921
454	957
413	1206
412	1378
423	1361
403	1373
398	1244
416	1292
430	1140
427	1240
430	1137
381	1145
437	1280
419	1013
422	994
437	1062
465	1141
414	1311
454	1040
458	1214
470	1038
459	967
468	985
479	1050
476	1073
485	1349
465	1285
535	1350
494	1267
491	1458
547	1342
581	1095
511	1146
577	1101
580	1111
577	1067
586	1095
580	881
578	1158
623	1313
643	1126
650	1267
744	1337
789	1189
824	1162
954	1227
1057	920
1141	1086
1194	1163
1191	1044
1438	896
1612	1102
1832	1222
1840	1100
1861	1257
1858	1033
1736	1019
1536	958
1336	933
1406	777
1399	859
1343	959
1259	1041
1121	1043
1028	995
1082	1034
1042	1038
1040	1041
1048	1041
1085	1002
1061	971
1129	1112
1215	1046
1114	1135
1284	1133
1278	1089
1312	823
1339	840
1395	1058
1344	861
1348	896
1317	978
1249	1007
1296	1086
1202	1149
1166	1147
1196	1009
1195	849
1334	1167
1350	970
1454	963
1447	908
1481	1088
1463	1099
1628	1226
1695	1018
1677	1005
1616	1066
1714	916
1805	1056
1839	871
1746	1035
1636	925
1618	1120
1480	972
1485	1001
1395	1044
1408	964
1441	1060
1416	1134
1345	1071
1424	967
1457	1044
1521	956
1550	1030
1447	981
1542	865
1583	1178
1584	1153
1412	1166
1389	959
1361	1095
1356	1128
1258	1167
1230	1266
1164	1163
1135	1251
1062	1213
1154	1051
1087	1192
1084	1250
1034	1485
1010	1032
1052	1416
1192	1177
1082	1184
990	1259
1071	1412
1108	1101
1050	1054
1043	1023
928	930
986	1047
996	1077
929	1181
839	1125
855	1061
844	1040
820	1025
816	995
891	897
811	984
805	1332
875	1267
828	1178
871	1031
740	1246
740	1395
809	1257
723	1181
741	1296
711	998
735	1054
711	1045
750	1018
693	1207
637	983
698	972
661	1092
660	1167
656	1184
611	1004
573	882
606	917
618	1134
637	1172
615	1189
598	1146
606	991
579	972
550	935
598	1098
587	1044
620	1102
491	979
564	988
519	1132
569	1184
584	1384
502	1091
486	952
500	998
504	1024
490	1046
495	1004
537	840
557	938
477	947
516	1035
488	953
507	912
480	936
521	1100
486	1173
423	1152
441	1152
446	1036
464	1221
494	1112
494	1259
493	1227
437	1128
406	1327
395	1333
428	1177
430	1225
466	1072
452	1032
442	1177
377	988
462	1219
417	1199
457	1243
455	1359
374	1180
418	1334
428	1220
454	1231
421	1028
459	1017
380	940
433	1067
394	1130
440	911
405	1054
424	1086
442	1159
422	1111
401	985
428	988
385	1259
424	1162
413	1009
404	1120
370	1176
406	1028
460	1124
400	1227
410	1194
416	1166
401	1122
390	970
383	1327
369	1334
393	1211
389	1052
347	1013
351	1137
346	1008
382	1098
375	1220
410	1109
439	1035
399	1089
378	883
384	876
427	1029
459	1033
419	1066
365	898
425	981
395	863
483	1066
512	1042
430	1081
408	1061
423	1134
496	1387
526	1325
422	1243
411	970
405	1051
377	904
368	1057
444	1131
373	1345
454	1259
400	1254
459	1325
454	1277
483	1438
440	1266
409	1111
391	1166
420	1306
393	1006
358	1238
402	1113
405	1225
369	1100
452	1093
429	978
441	1067
378	1123
385	1236
452	1148
394	1084
417	1364
401	1350
380	1195
418	1061
403	1158
483	1229
485	1111
394	890
422	931
404	1193
451	1436
410	1000
403	1101
380	1063
431	1066
406	1140
422	1202
444	1323
491	1422
444	1375
469	1277
451	1301
455	1161
416	1244
454	1421
469	1406
449	1369
458	1268
424	1531
420	1348
428	1276
407	1424
383	1400
396	1140
416	1128
407	946
414	927
380	873
357	957
381	1129
395	1187
442	1429
415	1317
382	1135
449	1292
422	1139
404	1217
427	1220
418	1198
427	1017
392	869
456	1083
373	836
446	986
459	944
394	855
367	873
415	1157
374	1220
425	1178
413	952
403	1381
444	1300
402	1172
459	1247
419	1187
378	1064
412	1215
393	1126
342	1332
425	1271
431	1156
401	1063
392	1443
397	1284
428	1068
378	1152
391	1261
381	1269
372	1213
415	1530
401	1324
358	1242
363	1320
417	1434
413	1191
370	1172
441	1293
416	1084
410	1134
342	943
380	946
386	1089
396	1250
437	1157
366	1112
391	1131
366	1438
360	1381
415	1243
379	1403
376	1233
383	1315
380	1249
365	1358
393	1026
388	1080
342	1190
356	1220
385	1102
444	1144
381	1127
357	1065
402	1143
423	978
341	1005
414	1254
407	1235
434	1053
377	1114
322	1030
377	1012
349	1244
363	1189
382	1115
409	1040
449	1112
416	1199
417	1014
419	1061
398	1114
402	1123
434	1110
476	1023
447	1267
391	1243
439	1121
459	1139
481	1037
453	1157
459	1284
546	1235
548	1260
604	1289
653	1055
632	1033
579	1094
669	971
623	914
659	819
594	879
547	974
618	1021
522	1175
509	1051
468	1109
463	1080
432	1038
437	1319
420	1230
453	1123
439	899
399	986
412	932
371	1185
402	1115
438	1233
390	1183
358	1067
369	1056
381	1132
360	1196
385	1051
327	1074
343	1174
366	1060
407	1211
372	1117
395	1037
371	1068
389	1130
372	1136
343	1126
398	1167
416	1120
380	989
361	1083
383	1042
408	1015
394	1042
378	1064
378	959
404	986
422	1162
341	1209
378	997
373	960
412	904
433	952
418	1091
378	1179
341	1249
372	1094
461	1117
380	1174
441	1293
391	1192
406	953
382	1127
361	1140
349	1237
387	1269
385	1181
348	1198
367	1129
353	1047
371	1122
330	1219
456	1247
377	1196
468	1097
435	1195
397	1064
424	1207
451	1248
387	1213
360	1167
400	1206
366	1269
381	1340
376	1129
344	1048
402	1297
351	1160
438	1148
452	1026
427	978
458	1072
384	972
412	1022
394	1223
448	1060
434	1008
442	985
422	1003
449	1006
473	927
465	1092
409	942
428	971
433	902
457	920
450	933
409	869
419	1024
394	958
384	978
410	927
423	1159
378	1178
401	1037
418	1000
401	1036
354	1076
392	1091
394	1122
382	1144
435	1152
400	994
436	1079
387	921
382	1154
372	816
392	1042
372	993
391	851
383	1054
366	1146
375	1147
384	1110
372	1084
338	1209
358	1191
376	1281
358	1250
387	1037
370	1159
352	1124
384	1265
387	1090
388	982
414	1184
432	1023
385	1122
434	1128
360	1159
409	1158
402	1299
406	1145
369	1189
398	1052
421	1097
397	1162
452	1050
422	1038
382	1087
407	1195
396	1037
396	1025
448	1153
366	871
374	954
365	960
399	1095
380	1025
389	1006
366	989
441	941
403	1005
359	1053
358	1067
364	982
362	979
374	1073
378	1139
368	1148
404	1307
338	1322
354	1103
395	1200
406	1368
421	1393
388	1267
378	1049
387	1033
361	1073
378	1230
370	1281
366	1204
355	1242
365	1271
366	1283
337	1079
395	1041
373	1022
391	980
415	948
423	1094
372	1327
385	1317
404	960
338	884
376	969
378	1116
347	1113
376	1124
438	1454
461	1301
398	1135
438	1042
397	1053
416	1077
366	964
365	1055
351	1046
434	1101
388	1053
415	1105
429	1094
433	1056
389	917
408	990
397	950
422	1000
396	1079
372	1112
431	922
374	870
409	1042
411	1098
353	1157
360	1160
383	1240
410	1210
344	1148
432	1010
407	1199
428	1100
394	1307
414	1246
417	1128
447	1198
402	1214
417	1338
443	1284
442	1064
368	988
422	1182
385	1056
396	1062
434	1154
385	1158
400	1269
350	1210
415	1332
398	1369
416	1452
418	1169
394	1090
367	1140
412	1168
428	1196
391	1139
390	940
387	1257
407	1243
430	1176
399	1219
406	1209
380	1200
383	1182
371	1259
441	1159
407	1136
442	1046
373	1083
405	1179
437	1049
393	1173
401	1147
373	1119
419	1094
407	1377
424	1270
443	1115
382	1090
417	1106
461	1259
421	1098
462	1313
427	1082
501	1129
488	1240
505	1042
480	1078
493	925
472	1072
467	1097
470	1113
498	996
488	1075
427	1190
418	1078
445	1262
504	934
441	1109
435	1243
485	1193
488	921
435	1143
474	1263
484	1221
491	1126
504	1036
504	1064
536	1082
542	1172
503	1099
537	1286
509	1071
514	1124
511	975
564	941
511	1028
499	999
489	1010
565	1122
515	1179
445	1131
538	978
551	1096
518	1125
529	1046
461	1182
496	975
471	1194
508	1130
549	1019
472	1100
509	1194
546	1078
527	1161
634	1167
577	1021
553	1118
559	1140
581	1190
553	923
520	885
549	996
550	1138
493	1186
517	1511
564	1161
470	1208
547	1074
547	1237
532	1309
526	1319
554	1236
604	1328
592	1242
592	1122
574	1124
606	1090
562	978
557	1005
634	1077
571	1172
607	1027
548	867
567	966
585	962
526	1044
519	1066
548	1121
559	1174
587	1115
653	1145
565	1249
582	1186
591	972
606	1221
635	942
612	1200
574	1131
523	958
494	1024
469	1144
528	966
502	1118
487	942
546	832
534	995
555	1291
463	1231
523	1066
503	1067
549	1142
523	1147
483	1178
479	1011
527	1296
553	1336
549	1455
544	1230
516	1073
553	1171
551	1391
538	1374
555	1152
626	1278
516	1315
544	1207
558	1233
544	1101
594	1065
628	1129
538	1243
508	1159
533	964
531	853
491	984
567	909
523	975
553	955
508	992
526	776
497	956
534	1387
540	1299
547	1232
564	945
509	923
569	1020
552	1123
617	1310
614	1505
597	1160
574	1270
530	1233
581	1148
592	1092
564	1238
556	1162
583	1287
587	1159
648	1174
693	1065
615	1269
653	1398
692	1488
787	1041
710	929
703	1193
735	1068
731	1095
784	1112
873	1264
925	1315
961	1102
981	1097
1043	1058
1079	1100
1065	1134
1019	1119
1137	1143
1037	1033
1096	1065
1123	1191
1151	1165
1117	1142
1166	1294
1292	1111
1433	1256
1465	1336
1389	1437
1525	1425
1890	1357
2141	1541
1985	1480
2086	1518
2473	1603
2715	1411
2913	1465
2882	1619
2662	1623
2799	1586
2850	1467
2667	1325
2501	1403
2315	1552
2215	1289
2165	1293
2001	1372
1932	1358
2078	1270
2018	1041
1754	1108
1524	1039
1375	863
1556	1164
1566	1107
1333	1117
994	1078
861	994
874	1152
974	1008
889	980
752	1083
611	1051
639	931
623	897
612	1189
532	1202
573	1145
549	1004
509	1224
506	1157
456	1062
502	1065
479	1348
493	1226
506	975
521	989
472	1009
448	1149
480	1168
479	1131
512	994
522	1083
543	1267
488	905
481	893
501	1007
550	1000
563	1233
550	1057
514	1053
554	919
513	1067
507	1010
513	1105
526	1084
531	1076
507	1083
466	1055
515	1073
483	1089
505	1143
559	1092
568	1280
560	1290
547	1262
583	1169
564	1108
547	1100
518	1222
515	1316
517	1461
553	1126
517	1119
514	1086
453	1161
529	1050
466	858
526	1073
507	1122
504	1168
509	1302
495	1135
469	968
441	1101
465	1157
552	1181
537	1090
527	1101
499	1033
495	1103
515	1084
458	1212
481	1250
494	1134
474	1045
493	1051
422	1081
436	1085
443	983
458	1027
448	1168
415	1064
520	1325
438	1123
466	1264
473	1108
475	1171
483	1364
445	1208
432	1213
521	1296
523	1076
498	1371
434	1256
471	1104
457	1154
486	1147
466	1152
461	990
433	1173
500	1141
473	1161
494	1169
445	1093
481	1200
510	1173
499	1033
490	1041
485	1033
487	1039
516	1183
519	1070
516	1005
470	1094
579	1300
648	1156
619	1097
632	1210
630	1197
622	1241
728	1251
720	1265
765	1102
688	1213
800	1212
980	1146
986	1156
889	1113
865	1066
851	1111
1086	1232
1473	1116
1616	1059
1515	938
1408	1062
1465	1016
1676	920
1824	1010
1798	1170
1567	1016
1405	1068
1469	1038
1358	1068
1313	951
1506	1136
1383	1111
1324	1159
1195	1113
1174	1064
1150	1137
1207	1268
1086	1341
939	1209
907	1071
1001	833
1090	997
1206	1023
1086	1023
981	918
1032	1170
1027	1102
985	983
874	989
858	998
824	965
783	908
740	1067
584	1028
556	1015
619	1200
611	1317
613	1178
586	1057
564	1115
561	1053
547	1216
518	1053
551	1165
558	1031
558	1026
503	821
499	1046
500	1094
547	1110
486	1126
514	998
502	1179
482	1277
441	1342
490	1361
447	1146
474	1379
455	1209
379	1356
422	1232
405	1018
457	1157
469	1146
466	1102
407	939
462	1120
448	1227
430	1108
458	1190
470	1380
455	1390
405	1215
406	1124
348	1022
433	1283
414	1232
433	1237
396	1058
381	1361
428	1467
380	1139
361	1096
386	1183
403	1059
418	1213
411	1150
353	1041
397	1050
421	1232
431	1009
431	1121
389	985
412	1063
446	1142
450	1300
430	1232
424	1061
349	1112
365	1094
368	1151
368	1127
368	897
473	1096
444	1140
370	1324
371	1040
382	1196
414	1075
387	1039
401	1183
407	1099
399	1085
396	1136
382	1144
413	1063
345	1311
405	1006
396	1159
397	1366
408	1272
362	1255
457	1124
461	1191
384	1116
408	1254
426	1369
408	1391
382	1208
364	1234
402	1211
391	1257
417	971
395	914
387	1023
360	1160
343	1168
410	1220
425	1074
416	1151
387	1054
453	1177
463	1203
437	1287
431	1040
366	1134
339	1188
375	1236
402	1396
379	1081
399	1260
423	1185
389	1224
343	1058
363	1051
382	1123
423	1216
482	1038
414	1095
419	1071
427	1300
430	1282
383	1055
408	1122
397	995
424	988
424	960
411	870
391	1032
468	1070
466	1274
410	1089
493	1365
486	1123
493	911
448	971
469	970
488	1181
465	906
505	917
503	911
455	1084
501	914
531	1062
449	1020
492	964
479	1019
500	953
524	941
509	955
507	900
501	981
511	1083
519	1033
494	1044
538	1227
546	1224
524	939
541	1110
571	1211
579	1053
633	942
654	983
663	1151
647	1244
645	1250
708	1151
724	1171
717	978
680	999
704	936
720	1098
694	1236
705	1182
675	1121
686	963
695	1190
697	1185
733	1312
734	1313
750	1126
811	1178
781	1341
793	1279
792	1378
759	1184
823	1215
751	1212
859	1136
797	1123
839	1276
823	1179
854	1104
771	1169
799	1335
717	1127
703	1055
708	1041
703	931
760	988
711	1050
737	833
781	1101
779	1119
679	1092
732	992
748	1085
706	1033
725	1248
801	1142
765	1050
755	1257
777	1197
757	1142
819	1120
827	1138
740	1069
720	1130
717	1097
722	1043
763	1006
761	1229
832	1453
788	1308
834	1104
835	1461
750	1299
803	1037
786	1194
972	1159
971	1098
887	886
894	1085
999	956
993	791
910	957
937	1076
854	1013
793	1010
706	1090
723	1060
710	1272
668	1106
601	990
636	1028
530	983
571	1114
549	1130
626	1040
521	1091
512	1036
476	889
561	903
526	1163
511	1033
522	1116
531	987
488	1135
413	1275
511	1376
470	1201
463	1036
453	1018
482	1122
453	997
456	967
502	930
523	972
491	1038
487	1021
512	1116
471	1198
419	1071
450	1065
434	932
452	835
479	833
464	906
509	1006
473	1006
482	1151
472	1264
442	1271
475	1349
428	1270
424	1174
480	1204
466	1237
479	1241
489	1302
503	1144
402	1088
436	1340
437	1409
437	1434
442	1435
435	1311
497	1336
466	1367
451	1287
462	1175
467	1200
421	1239
505	1022
473	1143
476	1098
468	1097
488	1190
476	1274
465	1075
412	1000
400	932
465	1059
417	1307
431	1089
424	947
413	1095
460	1090
402	1257
428	1163
431	1315
435	1163
460	1296
455	1260
407	1144
430	1203
414	1038
434	877
384	960
407	1032
406	1151
443	1073
436	1265
437	1168
441	1032
448	1319
390	1378
447	1348
379	1416
470	1282
426	1157
441	919
434	1021
435	1263
444	1270
430	1319
383	1167
397	1222
451	1193
475	1260
421	1189
396	1255
420	1522
461	1548
398	1229
490	1201
570	1123
524	1141
524	1163
472	1134
492	1082
400	1130
450	1174
448	1102
422	1253
426	1227
464	1231
517	1127
493	1240
473	1258
404	1187
391	1160
403	1120
452	1171
414	1170
405	1476
455	1241
435	1233
433	1309
429	1262
377	1345
399	990
391	1134
387	1105
377	1045
429	988
448	965
432	1100
433	1167
407	1204
432	1184
493	1330
444	1205
386	1261
418	1235
395	1313
432	1120
392	1187
452	1434
422	1359
428	1222
375	1090
401	1276
420	1258
397	1178
410	1256
437	1223
379	1044
438	1024
390	1026
389	1068
379	1249
372	1258
422	1304
441	1029
450	1086
396	1250
429	1240
472	1241
440	1445
464	1304
408	1139
441	1149
408	1130
427	1163
408	1079
411	1103
413	1264
399	1162
397	1409
423	1186
425	1045
396	1191
411	1174
430	1143
430	1159
387	1184
421	1103
385	1080
442	1119
376	1144
407	1117
418	1026
390	1027
401	1055
415	1037
444	1060
398	1020
387	1053
401	1031
406	1183
392	1175
389	1000
399	1017
398	1133
406	1084
405	1076
370	1301
406	1294
404	1405
417	1289
454	1233
398	1254
368	1339
422	1360
428	1400
353	1276
339	1370
360	1097
412	1098
383	1151
389	1172
394	1276
434	1298
442	1204
413	1151
397	1382
448	1130
417	1061
397	1130
383	1071
405	1082
402	1210
449	1207
385	1287
393	1279
428	1273
420	1090
386	1031
472	982
419	1089
418	1174
434	1263
411	1116
417	1256
450	1242
441	1125
465	998
439	1369
446	1097
439	1054
425	1048
426	1131
414	992
465	1004
496	923
487	1079
537	1163
494	1157
460	1222
478	1277
538	1168
508	1148
542	1085
511	1147
482	1345
563	1138
525	982
507	1167
490	1218
502	1240
485	1224
483	1287
504	1272
553	1058
542	1393
494	1081
472	1275
428	1111
429	1318
492	1228
424	1325
414	1673
430	1445
436	1501
458	1373
426	1133
462	1351
394	1136
420	1361
403	1349
445	1233
424	1215
483	1346
517	1368
476	1344
418	1322
437	1083
458	1081
468	1229
438	1279
417	1126
407	1150
411	1186
377	1003
418	1214
464	1221
479	1233
443	1447
502	1396
441	1333
452	1145
456	1254
435	1028
475	1171
495	1192
407	1034
441	1136
463	1231
424	1199
428	1280
488	1373
466	1307
438	1275
454	1131
443	1109
393	1241
452	1211
401	1101
491	1114
440	1189
474	1435
450	1320
482	1354
501	1315
457	1287
433	1173
447	1172
424	1192
458	1097
468	1197
467	1150
483	1314
454	1075
479	1052
466	1070
494	1171
446	1398
431	1373
445	1385
439	1093
434	1008
399	1209
404	1228
469	1305
396	1062
426	1038
422	1088
428	1211
437	1216
446	1117
484	1181
424	1145
449	1076
421	997
463	1076
419	1319
401	1191
419	1282
429	1114
420	1077
420	1088
412	1257
441	1125
431	1152
426	1289
452	1360
444	1199
434	1219
417	1235
475	1291
431	1252
468	1203
462	1262
475	1501
544	1422
454	1338
474	1143
443	1089
462	984
466	1151
495	1170
396	1228
436	1346
435	1170
449	1061
476	1186
473	1056
479	1148
474	1363
485	1289
484	1199
410	1310
446	1320
451	1332
451	1201
437	1173
445	1266
478	1261
438	1226
432	1048
443	1125
455	1099
444	1137
426	1177
479	1057
426	1342
418	1314
410	1321
470	1544
453	1174
470	1199
419	1172
423	985
484	954
513	867
447	904
457	1009
444	938
485	999
450	1181
500	1227
460	1233
407	1190
411	1325
459	1114
405	1263
450	1101
433	1118
500	1393
491	1279
407	1082
442	1076
450	1107
448	1126
466	1151
457	1239
413	968
400	961
478	1065
404	1148
437	1074
385	1086
414	1288
427	1207
387	1286
406	1206
468	1376
412	1344
460	1283
395	1309
425	1294
456	1280
465	1100
471	1159
475	900
493	1096
447	1023
436	1055
485	990
467	989
468	1019
433	1124
524	1338
511	1207
507	1320
597	1337
539	1198
503	1264
537	1281
494	1183
558	1270
588	1121
553	1135
533	1057
638	1087
578	1151
628	1322
625	1087
634	1119
648	915
606	1021
573	1127
594	1143
541	1225
607	1227
535	1099
581	1171
580	1327
521	1046
474	1186
486	1154
461	1351
492	1394
499	1124
455	1153
444	1093
433	1090
452	1040
465	1138
472	1189
461	1159
439	1103
443	1101
463	1061
484	1177
439	1213
427	1207
444	1315
394	1343
404	1382
399	1196
362	1247
368	1292
369	1100
434	1087
451	1140
429	1218
405	1053
394	1353
391	1204
393	982
426	1156
379	1249
399	1302
387	1184
344	1209
406	1092
417	1061
408	1084
408	1205
381	1294
352	1083
402	1080
370	1268
389	1435
325	1275
387	1025
370	1125
404	1113
397	1098
436	937
369	932
413	1066
433	1211
378	1181
357	1207
414	1123
431	1221
410	1234
396	993
407	937
395	1021
423	1051
390	1277
392	1061
394	982
363	1026
352	1045
429	1147
444	1002
414	991
474	1090
441	1036
425	899
380	971
401	986
425	1153
430	1039
417	1074
389	1181
381	1088
403	1032
397	1028
410	977
355	1353
395	1186
388	1106
336	1038
353	1107
399	1014
370	1014
367	1134
422	1210
424	1217
366	1186
378	1099
375	1143
371	1162
403	927
399	1253
408	1274
411	1183
377	1094
356	1180
342	1147
338	1204
365	1092
357	1065
365	1043
423	1190
383	1140
353	1162
399	1130
363	1199
366	1185
385	1118
358	1225
359	1126
360	1101
354	1206
355	1060
392	1010
371	1134
410	1171
369	1139
438	1138
446	1297
402	1416
437	1190
394	1133
422	978
402	1241
350	1151
423	1168
410	1066
425	1120
421	1132
405	1223
411	1162
416	1111
447	1065
447	1060
479	1124
406	1064
403	1080
394	995
394	1057
354	930
403	1146
382	1051
442	1150
434	1198
373	1276
451	1127
397	1412
443	1285
395	1173
372	1219
360	938
390	1127
397	1255
402	1324
395	1227
444	1359
433	1042
388	904
364	1007
396	1173
412	964
437	1001
407	845
423	1031
407	901
372	1105
364	930
403	1240
381	1155
377	1169
370	1335
406	1212
432	1259
436	1214
389	1294
420	1292
462	1480
464	1094
482	1145
436	1409
441	1371
419	1348
403	1287
417	1171
436	1333
441	1085
399	1235
442	1060
458	1038
477	990
400	1174
428	1232
428	1087
413	1082
496	957
434	926
446	1163
472	975
447	964
485	851
468	1098
472	966
406	1000
462	1015
475	1145
423	991
426	970
423	1100
417	1124
446	1025
417	1082
413	1264
379	1158
415	1060
433	1166
498	1067
365	1109
371	1239
424	1231
441	1109
433	1189
433	1296
440	1253
418	1039
419	1132
427	1175
446	1178
454	1348
419	1227
438	1059
440	1338
422	1429
388	1308
429	1014
400	1026
432	1116
389	1104
407	1145
458	1168
418	1242
425	1186
418	1231
405	1121
409	953
431	1031
417	1085
470	1106
389	1057
376	1020
423	1048
402	1020
443	1235
406	1184
486	1128
441	1234
462	1365
469	1315
499	1158
512	1140
432	988
429	984
430	1145
420	1125
442	1204
449	1045
468	1052
415	1155
457	968
427	995
448	1196
437	1244
472	1106
459	1240
463	1315
414	1158
462	1197
428	1246
413	1215
424	1299
417	1144
455	1245
480	1129
444	998
452	1008
445	1005
458	1171
476	1068
438	1219
436	1111
394	1044
424	1011
432	1066
417	1080
388	912
411	1183
469	1194
393	1078
469	1149
454	1024
464	1217
508	1323
519	1112
525	1343
488	1420
496	1288
469	1342
436	1163
492	1234
468	1076
498	1348
414	1436
455	1230
461	1282
438	1065
483	1054
496	1113
494	1253
419	1018
432	970
459	1131
533	1043
493	1005
555	1160
449	1253
454	1078
487	995
516	1075
563	1033
557	1179
524	1126
499	1136
505	1166
564	1220
532	1290
537	1198
509	1159
480	1265
478	1139
465	1152
493	1137
511	1253
463	1186
489	1050
486	1026
518	1178
505	1110
542	881
556	1019
543	1152
539	1093
548	891
531	984
504	1202
496	1253
596	1325
523	1244
477	1045
491	1291
494	1385
503	1340
480	1264
483	1100
529	1179
522	1312
558	1198
566	1274
570	1238
587	1311
498	1379
556	1409
555	1332
587	1183
633	1247
618	1188
619	1219
628	1424
581	1166
610	1176
616	1160
646	1239
630	1339
658	1364
632	1171
627	1086
660	1129
642	1035
611	1039
693	1237
589	1175
532	1117
569	1062
530	1150
562	1177
602	1104
585	1180
519	1182
524	1207
475	1360
470	1364
524	1227
493	1187
488	1351
537	1563
485	1342
476	1425
452	1136
482	1231
427	1261
394	1311
404	980
339	1055
388	1347
429	1311
407	1336
405	1044
429	1152
374	1216
404	1267
436	1386
380	1174
420	1358
406	1173
409	1105
355	1041
423	1166
452	1160
389	1280
377	1075
381	1152
360	975
370	1251
409	1578
415	1474
440	1384
362	1225
402	1128
397	1204
448	1404
373	1346
384	1243
452	1162
386	1070
386	1087
389	1126
403	1160
401	1235
421	1471
406	1320
402	1115
362	1365
372	1358
416	1375
440	1420
439	1454
426	1448
458	1235
394	1123
411	1227
377	1392
393	1403
382	1198
366	1411
400	1413
418	1528
396	1593
375	1459
391	1664
371	1281
405	1374
422	1498
374	1338
415	1342
407	1109
391	1370
458	1122
476	1186
439	1167
484	1166
444	1357
515	1400
448	1313
408	1235
369	1143
432	1013
438	1009
430	1074
463	1239
452	1066
476	1039
427	1145
418	1306
425	1348
427	1272
440	1229
431	1303
437	1115
382	1063
352	1121
403	1237
398	1014
402	1066
415	1003
468	1043
440	1095
449	1211
415	1454
431	1110
480	1272
428	1379
407	1399
363	1458
398	1277
402	1274
399	1314
407	1428
412	1493
427	1510
380	1373
412	1539
402	1387
439	1374
405	1259
407	1357
399	1360
390	1104
401	995
474	1231
412	1110
383	1206
414	1144
373	1074
381	1168
414	1111
388	988
365	1099
421	1113
379	1126
396	945
410	974
428	955
388	1209
363	1120
414	1128
412	1071
426	1174
418	1343
362	1251
403	1159
448	1094
387	1119
426	1077
424	1195
353	1185
392	1256
440	1207
447	1202
424	1305
492	1258
435	1312
451	1188
404	1232
422	1252
434	1007
435	1023
447	1163
378	1137
464	1087
449	1196
414	1071
420	1299
479	1345
408	1197
465	1446
434	1274
544	1084
476	1091
508	1156
470	1130
462	1259
471	1078
469	1277
459	1213
475	1238
450	1149
458	1203
449	1368
459	1263
429	1291
386	1141
367	1099
447	1080
406	1206
453	1203
420	1172
452	1011
386	1297
421	1066
440	993
380	1047
405	1257
389	1202
354	1187
472	1241
445	1384
439	1135
467	1475
390	1467
423	1180
379	1198
404	1166
442	1037
417	1053
458	1032
410	1075
453	1166
494	1227
476	1082
474	1215
408	1194
430	1369
408	1425
447	1314
479	1213
427	1078
469	1189
480	1162
446	1207
438	1560
477	1659
421	1519
473	1167
398	1052
405	1224
402	1168
377	1203
462	1200
431	1315
400	1226
421	1257
418	1403
373	1370
359	1227
415	1205
397	1031
383	1025
377	1091
394	1085
407	961
416	1005
381	851
376	857
416	906
434	1028
372	1014
383	996
375	1136
421	1029
427	1084
465	1039
453	959
430	949
448	914
416	854
409	952
394	992
376	978
402	1113
421	1036
358	1007
410	880
417	915
433	1074
421	1304
429	1382
416	1336
445	1095
398	1047
421	1089
412	1064
457	1107
420	1061
413	882
421	850
395	981
471	1110
424	1214
407	1046
439	1185
437	1123
413	1243
373	1292
462	1232
440	1182
408	1182
395	1033
394	1037
412	1058
367	1158
491	1228
439	1588
371	1262
417	1157
391	1163
375	1145
399	1074
378	1042
405	1163
427	971
407	976
410	810
421	1021
421	756
417	968
408	1014
414	1015
423	964
406	1482
390	1328
392	1460
333	1415
363	1163
397	1447
400	1523
406	1303
383	1264
387	1093
403	1327
381	1207
379	1025
389	1102
475	1328
416	1117
410	1098
408	1038
441	1096
483	1130
430	1095
436	1096
401	962
390	1057
395	868
342	814
414	882
402	835
379	785
375	957
390	1094
437	1149
382	1126
404	1158
397	1156
406	947
351	1102
373	1349
398	1325
427	1382
421	1231
404	1292
395	1229
373	1070
432	1024
396	1208
407	1091
442	1256
440	1328
392	1105
442	1318
417	1234
419	1335
423	1029
386	980
366	1094
358	912
366	1064
430	1097
425	1295
386	1350
371	1080
395	1204
390	1231
489	1150
444	1331
440	1282
426	1310
435	1436
466	1319
436	1205
457	1137
470	1182
514	1027
423	1138
419	1161
491	1039
464	1235
441	1245
425	1319
390	1157
461	1233
478	1142
459	1091
504	1294
524	1116
409	1242
442	1400
414	1167
420	1071
405	948
390	1005
425	1280
416	1200
435	1238
515	1110
450	1117
459	1139
395	1091
431	974
403	1174
408	1034
401	1185
406	1145
477	1123
418	1161
431	1158
406	1076
492	1144
487	1419
458	1304
476	1246
466	990
448	1043
455	1087
483	1155
521	1124
562	1231
517	1202
568	1241
549	1146
494	1196
493	1296
497	1199
441	1000
425	1113
430	953
479	1150
436	1213
446	1096
412	1036
437	1154
404	1044
410	1093
451	1235
422	1160
442	1405
437	1493
427	1451
435	1530
405	1390
435	1363
421	1415
392	1427
400	1408
381	1241
358	1157
394	1170
421	1304
442	1218
406	1310
421	1241
446	1237
387	1280
396	1407
498	1289
437	1450
405	1318
393	1238
371	1141
429	967
437	963
421	1194
392	1169
416	1186
410	1470
380	1351
390	1265
398	1070
407	1158
402	1123
382	1193
397	1419
432	1353
441	1323
424	1156
396	1262
382	1337
426	1473
360	1268
379	1154
391	1135
409	1070
383	1232
383	1350
382	1358
348	1431
374	1483
456	1261
433	1119
298	1129
396	1348
378	1621
380	1162
378	1081
401	1288
370	1243
390	1410
404	1410
368	1355
353	1309
391	1407
411	1235
423	1271
373	1429
382	1395
391	1351
367	1329
392	1235
404	1159
411	1311
371	1497
360	1482
400	1428
445	1217
418	1264
425	1234
394	1074
411	1085
370	1258
369	1177
442	1212
499	1086
422	1251
417	1264
400	1250
400	1293
388	1527
434	1272
379	1183
387	1235
397	1150
443	1176
425	1239
406	1171
417	1061
400	1139
452	1110
480	1027
428	1227
454	1006
404	1047
429	1301
436	1204
386	1341
389	1244
371	1164
393	1307
409	1238
420	1150
372	1168
372	1061
385	1298
369	1330
421	1242
404	1200
444	1182
417	1214
373	1059
400	1168
370	1020
355	1089
395	948
396	964
414	1003
374	1047
384	1157
422	1007
400	942
403	1045
459	1150
421	985
429	1031
394	1023
376	1090
416	1062
394	932
334	963
399	1063
364	840
369	854
307	866
373	921
345	1041
340	973
372	926
379	971
308	1161
348	1196
404	1100
348	1132
330	1060
344	1177
369	1131
375	1082
354	1065
361	1369
359	1271
438	1248
395	1179
373	1298
382	1469
401	1209
348	1209
382	1098
360	1054
376	1029
315	1191
402	1206
408	1145
374	1147
385	1023
352	1140
424	1338
366	1201
386	976
414	1023
429	1036
404	1107
392	992
401	994
391	1110
386	1022
408	1283
379	1119
418	1151
415	1283
445	1235
442	1267
476	1088
407	1289
329	1312
400	1278
379	1439
359	1243
403	1419
