548	885
542	1060
526	1022
489	1134
452	1104
473	998
428	934
414	1058
463	1063
441	1061
435	1031
472	1251
492	1227
502	1047
512	1102
458	1258
403	1158
418	1153
429	1040
497	1116
369	1081
447	997
459	1124
460	1089
399	1009
429	1229
434	1152
395	1105
366	1194
421	1141
365	1066
387	1097
448	1140
417	1307
428	1103
393	1021
424	1011
397	1085
425	1142
412	1119
423	1073
428	1269
435	1205
420	1303
475	1170
404	1149
412	913
439	1055
480	1137
445	1192
400	1158
477	1076
396	1051
398	1276
444	1368
461	1138
413	1061
394	1187
461	1160
441	1057
464	1016
429	979
415	1001
388	1083
370	1050
391	955
428	999
435	1104
453	1232
482	1021
517	1168
479	989
472	1141
508	1333
451	1325
496	1182
431	927
449	1117
437	1465
452	1439
465	1296
449	1322
453	1212
407	951
428	1012
522	1156
509	1130
502	1300
514	1176
485	1073
505	1117
470	1068
515	1082
565	997
552	1010
470	1073
517	1018
469	1075
484	941
516	899
436	1003
458	1108
444	1094
507	1057
457	1046
451	988
464	1046
459	1202
431	1071
463	1297
468	1208
458	1241
474	1375
475	1141
503	1141
499	1116
443	1190
496	1200
457	1352
476	1226
493	1228
525	1178
510	1188
493	1113
495	1064
534	1138
518	1118
490	1138
473	1248
432	1305
483	1339
426	1347
473	1217
512	1246
514	1306
493	1380
451	1034
513	1133
501	1221
553	1185
530	1265
589	1223
665	1246
625	1020
760	1158
856	1221
809	1262
900	1340
927	1081
1068	1172
1740	1160
2047	1268
2090	1426
1857	1332
1893	1239
2156	1246
2145	1243
2112	1212
1894	1071
1817	1040
1956	1123
2045	1355
2088	1355
2337	1574
2534	1594
2736	1440
2742	1426
2923	1365
3166	1569
3164	1670
3153	1355
2671	1273
2256	1334
2027	1308
2071	1152
1834	1277
1597	1257
1242	1025
1165	1253
1029	1273
1035	1169
834	1255
777	1179
687	1200
727	1212
633	1154
603	1085
544	1172
514	1115
539	952
494	993
464	1097
513	1241
483	1089
486	1028
529	1117
488	1183
445	1129
476	1067
456	1195
455	1080
476	1137
480	1253
463	1201
493	1203
547	1142
468	1173
431	1129
474	954
512	977
522	1050
542	1052
520	1178
558	1038
699	1013
675	1067
657	1040
681	1153
670	1230
671	1138
615	973
695	942
666	993
790	1030
870	924
891	970
883	1056
940	1007
1084	1081
1352	1040
1462	1133
1257	1190
1339	1081
1406	1211
1545	1126
1746	960
1652	1094
1721	1081
1751	1094
2066	1150
2199	1158
2035	1192
2003	1156
2303	1179
2607	1137
2971	1111
2895	931
2579	852
2450	1064
2290	1404
2228	1649
2177	1408
2223	1089
2263	1006
2478	1084
2693	1138
2867	1113
3334	998
3474	999
3810	1012
4026	998
4243	1238
4533	1326
4385	1384
4136	1410
3712	1320
3295	1250
2792	1081
2620	1032
2374	1066
2210	1043
2054	966
1904	1011
1935	995
1850	979
1864	882
1641	815
1799	782
1952	971
2010	1007
1759	1211
1548	1133
1399	1239
1277	1200
1196	989
1128	918
1044	965
862	1050
1008	1156
1001	1271
933	1223
954	1177
893	1231
906	1193
824	1154
871	1246
841	1202
762	1268
689	1282
733	1183
717	1253
638	1245
611	1139
670	1146
697	976
657	1010
633	1116
684	1403
721	1247
659	1142
685	1134
665	1139
675	1156
740	1171
750	984
701	1131
665	942
694	984
704	1078
674	1230
644	1021
613	1122
692	1027
651	1169
623	1313
655	1218
717	1094
746	1109
663	1072
738	1067
659	1250
753	1209
780	1051
742	1095
787	1130
813	1084
742	980
781	1062
696	1123
708	1202
747	1184
732	989
706	1154
684	1268
632	1097
795	1124
867	1189
900	1375
984	1260
1018	1189
1116	1269
1198	1385
1126	984
879	871
918	901
864	1001
791	924
823	927
795	1057
785	1250
723	1400
785	1188
708	1142
670	1116
700	1079
732	1349
645	1109
763	1183
677	1209
757	1074
660	1047
693	1172
644	1348
672	1210
685	1038
693	1067
715	1136
735	1114
663	904
656	1009
715	1004
729	1186
724	1266
712	1138
775	1172
765	949
986	990
935	962
986	909
892	1096
996	1059
891	1053
878	1114
822	1010
839	1093
831	1070
864	1103
734	970
870	1006
850	1177
840	1121
748	1166
697	1260
663	1166
716	1056
708	1151
609	1177
689	1249
623	1013
723	1042
744	1144
687	1093
586	969
622	1064
670	1054
676	895
674	1034
602	1034
588	1157
630	1102
627	988
597	1095
624	1024
610	1029
642	1000
639	1096
734	1123
671	1076
710	1275
675	1064
611	1124
660	1201
615	1327
580	1268
630	1147
623	1259
643	1227
518	1106
591	1248
596	1080
566	1270
646	1120
609	1205
600	1423
663	1341
707	1258
653	1353
670	1234
649	1184
603	1235
622	1306
596	1243
663	992
622	1112
592	1139
636	962
604	1060
656	1049
575	1236
621	939
627	1028
651	1077
604	899
616	918
684	938
668	918
665	1142
604	1203
661	891
678	911
666	912
642	947
618	916
628	852
609	813
610	968
630	914
683	904
550	858
691	963
653	963
649	973
602	893
650	974
616	1046
654	1133
648	1050
604	897
623	1008
670	1081
619	1210
599	1029
595	976
595	987
579	997
544	983
696	1005
600	953
631	1101
728	1057
660	872
713	1077
659	1015
688	1004
667	1119
701	1288
693	1170
749	1225
779	1168
798	960
727	978
694	931
711	908
725	855
711	781
711	944
709	946
685	1081
742	924
719	1088
754	986
734	955
693	884
735	833
716	1065
668	1154
706	948
712	883
754	895
673	847
694	900
606	877
732	941
724	1131
774	1185
754	921
698	983
727	1052
726	1096
751	1101
721	1050
683	1042
765	1064
791	1154
747	1299
689	1112
726	1060
731	1084
715	960
714	1077
722	999
689	1129
774	938
772	1167
763	980
684	916
748	1034
725	1066
727	963
723	936
789	1017
766	1056
747	973
759	1050
755	1030
794	947
834	1224
772	1257
694	1308
687	1285
753	1377
673	1102
685	1042
667	1120
724	1080
754	1188
711	1044
680	1081
754	1113
740	1010
741	1003
695	981
710	1041
793	1010
775	1157
783	1177
714	1225
763	1159
833	1105
764	1095
772	1138
888	1155
832	1039
824	1100
792	1096
703	964
719	888
707	969
735	1100
707	1144
675	983
728	1019
665	1014
748	919
693	967
623	1132
662	952
676	1037
669	1137
686	1118
707	1402
636	1247
703	1204
626	1291
639	1236
654	1147
640	1277
632	1299
653	1075
676	1220
697	1180
690	1191
657	1206
639	1404
701	1354
712	1218
718	1116
699	1101
686	1184
634	1260
701	1070
712	1280
671	1184
638	1129
625	1108
641	1191
685	1142
631	1051
685	1003
684	1038
618	1115
643	1245
643	1272
636	1369
663	1201
596	1037
624	1176
628	987
579	979
569	1053
599	976
615	1095
622	1066
585	1175
644	1148
624	1199
599	1032
573	1113
611	988
573	1038
505	1055
573	979
600	974
581	1089
575	1064
588	1046
553	1367
510	1204
540	1190
541	1279
570	1269
576	1094
656	1208
531	1123
550	1289
582	1224
551	1108
540	1277
553	1257
516	1325
529	1309
509	1457
501	1240
526	1060
554	1157
528	1134
521	1139
556	1171
539	1231
502	1113
492	1003
488	1084
515	1171
560	1193
562	1214
515	1141
560	1160
486	1190
489	1163
540	1200
537	1282
526	1297
553	1378
520	964
519	1182
469	1255
502	1034
457	1052
429	1190
460	1355
549	1214
473	1119
529	1095
545	1306
523	1274
504	1257
481	1115
532	1153
518	1280
494	1159
485	1035
520	1082
533	1149
528	1262
501	1323
468	1179
523	964
537	1246
554	1140
602	1042
637	1111
611	1085
660	1024
670	963
749	891
751	976
822	1142
838	1048
862	1315
853	1304
959	1192
899	992
823	1125
883	1129
900	1102
858	1092
765	1196
764	1093
733	1054
724	1085
766	1188
705	1331
596	1322
587	1240
581	1114
591	1070
549	1071
588	1059
546	1221
571	1315
560	1247
642	1082
625	1123
625	991
560	984
543	1183
574	1020
508	1092
562	1167
552	1000
486	1058
557	891
509	1002
542	943
537	1271
506	1066
588	990
534	972
517	1039
528	970
584	964
557	912
590	982
555	1213
603	1169
558	946
569	992
561	1050
598	1047
602	1232
572	1140
620	1398
639	1383
695	1116
685	1104
679	1087
662	1245
812	1092
1176	1037
1422	1115
1332	1141
1089	1231
1112	1023
1523	1177
1961	1134
1585	1374
1237	1345
1341	1386
1607	1220
1605	1129
1599	1125
1631	1197
1884	1291
2206	1283
2070	1386
2135	1495
1994	1389
1878	1280
1960	1203
2337	1100
2639	1160
2098	1395
1788	1184
2111	1407
3087	1662
3955	1540
3714	1505
3519	1448
4016	1536
4639	1896
4365	1848
4113	1631
4197	1712
4224	1598
3667	1512
3108	1507
2778	1604
2997	1406
2938	1384
2559	1501
1875	1246
1750	1382
1895	1424
1795	1266
1472	1338
1130	1481
970	1303
1009	1200
979	1173
840	1269
759	1024
724	1052
689	1118
663	1295
643	1197
656	1182
692	1113
656	1218
652	989
631	906
627	1190
627	1240
703	1185
598	1326
606	1173
600	1197
534	994
517	1051
491	1079
480	1140
511	1131
522	1169
528	1210
556	1416
533	1226
574	1121
541	1294
602	1288
552	1133
490	1195
522	1224
521	1352
538	1558
551	1265
524	1249
527	1424
530	1187
511	1260
484	1304
498	1221
499	1056
472	1009
453	1077
486	1071
426	980
511	1101
499	1292
480	1386
449	1277
507	1255
413	1189
398	1109
447	1046
449	1003
444	1093
477	984
459	1284
437	1160
513	1104
416	1163
442	1286
455	1285
446	1240
394	1270
488	1245
468	1560
427	1338
426	1297
462	1381
487	1337
448	1166
454	1303
477	1321
410	1209
411	1173
494	1155
474	1068
459	1114
460	1016
421	1156
469	1134
406	1128
389	1076
413	1057
463	1148
431	1228
485	1183
434	1013
426	1329
457	1199
474	1168
426	1083
453	994
445	1056
481	1092
423	1130
506	983
471	1339
491	1172
499	1108
455	1110
474	1305
421	1406
453	1360
449	1371
483	962
526	1153
420	1282
505	1339
464	1125
501	1179
574	1089
476	1188
445	1209
507	1364
483	1449
472	1302
560	1200
542	992
540	952
489	953
520	1193
488	1045
468	1041
481	1165
497	1098
504	1067
471	1235
501	1226
469	982
580	1141
511	910
459	1212
520	963
497	1106
472	1205
499	1220
471	997
422	1073
482	1299
516	1200
482	1022
479	1032
484	1077
533	1033
509	945
450	1087
466	1254
438	1065
412	972
437	974
467	1046
471	990
437	985
463	1175
450	1271
432	1277
509	946
460	1025
466	1014
403	1140
408	1272
457	1273
456	1204
447	1186
458	1197
458	985
420	1106
444	1131
406	1289
453	1087
434	1163
417	1041
445	1169
419	1100
487	1005
515	1259
410	1088
431	1028
426	1101
444	1028
408	1303
437	1188
451	1201
472	1215
411	1144
385	1107
408	1025
410	1122
427	1213
509	1236
507	1191
449	1226
440	1173
422	1363
410	1272
422	1094
483	1104
400	1176
447	1231
398	1135
503	1110
504	1107
444	1013
494	1123
471	1156
409	1334
392	1173
515	1128
413	1099
420	1166
470	1167
453	1266
427	1458
440	1238
498	1274
415	1017
441	949
413	1059
410	1174
404	1174
450	1275
416	1137
391	1028
465	1189
412	1174
411	1049
441	973
477	1064
470	981
513	1121
439	1165
444	1102
485	1266
413	1370
417	1247
432	1241
390	1231
426	1030
425	1187
400	1176
424	1121
412	1399
423	1351
429	1304
448	1271
431	1284
435	1344
487	1319
431	1147
439	1108
452	1041
442	939
473	1103
462	1114
441	937
513	1065
468	1103
488	1079
485	1303
457	1043
496	1232
443	1041
456	989
413	961
494	1122
449	874
471	860
517	973
520	961
494	1048
447	1276
413	1172
494	1007
439	897
447	1021
461	1132
448	1142
414	1185
429	1168
437	983
503	900
477	1063
428	1155
458	1319
489	1156
431	1041
425	1080
466	1044
448	974
427	1196
424	1154
405	1374
450	1386
444	1138
453	1136
532	1022
520	1217
517	1049
482	1036
409	1032
443	950
519	1055
496	1051
447	1112
445	1108
453	1126
453	1062
443	1312
477	1163
447	1185
423	1099
424	1085
404	1280
424	1116
425	1110
419	1044
399	932
428	949
396	872
418	876
468	806
465	1033
432	840
421	1140
483	900
454	883
465	1090
456	1064
468	1066
486	1121
376	1232
404	1101
442	1215
433	1005
434	1047
486	1092
450	1088
438	1080
421	1167
480	1132
459	1150
489	1275
499	1222
454	1001
437	960
521	1143
476	1045
520	1165
491	1342
479	1186
516	1247
499	1337
476	1269
527	1257
556	1221
525	1107
543	1332
515	1242
536	1269
618	1006
528	980
540	1070
627	1171
642	1132
641	1165
713	1174
704	1078
772	1160
784	1122
797	1102
969	1081
786	1212
832	1148
807	1029
753	956
634	916
695	1203
641	1185
582	1196
593	1142
517	1061
558	1246
563	1131
513	1122
533	1115
540	1035
596	1036
615	1027
578	1150
612	1034
556	954
627	1021
595	1079
605	849
578	906
577	994
550	1045
608	1165
514	1057
559	1137
531	1230
520	929
550	943
509	956
508	931
495	1014
533	984
592	1175
573	1116
541	1084
566	1052
553	945
469	969
546	918
586	1160
585	1113
520	1092
488	1173
487	1045
496	1181
461	1119
481	1120
500	1089
463	1046
441	1039
445	1057
416	1267
470	1254
455	1419
462	1373
417	1408
389	1254
427	1288
433	1272
416	1267
425	1038
434	974
437	1012
380	1186
455	1097
417	1012
417	1210
451	1159
501	1459
463	1192
450	1332
450	1601
413	1557
462	1523
507	1440
455	1179
396	1226
446	1265
422	1340
424	1210
437	916
436	952
418	974
422	1216
466	1187
455	1005
440	1093
468	1075
411	1202
450	1116
506	1058
518	1364
472	1334
493	1070
482	1163
449	1193
419	1135
414	1176
421	1085
474	1125
428	1174
487	986
401	1030
403	852
377	1011
450	1178
406	1036
388	1253
355	1047
433	908
395	783
452	955
455	939
430	999
421	916
416	1000
449	1059
404	1083
467	963
440	981
409	1009
449	1137
458	1223
449	1342
433	1271
438	1232
538	1159
594	1063
526	1119
530	1329
522	1236
665	1098
620	1144
630	1072
672	1101
698	1196
668	1151
658	1028
607	1040
592	1179
561	1227
470	1372
416	1142
459	1235
404	1112
413	1270
470	1407
458	1138
506	1153
462	933
538	989
423	879
456	1062
499	1035
389	1102
415	1135
448	1039
405	1238
403	1045
472	1344
392	1188
428	1264
442	1240
466	1220
465	1179
430	1024
415	1156
476	1281
485	1251
435	1014
450	1027
447	1201
417	1131
540	1261
510	1146
491	1205
514	1061
498	1146
563	1118
565	1283
577	1293
625	1047
705	1155
680	1318
679	1334
627	1215
672	1387
789	1343
678	1414
553	1356
447	1259
480	1538
434	1415
456	1175
460	1217
429	1369
454	1230
414	1175
393	1029
438	978
420	862
415	1006
417	1006
399	1162
401	999
443	1014
465	1037
452	1195
464	1077
502	1067
533	1168
445	1136
482	1263
429	1253
457	1250
444	1188
419	1188
437	1047
506	1020
425	1092
483	1141
450	858
502	1013
475	1265
456	1208
459	1074
399	1204
497	1235
462	1180
449	999
450	1061
475	1200
425	1360
429	1361
412	1266
413	1303
439	1185
432	1280
455	1364
412	1491
409	1339
443	1198
442	1233
351	1456
398	1291
383	1358
406	1297
381	1429
397	938
475	1137
419	1257
420	1242
412	1102
375	1285
444	1171
451	1238
395	1153
339	1037
401	1131
363	1211
386	1093
391	1019
423	979
351	916
419	878
398	837
452	1018
437	1165
494	1271
456	1301
399	1093
393	1072
425	1011
396	1044
398	1056
464	1139
395	938
423	1065
415	1162
414	1124
454	1068
402	1129
432	1183
421	1183
384	1133
397	1074
458	1039
392	1062
459	998
388	1086
446	1044
437	1105
487	1179
457	1415
445	1333
395	1153
439	1161
454	1356
473	1154
406	1075
410	1243
352	1098
352	1026
410	1122
407	1280
432	1304
423	1381
455	1419
409	1553
425	1361
475	907
445	980
434	1168
402	1074
417	1265
449	1105
418	1091
391	1191
388	1111
379	1036
410	1024
366	1094
379	1032
377	1059
358	1019
406	1166
472	1262
423	1178
430	1336
417	1080
444	1184
444	1193
443	1220
455	1307
474	1059
504	1054
460	1111
483	1088
432	865
439	1054
465	1226
502	1253
508	1032
500	1202
508	1247
451	1072
432	1097
470	1134
429	1073
386	1184
459	1177
446	1249
469	1242
454	1034
459	1023
440	1172
509	1182
442	1435
417	1373
405	1397
453	1370
456	1404
420	1476
376	1284
387	1227
443	1249
414	1076
452	1315
443	1124
474	1333
470	1464
424	1279
401	1306
424	1006
446	1182
448	1275
507	1306
427	1250
477	1019
397	1196
404	1230
415	1118
447	1213
410	1042
410	1058
397	1099
463	1273
439	1417
425	1365
397	1399
463	1293
433	1416
427	1257
432	1241
441	1300
425	1186
397	1328
466	1440
415	1461
417	1418
401	1424
380	1570
422	1714
443	1710
445	1304
427	1126
437	1074
422	1157
436	1111
405	1068
409	862
434	1239
416	1342
454	1533
461	1174
400	1373
393	1278
450	1110
468	1028
460	1167
446	1329
404	1373
431	1158
444	945
447	961
488	1135
421	1011
391	1035
403	1135
484	1113
517	1299
493	1290
471	1384
418	1279
470	1167
451	1347
414	1087
381	1089
372	1505
411	1342
397	1194
462	1103
432	1042
436	1142
365	1164
369	1036
479	1072
428	1171
457	1303
467	1202
461	1029
450	1112
469	1111
440	1037
441	1247
425	1181
445	1193
377	1150
440	1059
456	1179
405	1056
476	1112
488	1090
384	1117
437	1234
450	1191
482	1205
413	1122
499	1190
491	956
506	1211
478	1159
446	1207
509	1260
472	1114
460	1097
472	987
444	1136
383	919
438	975
426	996
420	1126
468	1144
396	1063
476	1033
490	1147
486	914
450	926
447	1039
559	1067
483	1129
444	1213
447	1219
483	1120
462	1078
446	1373
461	1373
449	1223
473	1299
411	1214
402	1274
523	1223
459	1166
460	1052
470	1131
438	1253
403	1223
508	1146
479	1291
459	1377
389	1370
436	1502
453	1372
461	1315
468	1131
454	1249
445	1299
462	1202
429	991
478	953
484	1038
439	973
453	957
411	1006
461	1166
480	1230
458	1419
480	1367
453	1181
493	1111
448	1223
414	1297
407	1034
397	1132
471	1103
440	1165
456	1173
446	1445
455	1701
446	1210
489	1298
431	1116
482	1304
508	1250
478	1244
439	1369
461	1194
556	1051
474	1223
537	1125
515	1347
445	1195
536	1149
481	1243
468	1085
457	1242
483	1153
449	1029
509	1184
540	1294
511	1165
588	1052
550	1140
549	1264
521	1312
424	1184
504	1243
507	1494
563	1418
502	1695
549	1561
621	1392
568	1440
599	1355
584	1459
671	1271
624	1137
549	1106
630	1157
568	1241
528	1077
514	1335
543	1231
528	1259
527	1044
541	1054
485	1142
514	1162
488	1217
542	1235
506	1197
480	1219
407	1047
420	1036
467	1195
455	1019
384	1066
416	1053
437	1022
461	1091
447	1157
503	1223
427	1083
418	980
430	1067
448	1159
411	1170
488	1218
428	1122
420	1231
437	1013
469	1116
421	1246
428	1140
377	1123
483	1012
484	1053
446	1065
424	1098
468	1092
454	1144
480	1131
474	1187
422	1215
415	1256
451	1298
439	1141
441	1165
449	1117
412	1068
408	1045
420	1113
464	1439
464	1521
445	1299
433	1345
420	1208
403	1053
453	1220
458	1100
449	1142
414	1423
409	1525
460	1303
404	1281
464	1411
457	1416
458	1190
424	1205
446	1076
428	1223
454	1306
456	1331
466	1173
440	1240
422	1338
411	1066
454	973
466	1300
414	1193
430	1125
451	1250
434	1071
481	1257
466	1180
424	1128
422	1241
440	1288
419	1110
356	1081
488	1245
426	1261
451	1024
428	1006
415	1044
434	1050
467	1176
454	1051
496	1059
409	1150
472	1186
493	1151
515	1078
491	1098
509	1058
461	976
490	1095
440	1031
488	1089
477	1052
448	1156
471	1084
466	1220
477	1214
432	1126
456	1038
502	1112
486	1199
482	1230
458	1035
495	1217
483	1267
480	1306
457	1310
488	1268
428	1112
492	1381
503	1313
482	1391
489	1387
479	1258
496	1377
490	1447
516	1438
511	1193
510	1072
533	1185
497	984
502	1266
499	1216
518	1071
502	984
541	987
546	919
492	982
472	1061
472	1068
533	1111
526	1325
493	1151
482	1162
452	1087
486	1137
498	1157
500	1151
423	1200
514	1101
496	1255
489	1171
480	1102
433	1399
449	992
546	875
497	898
487	1005
473	1029
481	948
441	1117
435	1089
459	1132
479	1306
462	974
489	979
517	1152
495	1184
477	1152
561	1129
570	1163
524	1407
478	1506
518	1486
495	1252
472	1307
529	1100
491	1095
529	995
484	979
477	1028
519	1132
516	1094
571	1128
508	1112
488	1118
483	1085
486	1026
508	1153
462	1352
443	1068
471	961
493	1046
511	1113
514	1232
577	1034
628	1023
632	1186
722	1299
674	1312
690	1700
617	1528
546	1313
505	1680
475	1447
449	1486
514	1429
459	1328
486	1439
474	1286
440	1280
521	1233
469	1269
461	1291
424	1265
446	1286
460	1363
524	1549
505	1312
493	1298
497	1225
459	1251
456	1223
498	1239
522	1194
516	1060
487	1216
469	1016
447	1181
462	1133
475	1065
474	1293
457	1236
441	1329
484	1310
488	1305
542	1469
521	1443
542	1232
527	1211
548	1286
542	1116
520	1106
501	1045
471	839
482	1064
477	1041
493	1042
474	1005
503	1003
476	1085
469	1199
506	1340
482	1242
488	1155
454	1092
480	1150
452	1184
487	1156
499	1301
514	1264
520	1109
547	1235
462	1131
462	1224
521	1159
576	1075
561	1251
538	1140
559	1158
554	1184
534	1197
563	1200
503	1226
592	1284
549	1125
514	1030
618	1036
587	1051
499	970
543	1179
551	1054
591	1036
547	1119
575	1056
569	977
605	941
579	1116
566	992
585	1019
599	1025
593	1111
595	1012
581	1092
613	1172
628	1087
644	1177
708	955
657	1188
687	1131
667	1068
635	1083
656	986
714	1037
728	1162
660	1040
695	1218
694	1146
665	1183
651	1177
682	975
687	894
653	970
696	1094
667	1001
694	1247
717	1121
704	1244
688	1050
728	1080
716	1094
708	1034
767	1115
862	1055
963	1130
904	1214
729	1346
703	1279
763	1318
809	1281
794	1144
726	1014
663	1034
676	1144
690	1230
781	1187
760	1170
708	1278
715	1181
731	1116
716	1152
794	1076
769	1043
735	1323
791	1242
766	1043
741	1038
718	1098
668	1187
702	1202
694	1042
726	1102
698	1121
700	904
736	1130
691	1098
662	1296
653	1173
683	1315
657	1216
670	1303
636	1324
631	1263
716	1269
640	1367
595	1491
630	1194
623	1311
558	1359
581	1484
593	1300
614	1282
621	1280
558	1229
583	1361
539	1065
608	1201
607	1325
552	1246
607	1241
515	1348
500	1119
543	1189
551	1126
523	1244
511	1136
522	1227
577	1471
573	1162
525	1043
476	1024
525	953
530	1136
531	1091
512	1143
492	1201
486	1203
524	1110
524	1191
523	1253
483	1213
528	999
536	1019
433	1195
507	1134
510	1114
509	1095
466	1134
491	1203
484	1168
532	1374
516	1331
449	1125
458	1012
555	1184
537	897
492	913
448	982
429	1093
467	1020
469	1141
431	1201
495	1449
465	1088
468	1242
477	1372
490	1204
575	1253
592	1162
537	1241
600	1167
559	1083
587	1082
479	1152
558	1221
568	1229
520	1108
506	1028
498	960
527	1096
607	1053
504	1242
466	1000
433	1135
454	1007
447	1105
495	973
460	1265
432	1217
381	1115
532	1066
448	1254
491	1106
498	1145
482	1295
490	1213
477	1159
490	1175
466	1200
484	1238
498	1328
491	1351
485	1271
499	1278
393	1064
428	1119
423	1038
461	1132
485	990
497	917
396	1055
405	1173
444	1067
418	1051
403	1259
502	1098
473	897
473	1074
467	1076
428	1002
429	1049
476	1062
476	1162
455	1226
476	1101
425	1416
435	1322
499	1479
481	1443
449	1159
435	1347
410	1182
468	1150
429	1052
546	1192
483	1413
425	1474
436	1467
415	1329
470	1100
433	1125
410	1214
456	1474
433	1282
435	1413
494	1144
430	1046
413	1270
453	1070
440	1145
389	1149
490	1135
506	939
445	1083
427	1243
387	1148
427	1118
482	1033
510	881
445	998
459	1162
454	877
478	903
479	1110
422	1116
464	1041
439	958
495	1102
489	1043
509	1249
495	1169
485	1043
437	1100
505	1193
473	1016
466	1051
461	1033
483	1131
454	1179
489	1116
473	1154
447	1305
563	1212
615	1155
545	1252
583	1176
587	1317
582	1141
533	1059
578	1126
632	1018
616	958
589	1165
662	1277
553	1313
609	1153
734	1125
622	1128
715	1111
635	1143
663	1019
604	1211
676	1079
593	1003
689	1125
587	1112
581	1105
580	1154
534	1131
513	1142
472	1093
475	1139
497	1193
441	1231
436	1163
403	1221
464	1089
447	985
469	860
468	989
447	1007
467	1131
476	1130
454	907
460	1151
482	1173
415	1168
499	1225
458	1359
501	1272
490	1423
457	1388
568	1309
473	1169
477	990
481	1299
491	1004
445	978
449	928
444	902
430	1098
503	1120
505	1011
469	1166
513	1188
546	1165
520	1142
512	1242
535	1196
529	1170
514	1138
582	1009
592	1001
685	1082
560	1016
811	963
915	1128
839	1102
739	1123
670	1091
922	1106
1134	1212
1546	1220
1310	1116
1339	1164
1772	1127
2642	1218
3063	1357
2608	1192
2336	1153
3522	1288
4827	1329
5813	1399
5989	1479
5818	1282
5857	1245
5959	1500
6857	1644
7101	1573
6633	1394
6881	1354
7176	1531
7315	1623
6986	1492
6590	1519
6528	1634
6256	1538
6285	1509
6564	1509
6287	1400
6035	1454
6486	1313
6627	1533
6718	1546
6707	1582
6956	1574
6973	1735
6535	1560
6458	1429
6306	1793
6520	1586
6599	1694
5960	1466
5657	1355
5273	1586
5282	1662
5070	1498
4499	1355
4183	1357
4127	1401
3992	1436
4015	1423
3860	1284
3027	1078
2577	1029
2477	1065
2381	1071
2097	1285
1547	1118
1204	1441
1157	1375
1150	1258
1089	1171
845	1049
685	1224
651	1198
671	1226
737	1088
681	1197
676	1137
654	1018
643	1115
643	1062
569	1353
581	1304
579	1250
532	1287
511	1097
532	1208
514	1248
511	1275
493	1230
459	1142
458	975
493	1063
442	1109
482	1140
480	1241
486	1298
458	1110
369	935
440	1124
471	1067
439	951
497	1020
490	1279
466	1082
448	980
483	1158
466	1243
559	1308
538	1275
514	1296
445	1322
442	1267
514	1333
474	1064
473	1164
499	1131
549	1385
483	1368
518	1155
523	1206
548	1094
462	1182
472	1173
437	1152
385	1264
464	1228
472	1194
463	1152
402	1169
414	1133
380	1178
448	1164
465	1337
416	1121
438	1102
484	1168
413	1025
439	1128
401	1332
393	1133
436	1122
418	1175
392	1085
440	1090
417	1103
429	1013
433	1120
429	1145
393	1135
451	1369
440	1123
440	1189
401	1273
436	1148
399	1087
370	1284
415	1224
399	1235
396	1203
394	1254
438	1285
384	1425
387	1477
400	1373
367	1178
390	1174
408	1101
357	999
380	1036
368	1041
399	1135
454	951
400	1055
411	1062
405	1109
471	1140
474	865
421	995
435	1059
442	1045
449	991
487	1191
374	1330
448	1240
454	1358
417	1409
388	1396
367	1331
467	1233
435	1286
416	1130
459	1348
407	1114
363	989
411	1267
443	915
406	1128
402	1212
450	1324
421	1367
434	1288
506	1358
451	1339
478	1143
435	1179
413	1134
430	1155
436	1007
425	1025
525	1075
474	1204
507	1353
455	1209
487	1095
456	1192
462	1119
465	1097
401	968
431	1100
447	1172
436	1386
503	1193
448	1236
437	1348
434	1262
487	1312
423	1313
455	1258
395	1077
468	1135
468	1093
426	987
448	1077
445	1266
467	1466
482	1318
467	1186
382	1138
398	1113
414	1103
435	1178
486	1148
407	1035
463	1140
465	1145
464	1009
456	1189
460	1180
399	1218
387	1091
406	1121
465	1118
320	1144
415	1111
353	1156
447	1335
433	1340
463	1234
411	1239
463	1385
419	1322
453	1362
421	1269
383	1098
395	1243
415	1248
431	1379
406	1023
383	999
394	982
340	1251
390	1168
377	1433
425	1339
397	1163
416	1132
408	1331
399	1088
434	991
385	967
375	1117
373	1027
407	1149
433	1173
417	1191
415	1043
428	1154
390	1037
368	1071
420	1247
447	1072
438	1141
416	1169
370	1096
392	1140
428	1118
384	1254
392	1127
369	1089
407	1107
397	1400
385	1287
415	1281
362	1265
388	1065
399	1054
405	1118
470	1040
402	1029
421	1052
371	1051
358	859
388	1101
423	1211
461	1022
456	1097
397	1256
452	1031
412	1065
427	1292
381	1165
401	1142
438	1166
479	1351
470	1321
443	1225
527	1526
558	1411
527	1178
513	1060
494	1155
477	1281
544	1177
518	1287
495	1323
537	1245
528	1142
570	1436
542	1423
632	1413
613	1125
618	1234
581	1363
584	1172
554	1338
515	1170
537	1279
525	1099
503	1336
552	1205
566	1229
596	1317
632	1164
613	907
605	1078
636	1218
588	1185
627	1048
664	1059
668	1292
659	1265
642	1195
605	1046
684	1051
648	1203
612	1170
545	1224
619	1260
551	1090
562	1228
510	1171
519	1144
501	1182
481	1097
442	908
508	956
612	845
654	984
551	1019
624	1018
666	1002
653	1077
646	1164
616	1247
550	1263
567	1056
524	1084
494	1121
536	1121
539	1167
515	1298
495	1329
574	1075
535	1175
523	1394
462	1437
502	1223
463	1140
459	1042
444	1193
459	1549
455	1236
424	1106
416	1155
368	1255
499	1205
470	1201
480	1136
469	1360
399	1214
467	1245
473	1225
397	1347
484	1352
424	1306
451	1263
432	1392
396	1064
409	1161
428	1380
414	1189
485	1179
453	1482
378	1285
435	1258
408	1240
413	1180
408	1298
395	1301
376	1003
341	1358
340	1263
480	1362
432	1258
370	1113
396	1207
401	1211
394	1305
356	1074
436	1052
376	1212
438	1289
381	1420
413	1228
429	1276
390	1228
369	1122
379	1064
451	1026
432	1209
473	1250
427	1312
441	1096
482	1180
451	1147
457	1170
428	1039
518	933
566	1033
603	1352
581	1403
522	1099
507	1150
534	1373
559	1374
601	1561
592	1436
550	1390
584	1209
599	1182
609	1207
657	1231
674	1237
637	1204
709	923
653	1106
602	973
560	974
576	1260
540	1304
546	1214
582	1137
587	1104
513	1168
508	1233
548	1047
479	1145
460	1138
423	1094
420	1154
468	1150
480	1098
452	1109
461	1113
409	1276
474	1091
475	1211
485	1025
465	1141
429	1128
442	1188
462	1277
508	1258
488	1051
442	1171
428	1271
373	1057
425	1318
422	1308
365	1300
379	1219
415	1222
488	1058
392	1252
388	1264
476	1114
468	1133
462	1167
418	1072
495	1151
464	1328
503	1289
527	1168
493	1153
513	1261
430	1045
435	1111
445	1212
534	1214
397	1219
432	1263
437	1096
384	1385
398	1103
419	1123
438	1295
434	1270
448	1412
418	1415
420	1321
403	973
402	977
460	1061
431	965
429	1020
414	998
393	1203
352	857
372	935
375	1157
347	1085
341	1207
376	1154
367	1142
357	964
381	928
380	917
352	1154
345	997
365	1201
368	1168
408	1290
409	1412
392	1514
410	1489
402	1282
447	1094
419	1271
479	1295
415	1250
445	1090
470	1055
435	1213
418	1109
433	1134
434	1093
435	1102
414	1157
437	1233
447	1349
394	1226
397	1298
408	1371
368	1373
423	1548
386	1394
448	1060
436	1133
411	1296
342	1076
387	1158
393	1155
398	1172
440	1208
389	1144
417	1235
402	1183
402	1098
382	914
421	1034
444	1078
460	1119
431	989
489	1279
448	1018
421	999
422	1081
406	1125
359	1100
420	1127
388	980
401	1177
391	1252
333	968
382	1023
433	966
416	1124
420	1168
474	1112
432	1218
407	1018
421	978
404	1083
429	1319
402	1067
404	1092
443	1036
433	1001
397	1134
421	1173
416	1387
352	1091
406	1182
400	1171
410	1101
433	1181
418	1160
375	1100
430	1092
381	993
392	1255
434	1472
405	1355
399	1346
368	1345
428	1333
425	1014
390	1136
373	1094
391	1058
408	1069
399	1128
377	1198
433	1149
405	994
374	973
362	1136
344	1012
392	1249
390	1174
362	1260
339	1157
353	1337
380	1331
390	1204
412	1075
402	1029
400	1043
391	1002
396	1091
367	1081
397	871
410	822
394	974
360	1013
392	1029
439	1064
391	1130
420	1206
433	1091
428	1282
425	1457
446	1237
420	1203
379	1239
379	1335
374	1271
414	1166
368	1371
375	1220
357	1032
332	1204
381	1045
397	1150
414	1014
401	1127
401	1369
402	1129
414	1060
403	1217
367	1098
405	1106
439	1246
423	1173
410	1117
426	1057
395	1011
422	1141
397	1087
463	1084
417	1090
395	1211
384	1377
410	1150
423	1049
450	1068
381	1189
361	1222
388	1129
405	1077
386	1063
408	1247
434	1348
443	1237
467	1102
423	1231
431	1111
454	1251
430	1205
389	933
391	903
377	965
341	1058
320	946
378	1011
406	1052
369	994
365	939
337	851
396	884
468	1069
440	1209
464	1322
455	1131
448	1404
455	1384
479	1267
514	1211
449	1145
459	1194
497	1134
509	1078
525	1098
461	986
484	1072
517	1091
508	1257
562	1375
592	1435
556	1254
514	1021
571	1265
620	1300
545	1224
588	1305
548	1071
572	1168
578	1202
547	1176
510	1131
525	1397
484	1294
505	1205
519	1208
452	897
581	1033
531	1310
646	1193
535	1061
597	961
585	948
619	878
575	1119
538	1133
536	988
535	924
545	1096
535	1092
544	971
478	1270
582	1004
579	957
563	970
547	1155
518	1185
584	1083
530	1240
545	1238
546	1156
525	1182
469	1072
523	998
537	1099
542	1084
612	1067
531	1089
551	1099
524	893
567	1097
514	954
526	859
541	939
475	1072
497	1300
505	1138
532	1013
515	1027
484	1082
524	1079
525	1059
552	1034
532	1049
522	1036
476	1184
488	1191
495	954
502	973
489	1168
499	1141
599	1248
538	1108
541	1172
480	1106
564	1039
568	1176
517	1144
531	1102
547	1081
563	1158
548	1200
566	1281
609	1167
544	1054
498	1169
562	1105
544	993
509	994
531	1004
581	1133
579	1192
626	1227
673	1204
687	1205
730	1152
770	1322
747	1276
745	1182
748	1249
666	1242
596	1236
710	1170
580	1331
617	1351
568	1049
575	1150
539	1004
557	1021
634	978
576	1142
665	1145
662	1221
669	1313
718	1355
685	1425
749	1426
749	1213
731	1064
830	1379
731	1203
721	1110
606	976
600	1064
674	1109
593	1081
577	1095
647	1109
615	945
671	1135
739	1156
681	1050
719	1205
727	1127
768	1121
789	1242
766	1227
756	1068
815	1008
748	1134
763	1223
708	1024
641	1311
662	1324
657	1299
623	1311
665	1497
588	1190
657	1090
715	1339
645	1253
680	1255
709	1401
709	1313
768	1194
821	1270
801	1116
831	1146
756	1245
739	1150
646	1300
677	1308
657	1125
602	1379
593	1308
591	1323
567	1239
559	1355
613	1280
569	1123
591	1202
595	1278
572	1154
654	1166
688	1148
668	1466
663	1430
636	1212
643	1174
677	1139
657	1246
608	1247
567	1199
583	1137
568	1300
483	1113
495	1441
481	1275
525	1453
480	1304
479	1365
461	1355
463	1194
561	1290
522	1297
433	1114
487	1111
551	1003
492	1021
469	1104
496	1017
448	1107
402	1268
431	1136
496	1043
425	1322
449	1312
426	1270
422	1186
389	935
457	1022
445	1195
447	1180
493	1096
460	1380
508	1346
500	1341
465	1101
455	1220
408	1098
506	1053
521	1286
439	1289
485	1324
417	1343
434	1180
427	1373
432	1202
473	1330
502	1364
476	1188
517	1244
505	1238
425	1284
452	1389
563	1288
498	1521
474	1420
472	1232
463	1115
420	1006
488	1168
416	1024
419	1105
403	1282
427	1313
395	1122
442	1222
446	1292
438	1165
393	1091
460	1374
421	1278
451	1429
438	1470
421	1195
420	1196
377	983
407	1247
439	1177
388	1113
388	1139
412	1050
397	1085
421	1178
395	1208
405	1141
453	991
432	1096
466	1098
449	1031
413	1229
378	1256
411	1162
418	1234
430	1434
365	1350
432	1167
416	1136
428	984
402	1109
395	1214
377	1205
381	1080
342	1168
389	1248
367	1213
382	1322
378	966
396	932
384	1071
404	1048
370	1127
444	1122
403	1085
425	1050
443	1151
411	1045
505	915
450	787
460	1018
346	1030
403	1098
392	975
442	1031
409	1309
414	1298
378	1167
397	1080
464	1037
417	902
463	1123
409	996
463	1257
449	1268
421	1060
408	921
427	850
443	1091
460	956
398	1044
421	1075
486	1130
440	1187
469	1187
431	1094
425	1187
423	1203
423	1068
372	1123
370	904
458	1041
382	997
431	1016
405	1070
418	1158
440	1071
509	1338
470	1439
466	1138
466	1181
456	1019
462	1082
458	1146
436	1168
475	1092
445	1007
436	1045
431	960
414	1010
473	1022
451	1271
435	1271
458	1068
450	1095
457	1134
488	1234
523	1111
561	1324
617	1183
536	1235
594	1081
641	1202
647	1265
712	1196
772	1174
772	1051
810	1311
1024	1290
1228	1214
1264	1289
1172	1260
1161	1132
1355	1174
1602	1040
1489	1271
1343	1286
1214	1268
1352	1323
1555	957
1680	1144
1626	1121
1713	1087
1731	1103
2011	1167
2184	1293
2186	1177
2277	1430
2478	1229
2712	1177
2900	979
2854	1099
2793	1075
2622	1107
2537	1174
2454	1117
2207	1065
2216	1154
2124	1265
2115	1279
2174	1210
2253	1103
2429	951
2435	966
2601	1126
2640	1257
2745	1239
2930	1093
2966	994
3034	1088
2907	1242
2677	1183
2663	1057
2434	1166
2138	1184
1941	1161
1675	1039
1545	1055
1642	1006
1471	1169
1306	1143
1244	1107
1183	1171
1181	1168
1235	1249
1094	1071
1049	1464
904	1309
1014	1281
950	1105
849	1236
702	1142
684	1103
707	1198
754	1017
720	944
678	982
660	1109
611	1147
697	1036
709	1046
648	982
623	1107
580	1197
597	1225
526	1243
528	1167
498	1248
485	1163
551	1076
487	1175
474	1245
459	1152
522	1151
492	1306
565	1248
492	1178
488	1290
445	1127
447	1054
465	1151
447	1098
463	987
436	1120
430	1148
464	1165
394	1037
474	1113
484	1223
458	1198
509	1326
423	1230
475	1142
454	1077
453	1240
499	1292
475	1244
482	1194
455	1272
444	1104
467	966
420	1129
439	990
501	1004
418	1122
431	1026
365	1046
417	1095
471	1074
440	1200
492	1209
438	1191
412	1207
448	1245
411	1169
440	1176
449	1175
473	1259
379	1231
405	1105
382	1194
382	1174
376	1382
403	1255
416	1065
428	1227
413	1067
412	1093
372	1113
378	1217
382	1218
355	1150
407	1201
415	1146
404	1297
402	1257
435	1117
380	1246
380	1070
411	991
384	971
507	947
476	1087
468	1165
430	1030
406	884
453	821
509	884
433	929
457	1002
436	1079
387	1062
426	1101
420	1170
447	1051
437	994
446	1130
483	1102
438	1178
463	1009
420	877
428	976
391	1017
335	1028
433	1076
398	1074
509	1147
472	979
420	1036
452	1094
409	1173
431	1098
449	1213
426	1135
427	1169
461	1184
457	1051
436	926
394	923
421	946
404	921
441	1139
402	1157
395	1163
425	1240
370	1173
368	1120
410	1040
414	1106
410	1337
464	1127
364	1064
419	1200
417	1059
400	1042
414	1099
452	1234
397	1334
379	1414
398	1505
399	1293
361	1437
413	1286
353	1401
390	1482
423	1229
423	1082
438	1222
373	1126
450	1201
389	1089
407	1181
434	1237
375	1246
348	1096
386	1115
386	1091
373	1188
383	1231
442	963
429	937
427	1078
448	907
499	1018
510	1033
496	1213
468	1269
464	1087
407	990
404	1178
442	1183
449	1147
437	1112
429	1170
411	953
423	1013
389	1025
416	1140
450	1183
506	1096
482	1224
475	1099
447	1201
463	1043
456	1222
426	1137
434	1069
382	936
389	1087
389	1067
396	1248
431	1340
389	1216
404	1108
419	966
432	1069
416	1152
433	1007
407	939
393	1113
462	1107
456	1179
464	1127
512	1281
419	1256
462	1147
524	1097
511	1435
484	1263
484	1258
581	1346
483	1198
502	1180
546	1269
459	1295
572	1491
575	1128
725	1262
615	1455
583	1450
608	1387
767	1386
891	1415
860	1420
939	1407
1052	1485
1258	1350
1504	1324
1444	1281
1361	1414
1363	1527
1704	1520
1791	1445
1822	1213
1881	1283
1814	1234
1888	1221
1820	1337
1705	1388
1654	1193
1557	1155
1438	1019
1261	1204
1209	1326
1182	1087
1229	1065
1170	1140
1143	1056
1023	1050
1120	1154
1119	1232
1069	1150
1101	1252
1026	1185
945	1178
1023	1074
941	1091
909	1253
851	1280
806	1073
840	936
863	931
756	997
690	1048
658	1118
686	1304
725	1172
651	985
539	893
466	837
519	1024
533	1260
583	1261
531	1052
505	1025
500	1176
460	924
539	1216
553	1360
482	1176
531	1128
467	1195
449	1131
428	1197
474	1118
488	1298
512	1256
441	1002
443	1028
441	1028
455	1044
407	977
471	1072
467	1237
518	1237
534	978
516	1124
442	1091
480	1164
443	1139
470	1289
482	1178
496	1040
436	1111
451	1127
463	1137
446	994
519	1152
554	1184
523	1148
483	1244
548	1462
500	1210
487	1091
457	1099
518	1191
559	1391
567	1156
522	1316
551	1338
608	1264
493	1092
510	1257
481	1215
575	1346
486	1311
538	1203
469	1031
463	1235
557	1124
455	994
517	1170
561	1074
494	1226
492	1185
472	1293
446	1225
430	1290
462	1317
446	1391
444	1038
348	1072
367	897
392	1084
414	1123
404	1108
366	1220
416	1093
394	1060
387	1178
380	1293
404	1222
466	1233
410	1242
346	1130
454	1159
469	1171
464	1248
404	1107
424	1070
414	1042
404	956
441	1043
451	1201
460	1267
443	1202
413	1040
380	1020
444	1040
409	1132
446	1013
425	1098
403	1085
394	1029
431	946
385	1025
406	1223
416	1090
426	1018
464	1144
411	1028
389	1093
475	1316
401	1275
446	1339
393	1272
400	1407
471	1584
468	1472
497	1283
479	1271
476	1356
484	1472
479	1292
466	1221
471	1268
461	1415
436	1349
461	1307
512	1504
497	1294
438	1378
462	1247
434	1305
497	1119
427	1170
403	1383
413	1346
472	1359
442	1134
470	1105
476	1196
479	1164
498	1113
453	1179
465	1164
440	1248
466	1315
451	1312
480	1262
419	1232
451	1157
432	1320
418	1252
411	1435
388	1187
390	1323
397	1291
378	1125
380	1108
374	1208
427	1223
352	1300
417	1377
414	1354
402	1436
438	1529
426	1674
462	1188
450	1162
440	1162
437	1485
446	1603
353	1609
366	1336
468	1216
514	1173
525	1322
572	1265
477	1255
527	1308
496	1174
465	1166
474	1344
412	1236
446	1224
401	1130
486	1360
421	1403
478	1298
495	1403
469	1297
445	1436
472	1297
382	1201
436	1182
408	1359
396	1182
433	1419
392	1379
478	1219
396	1191
421	1324
412	1394
434	1389
403	1459
446	1583
401	1359
435	1409
432	1336
428	1276
463	1298
441	1413
447	1342
484	1334
446	1282
416	1239
410	1404
414	1262
416	1220
404	1243
443	1433
426	1367
479	1284
379	1412
364	1271
423	1256
406	1146
424	1325
394	1198
390	982
391	1059
415	1139
412	1150
400	1355
417	1392
377	1323
444	1354
437	1349
366	1430
378	1121
389	1020
439	1151
401	1075
409	1195
440	1252
391	1301
374	1226
392	1133
435	1079
401	1233
423	1155
397	1227
450	1332
458	1220
457	1263
422	1280
404	1135
492	1273
468	1258
433	1155
422	1544
388	1457
364	1185
407	1204
412	1212
356	1289
354	1321
366	1375
374	1184
342	1319
375	1243
448	1458
378	1581
393	1461
436	1547
388	1558
387	1590
505	1378
468	1360
468	1241
483	1109
423	1099
439	1384
467	1315
446	1349
461	1386
431	1319
443	1230
383	1253
434	1327
463	1197
486	1181
461	1136
388	913
448	1025
417	1294
434	1246
483	1107
449	1085
426	994
434	1076
420	1191
399	1073
438	878
390	944
437	1051
442	1185
391	1100
418	1167
407	1135
416	1091
480	1135
501	1093
483	1032
519	1219
410	915
448	870
425	1001
444	1363
451	1196
427	1266
405	1200
455	1034
513	1009
512	895
547	1120
496	1228
498	1118
511	1052
478	977
546	1059
527	1036
515	912
439	902
492	999
475	1032
401	1181
433	1324
436	1115
490	1225
363	1217
418	1075
407	1022
415	895
421	1032
382	953
437	968
459	1070
474	1435
490	1273
421	1452
454	1348
487	1208
422	1022
426	1041
431	924
436	1092
380	911
359	1026
392	1193
442	968
451	1000
393	1200
404	1164
446	1534
333	1204
410	1213
407	1110
420	1372
381	1138
424	1025
463	1079
366	1069
388	1403
349	1337
387	1222
402	1262
374	1260
397	1135
362	873
407	1064
380	1044
405	1025
410	1060
404	1088
429	1079
450	1016
415	1225
446	1272
502	1394
505	1235
456	1191
440	1203
496	1336
457	1016
548	1070
460	1236
533	1085
412	1158
527	1153
434	1049
495	1014
499	1175
510	1152
469	1234
483	1437
407	1223
391	1232
443	1234
439	1265
457	1269
452	992
442	1008
456	936
478	1081
626	1066
650	1114
741	978
718	979
732	1216
691	1165
691	1297
724	1188
580	1169
525	990
532	1018
443	1056
467	1120
518	892
480	1138
510	1214
531	1235
418	1133
410	1135
470	962
483	1039
495	1138
543	1131
618	1120
565	1097
571	1109
683	1272
659	1348
640	1362
727	1256
742	1092
583	1146
565	1409
550	1191
515	1197
509	1077
456	1122
438	1193
451	1140
498	1167
518	1214
448	1093
419	1072
512	1129
434	1172
432	999
442	929
442	994
403	1145
427	1151
475	1115
414	1048
510	1044
433	969
413	979
416	973
430	1138
493	1248
440	1011
463	1126
431	1110
374	1202
449	1258
495	1054
479	1189
418	1309
394	1193
498	1333
450	1025
484	1191
463	1169
518	1270
493	1163
409	1080
424	1291
444	1340
444	1084
495	1085
469	1049
398	1039
380	1336
419	1314
406	1010
444	1048
371	927
434	1089
416	1056
479	1246
457	1292
411	1302
414	1188
390	1019
382	1162
410	1078
441	1069
411	945
457	1043
558	1122
453	1303
428	1309
438	1143
430	1275
429	1366
404	1314
417	1042
427	1077
430	1109
389	986
400	1066
341	1146
459	1307
402	1173
405	1137
422	971
398	1181
425	1138
407	1336
424	1349
373	1313
383	1180
400	1151
387	1310
416	1223
406	1258
387	1265
389	1382
411	1406
388	1182
358	1034
439	1225
418	1238
402	1205
382	1062
475	1279
413	1289
426	1123
424	1097
421	961
454	1004
416	1193
439	1136
448	960
442	1275
430	1210
405	1354
404	1147
460	1172
429	1182
452	1125
420	1215
394	1230
440	1088
448	1094
440	1180
394	1039
374	1045
458	925
407	1143
428	995
422	1034
385	1177
392	961
402	1048
389	1264
462	1244
412	1130
408	1131
460	1388
477	1073
424	1098
433	1047
457	1138
480	1084
440	1003
412	1103
414	1101
400	923
426	1058
417	940
460	1138
372	1117
401	1080
467	954
410	1014
417	1010
418	951
455	912
450	1013
435	1046
367	1242
423	966
410	1000
390	981
401	1128
409	1170
450	1263
445	1292
421	1448
430	1480
437	1199
405	1154
428	1170
439	1112
456	1353
424	1190
373	1170
459	1259
451	1193
430	1216
419	1200
412	1223
434	1206
450	1160
449	1193
404	1237
469	1266
458	1339
491	1329
445	1090
445	1381
444	1276
457	1134
528	1284
439	1328
416	1322
454	1397
427	1179
455	1220
449	1017
416	1120
423	1123
383	1259
416	1095
432	1001
423	1078
399	1072
415	1256
443	1560
466	1455
408	1314
447	1440
424	1362
468	1109
498	1193
519	1040
462	998
505	1009
444	1204
419	1270
458	1273
394	1176
471	1170
476	1334
451	1153
458	1099
472	1289
466	1243
427	1249
398	1227
471	1345
443	1323
442	1261
437	1204
464	1430
489	1406
432	1243
390	1246
423	1144
421	1240
444	1219
433	1305
435	1334
437	1035
452	1125
458	1127
489	1176
491	1111
441	1151
482	1275
465	1110
432	1154
418	977
366	1048
390	1053
446	1347
472	1168
399	1182
411	1280
438	1080
435	1216
432	1198
481	1159
478	1136
502	1009
479	1013
519	1064
523	1189
539	1198
576	1428
688	1443
593	1277
574	1206
599	1211
668	1358
797	1095
786	1122
807	1162
789	1222
1017	1360
1086	1089
1032	1276
1031	1149
1066	1245
1224	1308
1449	1519
1465	1669
1514	1612
1444	1602
1613	1399
1843	1446
1856	1145
1802	1475
1706	1463
1892	1570
1943	1652
2140	1661
2301	1552
2114	1499
2315	1441
2602	1460
2651	1329
2725	1390
2574	1614
2800	1519
2581	1314
2640	1367
2656	1237
2483	1288
2441	1083
2553	1257
2793	1401
2898	1311
3081	1250
3009	1226
3127	1444
3537	1557
3973	1461
4024	1245
3890	1462
4220	1613
4878	1612
5271	1653
5206	1514
5250	1373
5493	1440
5918	1445
6403	1499
6400	1471
6114	1417
6088	1580
6193	1615
6228	1532
5823	1431
6085	1342
6141	1422
6134	1512
5883	1401
5702	1468
5658	1429
5896	1410
5865	1273
5008	1245
4235	1217
3928	1229
3877	1173
3774	1241
3379	1293
3058	1189
2800	1163
2831	1054
2765	1010
2333	1029
1976	1083
1916	1254
1936	1339
1975	1159
1770	1371
1367	1110
1100	1372
1081	1309
1070	1174
994	1142
856	1060
759	1099
703	1179
692	1326
730	1170
602	1248
615	1176
568	1235
593	1261
612	1553
599	1400
604	1363
576	1167
544	1224
553	1351
564	1188
571	1423
655	1063
724	984
601	979
589	1026
592	978
631	1106
573	1174
580	1157
677	1096
727	1320
725	1299
701	1074
637	992
662	903
560	1056
587	1117
580	1143
601	1010
570	1161
518	1139
556	1138
557	1191
534	1212
550	1215
523	1131
457	1161
461	1022
483	1071
456	1156
534	1001
481	1174
452	1272
454	1060
480	1434
417	1232
506	1152
463	1228
483	1507
421	1312
466	1421
449	1268
460	1211
424	1374
406	1272
483	1222
467	1351
485	1282
455	1215
432	1333
446	1336
413	1314
478	1085
452	1059
471	1047
449	1159
460	1064
434	994
443	935
443	1110
455	1253
430	1076
447	1041
494	985
438	975
454	1034
456	1083
407	1170
467	1068
424	1133
407	1000
542	1154
466	1097
416	1188
453	1032
459	1050
488	1046
415	1091
455	968
489	1006
426	1001
473	1042
442	890
431	1058
416	1078
441	1256
505	1204
409	1308
390	1250
482	1066
442	1241
418	1129
387	985
426	1228
408	1233
431	1183
462	1249
443	1095
416	1179
427	1260
464	1150
443	1372
434	1359
389	1372
382	1638
422	1509
407	1685
425	1196
422	1304
451	1389
455	1163
434	1043
359	1029
416	1207
380	1114
403	993
429	1005
418	1120
457	1109
412	1256
466	1416
429	1220
451	1031
430	983
417	1100
386	1145
416	1184
409	1316
378	1063
427	1025
412	1100
393	1347
444	1169
357	1187
399	1425
399	1086
466	1055
428	1122
421	1182
438	1124
380	1219
386	1308
441	1241
401	1297
450	1263
421	1296
507	1353
402	1248
420	1311
441	1314
428	1249
465	1321
386	1387
429	1191
395	1217
457	1436
446	1272
387	1094
414	1171
426	1128
445	1153
372	1078
430	976
388	989
405	1009
457	1096
397	1060
409	1120
457	1289
492	1240
459	1246
420	1185
433	1265
439	1228
460	1308
457	1264
480	1313
529	1234
546	1242
448	1276
440	1275
529	1255
500	1232
439	1330
464	1206
498	1285
478	953
478	1124
551	982
775	943
809	1004
730	1031
713	936
901	919
1078	993
1137	972
957	1023
897	1097
970	1295
1040	1297
1020	1358
1076	1167
968	1179
907	1162
644	1140
612	1127
530	1181
589	1231
576	1262
527	1269
493	1220
642	1208
687	1176
610	1489
581	1479
547	1334
519	1500
518	1231
507	1366
527	1356
418	1154
505	1043
475	966
424	1093
446	1258
452	1297
450	1250
440	1261
479	1119
491	1121
462	1161
442	1178
399	1169
483	1197
462	1395
525	1617
456	1499
407	1371
431	1291
441	1231
459	1533
470	1491
454	1367
410	1209
437	1431
435	1198
420	1077
465	967
433	1077
472	1015
447	1142
439	1291
459	1338
436	1270
461	1292
400	1380
430	1389
408	1348
371	1330
356	1378
400	1284
384	1172
442	1241
398	1221
427	1393
449	1226
503	1195
486	1121
458	1143
477	1155
482	1025
464	1183
574	1219
633	1077
569	1094
501	908
501	1042
592	1171
639	1090
660	1108
628	1346
546	1306
552	1230
464	1077
503	1229
485	1238
538	1183
430	1072
442	1059
497	1305
418	1100
486	1057
411	1095
484	1066
489	1078
501	1166
505	924
469	1160
494	1214
463	1163
436	1345
428	1248
449	1167
410	1169
388	1022
425	898
457	966
480	1198
430	1125
392	1144
372	1155
398	1151
400	1311
370	1225
425	1188
442	1360
486	1304
461	1278
458	1053
382	1162
460	1097
429	1059
397	1295
374	1139
437	1192
392	1113
404	1054
442	1142
457	1116
457	1033
414	1188
439	1028
409	884
385	1180
354	1268
402	1079
435	1146
404	927
415	912
402	1120
410	1087
384	1264
403	1316
411	1127
468	1178
496	1106
454	1258
445	1327
493	1534
488	1139
488	1321
566	1340
486	1100
517	1139
471	1068
571	1182
542	1158
563	1087
578	1046
510	1144
544	1277
553	1048
559	1203
528	1306
511	1176
519	1243
438	1149
515	1199
498	1150
465	1027
471	1222
525	1025
482	1114
509	1311
554	1153
553	1158
581	1136
560	1222
555	1200
558	1200
629	1165
650	1157
686	1193
666	1198
732	1349
608	1249
852	1269
1167	1181
1256	1068
1098	1081
1076	824
1321	774
1167	851
1005	1041
924	1031
887	1245
859	937
885	953
731	1003
815	1239
864	1301
862	1148
813	996
682	907
700	1052
669	1095
652	1088
684	971
692	943
661	981
632	866
594	886
536	1150
488	1145
546	1170
470	1211
477	1268
428	1142
460	1257
398	929
423	1023
374	1102
452	1080
416	1272
382	1370
408	1276
375	1280
427	1336
442	1370
448	1182
422	1117
422	1079
404	1054
465	1213
419	1245
400	1045
403	1034
431	1082
431	1118
477	1170
553	1241
461	1039
432	1009
567	941
559	1016
496	998
491	1037
471	1025
499	1219
439	886
456	952
456	1096
460	940
500	1035
517	1233
503	1262
477	988
486	1032
434	999
434	1174
484	1040
438	938
437	1044
438	1235
515	1243
492	1222
464	1187
475	1035
480	1206
517	1185
475	1289
448	1149
421	1206
463	1076
483	1106
429	1305
481	1316
402	1329
356	1203
381	1348
426	1236
359	998
366	966
417	1260
479	1379
392	1297
367	1295
403	1133
456	941
376	752
414	894
423	1033
446	1224
450	1069
460	1229
475	1184
473	1014
457	922
437	1025
437	1250
460	1006
461	993
556	1142
554	1297
496	1320
522	1344
530	1164
480	1249
445	1109
477	1115
486	1142
512	1020
493	1044
472	1064
514	1029
480	1033
457	1057
460	1122
527	1035
526	1289
511	1211
493	1288
477	1192
511	1140
465	1185
509	1038
529	1245
541	1302
502	1219
464	1195
492	1079
579	1192
497	1300
475	1219
554	1107
497	1141
561	1313
570	1423
535	1246
611	1187
643	1057
526	1034
562	1151
560	1252
573	1433
550	1419
562	1406
524	1189
530	1115
515	1022
504	1278
446	1312
486	1131
546	1143
537	1263
535	1299
538	1296
509	1157
549	1195
556	1204
508	1296
504	1249
560	1165
562	1174
505	1178
522	1179
499	1203
512	987
514	934
507	1023
529	1180
506	1222
499	1107
429	1190
452	1121
445	1213
492	1161
543	1174
491	1161
489	1148
517	1197
465	1288
479	1413
474	1144
429	1277
457	1319
432	1273
413	1217
437	1182
419	1073
429	1117
415	1210
455	1392
461	1350
502	1393
481	1295
408	1368
437	1278
387	1137
412	1143
441	1604
436	1552
448	1349
463	1230
412	1265
391	1423
438	1525
451	1205
436	1215
455	1128
540	974
461	1089
460	1305
386	1370
437	1494
434	1280
456	1096
436	1223
432	1329
399	1349
435	1481
407	1217
386	1252
449	1210
426	1075
415	1163
431	1296
421	1182
395	1045
369	1099
414	1378
445	1202
455	1451
361	1440
419	1456
460	1576
475	1358
380	1505
396	1131
415	1082
444	1078
454	1269
468	1238
438	1173
453	1131
412	1437
447	1463
409	1377
385	1178
416	1423
476	1481
476	1227
468	1217
424	1188
419	1303
416	1170
430	1139
403	1112
423	1364
446	1177
402	1149
457	1108
425	1064
436	1039
362	1077
434	1267
420	1306
399	1111
430	1028
469	1137
406	1074
421	1077
404	1223
409	1270
471	1155
601	1152
592	1251
501	1043
611	1322
568	1306
494	1246
499	1427
472	1252
419	1368
402	1240
473	1338
394	1531
475	1419
428	1131
393	1118
408	1337
435	1274
350	1171
406	1253
427	1349
399	1454
393	1292
359	1212
366	1227
378	1303
441	1177
411	1133
396	1002
362	1049
366	1046
447	1138
389	1088
454	1129
423	1166
403	995
450	1318
445	1302
434	1331
455	1368
413	1245
496	1358
458	1228
416	1122
425	1067
414	935
449	1120
514	1365
498	1243
492	1377
535	1474
554	1382
559	1305
540	1327
500	1264
513	1433
460	1430
436	1373
404	1468
429	1348
408	1170
386	1163
412	1277
416	1372
417	1153
410	1162
427	1238
396	1306
459	1362
441	1153
468	1204
504	1207
422	1494
478	1250
506	1254
527	1299
536	1355
553	1365
536	1329
562	1381
609	1426
624	1461
676	1153
700	1064
742	1016
794	1237
847	1296
853	1198
960	1289
928	1275
909	1283
895	1374
963	1132
940	1147
948	1183
900	1387
955	1136
978	1313
925	1174
966	1318
866	1277
905	1259
872	1049
896	1288
854	1458
759	1225
771	1004
803	1023
743	968
752	958
713	1016
650	1086
607	1080
630	1204
638	1061
566	956
591	1145
520	1295
569	1064
588	1115
557	1113
508	1046
562	1102
582	1055
497	1093
481	1077
433	1099
489	1196
484	1332
478	1180
494	1366
508	1143
406	1062
497	1188
408	1181
402	1228
466	1051
448	1276
414	1251
396	1274
519	1354
464	1309
437	1422
472	1336
459	1277
445	1235
468	1243
411	1095
444	1048
449	866
441	992
410	930
445	1049
443	1222
445	1131
419	1135
458	1126
377	1262
382	997
399	1295
421	1335
414	1035
417	1016
500	1272
396	1138
415	1274
436	1204
371	907
377	944
414	1201
370	1197
425	1108
433	1002
479	1047
465	1131
503	953
538	1058
512	1122
423	1073
429	1187
485	1173
526	1386
436	1099
428	1225
401	1321
402	1155
461	1159
431	1275
446	1211
480	1531
438	1297
550	1404
466	1184
433	1339
505	1103
465	1038
443	1002
434	1008
443	1101
413	1123
457	1499
452	1204
461	1332
458	1081
455	999
416	1104
482	1101
375	1180
398	1210
462	1195
453	1093
442	1161
411	1194
402	1179
394	1167
412	1299
416	1123
388	1198
366	1017
367	1071
423	1038
411	935
393	856
395	1031
357	910
407	1091
458	1192
447	1104
433	1208
394	1116
450	1227
462	1253
487	1137
448	1004
587	1227
659	1097
630	1045
617	1078
669	1189
738	1407
640	1304
572	1101
577	1256
698	1428
720	1127
717	1114
658	1256
624	1143
572	1049
597	1053
557	980
474	1237
375	1143
427	1114
454	979
428	954
448	1010
408	1233
445	1325
417	1434
468	1249
412	1203
498	1014
424	1239
439	1043
480	1061
442	1460
379	1389
454	1062
463	1077
414	1232
455	1151
433	1306
429	1252
401	1219
428	1250
407	1125
422	1241
432	1414
488	1160
392	1318
412	1381
435	1454
461	1156
430	1023
441	1004
380	1003
415	1224
355	1060
386	1138
432	1142
415	1173
497	1123
456	1187
413	1126
463	1105
372	1236
403	1342
405	1333
425	1106
392	1452
392	1433
403	1584
450	1324
406	1397
454	1402
409	1113
422	1122
527	1076
477	1135
419	1060
416	1203
387	1143
445	949
423	950
431	1082
403	1134
469	1211
377	1240
394	1254
463	1247
447	1242
473	1166
509	1137
472	1169
439	1618
450	1388
433	1221
440	1353
439	1176
488	1371
431	1486
490	1835
475	1559
472	1490
437	1525
431	1329
446	1427
445	1349
456	1424
452	1329
455	1432
388	1169
388	986
405	1103
450	1411
382	1395
438	1853
464	1881
458	2290
400	2032
432	1728
422	2104
385	1994
441	1594
369	1437
465	1312
476	1429
405	1519
429	1397
413	1727
453	1523
399	1252
405	1360
425	1702
484	1786
365	1597
434	1621
411	1554
395	1261
414	1123
400	1156
442	1066
439	1145
444	1031
423	1149
406	1113
405	1262
401	1174
438	1187
366	1302
406	1249
529	1117
513	1277
514	1094
413	912
399	1169
509	1373
474	1432
491	1219
452	1210
486	1187
462	1000
471	1257
433	1197
440	1507
527	1384
415	1307
449	1217
482	1271
404	1312
430	1273
444	1267
504	1128
468	1574
447	1203
454	1096
474	1024
399	1046
404	1059
431	1079
437	1049
398	946
439	1265
397	1263
413	1075
429	1173
409	1094
451	1131
420	1179
420	1121
381	1098
450	1144
476	1038
508	1033
519	905
507	979
535	1240
499	1091
508	1073
512	977
481	1127
494	935
512	905
615	997
632	945
677	921
728	953
851	1053
886	983
806	1139
793	1044
804	902
859	887
784	801
719	894
721	969
631	1032
610	1219
536	1199
559	1284
534	1186
511	1321
490	1117
511	1090
490	1259
504	1306
554	1100
538	1149
517	1318
585	1300
572	1264
564	1272
528	1153
526	1072
494	1102
504	1001
463	1103
451	1106
443	965
439	1281
495	1278
403	1235
405	1339
460	1326
432	1446
453	1653
455	1480
477	1353
495	1243
471	1227
469	1347
479	1419
411	1254
413	1294
410	1218
446	1231
478	1358
514	1177
500	1171
478	1258
492	1290
534	1173
518	1047
552	1017
602	928
458	873
498	959
525	1174
501	1291
439	1159
439	1128
453	1217
427	1134
460	1098
463	1172
481	1272
455	1233
464	1219
444	1143
440	1406
450	1025
427	1037
462	1111
439	1274
418	1055
542	1176
480	1208
471	1144
395	1121
462	1101
513	1225
454	1061
443	1047
481	1277
513	1432
535	1226
569	960
578	1298
600	1309
507	1261
628	1362
554	1191
527	1129
507	1153
485	1175
496	1373
416	1474
436	1194
441	1105
425	1251
418	1258
468	1051
407	1269
436	1192
461	947
448	1047
421	1079
483	1099
439	1051
434	1094
401	1023
418	956
366	1073
386	1433
394	1154
496	1267
429	940
379	1051
458	1030
486	982
459	1113
512	1194
568	1330
560	1437
493	1099
449	976
451	1031
495	1301
451	1039
453	1047
404	1219
466	1096
444	1108
494	1217
460	1081
442	1126
466	1081
443	1181
418	1251
389	1089
422	1179
381	1179
389	1196
397	998
428	1199
376	1109
377	1118
350	1046
390	1136
376	1057
378	1161
351	1228
412	1049
409	1064
409	1028
408	1047
398	1210
432	1104
401	1076
427	1128
440	1034
415	927
445	1177
419	1074
411	1275
395	1060
459	1106
404	1002
439	1270
381	1317
378	1275
408	1245
411	1323
355	1209
406	1166
390	1232
379	1372
323	1329
364	1285
397	1290
445	1293
484	1106
486	1191
428	1231
410	1067
407	1217
410	1187
474	1149
403	1079
430	1155
411	1195
427	1011
391	1010
424	1029
398	944
367	1226
411	1089
442	1293
392	1420
386	1050
355	1136
365	1421
402	1266
389	1124
370	1000
378	1147
456	1189
401	1123
424	1341
407	1395
392	1178
435	1241
413	1233
426	1108
433	1174
453	1117
403	1101
481	1202
446	1066
315	1016
396	1090
394	1163
416	1221
391	1222
455	1185
457	1207
386	1095
391	1255
435	1148
478	1272
441	1295
465	1467
406	1293
383	1324
409	1042
420	1025
459	1166
401	1179
452	1320
393	1282
390	1111
415	1265
427	1229
381	1176
376	1433
354	1318
411	1339
408	1281
423	1500
372	1548
363	1428
402	1250
448	1284
457	1337
460	1530
452	1575
409	1172
434	1322
402	1149
456	1112
407	1135
461	1067
439	962
428	927
410	1155
452	1315
469	1285
426	1087
446	1312
421	1292
535	1232
495	1277
490	1131
495	1175
520	1161
576	1096
480	1113
506	1041
511	1053
527	1059
470	1151
520	1125
449	1182
472	1447
489	1223
516	1178
465	1247
408	1361
416	1486
414	1362
477	1316
458	1363
451	1407
447	1393
458	1097
460	1107
453	1280
459	1090
434	1163
388	1044
395	989
361	1194
373	1144
329	1107
386	1159
378	1075
421	1079
414	1355
357	1108
379	1300
376	1296
411	1254
466	1410
433	1370
438	1390
346	1286
362	1383
432	1366
389	1171
364	1366
392	965
396	1063
450	1074
465	1112
463	1146
422	1144
468	1049
407	1136
417	1210
431	1259
407	1137
401	1134
395	1216
393	1223
375	1222
418	1121
421	1130
452	1154
446	1136
442	1015
506	951
460	1092
408	1080
457	1124
472	1140
452	1059
465	1099
416	1028
465	1042
467	1242
461	1208
487	1342
471	1036
479	1258
481	1229
507	1271
563	1179
589	1089
504	1004
507	1017
455	962
524	1260
534	1101
493	1121
500	1158
463	1066
461	1076
515	1220
537	1155
559	1341
539	1302
587	1257
582	1160
597	982
572	1037
617	1038
557	1436
474	1335
539	1093
492	1037
545	1184
492	1106
517	1093
453	1105
500	1274
495	1380
448	1208
470	1214
489	1065
467	1032
488	1204
479	1079
486	1194
476	1052
493	1100
497	1150
532	1063
491	1040
475	938
493	1099
506	991
483	1027
510	1100
483	1039
476	1174
549	1177
505	1114
547	1254
575	1286
501	1230
565	1029
506	1106
521	917
467	1108
490	1332
432	1264
452	1215
459	1235
484	1157
447	1232
558	1581
570	1282
470	1205
471	1371
431	1372
550	1458
476	1494
516	1301
553	1353
533	1131
546	1030
548	992
564	948
554	1123
523	1402
543	1244
494	1132
495	1226
452	1288
493	1212
473	1125
480	1052
473	1113
498	1184
477	1108
439	1239
443	1043
399	1160
446	1376
400	1316
382	1350
438	1198
391	1119
438	1063
385	1305
457	1226
371	1208
387	1019
376	1015
446	1018
485	893
469	950
416	967
480	1032
407	872
452	1006
444	1019
372	1041
454	1388
458	1473
444	1385
377	1392
421	1233
377	1482
421	1305
462	1414
452	1576
394	1462
368	1266
465	1182
489	1462
438	1350
443	1310
396	1129
393	1205
404	1146
449	1125
409	1024
458	1052
410	1161
375	1064
360	971
396	1161
419	1063
370	1135
382	1314
381	1063
384	845
405	1016
350	1116
355	1126
387	1123
423	1155
425	1160
372	1204
391	1301
417	1290
438	1131
472	1502
393	1492
432	1392
461	1413
445	1436
441	1478
514	1560
413	1541
413	1369
393	1440
391	1252
450	1239
417	1242
396	1137
434	1240
452	1191
393	1155
457	1103
475	1085
439	1242
434	1345
364	1125
398	1044
403	1088
397	1240
415	1063
420	1115
435	1171
450	1257
488	1141
417	1247
428	1432
397	1438
435	1122
463	1022
440	1252
419	1208
446	1021
396	1094
440	998
354	1219
415	1271
404	1413
403	1272
429	1204
408	1340
392	1254
486	972
491	1057
435	1055
399	1168
427	1386
445	1302
429	1204
391	1170
431	1489
435	1166
345	1270
391	1393
417	1511
485	1402
451	1296
437	1212
394	1267
407	1232
387	1010
390	1124
416	1141
397	984
430	1056
499	1149
447	1148
451	1249
392	1198
400	1166
427	1061
385	1040
424	942
440	968
406	975
377	1009
439	1099
429	1119
415	1101
352	932
400	1049
391	1017
458	1146
419	982
354	1044
374	1053
407	936
373	1164
426	1096
417	1144
439	1158
419	1421
342	1250
380	1106
406	1194
429	1124
453	1400
404	1109
463	995
408	1019
415	997
468	1193
478	1230
441	1302
444	1276
410	1140
463	1128
492	1414
490	1190
476	1206
456	1095
510	1042
524	1005
563	1010
640	1158
583	1275
630	1111
604	1170
629	1112
555	1177
632	1073
593	1011
566	1063
532	1071
530	1206
515	1114
510	1122
518	1129
487	1373
510	1202
504	1104
481	1081
505	1145
490	1223
477	1242
514	1231
505	1314
552	1481
466	1419
469	1356
466	1441
467	1117
506	1405
507	1338
501	1091
480	1253
466	1196
522	1161
461	1200
484	1315
499	1222
446	1279
490	1223
491	1110
507	1415
468	1380
451	1107
436	1161
479	1012
516	1249
524	1102
468	1246
459	1118
553	1343
499	1202
539	1387
549	1326
518	1222
665	1150
677	1209
814	1091
830	971
684	1065
782	1033
903	1021
1260	1119
1614	1107
1560	1351
1597	1127
1885	1224
2875	1023
3893	1196
3983	1374
3961	1402
4362	1466
5308	1196
5566	1281
5451	1182
5219	1221
4817	1099
4975	1115
5746	1460
5958	1540
6101	1527
7284	1691
7448	1421
7256	1468
7282	1321
6991	1391
6052	1572
5838	1551
5493	1424
5230	1448
5108	1281
5092	1357
4540	1382
4194	1219
4328	1226
4394	1240
4457	1258
4266	1078
3586	1120
3052	1220
2481	1513
2519	1177
2320	1251
1693	1228
1011	1215
920	1239
1071	1259
869	1118
707	1119
626	1320
629	1100
632	1080
622	1161
568	1369
524	1213
501	1179
508	1311
515	1193
563	1126
524	1173
554	1141
605	1066
523	1182
504	1018
539	1141
518	1123
515	1046
548	1043
524	1082
519	1026
553	1204
698	1075
633	1123
687	1271
742	1225
939	1167
1006	1160
995	1316
877	998
975	1102
1005	986
1005	1049
968	1177
1027	1058
1136	1139
1391	1106
1645	1043
1690	1141
1563	1291
1681	1204
2131	1527
2490	1412
2264	1349
2053	1375
2294	1240
2306	1207
2528	1445
2418	1385
2708	1268
2621	1260
2975	1297
3535	1255
3729	1368
3800	1323
4033	1388
4278	1416
4583	1245
4774	1174
4740	1367
4322	1336
4261	1222
4312	1208
4303	1335
4194	1395
4052	1341
4261	1317
4436	1321
4502	1249
4821	1239
5486	1311
6152	1062
6401	1246
6762	1391
6791	1370
7186	1499
7191	1379
6630	1234
5898	1190
5048	1219
4820	1086
4111	1046
3635	1187
3356	1122
3118	1058
2914	1177
3074	1231
3063	1230
2785	1308
2493	1169
2708	1090
2845	1112
2810	1014
2495	1271
2081	1329
1907	1442
2052	1176
2033	1015
1516	1329
1149	1198
1031	1072
977	1131
1072	1228
1014	1189
925	1204
888	1186
892	1157
916	1133
780	1305
769	1336
680	1198
748	1056
756	1184
729	1294
733	1415
739	1354
643	1256
692	1224
671	1287
637	1075
643	1007
712	893
576	980
769	1133
665	1273
700	1219
560	994
534	1130
470	1192
521	1032
451	1211
460	1247
455	1315
462	1205
421	1258
442	1326
436	1067
474	1417
520	1376
448	1235
539	1549
432	1211
450	1139
432	1215
404	1316
450	1252
424	1034
407	1021
438	1208
423	1384
495	1168
430	1233
418	1212
425	1070
478	1121
438	1247
398	1288
425	1250
372	1133
377	1211
444	1307
370	1125
444	1117
430	1150
448	1169
422	1167
436	1118
421	1325
389	1093
368	1020
393	1092
365	1235
399	1113
435	1325
493	1122
378	1158
400	1037
394	1314
391	1216
360	1138
397	1182
446	1238
411	1239
430	1238
484	1207
435	1092
449	1182
478	1013
450	966
403	1042
446	1084
440	1263
456	1080
441	1037
494	1258
521	1368
423	1138
468	974
451	1109
432	1208
512	1181
434	1243
446	1217
474	1022
479	1056
491	1210
511	1142
505	1293
468	1325
453	1231
514	1196
484	1373
542	1118
554	1202
540	1056
574	1105
573	959
569	1109
548	1183
538	1290
544	1298
546	1246
539	1243
503	1169
575	1126
481	1281
481	1329
433	1225
491	1206
494	1113
510	1291
514	1451
472	1077
495	1225
430	1346
484	1242
489	1307
487	1310
466	1232
537	1445
556	1552
477	1718
525	1310
531	1243
566	1480
461	1221
531	1559
508	1318
563	1382
522	1281
469	1180
493	1256
481	1321
540	1292
486	1100
516	1041
521	1138
469	1149
449	1206
453	1223
470	1241
504	1399
550	1394
489	1350
459	1239
460	1056
465	1089
447	1327
506	1122
510	1029
476	1155
466	1305
447	1106
406	1059
385	1185
435	1262
462	1104
435	1215
457	1090
481	1025
422	1151
456	1261
470	1389
495	1386
466	1381
462	1526
410	1165
408	1137
407	1604
484	1392
509	1322
420	1507
466	1492
405	1544
387	1359
395	1231
409	1104
406	1136
432	1403
433	1302
415	1396
406	1391
435	1344
435	1501
461	1465
372	1629
391	1392
423	1425
383	1488
424	1600
433	1445
457	1309
472	1319
473	1291
486	1184
503	1328
499	1101
458	1211
466	1282
497	1173
436	1132
468	1134
470	1146
420	1151
446	1113
400	1124
465	1147
429	1081
411	1112
436	1076
419	1172
456	1051
469	1347
476	1111
431	1157
470	1230
474	1019
453	1111
505	1177
434	1144
454	957
443	1093
404	1245
385	1167
394	1096
394	1250
417	1053
383	1304
357	1156
390	1173
379	1244
425	1350
434	1481
412	1323
353	1142
386	1035
424	1255
384	1454
396	1387
389	1321
389	1380
400	1195
373	920
364	990
398	1181
399	1084
351	1042
408	1027
421	1035
391	1006
383	1105
363	1069
361	1097
333	1222
396	1184
335	1152
394	1065
419	1156
347	1470
402	1081
407	1245
401	1298
399	1189
382	1026
459	1215
407	1174
395	1143
422	962
381	1210
414	1253
413	1361
364	1081
429	1301
374	1336
384	1234
420	1429
401	1536
457	1403
399	1459
450	1384
427	1124
375	1078
393	1318
380	1348
413	1312
365	1388
402	1424
435	1418
441	1281
514	1374
389	1215
483	1162
394	1187
384	1269
400	1317
390	1063
449	1442
474	1234
481	1210
431	1313
415	1286
424	1232
502	1246
404	1379
446	1298
407	1165
452	1198
427	1354
428	1251
422	1266
435	1214
405	1325
422	1300
478	1223
401	1331
473	1155
450	1298
398	1313
463	1327
477	1176
459	1163
447	965
499	1073
391	1121
422	1091
451	1011
463	1125
457	1073
416	913
439	949
579	923
516	1039
533	1082
554	1138
645	1024
772	1287
828	1326
764	1316
946	1165
1006	1062
1184	1264
1221	1293
1223	1155
1183	1238
1307	1258
1375	1175
1401	1209
1450	1151
1362	1200
1549	1162
1945	1200
2284	1341
2257	1256
2359	1084
2459	1190
2934	1213
3159	1023
3052	1093
2794	959
3123	1133
3605	1067
4055	1213
4213	1177
4095	1110
4363	1172
5187	1050
6265	1145
6573	1527
6317	1229
6610	1191
7631	1270
8335	1344
8725	1216
8525	1262
8265	1305
8573	1337
8735	1269
9012	1371
8708	1213
8778	1154
9022	1191
9531	1175
10070	1267
10140	1180
10240	1259
10373	1148
11384	1271
11966	1333
12094	1360
11774	1403
11597	1320
11878	1397
11982	1643
11822	1583
11193	1347
11097	1446
11141	1380
11107	1193
10949	1203
11014	1246
10915	1403
10969	1249
11436	1265
11439	1372
11992	1308
12551	1300
12746	1462
13170	1418
13506	1412
13861	1597
13394	1561
13847	1381
13640	1383
13255	1360
12887	1237
12405	1154
11641	1262
11228	1340
11072	1524
10551	1346
10482	1049
10379	1260
10635	1073
10684	1185
11091	1216
11561	1280
11943	1222
12551	1385
12690	1386
12977	1328
13185	1365
13086	1412
12952	1146
12330	1381
11689	1227
11305	1347
10680	1265
10270	1144
9833	1029
9399	1013
9123	1128
8705	1201
8512	1241
8476	1040
8855	1242
9411	1318
9984	1365
10628	1319
10942	1245
11185	1338
11494	1131
11702	1380
11517	1422
11305	1206
10576	1147
9973	1192
9525	1201
8671	1022
7804	1068
6978	974
6259	1147
6046	1163
6292	1087
6623	1068
6325	1153
6398	1205
6703	1246
6882	1235
7055	1059
6922	1117
6434	1163
6034	1287
6243	973
6374	1099
5700	1277
4852	1252
4287	1304
4111	1053
3832	886
3417	1063
2856	1210
2535	1045
2476	1188
2593	1021
2466	1193
2055	1214
1651	1207
1491	1156
1580	908
1491	965
1373	1029
1124	1127
1013	1067
1021	1105
1054	1147
903	1042
774	1138
729	998
747	997
732	1082
739	1119
700	1071
629	1120
618	1119
724	1164
667	991
625	1035
601	1077
588	1007
580	1176
545	1145
545	1275
557	1305
450	1364
484	1148
510	958
476	1082
442	933
411	981
420	878
416	1078
436	1098
483	1034
430	1139
459	1335
484	1114
530	1207
448	1024
433	1233
453	1304
475	1420
507	1127
484	1095
579	1054
574	1036
576	1114
473	1264
505	1260
537	1224
499	1097
513	1171
485	1293
522	1361
537	1390
561	1233
558	1254
556	1237
541	1178
469	1160
387	1086
436	1252
460	1170
444	1043
426	1029
448	982
415	1115
377	1005
453	1282
385	1294
420	1202
411	1237
414	1231
389	1267
433	1236
352	1082
385	1174
369	1261
397	1237
430	1183
449	1086
409	1468
445	1377
405	1258
429	1250
395	1308
374	1227
410	1112
404	1154
410	1049
475	1157
404	1037
441	1066
468	960
463	1227
477	1109
467	1124
389	1119
498	1249
450	1212
418	1176
439	1276
509	1211
427	1287
408	1487
483	1355
425	1257
540	1550
517	1471
483	1375
469	1201
515	1175
485	1151
457	1190
428	1150
391	1194
374	1335
430	1218
422	1282
414	1171
516	1250
393	1133
407	1193
410	1250
390	1074
396	1289
467	1315
414	1277
418	1135
485	1025
466	1233
455	1253
421	1480
434	1177
444	1072
425	1383
429	1286
450	1185
386	1264
475	1127
455	1210
435	1136
440	1342
567	1339
566	1416
466	1414
422	1342
467	1310
463	1335
507	1355
543	1252
501	1254
504	1370
514	1287
461	1436
501	1184
500	1356
436	1294
443	1051
426	1223
422	1035
469	1097
444	1086
449	1010
474	1226
511	975
503	1067
496	1267
531	1195
477	1221
517	1112
508	1172
477	1185
503	1259
547	1327
513	1246
539	1421
490	1275
503	1365
501	1558
513	1291
536	1199
549	1100
498	1097
629	1334
616	1363
634	1323
556	1424
522	1354
543	1329
555	1255
535	1480
569	1249
554	1040
598	1060
599	1432
663	1214
671	1169
648	1420
619	1300
664	1358
667	1509
625	1211
592	1271
614	1374
620	1275
646	1203
647	1098
636	956
665	1204
613	1026
689	1032
715	997
668	1022
685	1042
673	1101
669	1268
727	1376
713	1147
716	1190
772	1046
721	951
743	1269
747	1151
693	939
678	1025
708	1134
684	1180
711	1149
622	985
643	1169
678	1237
730	1071
761	1143
814	1075
790	1221
758	1194
740	1200
782	1196
770	1367
684	1176
818	1129
774	1194
759	1168
701	1443
749	1392
783	1597
641	1309
734	1442
597	1133
768	1282
789	1236
671	1242
644	1026
754	1093
738	1101
811	1126
760	1081
708	1215
755	1098
751	1230
704	1265
693	1378
719	1368
724	1284
747	1003
734	1028
665	1242
644	1231
705	1240
700	1218
705	1137
657	1117
719	1058
672	1131
683	1125
663	1160
649	1165
660	1334
690	1312
702	1381
721	1455
714	1433
697	1238
691	1485
675	1213
660	1257
662	1173
720	1275
716	1252
702	1292
750	1388
681	1393
763	1258
717	1178
684	1067
670	1145
674	1092
714	1238
663	1104
665	1062
648	1052
647	1119
646	1113
615	941
674	1173
564	1087
563	935
541	968
534	1152
533	1291
553	1192
513	1182
484	1095
505	1103
501	1253
460	1212
448	1210
520	978
549	1007
513	1082
518	1102
464	1191
366	1128
523	1080
467	1201
476	1385
467	1407
468	1345
459	1301
437	1112
452	1025
436	1086
464	1219
449	1004
462	994
441	1146
451	1103
478	1124
481	1051
433	1015
478	1288
485	1162
444	1170
432	1158
445	1154
466	1141
479	1070
525	967
499	1102
499	1059
455	944
451	1347
472	1502
487	1549
481	1184
433	1278
449	1356
459	1243
461	1185
444	1002
418	1137
450	1170
420	1179
450	1366
428	1462
444	1320
442	1220
448	1172
383	1129
419	1256
351	1146
419	1359
461	1236
413	1234
401	1192
423	1126
395	1076
379	1210
452	1360
460	1228
405	1261
395	1181
390	1342
483	1339
443	1048
449	1357
451	1279
410	1122
483	1154
416	1193
396	1291
358	1177
385	1102
414	1096
443	1233
429	1236
503	1098
419	968
473	914
448	1088
515	1130
507	1206
486	1000
507	1044
592	1166
581	1267
633	1156
711	1015
909	1083
1196	1421
1234	1471
1209	1268
1122	1294
1538	1237
1751	1248
1920	1399
1998	1335
2043	1270
2132	1112
1983	1201
1838	1009
1898	1085
1819	1139
1821	1225
1799	1056
1980	1109
2172	1141
1993	1163
2289	1201
2614	1136
2772	958
2875	1096
2813	1150
3063	1190
3386	1230
3623	1418
3605	1160
3152	1288
2773	1293
2590	1245
2335	1156
2084	1247
2043	1280
2049	1304
2132	1174
2099	1199
2629	1309
2919	1320
3303	1207
3829	1116
4225	1297
4441	1357
4566	1196
4867	1167
4742	1296
4606	1380
4243	1432
3873	1214
3290	976
2700	966
2142	1061
1875	1043
1630	1193
1469	1127
1507	1425
1437	1468
1521	1445
1630	1308
1812	1232
1887	1229
1820	1141
1729	1195
1667	1106
1902	1251
2209	1114
2233	1224
1786	1106
1511	1151
1530	1054
1411	1152
1273	1201
1076	1183
1020	926
926	861
928	900
746	1013
682	1141
613	1083
633	1099
610	1222
627	1200
547	1239
547	1093
444	1197
468	1289
467	1343
485	1516
430	1422
434	1076
416	977
375	1013
402	1154
392	1158
433	1148
411	1087
457	1250
446	1278
455	1442
403	1567
480	1419
460	1236
494	1333
462	1126
452	1423
453	1177
439	1007
465	1051
440	1204
481	1143
440	1082
419	1187
409	1287
424	1406
435	1470
437	1506
439	1524
374	1368
405	973
434	1005
467	1223
492	1080
473	1222
450	921
434	982
435	985
415	1003
442	1419
411	1340
379	1047
422	1142
430	1075
442	1122
455	1113
441	1238
449	1197
440	1150
438	1213
475	1239
486	1287
486	1042
427	914
488	977
455	1050
480	1099
441	1001
444	1161
510	1156
556	1045
614	983
557	1326
675	1217
777	1079
776	1084
784	1070
897	1051
1120	1086
1667	1072
1757	1016
1598	1142
1707	1008
2191	1185
2797	931
3033	1176
3225	1237
3555	1122
4755	1164
5857	1324
6428	1328
6178	1461
5985	1357
7267	1289
8365	1523
9154	1492
9499	1515
9395	1533
9378	1468
10545	1724
11178	1776
10837	1765
10674	1828
10651	1615
11028	1630
11154	1726
11132	1813
10973	1960
10540	1992
10554	1740
10734	1499
10442	1564
10501	1570
10597	1626
10761	1349
11255	1402
11712	1490
11631	1691
11669	1465
12169	1578
12779	1593
12824	1551
12908	1521
12820	1660
12959	1597
13177	1490
13129	1557
13277	1599
12807	1307
12552	1371
12852	1523
13137	1438
13692	1561
13720	1633
13874	1557
14388	1527
14861	1727
15014	1637
15165	1745
15216	1803
15658	1666
16145	1838
16581	1885
16435	1772
16306	1861
16320	1683
16344	1880
16520	1799
16102	1791
16157	1863
16223	1977
16103	1954
16168	2041
16115	1967
16238	2010
16087	1978
15978	2026
15862	2167
16010	2235
15717	2007
15583	1898
15255	1735
14823	1863
14342	1540
14457	1657
14102	1591
13884	1420
13011	1521
12531	1408
12491	1394
12563	1421
12318	1299
11468	1449
11079	1253
11019	1349
11153	1517
10711	1287
10673	1513
10181	1574
9761	1565
9908	1566
9593	1558
8819	1629
7920	1591
7189	1380
6624	1319
6633	1136
5507	1195
4390	1292
3517	1375
3563	1391
3727	1357
3289	1412
2577	1534
2171	1401
2236	1356
2230	1339
2143	1295
1691	1299
1553	1233
1445	1476
1520	1443
1432	1296
1281	1346
1031	1290
1039	1174
1066	1132
959	1219
883	982
850	1115
873	1009
882	1020
921	1042
861	1019
700	1053
722	1350
733	1362
757	1075
723	1083
549	1100
563	1301
556	1047
562	1035
507	1167
523	1147
439	1139
413	1198
492	1125
466	1150
452	1123
456	1254
454	1255
463	1232
528	1297
443	1323
483	1445
401	1390
475	1373
547	1346
540	1295
547	1226
624	1129
668	1402
611	1287
572	1138
615	1120
639	1331
549	1160
561	1558
555	1464
479	1301
434	1404
452	1290
467	1368
484	1292
462	1370
506	1319
449	1092
471	1293
485	1277
412	1168
491	1229
481	1087
484	1222
544	1164
481	1338
523	1432
553	1435
520	1294
533	1155
560	1138
559	1161
610	1029
579	1172
591	1221
535	1165
608	1068
605	1088
575	1012
613	1027
548	1061
593	1060
542	1207
596	1173
602	1147
576	1346
549	1252
619	1412
639	1423
711	1332
673	1209
700	1335
604	1287
616	1331
595	1184
652	1235
592	1347
541	1641
510	1242
474	1304
529	1391
588	1143
474	1114
440	1027
434	1154
488	1244
454	1201
449	1285
479	1379
443	1406
453	1491
465	1106
481	1477
488	1285
414	1122
413	1048
465	909
467	1074
380	1048
434	1168
434	1229
404	1125
452	1130
457	1247
423	1125
488	1107
429	1166
445	1051
399	1255
451	1214
472	1186
423	1088
453	1274
446	1171
398	1152
433	1143
495	1249
429	1188
469	1319
462	1348
462	1332
423	1312
465	1193
401	1142
452	1227
484	1370
438	1220
434	1081
478	1179
491	1207
429	1315
440	1242
419	1268
405	1085
461	1196
511	1293
451	1029
439	1219
456	1287
504	1416
405	1296
482	1494
484	1419
488	1232
514	1192
540	1310
467	1215
470	1277
422	1234
451	1216
482	1293
469	1254
415	1456
475	1067
475	1326
436	1352
479	1287
468	1313
428	1130
459	1231
440	1085
456	1269
469	1541
434	1306
422	1226
481	1182
461	1558
463	1463
444	1651
482	1647
510	1414
489	1376
484	1635
499	1437
532	1399
481	1405
423	1433
504	1410
570	1249
692	1334
750	1453
730	1360
1041	1136
925	1282
747	1114
734	1113
675	1415
537	1182
507	1184
502	1296
451	1048
625	1188
617	1099
629	1082
574	1173
683	1148
543	1012
502	927
462	1117
463	993
488	1013
479	1147
461	1121
479	1120
421	1231
458	1165
429	1133
416	1126
446	1121
472	1290
440	1158
494	1070
408	998
397	1104
466	1104
481	1215
439	1366
441	1343
397	1279
419	1123
446	1136
447	1281
386	1278
411	1321
436	1457
416	1469
402	1444
443	1199
431	1439
423	1429
399	1456
441	1460
485	1340
411	1296
420	1309
416	1564
405	1278
422	1224
445	1185
473	1189
468	1071
446	1142
420	1139
455	1021
485	1019
480	1027
438	1144
496	1329
509	1140
434	1182
448	1157
460	1296
435	1168
354	1019
390	978
423	1047
420	1111
397	1010
420	1015
390	1316
396	868
368	916
408	1100
407	1185
496	1154
395	1228
382	1267
423	1118
339	1294
382	1366
425	1245
510	1449
445	1280
414	1210
490	1146
447	1047
449	1264
446	1211
476	1195
474	1113
485	1222
507	1098
503	1107
544	1148
512	1245
510	1136
484	1117
535	1153
524	1275
570	1115
524	1196
467	1227
484	1034
495	1356
442	1339
491	1212
463	1020
405	1089
444	1058
447	1135
459	1029
430	1209
434	1162
458	1052
470	974
429	1211
475	1369
521	1282
481	1318
465	1351
428	1152
502	1267
466	1261
556	1285
557	1454
534	1334
503	1108
489	1377
484	1264
472	1420
485	1275
460	1106
580	1107
687	1101
728	908
567	978
489	1139
459	1233
461	1196
397	1231
463	1227
414	1149
429	1278
444	1209
434	1171
385	1140
440	1094
472	1000
443	1158
446	1192
431	1270
456	1233
428	1343
381	1416
450	1436
415	1390
458	1434
446	1389
454	1191
374	1255
405	1122
380	1209
398	1465
472	1466
411	1430
372	1355
388	1417
418	1222
387	1166
372	1174
394	1117
346	1081
368	1120
416	1172
389	1316
424	1047
407	964
417	1049
436	1206
435	999
429	1107
457	1075
404	1092
448	1184
483	1419
444	1351
440	1317
398	1173
417	1270
377	1187
431	1378
432	1319
399	1059
451	1115
377	1117
431	1231
457	1125
529	1314
449	1273
503	1269
443	1186
440	1228
466	1166
434	1263
474	1323
463	1458
421	1256
443	1221
455	1207
464	1215
396	1032
392	1032
374	1063
397	1109
426	1188
410	1212
352	1625
378	1551
389	1364
441	1279
419	1444
460	1208
434	1162
453	1149
452	1190
406	1012
418	981
425	1112
378	1050
338	1081
332	1139
368	1057
338	1282
320	1133
351	1252
361	1140
355	1161
391	1167
410	1454
390	1433
388	1314
388	1212
399	1297
408	1359
356	1385
398	1121
397	1336
413	1330
412	1101
402	1216
389	1057
379	1062
403	1442
402	1179
352	1381
410	1356
421	1224
386	1231
357	1138
433	1180
405	1382
379	1292
339	1253
360	1416
406	1403
406	1278
440	1048
402	1396
376	1295
350	1206
365	1331
389	1108
393	1065
395	1137
432	1238
440	1272
392	1166
375	1182
428	1389
400	1399
386	1433
413	1194
372	1267
411	1488
397	1424
421	1103
332	1236
421	1209
364	1103
386	1389
427	1329
361	1382
380	1389
372	1511
434	1453
435	1274
398	1307
390	1209
383	1367
374	1366
431	1417
428	1402
444	1325
463	1237
434	1038
419	937
368	1088
414	1091
420	1128
392	1025
385	1058
429	1202
429	1143
384	1205
434	1081
447	1217
408	1267
419	1328
390	1354
433	1204
413	1270
427	1130
399	1175
424	1137
466	1422
486	1280
413	1369
512	1438
402	1272
393	1274
416	1315
373	1427
378	1316
413	1262
413	1225
467	1168
439	1080
441	1221
432	1377
352	1637
419	1579
436	1423
433	1315
496	1323
431	1184
481	1007
444	1172
450	1121
455	1086
436	1054
422	1156
384	1207
462	1394
444	1509
395	1217
430	1173
383	1263
439	1345
399	1256
464	1499
439	1446
473	1470
489	1532
525	1464
508	1422
402	1722
433	1393
458	1221
439	1268
430	1418
418	1309
402	1318
492	1358
480	1354
488	1458
435	1354
495	1115
460	1335
453	1317
448	1518
477	1674
456	1498
452	1311
446	1295
433	1322
420	1125
456	1098
476	1328
476	1259
426	1201
426	1426
439	1037
449	1158
526	1033
475	1111
453	1165
471	1205
463	1302
467	1322
541	1130
530	1174
562	1391
478	1164
512	1293
468	1394
531	1400
543	1332
605	1117
499	1335
507	1159
451	1137
454	1069
506	1151
529	1382
540	1288
559	1099
558	1127
525	899
543	1076
542	1161
583	1032
577	1331
548	1329
572	1205
594	1366
564	1311
547	1124
537	1256
503	1376
536	1217
559	1341
495	1099
526	1300
524	1199
580	1142
547	1249
579	1437
565	1276
650	1382
640	1207
587	1207
525	1085
570	1163
579	1116
543	1040
613	1110
594	1089
578	1158
596	1088
569	1303
560	1134
590	1172
688	1176
656	1124
536	1175
544	1197
609	1216
559	1366
505	1205
505	1098
484	1082
479	1024
523	1108
558	1131
542	969
518	1212
536	1222
606	1195
521	1205
552	1236
595	1300
545	1092
612	1166
554	1310
625	1341
562	1225
592	1228
543	1514
483	1204
532	1350
532	1306
462	1205
511	1302
489	1114
462	1064
505	1083
456	1252
490	1377
450	1113
494	1041
492	1167
525	1263
581	1179
528	1199
625	1172
540	1020
558	1157
520	1290
498	1395
520	1406
522	1306
497	1549
477	1439
463	1423
483	1696
490	1586
531	1532
484	1362
449	1313
482	1471
509	1423
445	1312
410	1076
443	1369
403	1406
380	1252
430	1170
389	1119
494	1234
426	1419
399	1209
399	1082
428	1240
392	1247
459	1284
391	1182
389	1224
407	1244
412	1309
401	1233
404	1175
436	1183
434	1083
422	1216
453	1140
452	1139
361	1196
422	1168
447	1261
483	1159
470	1192
446	1220
453	1101
416	930
453	1100
447	1040
467	1159
461	1417
423	1296
393	1184
459	1251
491	1240
434	1579
421	1391
459	1286
413	1607
436	1372
418	1254
466	1377
458	1516
514	1303
465	1129
462	1179
449	1012
436	1114
433	1167
411	1266
423	1236
408	1477
427	1332
401	1600
423	1346
411	1190
405	1040
404	1135
417	1090
434	1169
381	1176
434	1166
416	1136
469	1295
487	1396
449	1400
440	1609
447	1450
429	1117
446	1117
453	1146
454	1282
420	1192
413	1177
419	1054
415	1099
462	1094
450	1094
419	1208
457	1060
439	1185
511	1273
431	1190
429	1016
412	968
387	1129
418	1268
378	1273
409	1248
403	1140
416	1223
402	1310
412	1327
429	1276
422	1252
474	1249
416	1176
413	1423
443	1499
471	1341
489	1320
411	1250
429	1125
480	1178
412	1168
446	1321
449	1312
409	1505
439	1304
419	1329
404	1113
380	1159
445	1298
404	1369
452	1278
448	1180
386	1065
397	1067
423	1142
442	1283
481	1193
398	1095
374	1260
404	1455
442	1279
423	1109
439	1371
466	1266
440	1193
425	1383
508	1576
497	1203
390	1117
428	1099
404	1179
498	1140
492	1187
434	1172
449	1289
413	1403
455	1234
387	1198
407	1100
426	1247
417	1226
414	1232
459	1193
448	1082
375	1164
422	1140
466	1295
448	1216
488	1109
462	1289
439	1334
387	1458
427	1489
468	1307
430	1233
441	1145
414	1290
445	1180
419	1167
414	1177
418	1069
415	1242
435	1215
451	1152
464	1360
416	1252
394	1399
436	1372
394	1473
464	1448
420	1590
419	1492
428	1301
428	1248
446	1581
471	1328
465	1262
366	1180
392	1275
414	1488
381	1403
357	1726
383	1797
425	1427
370	1226
420	1307
395	1399
472	1326
426	1229
456	1239
425	1087
371	1255
427	1449
429	1260
415	1145
350	1042
422	1053
432	1128
430	1012
407	1041
443	936
396	1095
372	1190
401	1200
437	1058
456	1235
442	1323
411	1184
427	1402
446	1524
484	1253
496	1280
470	1496
485	1142
468	1139
419	1313
499	1304
444	1269
462	1260
439	1180
407	1241
490	1374
452	1230
424	1003
443	1019
505	1272
531	1212
438	1252
454	1249
458	1202
388	1250
484	1140
395	1282
425	1115
431	1066
433	988
400	876
450	920
453	1074
415	1253
437	1256
413	1276
461	1379
482	1377
486	1277
422	1296
381	1033
455	1190
450	1256
399	1325
427	1362
400	1202
418	1052
392	1214
362	1461
400	1244
441	1073
431	1300
447	1205
441	1205
401	1159
459	1154
434	1320
433	1193
428	1272
466	1058
428	1289
397	1092
386	1159
452	1239
415	928
421	1027
410	1133
402	1088
427	981
438	1083
460	1206
413	1086
413	1182
426	1165
439	1240
474	1167
456	1265
486	1175
413	1174
431	1170
469	1289
474	1195
443	1005
440	1207
445	1154
490	977
600	1039
726	984
744	893
715	1075
948	1083
1050	1167
1018	1232
1071	1187
1092	1171
971	1291
791	1169
647	1275
727	1165
765	1234
635	1159
587	1257
599	1389
716	1368
801	1083
786	1257
726	1336
528	1285
505	1449
490	1125
507	1113
486	1112
491	1233
454	1164
407	1146
398	1163
435	1128
444	1094
420	1110
408	1107
393	1236
430	1226
394	1151
366	1098
417	1122
399	1258
390	1468
406	1428
405	1312
472	1173
366	1227
401	1146
361	1138
419	1034
453	1160
443	1210
389	1222
444	1360
409	1296
374	1420
384	1255
369	1169
434	1239
389	1141
363	1033
393	1435
411	1449
406	1237
385	1179
422	1173
416	1006
393	1132
350	1297
382	1184
386	1246
407	1392
421	1246
413	1431
392	1306
396	1280
394	973
418	1058
438	1296
403	1065
398	1189
456	1284
390	1029
373	1058
382	1038
424	1179
406	1341
408	1295
409	1271
390	1179
437	1254
422	1139
473	1325
431	1309
456	1331
384	1204
384	1208
405	1061
446	1145
438	1295
421	1117
421	1244
438	1243
401	1118
438	965
415	996
381	1016
453	1169
496	1224
386	1075
369	1131
355	1178
396	1162
413	1077
387	1211
402	1279
385	1209
389	1122
395	1038
404	1146
397	1224
379	1233
420	1070
495	1256
458	1238
409	1260
505	1086
441	1208
496	1119
439	1081
414	1069
379	1127
384	996
330	945
382	1091
424	1240
416	1274
378	1182
397	1259
396	1172
386	1206
395	1208
418	1311
379	1127
392	1002
451	996
346	1166
348	1017
410	1181
418	1383
405	1148
453	1142
383	1273
367	1145
400	1237
408	1103
436	1161
425	1292
460	1015
410	1143
440	1300
466	1341
437	1257
441	1244
363	1099
408	1080
390	1044
390	1234
398	1221
439	1202
476	1096
452	1184
394	1235
516	1256
487	1410
533	1152
451	1074
531	927
516	1065
475	1166
484	1202
425	1033
443	1025
431	1249
515	1344
468	1108
438	1028
510	1118
418	1174
442	1080
408	1193
491	1102
479	1163
447	1280
438	1147
473	1229
428	1051
429	1079
432	1361
354	1311
337	1230
373	1121
469	1135
414	1020
416	1020
439	1189
469	1050
458	937
483	1077
447	1251
441	1144
422	995
446	1183
440	1382
447	1380
491	1388
442	1361
426	1447
438	1230
424	1203
439	1199
394	1444
394	1112
402	1188
418	1206
444	1217
451	1174
457	1141
402	1159
469	1302
441	1264
457	1194
462	1324
506	1404
475	1419
460	1387
445	1410
486	1227
545	1456
461	1330
460	1348
446	1342
419	1104
388	1204
464	1267
426	1520
405	1291
482	1181
436	1155
445	1100
389	1170
426	1156
427	1124
400	1324
395	1101
398	1154
470	1181
447	1173
491	1234
529	1207
541	1238
401	1161
529	1048
497	1120
479	1129
538	1135
469	960
417	1011
418	1007
473	1375
509	1450
527	1380
517	1581
524	1423
554	1328
626	1119
644	1160
575	1480
645	1291
687	1075
660	1414
677	1271
727	1310
737	1284
806	1340
879	1466
847	1519
745	1272
914	1577
878	1589
838	1477
811	1437
888	1371
826	1388
912	1325
891	1497
904	1454
985	1579
915	1377
863	1374
916	1322
966	1223
994	1226
919	1116
942	1119
865	1361
890	1195
1004	1478
991	1290
908	1393
867	1371
895	1473
841	1295
956	1092
898	1139
864	1233
965	1177
937	1277
923	1030
941	977
881	1046
939	1047
947	1051
904	1140
913	1066
870	1268
764	1129
795	1058
741	1295
713	1257
702	1473
739	1314
691	1128
737	1324
704	1267
696	1433
748	1321
712	1034
630	1281
646	1168
611	1241
671	1155
641	1311
627	1292
621	1111
655	1031
645	1481
607	1415
536	1293
562	1182
531	1312
560	1240
489	1464
551	1170
576	1217
554	1077
539	1094
492	1137
486	1176
447	1118
468	1060
435	1097
396	1110
468	1336
544	1194
549	1209
485	1220
549	1245
490	1292
491	1148
507	1362
534	1242
480	1362
546	1200
536	1291
495	1341
509	1539
570	1538
619	1644
647	1566
607	1396
551	1238
666	1298
619	1185
651	1199
621	1306
589	1180
635	1106
612	1203
569	1206
563	1106
596	1110
553	1101
602	1131
629	1168
628	1162
659	1175
577	1194
557	1003
637	1183
666	1088
628	1108
671	1022
616	972
689	1314
707	1113
647	1139
629	1217
605	1086
681	1359
646	1235
666	1008
610	1195
659	1255
643	1074
604	1171
647	1182
597	1105
576	1171
625	1105
605	1344
643	1431
613	1298
587	1094
614	1127
638	1205
614	1277
628	1118
617	1124
573	1180
550	980
571	1011
620	1008
565	1066
624	1185
593	1059
636	1260
652	1321
603	1138
639	1055
571	1192
619	994
634	955
648	871
598	1140
615	1136
642	1136
636	1089
688	1239
652	1144
652	1239
609	1183
588	1366
561	1316
623	1373
518	1314
609	1176
551	1234
548	1306
631	1211
556	1288
486	1294
492	1295
561	1237
542	1226
509	1257
518	1194
496	1276
540	1328
484	1230
492	1148
485	1100
498	1134
537	1319
540	1111
506	1138
487	1150
474	1169
548	1368
519	1385
552	1308
590	1217
477	1259
518	1238
519	1237
534	1195
541	1278
510	1345
472	1170
476	1042
469	1243
426	1256
446	1247
398	1154
445	1054
425	1225
448	1232
446	1336
454	1333
490	1313
421	1368
442	1266
457	1426
489	1342
426	1466
476	1419
431	1421
417	1308
470	1192
475	1121
444	1196
443	1067
453	1130
468	1151
473	1136
510	1230
492	1224
504	1116
446	1201
507	1495
504	1283
480	1412
472	1349
428	1610
468	1642
420	1507
436	1432
422	1326
445	1468
464	1279
422	1380
393	1256
446	1308
470	1295
497	1391
430	1356
424	1220
423	1216
434	1078
469	1190
457	1271
495	1344
469	1388
454	1145
454	1074
461	1170
449	1162
410	1130
431	1239
412	1339
414	1153
422	1049
467	1306
413	1151
452	1119
474	1261
458	1202
404	1322
437	1145
462	1178
459	1310
460	1167
470	1393
445	1325
455	1308
492	1239
523	1183
503	1192
526	1184
542	1554
542	1349
676	1067
737	1146
601	1235
682	1300
595	1448
629	1398
599	1303
550	1310
534	1295
475	1142
509	1162
564	1495
543	1325
564	1369
557	1201
503	1466
535	1437
558	1180
575	1200
503	1337
549	1505
552	1345
485	1454
601	1428
599	1529
559	1324
601	1387
694	1325
777	1427
784	1384
793	1353
822	1206
812	1153
857	1189
977	1368
971	1082
842	1280
753	1197
703	1281
668	1422
643	1313
624	1249
549	1375
481	1401
496	1274
553	1397
504	1170
461	1132
477	1197
468	1270
479	1345
462	1281
503	1406
448	1355
436	1023
428	1168
434	1330
483	1025
410	1146
420	1317
488	1151
420	1123
476	1298
476	1465
451	1425
417	1519
377	1379
417	1375
410	1259
391	1580
425	1427
439	1438
434	1309
419	1176
485	1339
531	1228
432	1261
480	1169
498	1362
496	1224
506	1300
557	1397
451	1124
469	1379
463	1229
452	1263
408	1267
471	1169
457	1482
469	1449
491	1280
524	1338
469	1302
512	1206
511	1052
480	1209
467	1148
411	1088
448	1255
455	1051
465	1327
413	1367
493	1389
438	1296
425	1115
440	1014
455	1129
447	1155
379	1322
429	1196
401	1310
372	1428
382	1192
488	1017
442	1565
411	1686
359	1459
377	1477
365	1331
449	1257
444	1065
489	1140
469	1349
476	1292
362	1164
382	993
385	1020
412	1159
361	1259
377	1415
398	1319
357	1310
420	1388
433	1248
395	1296
399	1270
358	1382
451	1240
358	1305
365	1397
398	1351
397	1500
377	1319
417	1443
411	1428
343	1448
418	1529
319	1384
358	1367
370	1313
372	1367
392	1356
427	1294
428	1342
416	1225
434	1144
435	1167
397	1273
455	1305
416	1353
419	1415
384	1280
423	1190
335	1274
386	1384
375	1356
399	1305
345	1392
435	1558
398	1267
391	1073
383	1169
391	1162
398	940
414	1019
401	1312
412	1304
392	1271
413	1197
462	1292
464	1263
457	1337
429	1233
448	1073
414	1036
421	1103
426	1182
481	1410
403	1189
428	1185
469	1403
451	1319
460	1291
418	1204
487	1443
450	1442
420	1391
444	1265
453	1182
488	1253
428	1227
478	1171
409	1089
428	1144
439	1148
430	1347
450	1301
481	1413
414	1394
425	1288
493	1244
482	1455
444	1146
479	1124
452	1235
463	1190
429	1118
451	1105
497	1103
576	1129
439	1224
422	1436
464	1272
414	1412
411	1382
406	1281
401	1315
461	1262
468	1502
479	1456
437	1384
445	1416
402	1216
452	1392
416	1322
415	1156
437	1292
392	1468
466	1490
383	1508
410	1169
436	1099
396	1260
421	1286
445	1294
398	1232
434	1344
435	1401
417	1364
438	1266
406	1154
459	1227
434	1314
399	1274
445	1164
392	1352
362	1320
462	1383
367	1290
375	1219
424	1334
428	1121
393	1154
437	1116
397	1177
396	1225
368	1169
403	1276
400	1201
354	1194
384	1183
395	1113
433	1537
434	1464
437	1362
433	1782
470	1593
430	1369
421	1305
428	1299
461	1501
437	1365
455	1278
426	1270
458	1200
419	1298
436	1220
389	1213
429	1396
427	1215
393	1209
447	1238
386	1332
430	1225
448	1318
430	1349
397	1244
422	1275
405	1297
506	1397
404	1220
446	1193
475	1291
429	1373
438	1276
426	1105
404	1014
432	1192
439	1175
463	1202
447	1297
417	1437
418	1419
401	1342
406	1375
403	1228
430	1427
393	1276
450	1293
479	1352
482	1349
416	1146
464	1109
423	1097
376	1311
405	1091
372	1097
430	1251
482	1334
418	1168
444	1252
446	1269
498	1147
402	1274
404	1276
412	1360
432	1310
414	1299
419	1234
406	1292
458	1570
433	1422
466	1455
390	1445
408	1137
347	1373
353	1358
446	1305
473	1194
488	1279
468	1324
443	1412
405	1463
447	1607
370	1311
329	1337
400	1204
421	1315
384	1259
445	1294
427	1175
392	1300
395	1279
442	1260
394	1203
419	1150
380	1561
378	1354
413	1685
443	1828
431	2019
403	1782
411	1427
367	1369
463	1267
416	1514
380	1420
376	1444
432	1359
413	1162
369	1341
418	1259
419	1209
375	1072
359	1213
425	1174
376	1256
395	1286
364	1328
382	1066
370	1305
425	1450
451	1147
476	1155
374	1334
413	1203
389	1123
407	1306
380	1318
398	1353
365	1375
388	1408
391	1362
408	1095
427	1095
444	1020
405	1197
400	1290
364	1424
399	1198
416	1149
428	1176
315	1098
358	1091
359	987
348	1030
349	938
381	991
430	1140
454	1057
408	1084
416	977
412	1106
400	1164
400	1398
429	1135
405	1004
379	1045
355	1245
373	1302
396	1230
426	1309
413	1181
423	1182
435	1128
415	1382
446	1159
435	1192
412	1091
429	1297
451	1030
382	1093
431	1097
438	1254
431	1160
433	1350
427	1307
374	1438
458	1325
429	1314
416	1412
461	1347
436	1386
421	1140
389	1307
376	1408
459	1488
428	1292
448	1182
465	1405
485	1291
478	1207
390	1274
501	1196
521	1175
504	1136
477	1061
438	1285
449	1362
469	1344
483	1350
454	1262
525	1366
474	1055
425	1249
424	1314
445	1243
459	1170
450	1254
403	1411
475	1098
469	1262
418	1334
463	1263
449	1110
487	1287
481	1233
441	1332
454	1383
471	1367
416	1067
397	1176
420	1015
392	1168
408	1401
436	1355
476	1512
493	1258
479	1245
476	1565
485	1458
492	1349
498	1402
462	1507
462	1474
459	1331
388	1379
416	1456
463	1470
477	1492
436	1466
420	1346
476	1510
428	1142
422	1318
433	1222
468	1286
477	1101
442	1105
429	1334
402	1179
442	1061
435	958
499	1018
465	1194
455	1104
477	1095
509	1261
445	1118
462	1222
434	1057
451	1139
396	1192
411	1110
450	1239
402	1111
449	997
439	1066
449	1042
433	1016
393	1093
427	1239
449	1168
