356	938
441	1027
414	1116
360	1092
400	1099
395	1194
443	1306
422	1246
360	1023
370	1091
450	1174
427	1247
392	1485
399	1638
344	1424
402	1406
395	1180
412	1093
445	1133
408	1146
472	1382
425	1309
457	1182
426	1448
372	1333
416	1122
486	1191
344	1295
417	1349
426	1109
403	1195
362	1132
390	1276
373	1416
373	1404
394	1419
434	1286
385	1264
394	1212
392	1199
406	1183
435	1246
474	1365
422	1375
410	1478
423	1236
377	1037
438	1210
388	1141
352	1291
381	1323
423	1430
397	1527
397	1310
458	1336
444	1295
416	1207
420	1407
398	1268
412	1394
428	1218
457	1048
402	1297
404	1161
391	1291
409	1259
402	1187
381	1061
410	1105
485	1257
483	1461
465	1308
444	1128
516	1221
510	1183
516	1357
525	1355
565	1302
506	1173
519	1391
509	1346
508	1209
436	1149
471	1302
519	1487
436	1321
404	1323
390	1206
437	1204
416	1110
440	1074
398	1173
448	1029
447	997
426	940
445	1183
454	1068
462	1155
465	1356
434	1349
488	1252
496	1307
451	1264
470	1190
443	1219
438	1110
429	1131
457	1090
460	1101
451	1033
492	1106
526	1147
463	1057
449	1005
538	1045
674	1297
603	1025
579	1249
553	1094
669	1084
778	881
854	1028
836	1104
761	931
944	1077
1121	1165
1142	1160
1140	953
1072	1087
1001	1057
1027	1042
1045	1185
1067	1247
1058	1206
1042	1193
1016	1096
941	1105
873	1027
848	1059
781	1096
688	1259
604	1227
637	1321
522	1471
520	1213
589	1345
498	1296
509	1461
587	1335
618	1224
604	1178
601	1222
569	1247
615	1230
716	1434
618	1255
549	1381
485	1180
464	1039
449	1195
484	1216
387	999
445	1013
409	1255
414	1559
451	1574
392	1279
419	1340
385	1426
428	1389
467	1397
453	1499
480	1481
437	1274
381	1343
440	1303
447	1342
435	1351
417	1357
473	1178
328	1116
381	1202
437	1334
421	1303
442	1145
391	1186
445	1418
455	1332
418	1165
433	974
369	1068
394	935
418	988
456	1030
455	1195
432	1268
433	1178
430	1141
389	1326
430	1396
417	1205
441	1281
479	1177
423	1175
409	1173
410	1013
405	1182
404	990
470	1116
473	1206
457	1196
417	1284
445	1447
433	1341
452	1315
472	1341
432	1395
427	1421
428	1233
416	1258
372	1172
391	1182
399	1147
419	1146
432	1206
374	1008
391	1086
336	1104
387	1228
422	1214
429	1052
438	1179
416	1455
399	1077
341	1278
350	1186
320	1235
389	1277
395	1050
410	1271
381	1322
393	1285
413	1437
440	1299
390	1359
352	1401
371	1265
422	1328
347	1170
411	1134
448	1251
463	1200
394	1171
407	1171
411	1302
404	1140
387	1100
448	973
410	1129
381	1087
387	1208
424	1114
414	1145
490	1169
435	1081
426	1118
437	1079
348	1065
355	1204
419	1069
398	1061
434	1020
405	916
354	1268
388	1111
417	1140
456	1028
613	1305
648	1010
604	948
499	898
541	903
686	939
616	1093
661	1040
595	1105
600	1036
647	1041
635	1080
561	1035
636	998
541	1013
461	871
431	922
519	1050
510	1043
413	1091
392	1005
408	889
351	797
454	1014
529	972
470	996
417	957
441	902
377	893
422	898
402	904
435	1180
408	1160
382	1145
442	1089
435	1103
449	1287
397	1231
408	1193
434	1216
395	1278
397	1207
408	1120
418	1170
380	1186
385	1042
373	1054
424	1122
402	1004
402	1030
425	1137
402	1077
393	1021
391	1218
404	1034
417	1221
417	1159
444	1126
408	1321
406	1210
382	1272
391	1444
390	1226
426	1227
383	1153
390	1320
424	1271
397	1204
402	1092
468	1223
425	1074
431	1248
403	1290
492	1464
451	1290
405	1258
380	1189
446	1042
492	1119
442	1225
450	1197
405	1220
420	1321
450	1456
467	1428
491	1304
498	1235
440	1378
452	1561
405	1206
458	1097
433	1099
418	1135
370	1265
390	1316
446	1205
422	1144
441	1246
461	1175
382	1219
414	1202
425	1116
418	1195
408	1023
389	1236
366	1307
378	1055
349	965
334	1147
378	1293
421	1390
458	1390
413	1337
422	1308
371	1081
424	1132
404	1102
391	1182
426	1068
397	1176
382	1024
323	993
381	1063
393	1027
392	1080
419	1066
342	1061
347	880
319	1023
411	1177
435	972
462	1350
451	1145
383	1167
421	1175
480	1061
446	1329
494	1123
415	1148
350	876
375	1180
363	1151
466	1059
409	1121
462	1053
403	1116
427	1187
348	1120
356	1164
352	1224
341	1265
385	1336
430	1380
426	1374
394	1316
374	1219
435	1355
402	1333
393	1277
404	1204
362	1048
399	1140
440	1190
451	1159
438	1212
402	1117
387	1252
387	1270
434	1189
420	1285
428	1228
374	967
441	977
459	919
469	1054
488	1124
461	1284
520	1095
558	1095
473	1032
471	1139
503	1007
557	1050
637	1169
611	1349
609	1250
566	1320
548	1177
629	1247
742	1240
826	1231
883	1140
1147	1281
1287	1218
1343	1246
1420	1259
1254	1261
1348	1203
1134	1144
1111	1195
1067	1233
1075	1182
1287	986
1200	1281
931	1388
817	1067
838	1338
819	1241
664	1170
571	1120
490	1140
456	1108
497	1156
508	1311
433	1246
393	1311
376	1542
464	1464
439	1356
437	1302
482	1166
439	1208
460	1233
463	1163
422	953
391	1056
422	1095
438	1171
443	996
392	985
427	1149
380	1286
420	1089
403	1139
451	1095
416	1315
384	1277
423	1139
438	1245
358	1145
403	1231
456	1136
432	1408
370	1283
404	1297
422	1462
413	1234
448	1174
400	1093
378	1041
381	1219
421	1253
393	1137
373	1160
369	1201
363	1035
358	1084
409	1041
435	1146
483	1289
403	1151
380	1074
471	1010
482	1092
471	1170
497	1011
483	1258
466	1079
377	1168
413	1242
420	1368
451	1303
382	1424
419	1427
367	1536
358	1510
434	1620
463	1535
446	1460
444	1505
435	1356
492	1268
409	1197
410	1327
410	1296
433	1195
371	1271
441	1203
458	1410
422	1677
445	1391
396	1401
403	1310
409	1179
496	1121
406	1260
354	1085
475	1162
417	1245
423	1484
452	1507
483	1289
460	1300
429	1189
423	1105
447	971
418	1031
383	1251
404	1397
432	1265
429	1262
468	1283
445	1439
493	1158
454	1046
395	965
462	1114
419	1022
428	1099
396	1261
463	1353
453	1266
462	1348
442	1513
408	1413
414	1193
470	1186
388	1096
429	1105
411	955
399	1048
424	951
402	1087
399	1097
438	1084
427	1077
340	1142
385	1163
365	1264
420	1398
381	1649
391	1515
430	1537
390	1440
424	1203
399	1383
384	1005
424	1017
433	1047
453	1267
456	1346
441	1299
465	1330
417	1216
412	1403
376	1074
435	1172
428	1191
404	1274
435	1340
451	1379
393	1282
423	1171
418	1059
371	1152
405	1360
434	1406
432	1364
435	1476
394	1350
403	1300
466	1343
444	1156
422	1258
424	1225
419	1308
426	1086
504	1100
466	1132
410	1131
452	1204
497	1243
426	1407
393	1240
438	1316
471	1199
401	1172
473	1152
415	1322
439	1182
431	1077
430	1138
414	1086
422	978
432	1069
411	1342
424	1303
427	1167
416	1177
413	1080
392	1075
397	1243
410	1238
440	1198
446	1127
503	1143
490	1223
512	1171
465	1354
453	1199
465	1150
426	1095
389	1193
446	1447
463	1488
501	1580
450	1271
418	1381
444	1159
447	1168
405	1061
449	988
390	1033
419	838
402	1017
425	1132
523	1072
457	949
363	1029
437	973
431	1167
409	1039
458	974
460	1079
455	1130
421	1102
439	1003
514	1135
486	1080
425	1087
425	1099
390	1041
466	1006
454	832
436	1032
473	1077
431	1209
485	996
439	942
497	1232
410	1080
416	1306
396	1229
393	1273
396	1283
435	1309
460	1300
471	1111
425	1237
413	1228
469	1292
464	1273
447	1217
424	1253
435	1436
392	1284
493	1334
508	1228
478	1337
485	1112
442	1306
458	1517
364	1321
422	1451
410	1374
385	1435
400	1448
470	1239
397	1404
427	1153
495	1138
446	1533
405	1445
424	1139
413	1171
451	1329
496	1330
452	1335
429	1361
420	1154
430	1159
427	1259
429	1113
489	1178
477	1279
494	1100
466	1234
509	1310
510	1615
446	1430
454	1346
452	1249
500	1110
459	1091
439	1166
437	1357
459	1315
530	1231
488	1217
438	1197
475	1277
593	1262
562	1126
496	1105
471	1111
481	1121
430	1250
530	1211
535	1133
502	1230
502	1202
479	1205
523	1187
532	1283
555	1403
563	1392
530	1312
440	1531
468	1241
434	1292
422	1162
480	1137
497	1073
487	889
562	1024
482	1043
501	994
501	1239
524	1235
552	1165
504	1174
512	1245
574	1318
532	1411
603	1538
591	1334
643	1182
628	1358
664	1226
687	1407
750	1284
688	1194
685	1171
807	1199
949	1224
839	1296
899	1125
824	1106
961	1167
1046	1078
1120	1126
936	1024
999	1079
1092	1156
1329	1136
1378	1320
1395	1193
1379	1223
1422	1183
1497	1268
1645	1236
1557	1217
1568	1299
1635	1097
1611	1116
1742	1091
1670	1160
1570	1189
1736	1122
1675	1147
1667	1160
1598	1228
1530	1191
1543	1084
1417	1097
1148	1370
1041	1396
1101	1414
995	1219
904	1058
840	1217
870	1218
964	1097
944	1252
775	1259
722	1190
689	1169
668	1336
684	1353
697	1326
636	1343
554	1421
596	1312
533	1200
587	1213
586	1305
518	1422
482	1365
500	1435
515	1211
497	1080
439	1154
447	1077
487	1183
446	1301
456	1385
455	1319
417	1270
426	1113
439	976
436	994
426	1106
425	1343
456	1269
421	1060
437	948
433	947
401	926
419	867
438	1003
450	888
482	1088
485	894
433	879
469	1069
418	934
497	973
516	1011
465	861
424	890
434	820
381	929
416	1024
441	1409
436	1089
484	1194
440	1250
460	1115
473	1140
438	1190
401	1000
409	1140
407	1163
411	1451
379	1315
352	1292
438	1072
364	1016
391	1004
434	1034
388	1075
400	1012
427	1221
417	1165
437	1256
463	1018
399	1229
420	1053
414	954
415	947
425	1017
455	1119
427	1068
427	1116
453	1200
440	1318
455	1093
481	1160
492	1238
502	1127
406	1180
458	1150
369	1187
400	1464
329	1379
428	1515
558	1276
457	1109
474	1022
492	1162
494	1052
508	1123
540	1130
516	1388
476	1055
488	970
460	941
434	1030
485	1181
453	1150
431	1074
419	1408
404	1173
382	1222
435	1183
415	1164
410	1324
498	1181
428	1226
381	1093
383	1170
375	1259
427	1307
376	1333
424	1159
436	1137
439	1079
450	1000
400	1254
362	1378
402	1282
471	1243
385	1161
448	1194
406	1101
411	1066
395	1215
373	1160
436	984
349	1165
374	1095
444	1216
408	992
368	1022
397	1014
407	1149
399	1072
383	1003
399	1179
357	1042
389	1104
411	1091
412	1231
389	1315
378	1245
424	1110
374	1000
410	1098
399	1026
447	1119
405	1117
426	1183
359	993
371	1088
403	1266
406	1275
448	1340
406	1255
448	1277
414	1197
394	1243
402	1394
399	1380
422	1366
400	1304
367	1267
411	1279
394	1270
404	1208
409	1232
392	1058
382	1220
346	1189
406	1325
425	1395
442	1187
509	1186
372	1003
415	1101
428	1154
391	1052
388	1044
418	1193
482	966
501	1099
471	1223
392	1435
408	1306
449	1148
451	1173
497	1507
433	1138
408	951
380	1034
450	1184
438	1108
512	1073
435	1118
563	1051
538	1034
629	1053
713	1208
638	1079
619	1156
766	1099
906	1129
845	1007
812	973
710	1045
802	1190
810	1187
943	949
954	930
869	1128
968	943
1237	920
1209	960
1196	960
1089	971
1056	1201
965	1449
970	1619
964	1557
986	1475
933	1465
901	1205
984	1195
911	1251
942	1265
782	1311
846	1539
746	1395
628	1449
594	1235
642	1066
571	1266
508	1279
399	1197
431	1152
464	1041
475	1084
562	1161
536	1229
549	1322
437	1059
469	987
473	1025
386	992
498	1007
399	1128
479	1159
441	1394
455	1297
442	1183
472	1077
412	1118
447	1200
412	1169
427	1137
430	1343
466	1251
425	1432
489	1352
475	1388
440	1292
416	1359
356	1335
391	1242
454	1102
387	1286
363	1199
427	1159
352	1190
388	1163
408	1017
391	1203
419	1312
366	1340
394	1297
330	1218
339	1123
332	1113
401	1197
405	1214
405	1175
387	1229
353	1249
366	1259
358	916
407	972
427	1086
403	1193
350	1243
371	1322
385	1128
425	1039
379	1158
420	1365
417	1147
425	1101
401	1274
415	1225
453	984
399	1023
471	956
403	1183
425	1135
394	1026
414	964
452	1295
443	1437
358	1246
414	1402
432	1397
434	1094
441	973
450	1124
431	1077
413	1183
439	1249
410	1122
412	1093
421	1250
344	1134
366	1003
397	1214
386	1342
416	1046
385	1071
416	1225
421	1085
407	1089
386	1097
436	1053
469	1287
461	1439
369	1332
379	1154
424	996
357	922
389	1188
405	1302
441	1333
395	1247
388	1300
335	1186
425	1126
399	1210
391	1272
360	1150
423	990
378	1201
436	1220
426	1176
405	1271
423	1382
412	1349
393	1311
396	1191
394	1135
429	1109
409	1194
447	1151
464	1289
412	1213
447	1155
397	1004
429	1012
387	1194
417	1255
375	1147
391	1225
464	1288
468	1248
465	1474
407	1529
436	1395
441	1432
461	1441
421	1651
448	1494
454	1249
476	1195
414	1051
443	1335
421	1238
393	1431
369	1470
452	1286
429	1284
399	1355
382	1249
353	1269
378	1174
387	1411
387	1460
370	1227
368	1317
389	1057
401	1166
391	1227
413	1518
415	1264
451	1434
427	1092
435	1041
382	1122
416	1145
446	1187
459	984
437	931
402	987
408	964
392	1002
434	1144
409	1234
422	1100
414	1156
405	1109
397	1034
471	1161
447	1047
506	1124
498	1169
546	807
504	904
471	947
465	929
491	1136
491	1030
468	823
458	826
593	993
616	1141
492	1202
448	1084
423	1087
412	1219
423	1396
401	1115
408	1296
425	992
481	991
449	944
448	1046
468	1257
414	1388
479	1286
485	1298
453	1194
493	1095
430	1209
371	1158
391	1293
390	1240
411	1113
399	1055
406	1051
422	1160
396	1208
415	1157
452	1255
446	1171
409	1297
412	949
429	990
488	1165
445	1101
454	1234
457	1080
457	1213
467	1218
472	1119
483	1152
402	1276
442	1212
445	1183
411	1278
426	1182
484	1295
428	1094
478	1193
447	1179
423	1295
408	1236
473	1095
426	1001
458	1115
481	1089
406	1098
361	1210
425	1072
446	1137
479	1075
398	1243
402	1416
480	1028
444	1040
469	1015
436	954
438	884
373	842
390	1134
546	1279
465	1129
462	984
493	1101
504	1038
570	1130
513	943
537	1164
494	1116
485	1152
524	1010
547	1106
516	1032
498	1005
482	949
466	1057
435	1018
468	1028
448	890
432	1042
428	970
424	1130
472	1190
469	1046
464	1045
483	977
627	931
620	1233
504	1125
569	1102
635	1133
694	1237
635	1148
523	1125
558	1221
678	1240
739	1207
720	1183
674	1178
730	1146
752	1256
699	1235
679	1358
647	1208
717	1308
626	1257
606	1203
585	1337
574	1333
644	1376
594	1288
572	1244
476	1324
447	1195
483	849
517	1014
453	1032
382	965
411	943
409	1124
448	1026
419	946
424	1014
423	1366
399	1438
385	1240
417	1409
436	1453
395	1268
430	1155
453	1502
438	1233
411	1203
405	1084
420	1089
435	1318
429	1273
460	1407
483	1454
419	1446
428	1599
450	1440
483	1266
407	1098
389	1138
399	1084
410	987
425	1168
439	1164
399	1075
383	1023
411	1054
383	1186
364	1219
404	1370
426	1103
409	1279
416	1266
450	1186
425	1338
451	1248
436	1163
381	1080
396	966
431	1150
435	1006
411	1101
434	1151
426	1189
374	1189
390	1196
362	1031
397	1049
427	1124
404	1218
394	1040
320	1107
380	1046
401	1190
396	1205
442	1006
448	1010
423	1098
479	1134
483	1147
419	1228
400	930
436	1034
434	1247
468	1123
429	979
465	1037
436	1008
447	1181
430	1104
415	1081
382	1031
404	1092
419	1249
412	1068
398	1114
426	1269
432	1262
409	1420
451	1289
394	1333
361	1134
381	964
431	1061
434	1107
425	973
436	1006
469	1180
433	1115
375	1100
389	954
453	856
411	795
455	976
420	972
398	1125
426	1138
435	1204
400	1021
406	1036
412	1114
499	1247
389	1272
441	1264
445	1293
390	1200
414	1165
381	1087
410	1122
431	1110
429	993
498	1070
391	1002
445	978
436	1075
449	1159
481	1173
433	1312
438	1280
439	1314
466	1237
438	1202
451	1221
436	1274
454	1113
442	1281
451	1145
446	1025
511	1057
423	967
492	1089
416	1112
397	1139
406	1038
419	1064
424	1204
420	1150
423	1022
473	1170
475	1154
502	1167
460	1148
475	1073
497	1170
518	1315
460	1313
456	1173
392	1133
472	1165
483	1221
494	1081
545	946
520	1052
518	1127
536	1129
588	1281
561	1298
539	1151
555	1032
612	963
658	1064
588	1131
636	1109
571	1044
626	1215
644	1140
650	1105
684	865
683	975
736	1072
720	1381
749	1377
762	1297
709	1259
713	1115
847	910
763	835
765	871
738	877
744	1088
744	1214
718	1305
755	1344
853	1273
769	1179
748	1264
785	1095
785	1076
759	1225
717	1100
744	1176
685	1338
695	1327
671	1071
633	1045
617	1283
619	1192
589	1223
543	1048
540	1241
570	1304
555	1229
568	1214
534	1000
517	1119
524	1265
575	1148
525	1087
531	1055
590	1136
554	1077
575	1044
548	1187
542	1174
565	1230
539	1200
547	1075
597	1083
555	1246
525	1257
614	1334
551	1147
556	1008
516	1071
535	1081
504	1099
507	1151
569	1132
536	1059
558	1085
552	1122
543	1128
551	1257
587	1259
620	1316
626	1321
644	1202
690	1231
714	1101
696	1295
683	1494
744	1215
765	1317
734	1160
727	1151
680	1098
756	1196
712	1236
691	1319
733	1293
753	1320
741	1135
725	1285
711	1231
894	1187
819	954
856	1090
882	1120
876	1260
866	1057
962	1048
934	1050
817	981
855	1034
772	1207
791	1272
739	1242
686	1240
755	1152
806	1075
774	1252
767	1273
908	1017
902	1100
971	1347
1019	1130
1079	1080
1034	1001
968	1222
910	1199
955	1170
899	1038
805	1108
816	1100
849	1039
875	1056
756	1031
843	981
773	1109
734	1227
708	1399
676	1288
733	1127
718	1198
757	1128
669	1022
655	1028
716	1122
679	1275
718	1238
733	1338
638	1176
579	1161
598	1242
665	1347
631	1317
588	990
724	1097
665	949
603	910
650	1079
643	1163
692	1225
658	1255
732	1318
648	1268
605	1323
592	1207
528	1227
575	1204
504	1209
470	1228
449	1104
432	1085
421	1011
416	960
487	1125
400	1207
420	1110
445	978
452	1085
509	1199
400	1294
381	1249
416	1030
471	1038
475	1023
419	992
394	1030
388	1249
449	1243
398	1054
359	1180
405	1437
449	1176
458	1533
404	1434
362	1323
398	1347
444	1408
390	1400
410	1188
409	1206
442	1274
450	1180
459	1224
401	1258
358	1171
401	1374
418	1255
463	1197
398	1346
411	1480
406	1364
389	1438
404	1443
418	1311
358	1193
449	1263
452	1080
533	1013
495	1213
483	1078
480	1168
434	1206
480	1244
449	1230
449	1323
444	1260
483	1027
448	1314
487	1185
512	1217
467	1107
502	1189
445	1281
452	1311
497	1144
528	1089
489	1051
556	1091
569	1159
636	1394
601	1278
555	1209
466	1287
496	1287
429	1218
427	1111
451	1148
463	1099
443	1131
394	1178
422	1150
423	1002
420	1094
411	1097
420	1194
367	1016
407	967
392	992
449	1043
405	1074
361	1330
377	1192
425	1210
412	1214
407	1254
353	1361
446	1294
436	1345
397	1348
393	1219
373	1448
409	1494
346	1346
383	1295
462	1210
400	1260
392	1274
413	1573
430	1275
493	1308
486	1137
406	1127
399	1200
434	1255
406	1286
481	1238
442	1166
359	1258
387	1096
405	1144
387	1265
460	1100
480	1346
439	1446
431	1073
406	1172
432	1106
423	1086
450	972
474	1074
456	1174
444	804
404	1062
493	1177
441	1306
431	1444
430	1146
445	1234
468	1164
420	1052
429	1088
479	1060
441	976
472	1093
428	963
454	1058
455	1140
417	1010
453	1158
455	1073
380	991
360	1202
392	982
447	1047
414	1053
476	1048
412	1005
405	1006
416	924
456	1082
433	1135
482	1242
504	1124
434	1182
401	962
434	1086
450	1011
410	1104
400	1042
438	1196
485	1316
497	1188
488	1110
503	1164
458	1065
511	1354
527	1015
537	990
444	1214
557	1299
594	1176
661	1421
571	1231
542	1243
761	1155
632	1120
613	1330
618	1305
677	1273
596	1064
574	1136
621	1084
641	1111
689	1001
647	1031
652	1269
670	1399
553	1275
632	1137
562	1137
492	950
552	1102
535	1065
459	939
445	1182
467	992
437	1028
409	1017
381	1223
462	1207
460	1403
406	1389
434	1523
443	1343
483	1319
498	1361
436	1255
432	1137
407	1239
388	1307
366	1336
444	1449
466	1344
452	1415
473	1299
463	1115
427	1022
376	1112
435	1149
429	1169
432	1186
430	1228
397	1093
433	1207
453	1220
452	1401
423	1328
401	1178
459	1321
467	1365
401	1330
443	1192
466	1022
440	1262
437	1168
458	1057
452	1142
449	1262
515	1242
441	1087
472	1305
435	1107
449	1118
464	1233
479	1225
472	1091
510	1234
456	1353
461	1386
477	1364
454	1006
427	1094
516	1165
483	1157
432	1040
401	937
475	1212
435	1097
419	1062
420	1177
454	1097
451	1166
481	1065
409	1144
384	1264
435	1332
407	1219
412	1029
416	1096
426	1123
421	1036
390	1073
436	1181
394	1105
411	1130
387	1076
405	1266
428	1276
465	1396
467	1239
482	1163
454	1064
427	1051
502	1121
440	1173
427	1313
476	1281
418	1117
479	1102
448	1238
494	1287
362	1088
413	1120
414	938
342	1230
384	1272
429	1241
439	1074
434	1048
418	1212
423	1179
400	1306
453	1145
429	1147
456	1096
411	1121
421	1258
472	1257
455	1217
467	1049
472	954
482	1234
467	1411
516	1391
520	1371
420	1283
520	1174
555	1448
501	1159
450	1143
474	1084
495	1019
472	994
471	943
479	1064
484	1136
521	1268
474	1117
495	1080
473	1061
487	1270
502	1284
526	1076
572	1210
483	1130
468	1201
481	1129
487	1311
466	1388
478	1466
500	1306
506	1378
481	1501
553	1272
507	1041
525	1137
532	1179
547	1079
545	1160
579	1381
572	1383
592	1097
646	965
697	1065
702	1019
758	972
723	1076
717	1197
758	1051
750	1382
700	1262
764	1092
810	1152
651	1087
638	1191
516	1301
629	1382
664	1359
619	1570
525	1280
535	1123
552	1177
571	1312
515	1364
469	1200
459	1226
470	1145
424	1123
454	1132
427	966
421	981
403	1017
453	1338
455	1158
449	986
449	1090
430	1156
458	1030
493	1066
439	982
446	1037
449	1169
416	1192
396	1086
476	1299
437	1265
437	1207
449	1263
424	1379
402	1112
397	1043
379	1069
409	1340
458	1135
412	1159
421	1117
456	1017
396	907
423	878
417	876
461	1167
472	1121
460	1124
410	1033
454	1071
443	1037
461	1179
482	1237
440	1377
425	1358
381	1227
466	1249
463	1315
390	1290
402	1512
415	1289
423	1170
423	1093
432	1059
470	1114
487	1251
430	1129
485	1201
486	1144
424	1142
486	1193
456	1074
432	1118
422	1105
390	1151
451	1145
385	1202
386	1235
376	1213
435	995
443	1112
454	1085
432	1361
477	1274
463	1168
523	1189
545	1382
595	1429
535	1153
487	1241
498	1306
520	1036
457	1105
506	1180
498	1206
411	1186
469	1367
492	1052
500	1132
450	1082
392	1045
494	1093
532	1154
516	1245
509	1337
471	1341
512	1250
542	1092
457	1159
507	1211
478	1209
514	1223
487	1066
442	1429
488	1303
496	1175
528	1294
557	1031
522	1138
659	1142
605	1099
587	1061
604	874
612	992
560	1140
489	1160
526	945
505	988
479	1143
477	1051
444	1001
474	1068
489	1134
492	1211
478	1091
465	1088
472	1228
457	1252
483	1272
497	1223
458	1319
465	1367
418	1095
457	1261
411	1199
424	1154
428	1190
442	1214
483	1090
435	1207
459	1039
391	874
403	1034
396	1189
431	1169
427	1272
406	1279
455	1246
427	1338
418	1210
483	1354
477	1486
438	1518
501	1267
463	1323
424	1352
410	1134
369	1069
408	1092
460	976
439	1159
425	1073
401	1025
441	1111
435	1063
445	1144
437	1149
454	969
468	1123
463	1343
429	1269
400	1252
413	1136
372	1237
475	1221
482	1058
452	1236
447	1126
436	1237
441	1169
411	1143
431	1324
447	1199
430	1099
418	1108
409	1232
462	934
440	1207
472	1222
455	1249
443	1056
429	1115
411	1107
410	1154
475	1296
451	1532
457	1255
429	1325
448	1273
450	1252
414	1431
420	1191
432	1173
375	1136
447	992
469	1185
471	1208
476	990
499	1072
452	985
448	976
422	1052
452	1023
552	964
490	1049
486	1092
509	1053
550	1145
473	1021
447	1283
489	1333
461	1354
489	1236
477	1038
490	1515
534	1456
474	1287
515	1200
481	1432
522	1286
523	1313
557	1342
530	1229
555	1194
536	1395
512	1325
518	1302
523	1195
482	1305
483	1148
533	1080
529	1046
463	1101
446	1355
516	1406
499	1276
484	1259
494	1468
489	1299
534	1184
536	1370
525	1234
510	1004
475	1108
485	1268
523	1277
533	1430
508	1501
507	1435
508	1147
500	1208
475	1235
466	1194
432	1309
488	1245
491	1158
515	1356
550	981
534	993
571	1088
522	1198
483	1133
560	1278
555	1233
535	1183
504	1169
535	1264
535	1275
573	1166
477	1315
443	1086
522	1140
510	1154
500	1241
447	1178
506	1046
514	1157
440	997
472	1157
490	1133
466	1097
536	1190
450	992
513	1283
578	1049
581	1182
549	1329
521	1155
530	1117
606	1253
551	963
466	1021
450	1214
503	1184
508	1116
467	1265
550	1162
573	1145
449	1084
497	1249
496	1215
483	1202
472	1094
464	1087
526	1119
500	1102
455	1040
534	1341
493	1271
471	1321
513	1276
462	1359
439	1353
513	1455
494	1285
445	1162
453	1200
472	1366
460	1203
485	1242
438	1301
492	1181
448	1120
541	1272
501	1183
479	1078
515	1170
529	1125
514	1250
493	1292
544	1054
475	1014
505	1180
491	1147
472	1059
478	1131
518	1126
455	1241
526	1097
466	1045
495	1024
433	1203
506	967
409	1004
435	1182
431	1245
446	1154
453	1372
421	1198
428	1166
432	1232
420	1097
453	1059
415	1030
422	883
387	1035
425	1039
416	1120
478	1019
404	1159
453	1090
416	1019
432	1048
445	937
448	1030
489	1059
464	1175
459	1180
470	1011
402	1225
432	1424
382	1168
431	1178
441	1252
453	1276
495	1178
455	1029
394	920
466	1134
473	1169
401	1087
407	1208
401	1159
443	1215
461	1367
445	1437
466	1201
456	1135
462	1067
493	1127
448	1219
476	1171
431	1202
452	1177
452	1107
433	1094
474	1106
411	1108
426	1105
439	1083
450	1050
439	1032
454	1119
451	1117
422	1209
454	1284
386	1076
459	1302
438	1289
482	1207
482	1260
512	1324
475	1314
460	1265
438	1025
429	1134
426	1169
413	1107
437	1182
435	1174
449	1174
385	1141
429	1227
407	1113
400	1030
405	1098
360	1027
427	1029
423	1252
418	1196
353	1025
415	964
424	1106
442	1060
406	1142
450	1221
430	1190
377	1130
425	1095
457	1265
497	1312
346	1254
370	1083
417	997
420	908
392	1020
386	1016
405	1090
414	993
484	1095
446	1347
409	1171
412	1082
389	1210
419	1218
393	1192
409	1454
395	1177
349	1201
404	1002
420	1129
447	1231
404	988
410	1058
404	1377
423	1284
406	1158
417	1421
441	1185
436	1218
409	1164
424	1133
402	1230
417	1257
447	1130
459	1277
420	1147
440	1120
384	1238
410	1342
534	1328
395	1347
443	1239
494	1312
385	1547
451	1087
452	1101
446	1387
411	1340
440	1354
438	1295
418	1075
422	1050
406	1133
411	1026
371	1111
436	1027
403	1207
398	1228
424	1366
414	1115
385	1137
361	1308
377	1315
411	1317
351	1463
407	1592
411	1438
394	1346
358	1432
394	1217
377	1345
445	1075
426	1139
471	1184
483	1081
448	1168
506	1185
525	1105
479	1186
502	1347
474	1149
468	1036
474	1212
439	1118
464	1237
491	1129
478	1228
405	1274
408	1379
466	1058
469	1079
392	1298
426	1109
513	1181
484	1265
494	1353
458	1345
427	1231
426	993
403	1161
414	1183
463	1157
478	1266
447	1204
429	1278
426	1117
444	1261
454	1238
481	1069
435	1160
366	1278
426	993
444	1050
423	1265
413	1116
389	1149
345	1152
420	1136
383	1128
403	1113
382	1093
371	1003
454	1066
419	1048
427	1066
426	1162
486	1092
458	1045
441	926
463	935
501	910
458	842
469	1017
439	972
402	1041
457	951
397	1027
502	967
462	945
456	971
509	993
482	1191
515	1101
513	1136
535	1428
566	1393
509	1240
457	1189
530	1143
521	985
555	952
504	1013
438	1012
485	1163
455	1306
534	1244
524	1179
557	1215
483	1330
536	1290
502	1522
511	1447
511	1386
500	1339
545	1316
480	1283
561	1071
525	1185
492	1154
581	1335
473	1329
453	1042
448	1299
422	1286
475	1290
453	1271
491	1140
469	1293
486	1135
456	1224
454	1354
376	1246
417	1190
482	1025
440	1010
494	944
448	1088
472	1183
454	1076
499	1047
435	928
493	1043
483	1086
494	937
463	1076
431	1089
468	970
456	1050
457	1126
462	938
415	944
467	1152
397	1079
417	1007
391	961
442	1120
446	1205
391	1249
454	1204
492	1179
444	1043
451	1054
460	1157
443	1265
452	1164
459	1182
502	1045
493	1086
561	1093
552	1056
504	1150
512	1156
599	1131
611	1181
625	1000
684	1044
615	1198
623	1202
712	946
700	970
666	1128
613	1176
694	1069
873	928
1062	1055
1030	1097
1003	1104
1040	1081
1253	1231
1677	1286
1831	1195
1616	1005
1585	1170
2014	1160
2541	1033
2992	1089
3068	1010
3191	1232
4021	1314
5472	1038
6721	1078
6311	944
5964	889
6663	1031
8612	1194
9601	1317
9555	1151
8551	1302
8761	1329
10444	1223
11428	1306
11637	1367
11477	1253
11274	1235
12403	1695
13589	1673
13809	1626
13636	1640
13765	1591
14470	1790
15279	1934
15123	2041
15398	2071
15192	1815
15180	1980
15352	1838
15692	1586
15223	1665
15212	1868
15014	1649
15119	1773
14849	1991
14404	1892
14633	1808
14293	1581
13796	1562
13722	1580
13364	1404
13331	1523
13464	1475
12342	1597
11626	1419
11397	1272
11419	1424
10693	1289
9768	1334
8550	1212
7734	1167
7302	1142
7165	1273
6207	1207
4514	1067
3625	1230
3638	1113
4087	1062
3541	1070
2914	1059
2342	1069
2071	1165
1987	1370
1966	1149
1286	1087
881	1431
821	1408
926	1328
850	1355
703	1337
580	1437
635	1436
623	1536
676	1303
638	1244
580	1248
479	1409
470	1311
509	1408
512	1161
471	1137
503	1267
470	1241
484	1088
411	1282
461	1204
458	1136
458	1155
478	1208
464	1177
469	1216
425	1498
422	1357
468	1418
440	1250
511	1447
518	1338
466	1157
438	1186
478	1088
435	1119
453	1227
458	1327
455	1288
444	1314
482	1100
458	1139
403	1270
450	1048
374	1109
416	1334
446	1378
464	1477
408	1535
455	1541
431	1528
457	1395
477	1425
390	1379
407	1653
449	1253
391	1024
481	1353
379	1428
426	1732
458	1464
415	1328
414	1245
459	1161
461	1048
469	1088
447	1172
480	1422
536	1488
471	1384
473	1355
451	1116
461	1193
432	1205
389	1045
463	1308
462	1595
412	1475
435	1271
402	1257
412	1262
405	1210
432	1198
459	1223
394	1190
400	1093
420	1156
400	1115
430	1173
389	1259
397	1157
431	1240
411	1349
417	1298
417	1446
396	1279
394	1360
413	1170
383	1145
427	1138
364	1393
421	1283
464	1102
421	1340
422	1219
438	1406
370	1246
482	1235
445	1185
444	1061
421	1181
448	1152
479	1250
464	1268
473	1121
485	1184
419	1127
455	1049
434	1194
435	1296
464	1307
416	1413
535	1224
503	1104
492	1067
390	1066
452	1102
447	1170
463	1177
464	1060
419	1268
436	1164
374	1048
457	1004
462	1047
453	1082
493	1159
476	1202
462	1172
412	1160
418	1076
439	1042
472	1114
445	933
403	1003
361	1072
382	1172
450	1080
418	1079
410	976
392	1101
420	1218
400	1099
431	1000
421	1076
407	1092
455	1218
458	1131
401	1151
442	1102
508	1263
485	918
472	1059
395	1053
443	946
470	1022
500	997
559	1035
583	899
523	1038
516	995
559	1041
534	959
528	948
518	1118
607	1106
569	1090
593	1304
618	1543
660	1541
652	1183
646	1248
644	1423
574	1380
572	1440
546	1285
556	1269
519	1178
467	1041
489	958
508	1190
490	1250
464	1292
480	1373
440	1497
445	1351
455	1358
452	1204
397	1391
438	1459
423	1406
486	1396
418	1318
420	1030
408	1072
469	1267
474	1200
421	1094
505	1194
478	971
445	978
442	1059
434	1070
448	1111
446	1146
414	979
469	1102
423	1139
420	1234
420	1187
388	1214
398	1218
380	1344
437	1416
493	1266
447	1124
433	1224
398	1140
411	963
403	1220
400	1314
333	1002
388	1052
412	1031
413	1076
389	1226
423	998
413	1025
364	922
426	1014
423	1336
414	1300
457	1248
438	1495
413	1246
444	1360
466	1357
421	1117
402	1142
422	1169
460	1027
470	1153
450	1397
410	1453
375	1101
390	1278
451	1317
436	1125
494	1049
421	1197
409	1317
392	1219
420	1271
473	1319
444	1131
436	1248
510	1274
473	1141
397	1226
416	1053
430	1172
408	1227
432	1260
430	1309
420	1324
398	1207
393	1388
414	1351
442	1405
450	1207
431	1165
466	1185
439	1262
434	1215
406	1192
395	1255
418	1017
395	1156
418	1176
405	1277
434	1356
469	1404
460	1646
436	1287
402	1010
463	1070
437	1197
451	1266
421	1197
467	1414
413	1479
420	1176
415	1070
478	1207
398	1088
426	1392
466	1317
435	1186
454	1178
418	1279
404	1141
477	1203
470	1216
493	1249
490	1118
485	1102
498	1087
449	999
519	967
451	1063
472	1154
385	1130
466	1255
466	1232
447	1186
430	1113
454	1293
491	1361
529	1338
487	1460
450	1579
498	1539
496	1272
453	1205
485	1230
460	1054
475	1059
472	972
463	1177
477	1195
440	971
436	1208
420	1121
491	1066
467	1055
437	1048
465	1064
405	1041
434	1084
448	1142
450	1253
484	1093
437	1028
458	1111
440	1034
483	1030
495	1021
485	1020
435	873
428	999
417	981
432	1144
439	1176
440	1104
438	943
421	919
434	1003
460	995
458	846
434	1007
413	1024
466	1078
404	1206
398	1472
446	1245
388	1388
430	1289
459	1316
482	1234
395	1316
440	1198
401	1279
396	1190
457	1234
456	1153
447	1105
429	978
449	1078
438	1142
320	1276
396	1248
411	1366
443	1443
470	1218
447	1302
514	1276
463	865
459	1069
428	1155
456	1063
400	1156
443	1127
383	1133
455	1215
464	1139
451	1209
450	1244
472	1047
456	1083
447	1020
443	1073
382	1041
480	1099
375	1090
417	932
465	1169
464	1253
549	1173
462	1335
458	1178
501	1095
455	1061
500	1209
478	1504
445	1498
436	1350
485	1212
464	1196
399	1401
397	1507
427	1528
441	1261
430	1256
449	1353
399	1250
378	1120
403	1323
462	1316
429	1247
435	1398
369	1382
426	1349
460	1343
423	1349
404	1452
438	1503
471	1485
391	1443
428	1309
423	1235
395	1294
438	1262
401	1157
416	1292
427	1344
433	1078
389	1334
423	1344
418	1254
438	1325
425	1476
434	1330
433	1245
447	1214
411	1244
392	1077
390	1159
400	1104
404	1223
423	1357
491	1098
413	1127
408	1047
369	900
399	1050
391	1204
431	1172
417	1314
376	1197
421	1141
436	1015
401	1086
467	1111
438	1233
397	1137
382	1181
338	1217
369	1217
374	1182
378	1215
407	1145
402	1289
407	1349
426	1149
413	1162
431	1256
481	1211
410	1286
415	1406
427	1433
439	1354
432	1362
401	1428
441	1362
483	1090
391	1113
424	1053
427	1240
403	1138
396	1103
372	1105
371	1053
399	1099
366	1094
388	1186
374	1107
325	1148
367	1267
388	1282
383	1292
390	1120
427	1092
405	1297
431	1277
434	1309
429	1305
448	1346
418	1546
366	1529
379	1361
460	1369
394	1282
485	1334
452	1181
437	1147
395	1179
431	1037
424	1220
413	1133
454	1286
435	1375
455	1069
432	1209
484	1247
439	1158
411	1227
465	1131
427	1190
363	1356
437	1276
407	1390
473	1183
401	1297
401	1310
408	1186
476	1315
462	1326
402	1162
452	1209
474	1260
438	1240
413	1285
455	1401
419	1470
449	1406
424	1183
422	1238
422	1400
469	1129
469	1320
386	1184
378	1267
402	1216
367	1185
371	1014
410	1172
462	998
460	994
399	881
398	930
395	1015
411	935
409	1162
469	1044
400	1115
405	1139
409	1028
377	1125
402	1246
444	1248
362	1103
399	1251
331	1202
405	1386
441	1108
405	1079
440	995
423	1184
376	1110
454	1144
420	1046
377	1046
395	990
400	1032
440	1211
433	1216
444	970
452	1022
401	1137
459	943
463	1003
438	1061
456	1087
431	1103
436	1083
472	1145
480	1027
491	1137
402	957
435	1054
503	961
569	1142
625	1188
607	1264
551	1169
592	1039
631	1036
997	984
926	1014
836	1178
877	1224
1012	1086
1087	1173
971	1255
831	1196
726	1223
715	1263
699	1196
765	1171
796	1188
868	1326
1010	1350
1111	1272
981	1093
901	1371
1011	1331
773	1226
650	1290
529	1349
512	1133
633	1071
653	1264
534	1125
396	1196
386	1226
516	1332
558	1084
491	1338
386	1353
452	1423
406	1275
424	1338
473	1355
506	1132
428	1049
512	1307
503	1066
474	1203
507	1248
527	1504
466	1130
484	1109
483	1253
494	1284
522	1067
433	1134
450	1181
454	1325
431	1186
431	1305
410	1206
476	1150
479	1041
454	965
489	1229
496	1156
579	1039
533	1041
546	1170
517	1365
575	1362
484	1090
491	1004
422	1006
402	917
417	941
370	1097
443	1129
475	1114
443	1149
390	1036
401	1012
372	1274
434	1070
418	1053
470	1283
372	1180
399	1328
435	1249
357	1132
412	1111
417	1238
417	1091
396	1132
401	975
405	1009
381	1016
416	1059
394	879
403	915
457	1004
429	1037
386	969
360	987
414	1107
403	1122
452	975
355	950
400	1320
366	1332
429	1138
369	1101
397	1191
421	1142
397	1081
457	1228
441	1435
436	1430
490	1192
473	1153
411	1074
447	1152
399	1318
397	1107
415	1084
427	1150
426	1004
424	1066
448	1165
410	1208
420	1143
459	989
491	1155
452	1172
457	1230
387	1080
381	981
369	946
358	1099
377	1266
389	1228
432	1264
420	1145
454	1213
410	1340
393	1233
414	1046
467	1093
443	1179
419	1277
427	1219
412	1336
406	1433
396	1431
471	1344
462	1522
414	1453
411	1362
424	1058
364	1321
423	1133
443	1049
412	1067
442	1026
373	1053
372	1038
365	964
432	987
421	881
383	973
401	991
362	1039
427	1210
388	1012
370	1194
413	1022
401	1196
421	1081
439	1241
432	1377
468	1271
456	1483
457	1382
491	1401
491	1358
505	1268
493	1085
468	910
453	1092
498	1217
426	1073
465	1053
460	1295
477	1415
471	1358
448	1013
480	997
409	956
417	1148
434	1110
464	1091
471	1180
479	1161
478	995
488	1236
510	1180
521	1240
518	1126
463	1143
453	1188
502	1077
483	1155
447	1068
459	1003
441	1095
450	1100
479	1240
487	1178
457	1092
490	1164
574	929
529	1041
488	1184
519	1064
491	1143
493	1031
422	1084
481	1192
538	1250
482	1050
490	1040
460	945
453	917
423	1137
425	1138
406	1015
378	1209
468	1216
461	1462
458	1176
477	1150
535	1226
529	1276
474	1181
467	1194
459	1173
413	1179
461	1143
434	1149
470	1098
521	1019
458	1031
439	931
456	1133
472	1110
491	1149
436	1252
512	1296
562	1093
448	1039
506	1290
509	1228
537	1409
569	1274
495	1116
481	1202
547	1138
553	1320
500	1132
543	1055
565	1076
505	1042
562	1061
518	1008
473	834
513	892
498	939
545	1114
486	1175
463	1104
444	989
494	1158
515	1051
475	1096
512	1172
481	1430
475	1392
502	1377
473	1104
479	1128
421	1011
469	1123
454	1184
442	1090
422	1065
401	1111
397	1152
471	1255
415	1337
420	1274
473	1235
460	1069
425	1242
421	1357
469	1422
517	1189
541	1248
528	1169
461	1175
461	1053
466	1057
463	1069
407	1060
431	1043
405	1117
472	1142
449	1159
423	1149
387	1144
502	1123
423	913
433	1101
405	1055
388	1138
429	1120
451	1254
461	1363
391	1394
415	1271
408	1118
445	1017
431	1026
466	1136
423	1168
430	1202
418	1230
419	959
406	1073
405	1327
434	1210
415	1081
394	951
416	1012
450	1126
467	1230
474	1168
479	1075
405	901
414	960
426	967
426	812
401	1052
387	1069
433	883
457	988
464	981
475	1015
451	1151
456	1119
492	1010
443	1231
494	1018
463	994
489	1208
472	1080
398	1052
467	953
502	982
463	1070
443	991
441	885
455	1113
462	1219
477	1286
423	1071
424	1230
442	1285
395	1075
491	1213
504	1072
447	1167
375	1153
428	1208
413	1239
441	1217
436	1004
443	1182
392	1229
492	1088
440	1003
489	1121
470	1241
478	1077
453	1196
462	1261
496	1364
463	1325
485	1227
459	1308
458	1106
449	1096
441	1177
426	1106
460	1263
420	1312
411	1381
390	1420
455	1365
383	1075
459	1181
442	1262
447	1227
466	1280
420	1071
393	1276
411	1311
432	1255
406	1062
454	1040
435	1283
391	1147
376	1433
404	1387
393	1375
414	1225
425	1407
496	1633
404	1533
462	1295
450	1259
464	1604
440	1519
465	1742
452	1350
479	1450
423	1296
396	1365
424	1345
439	1306
428	1109
375	1078
452	1227
436	952
465	1178
442	1051
500	1050
455	1327
489	1214
464	1317
397	1251
424	1169
448	1006
445	1206
369	1313
421	1251
409	1484
437	1292
487	1265
419	1207
424	1231
414	1107
447	1297
376	1142
383	1147
475	1255
414	1247
435	1315
410	1383
410	1310
438	1205
361	1246
397	1167
343	1272
404	1408
382	1369
424	1282
391	1236
456	1161
437	1357
416	1333
411	1291
395	1434
444	1287
433	1359
395	1308
397	1333
356	1318
406	1291
493	1308
442	1338
401	1139
371	1069
443	1369
442	1333
469	1249
461	1258
422	1098
472	1050
441	1454
458	1333
412	1421
433	1224
436	1279
452	1303
447	1300
472	1332
475	1069
521	1132
466	1329
507	1294
450	1298
438	1315
392	1493
491	1466
418	1384
407	1444
418	1376
474	1312
434	1224
349	1137
424	1206
447	1435
450	1397
459	1215
475	1203
401	1117
438	1272
521	1577
441	1503
432	1348
433	1318
430	1333
414	1240
431	1411
440	1484
454	1144
402	1173
416	1209
451	1121
408	1207
464	1273
460	1303
416	1158
480	1202
450	1264
510	1395
497	1253
491	1140
505	1149
467	1125
521	1243
500	1144
538	1280
516	1188
462	1299
464	1372
529	1123
553	1178
580	1215
599	1399
701	1358
707	1184
698	1091
725	1209
759	1242
776	1309
832	1433
791	894
714	1029
719	1112
717	1075
686	1007
735	1039
621	1147
619	1070
644	1145
668	1210
664	1256
741	1240
746	1185
862	1219
948	1099
986	1066
1044	1086
1048	1312
1069	1158
1003	1060
1058	1135
1078	1131
957	955
948	1089
906	1175
906	1312
858	1098
826	1047
862	1032
926	1296
966	1347
1014	1340
1018	1186
1013	1184
1047	1272
1249	1277
1291	1251
1434	1314
1388	1280
1317	1105
1392	1144
1451	1177
1512	1399
1493	1405
1427	1369
1613	1435
1488	1413
1567	1367
1590	1192
1651	1321
1608	1054
1587	1022
1460	1114
1461	1173
1541	1256
1472	1539
1445	1306
1380	1330
1330	1228
1291	1078
1351	1092
1281	1219
1128	1025
1051	1110
1145	1111
1182	1352
1015	1440
828	1374
849	1317
879	1229
885	1301
817	1095
788	1237
772	1184
873	1266
861	1289
807	1079
742	1167
660	1167
622	1120
625	1066
589	957
523	942
578	1184
618	1135
623	1292
610	1148
703	1375
668	1333
656	1577
696	1189
669	1205
711	1281
705	1233
738	1269
726	1334
625	1275
566	1174
481	1148
475	1171
503	1333
529	1402
501	1476
499	1375
498	1130
531	1310
447	1231
455	1288
461	1137
452	1030
431	1127
460	1213
476	1527
525	1362
487	1487
504	1365
511	1410
436	1397
456	1213
441	1222
431	1408
449	1416
467	1292
486	1313
499	1358
505	1153
447	1137
474	1418
457	1269
426	1083
474	1060
408	1320
434	1342
454	1143
534	1171
464	1354
423	1266
421	1398
457	1725
475	1395
468	1183
453	1198
468	1207
433	1315
487	1144
517	1125
430	1116
439	1187
518	1212
460	1398
447	1255
444	1250
457	1044
394	1105
444	1018
431	957
461	1209
436	1119
469	1065
419	1099
430	1340
437	1041
450	1200
424	1259
395	1263
400	1277
416	1161
437	1076
475	995
498	1174
481	1094
471	1102
467	1019
447	966
503	1100
432	1087
473	1059
401	945
377	1098
398	1081
452	1136
413	964
413	1108
461	1149
440	1135
453	1111
452	1268
445	1435
411	1215
406	1115
388	1167
419	962
429	1234
396	1068
411	1207
439	1149
453	1346
449	1343
429	1365
441	1414
406	1457
465	1257
452	1153
419	1231
434	1347
455	1148
482	1258
465	1396
410	1223
429	1237
428	1152
439	1223
406	1208
388	1228
414	1376
431	1451
465	1300
389	1470
332	1462
411	1226
383	1211
425	1338
373	1219
444	1042
365	1035
373	1184
392	1172
382	1312
420	1129
413	1040
434	1163
418	1284
386	1197
421	1207
394	1207
441	1220
391	1387
466	1346
417	1247
453	1195
427	1320
406	1139
425	1123
450	1059
453	1220
475	1127
436	1215
470	1176
384	1198
399	1154
422	1057
498	1215
472	1137
447	1195
498	1162
430	1107
397	993
420	1183
401	1151
452	1175
405	1202
438	1216
442	1500
411	1333
429	1173
472	1131
456	1310
405	1172
417	1022
423	1159
415	1069
463	1096
472	1230
502	1241
428	1062
438	1105
455	1012
463	1045
464	980
439	896
466	1052
523	1166
457	1094
441	1436
473	1328
451	1124
473	1035
535	1017
500	1232
557	1142
577	966
613	1151
744	1078
870	1091
890	1043
1005	1163
1309	1081
2025	1269
2189	1341
2208	1279
2505	1191
2866	1321
3301	1193
3342	1329
3290	1248
3036	1244
4013	1384
5068	1302
5592	1433
5374	1328
5214	1466
5412	1438
5481	1461
5110	1285
4830	1269
4689	1137
4507	1247
3676	1237
2705	1139
2839	1189
3008	1254
2823	1430
2251	1284
1701	1088
1643	1146
1709	927
1606	1139
1256	1092
959	908
859	1057
885	1269
1064	1070
901	1180
579	1038
515	1186
577	1155
606	1076
587	1110
518	1133
441	1185
404	1195
459	1059
427	1008
413	924
402	1194
429	1278
489	1005
447	964
466	977
471	1061
393	1186
411	1178
448	1085
451	1084
416	868
448	908
375	995
438	941
421	925
446	955
427	896
449	1096
452	966
448	1250
420	958
407	1078
383	1059
382	1137
429	1177
379	1117
365	1020
417	1125
419	1091
424	1072
386	1151
452	1086
416	1269
373	1255
403	1454
406	1369
431	1340
443	1137
442	1095
437	1020
493	1182
451	1047
406	1205
372	1242
368	1123
379	1236
349	1074
394	945
388	1303
383	1453
424	1237
381	1310
362	1297
369	1142
405	1215
409	1205
358	1248
344	1160
391	1173
392	1223
395	1262
452	1224
387	1089
403	1354
449	1245
376	1147
375	1240
354	1133
362	1155
421	1252
411	1192
397	1323
393	1321
399	1178
442	1228
423	1267
424	1158
393	1239
427	1217
434	1075
425	1233
437	1123
455	1076
422	1155
428	1205
376	1054
340	1139
399	1241
348	1160
336	1163
393	1059
411	1267
434	1162
400	1106
409	1182
348	1231
337	1287
380	1200
427	1060
345	991
378	1273
416	976
389	1050
364	1224
444	1350
402	1443
458	1383
410	1356
350	1198
428	1373
438	1503
423	1254
389	1261
415	1124
413	1265
417	1105
403	1276
452	1302
482	1164
409	1056
412	1228
371	1188
415	1200
371	1490
496	1552
473	1502
514	1658
442	1512
510	1482
475	1324
599	1196
571	1090
572	1348
574	1184
547	1520
640	1216
584	1350
557	1343
547	1150
501	1272
493	1132
486	1061
486	1153
435	1051
465	1235
501	1247
448	1243
531	1521
560	1166
598	1197
507	1163
604	1410
652	1403
716	1326
663	1194
680	1227
782	1301
789	1230
800	1258
759	1416
709	1365
816	1429
829	1338
898	1112
785	984
757	1149
894	1090
950	1104
1076	1046
1007	1296
1073	1054
1228	1167
1395	1237
1641	1038
1617	1246
1633	1259
1798	1284
2015	1273
2203	1102
2150	1137
2123	1349
2043	1413
2144	1198
2179	1193
2131	1165
2051	1218
2147	1282
2152	1246
2397	1259
2577	1125
2403	1147
2697	1085
2820	1120
3028	1217
3306	981
3335	1027
3476	959
3554	1059
3808	1112
3889	1193
3847	1175
3742	1277
3653	1206
3687	1229
3681	1069
3798	1086
3838	1151
3907	1267
3977	1062
4131	1028
4089	1106
4078	1121
4184	1128
4210	1226
4123	1250
4043	1320
3985	1186
3871	1148
3681	1531
3537	1191
3331	1203
3387	1171
3137	1110
3223	1311
3132	1319
3083	1499
3131	1480
3493	1287
3527	1080
3480	1143
3288	1084
3304	1035
3565	985
3542	1100
3146	1150
2884	1168
2532	1114
2373	1138
2229	972
2097	1035
1724	1078
1604	1077
1577	1180
1603	1193
1509	1222
1324	1210
1229	1097
1147	938
1144	1104
1062	1167
897	1360
827	1357
716	1181
802	1158
715	1121
662	1052
658	929
599	1069
689	1032
630	1077
644	1113
659	1033
696	1061
727	1094
608	1165
649	1334
545	1391
584	1349
564	1254
520	1202
512	1106
436	1175
449	1326
435	1149
442	1182
432	1171
474	1191
445	1086
462	1164
532	1480
530	1186
501	997
477	1102
517	1047
539	1105
516	1183
520	1116
484	1066
481	1202
532	1217
537	1147
543	1180
546	1155
516	1106
486	1115
467	1044
483	948
501	1207
521	1003
450	1113
456	1207
490	1251
549	1166
479	1326
485	1150
503	951
512	984
538	1158
510	1100
501	1111
494	983
513	1116
529	964
397	1067
417	1055
441	1060
457	1022
452	1294
469	1401
482	1243
453	1213
472	1167
554	1047
471	1008
406	1188
498	1150
464	1158
434	1218
441	1088
425	1177
373	1147
485	1305
454	1123
443	1114
467	979
481	1034
482	1138
438	1004
422	1310
394	1236
452	1377
407	1101
443	1187
431	1433
437	1442
446	1247
487	1256
505	1308
483	1216
436	1344
451	1346
457	1165
481	1229
457	1140
443	1170
398	1081
468	1146
408	1187
433	1094
419	1171
414	1303
415	1129
379	1009
418	1225
432	1139
453	1351
417	1220
391	1200
367	1238
382	1315
377	1062
376	1045
405	958
352	1070
354	1116
344	1239
406	1307
439	1197
434	1284
459	1351
433	1191
500	1284
528	1327
488	1299
516	1248
452	1173
432	1028
440	1081
437	1215
465	1110
451	1210
412	1299
502	1169
447	1058
424	955
491	1070
469	1187
491	1077
419	1026
393	1165
385	1051
415	1251
443	1145
417	1209
464	1263
466	1309
478	1195
507	1180
566	1047
495	1133
558	1156
553	1096
511	1289
460	1223
445	1197
491	1326
515	1031
525	1165
499	1114
451	1205
532	1376
454	1352
517	1266
520	1456
475	1261
500	1483
542	1497
473	1315
509	1206
534	1240
585	1294
635	1198
540	1006
503	971
441	1015
574	1048
502	1152
574	1100
568	1245
493	1221
617	1250
549	1195
473	1166
587	1313
493	1237
423	1118
400	1180
414	1029
434	1201
392	1165
519	1110
460	1201
517	1126
547	1134
558	1285
608	1234
594	1034
633	1068
635	1235
633	1153
624	1404
639	1404
648	1253
629	1325
632	1232
640	1122
615	1195
560	1265
555	1165
615	1228
675	1461
644	1505
658	1443
615	1117
659	1004
704	1118
807	946
716	976
758	1252
763	1086
733	1062
610	1000
683	1179
638	1163
652	1074
662	1222
594	1163
540	1137
608	1197
553	1174
588	1026
525	969
475	1023
518	1405
516	1192
458	1313
457	1084
433	1118
430	1080
438	1066
478	1157
444	1084
498	1093
501	1211
481	1318
480	1187
467	1134
505	1174
484	1171
478	1212
423	1198
415	1063
441	1162
456	1050
445	924
433	991
419	1193
477	1034
422	887
470	890
502	963
438	967
477	890
473	1011
388	1026
417	1214
473	1226
461	1180
395	1387
422	1064
396	1037
392	1120
383	1062
384	1182
415	1209
370	1158
355	1288
388	1190
378	1198
373	1089
412	1009
375	1055
531	1138
479	1009
485	934
482	1005
494	1174
455	1211
542	1188
549	1112
521	942
470	1166
492	1145
581	1189
667	1389
559	1163
617	1094
561	1031
443	1269
416	1383
437	1393
465	1045
502	1161
493	1119
458	1133
474	1022
426	1098
432	1065
421	1075
463	1120
441	1148
486	1088
427	1229
426	1431
453	1404
456	1435
445	1179
455	1176
433	1394
442	1343
463	1331
443	1450
473	1286
519	1479
485	1410
530	1508
489	1378
522	1097
512	1236
542	1121
549	1188
542	1165
586	1225
593	1000
920	1142
1352	1405
1755	1364
1735	1350
1297	1249
1246	1462
1468	1171
1386	1208
1231	1173
1199	1236
1321	1310
1368	1127
1350	1143
1356	1393
1353	1316
1376	1413
1502	1255
1360	1308
1456	1300
1550	1119
1701	1293
1411	1299
1258	1338
1268	1201
1203	1160
1207	1385
1002	1434
870	1553
820	1454
746	1114
828	1039
824	1109
665	1139
627	1073
610	1101
636	1143
585	1123
578	1106
528	1206
532	1239
524	1304
493	1193
527	1285
517	1239
473	1191
485	1219
504	1249
435	1196
422	1134
525	1107
498	1131
477	1153
539	1078
557	1154
573	1205
632	1307
637	1345
603	1270
766	1498
858	1408
869	1333
806	1369
864	1495
1170	1412
1572	1496
1429	1250
1368	1254
1248	1157
1400	1368
1381	1353
1642	1361
1564	1285
1392	1270
1673	1163
1941	1250
2211	1171
2177	1263
2165	1077
2385	1250
3287	1242
4038	1287
4529	1374
3975	1445
4127	1434
4263	1576
4749	2001
4625	1485
4195	1543
4599	1499
5415	1633
5736	1529
5981	1677
5778	1490
5819	1516
5615	1391
5240	1535
5050	1542
4673	1344
4504	1547
4035	1487
3989	1533
3931	1379
3393	1379
3074	1283
3238	1245
2947	1242
2675	1341
3025	1490
3297	1587
3259	1415
2788	1206
2305	1299
2146	1427
2053	1501
1943	1369
1655	1120
1329	1042
1232	1025
1158	1140
1355	1393
1420	1449
1180	1452
1024	1322
962	1188
984	1246
894	1315
714	1171
683	1147
638	1007
679	1097
652	1171
650	1293
519	1369
428	1413
483	1422
463	1356
419	1078
438	1098
408	1250
411	1243
453	1107
422	1142
461	1226
461	1185
512	1250
372	1271
434	1144
394	1125
373	1180
397	1124
426	1174
364	989
394	1076
388	1209
374	1260
356	1310
392	1303
403	1377
367	1275
417	1041
418	1115
465	1105
496	1313
379	1370
378	1569
366	1410
426	1325
399	1148
390	1073
408	1296
351	1164
358	1131
399	1265
374	1242
313	1239
324	1278
400	1244
398	1196
370	1114
403	1259
387	1318
401	1198
414	1210
411	1190
414	1262
407	1231
419	1153
410	1289
425	1153
399	1163
427	1187
413	1341
380	1234
419	1315
393	1339
352	1147
401	1256
402	1154
379	1288
368	1122
375	1148
392	1173
414	1138
422	1287
393	1292
356	1167
419	1256
383	1218
346	1116
362	1235
390	1197
387	1247
417	1390
411	1257
470	1329
416	1336
406	1132
415	1030
357	1252
396	1244
406	1179
366	1112
406	1292
376	1305
410	1224
403	1310
438	1238
481	1168
446	1151
451	1082
498	1011
486	969
514	1093
483	1018
469	1098
430	1014
433	899
463	1098
450	1075
503	1151
522	1226
502	1279
426	1283
428	1249
474	1355
428	1112
456	1268
474	1225
419	982
458	1174
428	1280
450	1273
414	1454
442	1214
438	1311
385	1289
382	1380
369	1260
434	1163
373	1227
385	1065
393	1264
479	1063
457	1130
438	1260
418	1330
424	1183
432	1233
403	1479
466	1443
466	1485
488	1172
383	1092
412	1240
547	1193
424	1118
468	1113
458	1131
440	1208
407	1307
411	1246
392	1291
422	1082
393	1102
418	1128
366	1030
426	1139
386	1420
455	1406
440	1319
416	1356
432	1240
410	1163
320	1202
392	1193
362	1321
441	1208
371	1234
379	1048
481	1345
459	1274
410	1352
502	1519
362	1192
421	1566
406	1310
359	1293
431	1399
414	1342
411	1309
423	1057
416	1165
404	1397
382	1524
392	1224
415	1123
405	1302
406	1047
389	1002
438	1223
392	1191
359	1111
394	1222
426	1195
371	1050
433	977
421	1217
391	1172
406	1100
408	1249
376	1225
392	1311
403	1301
438	1588
468	1445
426	1255
374	1073
411	1259
372	1243
424	1124
418	1071
349	1212
336	1230
361	1382
421	1316
396	1253
400	1093
487	1204
445	1201
420	1354
443	1535
443	1546
422	1360
397	1214
453	1087
458	1301
460	1344
451	1230
415	1178
459	1137
467	1287
459	1176
413	1098
413	1185
462	1147
471	1302
394	1163
399	1352
426	1341
436	1238
444	1346
443	1243
405	1031
411	1058
382	1105
402	1168
368	1093
443	1170
425	1251
446	1272
423	1285
466	1288
412	1102
418	995
432	961
423	1233
392	1299
415	1292
442	1227
441	1327
482	1283
511	1224
495	1386
475	1180
434	1313
440	1185
472	1249
526	1156
458	1072
494	1193
474	1242
466	1118
439	1100
447	1163
458	1162
426	1125
486	1167
461	1307
523	1349
443	1393
458	1153
394	1179
469	1165
399	1312
432	1505
503	1455
486	1410
476	1221
567	1336
464	1362
464	1195
419	1175
378	1288
427	1351
466	1154
445	1089
461	1262
431	1210
369	1295
474	1348
483	1177
499	1364
438	1162
455	1048
445	1062
430	1283
480	1324
441	1092
443	1344
445	1444
485	1235
447	1414
479	1577
489	1386
396	1411
475	1486
433	1376
480	1438
397	1412
442	1327
481	1176
462	1126
406	1205
435	1226
433	1546
437	1256
479	1197
418	1348
468	1341
442	1215
451	1253
405	1259
383	1295
423	1314
464	1489
426	1462
436	1538
453	1294
451	1334
408	1357
437	1407
453	1387
485	1351
426	1433
422	1513
388	1289
429	1220
412	1207
408	1196
487	1363
422	1288
440	1394
434	1359
438	1282
429	1186
446	1144
445	1142
453	1336
432	1419
409	1196
450	1388
422	1100
367	1119
359	1162
366	1180
442	1295
359	1255
354	1351
363	1225
396	1214
438	1147
413	1217
414	1302
456	1243
415	1201
446	1172
428	1036
419	1013
383	996
419	1110
434	1118
432	1161
455	1200
458	1216
391	1100
421	1082
417	1027
460	1164
400	1223
390	1236
412	1256
456	1471
409	1261
448	1379
398	1127
484	1171
473	1082
433	1179
479	1386
487	1150
451	1237
420	1232
394	992
413	1124
384	1139
435	1317
423	1259
409	1102
438	1084
431	1019
444	1172
448	1210
443	1264
452	1221
415	1328
502	1280
490	1315
468	1301
453	1020
452	1098
453	1062
430	1155
423	1028
468	1393
435	1288
423	1136
457	1248
462	1489
502	1521
425	1199
449	1328
401	1237
457	1340
466	1210
444	1297
504	1336
418	1098
415	1147
374	1209
466	1217
414	1218
450	1398
433	1350
395	1035
402	1059
395	1069
417	1046
431	1137
373	1175
398	1218
484	1265
424	1189
484	1323
472	1095
464	1132
490	1324
478	1346
502	1231
492	1228
486	1289
544	1289
465	1325
489	1186
474	1126
481	1229
433	1019
439	1096
383	1017
457	891
521	1041
527	985
499	954
450	1099
476	1203
521	1286
462	1027
502	1212
459	1263
446	1182
491	1219
492	1045
443	1192
471	1117
462	1068
502	1153
509	1053
490	1100
485	1270
440	1289
456	1259
454	1189
463	1209
487	1241
473	1194
438	1317
466	1168
451	1158
440	1305
517	1173
558	1150
537	1310
521	1295
508	1332
479	1197
398	1344
429	1253
418	1033
410	1164
514	1295
502	1288
415	1370
447	1148
449	1145
453	1138
425	1291
465	981
431	1148
474	1210
455	1121
461	1183
453	1264
384	1127
498	1033
459	1078
440	1231
433	1250
488	1070
474	1281
447	1317
462	1322
377	1341
430	1382
442	1084
412	1181
407	1103
426	1253
442	1293
365	1190
362	1271
398	1178
331	1262
361	1449
389	1262
423	1266
347	1304
385	1509
421	1330
405	1308
448	1326
409	1569
426	1393
440	1245
397	1413
465	1309
435	1350
414	1244
419	1239
453	1450
437	1197
444	1214
370	1263
404	1317
447	1308
386	1189
456	1235
411	1160
418	1400
362	1221
400	1304
422	1200
409	1056
426	1252
445	1247
448	1304
404	1345
414	1133
433	1209
408	1382
450	1562
463	1765
438	1518
473	1342
444	1428
389	1222
455	1297
375	1304
472	1255
418	1251
389	1260
398	1242
464	1278
447	1486
499	1480
483	1448
411	1159
466	1263
446	1241
531	1089
604	1256
622	1251
548	1117
549	1155
623	1140
526	1257
542	1178
479	1374
429	1204
454	1289
432	1206
420	1178
414	1086
474	1116
389	1146
432	1266
430	1290
487	1290
472	1236
445	1063
446	1125
433	1133
427	1205
457	1185
423	1286
446	1249
430	1098
484	1071
497	1075
484	1157
499	987
464	939
523	822
524	1062
459	1195
510	1160
494	1273
459	1507
506	1504
473	1303
514	1158
462	1347
483	1102
473	1073
481	1061
483	1284
538	1151
484	1115
505	1195
495	1196
470	1204
421	1269
489	1339
531	1528
497	1557
487	1313
524	1322
525	1351
540	1313
454	1303
462	1258
394	1152
429	1237
438	1295
432	1214
414	1240
463	1264
443	1244
446	1271
509	1335
419	1416
437	1368
449	1402
453	1352
441	1377
448	1213
419	1295
425	1468
399	1270
384	1382
360	1343
436	1038
477	1180
417	1205
405	1040
422	1315
396	1141
427	1421
434	1246
391	1241
377	1315
402	1131
381	1023
375	1126
363	1114
418	1243
440	1185
361	1260
415	1371
380	1254
386	1257
451	1238
417	1202
456	1311
455	1209
401	1299
381	1276
415	1365
434	1525
422	1420
383	1418
388	1277
388	1247
410	1264
400	1150
348	1247
404	1323
435	1264
408	1378
378	1491
433	1340
473	1377
451	1138
463	1199
446	1294
499	1201
430	1238
419	1335
454	1361
423	1291
359	1093
413	1254
445	1098
437	1256
416	1187
441	1021
459	1307
526	1255
442	1369
493	1343
449	1321
496	1267
443	1257
452	1499
474	1517
507	1410
450	1007
494	1024
534	1271
566	1312
556	1289
542	1108
562	1303
520	1419
518	1265
476	1055
453	924
388	924
433	1309
441	1084
416	1188
441	1142
393	1110
415	1175
393	1066
443	1047
423	1078
355	1210
387	1063
406	1182
407	1141
428	1090
379	1146
434	1103
392	1150
420	1178
447	1070
475	1022
426	1223
446	1120
401	1097
443	1285
411	1362
372	1442
471	1378
428	1211
412	1079
390	1153
437	1366
447	1220
425	1140
497	1135
449	1234
401	1300
429	1316
374	1236
420	1546
379	1382
445	1608
453	1331
427	1396
446	1458
401	1412
422	1464
440	1351
453	1220
447	1193
401	1111
426	905
400	1000
355	1164
405	1327
363	1449
415	1354
413	1270
478	1123
422	1177
520	1015
479	996
476	1307
498	1296
465	1009
492	1124
492	984
470	1152
438	1258
436	1061
427	1003
376	1071
421	1198
442	1171
408	1136
383	1382
424	1447
409	1488
444	1425
402	1450
419	1321
412	1377
443	1209
436	1122
391	1229
394	1144
407	1196
456	1174
433	1204
488	1241
481	1261
462	1221
433	1079
461	1287
431	1166
415	1458
403	1435
352	1493
456	1405
430	1212
432	1362
407	1331
477	1318
440	1145
415	1102
399	1191
401	1169
388	980
399	1027
407	987
423	1016
444	1128
431	1075
393	1121
404	1170
401	846
426	916
377	927
445	946
425	1018
401	1193
397	1145
435	1209
467	1253
467	1386
399	1167
407	1097
387	1229
453	1286
489	1222
459	1319
471	1373
413	1306
452	1197
460	1137
455	1041
437	1115
405	1129
420	1323
471	1266
503	1095
489	1016
545	1411
560	1222
527	1183
475	976
547	1159
567	1329
511	1045
523	1159
464	1148
460	1276
484	1293
494	1528
456	1233
519	1128
529	1256
481	1392
471	1257
489	1250
507	1409
417	1172
415	1272
426	1279
451	1379
423	1260
418	1411
396	1305
436	1418
396	1355
400	1456
390	1269
424	1351
427	1392
414	1345
410	1516
411	1366
404	1068
383	1029
409	1033
418	1082
472	1243
511	1318
417	1263
424	1347
426	1394
461	1316
453	1479
454	1230
382	1278
406	1226
449	1368
398	1170
501	1281
503	1416
421	1321
451	1215
460	1214
423	1250
454	1498
447	1320
432	1339
463	1332
383	1256
389	1107
443	1177
409	1276
406	1256
374	1235
406	1178
448	1303
405	1191
386	1242
443	1310
413	1190
434	1155
442	1173
427	1367
384	1258
390	1246
428	1538
367	1547
402	1317
370	1383
402	1324
445	1250
395	1288
410	1315
451	1306
403	1459
427	1396
480	1344
469	1360
446	1453
433	1273
464	1079
479	1106
364	1167
461	1283
440	1283
378	1067
440	1130
406	1289
441	1168
415	1013
388	1201
363	1289
364	962
464	1180
412	1089
363	1168
385	1172
405	1030
422	1102
481	1103
442	1055
462	1306
449	1248
472	1081
437	1148
439	1237
432	1278
402	1345
418	1345
440	1343
470	1232
489	1155
475	1158
468	1332
473	1174
448	1206
462	1158
459	976
462	1390
422	1508
393	1211
463	1086
383	1333
426	1378
460	1323
437	1384
486	1536
414	1482
418	1476
401	1615
431	1453
434	1425
447	1357
461	1242
515	1421
480	1493
464	1352
438	1178
480	1251
439	1282
439	1256
400	1211
456	1354
474	1252
470	1409
468	1370
472	1519
423	1451
371	1450
539	1558
484	1197
490	1401
457	1541
483	1218
454	1373
416	1371
379	1261
435	1238
505	1236
513	1443
593	1351
695	1516
691	1283
641	1205
649	1319
609	1493
529	1314
500	1171
479	1408
454	1393
457	1470
416	1396
441	1404
420	1497
409	1325
425	1362
469	1416
414	1324
444	1273
434	1238
425	1198
482	1325
451	1266
456	1323
414	1303
445	1370
481	1634
495	1630
405	1597
399	1555
398	1200
400	1290
396	1196
385	1216
344	1281
347	1232
383	1098
357	1099
447	1275
375	1276
375	1327
415	1260
404	1221
421	1337
452	1441
455	1470
496	1429
447	1297
441	1501
445	1621
449	1613
451	1563
440	1441
389	1442
415	1465
406	1570
356	1427
400	1530
424	1357
441	1485
456	1552
415	1455
455	1408
400	1278
363	1245
431	1476
404	1300
385	1242
471	1175
418	1353
404	1413
414	1253
405	1354
455	1398
414	1221
443	1441
480	1360
458	1316
418	1083
370	1072
392	1248
386	1307
376	1140
392	1050
444	1239
463	1267
407	1229
419	1185
493	1186
422	1148
460	1094
429	1402
446	1258
446	1370
393	1397
418	1226
406	1308
400	1442
439	1244
397	1326
371	1284
375	1174
361	1262
384	1346
432	1222
415	1160
440	1255
413	1148
391	1175
376	1234
398	1216
365	1342
368	1275
394	1244
396	1390
392	1189
425	1260
467	1467
441	1308
461	1416
425	1238
404	1197
457	1266
446	1502
485	1376
475	1253
413	1411
439	1398
377	1214
396	1310
396	1376
430	1307
414	1198
361	1230
401	1182
398	1255
355	1179
365	1151
409	1245
377	1358
368	1264
385	1324
368	1148
415	1185
399	1012
428	1307
403	1152
446	1177
498	1170
519	1146
503	1277
518	1239
476	1111
484	1225
464	1145
518	1236
509	1150
543	1248
515	1238
478	1419
523	1091
588	1237
577	1340
489	1484
509	1428
517	1245
460	1392
447	1306
553	1608
434	1403
441	1500
445	1320
515	1413
437	1466
429	1405
413	1383
429	1269
391	1299
391	1273
389	1371
438	1173
374	1047
394	1157
472	1108
513	1351
462	1525
478	1489
482	1262
462	1389
446	1174
461	1273
404	1351
398	1298
379	1205
455	1390
446	1276
461	1201
373	1332
370	1065
349	1334
424	1356
445	1493
398	1237
443	1029
426	1136
423	1088
436	1307
459	1479
359	1204
398	1251
461	1375
394	1167
423	1406
443	1507
376	1413
414	1430
379	1386
441	1433
490	1321
439	1327
442	1186
439	1035
403	1173
400	1411
435	1294
378	1327
396	1403
451	1339
419	1101
449	1187
440	1361
459	1296
449	1120
532	1163
732	1212
621	1065
546	1056
608	1173
822	1215
861	1238
880	1330
903	1253
755	957
629	1161
669	1196
617	1419
616	1210
617	1094
574	1066
549	939
533	1095
555	1201
564	1204
457	1179
487	1077
510	1155
461	1315
504	1409
490	1302
453	1253
469	1188
554	1118
540	1289
529	1177
600	998
613	1310
646	1302
597	1396
602	1275
655	1163
641	1236
657	1358
567	1265
588	1229
586	1254
620	1409
506	1392
533	1242
571	1441
593	1465
611	1468
566	1311
575	1042
543	897
578	987
612	902
661	1059
586	896
604	1043
585	1074
679	1052
685	983
653	900
643	1104
652	1101
587	1268
679	970
589	1074
600	1149
539	1110
558	1053
573	984
602	961
654	1092
603	991
584	1142
546	1125
461	1060
527	1173
585	1181
590	1173
473	1258
477	1236
478	1236
434	1091
548	1118
505	1053
485	1041
481	1299
480	1351
435	1234
532	1242
467	1165
515	1287
461	1514
431	1385
479	1505
452	1381
370	1290
393	1413
468	1254
474	1225
443	1452
445	1463
496	1354
425	1320
461	1302
495	1201
457	1313
400	1281
391	999
434	1309
527	1361
529	1171
466	1199
484	1346
502	1328
516	1330
478	1054
516	967
440	1119
477	1167
470	996
494	1090
447	1050
476	1050
599	1265
491	1136
532	1190
467	1274
529	1454
490	1245
441	1335
465	1587
435	1462
439	1345
467	1229
485	1279
507	1265
527	1246
465	1508
540	1403
507	1308
487	1459
413	1494
429	1214
415	1314
441	1359
433	1094
494	1280
418	1265
399	1249
442	1185
424	1464
441	1514
410	1500
466	1157
423	1224
435	1205
408	1278
453	1277
402	1300
409	1296
401	1099
447	1340
422	1217
401	1140
448	1288
454	1327
490	1065
488	1024
514	1074
511	1193
493	1223
446	1190
486	1235
515	1283
470	1317
460	1186
431	1002
479	1301
478	1271
475	1288
490	1243
475	1309
434	1263
501	1317
429	1160
483	1143
510	1193
488	1182
501	1280
459	1290
487	1163
484	1142
531	1124
492	1232
516	1187
490	1066
441	1236
423	1140
475	964
453	1219
404	1260
485	1121
377	1106
434	1210
453	1414
418	1222
434	1221
442	1260
473	1124
372	1145
431	1195
413	1235
452	1215
393	1260
437	1382
449	1392
477	1610
482	1382
432	1367
468	1458
464	1469
458	1387
462	1494
450	1407
423	1375
410	1169
413	1329
438	1189
457	1307
394	1303
407	1343
497	1609
493	1330
446	1471
450	1192
434	1084
390	1175
450	1458
448	1303
469	1337
448	1411
461	1288
418	1286
434	1244
402	1302
432	1215
425	1326
459	1442
431	1474
408	1436
398	1417
448	1279
451	1380
381	1458
363	1498
376	1495
357	1366
422	1316
396	1295
410	1280
356	1432
398	1194
416	1274
424	1396
409	1353
399	1309
400	1343
372	1290
366	1214
398	1050
377	1154
350	1109
391	1297
379	1166
378	1315
409	1230
392	1294
420	1190
373	1202
413	1262
381	1238
388	1129
458	1249
400	1170
393	1198
433	1347
371	1478
408	1365
418	1301
370	1158
377	1251
394	1142
379	1353
402	1204
416	1427
420	1277
431	1284
379	1298
396	1300
416	1320
445	1125
467	1073
422	1168
389	1134
436	1240
389	1371
430	1204
404	1296
460	1342
553	1268
531	1148
549	1244
492	1209
625	1123
597	1171
639	1235
558	1238
501	1413
556	1266
804	1503
862	1149
861	1146
800	1070
819	1129
820	1165
791	1291
772	1326
752	1158
678	1243
560	1314
497	1167
536	1144
453	1135
411	1035
474	1233
430	1022
402	1165
389	1126
412	1133
414	977
363	1166
425	1294
419	1246
420	1288
400	1161
354	1146
376	1000
455	1089
459	1389
395	1230
449	1160
343	1281
416	1394
416	1460
379	1414
398	1356
381	1116
446	1103
475	1118
446	1594
475	1450
476	1347
441	1370
436	1328
418	1139
389	1183
395	1338
479	1219
447	1238
411	1456
457	1380
425	1256
441	1200
465	1373
449	1417
450	1509
414	1307
459	1317
449	1170
466	1421
472	1205
499	1296
505	1497
535	1648
527	1435
548	1343
572	1349
581	1482
517	1324
540	1331
539	1493
495	1346
470	1240
440	1321
492	1210
483	1392
488	1177
433	1184
405	1147
412	1335
439	1166
408	1489
364	1429
425	1457
404	1289
440	1323
448	1341
465	1084
399	1446
454	1166
369	1046
370	1093
379	1206
401	1216
396	1214
424	1142
391	1430
424	1386
388	1292
393	1283
428	1116
406	1098
410	1387
429	1342
452	1078
391	1270
381	1280
430	1215
465	1234
501	1288
410	1281
412	1194
375	1231
386	1163
333	1187
354	1274
421	1341
382	1358
369	1469
452	1279
389	1202
369	1429
396	1251
418	1125
427	1446
485	1273
447	1346
389	1351
427	1174
395	1200
460	1124
471	1241
413	1129
427	1316
393	1306
479	1295
438	1300
434	1139
399	1244
446	1526
418	1305
404	1298
450	1226
436	1263
385	1074
419	1260
414	1162
435	1303
408	1289
414	1115
407	1396
360	1309
387	1133
356	1044
359	1048
394	1195
427	1290
416	1415
421	1201
358	1271
369	1246
378	1193
354	1027
344	1205
398	1112
390	1041
409	1386
378	1415
356	1216
386	1140
393	1136
370	1234
419	1123
360	1223
360	1247
395	1228
437	1161
400	1131
384	1083
406	1210
388	1236
387	1211
437	1185
472	1396
386	1435
393	1186
328	1261
339	1148
368	1232
376	1233
423	1122
429	1147
389	1204
390	1135
389	1122
365	997
460	1005
401	1119
493	1151
421	1179
408	1278
438	1348
425	1481
472	1537
464	1229
446	1123
479	1091
464	1053
542	1181
561	1149
552	1357
542	1089
581	1035
576	1216
566	1381
492	1374
454	1186
407	1095
418	1170
416	1419
397	1364
364	1138
405	1301
423	1177
404	1314
416	1351
427	1237
440	1379
425	1140
424	1284
395	1334
445	1253
392	1368
421	1097
430	1219
413	1380
422	1094
406	1153
428	1397
483	1174
458	1163
503	1214
499	1105
440	1011
412	1067
497	962
493	1083
456	1162
526	1222
548	1230
545	1386
560	1431
522	1456
560	1423
483	1427
521	1514
475	1246
494	1432
521	1194
476	1230
405	1083
367	1287
405	1416
382	1426
406	1139
401	1268
476	1328
430	1200
435	1310
437	1259
408	1190
411	1276
394	1222
448	1158
467	1295
395	1338
463	1265
439	1314
397	1419
402	1584
432	1381
410	1484
417	1335
371	1275
442	1558
430	1296
413	1303
338	1358
357	1568
403	1575
394	1220
476	1428
360	1483
448	1115
419	1134
435	1091
366	1043
475	1172
407	1098
408	1094
399	1026
423	1211
508	1081
367	1056
377	1126
487	1172
455	1358
468	1372
425	1597
413	1680
396	1459
377	1421
422	1249
385	1296
392	1127
376	1165
411	1543
391	1576
362	1226
388	1505
428	1243
387	1315
392	1135
445	1339
508	1236
485	1197
524	1277
503	1268
524	1309
562	1258
539	1292
508	1246
496	1282
519	1206
551	1088
580	1243
487	1314
462	1279
474	1491
467	1328
510	1172
520	1178
513	1205
529	1160
544	1255
544	1307
560	1157
595	1199
557	1070
481	1319
477	1240
513	1372
419	1472
446	1419
462	1115
458	1145
472	960
463	1137
484	1072
415	1193
434	1143
466	1123
430	1101
433	1210
444	1202
359	1187
359	1378
402	1447
425	1597
411	1708
429	1681
423	1398
419	1450
408	1320
410	1179
443	1176
329	1351
378	1501
374	1165
376	1147
441	1273
375	1392
396	1313
368	1157
380	1274
380	1238
368	1246
482	1395
414	1328
328	1414
350	1531
361	1296
368	1376
364	1266
405	1479
433	1349
388	1295
421	1348
371	1398
377	1211
404	1169
474	988
456	1148
485	1173
549	1314
492	1498
470	1108
458	1302
439	1448
478	1393
504	1382
492	1464
473	1413
454	1384
463	1410
519	1548
494	1399
452	1293
531	1214
473	1186
473	1327
446	1277
399	1332
398	1173
381	1116
424	1224
426	1275
395	1124
385	1385
411	1293
407	1301
365	1290
401	1346
418	1233
396	1137
394	1196
425	1149
430	1042
466	1162
439	1285
407	1371
393	1285
393	1331
397	1314
391	1127
389	1315
417	1267
372	1133
420	1087
433	1110
477	1220
400	1316
413	1115
435	1017
403	933
386	1008
427	1135
434	1277
450	1378
369	1160
347	1076
439	1328
374	1282
396	1244
391	1326
366	1179
430	1039
425	1238
417	1337
379	1149
390	1142
464	1071
363	1124
411	1132
372	1337
432	1280
373	1269
423	1268
409	1460
419	1413
426	1665
410	1222
446	1378
412	1125
467	1368
458	1321
417	1147
401	942
437	1160
431	1608
435	1537
422	1582
427	1504
434	1337
457	1260
447	1282
415	1388
361	1445
424	1461
400	1408
402	1588
352	1624
343	1409
370	1454
357	1632
385	1602
473	1511
444	1464
443	1387
434	1318
399	1387
379	1284
423	1269
406	1340
419	1366
423	1411
452	1307
478	1181
404	1091
430	1109
446	1081
437	1291
405	1258
407	1510
434	1310
432	1358
429	1267
427	1397
463	1401
463	1359
438	1427
491	1376
544	1366
514	1391
494	1647
529	1470
516	1626
453	1507
513	1575
557	1492
569	1518
504	1210
563	1289
698	1474
601	1353
479	1219
507	1097
519	1122
530	1396
493	1436
477	1522
557	1415
460	1441
502	1340
443	1489
518	1297
424	1318
403	1414
478	1505
550	1666
522	1814
489	1409
439	1360
439	1387
443	1583
507	1365
436	1289
405	1213
445	1210
445	1216
448	1143
425	1396
393	1319
384	1077
413	963
380	990
406	1130
448	1163
466	1264
402	1159
431	1259
419	1370
421	1177
466	1344
520	1194
510	1411
477	1308
454	1477
445	1265
479	1218
425	1252
412	1209
466	1288
461	1158
504	1235
411	1057
437	1273
483	1072
463	1043
470	1236
439	1143
406	1281
451	1199
434	1194
469	1374
428	1159
423	1165
436	1236
539	1457
481	1418
495	1270
418	1161
483	1094
451	1231
527	1326
433	1343
438	1432
447	1314
480	1529
465	1313
468	1236
425	1259
458	1151
446	1297
416	1065
391	1081
385	1053
412	1164
412	890
407	986
406	1007
413	1049
442	1076
410	1063
432	1134
452	1142
412	846
441	1081
385	1112
419	1162
414	1092
461	1060
411	1120
394	962
414	954
483	1110
450	1313
450	1327
408	1263
428	1284
425	1172
437	1125
411	1323
387	1280
396	1412
418	1425
409	1401
396	1215
399	1271
411	1341
468	1272
445	1561
401	1290
417	1189
396	1317
365	1335
399	1289
383	1279
398	1387
372	1300
378	1388
402	1368
352	1267
403	1335
420	1186
393	1540
448	1563
377	1404
413	1515
386	1277
409	1523
404	1365
414	1472
391	1338
361	1191
351	1189
382	1110
431	1347
402	1413
388	1286
426	1369
366	1039
435	1070
415	1146
464	1375
444	1298
416	1156
352	1173
389	1268
407	1229
382	1190
385	1261
399	1201
419	1328
460	1414
459	1320
461	1362
436	1196
422	1327
428	1419
394	1555
391	1444
356	1519
394	1439
422	1414
427	1172
380	1095
443	1261
386	1341
398	1535
372	1818
352	1739
379	1597
358	1705
387	1715
422	1619
382	1352
390	1335
443	1231
411	1264
428	1109
437	1164
461	1246
437	1345
417	1404
418	1370
404	1526
512	1382
429	1497
451	1409
414	1378
475	1149
450	1352
414	1406
395	1328
418	1280
468	1227
390	1019
373	1217
398	1233
404	1329
413	1463
403	1478
361	1408
391	1324
456	1311
395	1353
443	1404
446	1421
470	1545
441	1500
431	1369
462	1464
444	1482
448	1363
467	1269
453	1242
514	1315
527	1359
516	1464
467	1374
476	1516
446	1317
422	1536
393	1371
453	1437
496	1577
456	1367
432	1518
403	1280
414	1163
452	1000
429	1280
445	1242
520	1057
499	1259
456	1078
421	1057
399	1013
477	1088
428	1202
438	1295
453	1274
432	1133
441	1155
481	1036
458	1183
469	1199
450	1129
429	1242
453	1187
449	1454
444	1493
458	1282
451	1191
496	1286
476	1429
461	1355
470	1371
527	1521
554	1601
619	1251
614	1190
605	1710
666	1354
620	1260
672	1250
691	1291
654	1407
640	1223
619	1257
620	1652
608	1398
631	1678
662	1590
605	1370
666	1395
619	1456
599	1196
638	1310
643	1229
585	1237
592	1524
659	1651
656	1682
591	1620
574	1393
670	1218
643	1200
663	1364
629	1394
620	1606
646	1462
602	1193
660	1167
597	1217
544	1362
555	1368
539	1459
549	1499
505	1586
506	1355
522	1307
520	1544
469	1585
505	1290
454	1226
438	1194
464	1319
477	1117
461	1232
423	1096
424	1294
380	1149
416	1386
406	1153
397	1012
410	1137
436	1131
438	1094
394	919
474	1324
513	1318
495	1268
439	1099
516	1281
479	1423
525	1217
545	1161
514	1224
560	1322
482	1421
481	1210
526	1361
478	1252
518	1398
471	1515
505	1323
422	1479
443	1299
448	1235
445	1529
407	1376
464	1195
446	1427
461	1197
479	1264
425	1311
440	1268
412	1274
432	985
407	1215
501	1278
510	1438
489	1476
463	1227
493	1421
510	1472
507	1079
541	1297
553	1464
555	1248
554	1205
482	1227
449	1164
458	1231
458	1436
434	1408
534	1299
403	1508
446	1480
428	1629
446	1605
435	1539
415	1580
465	1432
420	1264
420	1220
351	1165
383	1149
409	1115
408	1112
421	1091
500	1018
516	1136
603	1048
565	1105
516	1051
486	1198
459	1159
420	1565
408	1521
502	1666
466	1300
441	1303
522	1355
428	1384
468	1361
398	1440
395	1326
356	1328
415	1375
398	1525
437	1323
383	1203
419	1141
413	1185
518	1247
452	1239
443	1243
458	1162
442	1073
375	1093
442	1168
385	1262
413	1395
361	1403
394	1406
373	1332
410	1110
429	1450
401	1219
376	1093
471	1085
450	1266
441	1220
427	1211
390	1301
416	1330
445	1270
395	1259
477	1584
443	1675
418	1622
440	1492
453	1689
449	1917
436	1591
444	1548
427	1381
436	1190
424	1101
440	1249
467	1413
439	1377
509	1310
481	1370
397	1353
426	1248
408	1425
449	1498
420	1174
412	1423
437	1467
403	1459
454	1429
380	1217
482	1282
472	1130
401	1220
478	1378
374	1314
426	1380
494	1341
452	1215
474	1233
428	1283
516	1293
481	1390
521	1498
493	1292
465	1322
441	1245
484	1273
491	1427
503	1409
531	1431
506	1246
569	1377
451	1376
521	1220
543	1203
475	1219
392	1348
499	1418
475	1632
492	1429
453	1294
453	1262
479	1244
485	1361
521	1248
544	1361
609	1428
592	1384
598	1279
592	1279
580	1251
557	1128
615	1284
554	1226
553	1244
511	1280
558	1129
552	1029
522	1126
494	1187
561	1235
531	1088
523	1248
561	1198
530	1234
527	1347
539	1228
520	1454
603	1517
558	1463
630	1629
613	1272
522	1500
514	1666
538	1862
534	1638
537	1626
534	1404
516	1186
507	1236
505	1580
494	1590
484	1507
546	1606
551	1381
494	1231
543	1311
618	1649
584	1177
514	1283
525	1491
505	1588
525	1696
586	1858
513	1785
528	1475
595	1706
474	1606
521	1378
448	1370
458	1306
508	1236
498	1125
470	1236
559	1330
525	1316
549	1353
495	1305
509	1273
582	1361
699	1240
697	1194
703	1298
604	1475
690	1322
635	1332
650	1249
615	1319
542	1289
586	1349
589	1450
623	1348
625	1345
601	1567
603	1306
635	1250
575	1231
608	1231
633	1122
619	1267
704	1157
721	1276
820	1195
764	1245
787	1156
898	1211
886	1167
948	1375
821	1318
836	1207
842	1273
806	1166
811	1191
792	1317
847	1460
849	1408
910	1379
959	1047
1013	1166
1060	1130
1057	1312
1063	1347
933	1452
947	1233
918	1233
891	1225
828	1234
769	1198
684	1111
789	1034
744	1058
768	943
746	1077
768	1155
725	1285
739	1299
708	1189
722	1311
769	1280
710	1145
755	1129
780	1235
810	1267
893	1288
918	1149
848	1366
908	1327
1002	1433
1241	1385
1208	1311
1225	1290
1257	1266
1556	1238
1859	1247
1930	1068
2057	1333
2203	1438
2516	1489
3477	1442
3781	1533
3668	1509
3560	1538
3943	1385
4309	1347
4281	1322
3946	1320
3732	956
3549	1200
3606	1026
3659	1040
3421	1263
3468	1231
3700	1237
4083	1228
4768	1234
5045	1379
5502	1430
6031	1330
6689	1439
7232	1562
7635	1688
7784	1783
7758	1467
7667	1365
7209	1448
6599	1429
6109	1547
5888	1531
5149	1258
4510	1422
3782	1429
3514	1533
3407	1667
3318	1582
2982	1399
2756	1570
2969	1462
3312	1520
3464	1460
3407	1290
2978	1396
2753	1551
2893	1717
2845	1625
2669	1330
2296	1509
1902	1401
1987	1392
1879	1310
1713	1409
1305	1412
1177	1401
1101	1324
1088	1455
1111	1474
1076	1384
984	1503
996	1530
1027	1638
1002	1735
775	1586
679	1530
728	1488
697	1275
677	1155
596	1374
580	1413
522	1262
556	1457
648	1448
616	1624
561	1504
540	1563
594	1555
632	1792
532	1715
507	1444
580	1539
549	1676
509	1486
484	1362
489	1405
544	1470
463	1355
444	1246
430	1517
487	1388
437	1441
471	1355
499	1646
490	1308
468	1366
489	1402
532	1411
466	1775
490	1417
523	1439
517	1746
519	1582
483	1546
563	1476
451	1316
518	1409
490	1576
471	1372
452	1375
483	1371
474	1460
489	1426
405	1310
387	1185
382	1142
401	1294
422	1376
423	1402
409	1600
379	1532
452	1480
434	1382
403	1568
374	1582
436	1393
451	1664
451	1504
437	1489
383	1411
491	1596
443	1556
457	1494
461	1419
477	1360
471	1421
550	1536
442	1365
522	1427
468	1370
479	1580
360	1366
489	1492
449	1551
459	1297
467	1171
418	1295
460	1165
412	1271
440	1273
457	1325
408	1532
447	1471
436	1434
435	1614
496	1365
446	1409
388	1410
408	1200
463	1129
444	1273
450	1212
435	1171
397	1156
413	1295
418	1290
361	1330
404	1167
424	1251
395	1294
384	1583
436	1627
419	1251
412	1246
393	1277
396	1336
442	1241
424	1174
393	1116
417	1346
381	1243
368	1421
396	1426
469	1419
421	1518
458	1573
387	1595
490	1634
443	1575
431	1562
464	1662
453	1419
443	1404
424	1370
382	1463
469	1402
420	1296
467	1481
468	1584
449	1546
422	1492
486	1608
514	1581
437	1454
420	1334
383	1445
431	1685
459	1449
427	1697
404	1827
428	1435
456	1403
513	1648
466	1648
446	1742
484	1677
465	1524
519	1607
397	1605
394	1382
405	1414
377	1572
400	1363
448	1407
364	1581
485	1656
368	1538
401	1627
421	1635
370	1487
430	1418
441	1381
468	1279
463	1366
507	1600
516	1464
511	1363
489	1374
423	1449
438	1495
493	1362
412	1255
409	1118
488	1256
425	1288
438	1611
445	1456
474	1357
463	1184
396	1324
452	1349
408	1288
412	1279
397	1290
424	1385
442	1481
442	1551
377	1426
441	1503
437	1463
450	1327
399	1595
410	1277
427	1297
370	1322
446	1349
426	1347
393	1199
412	1131
459	1199
476	1221
472	1336
437	1432
458	1386
468	1205
465	1221
420	1328
430	1264
437	1213
528	1567
439	1252
452	1333
373	1476
494	1468
565	1374
567	1423
600	1440
566	1437
550	1509
623	1422
524	1467
510	1496
560	1655
477	1542
489	1769
564	1434
559	1278
532	1298
497	1503
508	1529
520	1479
500	1353
492	1303
544	1209
459	1376
481	1225
498	1362
573	1381
546	1414
478	1387
496	1393
525	1356
514	1412
536	1332
545	1209
474	1288
451	1311
512	1318
450	1101
504	1291
482	1244
552	1322
471	1309
460	1351
480	1215
526	1272
415	1157
494	1181
463	1108
491	1301
465	1234
456	1323
448	1058
442	1148
491	1264
500	1277
487	1310
417	1226
434	1201
436	1370
406	1167
440	1165
466	1252
458	1493
423	1724
478	1735
424	1595
428	1358
524	1290
521	1311
516	1396
479	1107
539	1348
616	1327
601	1494
555	1343
683	1270
849	1288
1253	1326
1482	1139
1665	1203
1517	1344
1616	1282
2089	1253
2074	1260
2082	1369
2330	1428
2619	1440
2622	1530
2573	1315
2364	1399
2131	1445
1843	1596
1792	1456
2064	1503
2119	1483
1933	1398
1954	1430
1953	1432
2176	1368
2131	1469
1759	1464
1772	1503
1722	1469
1479	1424
1268	1243
1336	1178
1206	1207
1087	1344
965	1164
869	1189
1026	1425
907	1419
782	1330
699	1590
630	1446
605	1383
605	1372
652	1373
572	1213
540	1220
551	1306
610	1378
577	1166
547	1332
479	1234
488	1351
473	1615
534	1619
496	1303
445	1286
447	1281
421	1229
420	1242
445	1421
447	1356
398	1279
425	1111
447	1370
457	1125
486	1069
441	1444
430	1365
327	1312
380	1323
376	1413
416	1386
443	1700
433	1515
437	1587
389	1447
455	1369
385	1317
415	1330
481	1249
413	1238
406	1318
419	1345
377	1486
412	1702
373	1373
442	1453
396	1409
433	1273
368	1475
371	1607
374	1448
384	1244
391	1224
376	1389
383	1386
408	1324
397	1180
443	1170
432	1037
372	1152
386	1215
419	1169
482	1250
423	1234
407	1170
386	1156
391	1198
418	1348
418	1328
455	1377
415	1419
444	1252
460	1280
410	1303
377	1347
393	1207
372	1155
454	1293
392	1374
474	1264
430	1268
423	1187
482	1140
421	1204
449	1286
477	1194
403	1233
389	1132
417	1184
395	1110
404	1253
404	1188
404	1542
343	1313
365	1357
321	1265
412	1140
403	1230
404	1263
374	1319
371	1111
364	1425
419	1680
416	1736
379	1529
364	1668
430	1691
414	1773
367	1633
413	1379
375	1422
384	1544
427	1341
392	1527
393	1560
432	1595
462	1401
359	1377
415	1192
400	1249
425	1347
431	1306
409	1438
464	1218
443	1324
444	1519
406	1601
385	1378
401	1390
466	1430
484	1602
446	1851
402	1669
475	1602
396	1487
431	1433
471	1332
420	1493
425	1506
460	1354
410	1376
489	1603
467	1397
470	1510
443	1206
468	1355
468	1450
415	1667
491	1709
557	1270
448	1240
472	1181
476	1213
424	1058
433	1231
505	1287
415	1408
445	1591
451	1396
442	1366
497	1254
468	1574
424	1488
447	1272
433	1461
497	1519
496	1599
501	1592
471	1412
464	1364
523	1372
470	1441
496	1421
445	1721
484	1316
472	1303
436	1452
504	1308
452	1349
418	1250
442	1310
459	1353
467	1394
505	1436
517	1244
406	1468
459	1545
412	1327
493	1317
450	1361
489	1405
618	1300
650	1299
668	1344
677	1324
755	1338
827	1235
895	1321
994	1273
868	1206
872	1397
1127	1139
1417	1442
1524	1352
1738	1227
1819	1645
2027	1748
2145	1477
2219	1435
2253	1450
2191	1572
2309	1479
2272	1473
2303	1368
2404	1363
2141	1422
2081	1541
2261	1431
2593	1418
2821	1398
2894	1617
2813	1387
3153	1477
3737	1604
3997	1483
3837	1374
4077	1204
5003	1429
5986	1465
6032	1554
5842	1559
5743	1717
5776	1584
6070	1411
6191	1744
5997	1539
5741	1584
5442	1471
5348	1454
5313	1643
5277	1675
5664	1621
5708	1833
5787	1752
5619	1687
5406	1607
5652	1560
5487	1630
5089	1752
4727	1609
4166	1561
4338	1570
4216	1621
3889	1690
3303	1632
2942	1521
2918	1585
2946	1624
2789	1452
2418	1222
2253	1386
2223	1363
2484	1401
2323	1242
1878	1328
1664	1258
1605	1335
1848	1220
2020	1192
1618	1178
1327	1231
1221	1284
1120	1289
1101	1223
885	1228
659	1358
579	1238
588	1313
585	1257
500	1410
502	1416
537	1603
479	1489
532	1454
479	1276
444	1480
479	1396
429	1290
440	1195
457	1231
417	1370
424	1299
415	1419
481	1450
496	1524
498	1762
498	1485
489	1830
487	1751
491	1385
464	1290
477	1433
429	1442
456	1505
505	1343
490	1245
464	1307
422	1372
401	1373
402	1420
459	1474
409	1555
390	1818
416	1783
428	1782
487	1834
456	1602
400	1466
414	1419
500	1330
424	1415
422	1583
395	1453
435	1290
405	1403
404	1548
391	1617
450	1619
403	1448
426	1457
386	1481
396	1564
376	1491
399	1424
406	1341
479	1233
451	1387
381	1300
471	1422
433	1473
419	1529
382	1408
406	1411
417	1130
435	1067
372	1218
376	1326
434	1133
374	1176
369	1162
364	1325
355	1661
457	1219
461	1381
368	1196
409	1114
370	1140
406	1021
355	1147
399	1228
353	1472
392	1433
395	1355
414	1169
347	1264
402	1394
391	1266
405	1308
451	1355
384	1176
368	1148
423	1348
420	1470
405	1530
422	1349
439	1438
410	1584
403	1497
453	1516
438	1469
423	1208
467	1371
476	1620
428	1611
398	1571
431	1399
409	1554
380	1343
394	1519
407	1419
421	1254
431	1198
387	1312
454	1237
423	1204
468	1227
423	1351
418	1320
390	1310
394	1506
425	1325
403	1232
395	1273
385	1316
341	1175
377	1154
419	1175
417	1281
405	1136
401	1186
420	1265
367	1388
439	1292
338	1324
351	1400
404	1101
409	1081
411	1345
428	1460
437	1371
472	1359
425	1550
469	1568
456	1564
473	1391
525	1396
571	1322
512	1344
447	1426
510	1287
492	1170
475	1325
506	1345
488	1301
518	1316
509	1565
508	1500
516	1333
425	1199
460	1458
476	1271
413	1210
422	1490
449	1366
418	1079
399	1088
456	1316
485	1545
479	1536
409	1246
440	1320
460	1591
461	1426
407	1565
501	1370
476	1592
412	1609
435	1444
470	1518
472	1206
458	1190
400	1556
403	1494
409	1497
466	1403
440	1340
442	1375
437	1479
389	1352
428	1417
431	1520
404	1342
444	1568
437	1470
493	1543
477	1479
458	1377
431	1588
426	1519
414	1426
378	1532
387	1469
439	1670
430	1572
458	1376
452	1407
458	1633
487	1501
438	1528
454	1591
471	1631
422	1544
452	1263
397	1331
431	1452
473	1437
450	1546
408	1292
427	1396
374	1334
412	1509
426	1481
498	1380
490	1284
440	1171
470	1169
492	1086
437	1135
485	1081
458	1177
538	1090
504	1158
487	1493
532	1550
533	1367
603	1296
653	1280
580	1185
580	1385
585	1274
614	1308
524	1108
540	1123
478	1101
525	1148
506	1252
466	1391
470	1330
498	1310
498	1300
473	1235
474	1429
409	1308
480	1312
438	1246
485	1439
544	1234
468	1148
455	1389
497	1285
501	1150
462	1391
469	1294
463	1242
441	1208
493	1368
514	1393
526	1353
525	1312
474	1487
500	1360
512	1246
487	1305
523	1278
493	1356
534	1218
520	1247
455	1282
482	1345
456	1306
480	1292
591	1232
479	1478
466	1355
465	1280
480	1221
470	1282
501	1215
469	1288
466	1304
465	1441
483	1359
482	1294
492	1208
513	1474
554	1356
491	1427
454	1528
516	1474
509	1298
502	1378
550	1463
544	1499
537	1400
515	1174
492	1494
531	1561
569	1384
549	1716
569	1572
656	1351
583	1342
612	1492
681	1395
619	1390
615	1303
596	1485
630	1475
622	1368
630	1619
587	1369
640	1160
626	1097
639	1187
671	1267
708	1291
706	1274
730	1073
774	1161
817	1355
915	1301
909	1264
908	1077
1084	1039
917	1116
893	1164
809	1225
902	1376
887	1485
789	1237
697	1417
671	1366
688	1247
715	1539
679	1464
692	1583
681	1576
668	1466
603	1554
618	1394
610	1561
630	1575
653	1307
607	1276
594	1277
672	1465
585	1531
616	1407
592	1443
635	1348
575	1437
637	1340
694	1466
657	1287
569	1343
619	1321
544	1494
554	1428
586	1319
615	1483
586	1512
568	1379
570	1377
550	1547
541	1698
512	1464
555	1496
549	1377
558	1407
550	1479
534	1414
471	1503
521	1485
560	1445
542	1255
559	1447
549	1468
545	1204
511	1294
531	1122
534	1234
575	1516
452	1256
535	1248
540	1359
491	1211
507	1074
542	1227
508	1126
498	1138
566	1237
552	1141
592	1188
560	1331
602	1300
511	1384
491	1516
519	1408
563	1351
582	1287
537	1313
525	1350
540	1445
528	1152
586	1447
516	1244
553	1248
522	1293
454	1169
486	1332
527	1235
567	1344
487	1144
574	1256
525	1158
521	1111
518	1271
522	1150
500	1242
491	1489
572	1307
532	1436
521	1577
539	1655
456	1325
491	1520
440	1329
484	1228
407	1108
472	1146
553	1273
478	1181
504	1375
527	1348
523	1359
477	1318
450	1235
486	1026
450	1182
514	1349
476	1244
523	1368
510	1334
471	1398
510	1532
545	1178
548	1131
454	1344
482	1047
510	1136
425	1253
489	1113
469	1265
435	1123
445	1048
544	1044
649	1290
601	1289
561	1366
557	1302
530	1448
501	1543
545	1585
593	1305
637	1304
786	1254
797	1024
694	1106
747	1360
746	1178
864	1209
892	1290
947	1424
970	1265
1074	1243
1138	1288
1087	1084
1080	1091
1058	1053
998	1228
988	1216
890	1154
848	1415
703	1137
645	1109
635	1201
566	1376
541	1262
469	1154
555	1279
524	1244
520	1348
489	1463
526	1517
576	1506
598	1388
512	1272
417	1198
461	1186
455	1256
476	1278
529	1289
526	1461
438	1488
481	1517
493	1231
505	1289
489	1349
478	1329
406	1645
475	1571
470	1626
434	1435
396	1352
431	1577
502	1581
455	1565
515	1215
483	1105
474	1314
426	1267
452	1246
474	1516
432	1446
458	1480
492	1597
451	1550
494	1652
434	1632
438	1609
416	1588
391	1620
444	1338
416	1353
429	1592
431	1510
483	1584
470	1491
475	1536
462	1509
465	1250
480	1448
452	1503
455	1417
499	1380
507	1668
472	1527
441	1706
480	1595
501	1525
417	1398
472	1385
435	1493
470	1469
447	1172
432	1283
442	1208
432	1198
433	1278
497	1273
466	1119
485	1116
527	1553
459	1457
455	1479
475	1638
489	1396
468	1548
468	1502
522	1396
531	1495
494	1561
457	1298
458	1367
525	1474
488	1214
472	1247
444	1315
475	1273
456	1260
433	1113
465	1276
523	1364
526	1284
529	1306
506	1354
497	1249
499	1308
505	1223
531	1298
527	1409
538	1372
506	1189
495	1268
478	1182
484	1240
496	1337
524	1380
438	1419
570	1355
460	1329
502	1471
510	1329
478	1344
485	1250
451	1448
470	1465
470	1490
485	1246
518	1499
440	1245
470	1468
486	1510
487	1301
486	1046
473	1370
457	1219
495	1224
488	1225
460	1180
492	1391
533	1338
488	1056
453	1137
516	1206
448	1202
488	1212
493	1481
505	1612
458	1294
537	1271
552	1409
512	1445
485	1582
505	1604
467	1521
493	1459
500	1261
520	1452
546	1261
484	1268
498	1318
497	1529
507	1418
447	1245
502	1252
495	1548
483	1704
496	1297
537	1206
504	1358
464	1448
485	1425
484	1424
523	1413
505	1144
475	1263
487	1112
508	1219
513	1151
522	1246
528	1153
493	1084
558	1273
491	1049
522	990
467	1272
460	1229
460	1313
504	1441
570	1266
532	1442
503	1562
461	1404
497	1340
489	1479
500	1498
486	1554
497	1288
570	1466
533	1573
511	1806
543	1554
502	1630
558	1405
532	1299
638	1312
577	1304
587	1217
559	1277
509	1260
617	1241
614	1209
616	978
704	1101
841	1054
827	1119
754	1097
714	1101
699	1283
602	1285
488	1234
522	1265
561	1247
556	1356
580	1229
543	1261
486	1353
566	1431
531	1000
560	1039
521	1354
549	1269
561	1342
542	1286
549	1442
556	1534
568	1622
483	1527
574	1465
495	1334
515	1429
582	1247
538	1314
572	1364
589	1482
531	1271
579	1370
503	1444
622	1558
613	1370
566	1304
577	1352
585	1658
590	1622
600	1533
542	1472
527	1448
565	1201
600	1368
596	1322
559	1480
598	1423
633	1420
648	1549
611	1644
601	1502
590	1572
560	1465
582	1437
612	1487
586	1356
623	1574
623	1513
622	1434
622	1346
570	1265
591	1291
585	1234
582	1048
568	1359
576	1328
568	1500
653	1233
561	1074
572	952
588	1025
588	1139
581	1300
544	1508
568	1469
633	1462
552	1251
508	1271
540	1250
566	1322
566	1430
616	1349
555	1429
569	1325
654	1294
635	1368
648	1303
667	1418
614	1399
638	1506
535	1385
572	1514
620	1688
564	1608
529	1735
597	1682
608	1587
553	1570
524	1622
583	1604
568	1349
529	1493
560	1455
582	1427
613	1334
575	1232
529	1333
542	1324
555	1416
555	1253
538	1299
523	1536
514	1364
531	1614
522	1636
514	1605
509	1579
497	1529
440	1638
530	1642
579	1489
517	1351
525	1443
523	1409
584	1478
535	1596
532	1537
486	1429
535	1578
516	1477
485	1392
448	1215
470	1221
461	1352
470	1444
474	1387
456	1302
426	1443
436	1549
428	1531
452	1310
443	1382
437	1180
492	1332
417	1199
465	1319
420	1149
424	1275
394	1130
445	1234
443	1184
457	1407
416	1242
447	1573
455	1427
459	1478
520	1557
443	1635
446	1505
429	1323
403	1550
411	1366
438	1515
453	1506
466	1495
504	1616
462	1431
463	1427
457	1299
519	1412
510	1427
450	1150
438	1404
471	1300
457	1557
490	1432
419	1330
424	1308
446	1604
459	1414
439	1282
431	1263
459	1450
480	1287
446	1353
476	1080
526	1214
528	1327
480	1351
472	1199
457	1158
477	1405
489	1350
445	1324
402	1397
459	1385
458	1527
504	1636
446	1334
432	1274
425	1334
400	1335
397	1419
396	1552
441	1475
418	1480
396	1625
433	1358
389	1369
457	1497
408	1357
390	1474
431	1344
430	1450
423	1489
408	1632
391	1450
375	1339
375	1329
416	1268
403	1574
410	1513
473	1490
412	1375
457	1545
356	1491
369	1544
439	1708
399	1633
464	1538
429	1554
408	1316
408	1100
393	1338
400	1394
439	1270
427	1402
451	1366
382	1291
393	1287
403	1284
458	1436
437	1364
483	1477
517	1545
426	1593
413	1293
461	1335
396	1425
516	1253
454	1306
520	1331
474	1479
516	1299
457	1319
452	1387
479	1545
562	1766
564	1505
559	1347
547	1301
573	1521
624	1459
566	1383
584	1370
613	1427
570	1289
630	1351
632	1333
713	1525
659	1738
728	1423
697	1196
694	1157
689	1190
704	1214
706	1203
786	1265
784	1270
771	1206
672	1266
732	1164
735	1273
707	1227
743	1251
670	1220
674	1392
704	1394
743	1461
788	1479
716	1298
803	1157
818	1200
697	1666
738	1419
746	1379
689	1460
674	1339
585	1406
644	1369
747	1344
731	1238
691	1078
670	1278
740	1200
754	1181
719	1205
674	1351
697	1066
711	1409
690	1411
665	1447
718	1658
620	1571
582	1269
581	1354
406	1439
500	1414
417	1262
439	1290
435	1189
484	1115
453	1356
452	1392
497	1458
489	1300
576	1365
544	1158
567	1221
492	1126
522	1237
486	1189
462	1236
455	1341
437	1377
440	1312
420	1335
469	1266
442	1339
451	1060
400	1212
403	1185
390	1207
428	1379
394	1248
441	1210
404	1216
416	1221
432	1238
433	1267
486	1186
473	1266
496	1260
468	1394
496	1246
449	1123
427	1351
454	1425
482	1497
458	1602
409	1667
426	1561
433	1544
438	1336
409	1456
469	1368
470	1372
417	1366
444	1366
427	1356
444	1427
442	1632
496	1520
476	1666
471	1591
444	1576
448	1519
454	1570
460	1460
442	1212
453	1545
439	1377
447	1288
424	1553
439	1481
465	1503
470	1294
493	1474
439	1573
453	1454
487	1382
497	1447
482	1261
449	1293
487	1509
465	1273
479	1334
489	1166
492	1486
484	1367
481	1402
481	1343
430	1144
433	1160
507	983
416	1120
455	1126
447	1446
524	1480
491	1220
489	1353
509	1274
513	1438
473	1225
551	1277
478	1494
532	1622
533	1396
527	1376
536	1303
518	1398
517	1562
511	1495
530	1480
535	1473
502	1444
571	1251
572	1236
489	1485
535	1442
540	1464
542	1329
523	1298
615	1207
550	1405
594	1550
622	1600
599	1526
560	1422
555	1595
595	1614
536	1554
536	1539
621	1326
622	1168
533	1349
598	1272
607	1290
627	1434
577	1215
603	1270
543	1223
601	1205
589	1203
535	1155
488	1120
574	1231
602	1255
533	1446
561	1348
604	1341
580	1398
643	1274
661	1183
654	1512
727	1533
710	1416
716	1393
763	1403
816	1438
723	1402
632	1406
642	1551
694	1456
660	1375
644	1229
523	1290
512	1582
567	1477
618	1462
561	1478
530	1327
517	1354
479	1321
509	1328
579	1341
518	1518
468	1306
480	1218
420	1440
489	1350
501	1238
532	1371
552	1238
526	1205
485	1299
549	1304
470	1352
529	1228
531	1184
489	1282
473	1311
432	1352
482	1371
492	1286
510	1235
473	1299
502	1389
448	1469
468	1464
446	1421
486	1308
421	1241
419	1477
434	1498
432	1460
428	1419
440	1449
393	1213
407	1212
396	1307
462	1497
461	1234
423	1265
419	1292
329	1102
370	1235
395	1140
397	1195
422	1426
441	1347
366	1333
425	1401
338	1503
380	1410
370	1572
378	1375
384	1458
376	1376
402	1263
433	1281
366	1266
450	1430
469	1310
478	1399
482	1620
449	1601
453	1504
444	1334
426	1344
474	1437
444	1265
425	1387
477	1461
429	1359
458	1506
459	1406
493	1489
529	1709
451	1322
490	1379
525	1274
574	1277
490	1396
574	1400
485	1472
503	1497
563	1550
493	1348
506	1274
457	1604
500	1362
456	1299
430	1222
448	1236
415	1191
421	1274
390	1202
421	1205
386	1373
365	1387
354	1420
322	1477
358	1447
392	1295
417	1372
462	1425
395	1514
451	1475
400	1296
460	1306
449	1591
408	1597
420	1518
408	1512
411	1578
433	1598
435	1567
406	1473
421	1307
413	1357
471	1430
436	1447
458	1434
430	1433
433	1288
484	1334
449	1263
439	1329
409	1242
451	1272
491	1308
440	1345
405	1609
361	1191
416	1298
400	1280
368	1416
397	1454
418	1350
358	1283
356	1287
405	1528
384	1400
445	1499
372	1418
399	1285
357	1211
386	1279
396	1197
352	1265
341	1362
423	1552
351	1307
329	1257
380	1278
391	1322
373	1380
392	1370
343	1270
344	1389
