464	1153
438	1180
492	1001
435	1086
423	1171
454	1100
457	1149
433	1208
466	1398
414	1246
455	1063
428	1261
450	1460
400	1111
484	1159
469	1149
492	1154
486	1229
441	1200
404	1069
415	1202
423	1173
444	1276
480	1258
436	1326
428	1194
518	1282
439	1450
470	1212
445	1066
437	1358
474	1381
454	1352
428	1216
427	1478
427	1477
438	1409
485	1240
489	1106
440	1356
452	1568
461	1416
439	1333
461	1578
404	1653
380	1496
536	1378
468	1319
479	1349
381	1241
491	1213
458	1032
501	996
509	1034
472	1039
543	1151
476	1108
463	923
524	978
517	937
543	1010
477	948
507	1116
540	1180
558	1343
495	1231
538	1259
532	1092
649	1229
619	1206
619	1238
533	1238
536	1202
613	1510
595	1438
647	1272
613	1157
651	1192
732	1134
831	1018
791	1117
649	1158
592	1048
639	1029
751	1045
736	901
792	1015
700	1182
689	1254
703	1122
698	1063
635	1290
589	1152
511	1316
474	1268
436	1185
458	1164
529	1249
479	1506
530	1288
474	1049
503	1310
558	1113
486	1070
503	1081
518	1230
487	1332
552	1247
478	1179
508	1203
545	1553
468	1387
515	1434
560	1264
515	1234
531	1384
540	1366
553	1698
530	1642
574	1712
570	1464
512	1416
535	1422
607	1576
604	1488
530	1812
528	1718
550	1397
538	1208
586	1387
558	1336
493	1243
518	1254
496	1212
504	1206
519	1114
600	1234
578	1058
522	1097
508	1135
537	1168
576	1235
535	1113
549	1174
523	1137
566	1227
513	1203
569	1372
528	1232
570	1222
579	1275
548	1122
563	1404
519	1258
541	1317
595	1219
563	1089
549	1137
506	1193
503	1299
483	1367
435	1373
520	1313
540	1350
540	1371
534	1187
588	1317
496	1097
477	1211
548	1209
544	1090
541	1175
533	1075
476	1258
521	1145
510	912
515	1236
503	1219
499	1115
561	1175
579	1179
469	1161
528	1267
520	1155
525	946
500	966
527	1040
573	1018
606	1082
558	1088
536	968
533	896
529	955
470	970
509	1028
511	1054
523	1081
515	1203
540	1030
484	1172
498	946
490	1082
489	973
460	848
480	1049
540	1158
520	1133
530	1316
482	1481
532	1266
531	1422
572	1478
551	1189
611	1404
556	1264
528	1197
503	1182
568	1336
534	1366
489	1249
544	1745
534	1628
595	1462
610	1314
578	1455
589	1215
596	1406
581	1308
548	1202
519	1217
491	1468
492	1290
509	1190
514	1338
525	1419
520	1483
479	1311
480	1265
483	1049
479	1264
545	1253
496	1134
484	1210
465	1372
470	1396
459	1307
508	1314
468	1132
417	1171
455	940
451	909
470	1137
476	1269
470	1181
436	1180
466	1144
482	1310
460	1122
481	1119
469	1176
425	1133
497	944
513	1102
550	1133
504	1155
519	999
476	1028
483	993
518	1032
516	1126
500	1092
476	1278
433	1268
515	1372
529	1188
526	1143
552	1127
549	1154
485	1024
494	1161
491	1161
464	1212
545	1255
592	1363
590	1447
535	1134
549	1127
537	1197
530	1229
534	1087
593	1202
579	1053
601	1186
695	1287
696	1287
695	1037
685	970
691	995
728	1231
813	1189
876	1233
788	1192
702	1332
655	1261
655	1505
568	1313
599	1416
579	1343
591	1357
640	1450
637	1375
654	1252
630	1266
714	1322
703	1255
611	1302
587	1327
627	1222
640	1444
589	1553
563	1554
603	1489
616	1517
612	1117
711	1102
621	1425
552	1165
507	1321
567	1287
505	1256
510	1322
472	1310
574	1399
489	1273
487	1243
485	1333
459	1279
495	1153
473	1201
482	1196
494	1169
473	1365
395	1094
431	1202
462	1132
417	1397
405	1235
415	1109
499	1270
417	1278
515	1498
470	1254
459	1215
444	1139
460	1134
425	1214
430	1244
475	1314
424	1499
443	1385
453	1160
410	1447
394	1277
402	1219
387	1161
377	1130
373	1241
405	1183
397	1248
468	1434
419	1186
412	1312
364	1273
374	1269
428	1323
382	1212
409	1275
369	1332
510	1179
422	1564
385	1406
434	1444
394	1228
348	1251
372	1503
369	1557
344	1386
383	1262
394	1278
411	1060
472	1246
475	1099
428	1081
439	1242
423	1145
403	1232
398	1110
457	1173
415	996
483	1243
441	1247
446	1287
409	1145
390	1085
427	1339
400	1195
408	1193
407	1372
429	1219
401	1198
398	1203
430	1148
418	1041
422	1075
426	1380
446	1514
447	1175
479	1278
452	1176
383	1400
370	1055
411	1154
426	1230
443	1224
434	1457
436	1024
434	1257
452	1482
424	1763
455	1441
451	1353
474	1323
433	1611
458	1563
449	1360
449	1287
441	1372
408	1422
429	1237
391	1484
412	1242
398	1213
451	1378
464	1298
413	1310
397	1496
453	1501
424	1206
413	1263
367	1204
413	1264
396	1332
450	1078
398	1055
467	1162
436	1262
435	1196
427	1267
403	1290
425	1111
430	1240
404	1212
442	1134
408	1346
441	1135
450	1255
461	1302
464	1230
494	1191
454	1428
405	1434
447	1546
430	1270
436	1383
424	1376
385	1335
383	1389
422	1458
429	1299
400	1252
430	1145
436	1365
433	1144
389	1164
414	1229
424	1214
444	1217
438	1196
447	1213
476	1152
387	1402
403	1262
425	1368
399	1427
424	1395
464	1397
474	1159
316	1249
370	1285
366	1493
415	1600
405	1499
414	1291
403	1363
507	1323
460	1326
448	1299
478	1325
425	1344
402	1355
422	1389
416	1189
390	1278
417	1211
430	1078
423	1190
401	1280
480	1100
417	1121
449	1139
411	1200
442	1297
425	1381
458	1303
455	1186
419	1319
500	1191
444	1176
446	1064
441	1153
477	1037
428	1144
467	1093
518	1171
479	1235
447	1201
499	1113
496	1269
482	1303
483	1248
465	1175
477	1362
446	1104
469	1317
515	1206
487	1266
446	1238
418	1381
467	1109
507	1005
492	1027
487	1197
485	1267
520	985
494	1029
558	1097
503	1072
567	1028
521	871
505	869
446	963
472	1152
421	1085
465	1066
504	1028
607	1133
584	1052
498	1107
504	1108
499	1349
548	1338
429	1253
454	1192
497	1168
481	1146
442	1045
460	1195
478	1237
501	1210
476	1190
530	1019
523	1200
546	1167
540	921
568	1017
513	1029
491	1077
518	1024
466	1063
481	1104
485	1116
427	1415
465	1342
538	1193
524	1285
492	1296
409	1130
445	1153
391	1249
383	1156
420	1315
414	1544
383	1281
424	1391
467	1191
508	1205
533	1190
501	1293
499	1376
476	1085
449	1118
460	1264
463	1378
442	1472
436	1599
423	1476
433	1375
414	1380
412	1390
425	1251
415	1309
467	1401
447	1415
488	1301
466	1286
462	1383
448	1171
491	1192
465	1166
470	1288
523	1160
403	1132
464	1236
468	1295
461	1367
474	1430
476	1464
432	1475
494	1298
419	1258
436	1325
447	1411
461	1520
428	1452
427	1191
479	1359
442	1356
411	1266
470	1384
480	1322
504	1214
475	1352
468	1257
518	1214
454	1161
551	1302
501	1289
466	1255
417	1230
542	1337
505	1408
482	1659
447	1472
467	1467
442	1479
491	1406
446	1351
467	1187
432	1273
474	1330
396	1314
525	1356
508	1382
485	1367
545	1364
677	1345
703	1133
649	1216
649	1309
712	1421
643	1385
761	1470
747	1389
757	1389
752	1317
970	1339
970	1398
758	1331
744	1321
927	1231
1044	1423
1339	1460
1366	1540
1210	1716
1277	1661
1455	1549
1665	1517
1734	1655
1774	1654
1521	1688
1700	1723
1807	1547
1833	1477
1692	1322
1567	1377
1706	1434
1848	1381
1805	1299
1910	1376
1989	1419
1877	1363
1717	1299
1241	1327
1301	1303
1275	1386
1146	1392
893	1216
713	1363
799	1339
1042	1278
1067	1610
990	1355
739	1300
667	1084
688	1239
634	1246
519	1315
467	1298
457	1208
397	1121
468	1142
439	1092
436	1451
466	1362
427	1429
415	1699
401	1273
484	1202
424	1211
436	1138
426	1309
442	1177
424	1244
416	1337
374	1539
416	1289
403	1193
399	1096
450	1154
387	1293
433	1252
458	1486
409	1606
447	1291
405	1251
398	1146
417	1265
438	1178
463	1246
403	1127
424	1283
421	1354
430	1159
434	1377
437	1110
440	1293
430	1317
388	1098
388	1208
414	1291
421	1306
487	1219
442	1170
449	1361
438	1309
498	1238
488	1325
411	1308
444	1227
410	1151
404	1015
455	1258
465	1314
467	1285
425	1243
429	1481
427	1506
392	1398
423	1243
427	1150
413	1205
373	1365
380	1123
435	1131
446	1019
438	1069
401	1114
415	976
433	1100
387	1202
427	1098
383	1108
425	1176
417	1348
434	1412
399	1391
416	1252
426	1329
393	1282
411	1313
401	1211
456	1245
400	1184
391	1174
390	1305
440	1239
394	1256
402	1328
420	1336
384	1175
359	1436
417	1499
432	1384
463	1231
400	1302
424	1154
441	1114
342	1461
407	1304
435	1155
448	1138
443	1531
451	1284
403	1538
444	1521
389	1347
421	1378
443	1352
469	1478
452	1295
427	1343
425	1094
427	1329
434	1188
411	1158
404	1175
372	1224
410	1080
410	1166
488	1004
430	1110
406	1109
365	1119
371	1222
416	1301
412	1268
464	1149
439	1191
412	1107
447	1162
429	1220
417	1286
445	1360
481	1345
462	1518
504	1490
444	1449
459	1118
460	1228
466	1355
425	1228
432	1178
377	1263
387	1020
446	1263
381	1219
481	1198
385	1376
439	1041
442	1075
415	1054
446	1029
403	1047
419	1194
426	1159
421	1306
373	1152
364	1180
397	1238
502	1412
430	1184
469	1055
439	1170
415	1075
429	1106
405	913
450	1031
425	1122
518	1015
515	1250
495	1208
477	1181
527	1259
527	1337
461	1321
435	1136
438	1034
449	1148
407	1292
383	1041
390	1021
454	1114
490	1319
474	1178
479	1346
478	1106
404	1101
444	1106
427	1167
464	1132
432	1108
444	1248
493	1362
464	1084
452	1049
447	1118
429	1175
430	1163
422	1189
433	1223
461	1070
431	1070
444	1209
457	1295
469	1403
436	1326
452	1290
429	1385
425	1435
425	1263
422	971
391	1098
406	1239
387	1317
446	1432
401	1209
455	1488
405	1409
396	1377
406	1298
426	1111
393	1006
387	1039
440	1195
383	1375
443	1395
436	1137
420	1175
458	1248
470	1288
404	1260
391	1389
459	1416
454	1491
417	1402
468	1270
469	1420
399	1136
411	1113
409	1387
445	1420
448	1474
404	1483
405	1495
427	1286
387	1185
408	1393
459	1233
438	1048
413	1161
450	1194
419	1149
454	1149
454	1148
459	1312
470	1147
443	1060
445	1149
493	1323
560	1352
510	1319
496	1125
470	1075
538	1002
568	1063
529	1209
535	1183
587	1165
785	1160
1282	1197
1543	1338
1222	1405
887	1435
967	1353
1074	1412
908	1450
724	1208
770	968
951	1159
1244	1144
1585	930
1544	917
1461	1033
1456	1309
1850	1453
2146	1423
1989	1443
1757	1468
1921	1459
2583	1345
3081	1246
3172	1322
2900	1374
2923	1045
3617	1111
4332	1239
4392	1418
3777	1411
3181	1464
4034	1290
4749	1416
4357	1152
3792	1330
3615	1442
3827	1467
4293	1267
4635	1274
4899	1262
4760	1288
5278	1217
6521	1301
7412	1301
7931	1258
7544	1321
8002	1300
8907	1424
9228	1648
9229	1454
7960	1462
7157	1302
7397	1214
7351	1129
7166	1010
6536	1101
6416	1231
6859	1158
7532	1334
8161	1384
8493	1464
8699	1402
9754	1519
10855	1580
10877	1443
11480	1740
11431	1711
11563	1550
11363	1617
11021	1608
10543	1474
9912	1474
9407	1360
8910	1370
8397	1246
8332	1468
8135	1449
7966	1356
8119	1276
8267	1469
8188	1473
8441	1514
8734	1715
8210	1863
7470	1513
6891	1532
6461	1379
6847	1414
6632	1450
6987	1458
7553	1754
8194	1665
8380	1610
8313	1511
9026	1446
9807	1652
9950	1800
9750	1450
9451	1786
9795	1918
9702	2014
9084	1708
8516	1676
7615	1612
7134	1356
6539	1129
6417	1171
6336	1252
6454	1282
6587	1454
6655	1629
6592	1353
6832	1478
7184	1362
7833	1445
7533	1386
7341	1371
7125	1421
7247	1625
7391	1467
6516	1436
5927	1375
5601	1323
5302	1120
5351	1414
5039	1435
4413	1355
4123	1406
4049	1328
4229	1468
3929	1398
3160	1682
2707	1523
2677	1350
3120	1511
2787	1447
2181	1425
1552	1410
1470	1236
1747	1329
1694	1356
1366	1328
998	1518
889	1231
942	1192
958	1211
733	1281
796	1105
662	1128
742	1104
779	1119
705	1067
692	1063
611	1152
630	1130
632	1078
618	1168
597	1023
638	930
633	990
579	1124
582	1102
556	1000
557	1266
612	1067
604	1182
602	1255
556	1271
546	1412
605	1194
529	1224
591	985
602	1009
536	1149
579	1225
588	1048
595	1186
580	1136
617	1346
532	1125
576	1203
656	1221
736	1172
828	937
1118	887
978	1146
854	1190
779	1019
835	956
931	910
981	1007
841	1000
837	1016
758	1139
831	1011
760	1158
847	1158
704	1057
787	1037
763	890
917	1227
866	997
725	1074
694	1042
582	1035
519	917
436	868
533	978
604	1082
619	1035
540	936
513	945
617	1080
606	1021
571	1205
444	1080
418	1172
440	978
464	1069
435	979
449	1096
517	1094
495	1236
446	1204
463	1083
447	1029
468	1230
403	1072
463	1046
424	961
424	1064
476	1046
449	1141
426	1097
429	1083
456	1259
479	1004
442	1109
452	1125
421	1320
448	1358
451	1331
429	1443
450	1467
453	1375
477	1282
459	1028
400	1136
436	986
429	1043
439	1044
452	1268
468	1037
469	1286
481	1262
418	1138
425	1124
384	940
444	1190
424	1160
417	1139
393	989
418	1202
431	1302
431	1281
432	1237
431	1068
386	1027
413	1109
451	1123
525	1305
432	1152
460	942
468	951
457	1056
474	1309
512	1282
503	902
599	935
605	948
602	1110
579	1289
649	1202
745	1197
847	1161
732	1287
614	1266
659	1326
944	1493
1144	1556
1240	1619
1217	1482
1363	1509
1589	1288
1865	1366
1771	1375
1334	1365
1305	1286
1613	1132
2053	1251
2001	1469
1745	1330
1829	1161
1882	1329
2110	1307
2452	1277
2405	1208
2224	1274
2434	1088
2609	1157
3248	1302
3071	1270
3022	1331
3057	1282
3289	1314
3376	1261
3283	1192
3160	1210
3146	1354
3389	1166
3391	1405
3505	1240
3266	1415
3248	1275
3202	1523
3238	1404
3175	1369
3011	1555
2876	1366
2928	1318
3086	1233
3248	1281
3288	1423
2888	1353
3131	1056
2922	1120
2707	1142
2428	1231
2511	1335
2542	1397
2566	1539
2480	1257
2739	1548
2890	1445
3396	1575
3950	1244
4240	1147
4481	1185
4499	1221
4349	1358
4488	1678
4286	1771
4097	1353
3902	1229
3502	1260
3139	1336
2645	1221
2340	1220
2117	1424
2180	1436
2118	1019
2254	1164
2378	1342
2422	1315
2679	1233
2977	1288
2833	1199
2375	1386
1948	1401
1992	1199
2124	1046
2047	1182
1409	1047
1272	1095
1463	1151
1505	1199
1381	1285
1177	1265
927	1129
1061	1153
1135	1004
977	1019
703	1017
548	987
506	1199
535	971
517	1120
457	1064
434	1046
426	998
406	1304
425	1137
399	1058
395	1041
459	1309
409	1278
426	1196
387	1197
460	1248
488	1098
459	1203
472	1236
441	1034
386	980
376	914
413	1194
411	987
417	994
400	1180
389	1061
392	1032
412	1051
438	1157
427	1188
371	1238
426	1223
391	1209
439	1174
411	1012
403	1019
379	1048
425	1077
366	1225
390	1227
395	1301
383	1382
383	1238
362	1017
373	959
402	1006
363	1088
365	1343
393	1181
416	1194
377	1096
409	1120
389	1155
394	1143
428	1125
491	1267
425	1199
479	1204
437	1207
439	1053
399	1230
383	1576
380	1385
386	1336
354	1193
398	1359
441	1320
404	1267
365	1329
444	1294
415	1343
370	1460
431	1447
371	1329
433	1282
390	1308
406	1146
392	1088
403	1093
379	1034
357	1124
408	1101
360	1355
387	1105
420	1147
365	1281
397	1096
413	1135
419	1091
413	1353
371	1342
353	1379
389	1166
437	1312
406	1391
460	1294
476	1235
430	1161
462	1427
440	1177
445	1156
407	1296
378	1451
422	1525
405	1600
393	1485
412	1649
407	1351
401	1232
405	1148
406	1384
400	1117
425	982
411	1065
410	996
400	1120
409	1071
436	1181
442	1021
395	1085
450	1200
368	1122
417	1239
418	1269
445	1285
412	1402
370	1416
377	1390
393	1323
371	1360
402	1114
418	1084
410	1131
379	1102
430	1294
397	1180
372	1262
369	1126
360	1049
374	1149
374	1117
372	1117
380	1142
357	1077
380	1007
336	1066
351	1022
391	1046
392	1182
384	1111
368	1115
374	1194
382	1188
403	1276
429	1018
374	1047
411	1143
405	995
404	1028
412	1197
429	1419
463	1226
467	1289
500	1439
475	1318
459	1472
427	1168
462	1015
471	1050
444	1127
393	1405
373	1225
438	1148
469	1145
414	1155
393	1180
420	1061
383	1278
394	1278
400	1106
467	1107
463	1271
391	1104
409	1185
422	1209
390	1483
434	1267
421	1099
438	1329
427	1272
387	1222
373	1264
415	1433
393	1313
407	1364
412	1243
397	1145
450	1157
423	1114
449	1327
396	1101
410	1334
419	1332
407	1242
426	1396
402	1431
440	1085
450	1017
439	1114
462	1091
520	1269
492	1116
519	1126
476	1080
408	1071
418	1033
420	1197
400	1317
443	1239
440	1164
473	1057
462	1007
451	1226
441	1081
420	1083
463	1098
509	1060
448	1151
459	1313
464	1282
401	1182
437	1331
413	1155
413	1281
459	1425
401	1318
410	1104
414	1343
439	1361
414	1415
418	1181
441	1257
409	1271
385	1368
363	1082
433	1286
457	1233
432	1290
381	1010
425	1177
369	1295
419	1375
423	1480
357	1189
476	1037
396	1346
352	1241
413	1107
432	1224
439	1320
431	1139
397	1158
420	1106
419	1117
412	1369
383	1177
426	1199
412	1094
409	1178
435	1428
427	1319
420	1117
425	1194
352	1408
400	1388
412	1371
405	1562
416	1150
407	1284
442	1187
388	1290
409	1147
473	1447
436	1326
414	1258
494	1258
425	1153
415	1269
432	1337
434	1327
415	1136
401	1398
398	1277
425	1154
437	1293
439	1164
425	1450
392	1305
435	1131
395	1296
428	1185
408	1182
406	1312
443	1304
488	1272
387	1428
396	1245
479	1011
450	1096
444	1005
387	1113
399	1296
369	1137
386	1337
413	1208
473	1299
412	1038
451	1118
445	1148
469	1293
436	1053
453	956
439	1214
396	1310
412	1098
474	1064
454	1175
461	1288
480	1403
471	1549
418	1417
516	1154
502	1273
427	1037
467	1409
450	1261
483	1179
426	1278
475	1486
507	1359
445	1342
463	1359
400	1363
459	1498
451	1554
411	1670
425	1593
429	1376
425	1240
454	1281
484	1344
429	1334
432	1067
465	944
420	1136
475	1170
451	1219
456	1286
414	1180
453	1211
402	1259
421	1158
474	1373
457	1210
409	1097
491	1227
520	1136
454	1368
442	1446
463	1316
435	1337
439	1056
462	1457
471	1359
473	1170
446	1200
448	1133
407	1298
395	1152
407	1261
408	1131
414	1110
474	1136
474	1069
458	1080
391	1045
388	1258
401	1346
381	1150
425	1143
441	1178
434	1127
442	1257
411	1283
426	1193
389	1402
413	1434
459	1163
492	1187
499	1176
407	1148
408	1032
436	1237
479	1116
407	1098
471	962
471	951
472	1176
445	1171
462	1025
484	1154
418	851
446	1156
482	1252
478	1198
402	1253
421	1026
368	1215
364	1399
476	1272
403	1227
423	1145
483	1231
488	1001
485	1164
463	1241
438	1123
449	1141
448	1150
449	1178
462	1094
471	1161
549	1379
474	1251
432	1226
461	1160
431	1182
428	1186
408	1143
456	1158
512	1323
494	1247
500	1145
502	1161
457	1238
455	1296
469	1361
429	1440
421	1348
457	1232
426	1132
466	1099
408	1368
382	1322
417	1362
410	1259
463	1279
476	1134
421	1486
440	1509
389	1488
455	1451
525	1378
434	1244
460	1272
475	1028
480	1003
479	1071
442	1225
475	1321
409	1261
467	1145
451	1177
423	1193
345	1265
438	1178
372	947
440	1144
389	1099
378	1171
388	1137
418	1075
411	1143
366	1138
437	1231
375	1238
375	1483
404	1375
383	1255
392	1298
409	1119
354	1335
410	1134
390	1197
368	1282
388	1309
358	1244
438	1330
413	1210
409	1177
410	1272
409	1164
365	1340
421	1305
391	1186
381	1166
380	1242
444	1269
446	1579
383	1320
475	1913
458	1497
409	1433
436	1215
395	1283
445	1368
430	1541
457	1140
450	1322
450	1191
458	1083
474	1115
475	1191
391	1270
410	1205
480	1130
482	1304
482	1147
507	1319
500	1333
480	1320
476	995
499	1227
513	1122
487	1039
494	1135
491	1178
477	1158
474	1460
441	1319
453	1005
452	1072
459	1245
457	1294
458	1217
456	1129
487	1249
451	1344
503	1228
538	1047
561	1155
520	1412
513	1275
493	1338
546	1252
506	1472
536	1431
509	1428
432	1068
489	1091
521	1277
483	1272
500	1357
420	1339
439	1288
379	1201
421	1302
439	1244
361	1065
415	1130
409	1049
430	992
467	1177
475	1122
475	1155
379	1131
451	1216
459	1196
399	1354
416	1418
396	1211
388	1035
366	1152
465	1165
419	1150
408	1229
410	1310
369	1137
392	1246
359	1303
425	1218
471	927
424	1072
425	1129
412	1157
367	1150
386	1204
407	1163
418	1183
425	1248
395	1404
399	1280
386	1199
393	1183
399	1277
413	1136
430	1170
445	1125
395	1193
415	1282
341	1201
385	1172
436	1083
377	1182
381	1134
426	1089
364	906
405	941
439	912
394	1060
382	958
475	1017
385	1059
435	1069
396	1194
380	1169
478	1158
414	1345
388	1375
406	1099
444	1301
416	1470
384	1321
388	1246
471	1228
422	1167
440	1256
435	1240
453	1221
421	1206
426	1093
487	1057
407	1270
392	1104
376	1295
451	1172
407	1148
434	1244
400	1273
385	1091
428	1221
425	1208
416	1389
437	1272
374	1304
413	1136
392	1129
483	1398
402	1484
383	1455
426	1334
400	1262
391	1299
438	1401
411	1291
433	1586
407	1458
431	1298
409	1207
404	1368
380	1173
397	1107
395	989
450	1071
404	1278
425	1005
457	1114
396	1313
365	1265
365	1382
424	1330
364	1298
372	1349
442	1535
451	1354
433	1359
433	1038
430	1243
425	1043
432	1073
438	1219
448	1278
423	1279
400	1270
398	1341
447	1187
462	1338
518	1149
443	1319
453	1243
482	1219
492	1188
477	1055
435	1270
435	1166
404	1218
435	1306
420	1322
416	1066
411	1131
400	1227
438	1168
416	1121
412	1291
481	1350
453	1116
443	1377
376	1256
451	1044
429	1045
455	1338
483	1266
444	1305
377	1312
357	1185
382	1266
358	1294
477	1080
431	1165
411	1377
383	1222
396	1294
406	1419
449	1566
421	1234
418	1275
457	1071
482	1145
499	1278
448	1300
403	1058
424	1156
457	1315
514	1051
471	1175
477	1100
461	1091
395	1036
448	1124
451	1142
442	1117
389	1085
419	1187
459	1101
445	1203
472	1107
472	1340
485	992
477	1029
444	985
484	1183
509	1115
452	992
482	1019
481	1125
439	1218
471	1235
519	1168
441	1173
518	959
510	1150
511	1193
499	1329
457	1189
505	1233
558	1237
576	1281
496	1321
476	1119
492	1088
467	1183
499	1137
453	1181
476	1205
457	998
454	1085
466	1098
448	1174
440	1099
459	1143
439	1165
471	1294
446	1193
438	1231
449	1287
403	1236
445	1158
482	1323
434	1182
439	1125
494	1119
472	1117
426	1064
478	1284
484	1201
437	1119
478	1198
469	1310
483	1284
431	1273
418	1332
450	1472
425	1410
448	1113
478	1078
443	1009
469	1165
411	1254
459	1294
437	1319
442	1414
464	1396
408	1335
401	1443
445	1349
435	1452
462	1455
429	1361
410	1171
462	1186
430	1064
387	1141
439	1239
410	1099
447	1069
445	1213
459	1151
459	1105
454	1489
465	1248
507	1103
453	1188
409	1155
409	1405
415	1346
433	1205
354	1137
379	898
359	963
376	1092
375	1071
386	1063
391	935
358	1023
418	1098
387	1276
434	1382
400	1168
405	1264
456	1186
399	1093
437	1229
447	1256
429	1049
392	1181
440	1145
404	1227
455	1029
399	1257
381	1254
406	1230
470	1263
439	1296
387	1121
446	1250
448	1097
437	1239
396	1148
466	1033
485	957
461	975
417	879
435	1040
430	1085
402	1149
448	1232
471	1179
399	1056
461	1169
389	1142
396	1078
453	1234
441	1173
419	1338
386	1089
406	1175
455	1058
458	1240
427	1093
490	1299
462	1251
468	1162
450	1146
427	1144
459	1101
473	1148
456	933
460	1191
431	1178
488	1214
427	1316
435	1637
492	1322
433	1439
443	1344
450	1185
447	1339
492	1389
449	1335
450	1144
518	1296
506	1275
499	1344
497	1295
498	1089
575	1085
575	1185
507	1270
496	1093
462	1095
458	994
449	1080
408	1094
397	1226
414	1146
415	1438
441	1262
390	1215
403	1365
390	1421
436	1372
406	1238
431	1185
423	1196
490	1232
384	1035
412	1295
443	1203
374	956
415	1088
447	1109
422	988
448	1104
453	1170
456	1169
466	1439
448	1456
500	1345
454	1255
382	1308
417	1247
459	1328
447	1287
412	1292
445	1367
424	1356
432	1386
428	1324
384	1399
441	1470
429	1161
448	1159
467	1326
481	1177
469	1353
496	1193
453	1205
418	1184
479	1110
443	1123
380	1087
430	1273
406	965
419	983
461	1071
468	982
486	1107
422	1254
426	1282
411	1211
445	1102
405	1236
508	1559
454	1257
477	1301
427	1341
418	1114
514	1340
633	1408
565	1500
637	1443
607	1088
619	1047
672	1014
722	1118
626	1151
670	1252
729	1186
696	1065
749	1113
689	1049
726	1207
720	1319
562	1126
593	1177
671	1175
671	1174
677	1134
570	1077
585	1132
594	1114
640	1274
623	1245
598	1544
467	1300
554	1294
653	1297
529	1509
438	1400
450	1248
486	1363
446	1352
488	1197
430	1198
406	1478
451	1439
426	1357
462	1289
472	1187
476	1277
472	1474
453	1248
448	1119
444	1381
434	1312
439	1345
403	1283
403	1447
393	1361
362	1311
422	1077
507	1130
456	1203
417	1270
459	1225
419	1314
427	1280
460	1344
493	1461
516	1253
526	1113
514	1425
431	1168
466	1231
465	1217
459	1364
483	1319
515	1388
552	1371
574	1404
462	1315
445	1144
475	1423
498	1302
487	1092
470	1187
479	1222
484	1348
500	1402
424	1188
484	1293
477	1413
463	1300
448	1067
512	1106
475	1396
533	1566
478	1443
492	1228
468	1152
511	1193
581	1221
498	1326
471	1299
489	1268
486	1137
449	1037
515	1088
484	1350
458	1293
450	1080
517	1133
532	1105
527	1215
533	1183
498	1205
536	1062
493	1099
546	1025
541	1213
513	1076
523	1074
579	1191
586	1237
565	1239
522	1014
577	1022
598	1218
598	1195
640	1159
656	1438
654	1548
666	1567
636	1236
617	1333
541	1135
574	1026
491	1173
535	1191
547	1354
529	1193
573	1423
491	1162
561	1229
549	1230
549	1055
531	1041
554	1177
567	1241
540	1113
619	1121
561	1368
504	1218
620	1108
571	1077
583	1191
581	1252
483	1386
522	1179
572	1429
492	1217
599	1069
603	1224
528	1282
549	1332
541	1523
549	1336
520	1266
567	1356
525	1331
557	1291
565	1482
579	1304
526	1212
567	1320
517	1376
522	1071
527	1126
512	1275
500	1343
468	1263
463	1066
460	928
531	972
501	967
498	1174
499	1381
487	1238
475	1253
505	1395
443	1218
506	1113
528	1169
518	1093
511	1206
526	1267
510	1094
495	1064
486	1159
513	1067
496	1120
538	1158
522	1311
558	1308
522	1135
544	1325
468	1344
513	1246
498	1422
490	1184
476	1423
415	1091
547	1152
479	1427
490	1282
458	1094
402	1108
415	1117
476	1041
438	1271
428	1190
461	1037
487	1178
411	1210
502	1320
484	1126
536	1238
504	1274
500	996
492	1070
499	1165
476	1210
481	1297
470	1189
478	1148
442	1134
407	1038
390	1180
403	1189
447	1093
467	1100
366	1225
425	1099
425	1077
454	1057
409	1016
460	1149
388	1070
383	1268
373	1182
500	1213
494	1158
465	915
471	954
400	1013
445	934
421	1147
396	1297
441	1132
450	1047
463	1154
463	1047
479	1132
469	1400
498	1086
480	1061
452	1293
444	1296
387	1165
424	1033
456	1055
420	885
412	1030
392	1103
427	1147
422	1051
447	1232
456	1347
440	1111
422	971
465	1007
453	1023
389	1208
408	1058
399	1207
458	1186
404	1362
412	1211
410	1257
440	1231
430	1354
466	1363
439	1095
430	1074
397	1130
397	1299
377	1395
450	1401
401	1192
430	1404
386	1141
382	1095
379	924
434	935
393	899
331	999
461	1192
407	1057
380	1029
451	1212
369	1207
382	1034
397	1108
434	1283
425	1265
427	1050
409	1153
420	1171
416	1089
426	1094
420	1075
393	1011
410	937
422	1094
461	1031
417	1009
439	943
475	1021
437	994
407	948
460	994
415	1066
435	1235
482	1160
479	1141
436	1367
454	1154
404	1167
436	1378
411	1315
528	1365
472	1134
449	1247
433	1167
402	1162
463	1124
427	1236
395	1367
446	1341
392	1173
480	1268
382	1214
377	1108
401	1174
412	1171
459	1068
474	1028
454	1044
505	1186
501	1072
502	1115
504	1128
501	1222
519	1140
553	1131
487	1209
471	1119
445	1260
490	1328
539	1435
506	1429
560	1179
543	1173
499	1318
434	1177
466	1076
455	1185
528	986
524	1007
477	1168
574	1449
547	1490
502	1258
458	1458
416	1393
428	1316
471	1348
405	1168
478	1187
488	1174
476	1086
432	1216
513	1042
451	1137
447	1122
470	1148
490	1164
442	1093
485	1104
452	1071
418	1132
373	1144
455	1131
418	1085
444	1280
479	999
444	1250
497	1125
466	982
449	1188
436	1365
442	1299
394	1222
457	1362
463	1172
414	1095
428	1027
445	1207
473	1247
387	1054
519	1368
459	1103
497	1162
473	1126
465	1195
457	1311
418	1328
530	1284
549	1580
482	1651
539	1169
508	1132
513	1145
466	1145
467	1254
563	1183
505	1202
500	1293
547	1102
543	1044
549	1101
512	1131
499	1286
561	1207
517	1198
595	1172
549	1113
593	1161
540	1030
574	1054
562	1042
586	1098
576	1016
617	1054
552	1113
571	1218
632	1179
615	1046
565	1130
555	1192
514	1099
613	1197
645	968
581	1067
624	1286
542	1180
615	1244
582	1565
654	1375
718	1307
673	1459
678	1473
660	1410
670	1442
574	1267
630	1035
573	949
635	1120
634	1139
590	1075
586	1152
593	1030
627	1004
596	1342
626	1335
638	1206
749	1206
709	1163
712	1072
749	1209
727	1183
750	1303
735	1157
726	1119
700	1140
741	1320
703	1324
714	1257
725	1168
734	1217
758	1300
808	1159
833	1290
867	1303
867	1109
868	1221
801	1308
936	1271
890	1138
893	1170
874	1211
829	1149
863	1073
870	1336
943	1061
1021	1262
926	1144
877	1177
905	1234
983	1166
929	989
891	1071
882	1292
936	1211
1007	1352
1038	1325
1104	1526
1078	1209
1125	1081
1115	1241
1159	1345
1160	1322
1162	1221
1113	1414
1230	1312
1239	1095
1219	1393
1260	1732
1125	1287
1189	1146
1120	1253
1175	1341
1213	1291
1276	1038
1293	1288
1365	1208
1353	1401
1429	1454
1367	1539
1469	1321
1650	1365
1635	1242
1606	1419
1505	1278
1581	1396
1627	1425
1573	1424
1446	1280
1373	1187
1497	1077
1501	1208
1441	1188
1487	971
1500	960
1489	1096
1583	1232
1629	1180
1628	1443
1771	1283
1593	1120
1691	1156
1710	1356
1610	1374
1728	1390
1614	1371
1654	1411
1586	1113
1662	1393
1543	1036
1510	1080
1499	1252
1583	1319
1669	1343
1794	1201
1693	1217
1658	1225
1890	1215
2044	1218
2030	1348
2007	1467
2053	1261
2153	1401
2405	1217
2542	1265
2427	1252
2402	1323
2511	1258
2920	1374
3063	1375
3078	1392
2876	1311
2849	1302
3191	1245
3383	1322
3504	1184
3364	1083
3497	1274
3939	1352
4403	1268
4584	1331
4678	1382
4711	1373
5135	1128
6079	1254
6206	1160
6088	1247
5894	1084
5789	969
5931	1008
5918	1143
5569	1231
5284	1275
4992	1230
5223	1462
5133	1350
5233	1351
5417	1334
5612	1155
5948	1215
6137	1045
6447	853
6593	1023
6721	1126
6982	1125
6707	1018
6788	1103
6814	1258
6641	1110
6302	1096
5859	1077
5476	1215
5234	1113
5422	931
5078	971
4767	895
4675	838
4999	971
5265	986
5097	1170
4811	1195
4581	1132
4626	1155
4784	986
4856	1060
4518	1127
4320	1219
4263	1092
4485	1071
4258	1027
3802	1324
3490	1218
3248	1231
3378	1232
3352	1132
3146	1178
2789	1251
2683	1410
2625	1549
2646	1349
2552	1229
2585	1163
2399	1262
2528	1298
2703	1271
2569	1314
2640	1509
2868	1474
3064	1474
3021	1456
3073	1228
3178	1542
3368	1615
3316	1652
3204	1511
3318	1434
3522	1614
3721	1604
3654	1458
3650	1424
3511	1206
3602	1136
3587	1063
3674	1317
3562	1351
3694	1329
3719	1363
3763	1435
3440	1338
3761	1459
3893	1464
3683	1701
3630	1479
2930	1423
2855	1489
2858	1406
2889	1349
2723	1400
2354	1447
2196	1342
2381	1329
2416	1255
2437	1197
2240	1211
2155	1255
2577	1319
2705	1429
1982	1274
1301	1315
967	1331
985	1142
1116	1085
1154	1323
1039	1237
1015	1159
1111	1411
1201	1285
1127	1363
917	1160
785	1136
815	1190
765	1177
801	1328
772	1195
676	1037
643	1039
734	1235
702	1466
655	1303
554	1272
553	1592
573	1523
573	1299
633	1228
577	1225
549	1193
571	1237
543	1022
566	1167
589	1224
553	1138
527	1326
536	1013
559	1057
564	1122
504	1267
463	1217
438	1236
502	1161
510	1337
473	1236
466	1481
453	1145
540	1147
501	1273
513	1190
492	1203
438	1257
511	1189
514	1388
585	1058
513	1246
534	1261
583	1287
573	1300
606	1107
545	998
502	1243
539	1100
617	901
604	873
604	988
572	993
592	1132
609	1271
595	1140
560	1200
617	1149
581	1168
566	1101
521	1184
484	1103
516	987
497	1294
469	1282
455	1261
439	1083
419	1188
423	1089
469	1210
521	1057
476	1370
411	1189
392	1086
439	1103
403	848
426	892
437	1154
417	1175
404	1363
440	1260
447	1313
381	978
371	1295
403	1250
425	1418
450	1113
430	1359
421	1397
453	1550
451	1390
428	1527
436	1595
413	1342
447	1332
483	1344
479	1202
450	1251
372	1165
426	1156
396	1368
399	1289
410	1339
402	1313
395	1614
391	1183
409	1250
341	1224
414	1336
395	1388
392	1283
410	1193
390	1472
377	1258
427	1173
437	1090
433	1318
384	1241
434	1380
458	1351
444	1307
398	1074
486	1247
413	1052
432	1033
462	1225
379	1033
400	1572
439	1235
400	1121
441	1325
446	1427
428	1078
454	1071
421	1326
411	1495
373	1492
396	1208
474	1067
361	1192
413	1198
405	1075
429	1228
411	1141
444	1326
421	1332
425	1300
431	1409
451	1104
468	1191
383	1219
397	1134
408	1320
448	1161
435	1076
444	1347
472	1261
428	1182
499	1257
490	1428
488	1472
528	1361
495	1455
510	1280
465	1410
450	1368
464	1449
494	1252
500	1289
590	1339
624	1388
636	1432
648	1261
633	1511
596	1408
570	1527
631	1233
644	1194
633	1354
676	1173
779	1304
885	1340
950	1271
891	1179
990	1182
933	1187
860	1363
984	1096
900	1164
823	1467
848	1413
717	1392
670	1124
668	1247
666	1350
654	1064
659	1381
651	1368
601	1265
672	1416
660	1576
768	1612
763	1224
737	1021
787	1112
852	988
806	1020
802	992
758	1255
779	1289
772	1255
759	1253
707	1188
597	1180
596	1337
603	1261
608	1169
593	1045
564	970
561	1116
552	1280
625	1134
576	1125
527	1098
485	1367
510	1442
534	1220
585	1311
578	1435
591	1401
566	1461
551	1500
566	1370
533	1250
533	1179
538	1136
581	1314
584	1478
522	1484
476	1472
601	1529
583	1443
514	1392
457	1176
490	1189
488	1170
454	1507
447	1279
450	1177
463	1232
474	1311
418	1291
484	1226
411	1107
399	1116
440	1137
433	1085
447	1271
440	1331
389	1373
429	1248
370	1301
399	1177
402	1272
405	1490
438	1250
416	1109
439	1072
485	1148
427	1041
408	1029
398	947
475	940
467	1119
489	1099
474	1235
449	1155
415	1206
451	1039
398	1087
416	1379
442	1101
473	1234
450	1206
436	1104
425	1161
438	941
384	922
387	1109
394	1102
393	1154
402	1154
435	1301
450	1056
392	854
451	1017
417	1133
441	1068
385	1338
386	1214
394	1315
414	1212
402	1281
349	1210
391	1340
413	1325
420	1154
395	1312
490	1241
442	933
388	1128
407	1267
327	1272
343	1136
394	1223
422	1020
387	1067
420	1005
421	1033
468	1363
441	1187
372	1346
385	1200
414	1077
385	1049
396	1058
417	1394
383	1352
385	1172
416	1244
445	1068
403	1048
435	1034
414	1055
415	1200
404	1002
357	1265
417	1292
468	1443
392	1490
407	1406
437	1338
396	1350
394	1238
371	1207
367	1301
399	1213
419	1268
403	1144
415	1172
396	1271
418	1206
387	1287
374	1327
399	1208
371	1189
404	1263
454	1408
475	1465
495	1252
388	1222
395	1319
443	1290
436	1347
462	1264
393	1164
436	1075
411	1142
394	1217
417	1174
413	1236
397	1375
443	1406
521	1235
481	1290
415	1426
473	1372
411	1188
437	1284
468	1483
431	1249
444	1146
473	1201
467	1292
446	1354
397	1175
352	1203
432	1254
455	1064
405	1088
478	1160
444	1207
383	1171
459	1263
473	1296
402	1130
432	965
400	914
400	993
440	1119
421	1284
421	1263
389	1083
423	1216
421	1278
440	1185
453	1144
469	1155
366	1212
378	1214
381	1208
407	1087
413	1486
462	1206
440	1286
452	1152
473	1208
524	1315
506	1352
469	1387
464	1379
427	1157
443	1363
467	1381
452	1368
419	1239
421	1138
551	1190
588	1011
543	1149
543	1207
531	1291
625	1241
580	1381
500	1206
495	1374
468	1177
494	1337
426	1166
383	1163
471	1130
484	1126
423	1157
415	1037
442	1208
476	1211
465	1243
437	1085
459	1270
398	1207
409	952
434	1080
418	1317
449	1310
496	1230
479	1099
463	1169
448	1219
479	1318
411	1166
403	1072
399	1281
395	1203
400	1137
418	1099
446	1021
463	1075
408	1148
433	1076
496	1211
445	1270
476	1175
502	1123
474	1043
429	1177
430	1055
409	1125
394	1027
420	1088
398	1072
364	919
432	1004
402	972
447	916
478	1011
461	1249
443	1250
492	1167
509	1349
500	1159
447	1081
461	1211
477	1317
385	1191
429	1214
454	1047
465	1184
462	1233
477	1130
445	937
404	949
499	924
446	933
415	1039
477	1072
491	1378
506	1376
436	1385
471	994
491	1114
426	1182
416	1038
440	1095
397	1086
471	1210
492	1120
443	995
464	1147
497	1148
467	1125
426	1077
494	997
468	1180
498	1110
546	1158
500	1330
522	1288
521	1316
499	1609
536	1301
523	1440
613	1456
531	1291
568	1333
534	1388
521	1397
518	1143
587	1090
549	1196
519	1187
459	1349
468	1324
527	1098
559	1071
583	1187
586	1055
579	1157
578	1197
625	1264
659	1197
638	1128
624	1126
644	1092
620	1093
680	1081
644	959
605	1005
544	1065
483	953
512	977
422	1040
505	1129
521	949
510	1192
534	1360
584	1294
618	1224
630	1159
581	1284
530	1281
567	1298
576	1132
573	1069
518	1287
541	1053
511	1081
535	1306
521	1401
496	1316
512	1389
539	1622
562	1379
529	1394
449	1360
539	1334
521	1477
531	1276
491	1426
496	1141
490	1249
526	1179
490	1073
513	1234
427	1201
445	1153
455	1112
482	1295
449	1063
508	1148
480	1165
504	999
490	1111
493	1131
456	1114
486	1002
503	1182
506	952
437	1030
454	1304
473	1286
445	1171
429	1276
445	1143
503	1063
512	1174
493	1051
453	1238
496	1327
466	1388
517	1521
467	1228
403	1330
436	1223
470	1226
415	1379
464	1242
450	1078
471	1183
440	1132
468	1103
372	1203
432	1121
402	1330
382	1146
410	974
435	1086
413	998
420	979
436	1221
418	1089
417	1354
395	1524
463	1356
388	1248
425	1374
451	1208
419	1204
381	1322
424	1139
417	1088
456	1013
418	1041
419	1007
440	1228
417	1159
402	1258
390	1361
479	1407
436	1471
413	1540
384	1350
336	1489
379	1474
437	1381
446	1119
471	1176
490	1296
441	1306
438	1263
434	1055
519	1155
485	1362
447	1080
434	1149
462	1118
421	1217
453	1095
424	1290
467	1073
433	1224
433	1399
528	1236
461	1109
459	1267
502	1443
458	1277
490	1242
444	1176
499	1144
459	1132
478	1248
511	1371
524	1170
494	1304
468	1152
457	1132
504	1029
514	979
493	1005
493	910
474	1084
426	970
409	1154
433	1206
468	1114
511	1289
532	1242
428	1471
481	1427
488	1335
473	1221
424	1179
429	1030
450	1110
469	1120
422	1291
487	1241
434	1118
435	1181
431	1079
458	1171
456	1187
471	1298
461	1406
462	1454
394	1189
375	1093
398	1276
430	1475
393	1401
408	1119
370	1222
418	1152
435	1215
439	1229
390	1124
410	1445
374	1157
393	1227
365	1245
349	1078
406	1084
429	1330
376	1169
366	1304
411	1515
424	1400
422	1320
360	1344
439	1341
367	1261
397	1230
423	1195
429	1169
403	1067
407	1089
366	1127
447	1335
462	1289
438	1309
372	1371
328	1425
380	1173
414	1151
398	1073
381	1030
360	983
404	1201
385	1051
420	1127
425	1058
362	1081
372	1035
434	1088
422	1157
469	1196
469	1257
438	1426
456	1161
506	1219
446	1250
439	1242
447	1345
510	1374
579	1229
535	1237
559	1166
578	1282
663	1228
674	1121
613	1332
575	1261
661	1240
743	1130
794	1079
760	1098
720	1198
734	1331
799	1256
864	1112
807	996
790	1146
868	1255
986	1239
1032	1309
1053	1309
1160	1429
1134	1249
1276	1226
1571	1574
1515	1530
1569	1390
1524	1409
1585	1248
1662	1131
1726	1200
1504	1143
1351	1076
1193	1179
1308	1422
1293	1154
1292	1284
1058	1355
1193	1340
1450	1376
1447	1288
1511	1332
1546	1377
1627	1203
1777	1077
2130	1261
2095	1107
2067	980
2006	1059
2251	1165
2641	1139
2606	1223
2660	1150
2500	1072
2776	1118
2786	1104
2877	1194
2529	1039
2564	1085
2521	1116
2537	1394
2603	1432
2725	1503
2532	1704
2572	1427
2595	1338
2494	1240
2557	1409
2631	1476
2639	1545
2661	1491
2305	1433
2319	1406
2158	1455
2547	1445
2457	1626
2151	1602
2112	1560
2082	1506
2214	1253
2197	1411
2106	1293
2125	1538
2061	1308
2230	1433
2165	1284
1930	1349
1517	1415
1486	1374
1748	1373
1795	1336
1516	1275
1324	1394
1178	1360
1229	1235
1347	1276
999	1320
880	1308
830	1391
869	1252
992	1506
891	1239
916	1216
862	1381
938	1356
861	1128
870	1213
769	1314
675	1278
728	1231
692	1112
715	1207
580	1339
501	1326
551	1395
526	1407
514	1211
504	1282
513	1263
547	1300
546	1097
569	998
484	917
469	931
474	995
492	906
517	877
464	907
468	1047
418	1314
468	1104
473	1079
458	1116
423	961
488	997
545	1045
568	1291
569	1329
599	1365
584	1535
587	1319
636	1112
651	1171
674	1364
648	1173
615	1268
707	1412
731	1237
762	1268
690	1366
694	1263
650	1070
624	1201
567	1342
685	1406
632	1341
642	1299
612	1301
617	1199
601	1178
593	1478
594	1327
597	1389
584	1134
623	1269
499	1370
492	1425
523	1322
549	1197
495	1322
553	1361
480	1271
517	1110
537	1181
498	1192
474	1143
528	1123
442	1198
418	1131
438	1131
449	1231
473	1164
495	1068
494	1094
515	1235
575	1283
575	1251
573	1198
569	1236
537	1325
534	1067
528	1177
473	1085
494	1326
579	1212
540	1197
514	1158
544	1091
525	1089
464	1174
510	1336
551	1308
519	1119
512	1171
544	1128
605	1256
485	1240
498	1029
559	1309
482	1380
472	1136
511	1419
468	1547
584	1431
482	1348
492	1249
496	1305
549	1373
506	1307
466	1411
503	1312
502	1222
493	1231
461	1264
504	1168
547	1266
570	1244
514	1291
542	1202
463	1079
501	1163
497	1111
479	1019
457	1054
455	1013
489	1005
465	1128
449	1161
423	1111
423	1337
439	1274
467	1240
490	1083
478	958
498	890
509	964
451	918
497	1116
494	1108
508	1143
525	1114
479	1218
454	1279
487	1198
486	1004
479	1105
472	967
418	1028
470	1082
440	1113
411	980
406	977
428	1135
401	1022
463	971
431	927
403	1098
456	1256
463	1221
517	1319
473	1114
461	1222
412	1147
479	1106
523	1129
476	1072
445	1011
492	1317
454	1108
513	1223
474	1065
444	1125
423	1109
454	1127
452	1387
464	1199
513	1242
518	1149
492	1038
506	1211
522	1073
532	1120
552	943
508	1161
505	1248
492	1178
464	1158
473	1015
463	1036
478	1065
477	1072
448	1071
488	1198
488	1099
466	1042
500	958
433	1236
477	1231
459	1261
452	1293
463	1568
422	1114
425	1034
462	1080
456	1186
430	1252
429	1092
480	1060
477	1084
442	1025
414	1030
459	1138
453	1080
441	950
443	1103
468	1365
485	1148
446	1131
453	1054
446	1229
402	1195
423	1215
444	1101
508	1117
439	1282
441	1157
458	1425
503	1406
495	1438
474	1356
456	1273
495	1034
530	1294
502	1232
456	988
467	1178
475	1244
435	1247
449	1248
494	1297
429	1284
446	1088
526	1391
463	1081
461	1198
495	1353
427	1339
466	1175
444	1027
418	1161
413	1156
442	1162
431	1371
445	1171
426	1113
522	1208
496	1322
471	1293
453	1242
490	1057
537	1077
508	1167
544	1148
537	1266
498	1149
553	1106
509	1058
513	1267
544	1199
553	1038
612	983
581	1075
591	1197
569	1251
543	983
551	1239
630	1306
628	1007
644	1182
554	1224
562	1297
494	1061
524	1053
498	1009
518	867
502	1036
488	1026
411	1039
467	1018
488	1158
455	1213
558	1428
482	1202
549	1120
562	1274
552	1244
493	1272
510	1380
480	1318
465	1087
491	1090
449	1097
475	1156
550	1041
496	1032
422	1178
434	1098
511	1104
447	1220
482	1291
518	1313
470	1321
456	1149
474	1297
448	1377
537	1496
533	1515
463	1603
461	1506
503	1237
528	1201
470	1328
505	1351
407	1230
424	1128
397	1340
399	1375
411	1313
456	1354
446	1156
482	1211
517	1220
438	1301
461	1190
406	1155
419	1314
513	1080
428	1117
444	1246
413	1177
378	1380
423	1113
401	1029
430	1083
395	1332
379	1327
418	1197
496	1068
444	1152
438	1172
455	1375
444	1345
414	1128
443	1178
454	1287
400	1061
420	1354
452	1259
398	1117
388	1094
442	1083
414	1152
383	1263
439	1479
446	1164
444	1243
504	1153
433	946
436	1102
452	969
481	1043
489	1015
438	1096
427	1121
442	1151
492	1127
463	1164
476	1085
437	1144
404	1149
460	1039
452	1010
437	881
450	916
478	968
421	1139
430	995
461	1087
456	976
466	1100
458	1122
458	1035
459	1272
407	1159
417	1134
477	1103
448	1045
421	959
446	1031
492	1048
442	1040
457	1165
482	1072
428	1201
407	1234
437	1166
480	1356
539	1436
584	1238
487	1144
464	1115
465	1078
442	1132
488	1104
529	1179
487	1107
489	1238
476	1408
483	1180
435	1197
492	1213
486	1133
457	1116
469	1132
499	1132
496	1127
511	1016
514	1070
521	1035
494	1023
514	1088
472	1263
428	1133
445	1172
473	1150
486	1105
462	1171
443	1033
475	890
469	979
482	1179
485	1201
505	1249
488	1379
460	1243
477	1289
467	1366
489	1284
493	1344
493	1127
457	1226
451	1124
442	1160
460	1076
497	1067
570	1140
488	1228
454	1215
470	1167
474	1211
487	1224
425	1212
503	1054
500	1147
525	1203
427	1095
469	1069
503	1186
503	1222
559	1622
576	1323
562	1126
537	1264
531	1335
491	1207
550	1276
536	1271
497	1105
508	1063
512	1164
522	1210
550	1103
511	1175
503	1080
481	1132
447	1210
473	1401
544	1354
507	1311
502	1230
469	1167
468	1132
530	1299
509	1227
486	1379
517	1391
469	1266
419	1291
455	1286
473	1394
497	1296
510	1364
465	1294
403	1291
486	1175
437	1300
460	1327
449	1268
472	1304
442	1098
482	1067
470	1283
464	1252
513	1262
441	1211
468	1252
515	1335
483	1247
473	1150
485	1159
434	1176
424	1208
438	1178
459	1290
510	1173
424	1200
445	1130
490	1074
420	1143
429	1238
423	1384
420	1331
486	1485
465	1276
421	1294
468	1320
391	1204
396	1322
432	1234
434	1174
448	1003
451	1078
421	1218
498	1079
401	1150
389	1345
517	1279
494	1243
446	1302
397	1101
435	983
380	1041
406	998
435	1216
461	1198
432	1367
421	1198
390	1282
420	1319
436	1292
440	1339
398	1436
389	1183
421	1283
387	1403
446	1163
427	986
463	1001
422	954
425	1191
477	1186
414	1115
466	1161
452	1109
438	1040
432	1302
399	1290
462	1284
432	1229
417	1413
451	1161
431	1065
401	1217
395	1296
454	1244
393	1142
435	1154
425	1246
441	1251
436	1313
428	1272
458	1124
414	1288
439	1007
435	1120
413	1151
438	1225
468	1390
403	1385
433	1509
434	1574
468	1343
396	1268
483	1134
412	1165
432	1030
478	1168
444	1155
422	1085
433	1131
449	1015
404	1245
452	1240
449	1152
425	1283
450	1201
462	1135
430	977
413	1049
403	1025
471	1180
444	1051
474	1089
434	1191
417	1029
427	1248
458	1359
420	1271
433	1109
460	1328
450	1326
433	1384
423	1150
437	1059
412	968
417	1205
456	1142
453	1109
422	1142
415	1173
444	1287
419	1144
475	1132
486	1148
453	1118
533	1554
471	1258
467	1142
426	1142
458	1251
436	1386
402	1262
483	1112
461	1250
491	1005
442	986
376	1212
424	1171
432	1246
438	1397
434	1442
466	1224
445	1023
408	1041
480	1326
484	1228
506	1150
461	1062
389	1060
437	1130
438	1152
392	1140
416	1028
442	1212
405	1244
436	1092
435	1205
392	1086
468	1083
402	931
405	1054
422	986
445	891
466	1022
460	1146
442	1097
405	1176
390	1279
446	1022
447	1174
442	1082
445	1102
390	989
417	1109
406	1123
430	1180
360	1219
371	1235
417	1115
448	1119
391	969
429	955
391	1117
400	1018
435	1240
458	1314
451	1287
454	1088
415	1096
422	994
449	1160
460	1156
484	1136
425	1082
488	1013
484	1132
402	1152
420	1078
390	1053
410	1173
421	1461
407	1213
368	1225
382	1103
381	905
444	972
437	904
456	893
436	1005
410	1061
405	901
456	995
404	1171
453	977
440	973
444	1030
469	1223
479	1049
451	924
476	953
413	1317
415	1197
462	1240
462	992
437	1113
398	1016
423	978
386	1142
388	1126
441	977
467	1013
428	941
410	811
456	963
408	1168
417	1227
496	1258
466	1277
467	1216
515	1162
461	1147
497	991
450	1145
466	1239
409	1049
410	1223
421	1090
419	1141
434	1518
423	1265
416	1132
443	1147
434	1201
398	1271
451	1217
374	1162
404	1021
427	1153
427	1229
474	1367
406	1220
410	1327
405	1168
433	1344
440	1154
433	1221
356	1323
480	1086
462	1073
465	1116
505	1145
427	1192
449	1135
487	1185
435	1312
423	1413
429	1298
424	1133
510	1054
445	1116
490	1176
495	1050
444	1001
499	1044
507	1152
451	1065
422	1003
433	1324
395	1132
414	1038
435	1046
451	1155
411	1026
440	909
375	980
431	1058
457	1088
441	927
397	1107
462	1120
412	1062
423	1255
489	1157
451	1024
461	1035
425	998
428	1081
438	1225
457	1262
392	1187
387	1036
399	1149
397	1136
397	1035
410	1122
435	1144
416	1072
473	1010
446	1236
480	988
465	1333
407	1211
478	1055
461	1101
470	1153
403	1220
401	1065
460	1257
437	1224
409	994
439	1106
422	1121
419	1361
346	1201
395	1308
438	1120
434	1491
432	1531
419	1395
409	1205
440	1194
464	1210
413	1294
433	1358
406	1388
453	1213
424	1022
427	1119
441	1147
472	1012
531	1102
466	1206
433	1082
427	1164
438	1382
452	1415
479	1105
525	993
479	945
421	1136
460	1323
422	1090
449	1282
481	1125
421	1168
479	1057
480	841
508	991
471	1043
471	1056
481	1260
427	1163
423	1296
521	1185
453	958
416	1208
461	1169
495	1318
518	1194
462	1142
494	1285
476	1275
402	1206
452	1285
455	1167
426	1101
460	1271
418	1244
368	1423
400	1106
420	1205
460	1129
422	1116
376	1009
440	1209
408	1113
387	1338
385	1240
423	1195
447	982
450	1099
406	1102
434	1202
452	1320
428	1116
416	1122
391	910
449	1039
392	1062
424	1098
477	1112
416	1178
506	1173
431	1287
486	1097
515	1085
490	1115
529	1067
416	1046
415	1017
454	1140
443	1253
442	1221
461	1530
436	1659
435	1276
436	1273
425	1281
486	1214
442	1182
432	1172
459	1405
453	1265
385	1090
416	1165
405	1176
414	1191
389	1352
436	1293
404	1101
419	1248
468	1001
469	1002
430	965
432	1197
438	1003
457	1060
427	1069
416	947
489	1064
460	1102
456	1155
421	1049
499	1227
470	1021
435	1037
439	1300
433	1006
438	965
414	1043
428	1106
413	1389
411	1327
436	1039
430	960
447	1170
440	1105
462	1105
473	926
450	913
446	863
479	902
468	1100
483	1310
436	1196
470	981
590	928
526	1032
574	1016
548	1008
552	1018
514	1144
558	1199
523	1242
559	1164
563	1145
571	1064
500	1095
505	1114
484	1257
465	1176
427	1131
490	1267
505	1032
557	1242
483	1295
452	1172
445	1126
446	934
463	1104
524	895
475	1055
532	971
639	1126
545	1069
549	910
655	1068
710	1019
773	1284
704	1175
645	1117
649	1226
608	1180
641	1321
678	1390
700	1512
755	1250
639	1237
687	1065
653	1058
620	994
624	991
603	1042
567	1187
537	1179
574	1205
612	1138
507	1079
545	1120
486	1062
510	998
471	976
485	1166
415	1222
436	1107
387	996
410	1055
421	1098
407	1123
330	1033
424	1065
439	1158
406	1171
465	919
451	1082
378	1175
394	1213
410	1185
450	1331
388	1378
435	1244
415	1349
414	1387
410	1033
474	919
422	1053
396	1272
404	1124
337	1101
351	1077
425	1188
385	1104
392	830
436	1098
410	1023
427	1097
402	1137
436	1213
451	971
404	1367
418	1285
378	1177
446	1102
370	934
368	1015
386	1129
375	1214
415	1341
438	1406
430	1069
453	1147
418	1175
440	1061
422	1131
436	1168
452	989
399	919
434	1101
452	1007
454	1158
404	1062
417	1219
413	1308
440	1381
475	1318
501	1276
471	1273
462	1133
465	968
444	1173
426	1023
418	882
462	904
417	897
422	1053
399	1041
447	1222
373	1209
363	1220
399	982
367	998
375	1049
428	1042
372	986
433	906
404	962
382	1115
377	1014
369	1063
362	1075
361	1007
364	966
431	1020
456	1058
374	1087
377	1062
429	1020
392	928
410	985
458	1101
442	1050
442	1096
410	1261
430	1106
371	1202
395	1132
391	1131
399	1009
423	1121
385	1081
377	991
370	1088
441	1246
433	1184
470	1142
402	1046
414	1198
404	958
422	1242
412	1150
341	1173
457	1175
446	1030
379	1258
407	1443
398	1375
414	1203
407	1396
352	1134
414	1291
393	1182
397	1139
403	1198
400	1208
417	1193
404	1073
426	1058
452	1333
413	1183
419	1358
428	1379
386	1447
419	1474
404	1466
438	1260
447	1221
376	1374
411	1477
456	1309
397	1023
400	937
416	1072
352	1217
457	1197
425	1245
374	1104
425	1184
403	1036
450	1181
423	1269
432	1071
383	1065
408	950
386	1115
446	1101
450	1172
434	1064
400	1202
467	1324
491	1246
439	1345
519	1298
484	1165
476	1106
411	1074
473	1210
485	1410
448	1183
456	978
465	837
480	826
472	765
433	1051
485	1131
466	984
445	1187
426	1195
454	1391
487	1240
493	1415
507	1190
442	1365
496	1106
511	1237
434	911
433	1011
460	1102
533	1179
428	969
405	1009
429	1071
464	1057
422	1098
449	1266
435	1237
493	1276
443	1164
411	1116
431	1117
426	1111
342	1097
381	1168
454	1199
439	1296
472	1297
444	1249
466	1265
406	1358
446	1317
463	1374
484	1522
466	1448
467	1245
405	1258
434	1304
441	1257
382	1036
417	1280
430	1320
431	1167
389	1128
387	970
415	1037
384	1243
472	1264
425	1182
458	1327
439	1322
439	1305
370	989
395	1044
412	1105
398	1129
363	1142
464	1438
458	1220
467	1151
471	981
438	1028
455	961
437	1145
425	1179
441	1158
413	1110
481	1143
444	1180
465	1340
457	1497
452	1207
454	1246
425	1193
392	1292
454	1438
465	1383
485	1100
412	1074
458	1268
470	1248
445	1150
485	1153
517	1274
519	1298
497	1425
477	1354
469	1277
482	1215
432	1256
521	1168
494	1091
500	1197
458	1159
457	1151
491	1159
440	1206
464	1185
459	1246
454	1168
495	1057
515	1154
457	1165
442	1228
476	1569
451	1113
430	994
483	878
500	962
507	1087
513	1084
469	1032
464	1215
438	1235
513	1230
496	1227
468	1279
490	1075
455	1064
470	1238
492	1078
437	995
452	1042
442	961
447	1109
471	1007
479	1038
436	1207
493	1269
460	1388
485	1278
485	1184
462	1263
465	1390
503	1181
484	1291
439	1356
541	1329
480	1153
446	1187
485	1119
459	1077
449	1003
509	950
464	1025
510	1085
430	929
460	927
511	1027
509	1061
475	1211
482	1475
467	1206
500	1208
480	1246
504	1055
509	1080
466	1103
493	1242
511	1359
579	1440
557	1218
521	1286
556	1365
483	1489
475	1441
531	1395
552	1157
515	1113
544	1100
445	1225
492	1228
502	1316
562	1388
510	1366
526	1215
519	1202
499	1053
523	1244
550	924
544	795
527	1134
492	942
493	948
475	859
454	1083
507	1061
521	1019
483	1097
496	1156
446	1228
524	1185
528	1278
542	1091
538	1025
522	1081
471	1007
475	1098
521	1136
504	1087
482	996
510	1026
512	1002
490	1006
553	906
607	1004
608	1102
561	1207
551	1167
534	1349
578	1158
540	1170
591	1140
683	983
761	1135
729	1165
729	1159
680	1212
682	1034
700	1053
667	938
657	1043
688	1126
731	1164
727	1005
705	982
707	1250
666	1290
679	1070
645	1182
639	1221
666	1191
613	1252
727	1143
591	1025
597	1095
625	932
636	994
535	1204
573	1142
549	1316
524	1194
564	1033
544	1100
651	1065
546	1163
558	1044
555	1232
526	1251
567	1032
511	1104
548	1167
581	1198
541	1170
547	1040
512	958
539	1050
524	940
527	1019
543	1140
549	1381
503	1173
504	1098
467	1014
520	1191
557	1275
533	1191
527	1132
536	1302
502	1189
473	1275
489	1230
552	1354
551	1225
569	1097
578	1260
569	967
489	1053
483	1062
594	911
490	1069
494	1070
451	1200
509	997
471	1156
501	1357
535	1134
434	1206
465	1170
483	1351
528	1055
508	1152
515	1142
470	1308
516	1186
530	1338
528	1375
495	1387
515	1170
528	1226
504	1338
548	1290
550	1275
513	1197
530	1268
533	1208
521	1191
483	1152
453	1220
473	1089
488	1189
526	1106
559	1088
444	1172
492	1194
481	1165
486	1114
469	1078
494	1160
483	1231
506	1028
519	1125
457	972
497	1023
468	1064
469	1167
490	1069
451	954
498	966
420	1024
471	976
432	1034
490	979
498	1036
477	1162
500	1131
492	984
554	962
489	952
450	1049
443	1236
519	1247
405	1088
436	1079
482	1291
506	1058
523	1126
524	1185
505	1207
461	1224
455	1240
453	1170
425	1059
427	1099
481	1101
434	1230
428	1158
411	1249
443	1168
490	1264
549	1030
448	1201
458	1151
481	1044
416	958
465	1250
445	1249
429	1178
441	1058
429	1129
452	1061
421	1121
433	1106
467	1132
467	1103
467	1130
450	1173
448	1221
414	1111
435	1107
537	1046
445	1134
444	1247
438	1160
485	1426
435	1499
431	1364
462	1086
512	1031
486	1155
496	1239
454	1038
469	1332
430	1114
374	1077
429	1027
490	902
469	1069
428	1056
424	1094
419	1063
422	1142
407	1389
403	1192
409	1183
442	1136
415	1081
402	1158
419	1201
419	1054
439	988
436	1146
441	1219
404	1284
408	1108
480	1005
428	1186
456	1238
471	1187
452	1134
451	1163
518	965
427	978
414	1095
394	978
362	942
447	1181
433	1275
440	1374
422	1170
447	1161
451	1360
440	1396
535	1582
457	1540
497	1460
473	1197
480	1274
441	1361
425	1248
518	1183
469	1061
453	1242
454	1172
450	1127
438	986
389	879
506	1000
436	1023
416	1164
481	1182
400	1258
441	1140
383	987
402	1019
411	1206
379	1133
437	998
438	1075
431	975
429	936
430	1060
437	1060
442	1146
456	1157
442	1407
409	1071
416	1068
402	942
421	1093
408	1072
476	1184
362	1002
426	1206
408	875
443	957
468	927
414	993
404	957
387	874
388	906
436	913
388	1047
359	857
387	1267
395	1076
356	944
375	946
389	1004
410	1149
381	1210
410	1184
378	1092
414	1228
442	1234
408	1152
422	1185
402	1208
468	1220
503	1166
463	1136
481	1339
434	1147
446	1106
430	1149
443	1131
528	1282
431	1313
432	1349
464	1229
448	1335
447	1104
453	1125
507	1258
466	1367
480	1179
461	1140
456	1077
506	947
400	1105
409	1034
413	1227
454	1195
460	1000
425	1044
410	1160
408	1057
423	988
454	1005
422	1046
440	899
450	1035
454	1095
416	982
432	1084
462	1106
476	1008
428	1136
472	993
403	905
462	1055
455	1188
447	1206
475	1306
438	1106
466	1052
481	1149
504	1064
498	1159
495	1284
520	1098
524	1227
491	1212
491	1177
466	1350
517	1376
543	1176
545	1323
494	1193
580	1066
469	1122
481	1136
483	1237
509	1159
541	1115
535	1139
522	1344
539	1104
537	1327
564	1287
534	1229
513	1633
601	1336
578	1370
530	1376
521	1250
493	1169
514	1130
550	1131
480	1230
515	1098
536	1092
624	1134
556	1213
548	1205
519	1103
484	1154
504	1299
507	1249
592	1088
582	1079
562	1088
540	1148
588	990
595	1112
575	1107
600	1021
567	1003
589	1099
571	948
655	955
709	987
656	1223
663	1216
684	1258
701	1277
683	1123
615	1350
588	1299
621	1267
655	1288
646	1314
692	1335
648	1147
669	1202
728	1251
899	1227
848	1233
772	1482
812	1280
790	1363
771	1411
894	1278
769	1137
745	1225
733	1468
733	1210
776	1097
797	1242
802	1417
802	1057
723	1031
743	983
714	1242
802	1201
819	1155
595	991
594	1161
542	1122
565	1142
578	1100
572	1128
539	1053
548	1104
602	1310
671	1357
639	1112
582	1085
625	942
620	1235
611	1126
581	1320
543	1173
529	1047
563	926
518	931
595	997
573	965
555	1166
508	1506
512	1177
497	1116
540	1123
510	1201
495	921
524	1124
524	987
529	1028
515	989
468	1172
526	1052
470	1179
467	1147
498	1414
449	1281
469	1083
437	1053
453	958
489	1135
464	1344
459	1358
432	1218
474	978
510	1136
569	1263
612	1368
562	1210
569	1058
697	1077
790	1155
805	1172
669	1339
664	1313
651	1167
762	1098
814	1016
722	1124
723	1044
974	1060
1369	1331
1725	1231
1688	1344
1780	1400
1881	1224
2408	1194
2560	1398
2489	1493
2246	1301
2246	1319
2208	1159
2097	1124
2028	1176
2015	1169
2239	1174
2197	1056
2067	1076
1940	1090
2194	1126
2115	1227
1942	1240
1661	1267
1621	1070
1736	1168
2171	1140
2050	1242
1822	1050
1767	1124
1710	984
1754	1072
1686	1063
1517	1052
1258	1167
1208	1202
1158	1117
1124	1161
983	1048
890	969
892	982
911	1013
864	1071
873	1180
786	1330
838	1211
913	1166
899	1164
989	1269
1068	1298
1139	1299
1291	1484
1213	1102
1251	1319
1266	1218
1141	1026
1163	1136
1023	1066
971	989
927	1005
876	1028
909	991
811	1158
754	1228
919	1161
1040	1062
1188	1119
1201	1059
1186	1182
1339	1268
1500	1086
1503	1071
1338	1055
1405	1133
1372	1099
1480	1327
1565	1234
1605	1364
1346	1238
1420	1146
1642	1143
1788	1355
1724	1289
1707	1117
1727	1161
1900	1157
1898	1114
2097	1236
2041	1260
2081	1322
2233	1240
2580	1289
2672	1203
2568	1190
2257	1195
2332	1115
2670	1431
2894	1221
2709	1000
2476	1100
2552	1208
2824	1196
2870	1098
2881	1186
2625	1129
2550	1320
2930	1314
3443	1383
3077	1192
2821	1361
2925	1331
3029	1196
3058	1224
3003	1073
2835	949
2779	1086
3116	998
3289	1104
3599	1083
3907	924
4026	1042
4190	1070
4371	1191
4357	1254
4330	1279
4027	1128
3868	1179
4439	1240
5071	1249
4835	1119
4223	1326
3922	1259
4170	1148
4852	1109
4850	1322
4807	1102
4548	1037
5394	1061
6641	885
6493	1044
5993	1341
5740	1477
6496	1424
6484	1302
6337	1228
6151	1318
6009	1449
5731	1256
5627	1240
4883	1314
4652	1372
4861	1504
4426	1391
3757	1482
2976	1305
2552	1186
2720	1175
2898	1173
2171	1048
1499	1230
1267	952
1592	1144
1594	1264
1568	1137
1356	1250
1228	1108
1193	1062
1163	1121
980	1361
837	1235
788	1126
785	1363
744	1243
819	1141
666	1021
601	1207
616	1253
664	1389
577	1598
574	1215
543	1354
564	1286
529	1134
521	1331
510	1279
552	1157
465	1158
528	1336
537	1252
488	1155
471	1253
497	1318
472	1200
460	1188
444	1162
484	1375
492	1362
478	1427
504	1348
476	1607
479	1264
448	1303
472	1187
496	1427
476	1286
467	1240
481	1148
434	1117
482	1031
443	1162
432	1124
451	1110
483	1108
460	1341
463	1223
472	1064
433	954
446	1148
519	1040
431	1047
476	913
441	1073
472	1143
461	1061
467	1116
474	1157
487	1177
446	1097
418	1165
488	1188
456	1069
461	1160
469	1303
432	1375
472	1548
464	1264
404	1148
411	1298
405	1083
445	1269
451	1199
395	1256
435	1156
441	1242
467	1282
417	1152
399	1159
456	1149
461	1163
459	1189
482	1058
475	1167
399	1079
423	918
452	922
454	1068
474	1144
460	1036
429	1021
420	1135
478	1040
473	1088
418	1091
452	1182
402	981
435	1047
438	1281
435	1220
418	1442
487	1267
471	1170
459	1154
407	1061
412	1293
429	1093
473	1148
455	1178
432	1177
394	1076
434	1129
412	990
412	1060
453	1139
383	1193
440	1246
413	1482
421	1203
473	1069
413	1050
431	983
460	1096
417	1157
434	1022
431	1180
443	1393
444	1299
453	1323
458	1209
446	1208
419	1211
392	1074
417	1021
392	1200
398	1224
439	1317
410	1278
425	1156
410	1274
458	1193
428	1077
447	1340
465	1171
400	1259
449	1240
516	1254
442	1179
429	1095
416	1319
373	1162
388	1425
415	1179
403	1457
456	1487
411	1317
433	1212
390	1265
432	1286
451	1214
412	1331
466	1203
448	1419
494	1440
489	1542
443	1049
437	1346
444	1346
397	1504
427	1388
411	1473
403	1300
393	1013
386	1130
345	1156
390	1060
409	1148
434	1229
464	1367
418	1210
396	1262
418	1104
399	1188
439	1456
436	1275
430	1377
452	1384
383	1157
351	1005
322	1299
314	1105
387	1114
367	1104
346	1067
357	1014
447	1274
409	1078
376	1226
379	987
390	942
411	1095
405	1123
430	1228
431	1289
460	1154
412	1088
391	1224
378	1309
440	1446
408	1210
425	1216
447	1154
464	1234
440	1281
422	1323
435	1236
416	1163
420	1293
402	1570
400	1465
440	1251
432	1130
425	1180
433	1216
516	1296
474	1348
467	1294
442	1310
498	1173
540	903
523	813
489	1102
500	1234
430	1066
458	997
469	1083
481	1088
462	1106
472	1161
423	1168
434	976
454	1031
430	1067
431	1045
424	939
431	1019
453	977
475	995
425	932
456	1089
504	923
454	1125
510	1154
476	1248
550	1462
444	1518
452	1217
485	1220
453	943
458	1034
482	1149
516	1283
480	1253
511	1213
504	1105
555	1083
547	1170
536	1104
513	1192
506	1035
551	1251
520	1284
531	1115
476	1234
464	1236
435	1129
479	1262
484	977
492	1070
514	1319
544	1350
510	1115
496	1180
428	1134
476	943
503	1222
493	1288
489	1382
507	1223
473	1310
449	1296
438	1336
515	1319
482	1225
489	1429
476	1385
448	1414
492	1474
496	1158
423	1179
467	1140
426	1237
408	1012
361	1069
415	987
428	917
412	1179
419	1231
403	1047
409	1186
434	1226
472	1160
400	1148
434	1315
458	1160
444	980
466	1078
468	1132
393	1305
375	1172
443	1128
419	1355
437	1181
416	1186
423	1143
416	1278
426	1191
402	1165
370	1146
399	1166
441	1348
470	1306
404	1236
416	1335
437	1150
407	1179
432	1160
475	1383
427	1169
459	1111
411	971
439	1004
375	894
495	1034
459	1197
457	1093
381	904
423	1032
477	1053
383	1161
410	1124
457	1017
470	1012
416	1046
425	1193
439	1459
431	1174
451	1124
491	1203
447	1287
464	1189
464	1181
466	1212
396	1209
453	1264
440	1457
456	1552
407	1275
404	1183
465	1336
437	1318
424	1327
453	1175
438	1185
413	1032
392	1269
364	1193
443	1178
403	1051
420	974
376	1060
360	1206
424	1126
394	1194
398	1148
435	1040
384	1263
415	996
478	1057
414	1055
452	1138
484	968
432	966
433	1136
425	1122
330	1062
378	1111
463	1199
432	1341
417	1439
406	1394
449	1104
430	1163
427	1148
425	1129
463	1233
425	1271
419	1213
459	1245
416	1064
369	1355
362	1085
413	1057
398	1228
401	1209
448	1455
439	1234
372	1343
430	1144
428	1058
420	1157
428	1125
399	1105
393	1113
471	1359
469	1293
468	1381
455	1185
463	1128
408	1069
414	1204
496	1135
471	1124
429	1086
457	1218
461	1334
420	1279
443	1425
437	1313
372	1144
423	1089
446	1343
405	1307
393	1148
403	1114
509	1098
394	1157
421	1084
434	1149
478	1107
556	1373
533	1457
420	1324
389	1333
460	1261
411	1111
447	1118
456	1275
437	1216
457	1240
445	1029
361	1214
442	1073
461	946
459	947
422	1000
405	1166
468	929
474	967
531	959
467	1016
491	1288
494	1245
464	1297
491	1388
507	1396
483	1322
532	1320
472	1350
429	1341
383	1252
440	1315
451	1473
420	1181
446	1259
452	1352
407	1243
419	1365
413	1009
456	1192
412	1314
435	1209
376	1272
427	1288
401	1303
409	1127
416	1147
384	1181
402	1354
408	1190
428	1289
470	1317
538	1348
505	1294
497	1213
459	1029
435	1105
456	1024
432	1075
496	1052
459	1055
380	1066
446	1116
476	1008
438	1191
447	1343
439	1504
434	1422
461	1372
441	1250
435	1141
446	1160
434	1216
499	1286
550	1196
526	1192
520	1040
544	1177
600	1184
670	1102
666	1086
647	1002
588	1022
581	1076
704	1097
719	1035
701	1147
659	1091
635	1075
682	1180
719	953
657	1159
737	1084
804	1134
765	1315
667	1037
694	966
678	996
788	998
698	950
705	966
701	1024
700	921
681	858
589	1076
551	1238
497	1080
617	1228
612	1501
571	1341
515	1116
533	1087
536	1204
583	1271
452	1267
493	1040
431	1261
443	985
470	863
492	931
476	1078
511	1063
462	1061
542	1148
519	1204
521	1273
552	1168
535	1179
520	1078
487	1168
427	1088
507	1041
469	1138
571	1103
511	1000
555	918
583	1038
534	1027
540	1103
537	1024
566	1066
576	1124
577	975
572	999
612	1159
555	1044
493	980
521	1092
479	1158
529	1201
578	901
595	999
546	960
564	1227
501	1207
512	1026
558	821
548	948
528	883
580	852
570	905
566	1183
543	1055
563	936
556	1076
590	1197
586	1168
592	1229
551	1038
490	1224
556	1240
525	1166
554	1114
519	964
526	932
513	951
587	1156
547	1185
546	1119
530	1156
561	1198
614	1219
568	1062
580	1170
567	958
588	987
517	1089
551	1168
589	1137
505	993
521	1042
597	1215
538	1192
592	1398
603	1481
550	1471
604	1275
584	1152
603	1079
522	980
453	1251
627	1370
560	1292
556	1188
576	978
548	1087
613	1059
541	1190
515	1254
594	1122
515	1167
591	1200
498	1304
480	1246
549	1204
564	1214
500	1280
549	1254
593	1247
540	1109
521	1083
468	1265
515	1133
569	957
523	1023
476	903
559	890
579	1063
564	1243
559	1124
524	1148
511	916
530	1057
506	1060
510	1194
508	1004
507	1344
523	1453
539	1252
526	1181
573	1159
496	1226
564	1125
531	1223
495	1264
486	1347
573	987
477	1095
448	1099
525	944
487	1011
507	1235
475	1053
446	1062
510	1015
496	864
478	908
473	1060
543	1122
487	1047
507	1116
524	1189
475	1006
517	951
475	1104
462	1120
439	1159
461	1197
530	1243
557	1566
523	1541
481	1324
503	1386
492	1246
496	1255
459	1277
503	1113
489	1226
529	1313
405	1348
468	1240
499	1203
488	1233
511	1092
450	1072
493	1185
444	1237
470	1071
476	919
445	1012
425	1190
448	995
428	1161
456	1119
476	1165
418	962
441	938
433	996
515	1081
450	984
434	1186
487	1295
456	1053
441	981
394	1025
481	1017
446	997
441	895
462	921
472	864
483	853
534	1147
426	1174
422	1053
387	1033
432	901
394	1039
458	1162
477	1139
409	1097
426	1132
429	1170
444	1410
463	1353
449	1112
429	1079
425	1106
373	1033
418	896
501	960
453	1020
480	943
449	983
480	939
453	1015
497	1082
453	1002
442	1013
488	934
427	986
414	1105
481	1024
447	1133
465	1107
398	1145
470	1188
447	1165
444	1185
434	1290
412	1082
391	1051
415	1060
435	1079
439	1146
460	1158
411	1075
448	995
387	1238
395	1085
407	1154
437	1020
445	1117
470	1031
425	1133
458	1017
443	1100
458	1353
432	1135
463	966
407	1064
455	1137
389	1082
433	1045
428	1073
422	1088
451	938
391	1042
469	989
446	919
411	1205
418	1038
456	1347
492	1126
464	1224
510	1111
487	1009
504	1121
489	1172
477	993
444	866
452	1073
433	969
410	1061
488	978
454	961
461	1012
482	1268
432	1078
488	1349
462	1254
454	1134
522	1172
555	1454
471	1495
510	1506
484	1241
512	1351
504	1257
496	1198
444	1066
496	1094
467	1322
433	1209
495	1191
537	1200
508	1176
479	1200
454	1186
466	1146
452	1073
448	1186
413	1133
410	1253
529	1452
490	1324
511	1333
451	1216
475	1222
488	1116
525	983
520	1171
473	1069
521	1250
466	1012
493	1089
461	974
467	1133
443	1087
470	1118
432	1156
447	1029
425	1061
475	971
460	1174
516	1157
465	1286
446	1180
533	1135
529	1308
552	1333
496	1105
444	1236
429	1377
452	1318
522	1198
492	1314
482	1229
504	1166
533	1352
469	1324
464	1033
480	1141
480	1093
495	1162
518	1037
500	1193
561	1200
497	998
528	979
513	1094
442	1215
543	1256
508	1194
517	1212
476	1114
583	1036
566	1117
521	1039
484	1222
504	1323
690	1312
585	1176
586	1058
495	1105
522	1074
485	1087
586	1032
504	962
526	1000
540	1153
522	1131
496	1041
494	1016
523	1051
538	1094
546	1238
564	1231
519	1072
551	1097
608	1172
546	1368
595	1127
558	1059
577	1059
612	990
548	1095
521	1159
580	1078
590	1240
559	1231
604	1294
658	1238
587	1209
660	1057
664	1073
586	1106
624	1125
628	1141
537	1061
605	1143
568	1086
627	1353
558	1291
590	1330
560	1221
533	1198
537	1017
526	1106
593	1196
532	1439
474	1326
480	1136
545	1253
528	1233
517	1016
633	1104
578	1227
591	1347
554	1166
624	1177
602	1018
590	1290
541	1073
569	1123
601	1169
638	967
597	870
581	1006
669	877
799	1043
814	1248
811	1081
741	1068
843	1034
1123	1159
1417	1273
1395	1172
1258	1346
1181	1262
1289	1298
1803	1431
1935	1333
1547	1313
1367	1352
1724	1333
2340	1294
2743	1273
2712	1262
2532	1222
2977	1444
3363	1352
3753	1438
3738	1518
3585	1369
3912	1328
4415	1262
5029	1205
5194	1244
5170	1337
5351	1507
5591	1451
6135	1655
6339	1412
5940	1600
6081	1478
6895	1265
7640	1370
8165	1580
8058	1354
7375	1268
7410	1348
7523	1455
7433	1257
7339	1284
7297	1441
7537	1308
7984	1274
8545	1400
8698	1391
9035	1411
9189	1429
9431	1296
9898	1604
9793	1969
9467	2064
9641	1908
9784	1997
10092	1998
9888	1827
9697	1772
9575	1712
9295	1699
9912	1914
9696	1673
9653	1491
9369	1391
9361	1467
9297	1390
9600	1602
9625	1738
9789	1711
9998	1651
9985	1553
9938	1450
10160	1656
10052	1650
9810	1555
9774	1787
9585	1529
9356	1303
9041	1474
8843	1459
8624	1511
8304	1192
7688	1268
7695	1047
7811	1148
7282	1185
6404	1170
5813	1285
5976	1201
6825	1104
6427	1191
5959	1163
5506	1203
5343	1280
5495	1305
5524	1133
4889	1155
3966	1225
3708	980
3947	937
3803	1083
3421	1170
3075	1023
2827	1085
2997	895
3149	979
2956	981
2565	964
2472	969
2663	1208
2923	1177
2609	1128
1901	1055
1563	1016
1942	1017
1958	1046
1737	953
1403	930
1196	930
1242	1074
1348	1022
1348	1061
1121	1006
961	1020
897	965
1002	998
1083	1098
861	1161
664	1118
650	1169
720	1127
633	1114
780	1161
714	1252
694	1246
696	1177
699	1343
670	1186
633	1121
555	1182
571	1036
631	1154
622	1264
560	1274
479	1228
496	1220
517	1363
504	1284
504	1218
508	1218
452	1281
494	1128
475	1323
462	1193
444	1170
455	1248
501	1282
443	1190
417	1304
453	1231
384	1033
468	1086
415	1362
493	1178
446	1163
397	1169
447	1164
426	1090
438	966
446	969
431	1061
445	1159
431	1010
425	1184
405	1199
427	1097
380	1234
482	1301
412	1166
421	1219
462	1218
446	1001
441	1039
416	1167
465	1248
377	1246
428	1139
457	1144
420	1033
397	1205
398	1042
408	1042
417	1108
358	1084
415	1093
440	1049
409	1114
372	1009
433	989
425	1105
430	1345
410	1496
373	1511
473	1520
486	1521
439	1293
434	1259
438	1133
416	1209
482	1179
454	1069
455	905
464	945
385	996
484	1031
433	1167
404	1053
454	967
400	1102
426	1209
481	1218
411	1258
443	1097
400	1111
414	1303
388	1085
381	1110
358	1168
447	1138
396	1245
438	1081
425	1199
389	1260
373	1249
388	1109
369	1195
351	1140
350	1167
380	1037
392	1070
386	981
396	981
428	1140
423	1085
476	1285
424	1159
384	1033
429	1081
513	1110
462	1128
412	1052
428	883
531	1103
574	950
719	1008
715	1094
582	896
557	943
637	1112
594	1119
542	1242
537	1246
606	1175
597	1283
607	1251
523	1109
466	1038
448	918
448	914
424	1153
393	1128
444	1080
485	1095
452	1148
406	1072
408	1230
411	1149
429	1277
426	1151
342	1187
459	1260
443	1253
382	1312
393	1282
440	1318
456	1295
415	1226
459	1166
467	1467
467	1293
418	1328
435	1360
441	1195
441	1397
435	1279
450	1153
469	1113
457	1110
492	1271
415	1262
401	1172
429	1162
358	1201
387	1260
420	1425
402	1117
374	1294
411	1213
433	1056
465	876
445	997
398	992
474	1070
392	958
393	914
352	1051
383	880
479	1067
436	1036
365	1031
374	1253
409	1428
428	1362
374	1123
403	1282
448	1122
404	1191
423	1200
392	1105
450	1119
456	1249
421	1349
446	1284
416	1172
392	1293
439	1585
388	1396
461	1305
394	1157
409	1018
375	1283
377	1274
417	1242
440	1145
476	1147
420	1131
383	1146
401	1244
351	1365
429	1052
382	1102
439	1056
434	1085
397	1096
404	1102
391	1071
417	1106
424	990
426	945
472	1029
414	1036
461	1020
399	1023
421	872
446	1054
402	1032
437	1129
368	1332
411	1288
437	1363
405	1016
419	1192
406	1188
427	1149
400	1118
331	1288
458	1158
456	1332
412	1265
391	1292
371	1361
393	1562
450	1181
420	1250
463	1289
418	1482
423	1460
429	1342
383	1182
396	1147
390	1146
414	1458
461	1249
456	1172
423	1265
424	1431
437	1397
448	1317
441	1253
424	1261
328	1075
453	1114
392	1243
385	1441
395	1395
419	1357
478	1205
404	1007
390	1239
397	1294
413	1261
456	1145
410	1214
457	1284
406	1259
390	1112
416	1065
398	1009
395	1113
460	1071
403	1010
442	1202
448	1150
440	1046
424	1053
490	1286
513	1327
503	1153
439	1177
431	1059
376	1018
451	1221
413	1197
402	1380
382	1196
411	1149
438	1301
505	1181
450	1092
448	1142
442	1135
410	1362
450	1204
504	1215
464	1361
430	1131
413	1156
396	1121
439	1252
413	1168
513	1291
409	1205
444	1359
415	1259
417	1264
450	1286
422	1246
475	1255
438	1193
399	1087
492	1201
526	1234
442	1074
466	1021
455	980
437	1198
443	1177
507	1123
447	1127
448	1035
426	1051
448	1036
441	1050
415	1096
390	1178
431	1215
335	1215
411	1172
417	1244
354	1090
417	1176
411	1185
420	1151
411	1164
435	1147
378	1234
447	1334
420	1377
435	1439
454	1488
458	1508
430	1369
459	1401
462	1223
429	1260
443	1306
484	1488
470	1245
452	1347
483	1281
457	1263
424	1287
504	1092
470	1151
440	1042
407	1084
490	1358
455	1182
434	1309
470	1307
470	1259
437	1197
425	1159
429	1111
427	1201
477	1251
425	1324
444	1357
428	1142
424	1386
394	1215
449	1024
424	1103
471	1176
414	1308
464	1233
440	1117
404	1398
439	1595
475	1486
465	1344
376	1200
398	1331
430	1348
439	1167
440	1074
377	1186
360	1221
446	1071
468	1146
421	1210
463	1270
502	1003
461	1097
487	1134
437	1028
394	1149
431	1154
489	1029
471	1378
414	1367
392	1278
449	1289
424	1048
449	1323
466	1385
441	1223
438	1131
418	1231
418	1129
445	1247
454	1238
477	1423
422	1407
424	1231
375	1223
382	1324
386	1145
367	1036
399	982
420	1207
404	1139
359	1050
378	914
399	1116
380	1309
404	1185
377	1160
368	1114
408	1158
417	966
438	1106
417	1018
469	1201
432	1328
340	1044
442	1296
422	1179
471	1226
442	1089
450	1159
414	906
393	926
392	961
421	1075
481	1167
473	1242
421	1139
400	1115
414	1080
431	1279
424	1189
508	1245
438	1421
441	1333
405	1363
441	1366
443	1481
388	1380
425	1408
461	1212
442	1541
473	1463
526	1562
525	1441
573	1178
549	1347
618	1226
582	1354
538	987
487	1222
478	1119
448	1200
446	1213
375	1379
393	1229
436	1472
436	1403
432	1391
431	1380
491	1338
438	1173
401	1383
448	1211
437	1040
413	1048
438	1006
411	932
492	1018
480	1059
460	1015
398	956
443	1056
442	1160
434	1239
360	1090
462	1205
421	1092
443	1073
459	1136
430	1161
406	1211
447	1179
410	1005
411	1131
369	1188
404	1038
412	1053
440	1050
480	1068
466	1221
535	1175
469	1243
427	1265
433	1244
431	1237
453	1213
498	1309
453	1143
529	1046
516	1090
487	1055
470	1082
460	993
431	1155
442	1177
419	1206
437	1028
430	1135
428	1304
441	1129
435	954
403	934
403	1036
430	1082
411	1070
433	1043
456	1177
421	1231
422	1264
411	1266
439	1099
411	1035
472	1107
496	1083
444	1130
438	1299
402	1149
402	1259
474	1008
444	1046
407	1122
376	946
489	935
458	1000
506	1054
433	1113
450	1092
405	1297
449	1204
447	1292
455	1232
467	1276
466	1334
415	1500
397	1193
457	1247
469	1276
450	1076
481	1114
436	1396
488	1422
477	1568
411	1199
513	1204
454	1256
389	1124
401	1219
464	1250
419	1233
459	1128
419	1276
461	1235
524	1306
445	1218
452	1585
444	1358
497	1083
486	1122
434	1129
477	1287
505	1362
501	1324
452	1094
418	1226
450	1161
434	1132
421	1088
485	1146
437	1164
446	1144
433	1214
426	1328
506	1085
435	1001
491	1037
516	1018
494	1139
542	1187
487	1226
444	1181
418	1175
431	1026
457	1150
475	1166
455	1192
399	1323
432	1108
417	1277
485	1232
419	1176
515	1186
465	1170
462	1169
436	1284
456	1234
456	1153
402	1286
413	1248
521	1094
427	1080
463	1245
458	1177
420	1064
404	968
434	1047
457	1024
458	1061
443	1134
431	1210
422	1229
459	1101
415	1268
374	1179
408	1125
431	1157
451	964
405	1090
401	919
434	951
407	1032
444	1004
451	1139
417	1127
479	1114
487	1139
446	1247
425	1190
485	1310
484	1366
433	1406
509	1310
447	1177
418	1107
467	1160
443	1180
468	1405
423	1522
502	1415
476	1277
496	1343
476	1235
451	1266
414	1464
436	1395
420	1508
402	1340
421	1186
399	1180
373	1203
422	1306
445	1383
422	1098
422	1200
405	1213
460	1265
460	1248
458	1178
444	1354
454	1032
432	1252
434	1264
419	1246
443	1190
436	1162
402	1260
427	1484
461	1395
466	1295
513	1471
467	1423
447	1236
419	1058
473	1031
491	1341
470	1210
480	1152
473	1269
455	1156
407	1159
480	1360
466	1601
500	1408
495	1400
471	1246
460	1118
507	1289
502	1351
566	1152
497	1316
456	1155
462	1108
475	1153
467	1324
507	1376
430	1301
491	1317
480	1141
454	1045
493	1156
507	1242
520	1195
510	1015
450	1060
451	1001
469	940
434	1288
454	1460
408	1203
422	1214
507	967
428	1027
430	1233
383	1150
416	976
468	1307
453	1203
411	1139
439	1222
453	1348
445	1213
412	1144
449	1042
412	1002
439	988
491	1076
433	1133
478	1124
434	1065
420	1049
477	1032
448	1087
406	1216
451	1171
437	1193
443	1224
449	1334
469	1354
435	1211
441	1275
435	1211
405	1095
389	1291
419	1183
415	1273
444	1107
460	1155
442	1175
468	1027
489	1059
439	1380
428	1641
522	1333
492	1063
551	1124
552	1194
539	1207
478	1211
560	1105
593	1220
535	1044
532	962
564	1097
567	1140
543	1102
595	1178
566	1208
548	1341
736	1083
862	1139
894	1021
895	1338
843	1308
824	1252
747	1216
616	1178
675	1020
743	1004
645	1202
604	1210
557	1224
553	1248
646	1355
624	1200
574	994
564	1220
560	999
542	1106
513	1399
488	1130
457	1086
513	1311
550	1165
493	1094
443	1136
392	1167
447	964
488	1091
522	990
483	1231
403	1275
432	1299
463	1182
422	1032
461	1056
437	975
474	1034
474	1070
431	1155
422	1138
451	1246
435	1063
404	1092
425	1073
452	1175
398	1233
379	1135
372	1103
423	1347
390	1070
381	936
418	799
444	1008
384	894
493	1118
434	1098
417	1024
514	1009
487	1055
537	1221
507	1450
490	1238
483	1321
490	1336
470	1246
429	1055
458	1147
470	1101
456	1033
487	958
434	1056
494	1129
497	1240
462	1262
519	983
467	921
502	1042
470	993
481	1167
469	1094
465	866
437	1135
463	1169
388	1100
493	1255
434	1140
425	1180
458	1156
488	1192
476	1103
405	1154
473	1200
424	1060
449	1108
512	1104
462	1003
514	1073
369	1194
411	1339
386	1230
372	1144
362	1243
394	1131
380	1111
377	1183
493	1199
457	1053
460	1246
493	1050
459	948
453	995
452	1135
465	1158
426	1202
392	1203
404	1246
441	1309
421	1209
391	1163
433	1277
466	1267
442	1337
454	1336
441	1289
444	1132
456	1097
505	1319
515	1403
506	1267
475	1219
451	1339
457	1302
483	1165
441	1253
413	1331
417	1353
427	1419
485	1401
437	1322
395	1297
418	1249
477	1238
471	1431
454	1427
442	1407
493	1138
482	1148
411	1307
484	1335
532	1339
481	1212
512	1090
474	1240
508	1157
442	1153
462	1082
467	1153
555	1306
475	1131
471	1094
497	1192
460	1363
482	1172
487	1235
472	1109
483	1173
505	1223
488	1097
565	1225
552	1207
521	1179
535	1141
523	1242
494	1286
542	1408
439	1140
460	1089
477	1026
462	971
482	985
497	1112
557	1309
518	1212
509	1101
535	1131
537	1211
487	1100
516	1226
495	1067
532	1260
495	1067
496	994
577	1038
545	1091
509	1176
594	1146
556	1324
533	1102
606	1253
521	1287
561	1371
576	1323
524	1625
542	1489
520	1090
547	1160
557	1116
593	1106
605	1151
535	1085
578	1289
587	1185
596	1141
611	967
542	1312
462	1377
577	1189
517	944
585	1011
561	1132
596	1290
600	1236
521	1384
568	1450
550	1497
554	1111
524	1187
474	1105
496	1191
490	982
524	1044
505	925
507	1045
533	1043
488	1118
478	1008
582	1024
474	1206
539	898
478	924
451	1124
520	1164
520	1152
479	1279
556	1316
557	1223
480	1324
513	1133
551	1128
451	1194
481	1151
407	1153
421	1057
447	1218
511	1359
532	1160
483	1086
505	945
473	1128
428	1115
426	1244
438	1204
425	1152
506	1130
424	1174
477	1216
451	1164
430	1186
461	1297
425	1254
419	1167
477	1190
495	1082
434	1217
482	1223
495	1282
437	1138
497	1323
479	1293
468	1426
488	1367
457	1511
407	1282
471	1207
469	1155
441	1181
453	1233
470	1179
458	1122
455	1270
457	1137
469	1293
462	1472
408	1441
426	1393
409	1339
428	1330
422	1368
510	1434
456	1131
445	1213
455	1173
470	1067
440	1097
438	1151
414	1106
348	1125
410	1088
432	1122
420	1178
362	1015
432	1006
426	1116
436	972
441	1090
434	1040
397	1089
417	1083
422	1135
429	1024
412	1036
460	1093
445	1202
429	1201
391	1113
439	1156
390	1214
402	1330
418	1269
416	1472
418	1356
421	1468
373	1266
421	1252
390	1188
448	1090
411	1106
355	1129
401	1320
458	1309
407	1454
416	1282
478	1357
447	1166
407	1111
399	1139
451	1204
415	1070
393	1052
402	1021
422	1000
460	949
439	985
398	907
384	1019
381	962
410	974
441	1068
442	1111
463	1000
455	1028
444	984
423	1235
377	1324
415	1242
410	1066
416	1071
381	1323
423	1273
378	1353
432	1279
375	1232
409	1402
407	1504
373	1154
391	1313
402	1287
385	1011
421	1049
402	1260
434	1356
368	1338
356	1208
390	1153
383	1184
414	1309
415	1286
433	1165
382	1323
487	1154
442	1179
412	1188
430	1183
415	1172
419	1174
380	1223
403	1158
441	1116
420	1029
383	1124
421	1112
395	1033
368	1142
422	1154
439	1310
473	1176
443	1082
379	1195
368	1139
402	1004
394	985
388	1090
400	1169
429	1077
423	1176
414	1100
364	1097
438	1215
457	1306
469	1054
420	1104
436	1288
384	1280
427	1207
446	1356
441	1284
454	1104
403	1278
414	1422
415	1320
411	1229
437	1205
428	1340
381	1386
406	1314
465	1237
388	1218
398	1202
470	1148
446	1037
423	935
443	1014
456	1156
477	1120
461	1508
406	1183
378	1278
527	1047
489	1055
422	1165
507	1176
451	1214
473	1071
503	944
414	1352
464	1185
495	1101
571	1211
492	1264
477	1290
515	1252
480	1312
500	1312
525	1070
492	1072
524	1146
433	1045
404	1108
405	1061
415	1087
470	1081
463	1093
400	1208
429	1652
457	1302
464	1371
518	1245
478	1112
462	1109
424	1227
383	1212
399	1171
466	1167
531	1117
483	1072
477	1114
508	1177
459	1246
463	1188
470	1069
454	1166
449	1131
437	1253
401	1077
469	1144
393	1310
377	1184
494	1294
464	1277
421	1141
409	1107
430	861
457	1088
418	1131
435	979
443	1088
439	1017
480	1109
439	1055
415	1084
395	1048
425	903
419	1115
376	1045
421	1059
422	1188
429	974
399	1052
421	1153
442	1210
395	1253
455	955
403	1204
391	1187
398	1065
459	1236
424	1145
413	1155
429	1019
456	1076
463	1063
515	996
428	1337
424	1361
469	1196
427	1342
414	1298
424	1225
390	1115
422	1248
420	1213
423	1216
470	1200
444	1304
431	1394
406	1365
435	1321
430	1302
365	1323
461	1332
444	1324
444	1168
454	1046
475	1248
469	1154
467	1157
406	1277
421	1380
385	1141
459	1034
441	1147
420	1096
468	1118
499	1057
414	1241
432	1070
419	1145
415	1073
394	993
442	1016
419	1026
356	1042
423	1290
409	1168
441	1320
408	1017
420	1257
425	1074
410	1140
425	1202
440	1175
516	1213
469	1116
420	1186
433	1075
424	1455
413	1503
439	1393
405	1154
419	1282
396	983
405	1233
382	1231
386	977
420	968
418	1126
404	1009
409	1146
412	1015
424	1187
442	1036
425	1082
458	992
438	1084
467	1004
429	1049
378	1018
389	1212
412	1129
385	1021
390	973
335	1219
402	1360
423	1333
422	1155
431	1149
403	1199
466	1155
443	1228
429	1075
440	1389
472	1201
379	1024
413	1045
407	1068
410	988
403	1049
395	1076
400	1027
424	1077
423	1174
427	1086
392	1103
397	1125
386	1111
406	1187
438	1181
453	1174
401	1318
418	1132
407	1034
433	1186
455	1250
419	1178
394	1064
410	1078
402	1149
388	1135
439	1057
452	1240
515	892
426	918
391	1182
393	1229
432	1338
422	1152
536	988
434	1041
448	1041
458	945
415	982
437	1156
435	1229
407	1156
460	1176
450	1210
424	1322
465	1166
475	1103
419	1139
439	1375
480	1152
446	1080
439	978
459	949
520	1017
435	1076
417	1074
435	973
367	1115
366	1095
372	1068
409	1073
387	1014
406	1097
456	1184
471	1258
463	1350
450	1134
451	990
477	1028
461	1003
410	990
466	940
467	1090
412	1125
388	1133
409	1186
362	1160
424	1250
401	1194
446	1231
453	1113
423	1107
450	1228
421	1145
430	1163
429	1093
405	1210
452	1076
434	924
473	1133
417	985
419	1142
388	1160
395	1004
375	1133
412	1213
389	1149
352	1133
400	1005
365	1019
426	1037
406	950
399	1042
429	1141
406	1074
443	1014
406	1132
400	1259
393	1064
394	889
381	1061
409	1032
435	1154
428	1185
432	1351
451	1411
437	1375
480	1459
509	1419
539	1320
493	1501
453	1455
366	1623
474	1607
454	1286
421	1360
452	1305
506	1224
460	1167
428	1063
480	1119
434	1375
468	1306
495	1567
450	1476
430	1439
433	1374
381	1320
435	1386
434	1327
456	1166
417	1249
491	1270
437	1097
393	1308
489	1441
475	1518
463	1434
419	1684
481	1504
464	1224
505	1224
503	1146
445	1019
489	1007
523	1378
430	1331
486	1286
413	1119
494	1252
457	1080
505	1201
475	1129
526	1180
466	1235
526	1195
480	1126
503	1288
493	1157
491	1106
539	1182
538	1120
555	1059
474	1032
552	1098
550	1208
588	1290
584	1257
537	1154
578	1070
543	1002
576	1124
531	1176
527	1301
523	1230
523	1024
546	1181
590	981
634	1011
585	1079
586	1182
663	1116
642	1046
638	1199
671	1311
647	1130
753	1197
690	1099
640	1164
605	1393
600	1555
677	1747
631	1417
579	1460
637	1325
667	1298
652	1510
688	1283
755	1123
773	1405
890	1478
823	1276
837	1303
852	1330
809	1333
828	1304
876	1366
828	1512
756	1562
761	1525
765	1391
642	1679
663	1472
673	1235
707	1153
701	1270
683	1378
762	1199
729	1340
670	1204
677	1150
764	1370
759	1091
755	1163
626	1073
726	1069
643	1287
660	1321
627	1185
579	1299
582	1307
607	1247
601	1335
611	1298
625	1041
617	1210
563	1380
646	1139
586	1319
556	1226
593	1331
598	1275
662	1325
632	1526
632	1377
557	1283
604	1686
566	1275
577	1500
544	1394
532	1376
470	1462
503	1294
460	1279
488	1512
436	1314
462	1418
524	1385
488	1139
548	1150
574	1312
527	1227
509	1400
487	1314
518	1376
482	1300
503	1349
497	1309
545	1379
458	1169
514	1159
435	1130
470	1239
423	1182
466	1167
465	1054
476	1263
466	1200
491	1237
466	1235
486	1448
436	1160
437	1374
425	1321
429	1491
419	1327
450	1371
449	1225
437	1219
443	1193
396	1142
401	1162
390	1131
435	1266
397	1215
399	1094
415	1091
394	1144
386	1234
363	1238
406	1154
377	1361
466	1123
407	961
410	1050
453	1174
471	1403
448	1373
513	1394
446	1239
487	1191
408	1133
493	1182
460	1119
427	1249
440	1148
460	1242
421	1259
395	1349
418	1402
442	1225
433	1171
492	1326
497	1261
427	1202
493	1161
518	1186
428	1161
484	1343
447	1095
429	1145
479	1125
436	1128
438	1184
405	1002
417	1003
399	1160
439	1236
468	1289
490	1125
474	1272
445	1225
431	1290
431	1280
406	1284
391	1333
447	1060
468	1289
443	1379
360	1200
416	1245
437	1117
434	1203
432	1199
440	1142
389	1121
386	1180
387	1244
424	1195
422	1222
434	1208
470	1065
421	1166
427	1221
426	1122
464	1284
463	1294
517	1229
449	1471
453	1390
467	1296
544	1318
494	1253
462	1352
452	1337
472	1356
475	1258
443	1319
455	1111
456	1039
460	1156
439	1036
453	1157
433	1131
494	1077
455	1182
467	1324
435	1353
442	1122
461	1142
501	1301
532	1445
488	1338
510	1197
450	1136
463	1144
467	1207
435	1353
435	1394
482	1387
423	1241
475	1204
445	1187
472	1109
446	995
450	1271
425	1324
355	1430
385	1433
384	1517
386	1301
373	1463
417	1209
467	1246
394	1304
528	1299
499	1324
469	1221
476	1313
541	1275
496	1506
422	1371
484	1328
543	1244
579	1410
593	1338
706	1180
661	1349
695	1272
658	1400
654	1197
706	1565
690	1514
784	1413
881	1346
725	1118
654	1188
882	1067
1166	1227
1488	1182
1400	1411
1361	1165
2077	1403
3448	1413
4475	1399
4395	1392
4407	1465
4395	1428
4460	1297
3971	1242
4171	1231
4147	1227
3680	1193
2740	1011
1954	1275
1402	1191
2015	1250
2209	1370
1667	1258
1280	1381
1212	1274
1680	1260
2167	1558
1919	1637
1231	1368
1029	1505
1507	1400
1655	1453
1067	1473
631	1339
550	1078
491	1135
474	1130
489	1305
428	1063
405	1210
382	1047
436	1132
383	1265
409	1100
352	983
429	1256
449	1199
448	1135
457	1137
449	1143
404	1132
415	1196
383	1155
384	964
365	1004
430	997
397	987
414	1068
364	1145
376	1167
415	1382
430	1068
375	1171
391	1092
411	1259
383	1381
384	1313
404	1256
404	1233
415	1026
389	1076
447	1275
374	1303
363	1252
382	1332
385	1434
383	1261
448	1038
434	1020
370	1114
426	1119
414	1018
408	1076
392	908
418	976
405	1223
441	1256
461	1101
425	1194
403	1236
397	1269
456	1354
381	1183
410	1062
433	1009
373	995
383	1242
367	953
417	1001
372	1226
406	1224
407	1200
414	1279
377	1059
357	1193
376	1316
355	1314
378	1213
415	1333
384	1327
386	1185
379	1010
412	1321
481	1247
455	1198
384	1198
496	1114
494	1241
401	1352
398	1177
461	1473
426	1230
448	1130
409	1215
429	1026
440	1158
454	1218
422	1114
480	1037
424	967
449	1045
454	995
524	1141
465	1220
472	1404
441	1018
390	1023
409	1080
387	1205
384	1230
459	1376
379	1311
386	1046
367	1228
422	1441
449	1326
396	1130
386	1098
343	946
380	1062
405	1198
441	1110
452	1075
441	1399
405	1297
420	1366
433	1437
440	1231
435	1300
383	1142
468	1190
432	1197
394	1180
430	1276
413	1104
385	1233
412	1278
427	1113
412	1015
365	1036
467	1161
401	1097
386	811
397	859
388	1029
377	1196
359	1097
340	1267
372	1131
324	1069
498	1142
400	962
444	966
431	983
414	989
423	1038
394	1161
371	972
390	1002
424	994
374	1066
449	936
433	1107
397	829
376	972
367	840
359	982
377	1005
382	1049
357	1202
387	1072
402	1090
327	1238
349	1040
386	1238
408	1313
424	1190
375	1290
402	1275
365	1173
389	1172
407	1097
342	1129
375	1198
392	1148
364	1288
372	1254
371	1059
393	1245
389	1255
410	1090
394	1115
354	1073
391	1077
391	1105
439	1176
423	1149
401	1129
370	1105
418	1165
441	1074
404	1274
377	1261
450	1028
384	1069
426	1034
415	1096
390	1102
392	1060
385	1137
444	1188
403	1132
385	1057
364	1360
368	1294
384	1102
405	1354
434	1205
461	1142
414	1252
414	1239
460	1394
425	1280
409	1138
402	996
461	1300
414	1286
421	1252
414	1017
386	1087
368	1125
347	998
365	932
331	1057
419	1266
400	1347
419	1286
383	1120
392	1014
396	988
346	1081
383	1129
368	1311
393	1315
395	1284
428	1205
443	1206
423	1369
429	1299
417	1205
429	1147
497	1118
497	1297
576	1451
488	1185
504	1204
536	1080
437	1135
447	1387
462	1214
425	1145
446	1226
429	1211
416	1322
428	1180
371	1196
469	1203
437	1229
407	1258
405	1170
422	1144
460	1230
396	1166
414	1101
409	1204
430	1150
420	1040
435	1283
462	1160
485	1211
411	1284
436	1284
397	1162
414	1104
405	995
420	1143
378	1050
383	1078
386	1027
424	1145
393	1128
357	1253
380	1167
390	1014
431	1042
404	1065
439	1052
421	1215
461	1208
379	1197
436	1215
414	1376
383	1129
424	1191
372	1328
363	1133
408	1188
414	1093
404	1352
459	1230
383	1175
402	1170
433	1517
433	1668
400	1296
399	1172
348	1067
392	1023
344	1181
416	1353
439	1462
411	1427
404	1388
477	1566
452	1697
420	1560
430	1406
403	1266
403	1669
444	1412
483	1434
388	1337
418	1190
401	1224
417	1332
414	1136
448	1079
432	1510
408	1657
376	1467
415	1163
419	1030
450	975
427	1124
434	1133
416	1056
392	996
403	1069
431	1286
354	1261
385	1304
343	1281
362	1235
377	1230
410	1206
397	1316
399	1334
429	1267
473	1307
465	1068
462	1116
410	1274
408	1240
418	1114
462	1374
463	1046
449	981
489	1095
444	1166
460	965
519	1114
546	1348
545	1340
560	1168
588	1158
553	1246
567	1293
502	1109
529	1234
551	1165
659	1185
617	1055
588	1108
628	1399
543	1444
597	1251
594	1144
660	1004
625	1116
733	1162
692	1312
779	1271
731	1256
744	1057
785	1000
884	1102
933	1161
968	1282
973	1211
992	1120
1074	912
1008	1022
1042	947
1018	1109
892	1284
962	1342
1181	1313
1289	1384
1106	1241
1045	1145
1051	885
1031	973
1007	855
1057	937
1052	1013
1121	1209
1220	1237
1290	1212
1419	1135
1538	992
1571	884
1791	1140
1930	1133
1928	1210
1916	1335
1992	1231
2001	950
2038	1203
1895	989
1740	948
1495	1207
1621	988
1555	1276
1485	1152
1552	952
1551	1325
1607	1191
1867	1049
1997	1219
2109	1315
2038	1322
2178	1392
2442	1316
2815	1312
2907	1383
2892	1279
2783	1070
2800	1005
2898	1167
2858	1040
2704	974
2389	1075
2703	938
2679	1125
2679	1139
2525	1195
2384	1112
2584	1079
2723	1142
2648	1182
2736	1280
2649	1278
2249	1110
2121	1062
1866	954
1819	914
1618	1010
1503	1109
1605	1036
1427	1093
1312	1184
1261	1226
1290	1090
1288	918
1133	897
1213	940
1206	1077
1164	1306
1224	1415
1188	1435
1149	1160
1214	997
1427	1134
1198	1096
1098	1293
1205	1341
1318	1353
1257	1299
1371	1284
1258	1234
1059	1056
970	1310
944	1251
1005	1108
915	1402
778	1424
797	1374
970	1234
946	1253
723	1222
713	1216
666	1234
644	1353
680	1223
673	1110
615	1090
555	1056
691	1055
668	1120
680	1068
686	1154
617	1065
655	1289
576	1175
584	1187
544	1050
587	1030
589	966
626	1031
606	930
520	1044
479	1054
396	1038
446	985
390	1122
359	1099
417	1211
404	1360
403	1261
434	1226
446	1408
411	1345
448	1328
381	1326
444	1117
424	1146
446	1025
410	972
429	1153
444	1212
426	1214
400	1035
432	1139
445	1208
422	1277
419	1227
453	1156
419	1210
454	1404
425	1294
412	1268
422	1162
440	1220
453	1200
477	1242
444	1126
481	1143
569	998
612	966
613	933
577	1025
548	1036
588	1217
775	1215
852	981
925	1016
821	1228
1107	1277
1131	1144
978	1110
988	1055
809	980
892	1238
839	1201
791	1297
618	1080
544	1256
619	1371
648	1500
595	1303
635	1169
668	1031
684	1186
591	1275
505	1508
539	1368
474	1088
499	1289
459	1261
371	1167
345	1199
393	1045
357	1201
430	1065
351	1238
350	1199
317	1228
370	1293
430	1141
454	1310
396	1316
417	1293
427	1278
429	1147
431	1222
411	1121
412	1087
403	1147
406	1144
376	1075
392	1038
393	1024
417	1216
428	1106
391	990
359	1107
412	1099
388	1391
383	957
383	1100
409	1027
389	1000
394	1123
443	1129
429	987
456	1085
487	1218
474	1121
411	1213
496	1142
523	1155
448	1202
395	1229
424	1181
409	1178
436	1130
407	1189
431	1158
453	1131
452	1188
454	1120
450	1285
470	1256
540	1341
485	1257
402	1126
432	1110
445	1139
453	1116
443	1097
458	1096
396	1106
335	1044
387	1006
409	848
380	903
427	888
398	1007
393	1055
437	985
438	1085
372	1191
356	1251
423	1365
432	1342
464	1207
473	953
440	921
451	977
379	1046
441	1217
475	1053
462	1172
373	1175
406	1152
449	1047
419	977
400	1271
434	1365
460	1246
398	1349
422	1158
459	1053
519	995
422	1123
419	1188
431	1077
391	1214
477	1105
446	1134
414	1192
442	1115
440	1159
500	1241
515	1130
504	956
515	1199
444	1010
490	1083
465	1186
482	1197
449	1333
458	1153
507	1068
498	1265
474	1375
480	1117
501	1176
480	1242
573	1174
580	1326
599	1334
600	1309
521	1226
588	1178
617	1428
582	1243
635	1197
534	1270
650	1320
743	1048
698	1093
663	1171
697	1346
902	1509
1004	1242
1007	1201
935	1076
1070	1201
1660	1030
2534	1120
3065	1024
2651	1149
2121	1279
2252	1226
2669	1092
2320	1239
1958	1124
2047	1094
2517	1318
3207	1291
3856	1142
4068	1248
4097	1351
4344	1294
5597	1374
6123	1268
5692	1405
5084	1375
5257	1413
6408	1288
7054	1288
7496	1209
7876	1294
8244	1223
8480	1219
9937	1237
10175	1239
9658	1383
9442	1471
10333	1534
11442	1577
11152	1391
11051	1491
10788	1282
10481	1394
10409	1379
11037	1427
10872	1467
10370	1497
10810	1591
11621	1310
12352	1457
12487	1654
12492	1714
12720	1508
13475	1642
13333	1709
13730	1974
13686	1807
13616	1629
13648	1696
13173	1720
12757	1476
12415	1512
11985	1530
11484	1555
10992	1398
10363	1388
10486	1469
10625	1755
10432	1551
9769	1327
8964	1063
9117	973
9678	1107
9672	1111
8371	1141
7496	1052
7868	1089
8435	1202
8431	1158
6692	1048
5169	1194
4750	1085
4533	1108
4138	1472
3335	1384
2410	1319
2145	1208
2494	1422
2776	1266
2554	1265
2020	1194
1626	1297
1807	1417
2008	1133
2057	1091
1604	1225
1336	1130
1217	1175
1380	1178
1267	986
1074	999
796	1112
759	991
856	1072
990	1238
937	1198
688	1102
677	1201
761	1243
793	1207
761	1025
648	1068
699	1144
643	1144
619	1012
571	1009
580	1023
548	1203
586	1280
578	1163
630	1104
685	1146
787	1157
649	1114
642	1106
693	1076
702	1111
615	982
607	971
