399	1037
425	1076
462	985
487	1205
438	1041
421	999
390	1005
413	934
414	1012
385	967
409	932
437	1019
423	1066
435	1063
460	940
396	1071
432	1018
410	1008
405	1160
443	994
410	919
407	838
460	776
414	848
449	890
436	815
477	1386
442	1113
436	1145
435	908
385	1070
459	1185
470	1178
404	978
389	1014
450	997
424	1105
448	1103
427	1193
407	1209
405	1182
483	1190
416	1226
420	1212
428	1138
444	1141
431	896
414	949
395	925
469	987
429	995
438	926
429	1045
454	951
430	935
376	902
403	901
426	884
402	852
380	760
396	889
398	797
404	1078
393	1238
349	1137
364	1027
416	1129
404	1019
416	960
448	1009
424	925
469	940
420	874
459	1023
428	1288
382	1212
373	1065
433	1140
450	999
422	1107
470	1053
461	902
414	946
409	1050
421	1122
381	967
380	797
373	968
371	963
396	867
427	983
436	980
444	726
428	755
390	693
432	1052
370	1077
418	1170
437	1214
461	1014
448	1096
422	1155
398	1029
448	1056
445	1166
402	1092
388	1002
443	1111
463	1119
484	965
443	983
431	968
438	1070
366	975
435	1093
394	1410
423	1188
380	1095
447	1080
447	1040
421	1248
410	1054
425	928
390	1002
398	984
423	1089
434	988
452	1028
394	999
408	1034
428	908
467	1047
399	1170
406	1142
434	998
476	853
423	1077
451	1100
427	1218
445	1043
426	1117
431	1167
411	1146
449	1054
487	1012
392	1085
465	1002
433	898
349	984
419	1146
385	1026
418	1040
401	1124
430	1119
426	1153
406	1078
377	1287
348	1230
403	1257
374	1049
387	997
394	958
373	923
374	944
361	893
362	1063
437	1101
374	1140
372	1039
425	1089
409	878
437	1044
395	1134
403	990
393	1051
394	1072
406	959
375	987
424	1120
399	1096
364	1200
413	1476
417	1520
407	1541
398	1406
362	960
348	1006
395	1272
439	962
423	1146
495	1006
424	1055
476	1152
409	1180
415	1178
424	1145
433	1117
393	1244
381	1165
384	1093
435	1046
370	1108
418	1234
453	1136
467	991
435	1087
459	1146
454	1208
449	1000
452	954
456	996
503	1222
500	1195
468	1248
424	1316
433	1134
430	1107
420	1054
447	953
401	1141
389	1019
475	1124
447	893
441	1110
476	1150
421	1182
457	1172
382	1090
411	1107
435	1263
464	1104
395	1103
451	1083
445	1154
494	905
475	1111
447	962
424	937
430	1017
481	1044
457	1123
471	1212
422	1222
409	923
429	947
455	1137
421	1103
414	1088
457	1170
437	1254
457	1202
411	1235
424	1170
408	1226
398	1149
409	1313
451	1217
495	1082
479	1034
432	1068
451	1296
427	1119
445	1045
360	1352
418	1142
425	1128
402	1199
462	1336
436	1156
408	1099
441	1167
419	1007
459	1034
439	911
414	963
389	846
433	1058
426	1046
450	1291
468	1271
443	1130
435	1001
418	909
447	1149
386	1169
432	1045
437	1097
423	1177
423	1425
411	1106
345	914
386	1058
429	1010
451	1016
389	1115
400	949
405	1041
406	932
401	805
409	963
410	1023
449	1087
470	932
462	975
419	1059
450	1073
417	1069
452	913
407	1189
503	1078
492	1036
468	849
482	1079
459	921
423	833
443	860
424	1036
423	1036
399	977
466	1221
455	1236
464	1388
458	1323
502	1213
490	1005
519	1073
473	1042
463	958
510	920
536	1029
493	983
494	833
492	857
445	1048
457	1031
453	921
417	925
527	1031
467	1010
486	927
374	857
445	985
512	1091
536	1067
529	1154
557	1213
554	989
560	971
558	1059
603	1223
681	1211
590	1170
593	1078
650	1037
726	1024
846	1052
830	910
795	970
846	1017
874	898
861	1186
837	1071
788	1052
780	1223
877	1144
765	976
819	966
766	877
676	1051
648	939
614	1070
553	1029
485	1176
569	1049
490	979
492	882
530	930
491	786
537	861
578	801
625	852
559	873
485	1038
502	867
494	915
493	984
471	1020
441	1150
469	880
510	1120
499	1092
468	1068
499	1066
472	1016
412	851
456	860
460	870
426	935
454	991
440	862
405	777
403	882
422	1053
494	1045
432	1012
404	1112
452	1272
440	1164
409	1227
443	1291
421	1226
524	1168
454	941
382	1063
387	1209
455	1175
439	1321
458	1341
498	1180
515	1088
476	942
386	884
397	1032
444	996
438	1052
428	1008
484	1256
477	1115
468	1091
397	1261
435	1195
381	1092
416	1284
381	1153
364	1060
417	922
404	1165
351	1064
360	1065
370	1173
437	1200
369	1295
409	1190
404	1279
431	1149
351	1219
379	1039
440	1050
402	992
428	884
492	959
449	1088
442	1038
407	1169
446	1270
544	1253
491	1101
420	1055
441	1085
449	1241
406	1391
388	1394
425	1530
411	1389
418	1125
472	1136
354	1223
404	1187
439	1179
410	1115
452	1069
444	1324
446	1120
441	1199
441	1147
411	1130
418	1004
410	985
362	1023
442	1078
400	842
399	863
447	953
433	977
440	1084
411	1093
470	1154
456	1224
447	1189
466	1226
464	1207
463	971
441	933
438	969
398	1020
478	945
502	990
466	971
436	848
473	908
467	886
537	909
519	996
497	1079
536	959
442	945
483	889
532	1035
477	1154
506	1203
452	1275
494	1226
478	1223
491	1152
494	1121
466	1111
468	1267
525	1157
482	1182
572	1163
538	974
559	1089
568	1131
576	1315
500	1206
529	1190
485	1105
555	1240
544	1152
463	1021
430	1147
494	1087
549	935
515	947
564	915
639	1137
539	828
559	794
566	955
614	839
505	852
574	978
565	844
559	719
564	758
544	880
504	919
535	1082
562	1186
506	1088
580	924
515	1132
543	926
482	1215
502	929
520	1036
486	966
536	1075
540	1103
562	1262
537	1204
535	1152
529	1313
489	1308
506	1362
501	1355
497	1326
516	1356
517	1186
508	1129
461	1011
443	968
397	1153
470	1090
497	995
513	1149
536	1111
534	1170
582	1277
535	1138
563	1082
625	1118
554	1057
508	1010
500	1149
534	1068
528	1191
516	1088
501	1054
490	1150
467	1146
566	1150
500	994
508	1095
531	1039
522	935
596	991
551	979
612	1072
530	1048
530	1076
577	903
573	886
533	886
565	908
542	1098
590	1104
612	1110
595	1115
560	999
496	992
560	858
536	881
559	835
488	983
560	968
580	1038
519	905
579	972
593	960
568	931
517	1082
535	910
534	923
535	945
612	995
535	1075
536	1249
532	1096
494	989
513	949
540	1099
531	1148
497	1020
498	1105
520	1119
490	827
518	1020
524	1085
524	1101
441	1096
483	963
498	1005
568	1131
576	1083
512	958
574	876
631	943
610	958
551	1181
530	1219
506	1103
480	1074
584	1197
590	1222
560	1279
541	964
561	1031
564	1070
541	1485
584	1391
573	1134
601	1318
570	1051
624	1112
592	1120
575	1153
582	1104
572	1184
585	1119
588	1276
587	1157
618	1206
604	1032
629	1164
606	1047
626	1201
648	1261
626	1328
596	1190
650	1105
626	1159
580	1152
640	908
667	1065
663	1182
680	1250
669	1089
623	1126
567	1207
631	1177
588	1113
626	1099
569	1070
641	1172
657	1124
646	1166
648	1018
568	1012
574	954
604	1069
669	1024
557	928
619	1024
665	1068
617	1069
692	1144
672	1192
682	960
661	957
648	912
736	939
615	1052
629	1152
613	1083
607	1292
628	1269
645	1256
627	1243
584	1182
603	1244
603	1055
603	934
587	817
561	1078
541	1109
553	1019
565	1036
602	1001
582	946
563	999
511	895
643	1279
529	1030
583	1026
600	1132
590	1343
608	1125
524	1099
565	1267
538	1051
604	1070
573	951
575	962
488	1081
616	1203
567	970
540	1007
515	1189
515	1254
480	1119
500	1207
554	1157
560	1080
477	1167
531	1179
513	1279
592	1115
564	1197
577	1278
598	1065
570	1103
556	1025
573	1052
637	1123
549	1267
552	1261
597	1137
560	1053
581	1183
566	1166
503	1164
555	945
531	1029
547	1127
523	1028
560	1052
580	1158
592	1165
549	1149
533	1072
534	1184
552	1090
536	1099
508	1094
523	1252
496	1120
590	1070
552	1120
529	1048
493	988
498	949
634	1153
529	1290
504	1276
475	1184
496	1133
502	1180
458	1430
432	1135
512	1033
452	1032
468	973
413	939
392	920
435	929
478	871
475	771
434	866
457	947
410	772
422	912
415	991
399	1077
444	1151
432	1066
454	873
468	1184
441	1002
542	1268
478	1259
468	1043
434	1093
423	975
480	853
428	831
450	923
473	937
457	881
439	1085
466	1091
438	1146
471	1206
506	1212
462	1182
372	1055
412	1014
471	1012
450	814
472	864
475	831
473	831
483	986
474	1075
459	1079
489	1154
472	1176
452	1101
515	1140
465	1102
457	1141
448	1068
504	1389
511	1442
447	1181
462	1171
456	1532
456	1152
491	1201
463	1028
509	1151
509	1030
503	1144
477	993
515	956
525	1077
516	1025
584	1069
605	1141
569	1030
562	873
494	987
625	1148
595	1336
618	1022
559	1008
682	1145
689	1060
686	1146
643	1088
635	989
598	902
512	986
680	912
597	846
557	913
542	970
600	868
610	1008
575	928
655	886
678	948
755	1075
675	1081
721	1252
701	1085
738	1214
741	946
649	1088
665	1057
775	901
813	921
771	907
797	1021
774	1176
792	953
875	1015
840	977
686	919
582	1114
668	1112
682	1093
585	1095
584	903
501	915
527	867
529	928
487	834
525	1056
551	1008
499	945
528	1024
508	966
567	984
491	897
507	1051
509	959
462	1045
519	1196
515	1099
510	1013
494	1172
507	1089
534	981
502	975
483	990
478	1222
488	969
550	988
539	978
508	1162
450	1251
473	1141
489	1084
501	1021
418	1041
513	933
470	1018
483	1043
520	1154
446	963
470	1018
493	1190
418	1069
410	1006
497	1128
510	1014
517	1058
457	1075
414	944
417	958
485	1042
471	944
471	1122
488	1083
490	1079
497	1064
483	976
444	1039
438	1164
477	1252
462	1104
465	1200
448	1024
447	1127
409	1196
375	1024
415	1258
441	1147
419	1056
453	1068
445	1118
479	1198
475	1319
457	1015
422	1276
425	1217
423	1450
449	1400
450	1311
498	1278
555	1286
456	1307
452	1212
496	1163
442	1156
439	1132
495	1170
481	1392
427	1476
404	1198
442	1210
451	1246
492	1042
466	1222
420	1050
405	1102
463	977
501	987
466	1187
504	1154
457	1277
516	1277
511	982
519	1091
502	1031
526	1046
519	1274
511	1055
505	1112
508	1155
450	1095
478	1170
543	1211
526	1144
517	1283
498	1300
535	1175
543	1172
531	1081
567	948
559	980
515	1122
504	1227
495	1001
472	1064
488	1350
443	1023
506	1040
457	1121
455	1091
399	1106
479	1245
431	1363
436	1273
485	1254
364	1255
425	1335
435	1142
414	991
429	1160
381	990
426	1283
449	1362
387	1212
378	1144
356	1044
379	1124
443	1193
420	1093
409	1051
467	923
453	1091
468	1128
471	1224
419	942
419	799
405	1062
514	999
417	1017
405	1009
495	980
428	1014
420	877
480	897
473	1187
455	1151
472	1126
468	930
405	1038
457	987
452	1080
497	998
450	968
463	991
427	1120
398	934
410	983
506	1197
464	1032
418	813
430	874
480	1104
459	1096
463	1020
454	894
434	1049
462	1094
403	1031
475	876
443	1118
441	1105
468	1025
508	1105
498	1072
475	1011
445	1083
401	1083
498	1195
475	1169
453	1326
428	1112
458	1018
450	1090
454	1037
464	953
467	938
436	956
431	907
407	922
437	925
406	1052
440	881
461	958
462	1039
451	972
433	1036
462	960
443	1031
482	1088
502	1188
447	947
411	981
491	1160
513	1111
416	1113
460	878
415	956
427	917
434	1110
457	1290
457	1153
435	1122
439	1074
385	1185
476	1139
421	991
425	1115
458	1151
414	1052
455	1193
479	1198
504	1138
439	1229
452	1314
446	1132
458	1108
467	1018
474	1055
468	1080
431	912
488	933
491	926
456	886
436	890
454	978
458	1018
459	1016
454	1070
453	959
453	1212
518	1279
530	1124
452	1018
507	1113
515	1112
512	1026
549	882
566	999
533	1118
490	1099
437	1166
456	986
461	1063
484	833
524	1013
516	1002
454	1027
515	1161
478	1074
485	988
535	955
544	822
537	1002
490	1193
535	1125
514	1234
551	1043
554	1141
543	1057
540	1044
564	1057
581	1039
543	1071
567	1004
545	907
603	934
640	981
691	1060
666	1086
641	1076
600	1046
636	946
696	951
637	1051
690	1138
685	1141
806	1087
814	1198
781	953
797	1049
871	1182
877	1133
936	1069
879	1217
864	1012
931	1091
1008	1114
1001	1212
1048	1196
1011	1046
1038	1102
1043	1086
1149	1129
1112	1121
1017	1202
986	1259
1079	1331
1085	1178
1180	956
1358	999
1467	1102
1660	1114
1960	1164
2298	1237
2453	1060
2469	955
2688	1119
2741	1358
2957	1216
2718	1283
2486	1088
2299	1386
2218	1133
2147	1224
1916	1033
1821	913
1821	850
1833	1081
1739	1056
1894	925
1913	987
2152	1133
2381	982
2527	1005
2674	873
2973	936
3159	1146
3213	1004
3117	1160
2978	982
2718	957
2666	843
2571	886
2216	1071
1839	1094
1739	1050
1577	1064
1639	857
1486	784
1485	859
1471	1076
1599	974
1834	794
1750	920
1484	1124
1370	1186
1353	1090
1457	1058
1326	917
1224	1003
989	926
1011	954
945	980
993	1120
860	967
705	844
793	810
726	848
639	966
700	1076
735	1129
814	981
709	829
753	1046
771	979
859	995
858	927
858	1022
861	1095
821	990
749	899
674	1005
738	935
733	1158
669	919
686	846
604	819
616	950
612	1049
671	958
585	939
516	875
568	1123
579	1238
602	1046
660	1062
628	1111
640	1093
589	1005
634	986
627	957
617	968
613	834
566	876
587	1076
641	1132
594	1254
609	1256
566	1081
605	1230
573	1385
567	1188
576	962
556	953
499	1049
589	1181
503	1051
569	1294
533	1170
644	1203
531	1052
559	1177
572	1171
546	1103
521	862
499	916
533	949
449	979
458	929
486	885
527	898
541	1109
536	1041
539	1057
514	910
577	780
559	863
542	858
474	778
468	818
525	813
538	842
485	1067
478	1007
459	948
472	850
487	739
530	845
572	852
558	879
528	964
531	914
490	747
499	927
521	1116
513	883
492	1051
534	1131
589	1213
527	1166
537	1193
479	1109
532	982
553	1023
589	1067
574	1053
545	950
555	833
587	935
590	872
610	935
604	881
525	938
554	925
567	1179
634	1085
622	996
641	1061
674	1116
967	1091
1115	1275
1167	1117
1087	1137
1048	1086
1001	1108
1017	1322
974	1392
981	1099
933	1059
868	1004
849	1165
844	1094
855	1142
836	941
757	1033
685	1057
639	1149
643	1084
716	932
693	943
603	1254
547	1262
575	1456
639	1155
625	1270
706	1149
753	1113
723	1138
834	1216
719	1075
733	1158
761	1340
716	1238
698	1140
673	1357
672	1385
614	1165
603	1082
568	1149
551	1217
601	1132
610	1219
557	1119
577	1158
616	1189
637	1156
609	1246
623	1069
682	1216
649	1165
690	1341
656	1192
598	1227
637	1264
654	1142
569	1306
595	1341
526	1149
553	1140
569	1060
559	1257
579	1085
627	1343
617	1037
610	863
654	858
699	1012
727	1075
768	951
737	1162
739	1124
686	1098
664	1093
660	1055
674	1137
608	1038
595	890
533	891
517	705
564	697
493	795
483	894
565	720
550	757
634	631
633	749
581	841
596	941
618	926
488	1171
529	1225
477	1211
456	1033
425	960
483	1021
444	1013
495	996
492	1014
535	935
509	1005
468	982
525	1131
502	1159
447	1133
462	1075
462	1256
470	1144
465	1144
496	1184
428	1122
372	1184
383	1169
445	969
486	1314
486	1442
533	1025
461	1010
396	1166
470	1161
426	949
436	1025
519	1118
460	1240
474	1116
498	1033
502	1120
513	1145
455	1132
452	1046
444	1109
494	1185
485	1401
496	1253
436	1121
458	1104
499	1076
517	1103
487	1201
468	1139
593	1068
576	1079
596	985
552	1115
530	1141
521	940
475	986
438	1061
436	1217
490	1113
471	1096
538	1050
510	1110
447	1112
469	1022
482	1080
502	1222
515	1225
448	1205
444	1096
449	1335
400	1426
379	1161
445	1007
520	1081
516	1030
513	904
490	966
464	968
509	966
515	1009
459	945
417	1182
428	1188
467	1137
498	1299
466	1058
496	1006
430	1092
443	1135
492	1029
451	1172
453	999
464	869
422	969
370	1097
419	1005
475	1022
445	985
429	1006
421	1247
426	1147
440	1163
467	1234
402	1177
404	1108
451	1116
434	1070
466	1094
416	1027
384	963
416	1092
370	970
376	1008
379	960
396	1161
388	1111
432	957
436	1136
383	964
477	1121
434	1188
377	1068
429	1014
383	870
411	1178
433	1009
444	1221
386	1089
433	1097
401	974
410	1003
404	930
330	1016
374	853
391	845
433	923
446	1129
483	1021
483	1192
415	1238
412	1037
443	1068
413	1184
465	985
445	1061
489	1125
520	1081
473	1036
490	1047
461	948
444	965
512	1070
496	1100
434	899
416	991
409	1064
415	994
424	1114
413	1263
400	1193
386	1118
426	1026
416	958
465	906
379	975
418	1159
384	1149
426	1091
441	925
465	1009
422	1243
426	1268
413	1249
450	1111
424	997
445	1103
405	1067
477	1171
439	1006
417	1022
424	948
427	1055
471	1132
446	1082
476	1147
465	1176
479	1395
431	1079
387	1049
448	1148
496	1113
384	1078
336	1166
458	1144
492	1331
428	1293
394	1202
414	1101
403	1058
410	1355
397	1264
413	1164
344	1007
462	1208
418	1154
460	1178
435	1280
450	983
423	1109
400	988
373	782
343	760
397	1007
379	974
371	908
364	926
347	889
436	1018
437	999
401	1249
403	1006
406	977
422	1164
426	1228
394	1139
430	1086
391	1056
460	1022
450	972
421	902
412	1090
385	1122
398	1045
395	1033
445	899
405	1000
423	1020
391	940
402	962
423	1149
410	1154
397	1110
398	1171
455	1098
454	1057
405	1221
464	996
443	1109
402	1056
444	1169
488	1282
426	1362
412	1256
453	1208
457	982
439	1113
360	1004
396	1093
401	951
425	1011
452	909
420	862
462	963
410	1079
428	1132
400	1032
504	1136
468	1105
412	1118
496	1112
497	1026
470	849
521	859
473	759
526	980
552	957
518	1026
520	1109
578	1051
486	1037
482	1094
527	1151
466	1116
450	1103
505	1156
495	917
507	1016
553	985
579	863
569	855
561	1001
560	1127
538	1055
567	1072
533	1130
542	1141
432	833
485	959
509	945
477	968
513	1000
470	954
470	939
431	953
464	982
454	950
431	911
431	1003
508	1013
405	1111
459	1009
517	1061
505	1038
456	1104
489	941
424	1099
491	1059
514	1095
473	1022
463	1014
463	1038
439	1157
454	1088
435	1040
454	1125
411	1061
455	1265
487	1254
501	1236
479	1164
489	1156
473	1144
542	1167
485	1067
424	1078
419	1075
438	1270
457	1191
475	1145
516	1317
544	866
538	1052
508	1133
569	1157
554	1096
519	993
545	995
488	1091
532	997
520	1144
551	1085
537	1246
565	1075
569	1130
579	1230
578	1125
595	1211
615	1112
574	944
478	972
452	907
531	874
474	970
496	1002
435	1111
418	937
428	1004
451	922
445	1161
385	1096
392	1064
366	1106
444	1294
403	1333
432	1210
404	1081
416	1033
442	999
460	1030
467	1324
361	1180
456	1196
395	1161
429	1213
444	1167
462	1029
413	1111
441	1249
476	1068
436	1001
469	1085
508	1080
511	1116
535	1087
496	1270
525	1134
472	1092
479	1180
488	1101
484	963
451	1102
482	1239
448	1050
497	1128
471	1113
466	1037
452	986
532	968
508	1195
510	1364
454	1083
476	1242
490	1194
432	987
465	1068
433	1058
471	1057
470	928
493	1131
514	1122
539	1144
469	1146
525	1225
488	844
515	1051
563	1097
602	967
767	1134
979	1016
922	965
834	1106
849	1121
1067	1213
1049	1092
995	1087
1099	1085
1148	1112
1163	1263
993	1120
1030	1007
1169	1132
1165	1077
1141	839
1119	852
1337	938
1229	982
1043	947
948	1204
918	940
722	821
658	818
655	909
559	902
465	1127
477	1142
478	1043
461	977
409	1178
459	1109
505	945
490	974
487	987
462	895
400	1035
455	1171
477	1163
389	1104
385	1271
369	1135
416	1210
366	906
379	980
423	1244
530	1253
457	1167
400	1087
439	1172
419	1139
485	982
448	976
448	958
462	830
488	869
480	1071
502	1159
468	992
368	985
396	970
446	1111
417	1056
438	853
472	858
367	1108
456	1107
431	1200
456	957
483	1165
417	1066
418	1103
413	1009
416	1146
425	1198
493	1054
401	1045
384	978
383	1003
419	1065
383	1049
418	1107
422	1013
375	1043
408	1126
446	1149
392	979
362	1154
359	1141
365	1026
441	1087
472	1130
464	1125
443	1215
431	1092
467	1106
456	1011
425	1111
411	1120
396	1157
461	1043
431	1134
412	1252
439	1105
433	972
443	1088
395	1127
407	1017
443	1011
439	1036
453	862
409	892
432	1004
442	983
469	1087
461	958
465	1210
482	1142
451	1208
484	1233
499	1431
537	1167
519	1219
454	1274
516	1246
551	1222
523	1121
504	1114
444	1363
470	1121
480	1119
441	1341
491	1320
446	1049
484	974
427	956
495	1132
498	1056
480	900
432	1116
439	964
478	1144
444	1033
483	1272
404	1004
514	1095
469	1103
443	1306
451	1046
433	1129
435	888
418	891
523	1036
462	1151
459	970
467	1174
410	1367
463	1355
436	1176
453	1287
474	1358
452	1116
523	970
529	1296
476	1123
497	1077
457	1025
537	1061
537	1079
602	1060
548	1021
476	1106
512	789
514	883
534	970
524	994
636	1059
695	1249
666	1106
662	1154
666	1130
661	1342
645	1174
673	1106
679	991
573	983
664	1042
709	1098
681	1100
662	909
660	928
634	1018
705	906
675	997
686	1010
599	1054
690	1146
677	909
719	1014
643	943
661	1051
585	1016
574	981
637	858
532	895
505	1066
496	987
479	912
488	958
461	1073
491	1089
489	1059
443	1036
431	1030
410	1001
438	1079
465	1206
425	1236
415	1061
442	1052
434	941
427	1082
435	1089
464	1071
441	1210
442	1018
355	1070
407	981
379	1170
425	1021
409	950
425	1025
419	981
416	899
376	1083
411	1092
430	1148
465	971
433	911
453	1271
428	1173
398	1125
407	1077
383	1238
444	1092
439	949
329	1040
413	1082
422	1019
385	863
476	909
431	874
423	889
440	923
463	846
471	907
478	1012
443	960
460	1079
475	1040
463	1081
420	1235
387	1446
420	1308
414	1145
410	909
432	988
407	1080
390	1102
430	1069
374	1013
478	925
430	954
424	1095
372	1159
374	1042
417	993
340	1066
423	977
396	1085
350	1027
463	906
423	994
457	1181
425	1190
417	1150
390	1197
416	1086
371	1035
404	1033
396	1000
411	1007
431	1110
372	1200
408	928
476	864
490	840
449	847
457	964
384	1044
465	944
474	1152
452	1254
521	1248
457	1107
479	1034
435	1265
488	1066
454	1062
442	979
458	1155
482	1040
459	1063
435	1054
432	1019
531	1134
447	1101
516	1101
478	1105
540	949
551	991
611	1149
492	1015
540	979
570	1105
697	1056
607	917
629	951
614	1037
668	1073
755	1038
672	929
686	1082
667	1128
737	1196
769	973
760	1041
767	970
771	1129
823	1187
763	989
907	1037
828	1085
782	997
887	879
929	1035
926	976
878	1104
864	1204
850	1111
852	1104
889	929
841	1084
879	1059
872	986
926	926
932	960
989	886
959	1025
991	996
989	1035
1015	1036
1031	1075
977	1152
898	1255
994	1161
1023	1079
940	1004
847	1103
751	997
857	928
782	944
771	1005
815	816
691	987
775	895
705	855
703	832
736	740
741	779
701	1001
720	1029
712	1155
759	1088
791	1073
764	1094
784	1138
712	1048
655	1112
669	1067
672	972
580	972
591	932
579	1261
553	979
602	1040
552	1118
482	1005
488	1041
494	1114
563	1124
607	938
606	1136
525	1116
541	1211
518	1159
460	993
488	1019
439	1323
420	1386
468	1358
478	1238
490	1100
485	1029
465	1037
513	960
469	1097
456	1146
429	1168
421	1107
450	1008
476	1017
431	1050
415	985
373	1026
414	1109
451	1019
376	933
394	931
416	899
428	1087
456	1173
510	1128
507	1127
488	976
472	1055
424	1113
452	1052
431	1018
420	979
440	1152
468	1039
437	1008
430	963
436	1041
399	1169
420	1083
401	908
450	1211
429	1233
450	1314
417	953
489	983
481	859
452	1089
483	1099
487	1175
446	965
413	1046
440	1002
422	843
463	934
438	1104
399	826
453	1042
414	1146
427	1136
475	1129
452	1170
429	1062
394	987
382	1087
373	1158
444	1277
410	1040
432	1130
402	1244
484	1131
524	1091
497	1227
528	1054
512	1066
614	1093
548	1050
497	1075
575	1132
505	1074
475	981
468	897
472	980
469	982
457	901
449	1111
443	919
502	867
493	956
480	990
430	1012
461	1060
434	986
432	846
416	982
426	973
437	1201
441	1138
428	1226
404	1080
363	953
468	1059
457	1036
375	973
408	1003
418	1075
456	1042
463	894
494	877
415	831
388	765
345	1049
402	927
359	946
397	946
431	853
418	950
383	1038
426	932
446	898
446	967
405	967
396	963
404	840
376	993
458	807
458	910
428	1141
435	1038
446	981
380	910
508	1245
670	1159
690	1221
638	917
673	931
690	1024
738	1094
730	1051
702	1080
771	1260
888	1228
1027	1294
1099	1106
1286	1188
1257	1124
1351	947
1721	1064
1779	1247
1558	1273
1529	1242
2169	1042
2036	976
1968	1017
1724	1038
1434	1122
1236	975
1214	1025
1278	1030
1309	1336
1174	1011
1206	905
1401	966
1444	868
1541	941
1570	888
1695	887
1648	929
1884	1108
1782	1091
1720	1188
1550	925
1424	1078
1284	964
1232	972
1207	916
1202	947
1127	1130
1032	1051
887	1019
847	1111
937	1120
892	994
863	1197
724	1269
759	1411
775	1067
760	1059
636	1170
644	1336
621	1406
706	1150
721	994
627	1002
553	1105
584	1191
553	1187
612	1156
585	1316
539	1385
534	1299
571	1232
565	906
576	920
666	974
573	1029
557	1062
551	1227
542	964
513	998
556	1106
626	1087
601	1074
606	1047
668	967
638	824
604	985
615	942
717	831
629	812
666	923
699	933
631	928
659	921
676	947
649	1137
709	1323
705	1175
726	976
708	951
664	957
722	941
716	1044
746	933
740	924
626	1065
673	1105
622	1109
642	1109
698	1137
615	1162
613	1081
567	1097
620	1099
647	1036
640	884
541	1044
505	849
562	1027
586	917
529	910
534	831
547	929
565	1033
541	952
520	822
499	1050
500	851
530	1018
552	1103
512	913
537	967
533	1050
510	1096
482	1263
491	1317
531	1389
523	1321
497	1112
506	1063
497	1077
484	1169
482	1090
493	1214
461	1223
476	1127
507	1231
464	1148
498	1161
455	1209
487	1268
534	1183
491	1281
427	997
424	1130
435	1225
466	1185
448	1115
404	1397
439	1208
453	978
470	936
445	1293
453	1288
482	1012
467	987
483	1018
498	1052
552	1071
544	1152
479	931
442	1101
459	1261
446	1167
492	1223
388	1084
483	1117
435	1120
437	1018
432	974
414	969
491	1098
464	1135
440	1093
413	1092
452	1132
510	1018
452	983
460	930
465	983
421	1053
427	1097
426	1144
467	1099
410	1032
452	1178
440	1045
522	1088
451	1097
494	1260
409	1182
473	1054
451	1125
466	1097
470	1081
459	920
452	924
473	1016
512	1069
448	1023
454	1030
481	1227
481	1273
483	1151
490	1083
485	1326
433	1192
464	1103
448	1104
403	1173
470	1313
448	1256
432	1232
468	1230
435	1329
466	1180
483	1220
471	1242
463	1204
456	1199
419	1194
413	992
467	1002
437	1186
484	1233
420	1304
414	1248
455	1153
446	1154
461	1247
464	1274
405	1108
382	1310
382	1098
426	1023
410	977
414	997
413	1049
376	1043
401	1188
396	1247
437	1072
441	1176
426	1114
346	1154
413	1230
411	1181
423	1267
452	1153
412	1172
392	1033
386	942
453	1249
396	1124
407	1333
431	1424
496	1339
430	1172
410	1183
396	1276
450	1235
461	1275
433	1053
484	1198
400	1274
409	1201
449	1042
474	1116
450	1189
442	1153
450	1008
513	987
473	1017
470	794
450	901
501	1096
478	1226
458	1224
458	1087
379	1178
347	1086
410	1162
397	1068
362	1087
434	1016
480	1071
428	984
455	996
408	1144
413	1075
418	915
403	974
446	1090
442	952
447	1023
506	1097
460	1105
468	1166
484	1022
447	1220
419	1111
410	1100
424	914
354	1000
394	1028
443	937
439	969
456	1068
472	1083
490	1062
575	1090
555	1008
473	939
468	892
465	806
478	955
484	1068
486	989
496	1090
456	981
450	1013
386	1068
445	1081
393	1174
457	1202
407	1107
424	1070
409	1062
413	1203
412	1315
413	1271
346	1338
360	1213
407	1202
423	1126
438	1218
435	1097
452	1041
470	1134
404	1160
467	1274
450	1388
448	1526
386	1380
416	1449
415	1465
458	1153
438	1151
492	1332
523	1678
445	1583
415	1566
410	1429
470	1526
460	1202
422	1124
439	1159
431	1375
404	1296
398	1206
429	1269
458	1392
403	1363
421	1206
505	1106
428	1125
436	1232
492	995
544	1170
514	948
390	937
417	964
381	1062
412	1090
446	1036
410	1085
454	1007
471	1044
469	1238
398	1119
444	1099
501	987
443	964
473	1117
426	1044
425	1069
466	997
481	1226
494	1090
491	1179
493	1102
453	1059
444	959
474	1061
438	1118
433	1070
439	1010
443	1044
394	931
409	1041
405	1007
414	1046
390	1064
441	1008
407	968
417	1254
422	1320
442	1158
435	1267
426	1350
426	1124
469	1059
496	1181
413	1166
452	1308
495	1259
444	1313
466	1300
437	1271
450	1095
404	974
409	998
429	1015
476	1074
404	1166
426	1203
495	891
461	1183
453	1163
434	983
456	995
437	933
444	972
505	922
477	1176
459	1199
436	1187
459	1043
455	1096
492	1095
474	1083
526	1244
473	1127
401	1135
464	1155
454	1206
485	1148
454	1276
446	1394
472	1026
380	893
467	924
466	1190
539	1174
497	1130
431	1112
481	1172
419	926
421	870
469	1049
437	1103
467	1031
465	1254
430	1290
517	1233
450	1195
440	1266
468	1085
466	1233
428	1136
425	1005
424	1169
457	882
404	799
468	782
434	828
528	856
469	996
487	1125
450	1067
431	1104
498	1033
414	1174
471	1003
466	1088
440	1079
468	1081
460	1044
475	1073
470	1146
434	1188
453	1181
440	1106
485	1134
439	1173
457	1361
479	1362
491	1312
457	1330
498	1514
488	1581
472	1143
502	1329
455	1205
507	1349
456	1280
459	1366
496	1382
491	1239
476	1310
492	1283
450	1220
433	1282
411	1164
449	1055
434	1316
491	1286
494	1220
410	1313
451	1229
470	1182
459	1152
392	1012
481	1072
440	965
456	1165
456	1257
416	1074
492	1419
478	1182
446	1135
449	1211
472	1171
427	1181
461	1175
415	1206
437	1314
444	1103
387	1182
459	1229
424	1166
409	1053
409	1024
464	1127
410	976
442	997
491	1095
438	972
349	918
437	967
463	993
448	1061
378	1210
383	1094
408	1132
457	1208
424	1095
371	1128
443	1042
433	959
417	917
419	940
399	986
408	1042
421	1214
457	1265
458	1464
447	1365
435	1165
386	1096
431	1227
432	1171
388	1186
419	1154
398	1258
387	1432
416	1355
379	1232
448	1339
450	1433
416	1254
378	1044
397	1143
413	1099
393	1186
432	1196
417	1147
469	1151
498	1164
404	1327
410	1162
499	1211
465	1110
446	1309
407	1534
401	1446
434	1434
357	1250
421	1001
381	1153
414	1110
392	1181
434	1251
364	1423
452	1079
422	1145
355	1012
424	1099
441	1119
401	1120
503	1115
433	1148
407	1059
502	1058
449	1103
477	1136
462	1318
470	1093
456	1118
401	1193
436	1005
386	862
454	981
509	1069
464	974
436	1018
491	1018
488	1126
434	1157
488	1176
462	1093
502	1322
490	1142
520	1372
399	1292
480	1266
418	1190
423	1172
485	1396
415	1425
407	1227
460	1128
412	1172
459	1313
465	1030
436	1046
508	1207
470	1232
517	1204
420	906
492	1238
530	1365
527	1040
522	1142
508	1206
582	1183
575	950
530	975
542	1032
611	997
627	1117
619	1104
576	1205
587	1003
586	952
620	1146
640	1351
656	1148
706	1066
628	1116
687	917
665	878
707	948
706	1161
724	1225
764	1119
819	1233
904	1128
901	925
820	984
829	1170
774	1077
820	1120
796	1095
806	1078
803	947
815	972
814	1094
875	1160
802	1241
838	1239
940	1220
787	1192
851	1157
902	1204
869	1188
795	989
705	947
780	1074
886	970
850	928
723	864
691	916
569	874
531	1142
644	1072
576	1005
455	823
453	903
484	813
519	955
531	1009
499	900
536	940
490	1018
507	947
452	875
504	927
446	976
466	1002
432	920
441	858
421	1071
439	1098
458	993
461	1060
462	1048
450	1166
513	952
477	983
391	1075
384	1094
383	1065
432	989
460	1013
438	1013
450	1117
422	1116
420	1059
452	1140
471	1083
432	1101
455	987
437	1226
446	1004
417	1071
445	1195
494	1168
404	1213
445	1204
443	1274
433	1147
427	1087
462	1218
459	1031
472	1128
463	1094
498	1043
470	1148
411	1185
498	1147
468	1084
505	1032
500	1113
442	980
470	968
473	874
414	1004
423	968
428	911
466	1088
433	1041
526	1040
476	1322
425	1137
427	1062
449	1018
430	994
403	1080
440	985
468	1005
457	1055
377	1088
420	1100
380	1191
405	1424
410	1279
371	1191
396	1008
434	979
467	995
408	974
379	942
402	927
416	1108
421	1159
440	919
450	904
409	1021
435	1309
448	1450
473	1295
492	1323
442	1082
440	1028
498	1131
470	1312
452	1260
462	1018
474	871
530	1031
408	1059
497	1030
447	1312
504	1521
488	1436
490	1218
488	1420
502	1233
470	1331
441	1075
447	1093
437	1049
438	1108
446	1261
467	1263
462	1062
446	1209
424	1055
480	1052
465	1020
492	1050
456	859
490	962
503	926
488	965
458	909
495	1010
464	984
463	1084
458	1026
470	958
458	988
489	1111
435	1129
482	1098
460	1104
495	1084
495	1049
537	944
530	1041
534	1070
500	997
459	973
536	951
491	1074
452	1136
490	1175
510	1195
469	1288
459	1020
501	1051
488	1068
452	1331
505	1208
514	1230
507	1201
490	1341
476	1188
514	1078
513	1174
544	1294
507	1192
532	1147
603	1197
522	1158
491	1051
580	1030
514	1209
496	1374
502	1253
513	1228
538	1169
566	1066
642	1020
632	847
579	1018
612	940
608	921
554	1165
557	1125
586	1195
599	1121
595	1112
585	1000
587	988
679	1169
643	1113
585	1143
567	1073
597	1032
633	953
599	951
604	952
604	1064
664	1163
608	1005
621	1007
595	1017
575	1041
610	880
590	911
676	1096
629	992
542	1040
607	1035
607	1074
609	1090
616	1104
625	1066
640	1036
634	1125
597	1039
632	1096
577	1209
618	927
591	889
634	1130
605	1244
605	1210
594	1287
530	1201
575	1056
604	1185
661	1349
593	1163
564	1150
508	995
538	976
564	1019
566	1009
537	1106
565	1109
537	1283
591	1205
591	1183
569	1291
608	1321
502	1112
527	1132
583	1113
593	1190
532	1242
529	1128
496	925
530	1156
544	1071
596	1031
526	1169
541	1106
501	1006
519	842
489	941
465	1011
509	918
474	958
453	1215
503	959
536	991
472	1057
492	1084
527	1056
471	1249
406	1027
445	1038
479	1060
457	1095
469	990
495	1094
453	1164
479	1271
481	1091
461	991
472	955
430	1197
491	1133
445	1129
499	1157
422	1145
458	1087
482	983
443	1076
434	1131
426	1157
470	1251
492	1211
446	1145
483	965
423	1017
467	1102
446	1063
421	987
405	911
479	940
382	995
471	1089
458	1068
418	1034
459	1218
486	1033
447	958
457	1007
450	1172
453	1142
495	1092
441	1080
426	972
423	1120
445	1041
448	1098
432	926
482	1038
464	973
476	1069
454	1059
461	1094
466	932
451	1026
458	1287
485	1250
468	1099
509	991
442	1107
464	1145
486	1191
498	1062
379	1024
463	1071
443	979
430	967
512	1183
435	1143
432	1106
393	1082
522	1025
447	1124
468	1209
437	1077
361	1143
380	1207
470	1012
395	1185
432	1299
450	1182
402	1103
427	1287
478	1075
398	1192
448	1395
416	1095
453	1214
432	937
470	1099
448	1119
444	1080
385	1337
389	1188
397	991
469	1113
420	1116
419	1102
396	1216
442	1244
459	1330
465	1263
391	1271
392	1179
386	1081
431	1125
506	1197
491	1102
484	1097
460	1231
427	1236
423	1126
411	941
465	923
428	941
397	844
389	833
416	971
445	877
487	1078
484	1122
475	1183
458	981
499	936
427	940
463	1022
520	1041
445	1092
421	1032
464	997
487	956
433	1157
453	1220
446	1211
391	1263
458	1132
444	1101
492	1144
432	1284
408	1028
419	918
424	1206
404	1247
436	1171
448	1203
456	909
511	1056
459	1324
414	1346
419	1212
420	1111
466	1362
425	1303
418	1142
437	1243
436	1233
448	1366
492	1357
445	1324
475	1298
485	1198
506	1087
423	1064
495	1135
463	1222
435	1068
432	966
467	1002
459	1062
504	1118
483	1177
477	1207
553	1200
500	1254
468	1035
459	1215
446	1223
432	1217
494	1167
433	1117
442	1281
442	1242
442	1342
415	1256
424	1099
489	1154
461	1099
426	1033
416	998
470	1288
468	1233
492	1338
442	1471
469	1628
515	1413
484	1210
445	1366
466	1177
417	1277
420	935
477	1039
468	1261
427	1177
404	1034
484	1198
493	1154
492	1035
475	1086
551	1075
450	1080
462	1143
529	1270
508	1341
456	1200
490	1118
505	1149
465	1235
495	1395
515	1205
493	1312
499	1411
473	1485
430	1428
416	1396
446	1237
443	1362
419	1321
448	1351
453	1203
510	1014
425	1232
456	1143
522	1293
493	1236
467	1202
443	1111
484	1048
448	1076
491	1243
477	1004
452	1082
471	1045
463	1097
456	1238
433	1399
457	1498
476	1308
436	1285
496	1301
402	1125
441	1133
461	1206
500	1247
468	1161
406	1099
422	1041
442	1099
465	1132
424	1219
431	1141
469	1198
479	1036
454	944
410	801
424	961
421	893
520	917
521	1025
495	1145
501	1133
445	1201
429	1061
470	1145
511	1207
456	1164
511	1411
440	1372
458	1334
486	1316
454	1271
452	1443
450	1173
438	994
398	1243
399	1187
480	1087
386	1068
409	1152
401	1166
369	1102
399	1121
394	1123
458	1066
416	1061
350	1065
420	1090
455	1200
403	1096
431	947
435	1083
448	1228
461	1090
460	1189
395	1146
423	1037
400	1058
389	1141
454	1267
386	1087
365	1090
407	1165
378	1145
410	1173
413	1119
453	1184
529	1264
502	1465
468	1388
450	1231
429	1190
398	898
459	1009
438	1203
448	1083
489	1111
459	1107
406	1280
454	1186
401	1185
397	1210
385	1015
433	1117
443	1011
413	933
423	1156
457	1125
446	1016
453	1262
455	1149
425	1195
411	1198
404	1201
455	1063
411	999
452	1051
458	1127
400	1177
482	1296
457	1205
482	1137
510	976
470	1042
481	1130
547	1041
527	1058
491	1092
473	920
453	877
525	1089
464	1129
466	1095
475	957
425	963
502	984
512	1167
458	1154
489	1127
507	1133
526	1087
553	1046
532	880
517	1025
523	1180
503	1180
554	1056
487	1169
495	1146
508	1105
457	1097
502	1198
523	1332
513	1115
554	1248
645	1133
578	1093
574	937
630	1014
735	1136
763	1207
787	1189
795	1080
634	1052
620	1024
473	1072
483	1299
455	1210
458	1013
523	959
525	1139
511	1157
451	1216
481	1227
478	925
502	878
452	1033
453	978
478	959
499	988
504	917
529	1121
480	1199
468	1044
534	1248
489	1238
488	1005
462	984
496	909
498	934
563	1021
528	1136
488	1106
541	1135
497	1255
525	1272
504	1296
510	1115
518	1106
488	1042
533	1270
511	1191
563	1330
563	1036
543	1141
580	1107
550	1212
533	1101
562	1369
519	1410
507	1309
465	1217
539	1114
459	1204
510	1274
524	1301
450	1179
512	1161
504	1305
470	1053
523	1164
448	1297
539	1239
452	1133
515	1168
472	1045
481	1110
471	1266
470	1454
474	1414
446	1461
442	1187
468	1244
424	1369
418	1209
461	1430
438	1383
420	1114
421	1421
404	1150
399	1286
385	1082
410	1054
401	948
404	1084
401	1044
397	1281
467	1270
522	1376
447	1120
438	1317
462	1196
416	1312
376	1294
444	1206
512	1198
471	1102
469	1228
462	1244
510	1100
451	1189
481	1106
488	1183
426	1046
400	1057
422	1256
423	1241
426	1537
424	1211
405	1118
400	1219
367	1115
404	1111
392	1094
430	1324
412	1144
384	1274
435	930
482	1081
463	1258
451	899
486	1063
409	884
442	1013
454	1277
465	1309
467	1195
445	1123
519	1053
457	1077
445	1029
487	1140
420	1094
499	1108
562	1008
637	1326
677	1127
738	1339
726	1154
673	1047
756	1051
690	1215
706	1277
642	1155
649	1060
630	1120
638	1053
578	1011
618	923
587	975
585	1010
565	1025
587	1152
596	1153
567	1128
553	1083
480	1018
462	1091
435	1004
516	1069
539	1037
415	1149
463	1172
444	1272
439	1171
449	1243
400	1130
444	1096
436	1426
429	1158
370	1211
412	1081
378	1177
428	1418
438	1040
450	1268
446	1264
519	1343
463	1146
527	1175
455	1279
521	1129
478	1283
459	1145
429	1006
371	1147
417	1278
455	1208
514	1120
469	1297
491	1359
439	1125
486	1175
424	1082
469	1216
434	1123
375	970
439	1180
446	1192
468	1247
440	1263
425	1156
513	1133
493	1331
384	1199
408	854
488	964
451	1049
486	1168
455	1184
524	1230
479	1430
504	1103
445	995
426	1071
451	1084
416	1233
412	1057
456	1054
462	1008
478	956
452	1031
487	1094
488	1211
420	1113
406	937
453	879
421	772
485	759
505	983
486	1095
448	947
497	955
514	1063
511	1053
497	1063
486	1000
473	1280
415	1164
480	1118
508	1004
549	1110
512	1068
512	1060
486	995
526	914
467	1191
530	1096
520	1045
545	1220
489	993
481	1076
495	987
447	1024
457	893
449	1052
435	1007
359	1042
467	1062
456	1030
460	1008
528	835
574	874
514	1084
460	1171
453	1142
384	810
429	1005
502	1092
481	1105
433	1046
466	1190
527	1162
531	1203
485	1143
500	1095
479	1010
500	1167
457	994
527	1114
486	1161
479	1107
435	1188
489	1291
448	1008
485	1095
473	1120
493	1052
457	1160
461	1162
542	1122
518	1181
456	1137
398	1127
431	1093
430	1311
445	1324
438	1230
461	1283
490	1240
467	1209
432	1209
433	1331
412	1086
418	1124
477	1101
427	1090
418	1133
478	1435
433	1185
470	1280
450	1254
410	1081
450	1168
454	1279
450	1246
482	1269
455	1134
414	1245
437	1323
462	1186
407	1220
368	953
440	1022
440	955
372	1023
408	1123
402	1219
460	1062
470	1117
398	1153
411	1152
416	1115
407	973
488	1393
424	1375
480	1185
412	1196
427	1138
413	1264
432	1134
420	980
516	1115
410	1282
442	1183
442	1058
445	1146
425	1035
415	1133
398	1139
452	1191
444	1109
373	1047
390	1108
464	1135
470	1092
447	1132
453	1158
458	1307
467	1216
450	1204
475	1240
444	1210
439	1109
431	1139
464	1133
485	1156
407	1041
390	1101
417	1300
420	1086
415	1149
409	1037
425	1336
394	1339
402	1134
430	1226
376	1098
371	1164
372	976
428	1142
395	1021
369	1015
384	1055
448	1193
405	1157
382	1432
433	1333
396	1400
505	1335
409	1173
440	1005
408	1020
375	989
428	1090
387	1153
459	892
382	1039
430	1095
437	1112
473	1162
481	1109
497	1020
404	1369
405	1311
440	1211
426	1318
434	1228
456	1308
448	1144
378	1066
424	1198
389	1134
432	1490
411	1361
368	1320
417	1138
440	1181
438	1173
458	1135
422	1158
423	1073
423	1318
417	1256
454	1098
406	1124
427	1391
416	1216
390	1233
411	1250
402	1130
375	1268
409	1276
421	1259
410	1407
389	1368
371	1375
432	1418
433	1621
453	1532
473	1605
463	1472
397	1495
443	1335
399	1229
415	1317
430	1257
369	1337
404	1472
421	1320
409	1372
429	1322
381	1305
403	1273
369	1215
396	1384
433	1400
409	1345
473	1132
415	1129
394	929
443	1251
423	1381
440	1183
434	1055
410	1233
457	970
441	1017
445	1007
432	973
426	987
406	1041
428	1144
444	1091
487	1018
455	1217
448	1033
445	1207
530	1371
543	1200
542	1208
507	1200
520	1094
490	1016
507	1091
511	1084
506	1017
576	955
576	1079
525	1070
584	1004
622	984
569	1009
622	1052
666	1172
689	1070
641	1095
619	1152
591	1207
609	1189
623	1378
699	1223
672	1126
654	1333
657	1125
653	1213
663	1246
605	1155
608	1076
662	1093
659	1024
619	1019
706	1198
599	1166
602	1060
661	923
673	1005
688	964
633	1064
587	1200
622	1044
619	1078
644	1185
609	1134
672	939
538	930
653	1038
556	952
627	1048
658	1034
600	951
578	1016
632	1047
551	1174
534	1244
626	1149
570	1004
602	1081
582	1208
550	1014
566	1093
544	1138
509	1017
465	939
471	1169
479	1172
498	879
444	1059
476	972
468	953
380	1160
447	1162
424	1328
465	1202
440	1064
500	1173
469	1158
447	1182
413	1141
407	1167
486	1182
409	1175
461	1098
490	1225
386	1287
443	1274
481	1128
410	1088
423	1054
530	1130
510	963
481	1044
445	1107
473	1385
498	1067
453	1020
519	1034
505	1185
464	998
514	995
503	1071
478	1031
476	1263
481	1101
441	1032
468	1083
497	1085
500	1003
495	1229
520	959
502	867
565	1016
469	921
541	861
521	877
570	954
602	981
511	930
621	960
554	1016
692	1103
608	1138
644	1326
627	1364
667	1170
751	1198
712	1110
719	1058
753	973
681	1225
641	1076
668	1020
678	1171
695	1143
702	1199
830	1230
731	1228
785	1255
739	1351
675	1047
723	1198
744	1239
762	1285
805	1240
780	1005
752	1184
757	1432
766	1141
765	1165
744	965
661	1190
656	968
743	1083
658	1089
677	925
724	979
781	1068
726	913
714	998
734	962
786	1173
798	1222
748	1041
802	1249
776	1091
752	1224
733	1145
724	1184
757	1194
687	1053
693	1091
674	1013
709	1059
706	1085
733	984
775	1055
712	1056
731	1083
650	1272
645	1135
648	1028
702	1014
767	1256
751	1141
718	1244
675	1384
607	1301
683	1155
684	1509
567	1508
573	1230
626	1153
617	1142
591	1211
590	1199
611	1125
606	1029
600	1176
641	1159
577	1171
638	1280
649	1318
595	1265
601	1210
632	978
524	944
519	1034
561	1140
591	1234
627	1378
567	1360
582	1348
539	1281
512	1393
581	1234
555	1076
557	1187
569	1385
555	1330
567	1018
567	1351
518	1184
503	1233
523	1097
581	1242
521	1105
485	1248
529	1154
527	1306
490	1216
456	1296
440	1165
495	1223
490	1189
499	1210
494	1220
521	1038
481	1140
522	1232
488	1229
454	1024
551	1232
486	1193
441	1104
476	1151
457	1141
473	921
433	1167
444	1119
387	1121
432	1085
478	1104
443	1237
489	1148
458	1004
450	930
430	981
439	1104
494	1139
471	965
403	1006
399	1191
380	1039
426	1129
417	975
422	903
449	1226
433	1368
483	1429
391	1398
484	1458
476	1379
512	1247
441	1131
495	1236
393	1013
430	1120
375	1356
422	1334
394	1560
407	1448
409	1175
372	1085
440	1151
499	1001
459	1102
467	1269
396	1279
423	1319
441	1258
484	1131
409	1293
432	1243
408	1195
474	1280
389	1359
460	1270
483	1086
420	1108
414	1217
450	1278
475	1404
481	1163
527	1192
441	925
486	1006
450	1097
489	1075
459	929
417	1054
420	1024
485	1177
449	1240
470	1339
523	1241
497	1280
472	1256
520	1033
526	1083
544	1126
529	993
500	1065
504	1161
635	1082
464	999
475	1186
463	1159
502	1369
508	1458
546	1380
496	1237
444	1180
432	1414
481	1282
508	1326
472	1125
493	1210
489	1496
444	1116
477	1132
437	1035
482	1162
451	1055
427	1114
464	1098
484	1072
461	1045
474	1145
481	1118
449	1161
436	1215
428	1214
452	1388
479	1257
543	1034
526	1142
516	1239
449	1296
463	1202
484	1393
454	1161
445	1275
473	1286
508	1066
442	1121
528	964
488	913
461	893
500	984
501	1283
521	1157
517	1009
486	1167
477	1306
529	1263
484	1294
530	1366
515	1168
467	1198
573	1285
490	1293
511	1364
617	1369
632	1169
686	1143
634	1046
623	1253
648	1047
584	1200
593	1091
584	1066
526	1152
499	1201
535	1281
569	1007
499	1178
493	1239
484	1274
604	1151
581	1076
508	1203
478	1154
577	992
475	1290
486	1132
510	973
493	1171
499	1058
442	1224
437	1347
422	1431
440	1098
527	1206
455	1205
472	1065
448	1244
457	997
456	1253
461	1078
506	1273
529	1329
460	1402
519	1286
467	1308
486	1114
448	1191
481	1241
449	1326
488	1234
446	1282
406	1246
434	1372
433	1026
416	1215
447	1173
485	957
494	1099
452	1097
498	1124
535	1118
495	1100
491	1277
525	1259
535	1164
555	1139
478	973
495	1144
493	1112
517	974
446	971
463	1034
469	1155
426	1175
449	1011
440	872
434	1155
468	1111
450	1125
448	1167
415	1031
498	1085
447	1071
568	1087
528	1089
578	939
579	984
480	1074
543	1089
602	1083
540	1031
522	1132
421	1154
491	1110
432	918
460	1046
431	1176
493	1295
470	1395
475	1114
479	1254
420	1058
482	1011
477	1282
411	1335
447	1139
460	1074
435	994
414	1124
409	1303
400	1102
479	1246
440	1200
475	1125
477	991
473	1045
479	1154
494	1183
400	1142
447	994
470	1059
462	1087
391	1099
465	1262
427	1071
485	905
391	1027
474	1105
456	945
506	975
466	1055
421	1183
478	1091
439	1183
463	1074
520	1335
451	1286
453	1236
533	1236
491	1246
519	1131
505	1251
481	1380
415	1027
429	1059
416	1252
446	1057
463	981
426	949
457	916
449	986
455	1092
461	1141
459	958
483	994
432	1097
489	1075
433	1017
517	957
453	958
464	1136
483	1003
522	1069
509	1062
503	985
519	895
476	909
487	854
453	895
495	1054
536	1025
468	921
471	1005
474	1000
516	1134
461	926
496	884
516	787
439	853
472	875
529	819
431	1192
415	942
431	970
512	883
420	1010
462	1275
500	1130
423	1166
478	1341
501	954
491	957
554	1132
529	1037
495	989
484	952
496	959
530	1057
530	1082
467	1076
518	895
443	997
576	1209
528	1084
517	1089
508	1098
523	1097
468	1176
571	1134
554	1064
542	1159
545	1263
496	890
481	850
532	984
482	990
493	1053
466	993
518	1054
538	1286
509	977
572	883
527	1002
569	986
528	1048
527	1021
503	1085
530	1119
497	1171
513	955
531	1275
551	1447
495	1000
542	1009
501	1085
517	1211
476	1192
466	1320
471	1160
537	1112
531	897
528	946
514	1000
510	1015
481	1004
478	1079
445	1074
455	1181
460	1007
462	1030
472	1008
500	1186
465	1091
459	1031
492	1096
518	1264
498	1165
476	1072
471	1456
466	1572
489	1153
459	1101
443	1309
512	1254
429	1311
439	1151
446	1071
503	1106
442	1208
487	1258
466	1101
447	1257
451	1022
422	830
464	926
430	1099
449	983
437	1145
424	911
486	1028
430	1068
460	1043
465	1241
453	1115
487	1094
488	1130
524	1129
472	1143
450	1104
474	1190
480	1097
513	954
497	995
498	1010
516	1072
540	1171
469	1157
429	1139
536	1084
489	938
459	868
500	991
468	1016
442	805
463	972
429	941
468	920
483	1179
457	953
486	949
465	921
481	1053
523	1138
485	1112
509	972
480	1012
489	980
533	1073
488	1186
520	1331
556	1356
534	1228
559	1039
508	1107
501	1132
465	1069
522	1362
508	1419
460	1342
518	980
537	1015
465	1102
512	1116
484	1159
498	1352
580	1140
509	936
525	1127
478	1235
493	1187
523	1203
512	1090
502	1261
555	1313
498	1420
549	1142
531	1147
539	1091
511	1112
537	1185
554	1228
503	1287
518	1099
575	1307
612	1147
575	1147
586	969
559	1275
573	1162
529	1027
535	1151
555	1093
516	1097
596	1238
599	1103
606	1124
541	1024
589	1028
605	1028
647	1082
619	908
608	830
584	996
599	1015
548	993
587	1079
608	1156
557	1036
574	1243
528	1173
514	1262
539	1283
503	1253
469	1407
534	1276
539	1409
534	1327
527	1376
498	1307
475	1430
463	1292
549	1283
524	961
470	1240
534	1331
473	1118
472	1192
586	1075
539	1063
456	1009
467	1020
522	1136
464	1163
492	1133
488	1088
451	1083
516	1133
391	1075
445	1033
433	860
462	986
472	1111
508	1065
479	887
472	962
475	1019
480	1074
492	1398
493	1009
476	917
494	1015
540	1115
485	1172
516	1222
493	929
473	964
447	810
486	875
471	928
510	1092
484	905
532	1142
525	970
488	1092
441	997
483	916
525	1103
498	1266
483	1273
485	1069
497	1271
434	1068
506	1054
491	1017
546	1059
467	1121
489	1014
461	999
485	1137
467	1180
485	1076
549	1027
505	951
540	921
463	819
468	967
433	989
463	1006
500	988
525	883
465	856
487	789
483	909
535	938
447	1049
522	1050
419	820
496	1004
447	1167
479	1219
441	1210
444	1313
484	1144
536	1062
512	1132
532	1166
509	1232
444	1194
445	1085
486	1203
498	1368
481	1146
460	1140
486	1096
432	1497
474	1531
485	1199
539	1133
511	1213
502	1433
520	1197
530	1159
517	1025
514	1149
529	1154
527	1122
504	1098
514	1250
492	983
483	1035
504	893
525	1310
502	1145
511	954
479	1069
471	1090
555	1103
584	1095
591	1141
539	1259
540	1321
492	1286
526	1287
572	1210
623	1370
507	1430
531	1317
512	1066
504	1050
523	858
522	885
536	944
560	955
533	902
503	850
572	885
599	940
571	1155
507	1102
512	1063
579	1272
505	990
502	970
564	932
576	1016
582	1151
547	1113
604	972
602	1216
571	1306
584	1085
609	1139
620	1152
606	1268
622	1019
654	1328
701	1153
715	960
713	1105
717	1192
715	1072
742	1116
729	1127
780	1397
830	1317
810	1041
929	970
931	1042
941	1023
866	1223
947	1131
992	1361
1032	1294
1120	1066
1121	1437
995	1292
1050	1373
1059	1285
1188	1373
1164	1278
1251	1304
1260	1422
1245	1232
1285	1457
1355	1432
1270	1279
1379	1227
1291	1145
1363	1166
1358	1133
1216	1005
1229	929
1314	1192
1279	1092
1324	1032
1382	1193
1369	1140
1308	1053
1324	1078
1341	1127
1366	1074
1383	1040
1318	1066
1337	1107
1253	1155
1187	1070
1221	1030
1190	1090
1102	1182
1038	1117
997	1286
999	1207
1000	1306
871	1026
838	950
871	1050
890	1097
987	1065
862	1144
879	1396
838	1171
830	1179
824	1054
766	1157
704	1308
685	1373
645	1411
682	1520
603	1235
610	1222
579	1039
518	1203
578	1164
515	1169
536	1069
530	1062
571	1131
606	1300
618	1257
566	1339
580	1293
523	1246
546	1062
528	1150
547	1166
561	1207
538	990
515	1083
581	1078
546	1075
527	1143
637	911
536	956
573	1057
469	1210
519	1117
473	1053
543	1155
514	1179
487	1065
518	1179
566	1333
538	1226
518	1108
542	997
573	1061
517	1031
591	1137
535	1035
510	1125
525	1033
543	1239
481	1063
523	1104
467	1053
546	969
528	1225
534	1214
553	1097
550	1083
642	1285
637	1293
671	1024
819	1097
795	1152
757	1101
738	950
803	1181
834	996
786	1064
721	1097
739	1258
823	1186
792	1240
756	1290
697	1515
816	1293
888	1317
926	1344
1027	1351
1022	1429
1081	1214
1167	1177
1228	1187
1270	1164
1233	1273
1269	1189
1275	1185
1431	1151
1564	1069
1642	1074
1553	1164
1661	1017
1892	1011
1870	987
1889	1007
1886	1158
1788	1106
1899	1014
1894	1001
1702	1137
1568	1075
1454	1067
1419	902
1360	1060
1377	1138
1397	1173
1448	1106
1682	944
1870	906
1863	1125
1968	1042
1935	1061
1804	1147
1491	1216
1530	1206
1624	1046
1605	965
1427	1093
1314	1307
1165	1256
1245	1021
1256	957
1205	1114
1133	1113
1046	1112
1072	1126
1182	1154
1187	1232
1066	1284
1049	1216
893	1299
870	1537
818	1227
750	1172
695	1197
613	1148
578	1129
649	1200
657	1114
631	1118
664	1168
608	1074
622	948
576	1098
599	1179
607	1077
565	995
562	1236
539	1088
503	1089
538	1327
514	1223
473	1338
469	1320
420	1147
483	1265
503	1076
497	1270
510	1406
504	1241
497	1311
467	1102
471	1032
510	1229
477	1291
481	1059
516	1052
548	981
467	972
469	1066
512	974
477	1057
403	1004
474	1086
460	1092
486	1069
436	1096
481	965
559	987
489	894
474	961
433	1087
391	1087
368	1172
474	1077
437	1228
479	1189
415	1107
461	1092
501	1155
452	1014
430	1166
434	987
411	1006
425	1125
426	956
435	1211
475	1326
411	1445
448	1472
450	1498
432	1468
399	1401
463	1243
427	1248
428	1237
397	1021
376	868
368	829
464	933
409	965
490	1145
428	1221
487	1344
439	1223
419	1296
420	1313
447	1320
441	1399
444	1583
458	1304
373	1142
405	1103
419	1192
351	1202
451	1087
461	1151
490	1121
464	940
454	1000
409	1078
431	1005
479	1249
465	1182
345	1081
372	982
349	1112
406	898
395	899
409	943
420	923
410	1080
393	933
398	966
371	806
429	925
415	1072
392	915
403	966
495	1247
503	1086
480	1092
457	1083
415	1311
487	1237
450	1089
530	1114
420	1232
378	1299
432	1262
510	1325
426	1122
461	1187
437	1116
441	1144
473	1054
481	1062
448	1271
487	1248
457	1201
431	1014
438	966
429	1207
418	1244
419	1043
424	1074
401	1117
421	1241
421	1059
481	1017
410	1062
455	1000
421	1025
437	869
413	917
476	842
397	902
476	1033
464	1164
473	1076
437	1056
491	1086
441	1070
466	1016
447	1059
406	1064
440	1067
392	1239
410	1234
445	1298
491	1167
434	1086
432	978
454	1074
407	1059
413	1092
496	1159
482	1229
382	1233
462	1215
435	1332
452	1351
454	1299
403	1153
409	1194
401	1308
404	1112
403	1201
383	1227
441	1249
416	1102
412	1207
455	1166
504	1088
417	1216
445	1277
462	1161
469	1115
463	925
421	905
495	1125
436	1119
439	1184
507	1208
600	1346
433	1368
543	1286
714	974
831	918
771	1174
744	1116
650	1297
850	1229
931	1120
968	1204
1009	1223
1060	1278
923	1338
705	1496
649	1248
646	1456
759	1360
691	1093
605	1207
440	1372
445	1215
458	1241
506	1303
483	1282
484	1458
447	1268
423	1278
514	1252
466	1077
537	1155
526	1300
547	1237
492	1271
502	1202
505	1059
460	1037
491	1013
444	1123
487	1186
634	957
641	881
701	1065
660	1130
601	1218
630	1300
603	1399
582	1384
550	1338
494	1290
525	1290
527	1131
578	1347
668	1196
696	1118
666	1060
775	859
747	1067
728	1144
701	1127
706	1131
643	1223
692	1100
729	1261
654	1167
577	1144
504	1188
481	1435
458	1376
481	1152
502	1180
588	1047
522	1088
523	1158
445	1070
462	962
476	1243
475	1420
464	1190
451	1062
422	1110
437	972
424	1133
409	901
449	913
430	1012
431	1229
486	1056
445	1090
450	1231
496	1115
491	1278
502	1043
362	1058
426	1048
501	1183
491	1182
414	1077
382	1061
404	888
400	952
479	1117
473	1162
542	1241
471	1254
449	1267
438	1273
433	1234
418	1053
434	917
452	1116
427	974
445	982
445	884
409	979
487	1129
459	889
420	876
417	1031
433	958
410	930
390	1163
421	1055
406	1117
398	1241
461	1070
414	913
452	1042
444	1020
452	807
417	886
423	949
450	976
420	1251
373	1086
437	1279
368	1314
401	1053
457	1002
349	959
436	1085
434	887
464	979
460	999
411	1150
423	1278
397	1082
413	1147
424	1148
448	1153
429	1037
438	1108
456	1044
466	1134
490	1135
426	1351
443	1463
426	1099
404	1175
425	1023
528	1376
508	1255
608	1290
591	1169
625	1196
630	1181
746	1250
750	1287
757	1244
713	1146
753	1272
690	1209
689	1071
572	999
656	1221
758	1326
781	1245
1010	1309
985	1113
984	1103
945	1106
1005	1090
1033	1057
962	1189
893	994
911	1176
960	1476
963	1116
1056	1394
1145	1411
1145	1432
1239	1253
1341	1077
1502	1270
1549	1340
1586	1265
1645	1217
1949	1248
2016	1242
1842	1211
1807	1311
1684	1124
1703	1349
1546	1169
1354	1065
1141	1057
1101	1115
987	1312
944	1345
1023	1284
1037	1145
1111	1100
1113	1107
1157	1120
1251	1095
1405	1115
1509	1018
1447	903
1348	1048
1403	1056
1417	1099
1446	1181
1179	1153
1141	1280
1121	1357
1121	1199
1096	1392
1042	1361
953	1204
1027	1228
1025	1358
969	1422
1016	1266
890	1104
884	1160
899	1277
876	1179
929	1147
899	1234
864	1105
731	1113
856	1152
809	1097
800	1061
709	1096
725	1101
633	1133
760	1093
784	1332
663	1224
642	954
567	1168
582	1238
553	1230
509	1141
455	1060
479	1039
490	1002
480	1138
493	1073
473	1239
436	1163
506	1123
479	1249
483	1442
473	1231
455	1114
384	1080
438	1101
502	1157
419	997
412	936
445	1018
390	1072
447	1098
445	1054
387	1089
451	1144
405	1280
371	1191
481	1137
444	1144
442	1077
445	1229
424	1007
468	1024
440	1072
522	1014
476	1119
456	1114
407	1150
438	1093
418	1038
461	1298
445	1310
445	1301
469	1157
474	1145
407	919
418	1300
436	1482
394	1473
448	1341
461	1255
461	1354
475	1156
485	1172
448	1172
450	1349
442	1434
440	1016
463	1118
473	1198
417	1231
423	1153
444	1518
434	1425
458	1284
463	1300
434	1240
450	1133
412	1119
469	1173
469	1188
531	1026
473	1078
487	992
507	1099
517	963
441	1091
382	1093
467	1434
482	1221
430	1324
491	1220
507	1306
504	1236
484	1054
483	1174
430	1183
421	998
468	966
455	972
471	992
414	1215
426	1151
474	1147
451	1045
466	1210
496	1203
465	1092
485	1250
494	1111
527	1159
505	1356
502	1355
534	1260
506	1341
492	1095
580	1077
563	1217
522	1075
544	1213
551	1297
500	1158
571	1189
593	1313
521	1047
556	1213
509	1064
608	1174
574	1343
503	1261
561	1252
612	1115
518	1220
539	1182
452	1191
497	1291
482	1244
493	1153
465	1176
469	1132
483	1111
392	1265
412	1111
420	1338
448	1439
487	1318
478	1433
492	1314
499	1418
566	1289
524	1300
556	1304
570	1317
546	1333
531	1256
494	1263
574	1427
486	1334
431	1178
468	1175
501	1209
465	1194
517	1142
467	1192
395	1236
479	1172
470	1040
436	1033
471	1097
502	1312
502	1247
470	1272
423	1276
462	1322
448	1328
454	1290
396	1170
442	1270
402	1275
410	1354
434	1283
404	1245
430	1065
451	1193
401	1228
428	1380
463	1111
400	1064
451	1068
417	1097
482	1237
486	1400
471	1291
403	1103
429	1202
426	1375
425	1396
478	1434
398	1247
418	1219
399	1252
362	1312
390	1227
453	1364
424	1383
400	1304
403	1323
420	1277
410	1494
443	1306
433	1369
414	1443
441	1434
426	1423
410	1358
409	1508
409	1110
428	1068
444	1155
392	1073
409	916
439	1251
377	1241
374	1126
433	1107
416	902
417	932
389	1127
389	1005
416	877
414	938
489	1002
426	1026
390	1131
402	1109
375	1257
426	1170
381	1130
356	1195
380	1108
415	1184
415	1146
398	1183
408	1079
372	1081
426	1114
388	1064
391	1084
400	919
376	1148
391	1130
406	1021
398	1084
403	1017
380	1178
433	1012
407	937
423	1029
451	1018
453	1022
412	1091
456	1160
459	1181
472	1220
467	1101
419	982
402	1114
376	1270
409	1397
385	1162
415	1026
388	1135
434	1213
453	1249
416	1044
392	939
426	810
399	1003
416	1122
369	1242
401	1104
404	1232
436	1293
405	1130
439	1156
377	1133
385	1253
384	1245
423	1269
453	1298
386	1159
406	1095
508	1104
421	1197
411	1229
393	1267
451	1240
355	1106
475	1085
440	1167
475	1422
448	1420
485	1609
423	1327
418	1305
456	1202
417	1315
416	1157
399	1191
437	1174
387	1061
406	1221
425	1110
445	1100
439	1241
465	875
466	1039
424	1172
462	1180
466	1129
449	994
451	1151
420	1225
434	1327
425	1366
461	1252
439	1235
366	1176
329	1228
419	1159
327	1085
374	1038
424	861
396	1092
433	1161
459	1173
375	1349
349	1152
420	1250
459	1296
416	1286
442	1291
419	1535
419	1415
470	1487
509	1822
466	1658
483	1181
503	1370
469	1461
479	1267
463	1148
474	1281
473	1134
469	1347
398	1518
460	1793
455	1730
452	1503
465	1799
405	1775
478	1469
416	1360
447	1366
440	1329
352	1480
390	1291
468	1445
441	1243
449	1445
416	1257
369	1140
399	1147
454	1029
414	1167
409	1332
447	1345
439	1291
424	1184
406	1295
409	1289
391	1029
410	1025
423	1313
415	1365
392	1211
425	1354
349	1299
386	1462
442	1396
462	1390
387	1218
396	1156
413	1226
413	1135
389	1448
403	1380
417	1204
397	1274
391	1209
433	1296
379	1256
408	1289
397	1116
465	1143
414	1182
395	1183
426	1028
385	1161
444	1307
420	1233
452	1161
429	1212
415	941
407	1009
382	1204
380	1324
454	1267
459	1190
527	1198
458	1133
591	1240
589	1073
619	1130
559	1322
478	1116
504	1186
488	1254
476	1350
454	1253
412	1131
360	1153
443	1098
578	1157
455	1197
452	1243
496	1217
446	1239
412	1038
401	1042
363	1115
367	931
367	959
437	1097
402	1099
439	966
433	1112
453	1304
406	1260
526	1261
392	1204
386	1071
419	1179
424	1149
412	1232
413	1354
451	1402
409	1429
380	1358
408	1223
390	1313
446	1119
405	1160
391	1095
395	1122
415	1034
410	1034
448	1184
402	1033
413	995
452	1120
470	1242
444	1216
451	1211
425	1258
427	1289
482	1092
483	1001
429	1018
405	1108
371	994
436	987
484	1237
497	1101
512	990
555	1066
701	1139
733	1041
653	1156
714	1219
586	1158
458	987
529	1089
504	1319
494	1127
456	1095
478	1282
440	1100
413	1179
423	1021
461	1055
419	1017
440	1122
418	1033
459	1166
473	1218
406	1138
434	1312
441	1367
417	1094
414	1222
457	1217
427	1131
393	1037
372	1168
401	1185
430	1240
453	1142
455	1174
429	1356
374	990
440	1189
432	1235
369	1273
367	1205
442	1051
392	1258
391	1177
426	1176
428	1433
461	1356
438	1331
390	1351
420	1315
482	1130
459	1237
410	1099
400	1250
395	1162
447	1093
437	1065
432	994
433	1246
424	1051
423	1328
417	1177
445	1240
402	1227
447	1132
455	1124
365	1157
399	1098
387	1148
410	1234
414	1386
434	1215
397	1092
440	1326
400	1612
508	1381
407	1260
420	1499
441	1175
393	1068
388	1254
440	1258
469	1077
415	1183
468	1107
429	1387
453	1112
403	913
464	1036
409	930
447	982
410	921
404	982
463	1051
401	984
422	988
467	1029
483	1194
410	1135
401	1076
435	1130
426	1005
474	1015
449	1295
460	1180
447	1297
418	1086
439	1191
447	1180
414	1179
376	1164
422	1120
381	1340
441	1498
449	1229
437	1074
392	1090
403	1056
421	1376
391	1150
407	1166
440	1075
451	1195
416	1356
422	1158
428	1394
413	1050
410	1171
468	1424
442	1477
429	1492
448	1398
423	1225
452	1062
391	972
445	1234
399	1192
450	1254
436	1544
420	1312
421	955
470	1033
519	1316
385	1085
438	1279
433	1147
374	1040
365	1203
400	1168
484	1251
482	1443
448	1144
436	1132
404	1167
389	1242
448	1224
424	1388
432	1387
417	1244
425	1225
463	1355
444	1509
422	1207
373	1151
423	1160
426	1056
408	1107
405	1079
385	1263
372	1238
386	1012
380	958
416	1015
449	947
443	905
391	894
427	827
406	878
445	853
398	1031
413	1254
309	1372
396	1275
393	1266
397	1327
385	1228
415	1160
349	1306
425	1163
437	966
404	1023
456	1116
410	1302
409	1225
436	1171
418	1311
410	1178
407	1023
371	1126
390	1272
413	1201
420	1153
372	1228
385	1148
380	1092
376	1073
441	1020
371	954
390	1215
362	1211
414	1288
433	1288
448	1313
385	1268
409	1274
460	1230
420	1249
412	1160
434	1266
406	1399
374	1160
376	1232
413	1133
448	1319
407	1206
399	1197
436	1107
407	1197
441	1150
383	1035
449	1195
420	1073
364	992
416	1018
368	1088
405	1093
450	1079
502	1056
429	950
456	942
477	967
401	1202
410	1197
445	1097
407	1211
378	1154
423	1351
450	1374
422	1458
464	1270
504	1328
532	1116
508	1102
548	1435
486	1343
485	1459
553	1446
501	1212
496	1202
561	1385
610	1244
514	1189
496	931
489	961
448	1172
497	1177
514	1149
502	1144
444	1206
425	1278
401	1299
433	1230
427	1056
454	1273
459	1120
435	1222
443	1266
456	1189
457	1278
411	1433
475	1498
498	1474
473	1412
421	1261
373	1454
457	1397
381	1374
450	1193
392	1096
466	1385
426	1399
426	1442
461	1390
428	1172
413	1272
438	1245
457	1393
405	1244
455	1562
389	1471
497	1149
412	1222
471	1396
420	1276
457	1252
491	1352
458	1266
492	1178
449	1266
453	1150
505	1225
486	1084
438	1179
479	1239
458	1208
489	1126
484	1030
430	938
472	1105
487	1169
512	1069
467	1005
393	1035
429	1129
438	1137
437	1202
469	1024
470	1007
426	1038
485	1209
465	1500
408	1053
371	1023
457	1130
424	1268
450	1244
380	1288
444	1235
385	1277
424	1106
442	1249
480	1169
499	1202
553	1305
465	1350
447	1215
544	1248
486	1320
475	1186
445	1271
516	1096
478	1166
485	1155
512	1131
442	1247
425	1373
482	1264
452	1186
466	1203
488	1216
465	1072
526	1090
486	1137
524	1231
544	1308
499	1212
520	1185
438	1184
477	1082
496	1209
518	1338
465	1205
478	1329
441	1216
458	1089
504	1376
508	1186
487	1259
419	1160
470	1237
497	1515
459	1362
481	1072
462	1099
493	1215
457	1236
513	1232
445	1342
557	1047
529	1163
449	1164
491	1053
470	1158
485	1286
509	1430
468	1230
499	1014
489	1025
459	1235
505	1159
480	1128
433	1148
521	1246
496	1125
520	898
476	1289
526	1076
526	979
480	1121
481	1216
430	1123
488	1265
503	1007
541	973
475	1124
478	1129
461	1119
464	978
464	1132
453	1067
480	1087
444	1041
514	1092
533	1241
500	1201
509	1161
478	1092
554	1140
523	1138
553	1289
534	1186
507	1288
448	1073
415	1064
509	942
420	1177
478	1193
468	1068
439	1053
478	1123
436	1249
454	1080
467	1093
506	1013
502	1029
438	1065
480	1042
517	1109
412	852
475	1015
476	980
486	1020
479	1005
455	978
449	1035
432	1023
480	1106
472	1090
445	1108
437	1291
465	1270
494	1245
505	1168
493	1153
428	1191
410	1131
419	1371
419	1170
464	1167
513	1282
513	1323
515	1183
513	1217
442	1239
488	1135
477	1057
439	1127
453	1157
514	1233
430	1253
452	1226
462	1315
415	1378
399	1195
415	1145
498	1361
433	1260
504	1275
455	1237
486	1217
473	1309
467	1312
470	1336
481	1139
508	1175
469	1237
489	882
438	1209
443	1173
461	1322
463	1185
428	1239
440	1199
433	1316
505	1342
428	1123
455	1390
457	1146
420	1298
422	1088
484	1214
448	1397
431	1316
442	1355
397	1426
484	1358
422	1217
400	1074
385	990
448	867
444	915
431	920
433	1001
408	967
454	1155
443	1050
377	1117
406	1142
424	910
390	860
454	1109
414	1237
441	1101
402	1177
416	1134
448	1247
437	1229
418	1361
429	1157
366	1172
399	1097
383	1090
417	1045
465	1231
430	1213
437	1162
421	1140
446	1245
402	1383
389	1407
484	1366
439	1262
494	1278
479	1202
489	1223
473	1137
448	1154
451	1391
446	1204
406	1519
449	1414
434	1197
447	1106
469	1163
521	1110
417	1168
411	1269
430	1242
372	1238
436	1217
421	1210
421	1256
432	1281
477	1168
444	1367
429	1394
375	1199
445	1067
416	1023
464	1010
457	1082
396	901
398	1217
460	1271
444	1269
421	1334
408	1411
446	1439
452	1266
481	1182
425	1061
444	1056
424	934
474	960
422	916
421	1081
461	986
431	1071
450	1181
436	1057
428	1181
441	1338
377	1327
398	1269
406	1285
413	1246
423	1334
466	1258
429	1492
388	1560
350	1279
449	1330
434	1190
445	1325
462	1268
459	1200
447	1162
422	1174
396	1049
429	1214
428	1395
380	1188
386	1212
393	1037
436	1021
415	909
375	1028
474	1172
427	1272
390	1401
362	1290
403	1155
411	1321
458	1090
416	1293
478	1406
451	1236
426	1299
390	1209
412	1297
451	1149
442	1165
482	1197
437	1427
440	1344
524	1138
498	1119
467	1162
517	1104
499	1220
523	1015
573	1201
579	1052
534	935
508	951
542	1196
529	1223
505	1166
531	989
427	1044
419	1063
477	919
413	978
492	1189
460	1056
474	893
442	955
477	883
424	981
440	995
463	990
496	1107
475	1206
551	1138
517	1101
493	1104
418	1003
449	1164
487	996
518	1094
492	1195
461	1082
490	1245
505	1288
493	1181
479	1144
469	1175
423	1208
415	1325
431	1156
423	1175
341	1105
377	1175
449	1256
441	1156
423	1089
453	1256
433	1149
441	1177
397	929
416	1167
409	1050
408	1036
388	946
407	1053
448	1266
488	1020
371	1046
433	1214
346	1334
415	1496
413	1452
411	1208
417	1158
415	1182
431	1396
405	1361
422	1134
390	1144
455	1227
394	1319
409	1135
421	1183
460	1215
448	1116
431	1009
454	1247
387	1130
394	1196
420	1199
408	1076
397	1158
442	1111
400	1123
404	1140
433	1127
396	1012
428	901
382	1045
397	1187
418	1188
435	1322
393	1244
434	1220
466	1436
419	1149
403	1162
380	1038
367	1025
438	1215
427	1181
451	1206
439	1160
407	1262
387	1121
351	1147
382	1177
380	1063
416	1146
386	1169
343	1002
330	1209
429	1462
403	1174
473	1115
430	1215
440	1278
402	912
433	928
426	1069
444	983
387	1087
397	967
441	1185
449	1065
466	1299
390	1347
369	1161
436	1181
493	1258
442	1301
401	1198
512	1319
495	1256
500	1071
517	1290
478	1355
407	1373
425	1325
467	1407
435	1310
459	1426
448	1127
434	1016
439	1117
450	991
438	889
499	1062
468	1180
484	1125
436	1177
507	1148
538	1019
543	1100
501	1188
600	1164
503	1058
483	1033
517	1277
507	1284
481	1076
489	1000
425	1008
497	971
387	882
420	1193
470	1117
454	1165
518	1095
443	1039
444	1020
503	1053
485	1229
444	1133
472	1190
459	1009
464	1065
452	1141
457	1148
482	1187
494	1382
468	1335
445	1419
440	1298
439	1592
517	1360
503	1223
464	1171
460	980
498	1124
459	1189
446	1290
427	1098
441	1242
458	1200
478	1334
471	1111
492	1185
446	1083
499	1280
455	1247
462	961
464	1096
493	1123
494	1327
428	1019
482	1044
442	1105
403	1092
457	1190
417	1233
459	1196
541	1197
496	919
569	905
511	1075
483	964
503	1205
449	1198
429	1317
426	1123
399	1162
418	1123
405	1010
397	1101
406	991
426	1184
409	1139
465	1102
447	1087
449	1219
413	1263
406	1181
419	1191
359	1284
467	1544
448	1378
497	1488
550	1120
458	1195
398	1143
451	1338
444	1225
428	1263
471	1202
460	1184
460	1035
371	1319
462	1161
411	1114
413	1013
428	878
442	969
371	1065
419	1031
457	963
465	1495
469	1319
436	1214
458	1070
453	1404
451	1292
417	1019
428	1020
454	1020
429	990
417	996
409	1084
385	1080
473	1211
456	1131
444	1242
422	979
388	856
463	1017
425	1132
420	1165
397	1163
345	1058
404	1114
433	1016
432	1270
413	1286
437	1114
440	1015
403	1012
433	1155
433	1153
400	1157
424	1189
412	1292
409	1403
442	1226
426	1123
412	1034
429	1038
453	1101
430	1167
445	1093
416	1118
331	1057
397	1206
432	1115
432	1029
449	1140
378	1106
452	1249
413	1130
450	1189
386	1051
384	1266
410	1241
452	1329
393	1259
383	1257
409	1329
395	1219
417	1276
378	1222
371	1163
398	1157
424	1183
402	1317
434	1342
456	1296
443	1151
444	1112
405	1149
366	1150
414	1109
441	977
410	1068
399	1130
426	1181
438	1287
421	1051
437	957
453	874
364	872
426	1020
453	944
421	1066
368	1103
426	982
383	984
417	889
476	989
475	1179
442	1108
410	1109
400	996
432	1078
423	1205
402	1193
470	1278
409	1224
383	1161
399	1322
370	1122
394	1307
385	1305
389	1370
393	1268
458	1287
485	1176
452	1124
441	1113
434	955
455	1091
451	1140
436	1159
453	1247
400	1165
473	1212
442	1105
438	1204
395	1012
470	1104
425	1164
446	1303
450	1365
426	1302
428	1150
402	1006
357	1069
403	1107
407	1129
439	1078
440	1079
470	1213
425	1252
448	1233
443	1055
456	1172
434	1104
473	1266
491	1287
463	1277
445	1139
390	1042
395	845
459	868
453	829
483	863
469	1054
412	916
417	1114
412	1314
416	1254
423	1081
450	1173
451	1008
446	1082
356	1050
411	1239
414	1215
448	1242
388	1249
358	1236
383	1399
408	1316
408	1525
376	1595
415	1270
415	1450
427	1706
406	1453
434	1169
408	1020
409	1217
425	1345
439	1423
431	1398
461	1195
444	1140
431	1234
417	1217
464	1133
467	1283
455	1278
406	1311
412	1416
395	1243
443	1242
375	1188
388	1274
424	1226
355	1268
413	1390
427	1157
397	991
446	1202
380	1268
401	1159
359	968
453	1227
426	1290
410	1233
379	1250
413	1137
422	1377
393	1263
407	1261
399	1354
417	1290
385	1143
430	1302
404	1426
459	1578
405	1331
425	1367
420	1224
402	1090
447	1103
405	1126
399	1181
455	1082
426	1104
442	1177
451	993
456	1048
433	965
400	1050
399	995
429	863
392	1050
383	1024
385	973
447	949
420	1211
455	1134
411	1141
516	1224
433	1070
471	996
452	972
453	1049
446	1027
384	1207
444	944
422	1068
395	1201
421	1120
429	955
473	946
454	1235
458	1271
418	1219
455	1337
488	1174
441	1136
419	1258
452	1120
429	1163
401	1210
435	1291
430	1489
423	1330
412	1229
499	1311
490	1205
430	1177
477	1234
520	1321
477	1182
481	1295
456	1276
495	1071
464	1239
513	1109
512	945
518	1109
524	993
514	979
515	972
526	1058
496	990
522	962
504	1051
526	989
525	911
547	1140
487	1087
544	1179
520	988
505	961
534	908
505	995
501	1132
497	1023
489	1071
488	1088
470	1117
469	1120
458	1155
505	1062
498	993
545	1075
550	1052
479	1108
526	1249
543	1136
538	1278
465	1431
482	1325
490	1594
493	1692
527	1615
480	1264
475	1335
467	1402
509	1510
470	1538
563	1326
539	1246
466	1629
497	1611
492	1368
456	1377
486	1354
466	1351
447	1148
442	1171
442	1336
448	1095
409	988
487	896
538	1205
628	1176
654	1079
560	973
606	1015
643	1032
592	1099
595	1105
498	1110
524	956
543	956
519	1047
538	1035
535	915
458	1003
446	981
472	941
453	944
452	1103
536	1123
479	1060
459	953
438	1014
474	1039
421	1098
459	1137
442	975
487	1213
516	1440
453	1431
484	1619
478	1333
428	1281
395	1122
444	1277
470	1292
511	1359
492	1285
470	1051
517	1203
699	1361
690	1416
779	1319
776	1401
753	1307
777	1302
907	1449
1091	1390
949	1237
1034	1325
1129	1169
1005	1299
893	1240
921	1257
890	1107
933	1340
967	1330
1096	1297
987	1384
945	1254
993	1038
1089	1328
1240	1465
1286	1179
1137	1253
1128	1414
1075	1318
1065	1368
1169	1264
1149	1174
1182	1202
1297	1323
1295	1302
1283	1410
1271	1448
1342	1314
1166	1430
987	1371
875	1356
964	1305
1138	1397
1175	1186
960	1255
916	1077
961	1281
890	1297
753	1309
545	1380
476	1357
452	1192
486	1177
470	1194
537	1059
426	958
435	1253
459	1359
488	1401
495	1474
372	1229
407	1167
413	1193
407	1034
415	988
387	1074
347	1189
423	970
418	1131
501	1140
469	988
415	952
418	1204
400	1401
422	1137
442	938
456	1024
396	971
392	987
447	1137
411	1166
434	1022
475	1217
491	1063
403	1427
527	1188
444	987
395	1079
483	1197
438	1158
480	1186
446	1188
460	1221
485	1301
436	1231
387	1323
473	1133
466	1244
456	907
412	1191
397	1137
353	1147
381	1117
433	1281
396	1211
418	1188
354	1333
420	1176
397	1233
468	1166
426	1042
416	1041
388	1065
379	1059
418	988
400	1077
367	1054
363	1204
356	1423
362	1107
385	1234
432	1046
416	1266
430	1250
444	1157
385	950
455	1155
387	1031
427	1148
448	1344
439	1127
438	1279
390	1137
420	1224
397	990
410	1078
403	1119
443	1139
380	1304
369	1327
389	1268
401	1343
401	1103
390	950
392	1171
425	1167
369	1050
429	1039
387	1085
429	1038
473	1101
503	1191
445	1236
426	1189
397	1012
392	1072
454	1093
392	1067
401	1027
378	1182
438	1101
446	1339
416	1208
461	1308
413	1171
530	1093
537	1036
525	1052
528	1140
574	1083
507	1208
537	1175
541	1287
585	1203
554	1329
581	1218
558	1258
591	1274
546	1111
579	1038
691	1264
717	1460
878	1230
784	1153
739	1129
804	949
759	1009
736	1192
710	1244
667	1222
683	1257
710	1335
798	1213
876	1365
871	1122
1081	1191
1203	1214
1286	1146
1371	1384
1227	1205
1261	1150
1262	1231
1216	1224
1103	1253
1040	1099
1001	1398
981	1260
1076	1156
1085	974
1149	1152
1122	1076
1283	1379
1528	1141
1579	1035
1690	928
1793	954
1873	1281
2080	1417
2100	1225
2129	1272
1972	1111
2074	953
2121	1090
2166	1157
2187	1120
2083	902
2194	886
2464	1034
2622	1000
2445	1014
2443	1009
2512	993
2684	834
3066	842
3436	1099
3428	1051
3464	1113
3513	1075
3504	1080
3281	1061
3294	1012
2981	1177
2819	1088
2944	1105
2817	1081
2902	1118
2955	1203
2998	1129
2923	1287
2784	1111
2725	1011
2655	1214
2848	1128
2858	1164
2739	1228
2567	1111
2642	1165
2479	1045
2422	1068
2334	1002
2377	1292
2466	1254
2601	1187
2795	1197
2997	1343
3180	1098
3440	1172
3542	1233
3594	1145
3491	1221
3431	1330
3059	1159
2821	1106
2422	1230
2069	1213
1884	1156
1875	1137
1822	1210
1846	1208
1857	1110
1979	1152
2142	1034
2246	1146
2558	1185
2944	1327
3261	1395
3380	1377
3587	1371
3555	1531
3432	1527
2824	1207
2365	1157
2156	1196
1952	1131
1777	1070
1483	1004
1298	1041
1185	1075
1215	1058
1327	1032
1161	1248
1004	1440
1015	1622
1147	1404
1161	1354
1185	1165
1033	1088
994	1249
1091	1058
1013	1106
915	1206
875	1067
721	1095
655	1203
746	1170
701	1143
665	1095
655	987
625	1192
611	1220
562	1102
544	1077
586	1060
514	1078
505	1285
574	1310
508	1166
560	978
499	1138
543	1215
548	1245
436	1302
477	1145
440	1200
439	1090
460	1237
436	1297
461	1231
425	1260
430	1192
388	1148
397	1117
389	1166
460	1165
316	1128
437	1173
426	1123
447	943
417	1055
429	1055
445	1135
463	1141
401	1188
406	1236
413	1195
382	1273
375	1119
466	1495
364	1187
386	1127
407	949
395	1106
376	1106
414	1115
431	1143
431	1085
460	1092
424	980
417	1026
367	1149
380	1077
452	1008
412	959
457	1228
454	1202
376	1260
378	1182
452	1149
407	1141
430	1109
472	1160
371	1400
433	1188
407	1312
414	1147
442	1017
427	1256
452	1234
456	1166
418	1104
435	1089
463	1035
442	1154
416	995
393	1175
455	1149
394	1036
415	1027
398	1093
435	1017
409	1037
394	1105
353	1223
363	1320
437	1198
372	1085
404	1033
370	1028
347	1117
371	1161
418	1272
445	1297
388	873
426	1052
389	1163
383	1295
396	1288
402	1319
447	1258
383	1309
402	1673
408	1410
441	1340
409	1260
457	1214
403	1198
438	1090
438	1181
408	1219
435	1232
425	1276
399	1234
377	1242
414	1276
378	1252
387	1092
423	1091
400	1076
443	1191
459	1292
455	1251
435	1033
456	1123
403	986
424	974
391	1224
392	1168
421	1130
360	1209
390	1261
377	945
405	1050
426	1250
415	1315
398	1367
417	1136
399	1327
482	1347
412	1315
396	1371
426	1414
365	1205
393	1249
392	1220
401	1350
408	1338
345	1182
383	1103
417	1192
399	1220
400	1081
358	1003
410	1267
450	1111
416	1241
413	1154
417	1053
486	1020
450	1101
396	1190
413	1127
422	1305
437	1499
408	1311
400	1292
428	1426
415	1233
429	1094
446	1002
462	1076
477	1279
408	1153
406	1254
404	1061
468	1085
392	1100
417	1312
445	1120
427	1147
428	1172
392	1270
443	1178
398	1220
411	1154
390	1299
387	1319
399	1429
398	1134
439	1167
423	1192
403	1258
431	1326
449	1492
454	1370
487	1443
501	1418
454	1439
412	1253
443	1246
404	1244
376	1088
436	1157
356	1166
389	1174
475	1188
424	1087
421	1050
412	1205
477	1193
425	1178
469	1335
453	1088
448	1066
489	1306
446	1320
448	1400
406	1586
427	1328
404	1225
405	1246
421	1110
337	1135
360	1220
423	1482
385	1283
444	1355
410	1401
391	1347
376	1146
377	1410
423	1333
395	1179
398	1196
452	1155
397	1303
384	1450
434	1417
431	1551
441	1423
448	1316
444	1673
464	1325
417	1088
434	1093
445	1096
405	1136
380	1034
383	1226
451	1255
411	1193
366	1291
379	1281
431	1500
439	1486
402	1387
376	1238
433	1195
435	1356
421	1185
463	1267
396	1290
371	1135
380	1254
433	1352
388	1210
414	1231
397	1163
390	1100
354	1132
436	1045
346	1082
438	1166
462	1165
459	1112
416	1098
416	1216
412	1067
441	1012
472	1242
430	1104
415	988
399	1069
384	982
450	1056
431	1111
393	1161
442	1055
413	1035
378	1212
458	1300
421	1303
403	1268
387	1485
386	1574
455	1400
413	1467
430	1294
394	1018
405	1028
416	1101
464	1091
364	1111
372	1074
410	1162
377	1139
420	1020
391	1005
440	1117
373	972
399	1091
357	1250
370	1224
364	1069
430	900
423	1075
409	1032
418	1073
383	1183
403	1087
390	955
379	954
398	1005
432	1219
439	1146
400	1082
408	1004
369	1061
444	1135
429	1378
435	1282
482	1255
481	1189
463	1341
404	1225
381	1229
419	1021
442	1274
413	1282
430	1244
482	1201
466	1431
416	1144
482	1320
450	1338
440	1279
434	1366
416	1228
382	1104
389	1190
406	1226
383	1156
373	1093
366	1287
397	1436
415	942
487	1098
530	1036
424	929
437	997
426	1116
454	1284
428	1174
413	1343
438	1197
384	1205
357	1148
456	1012
416	1127
422	1008
385	948
426	976
399	1049
384	950
390	1115
371	1375
403	1058
415	1078
477	1291
480	1375
385	1214
460	1134
421	1290
475	1204
411	988
396	1071
445	983
384	994
362	902
482	1027
451	1193
455	1172
385	1021
428	1182
435	1100
471	867
448	995
420	1126
445	1184
433	1043
464	1172
457	1222
506	1133
443	1214
448	1165
418	1253
399	1369
382	1292
445	1255
527	1170
459	1104
477	1026
418	1139
481	1215
431	1182
466	1363
435	1292
443	1145
444	1196
452	1342
481	1290
481	1294
506	1373
488	1271
532	1377
452	1285
494	1146
487	1185
435	1377
431	1155
461	1178
550	1388
458	1164
459	1050
476	1185
531	1233
492	1338
437	1332
479	1270
486	1394
505	1352
518	1425
499	1293
564	1492
507	1450
464	1134
485	1238
449	1276
465	1408
467	1484
485	1382
432	1210
436	1335
443	1327
451	1228
507	1062
403	1252
451	1231
500	1162
474	1244
441	1221
451	1312
381	1328
453	1218
425	1149
433	1193
414	1325
461	1296
464	1262
450	1115
416	1067
426	1181
411	1280
418	1383
391	1266
378	1176
398	1589
352	1438
421	1323
459	1342
440	1072
411	1121
461	1144
406	1259
387	1169
464	1270
393	1035
393	1215
384	1149
412	1032
392	1094
337	1126
375	1030
404	1017
426	1087
414	1119
332	961
387	1087
425	1016
384	1125
410	1109
390	1207
377	1136
413	1192
389	1253
381	1190
390	1174
424	1263
347	1244
475	1292
412	1177
414	1063
444	1075
396	1075
488	1273
435	1170
410	1160
403	1056
380	1077
394	1141
419	1299
444	1250
463	1313
397	1395
417	1191
455	1264
432	1426
477	1300
404	1184
445	1347
365	1215
458	1261
423	1190
437	1191
473	1233
478	1318
470	1248
465	1240
432	1254
390	1177
387	1014
385	1168
413	1081
394	1223
381	1066
409	1038
383	1079
383	1079
381	1067
409	1134
369	1164
405	1059
413	973
372	899
424	869
355	979
433	975
425	1078
432	1108
375	1208
361	1013
366	987
393	974
379	975
391	1119
371	1276
390	1458
343	1344
431	1214
367	1170
363	1060
382	1130
378	1317
390	1256
343	1019
382	1194
368	1115
403	1184
405	1112
405	1239
375	1255
367	1297
391	1067
383	1216
373	1044
411	946
411	1057
431	1184
434	1135
362	1152
381	1212
341	1048
392	1221
426	1263
421	1253
459	1470
453	1208
471	1120
462	1064
503	1053
617	1421
543	1300
524	1146
541	1137
497	1180
559	963
549	960
557	1023
570	1049
569	1055
714	1124
661	1055
657	1087
685	1179
543	1476
588	1209
624	1217
613	1267
534	1254
584	1124
577	1184
523	1181
527	1223
508	1055
478	1056
472	1146
486	1101
456	1163
433	1046
436	1181
496	1036
479	1101
458	1321
453	1197
411	1177
425	1201
463	1235
409	1157
400	1130
452	1284
455	1129
505	1129
422	1079
439	1105
503	1439
521	1166
509	1156
497	1144
509	1043
547	1030
530	1002
529	1067
487	1180
481	1160
514	1132
479	1224
481	1152
470	1286
446	1348
478	1295
446	1178
464	1083
480	900
485	972
563	1128
621	1095
568	1095
642	1257
648	1155
640	1033
617	1041
508	1222
491	996
440	1209
513	1090
429	872
381	957
357	918
434	975
426	1105
436	1172
415	1386
391	1328
421	1391
406	1311
425	1315
365	1326
409	1215
415	1248
476	1213
468	1209
402	1103
449	1152
434	1143
540	1352
497	1422
541	1221
465	1198
451	1304
458	1203
424	1181
410	1030
444	1156
470	1290
415	1051
422	1193
419	1087
410	977
428	1216
472	1149
458	950
469	1121
438	1203
458	1418
469	1240
471	1413
409	1247
404	1242
425	1104
497	1229
431	1214
455	1321
443	958
453	984
464	1032
620	1151
639	912
555	895
636	981
922	1222
992	1368
1014	1190
877	1513
1004	1212
1800	1454
2085	1376
2227	1167
2090	1182
2518	1298
3056	1348
3268	1357
3189	1306
2685	1238
2923	1211
3666	1368
4427	1427
4426	1384
4341	1442
4340	1416
4872	1553
5245	1475
4988	1610
5026	1392
4910	1559
5180	1633
5113	1583
5245	1391
4960	1379
4679	1340
4777	1305
5036	1465
4907	1440
4389	1541
4283	1469
4359	1488
4604	1584
4575	1297
4483	1409
4650	1396
4583	1287
4595	1411
4500	1457
4162	1483
4398	1270
4149	1210
2871	1195
1736	1162
1380	1123
1228	1109
1319	1100
1071	1146
806	1132
680	1133
952	1218
1129	1262
1143	1117
1068	1217
938	1278
870	1079
887	1235
909	1211
718	1307
597	1297
611	1466
704	1260
665	1341
525	1372
522	1345
482	1278
465	1335
517	1179
501	1281
544	1265
468	1285
471	1224
460	1279
481	1325
488	995
516	1071
500	1327
533	1387
471	1422
479	1264
526	1166
480	1301
477	1037
468	1110
409	1102
437	1011
400	1141
442	1168
409	1113
420	979
359	984
444	1051
410	974
449	1114
398	1077
407	1064
422	1081
435	1097
400	1026
441	1043
445	1004
410	1154
427	1027
475	1073
452	1120
415	1073
395	882
349	964
400	1354
401	1207
420	1071
386	916
409	913
395	917
443	1032
422	1109
451	1086
440	1166
446	1102
447	1115
444	1161
469	1191
431	1013
456	1073
498	1154
474	1059
434	1094
435	1004
381	1072
408	962
384	1140
449	983
439	1150
459	1040
372	959
452	1249
475	1263
441	1123
415	1068
434	1015
424	997
446	1144
434	1120
401	1198
418	1099
527	983
452	945
455	1084
484	926
475	898
502	1145
515	906
480	932
398	991
410	889
378	813
448	906
506	867
404	860
449	951
477	1103
472	1115
383	1108
451	1236
467	1217
447	925
454	969
458	1050
495	1279
515	1227
554	1183
559	1075
482	1062
576	1130
550	1370
544	1182
536	1328
530	1358
444	1289
441	1102
426	1167
503	1272
446	1236
472	1164
482	1190
456	1201
461	1283
451	1359
509	1107
463	1270
475	1330
435	1211
441	1175
490	1119
414	1130
390	1049
412	1145
361	1036
399	1021
381	985
459	1029
432	1054
382	1215
386	1175
385	1165
395	1092
446	1082
400	1144
433	1157
371	1026
436	948
441	1163
453	1095
409	1020
339	1070
425	1018
422	1206
442	1119
368	1211
460	1215
453	1175
394	1050
445	1197
444	1183
526	1160
457	1135
444	983
434	1127
420	948
397	995
403	974
497	1260
476	1043
445	1201
409	1285
425	1241
420	1282
402	1030
395	918
405	1095
409	1001
382	977
385	1058
402	1169
422	1156
431	1224
425	1148
478	972
465	1227
425	1319
514	1299
474	1083
457	1186
443	1176
511	1167
552	1090
511	1050
619	1108
521	1133
541	1078
497	1135
554	1084
699	1068
881	1143
885	1131
921	1191
1025	1270
1581	1072
2316	1201
2363	1171
2159	949
1738	1032
2582	1012
4388	850
5276	843
5269	1111
5577	1178
5841	1109
6424	1039
6540	1012
6395	1155
6563	1187
6140	1101
4962	1115
3842	1142
3548	1105
2768	1071
2418	1190
2045	1175
1697	1091
1367	1039
1531	1143
1552	1322
1005	1153
584	1158
499	1109
479	1180
462	1202
439	1335
456	1347
449	973
415	1193
409	1131
429	1221
383	1003
408	1292
442	1289
403	1269
409	1149
437	1052
404	1064
396	1136
354	1167
373	1078
376	1042
383	1036
366	966
361	1117
322	1233
388	1189
402	1153
438	1122
453	1078
423	1173
443	1082
410	1111
383	1029
387	916
438	1125
397	1285
417	1005
413	1140
464	1022
512	1108
464	1037
445	1063
427	1117
444	1145
410	1247
412	1135
480	1086
468	1203
482	1183
469	1035
443	1017
448	1011
476	1190
461	1138
390	1261
403	1072
440	1014
501	995
416	1103
407	1064
430	1247
451	1066
414	1028
401	1351
382	1250
434	1124
499	1117
478	1131
465	1311
465	1425
448	1078
505	1159
459	1242
409	1432
427	1349
475	1280
513	1042
408	1054
447	1024
476	1257
508	1259
473	1091
460	1249
460	1284
439	1361
430	1073
389	1085
447	1247
430	1194
388	1031
412	1074
460	1060
429	1178
377	1376
455	1326
441	1207
400	1272
372	1436
430	1564
490	1494
493	1337
394	1123
463	1048
436	1141
442	1029
424	958
426	1127
386	1141
416	852
390	1025
385	950
401	953
386	1144
422	1146
389	1184
409	863
385	1081
426	1317
407	1178
413	1224
454	1149
381	1084
406	1175
424	975
452	990
427	1166
440	1101
489	993
464	1133
448	952
464	1163
429	1063
409	1188
443	1108
444	892
439	951
420	974
400	867
397	1130
354	952
374	1067
376	1041
410	1028
407	1114
367	1136
369	1013
344	1175
344	1122
383	1168
384	1194
374	1134
331	1112
396	1457
392	1357
411	1282
412	1202
433	1326
466	1135
377	1160
403	1093
413	1092
395	1035
378	1053
423	1062
465	1002
409	1119
403	1183
417	1130
383	1042
441	1128
399	1298
383	1071
410	910
388	944
440	1172
367	1072
385	1081
371	1094
421	1084
390	1142
363	1178
415	993
379	1089
434	1324
394	1184
361	1139
385	1043
396	1169
378	1212
411	1085
370	1219
377	1193
392	1083
408	1170
443	1267
500	1310
389	1320
390	1411
388	1392
393	1117
431	1445
394	1334
405	1201
381	1175
325	1212
440	1205
448	1101
408	1127
399	1156
460	1192
395	1245
406	1193
396	1317
410	1362
413	1269
424	1110
405	1102
327	1254
354	1199
353	1194
416	1265
412	1187
387	1191
393	1353
399	1158
359	1155
366	1031
402	1140
400	1109
405	1148
395	1005
389	1180
411	1036
351	942
380	1028
359	1164
345	1176
349	941
337	887
404	939
417	1168
396	1063
367	1104
419	1018
394	1101
426	1156
379	1111
397	1095
415	1139
428	1198
417	1058
457	1137
432	1003
449	1116
384	1247
403	1355
376	1068
401	1177
439	1319
383	1233
415	1272
404	1052
412	1030
400	1100
422	1198
391	1182
411	1192
372	957
402	833
424	973
497	1168
438	1134
423	1051
468	1008
451	1104
461	1151
473	1206
406	1207
413	1106
389	949
424	944
379	1012
386	997
433	1300
375	1148
374	1211
404	1236
431	1156
467	1070
435	1164
456	1108
426	1162
411	1245
443	1212
430	1268
414	1189
407	1310
411	1108
413	1372
429	1080
380	1198
439	1304
403	1181
433	1192
440	1154
393	1056
486	1129
437	1062
444	991
434	908
438	1062
439	1048
432	1023
414	987
402	1207
385	1162
433	1032
418	1114
420	1044
440	1020
459	951
436	1172
402	981
429	1038
439	1097
412	982
424	965
406	1098
401	925
449	891
400	1046
443	1044
397	1081
364	1047
400	1141
495	1164
396	1228
449	1213
431	996
469	1001
483	904
466	1030
524	1395
480	1236
405	1182
434	1108
391	964
409	934
459	1195
439	1071
473	1072
513	1177
519	1061
572	1022
616	1141
716	1099
837	1236
828	1129
754	923
800	848
865	965
884	1112
900	1146
824	1051
748	942
666	982
576	1178
538	980
597	1213
504	1057
485	1425
467	1276
472	1280
420	1279
430	1255
474	1126
412	1183
457	1666
478	1478
507	1310
416	1013
476	1173
445	1055
423	1046
515	1094
496	977
516	1024
478	1119
502	1206
513	1246
537	1229
503	1130
475	915
446	1028
434	1087
441	1090
415	1278
439	1211
394	1124
388	1182
383	1229
420	1187
473	1049
479	921
470	1088
482	1320
511	1094
567	1022
522	1225
470	992
498	1166
463	1390
477	1128
375	1216
433	1303
418	1210
411	1229
410	1285
415	1410
377	1342
366	1206
388	1000
390	1083
413	1012
439	1056
371	1109
487	1057
500	954
460	1090
413	1096
373	1208
389	1347
397	1262
430	1425
410	1200
412	1366
485	1065
391	924
472	896
380	1153
389	1143
392	1307
412	1183
388	970
443	914
375	1102
390	1152
419	1062
434	1004
446	1100
417	1169
414	1237
404	1367
369	1142
432	1019
419	1065
459	966
478	949
455	1268
451	1413
447	1444
462	1415
468	1293
465	1291
461	1431
469	1313
502	1189
509	1316
508	1245
523	1134
550	1276
524	1188
567	1355
518	1366
568	1413
471	1208
508	1339
565	1211
494	1315
535	1235
447	1114
517	1094
555	1242
506	966
513	1162
549	1085
581	1100
641	1412
650	1216
677	914
654	1046
757	990
770	1152
729	1263
736	1174
644	907
677	1093
655	1006
648	946
693	1063
614	1045
734	1019
777	1171
744	1035
718	1006
798	1058
783	1036
731	1099
772	1195
787	1344
826	1221
726	1443
745	1460
714	1312
644	1222
751	1260
620	1267
617	904
625	983
601	1078
614	1051
599	1167
607	926
545	1002
534	989
538	1020
547	976
584	1020
677	961
770	948
721	1049
776	1140
716	1152
644	942
677	950
685	1089
608	1100
634	1059
547	1194
568	1289
576	1100
576	1184
553	1349
527	1378
525	1478
546	1375
503	1134
535	1154
529	1207
546	1272
528	1429
550	1536
543	1500
541	1398
542	1303
539	1258
488	1370
515	1254
513	1262
477	1114
482	1035
527	985
528	899
482	984
499	949
487	1004
479	926
548	1059
538	1010
493	1078
486	1061
479	1064
505	1310
534	1177
461	1387
476	1065
466	1207
492	1162
465	1231
532	1144
463	1045
523	1228
459	1332
489	1249
448	1158
472	1206
488	1214
403	1042
490	1343
451	1493
498	1399
452	1241
446	1126
431	1185
443	981
426	752
406	1024
422	948
446	1045
458	1038
464	1030
494	1069
471	973
408	995
450	936
467	987
414	1000
428	1078
420	1085
454	1031
417	917
526	951
410	1128
431	1140
461	1200
429	1082
454	1106
421	1109
389	1096
414	1070
437	891
436	1017
478	1114
408	1001
417	971
451	1160
415	1142
500	1525
425	1514
431	1386
462	1288
451	1002
444	1012
442	1110
501	1334
405	1336
454	1175
432	1179
453	1144
434	1099
463	1067
470	1024
439	1147
460	1314
491	1118
440	1030
464	1091
473	1202
470	1325
461	1159
423	1345
477	1295
511	1392
622	1336
806	1250
1047	1159
1115	1216
1308	1187
1671	1276
2078	1273
2177	1184
2257	1259
2415	1142
2740	1127
3112	1451
3295	1671
3030	1609
3398	1653
3295	1602
3291	1413
3012	1164
2924	1179
2765	1109
2689	1269
2665	1186
2576	1268
2612	1250
2828	1200
2958	1164
2779	1037
2265	1149
2226	1273
2703	1248
2649	1440
2128	1342
1743	1175
1253	1273
1229	1278
1278	1169
991	1314
792	1289
680	1198
731	1082
650	1127
551	949
472	921
430	1148
436	1158
518	1159
509	1092
474	1104
432	1022
410	1125
449	1204
456	1035
417	1007
371	990
444	1159
438	1322
447	1266
458	1031
499	1001
419	1119
438	1090
424	1089
440	1357
396	1074
442	1130
400	1111
360	944
459	1106
492	1010
475	1048
454	1107
480	1161
479	974
443	904
422	898
410	939
410	1050
382	1002
449	1211
454	1212
476	1096
465	851
516	1102
455	1114
462	979
425	1054
402	1094
433	928
490	1103
490	1060
402	986
404	1057
439	1052
410	1263
429	1272
385	1223
434	1192
422	989
410	919
449	1129
425	1050
434	1129
339	1169
456	1121
439	1258
415	1176
443	1382
401	1338
403	1053
354	1127
405	1267
425	1189
410	1181
416	1158
411	1198
441	1363
514	1205
412	1149
413	968
408	1045
463	1145
430	1319
421	1383
431	1297
427	996
392	1104
481	1217
463	1090
442	1101
462	1256
444	1218
479	1189
433	1314
411	1296
432	1134
415	1229
395	1320
417	1295
446	1105
452	1081
403	1137
455	1275
454	1387
408	1190
380	1153
396	1207
424	1087
419	1202
410	1139
369	1161
435	1155
394	1105
421	1173
445	1135
444	1173
467	1160
392	1189
455	1045
425	1198
482	1122
463	1088
433	1151
461	1117
445	1036
412	1127
400	1112
399	1132
441	1335
363	1142
393	1280
403	1259
421	1185
455	1455
380	1233
390	1094
407	1248
404	1272
375	1174
415	1193
379	1114
439	1022
424	1119
413	1331
429	1248
398	1434
376	1445
382	1359
438	1351
377	1402
459	1498
435	1534
406	1295
469	1448
489	1234
387	1090
466	1161
398	935
423	1276
394	1238
412	1197
364	1255
396	1275
464	1114
418	1240
418	992
431	1083
374	1328
362	1244
396	1087
384	1234
364	1308
428	1386
414	1194
425	1292
449	1302
405	1358
380	1435
404	1240
395	1000
395	1170
452	1257
365	1201
413	1187
423	1312
444	1311
447	1143
487	1311
420	1171
449	1286
408	1395
388	1446
388	1486
379	1295
426	1094
409	1205
423	1053
409	1261
386	1204
384	1340
364	1228
374	1533
412	1227
443	1241
459	1155
388	1145
461	1226
520	989
475	1090
459	1044
429	976
441	1163
376	928
408	1043
404	1051
360	1005
409	1009
432	1022
391	1122
430	1040
439	1168
452	1427
460	1246
426	1210
381	1212
371	1129
467	1526
412	1428
383	1245
391	1379
367	1230
365	1323
350	1204
340	1176
333	1330
394	1389
424	1157
438	1141
377	1338
443	1568
373	1377
404	1332
402	1281
415	1488
361	1166
417	1254
415	1293
380	1352
419	1133
432	1126
407	1188
445	1238
434	1335
394	1199
454	1103
439	1066
466	1012
469	1051
412	978
454	1065
427	1285
464	1293
407	1053
431	970
445	1032
413	971
445	887
414	998
355	914
395	893
427	1015
449	1042
412	1014
444	1040
443	1075
399	997
451	1084
424	953
388	1019
455	1127
405	1122
455	1058
467	1080
495	1115
535	1116
544	1128
542	1226
529	1073
472	1310
487	1296
463	1266
447	1368
564	1113
569	1237
507	1236
555	1361
534	1403
532	1268
520	1395
493	1243
575	1072
621	868
495	919
496	944
439	1153
442	1007
512	960
476	1013
505	1110
529	1235
459	1251
506	1081
535	1239
555	1034
561	1039
606	1161
581	1328
534	1196
548	1205
542	1288
