432	1163
417	1234
405	1201
417	1188
364	1318
418	1313
398	1394
439	1266
431	1350
407	1436
440	1237
408	1171
427	1177
430	1111
499	1239
456	1219
444	1217
465	1115
377	1015
402	912
391	1145
497	1008
452	1031
486	1249
412	1261
427	1320
449	1396
426	1203
469	1239
492	1343
471	1359
476	1363
406	1169
351	1042
397	1032
437	1249
406	1388
468	1180
421	1173
356	1255
374	1154
422	1178
419	1154
419	1239
430	1365
376	1298
422	1445
397	1146
417	1108
462	961
418	1023
419	1255
396	1155
390	946
439	1056
404	1171
484	1114
436	1207
451	1152
410	1079
356	1107
367	1017
404	1159
371	1352
363	1062
359	1105
374	1200
427	1460
427	1335
474	1333
467	1197
394	1220
367	1504
363	1394
387	1240
349	1034
391	1132
400	1133
422	971
447	1139
462	1118
450	979
441	1160
417	1321
454	1097
398	1234
415	1147
435	1477
451	1208
422	1108
390	949
413	1184
448	1184
423	1128
450	1236
384	1024
362	1184
465	1220
399	1201
419	1101
494	1006
510	1212
458	970
406	1207
502	1078
498	1019
459	924
438	1085
449	964
517	996
470	1033
460	1004
511	1110
521	1181
465	958
557	947
452	927
427	875
423	939
461	955
403	1022
397	1027
421	956
439	1076
390	1122
493	1172
432	1087
462	1088
392	938
420	925
447	910
398	1019
396	1156
411	1109
455	935
473	1054
407	1061
434	1030
443	1242
443	1323
395	1373
450	1269
435	1254
419	1290
414	1315
433	1069
503	1230
500	1251
421	1112
415	1077
443	1302
442	1325
407	1362
462	1209
404	1233
372	1206
431	1201
445	1305
387	1267
494	1345
473	1485
385	1466
416	1343
437	1261
451	1300
434	1279
508	1233
455	1391
400	1364
386	1470
423	1353
435	1267
489	1469
477	1150
505	1293
497	1200
441	1066
472	920
433	1007
428	1196
490	1229
421	1227
433	1065
455	1204
479	1298
440	1142
460	1233
446	1200
421	1115
528	1324
390	1146
421	1094
435	1235
435	1171
450	1086
445	1168
466	1252
446	1355
407	1466
411	1299
492	1281
487	1183
410	1104
393	1228
378	1142
407	950
434	1035
488	1229
470	1250
452	1155
462	1356
483	1213
409	1341
446	1337
477	1107
395	1212
437	1222
438	1208
416	1364
435	1230
389	1374
423	1158
424	1040
419	1265
385	1247
435	1245
415	1103
436	1236
444	1170
456	1030
406	1176
407	1092
446	1105
454	1228
419	1300
375	1219
416	1033
363	1031
338	1284
400	1415
449	1274
431	1182
405	1108
358	976
394	948
426	1121
427	1228
435	1168
446	1135
418	1134
444	1082
439	1079
453	1165
435	1166
417	1144
451	1039
486	1080
440	1098
400	1030
428	1124
486	952
428	1170
413	1156
463	1063
464	958
464	982
453	1083
446	1143
429	1356
427	1441
464	1369
360	1256
407	1028
412	901
426	845
440	975
436	1041
407	1223
420	1078
393	1274
418	1229
447	1156
425	1093
415	983
442	1325
466	1252
490	1053
451	1274
451	1232
422	1105
398	1033
448	1083
457	1277
440	1273
471	1323
468	1384
398	1405
442	1216
422	1082
448	1108
432	1224
461	1287
426	1110
459	1029
426	964
448	1042
393	1092
402	996
479	1097
427	1036
448	1114
487	1361
461	1409
461	1397
473	1368
487	1242
486	1460
454	1326
497	1381
481	1404
483	1192
540	1234
540	1246
464	1315
542	1363
486	1432
471	1419
498	1388
443	1329
430	1315
513	1349
418	1308
510	1046
493	1060
528	1125
464	1020
426	974
438	1157
501	1060
447	1134
403	1013
444	1035
452	1114
404	1475
475	1437
431	1573
446	1456
435	1316
491	1274
472	1284
469	1085
386	1124
512	1091
423	1060
444	1152
498	1287
425	1379
435	1293
369	1203
430	1147
436	1479
448	1147
475	1283
387	1151
400	1237
423	1473
343	1275
398	1423
349	1383
389	1185
452	1126
470	1081
467	1202
435	1261
482	1256
460	1203
431	1281
446	1172
425	1202
411	1171
437	1265
397	1008
409	1035
408	1067
409	1216
406	1144
468	1425
466	1722
448	1296
397	1236
367	1050
376	1061
379	963
432	1161
384	1069
407	1105
377	1029
408	1238
417	1121
426	1187
431	1292
437	1098
381	1155
407	1019
417	1214
445	1522
504	1452
493	1523
454	1300
456	1395
425	1272
462	1163
374	1085
441	1196
424	1108
379	1079
378	1118
389	1111
362	987
375	1002
377	1044
387	1152
436	1126
420	997
399	1228
424	1311
386	1260
390	1348
425	1175
409	1248
376	1137
415	1015
408	1009
437	1165
398	1009
385	1188
429	1231
429	1036
394	1181
399	1038
387	956
460	974
417	1125
429	1159
411	1057
444	1133
434	1104
413	1193
410	1173
389	1376
421	1315
449	1274
383	1106
426	1129
405	1227
395	980
427	961
447	1036
397	1266
379	1406
389	1313
410	1217
445	1202
419	1057
457	1127
427	1305
419	1536
468	1445
404	1338
420	1344
491	1376
450	1244
492	1323
487	1298
447	1340
422	1302
462	1047
446	1299
444	1250
415	1352
448	976
392	1148
460	1100
377	1239
470	1125
452	1139
425	1122
426	1161
487	1088
462	989
479	1053
428	1176
422	1064
431	1124
431	1031
396	1182
417	1233
456	1044
413	1051
448	975
430	1069
391	1212
393	1028
389	960
444	916
401	1098
412	1302
441	1151
489	1148
508	1128
447	1062
425	963
444	1140
439	1207
430	1184
398	1092
420	1023
459	998
432	1076
422	1121
445	1018
458	1002
478	977
471	1040
413	971
449	1032
455	1091
404	850
442	1069
446	1084
430	972
434	1114
441	1102
398	955
378	1205
371	1110
439	973
468	1231
404	1220
424	1128
407	1127
402	1057
405	1125
325	1092
406	1138
394	1092
387	1195
432	1156
453	1125
449	1089
453	1017
454	1014
404	1090
377	1181
382	1242
466	1093
499	998
438	956
453	1017
489	1148
452	1161
482	1106
437	1191
465	1124
489	1270
475	1569
393	1392
424	1154
451	1145
469	1064
460	1339
488	1047
430	1321
506	1180
455	1194
439	1096
443	940
415	1194
373	1285
383	1260
398	1018
368	981
474	1098
397	1347
399	1317
461	1373
385	1247
420	1281
451	1399
458	1204
425	1257
427	1419
401	1348
386	1430
389	1544
409	1433
394	1067
446	1163
397	1180
422	1216
404	1186
379	1153
420	929
413	1096
379	1179
326	1080
367	1203
420	1231
386	1167
367	1202
393	1229
390	1130
424	1100
445	1072
353	1222
420	1260
378	1123
380	1175
408	1127
385	1011
390	988
356	1138
390	1260
420	956
406	1062
353	954
370	1059
385	1150
440	1120
449	1182
414	1046
402	1026
447	1068
449	951
415	1200
407	1350
429	1299
448	1014
420	1027
439	910
452	908
434	834
425	902
477	964
467	900
442	1188
386	1342
421	1279
397	1294
379	1195
445	1261
417	1180
380	1104
455	1268
440	1207
438	1301
402	1118
498	1169
392	1282
411	1234
398	1198
444	1248
449	1305
453	1331
387	1228
350	1159
422	1186
444	1260
415	1118
451	1229
388	1320
364	1149
398	1205
405	1319
369	1317
373	1176
393	1388
405	1386
384	1121
346	1213
375	1468
341	1307
331	1202
353	1219
425	1260
400	1108
396	1262
390	1307
461	1250
426	1233
394	1247
391	1160
377	1165
374	1191
353	1082
353	1212
358	1193
400	1251
378	966
400	1020
397	1074
408	1097
434	1089
376	1064
463	1016
458	1117
395	1177
391	1011
411	1180
403	1043
391	1253
440	1453
465	1509
413	1325
493	1227
479	1118
444	925
445	977
420	881
396	961
413	1010
418	986
425	1183
384	1219
444	1359
451	1218
386	1183
375	1011
423	1018
444	1134
484	1113
503	1157
504	1313
569	1134
512	1146
463	1012
450	1194
425	1106
415	1117
413	937
436	1156
369	1139
426	1055
419	882
490	1042
484	1122
472	1178
429	1098
443	1149
487	1185
468	1005
419	1022
454	839
466	1165
433	1073
438	977
476	1086
432	944
395	1110
412	1241
425	1617
435	1430
443	1104
481	945
423	1186
399	1231
444	1261
488	1303
377	1276
399	1349
442	1298
398	1446
396	1330
425	1489
404	1538
384	1600
391	1303
464	1333
465	1255
479	1333
474	1461
485	1415
443	1175
448	1043
454	1108
431	1197
457	1159
479	1043
515	1090
444	1305
440	1324
358	1363
410	1310
426	1143
442	1113
426	1312
455	1295
400	1215
429	1027
444	975
462	969
483	1256
474	1072
491	1295
537	1158
482	1063
525	1177
488	1208
471	1280
474	1165
518	1195
520	1138
535	1056
514	1212
459	1094
457	1127
502	1069
486	1003
501	1084
524	1241
562	971
541	918
493	857
481	893
546	1104
555	1049
558	977
551	1036
566	922
619	1216
566	990
556	1191
564	1093
510	1100
547	970
558	984
631	921
566	1108
590	1088
569	1105
551	1057
597	1220
487	1166
594	1259
600	1027
570	1189
571	1161
573	1033
560	1232
617	1072
583	1177
649	1110
607	1212
600	1181
589	1049
634	1162
610	1177
561	1146
616	1037
579	1081
560	1032
619	1052
630	1111
647	1116
646	1088
638	1318
650	1195
661	1095
643	1357
621	1205
613	1384
612	949
643	1038
694	1157
661	1210
653	1181
640	1074
640	1035
700	1030
550	1034
629	1220
677	1202
658	1123
658	966
699	1065
658	1085
669	1161
670	1267
700	1471
690	1103
718	1100
683	1114
699	1051
742	1196
770	1371
797	1331
766	1373
768	1210
790	980
734	1081
860	848
805	1003
760	1094
817	1104
711	1066
859	1107
842	1125
801	936
800	819
837	1299
813	1189
790	1135
822	1150
811	1107
795	1204
759	1128
732	1244
790	909
789	1012
781	947
789	988
807	1032
849	1141
801	1011
899	1014
894	1107
914	1052
912	940
926	1076
906	918
865	1054
928	982
905	965
922	896
879	1002
825	972
828	1139
869	1180
904	1069
894	1176
904	1180
869	1060
862	1015
922	1016
820	1138
895	1060
939	1098
929	1124
867	915
1019	1096
1007	1268
962	1119
1004	1325
1011	1188
891	1089
831	1191
837	1166
851	1145
904	1532
834	1371
888	1156
835	1265
869	1442
930	1331
883	1434
975	1480
940	1452
868	1304
1038	1174
952	1172
886	1269
1042	1309
1106	1307
1069	1468
1161	1237
1115	1195
1162	1257
1185	1151
1316	1092
1304	1105
1154	1220
1053	1167
1088	1001
1122	1086
1166	988
1183	921
1156	1080
1207	871
1141	998
1235	1061
1222	1125
1242	1298
1147	1325
1005	1214
936	1191
937	1008
831	1266
870	1073
810	1032
789	1187
861	1086
884	905
845	1009
852	1036
801	972
793	988
862	1099
899	1150
887	1292
869	1323
819	1232
890	1280
815	1292
863	1133
816	1241
711	1330
703	1175
702	994
689	1042
742	1236
711	1267
697	1066
726	1168
780	1122
672	902
714	1199
654	922
671	927
656	1015
654	1059
711	1095
689	1023
667	1070
727	1209
691	1119
609	969
673	1009
660	1057
688	1186
658	1160
630	1068
596	1035
556	1045
623	1259
693	1177
618	1041
593	1078
646	1162
626	1161
719	1318
706	1376
616	1305
595	1149
597	1401
573	1168
566	1071
539	1244
548	1110
556	1374
568	1347
606	1254
570	1278
566	1116
605	1191
575	1142
581	1130
527	1288
563	1320
593	1334
564	1432
616	1397
588	1371
560	1210
541	1060
599	1145
590	1130
529	1087
581	1153
537	1118
561	1045
541	1174
567	1236
522	1122
544	1116
538	1106
580	1145
467	1130
534	987
556	1099
554	1135
558	1178
524	1017
478	1174
514	1148
486	1055
502	1084
465	1014
510	1101
587	1087
467	1051
520	1072
555	1110
538	1211
471	1179
504	982
494	1089
553	1028
452	1012
481	1100
512	1310
510	1097
520	1347
503	1340
568	1217
473	1281
445	1128
415	1141
485	1261
455	1378
514	1169
486	1234
502	1080
553	1213
510	1120
522	1060
541	1092
497	1091
542	973
514	1016
432	918
442	1063
416	1308
433	1332
412	1465
441	1295
446	1087
425	1067
380	1196
410	1076
451	1112
438	1078
461	1111
544	1206
447	1202
479	1167
461	1141
407	999
463	988
511	1080
470	1099
432	1152
460	1169
486	1040
452	1031
440	1045
402	1042
470	1048
444	1022
398	1219
431	1135
518	1009
494	1103
458	1175
426	1223
530	1073
487	1077
415	1113
422	971
465	1154
465	1200
521	1327
483	1170
497	1303
465	1212
473	1188
477	1118
421	1190
360	1226
455	1211
448	1044
453	1138
440	1430
396	1287
412	1086
405	984
430	1047
458	1065
430	1141
444	1173
437	1290
424	999
421	985
462	1143
361	1159
400	1043
399	943
388	1148
414	1376
444	1208
475	1149
411	1349
479	1223
459	1143
405	1130
375	1399
402	1296
464	1214
424	1160
422	1073
452	1126
448	1072
395	1172
414	1191
436	1403
418	1111
431	1209
453	1260
393	1147
454	1166
402	1188
511	1149
443	1221
469	1340
413	1256
446	941
565	1157
435	1295
404	1045
402	1040
453	1265
380	1145
355	899
408	1085
427	1126
459	1062
391	1015
436	1004
469	1103
504	1054
399	1073
476	1201
463	1094
485	1093
443	1090
441	1110
428	1229
429	1237
479	1237
451	1257
486	1238
393	1034
429	1111
418	1083
370	1107
422	1210
448	1032
451	1042
450	953
463	1081
474	1042
455	1032
461	983
476	1111
450	1240
427	1244
427	1173
390	886
495	974
442	1113
403	1039
393	974
376	1106
429	1231
407	1022
409	1098
429	1098
397	909
446	1114
343	1218
379	1266
370	1107
375	1182
389	1011
356	1193
386	1067
418	1065
413	1174
410	1045
439	1138
410	1202
429	1286
393	1144
399	1166
438	1170
410	1205
404	1263
415	1068
399	1054
387	1301
425	1069
459	1164
388	1141
415	1364
427	1304
337	1178
386	1279
346	1278
370	1059
380	1285
392	1236
398	1327
336	1175
338	929
415	887
427	1112
372	1106
370	1172
394	1013
382	927
351	962
409	846
403	960
379	942
405	903
367	850
375	886
391	929
442	978
404	790
358	963
401	956
390	963
415	1093
376	888
401	810
376	940
396	845
405	932
382	959
368	1115
365	971
447	1087
418	1164
405	1111
418	988
433	1371
453	1100
446	1154
447	1248
473	1205
453	1251
431	1230
412	1168
330	1119
375	1223
390	1145
421	1209
398	1048
411	1003
408	1023
490	1049
444	1109
454	1472
370	1416
400	1395
421	1309
413	1398
416	1266
441	1278
395	1242
430	1400
445	1454
483	1257
453	1197
479	1232
458	1236
452	1080
453	922
431	1138
489	969
473	918
418	1089
445	1202
466	1359
446	1185
388	970
436	1183
459	1060
453	983
478	1083
426	918
485	866
465	1041
501	1224
452	1231
462	1037
469	1158
487	1436
485	1167
489	1312
464	1214
503	1124
473	1378
466	1319
446	1035
447	1169
447	1202
505	1225
507	1477
514	1355
448	1305
466	1293
421	1326
422	1275
466	1291
458	1267
424	1157
426	1371
401	1279
424	1246
390	1297
432	1299
469	1329
324	1217
383	1206
418	1302
423	1282
412	1316
482	1312
431	1267
457	1522
445	1304
521	1401
462	1323
463	1263
449	1181
462	1486
440	1313
434	1256
438	1182
489	1175
475	1083
420	1107
424	1301
465	1274
486	1179
427	1234
408	1215
421	1129
493	1312
434	1416
506	1479
511	1235
453	1162
431	1292
454	1091
491	1133
418	1230
431	1332
446	1173
475	1266
479	1131
523	1325
505	1316
512	1210
497	1301
517	1172
449	1064
459	1353
437	1214
474	1233
450	1267
433	1443
484	1161
442	1209
410	1129
373	1279
462	1289
395	1122
379	1062
457	1129
503	1018
498	1016
430	1184
465	1128
424	1236
424	1102
437	1089
471	1084
423	993
484	1184
446	1162
493	1162
449	1120
408	1131
496	1148
476	1193
405	1278
446	1176
415	1182
477	1099
463	1145
476	1146
441	1192
461	1119
415	1250
410	1087
487	1003
431	1193
361	967
414	1256
435	1431
461	1256
524	1158
565	1295
476	1378
464	1170
484	1274
462	1295
430	1333
405	1189
502	1201
494	1143
512	1280
512	1112
442	1017
435	896
399	860
384	1087
447	1140
460	1002
446	988
408	1050
467	865
445	1116
469	1128
499	1161
454	1133
409	1355
452	1232
457	1149
497	1089
455	1122
486	1096
439	1174
536	1444
477	1469
406	1091
425	1309
403	1480
393	1433
439	1368
441	1213
437	1471
402	1178
420	1274
397	1375
451	1205
397	1121
439	1099
435	1028
423	1130
445	1269
446	1255
453	1612
492	1275
456	1087
488	1093
445	1132
466	1061
421	1066
457	1060
417	1152
482	1126
497	825
411	899
403	1017
479	1148
473	879
408	990
522	1087
550	1213
551	1288
630	1398
649	1186
625	1150
678	1061
674	1091
653	1020
446	1109
490	1018
435	998
461	971
529	1069
422	1222
438	1236
480	1170
444	1285
448	1211
417	1189
461	1271
450	1094
466	1314
458	1167
439	1217
462	1121
475	1098
471	1154
447	1148
490	1203
415	1172
448	1061
466	1045
419	1312
393	1439
413	1183
427	1202
416	1132
390	1016
425	1109
365	1098
452	1068
474	1093
423	1076
414	1354
431	1087
405	1086
381	1184
411	1097
426	1133
400	1218
382	1215
414	1256
409	1153
401	1210
398	1178
410	1382
420	1327
441	1330
429	1067
448	1209
443	1219
471	993
462	868
394	930
451	985
464	1062
448	1037
432	1146
412	1184
441	1268
448	1330
404	1205
466	1153
445	1210
509	1178
482	1158
448	1028
417	1055
455	1024
439	1161
456	1216
474	1199
440	935
451	977
453	1012
399	1101
470	1095
427	1048
457	1033
511	1049
502	921
400	992
447	1091
411	1279
417	1211
423	1219
434	1105
464	1061
513	1002
507	1139
463	942
470	925
484	1030
478	1052
544	919
464	1106
495	1157
504	1165
479	970
435	1131
508	978
466	1131
490	1014
499	1110
485	1142
501	1274
493	1166
498	978
544	1047
512	913
503	845
492	1032
481	1200
501	987
467	982
487	1070
471	914
495	996
506	986
518	952
484	1184
512	1053
472	1137
461	1014
498	1085
461	1084
512	1265
488	1052
527	1278
480	1348
473	1370
461	1205
454	1114
471	1324
477	1068
510	1071
466	1086
443	1120
521	1061
403	938
504	1074
492	1118
459	941
505	1012
499	1082
532	1317
540	1345
532	1210
489	1135
460	1221
474	1383
521	1393
500	1238
430	1114
502	933
504	912
565	922
517	926
569	913
636	974
613	1001
586	1090
554	1056
488	970
527	934
494	845
480	897
493	1001
510	1011
561	1038
617	1073
723	942
708	1024
745	1043
703	1052
744	1185
805	1155
736	1196
772	1185
674	1321
669	1315
626	1280
629	1357
548	1218
557	974
631	1020
542	1138
568	1112
442	1264
542	1154
531	1217
627	1202
656	1258
647	1244
634	1268
740	1265
688	1113
718	1405
693	1018
734	1012
688	954
597	1084
562	1127
583	1147
501	1031
566	1002
634	853
561	918
557	1052
560	1054
565	1230
565	1050
586	1210
583	974
582	888
561	909
614	1001
713	1015
742	1172
686	1206
658	1109
671	1293
672	1399
779	1299
795	1318
748	1001
748	1070
720	1145
754	1038
752	1111
767	1123
846	1059
821	947
861	1066
874	1087
881	967
769	979
859	884
873	964
829	1162
803	959
766	1065
720	1212
740	1136
760	1062
727	1204
822	1199
818	1234
909	1508
959	1548
1017	1252
1028	1341
1120	1259
1189	1215
1155	1285
1118	1107
1141	1168
1138	994
1207	1156
1062	1203
1007	1462
1058	1516
909	1351
827	1133
806	1183
763	1205
749	1401
763	1189
780	1059
849	1406
788	1233
857	1164
956	1316
1012	1278
1064	1221
1253	997
1255	1112
1191	1100
1163	1140
1184	1101
1076	1007
1004	1131
943	1259
834	1221
818	1432
742	1254
731	1032
719	979
680	1056
710	1011
748	1116
853	1116
866	998
908	1127
1015	1036
995	1207
899	1014
799	1112
816	1177
866	1202
827	1521
759	1447
719	1106
751	1238
704	1254
683	1048
697	1114
675	1204
645	1131
705	1184
662	1216
666	1360
526	1364
532	1104
500	1088
541	1127
526	1063
584	1080
638	1331
585	1290
680	1334
662	1164
647	1078
685	978
626	1047
546	1150
636	1227
590	1010
504	1047
556	1077
534	1077
559	1011
533	1140
529	1155
483	1191
515	1087
494	1083
501	939
479	818
474	846
424	838
468	844
441	986
433	1157
466	1022
418	1066
459	991
418	1045
436	1016
416	978
439	1039
423	891
444	961
416	1004
467	920
434	1041
482	1149
508	1288
522	1153
448	1215
444	1234
429	1170
427	1252
382	1034
403	998
463	1002
456	1201
381	1049
398	1201
440	1005
418	967
484	1032
390	1106
454	1236
465	1184
472	1102
503	1156
542	1254
516	1198
459	1282
482	1143
403	903
425	890
406	886
452	935
389	1010
478	1018
453	1299
525	1248
502	1172
463	1257
413	934
444	1045
472	1199
441	1084
414	906
388	945
507	1030
492	1254
469	1181
429	1136
455	1238
496	1047
517	1119
475	1238
411	1035
424	1154
380	1139
475	1085
452	1079
468	908
440	946
497	1074
456	983
434	1155
430	1161
470	906
504	1025
495	1047
519	1023
585	1058
511	892
498	1270
549	1240
557	1222
519	1128
500	980
463	1024
481	1051
543	1088
544	1246
535	1040
514	1235
482	1059
460	857
496	1047
433	1068
466	1135
437	1247
454	1260
438	1084
426	1094
487	1095
431	1040
431	1265
444	941
466	1085
417	1161
411	1052
414	1374
387	1276
402	951
418	1098
411	1260
405	1120
423	1014
442	1263
434	1238
504	1159
391	1096
401	1169
462	1118
426	1305
458	1243
440	1319
426	1227
482	1138
430	1202
483	1350
453	1363
479	1209
408	1152
477	1181
451	1216
459	1248
402	995
445	1042
466	917
471	1282
462	1551
467	1228
513	1210
443	1142
371	974
440	998
482	932
433	933
439	1069
440	1155
466	1200
376	1117
483	1115
423	1087
452	1138
440	1099
417	963
458	1028
496	1003
452	981
433	1045
401	978
456	928
523	1078
485	1196
528	1167
456	1273
513	1115
452	1108
493	1013
480	1160
558	1147
505	1084
480	1142
497	1240
445	1124
465	1261
472	1185
487	1180
494	1255
387	1031
430	1193
514	1178
473	1130
473	1271
500	1104
468	1002
448	919
445	977
454	1181
502	1142
471	1331
422	1262
522	1226
549	1168
539	1086
537	1106
506	1037
509	1081
441	957
467	958
471	1117
449	1134
463	1278
469	1261
431	1143
472	1183
524	1106
460	1157
461	1097
423	1014
405	1029
466	1030
455	1205
460	1228
456	1331
465	1051
465	1104
502	1231
454	1225
427	1267
537	1530
463	1317
429	1307
440	1182
452	1163
442	1284
420	1155
446	1254
454	1330
389	1415
421	1328
434	1285
412	1155
435	1076
407	1169
383	890
427	1111
398	1166
364	1147
380	1161
400	1136
392	1221
408	1098
400	985
417	987
381	904
424	1063
418	1304
414	1271
424	1420
415	1154
383	1111
427	1196
416	1002
415	1149
402	1178
468	978
476	1004
462	1013
456	1089
465	1050
470	1116
446	1326
459	1107
465	1045
483	965
502	996
458	1142
491	1052
424	1124
427	1226
389	1381
459	1130
456	1262
415	1177
438	1000
441	958
453	979
489	1295
540	1332
522	1275
526	996
621	1107
566	1130
611	1160
639	1081
595	1006
701	1038
690	951
670	1081
829	993
958	1046
1036	1223
1055	1147
1090	1243
1045	1252
924	1171
877	1079
923	1028
992	1063
912	1066
869	1085
787	1117
791	1054
732	922
778	985
754	1360
642	1026
667	958
618	1012
612	1125
710	950
550	1094
630	1053
627	918
688	920
606	928
566	857
624	1090
585	1020
538	1047
583	1042
504	1188
500	1133
502	1138
549	1201
518	1047
544	1132
539	1085
533	1145
518	1183
504	1265
570	1247
587	1117
545	1062
520	1062
467	1034
487	1083
559	1037
621	1032
557	1107
618	874
615	1208
825	1120
865	1212
812	1156
788	1087
734	1021
817	1166
851	1238
858	1197
842	1353
887	1334
1050	1138
1114	1117
1226	1193
1232	1171
1319	954
1139	1017
839	1014
831	1086
811	893
737	857
651	991
601	899
532	777
620	933
551	981
600	1136
516	1213
491	1226
492	1092
580	1256
436	1067
437	991
431	979
442	976
416	1079
483	1320
480	1150
478	1025
416	997
471	1183
428	1225
473	1058
436	1114
475	1005
420	1039
403	1144
460	976
428	972
454	965
404	1083
445	1131
428	1228
481	1359
388	1376
425	1361
459	1400
440	1237
517	1189
433	1377
468	1297
399	1329
421	1188
421	1207
414	1190
409	1238
417	1264
431	1121
438	1262
427	1273
444	1240
394	1168
444	1066
478	1112
421	1152
440	1126
458	1306
446	1215
386	1144
413	1240
408	1187
396	1200
475	1247
419	1105
461	997
474	923
441	1008
443	1075
417	970
427	1070
461	1069
438	1185
395	955
451	1049
429	1070
450	1041
455	934
446	1242
416	1143
482	1061
515	1131
405	1093
419	1249
401	1228
400	1133
457	1278
356	1033
384	1275
389	1186
424	1382
402	961
442	900
429	1037
405	1102
419	1142
404	1244
442	1311
399	1284
442	1223
433	1280
391	1181
414	989
451	996
400	1052
466	960
455	866
447	1048
452	966
552	1129
494	1071
418	860
514	1054
445	1209
464	1017
482	1276
518	1229
465	1228
408	1244
407	1203
405	1173
457	1107
384	1005
476	1173
489	1319
471	1177
434	1164
467	1269
417	1226
415	1104
418	1058
414	1008
450	893
424	1096
468	1028
430	905
460	1079
440	1075
406	1122
398	1020
417	1170
405	1181
476	1198
482	1061
463	1215
375	1152
388	1237
441	1250
440	1154
511	1300
457	1485
438	1391
461	1319
448	1312
431	1353
456	1359
445	1106
451	1056
452	1045
431	1494
443	1259
458	1532
446	1285
413	1419
474	1415
472	1455
406	1317
485	1379
474	1310
479	1358
450	1207
378	1149
380	1018
410	1152
461	1228
434	1012
511	1011
528	973
499	1183
450	922
412	965
495	1060
517	1022
453	885
487	958
593	933
521	1014
475	1018
460	1045
499	1098
490	1102
453	1062
472	1123
507	1018
551	1034
566	1090
577	1079
516	1078
566	973
617	1133
548	1328
619	1099
515	950
479	1101
518	1014
434	1055
479	1133
444	1329
467	1093
521	1002
533	1101
437	1186
496	1012
468	1115
506	1283
504	1244
457	1095
444	1228
422	1217
440	1090
431	1038
426	928
440	1234
404	961
406	979
401	1018
423	1067
433	1123
418	991
469	1210
482	1302
394	1361
427	1362
384	1206
456	1210
451	1169
458	1285
398	1351
382	1305
384	1107
393	1285
421	1299
398	1325
408	1077
368	1043
406	929
433	1036
384	1067
419	1114
449	1249
474	1216
419	1111
417	923
423	968
422	986
402	1052
474	1080
447	1154
388	1060
404	1095
432	1153
421	1063
419	1058
403	1146
423	1054
386	1004
406	1006
441	1176
509	1447
520	1493
477	1264
536	1205
501	1178
466	1191
391	1296
466	1312
463	1267
475	1150
433	1389
454	1426
398	1334
423	1160
461	1147
379	1108
456	1131
421	1056
432	1133
432	1313
426	1275
480	1201
471	1224
454	1058
459	1109
435	1095
464	1117
486	1266
508	1233
462	1183
474	1201
486	1125
546	1271
528	1054
547	1141
453	1221
484	1275
389	943
502	1106
440	1365
462	1271
474	1229
468	1151
509	1205
548	1318
454	1292
485	1336
496	1206
452	1265
414	1116
463	1197
433	1174
443	1167
451	1051
485	1104
499	1106
486	1048
462	1090
477	1066
425	1065
497	1086
462	1093
487	1184
468	1118
451	1133
456	1123
445	1096
527	1076
512	1203
469	1148
509	920
460	948
422	1001
442	934
423	934
461	1144
453	1072
452	1314
456	1165
434	1144
450	1058
481	1087
446	1106
449	1152
422	1112
383	1045
386	1009
442	1173
466	1004
472	1032
480	1243
486	1113
501	1203
478	1196
491	1421
435	1220
493	1129
416	1053
414	1131
372	1023
487	1117
394	1057
410	1152
421	1057
395	1127
447	1239
550	1454
491	1162
441	1045
428	998
423	1205
399	962
423	1204
448	1413
408	1167
381	1071
396	1159
392	1185
398	1164
432	1050
432	1007
416	1227
443	1044
433	890
418	1082
390	1077
434	926
418	1153
414	1143
390	1095
433	1178
422	1028
454	1124
387	1174
426	1226
417	1132
412	989
429	1168
404	1223
394	1284
429	1234
486	1284
446	1245
417	1153
368	1116
438	1118
441	1213
444	1277
422	1179
434	1250
401	1128
469	1235
481	1047
442	1180
460	1187
428	1204
428	1137
454	1249
487	944
489	1081
460	1158
527	1096
524	1309
443	1066
510	1203
456	1274
393	1216
461	1131
440	1161
475	1073
453	1078
421	1241
427	1381
496	1392
450	1421
500	1433
485	1206
524	1000
536	1024
448	1162
455	1267
451	1210
502	1023
459	1204
486	1108
471	1208
463	1237
488	1142
480	1404
510	1410
449	1574
529	1475
513	1303
483	1190
400	1075
482	1191
504	1318
468	1360
486	1277
459	1190
401	1095
425	1115
474	1166
446	1138
419	1107
459	1039
421	1039
499	1019
463	1078
461	1185
429	1182
467	1163
466	1078
449	1222
451	1128
430	1224
483	1349
348	1260
489	985
413	940
408	934
464	986
481	1187
475	1212
419	1124
494	1211
392	1112
424	935
518	1056
463	1141
436	1149
495	1054
458	1220
465	1180
483	1115
466	1102
519	1321
554	1071
517	1077
539	1144
508	1177
414	1188
446	1300
440	1146
440	1157
473	1043
483	1111
479	1092
432	1000
472	1169
478	993
449	1129
455	1286
458	1277
489	1133
453	1144
397	859
404	768
459	1042
420	961
492	1099
521	1242
518	1129
532	1020
523	1251
546	856
544	1055
535	1032
539	1064
492	1151
519	997
532	1078
492	1207
538	1253
467	1268
446	1281
432	1164
430	1252
467	1060
376	1010
442	1093
472	1331
413	1269
427	1178
423	1073
419	1028
420	1162
401	1128
431	1078
427	1102
434	1083
428	1042
451	1081
414	1283
414	1283
424	1556
390	1381
442	1183
403	1330
372	1318
384	1222
422	1128
446	1247
476	1119
472	1139
414	1139
455	1115
409	1213
402	1208
377	1120
445	1066
375	1154
432	1088
462	1033
401	888
370	940
390	1158
469	1061
495	1231
422	1079
372	1074
348	1024
355	885
387	929
398	1030
437	1066
417	1138
438	989
427	1077
419	1205
372	1071
441	959
460	982
454	1099
458	1092
469	949
455	1063
488	1324
444	1025
443	1144
421	1087
382	1193
398	1107
374	969
422	975
431	1043
443	933
460	1022
496	1114
445	1069
487	1044
460	1169
501	1255
492	1148
499	1065
485	1144
477	1062
510	1049
588	972
502	1216
499	1093
541	1038
582	1046
578	1049
597	1043
614	1042
572	1044
658	1075
602	1066
685	974
629	1028
584	1173
628	1181
678	1214
721	1167
674	1212
646	1195
722	1288
678	1112
731	1315
586	1228
601	1197
655	1352
637	1113
620	1069
708	1013
739	1154
718	1098
851	1170
949	1178
1040	1158
1034	1306
1054	1249
1020	1187
1156	1112
998	1008
888	942
860	980
786	1270
763	1061
693	1159
675	1234
624	1273
716	1206
631	931
659	904
697	939
835	1020
814	957
885	917
911	1053
975	1052
1029	1005
1077	878
1096	1040
1123	1002
1006	986
1056	1156
982	1256
868	1216
876	1228
858	1302
876	1373
916	1424
902	1119
978	989
979	1169
948	1214
1099	1086
1068	1162
1241	1022
1286	1152
1362	1186
1424	1110
1501	1081
1408	1104
1562	1216
1483	1178
1392	1197
1329	1130
1246	1170
1247	1233
1226	1122
1146	1079
1152	1068
1143	937
1170	1152
1343	1193
1381	1185
1540	1182
1638	972
1609	990
1719	1213
1840	1208
1987	1321
1965	1401
1877	1366
1674	1231
1610	1292
1598	1217
1430	1087
1276	1154
1233	1056
1172	1236
1197	1335
1178	1085
1048	1114
1008	1068
1013	1097
986	1141
988	1052
793	1182
694	1275
834	1321
863	1233
719	1261
682	1219
628	1236
585	1211
688	1156
658	1209
614	1283
653	1234
663	1180
668	1126
673	1041
646	1105
567	1054
509	1350
541	1429
487	1368
529	1379
489	1092
474	1284
514	1208
429	1038
444	1291
464	1445
555	1480
418	1193
440	1275
494	1174
482	1237
543	1137
443	1150
478	1045
469	940
466	1098
484	1090
459	1180
431	981
412	1027
446	1053
515	1099
492	967
518	1161
500	1264
479	1220
532	1270
493	1157
474	1014
482	1093
452	1114
478	1141
490	1222
443	1166
493	1202
563	1243
473	1212
445	1181
456	914
457	973
424	1061
438	1304
487	1074
505	1448
461	1400
559	1296
504	1092
452	1052
486	1080
494	1243
525	1331
492	1225
525	1121
480	1134
429	1182
436	1335
383	1296
406	1171
439	1334
542	1598
388	1398
441	1467
423	1445
432	1251
464	1025
457	1103
453	1228
437	1165
470	1207
491	1180
478	1245
441	1323
424	1184
414	1000
451	917
449	1052
458	1325
419	1180
434	1258
490	1161
470	1174
437	1105
435	1203
455	1088
413	1074
439	1153
507	1203
440	1056
426	1166
448	1057
447	978
432	1086
419	831
442	1180
458	1123
474	1109
498	1123
438	973
466	1066
422	1095
452	1045
435	1020
457	1122
455	1052
438	1067
461	1123
419	981
444	1188
437	1098
465	1085
446	1170
388	1077
462	1265
437	1245
498	1392
440	1073
480	1106
490	1116
500	1337
460	1056
455	990
453	1045
382	1213
469	1196
505	1238
481	1440
433	1263
496	1147
451	1132
464	1197
447	1267
519	1279
458	1386
481	1402
489	1252
457	1378
493	1177
566	859
510	1004
520	909
590	1000
574	1065
592	1153
561	1278
506	1115
494	1102
586	1106
538	1211
524	1110
573	1185
517	1186
583	1306
615	1210
575	1496
683	1357
644	1295
660	1415
684	1225
736	1304
692	1277
700	1309
693	1333
669	1234
692	1057
752	1127
772	1112
757	1126
759	1204
770	1403
818	1249
784	1367
807	1265
799	1156
698	1168
834	1273
844	1453
754	1069
840	1147
925	1223
843	1037
907	1177
762	1167
867	1100
855	1158
832	1131
835	1307
842	1389
845	1279
893	1121
877	1067
903	974
823	1119
842	1312
857	1054
927	1128
900	1099
832	1120
822	1145
884	1248
914	1225
878	1275
862	1119
885	1287
907	1212
956	1198
934	1185
902	1132
967	1060
904	1151
955	1294
1087	1329
1032	1251
1020	1108
1071	1077
1073	945
998	1034
1037	1163
977	1272
950	1138
888	1130
808	983
811	871
867	1075
832	1059
736	1183
697	1332
577	1210
631	1158
617	1142
610	1068
578	1120
585	1214
566	1199
544	1147
519	1096
522	1135
513	961
527	1076
494	1261
493	1212
417	1320
436	1151
434	880
442	952
421	1100
416	1101
445	1094
417	1211
443	1066
460	977
423	932
423	978
466	933
431	948
411	1139
359	1118
374	928
371	1001
351	1076
368	953
399	1027
431	1129
408	1080
389	1018
458	994
454	1014
428	1125
372	921
467	918
488	1022
440	1077
433	1061
459	1265
467	1311
403	1128
409	1086
516	1152
460	1059
403	1151
403	1147
470	1169
456	1085
428	1197
441	1169
419	987
431	963
460	1077
464	1554
444	1236
482	1189
438	1233
397	1290
430	1206
439	1027
465	1255
430	1319
388	1378
413	1113
433	1212
399	1274
378	1147
439	939
377	905
385	1033
413	1018
403	1036
415	1035
399	1364
391	1312
432	1177
410	1245
415	1025
400	1059
418	1043
481	1098
487	1203
450	1201
417	1116
486	1236
436	1266
483	1196
503	1026
474	931
475	1170
519	980
518	1098
487	1075
489	981
522	1123
468	1034
464	1117
484	1209
464	1050
427	980
433	1114
450	1217
480	1222
441	1151
445	1048
413	1259
389	1065
386	1102
372	872
372	943
432	1000
372	1029
385	865
393	1005
387	1011
369	929
392	1053
425	1081
478	986
457	1019
506	954
407	1195
435	1319
381	1245
429	1351
379	1077
427	1116
405	1098
410	1064
434	1081
424	1008
413	889
396	1017
425	905
403	1110
407	1053
485	1009
409	1058
408	1176
417	1168
397	1209
396	1146
416	1156
425	1341
405	1304
386	1155
378	1167
380	1318
385	1466
379	1297
409	1245
409	1201
421	1166
413	1069
420	1126
459	1081
434	1063
435	981
385	1056
392	996
364	826
405	1013
456	939
422	1016
415	977
388	934
438	983
424	874
432	1077
420	1035
398	1262
407	1089
431	1163
500	935
495	1108
464	1140
445	937
360	914
398	944
432	1234
452	1137
438	1134
451	1123
393	1319
414	1072
449	1111
400	1083
408	1011
460	1090
480	1095
441	1105
430	1117
379	1257
374	1146
434	1259
388	1283
425	1314
418	1308
430	1216
408	909
437	1113
353	1116
419	1003
433	1119
454	1173
439	1275
438	1527
472	1145
478	1049
457	1177
483	1055
440	1073
417	1194
435	988
433	1188
460	1195
448	1179
472	1101
454	1075
471	986
485	1122
406	1052
413	1090
391	1140
436	1045
408	864
378	1197
438	1154
433	1325
376	1240
423	1338
447	1230
390	1222
376	1125
392	1145
393	1125
376	1211
383	1182
434	1216
440	1199
421	1182
524	1182
451	1174
521	1267
452	1206
480	1258
415	1165
455	1010
400	1161
428	1267
365	1071
401	1325
482	1148
387	1206
416	1010
424	1030
432	1200
408	1181
426	1127
385	1221
409	1279
449	1221
436	1169
386	1115
417	1043
410	1205
426	1017
448	1188
464	1440
434	1416
451	1365
443	1243
487	1354
470	1380
503	1324
438	1294
449	1191
427	1084
482	1134
470	969
467	975
518	1216
463	1164
504	1213
542	1204
498	1155
485	1129
429	1150
449	1118
463	1173
440	1145
428	1102
417	1034
418	1076
495	934
426	984
433	1139
495	1178
475	1147
418	1255
462	1296
412	1396
366	1432
422	1218
497	1177
449	1176
416	1004
454	1141
398	1391
433	1405
401	1425
418	1359
403	1232
437	1181
450	1372
436	1328
457	1214
478	1099
482	1065
480	1058
548	1161
474	1117
429	1172
461	1435
445	1200
420	967
468	1161
405	1138
418	1164
418	1119
404	1374
388	1358
484	1121
482	1149
404	1037
481	1020
484	1079
529	1030
515	884
470	1002
510	1114
485	1439
433	1268
460	1436
473	1313
490	1294
463	1233
477	1309
467	1152
437	1144
523	1048
529	1088
518	1201
469	1201
482	1112
488	1144
445	1061
458	1012
459	960
449	953
411	1002
443	1161
453	1222
482	1149
462	1113
519	1099
507	1002
436	967
469	1388
530	1508
539	1376
488	1282
570	1240
524	1200
467	1189
460	1057
555	1099
558	1338
517	1295
495	1122
527	1357
509	1317
569	1320
562	1325
494	1182
480	1066
441	1002
531	988
467	1130
521	998
493	1018
511	1161
557	1118
460	1311
520	1190
495	1018
543	1021
501	1098
545	1119
521	1163
466	1115
429	1103
506	1024
519	1268
496	1161
482	1115
450	1204
449	1185
471	1148
432	1085
451	1020
452	1122
447	1248
457	1184
494	1032
472	1138
516	1248
456	1404
449	1238
458	1300
446	1092
426	1036
493	1222
467	1211
490	1238
502	1208
535	1140
487	1113
467	1117
545	1185
452	1324
471	1310
480	1159
471	1373
464	1251
463	1065
498	1091
480	1000
456	1078
517	1173
509	1075
463	1015
520	1053
508	976
467	1161
519	1048
513	1016
389	978
519	1041
530	1125
526	1187
464	1495
389	1308
387	958
428	1138
392	911
422	1016
389	1040
400	977
445	986
407	932
396	1139
396	1196
423	1020
450	1012
459	988
415	852
379	1091
480	1118
433	1109
433	990
405	1045
404	1185
412	1217
491	1305
488	1225
430	1076
457	1161
432	1244
459	1201
415	1174
380	1261
416	1226
403	1174
430	1103
430	1271
476	1020
414	1185
400	1348
413	1407
382	1385
419	1373
438	1130
381	1227
429	1342
434	1308
418	1360
395	1205
448	1239
456	1453
399	1380
399	1340
412	1190
491	1151
496	1267
459	1293
441	1108
513	1209
456	1047
473	1041
466	1300
487	1035
464	1356
416	1132
449	1273
426	1205
457	1242
402	1177
398	1013
413	1160
369	977
380	1114
416	1170
419	1112
439	1306
478	1429
463	1153
447	1147
456	1260
482	1128
409	1391
483	1193
455	1106
418	1030
406	1178
462	1172
444	1212
367	1078
392	1163
380	996
430	1095
411	1110
383	1074
402	1238
510	1118
396	1030
446	1201
394	1241
441	1397
407	1205
416	1191
452	1210
414	1191
407	1364
431	1218
452	1196
471	1357
424	1268
425	1607
402	1603
402	1341
478	1192
419	1212
485	1283
416	1046
427	1148
429	1147
452	1210
404	1204
392	1267
436	1054
467	1123
473	1076
428	1296
392	1264
361	1185
362	1203
378	1337
413	1095
452	1154
413	1116
444	1150
419	1316
450	1280
392	1142
422	1195
383	1177
436	1168
389	1228
409	1172
460	1161
442	1377
412	1181
399	1271
397	1129
459	1036
395	1179
469	1225
425	1242
427	1202
486	1055
429	1037
424	1144
429	1083
439	1088
406	1115
387	1061
413	940
395	977
396	880
441	810
416	779
424	965
457	1169
448	1162
429	1234
471	1109
436	1063
386	1160
440	1212
395	1449
409	1234
468	1133
417	1180
403	1332
437	1400
439	1256
420	1164
431	1256
374	1152
361	1098
359	1116
432	1020
449	1202
431	1351
444	1227
443	1135
415	1075
384	1059
396	1181
390	1124
440	1270
438	1153
405	1112
441	989
477	1191
429	1139
441	962
480	896
423	1080
396	1304
424	1186
399	1120
405	1171
461	1122
468	1090
457	1152
404	1229
404	1182
367	1063
436	975
401	920
379	1036
401	981
435	1221
421	984
385	851
451	936
444	1143
485	1369
463	1283
412	1311
492	1477
425	1272
412	1215
390	1123
454	1174
460	1240
408	1169
450	1075
432	1122
420	1048
492	1107
467	1056
399	1407
449	1281
450	1595
417	1472
425	1169
452	1198
482	1428
461	1313
518	1359
489	1126
418	1162
452	1261
437	1159
395	1338
433	1259
404	1292
464	1409
447	1291
475	1351
449	1235
435	1150
445	1277
465	1422
462	1413
508	1278
521	1355
461	1434
489	1252
543	1201
544	1103
587	1176
539	1217
558	914
602	855
593	992
502	948
469	968
541	1088
628	1186
781	1221
749	1185
761	1203
765	1036
875	1058
976	1114
962	1144
854	1343
808	1029
900	1111
885	1186
815	1127
795	1143
772	1191
686	1169
599	1370
597	1099
590	1063
572	1097
519	1256
463	1208
455	994
415	985
386	1110
413	1125
434	1070
514	1123
447	1251
463	1239
454	1154
447	1177
483	1004
507	1264
487	1244
460	1288
478	1077
434	983
477	1239
451	1160
492	1359
489	1181
530	1147
492	1084
452	957
535	1042
513	1093
493	1237
475	1361
442	1151
460	1221
479	1184
478	1228
468	1156
448	1017
487	1232
505	1137
477	1031
502	839
501	1137
497	1125
421	1251
426	1086
472	1079
420	1113
504	1053
467	1096
470	998
511	1120
509	1071
564	1250
413	1137
506	1126
516	874
499	1128
502	1113
506	1064
509	924
560	1194
542	1239
516	1149
534	1073
558	1118
647	1270
722	1166
696	1412
687	1477
651	1409
742	1269
908	1182
1112	1180
1161	1169
998	1130
956	1048
1098	1272
1051	1120
1029	1087
1050	1148
1090	1148
1178	1110
1252	1219
1309	1051
1177	1091
1185	1037
1172	1163
1211	1143
1277	993
1230	1075
1282	1042
1387	1102
1630	1034
1707	1132
1785	1005
1904	949
2049	1161
2405	1073
2609	1242
2645	1306
2550	1222
2261	1317
2353	1169
2175	988
2094	1182
1932	1073
1745	1122
1720	1143
1747	1181
1725	1193
1676	1086
1803	1182
1935	1188
2230	1096
2509	1410
2611	1313
2543	1280
2706	1135
2991	1160
2976	1200
3027	1205
2984	1427
2940	1155
2969	1039
2866	1210
2701	1151
2682	1144
2292	1205
2240	1308
1878	1065
1914	1010
1806	1178
1783	1152
1951	1101
1683	1074
1897	1126
1904	1003
2048	1051
1931	1031
1892	967
1869	1037
1943	1246
1962	1370
1976	1253
1923	1089
1886	1083
1712	1108
1731	1157
1685	1037
1497	1092
1381	1153
1340	901
1363	941
1438	910
1310	825
1199	984
1156	953
1320	923
1302	1258
1276	1090
1242	1089
1227	1167
1330	1298
1261	1222
1287	1263
1292	1442
1177	1153
1212	1093
1171	1101
1068	1080
1039	1231
1016	1161
1010	1095
1062	1037
1076	1152
1005	1136
901	999
868	991
986	1024
947	866
853	916
809	1093
834	1084
829	1221
859	1137
823	1029
782	1084
699	1146
840	1031
825	1032
809	1076
712	1066
676	1105
672	1032
701	1189
781	1182
768	1144
731	1119
788	960
689	1045
779	1025
685	948
698	981
606	967
679	1102
628	982
644	962
691	1010
623	963
591	1034
539	991
643	1033
570	1194
567	1201
560	1052
599	1201
608	1093
566	986
504	982
559	1177
595	1081
577	936
568	902
554	1015
498	1116
577	1215
536	1262
524	1218
606	1187
608	1224
657	1159
610	1029
684	990
550	968
594	907
585	999
568	1075
635	1002
615	1037
618	1096
614	1109
585	1068
613	1028
647	949
631	968
576	1010
564	930
560	1148
571	1115
583	1278
580	999
585	1046
601	995
565	1030
550	1126
516	1042
538	938
547	822
570	1100
539	1118
557	1176
553	1191
546	1107
533	1217
621	1182
539	1150
560	1022
571	1185
529	1150
563	1108
563	1078
492	1296
592	1292
556	1281
572	1330
534	1074
595	1068
626	1042
605	1073
625	968
512	1259
551	1124
523	1012
588	1047
620	1010
578	896
638	1084
552	1046
507	1110
570	1066
652	980
527	1100
597	1158
552	1105
567	1261
558	1145
586	1233
574	1193
602	1271
527	1248
521	1182
471	1075
519	959
486	1026
524	1236
537	1050
547	1117
571	1182
511	1287
496	1330
567	1152
518	1314
577	1048
570	1383
551	1165
543	1222
546	1213
545	1187
648	1209
564	1212
546	1209
586	1396
536	1285
559	1116
647	1156
588	1222
546	1121
598	1176
528	1163
537	1322
518	1357
567	1401
535	1207
540	1094
495	1111
480	1371
478	1138
501	1197
527	1074
486	1129
523	1262
506	1012
523	1071
528	1182
546	1240
479	995
501	1139
484	1123
513	1324
531	1349
600	1234
566	1136
568	1142
571	1243
562	1066
559	1128
584	1120
536	1013
542	1135
584	1134
656	1048
574	1178
585	1232
606	1265
569	1136
594	1280
681	1537
603	1358
599	1460
641	1284
606	1369
604	1304
589	1306
650	1188
624	1062
690	1076
679	1022
665	1100
671	1087
557	1196
654	1076
588	979
583	996
611	1222
578	1226
625	1345
585	1045
646	1188
634	1331
707	1232
661	1340
696	1054
682	897
700	1133
721	1103
714	974
727	986
774	1121
682	954
666	979
624	955
684	959
600	1282
632	1184
672	1194
629	1033
612	942
675	1147
674	1052
729	1073
711	1017
641	1080
753	1097
682	1041
736	1036
718	1135
703	1361
723	1218
740	1055
720	1240
746	1102
726	1263
740	1249
663	1029
634	1050
593	1005
685	1200
680	1049
644	1034
662	914
599	938
639	1138
729	1111
654	1359
657	1181
652	1028
622	1145
614	901
585	979
607	966
591	974
603	962
683	1114
581	1063
567	1192
541	1164
610	1013
541	1019
552	1115
478	1197
526	1180
527	1329
505	1148
521	1210
511	1175
543	1198
523	1024
542	1194
495	1204
530	1203
546	1332
561	1208
585	1186
540	990
558	1018
484	1285
568	1209
531	1041
461	1086
439	1149
476	1028
505	1190
470	1147
508	1029
479	1309
498	1284
441	1169
479	1161
497	1386
459	1098
519	1181
466	1350
539	1202
486	1188
419	1209
464	1307
456	1085
499	1237
504	1305
479	1265
468	1207
495	1059
443	1099
572	1139
549	1411
465	1359
413	1077
512	1196
503	1173
409	1260
433	1204
441	1100
419	1072
477	1035
421	1120
390	1216
442	1397
504	1271
451	1297
434	1115
447	1086
408	1267
461	1259
469	1373
417	1180
433	966
425	1168
472	1150
415	1238
424	1119
411	1287
382	1305
390	1242
433	1165
429	1025
392	1217
431	1313
437	1206
418	1129
474	1076
454	1259
442	1218
429	923
425	929
469	1105
478	1122
455	936
446	1000
434	1074
472	1121
412	1196
441	1260
380	963
516	1210
442	1173
496	1197
462	1115
433	1340
381	1327
426	1043
420	1197
421	1175
406	1051
383	1202
423	955
472	1141
400	1044
397	1080
447	1020
498	1220
478	1051
474	1103
381	1252
406	1116
399	1141
459	1469
482	1446
428	1173
383	1315
416	1069
447	1001
384	1094
371	1164
465	1179
384	1107
370	1085
388	1143
395	1123
379	1102
437	1196
381	1056
424	1162
439	1086
462	1088
417	1067
449	1125
460	1085
476	1164
441	984
427	974
439	1163
386	1148
417	1298
416	1252
441	1272
457	1227
400	1094
456	995
478	1112
467	1266
530	1405
424	1084
405	1163
490	1250
475	1514
448	1399
479	1546
484	1386
432	1040
451	1001
445	985
446	1089
450	909
484	955
516	1000
407	959
432	1098
414	1052
449	935
488	1041
464	949
443	1000
488	969
405	965
417	946
489	1023
468	1236
483	1211
456	1061
462	1140
461	1194
433	1150
413	1237
415	1350
438	1212
465	1271
413	1230
417	1155
419	1254
440	1124
442	1184
426	1292
506	1316
545	1339
474	1265
474	1337
485	1208
469	969
465	1097
431	1124
454	1105
517	1103
520	1101
456	1044
447	1028
468	1126
465	1246
594	1246
540	1362
501	1055
505	1013
530	899
635	1049
597	1025
693	1184
572	1080
586	1227
647	1178
718	1309
714	1293
704	1248
705	1019
769	1044
688	1164
615	1189
561	1241
620	1159
571	1280
549	1100
582	1038
479	1214
534	1197
577	918
467	938
459	1038
481	1122
509	1288
576	959
557	1002
527	1098
511	1080
539	1109
520	1215
551	1135
594	1305
547	1169
565	1038
572	1155
580	943
657	1207
578	1166
556	879
606	991
604	1091
570	1105
597	1182
565	974
562	947
613	1006
627	1042
655	912
578	836
660	996
692	1075
630	1130
683	1034
607	1103
667	1137
562	1019
604	1010
620	910
693	1096
639	1219
593	1170
621	1125
616	1060
625	1170
559	1031
582	1136
557	951
582	999
566	1060
569	1102
585	1030
604	971
570	1102
621	1054
591	1039
603	1024
578	945
533	1374
535	1390
551	1410
511	1235
508	1308
524	1295
532	1481
468	1146
460	1244
476	1398
557	937
522	986
484	1055
538	1070
540	1260
467	1063
443	1032
520	1180
451	1128
528	1232
467	1277
442	1254
517	1149
469	1137
417	1214
419	1093
430	1284
483	1088
452	908
558	832
654	1053
613	1116
698	1274
592	1186
560	985
541	972
598	912
617	1036
624	1059
538	1040
529	1142
484	1110
530	991
642	1116
626	1036
555	1079
439	1176
520	1148
489	1316
478	1179
563	1299
572	962
601	1231
532	1059
529	1137
561	1181
577	1196
543	1135
528	1102
458	914
495	860
504	911
404	1058
461	1104
450	1192
417	1006
413	1275
432	1088
467	1166
419	1233
483	1213
443	1353
376	1104
440	1309
447	1530
449	1278
435	1160
457	1078
493	1211
457	1226
449	1107
381	1125
392	1108
438	1244
447	1282
433	997
409	1008
382	905
358	1027
505	1045
497	1132
469	997
430	1111
452	1121
429	1196
453	1185
431	1135
475	1227
472	1229
489	1111
457	1098
481	972
355	1091
426	1027
428	931
463	1064
478	904
446	1018
413	1131
476	1318
399	1122
431	1112
421	1158
402	1200
468	966
381	1084
466	1075
443	1144
415	900
426	1066
445	1023
437	1086
410	902
460	953
433	1101
467	1282
453	1134
387	1033
359	1057
369	1231
449	1344
437	1190
438	995
450	1286
449	1219
449	1237
371	1175
393	1225
444	1184
426	1135
449	1281
430	1242
430	1242
417	1198
448	1247
478	1016
463	1122
440	1182
418	1286
376	1118
455	1168
476	1412
436	1172
462	1329
458	1346
466	1307
443	1136
418	926
410	1107
465	979
400	1026
440	1299
453	1419
443	1157
446	1328
453	1192
496	1094
384	1153
425	1273
398	1072
387	1004
455	1170
466	1115
482	1026
511	888
409	1065
475	950
469	950
426	1050
456	1034
411	1299
417	1231
488	1201
472	1148
445	1087
391	1183
436	1321
406	1340
510	1165
467	974
419	968
428	942
491	1035
421	972
429	978
437	1324
436	1184
469	1151
400	1271
467	1261
458	1326
476	1292
449	1329
465	1221
432	1153
455	1160
398	1176
434	1308
428	1211
403	1094
375	970
441	1397
419	1333
502	1165
453	1240
470	1280
433	1367
456	1296
437	1221
407	1125
403	1199
418	1194
404	1008
421	1202
447	1251
428	1138
434	1228
452	930
459	985
432	1137
415	1137
432	1273
449	1335
477	1173
477	1216
439	1317
439	1253
419	1235
417	1506
403	1312
404	1249
406	1233
494	1277
434	1243
474	1089
494	1244
435	1252
445	1315
417	1244
496	1215
442	1368
450	1453
428	1437
445	1416
474	1297
433	1279
443	1180
363	1133
393	1270
459	1180
388	1155
435	1272
419	1193
428	1176
435	1299
445	1301
404	1430
429	1367
449	1297
448	1166
391	1299
505	1276
413	1293
427	1285
460	1228
427	1138
415	1174
436	1133
467	1109
453	1224
431	1227
468	1232
470	1027
496	1228
441	1242
474	1102
504	1212
450	1165
460	1020
456	916
436	1088
443	962
415	1075
456	1158
452	1070
525	877
485	1056
524	1125
421	1100
438	1282
401	1247
417	1328
483	1170
457	1097
433	1463
474	1382
495	1285
500	1289
486	1141
505	1101
458	1182
501	932
558	1074
514	987
543	1090
538	971
510	961
482	917
445	801
439	869
472	821
471	905
468	1178
505	1160
562	1239
502	996
511	889
525	1050
507	1210
493	925
451	910
498	853
512	1004
494	1082
500	1022
546	881
529	1043
463	1036
528	944
574	954
524	952
544	1147
485	1126
492	1051
463	926
508	985
511	1072
535	1133
591	943
482	1076
542	986
553	1104
524	1005
525	1101
554	1094
593	1093
569	1199
550	1187
566	1156
535	1120
597	989
603	1076
586	899
538	1021
561	866
605	1084
612	1227
610	1235
637	1112
632	1012
595	1051
597	1159
574	1076
604	1097
593	1180
599	1390
566	1152
612	1244
592	1151
567	1020
571	1319
577	1115
547	1074
537	1184
528	1118
621	1184
568	1219
598	1095
479	1126
567	1249
532	1191
582	1201
528	1063
551	1047
515	1042
510	914
505	964
511	1370
474	1294
552	1291
535	1317
540	1120
495	1104
496	1109
513	1343
528	1191
487	1170
496	1266
504	1268
476	1152
522	1209
511	1146
518	1289
512	1188
547	1100
545	1228
445	1382
518	1365
484	1492
477	1387
506	1213
463	1321
485	1468
526	1256
506	1494
524	1191
558	1411
494	1420
523	1270
548	1315
510	1281
489	1108
580	1001
512	1149
572	1217
520	1277
495	1135
470	1222
488	1263
526	1152
507	1223
493	962
473	1000
517	1068
524	1148
534	1233
509	1125
493	976
489	1139
500	1204
470	1089
540	1134
514	1244
514	1412
509	1116
474	1155
478	1095
520	956
522	913
472	1025
508	1088
496	1087
509	1122
475	1290
499	1376
499	1368
495	1335
539	1297
489	1193
476	1221
523	1240
525	1285
454	1203
541	1213
573	1141
556	1186
597	1209
536	980
538	1096
509	1009
502	967
554	1172
514	1238
529	1161
503	1178
516	1243
519	1512
602	1264
607	1122
562	979
574	1070
506	1072
525	1184
563	1299
532	1166
499	1103
535	927
532	1015
546	876
538	1056
529	1052
513	1053
530	1230
523	1194
488	1105
512	1250
517	1555
537	1382
498	1454
506	1272
505	1306
550	1392
560	1391
574	1238
531	1245
539	1338
608	1317
607	1370
503	1390
512	1410
540	1352
468	1504
496	1457
495	1387
477	1176
494	1183
539	1128
483	1074
561	1269
430	1148
526	1123
518	1057
523	1189
493	1226
459	1312
506	1014
520	1021
507	1229
522	1273
480	1319
476	1194
541	1189
527	1042
518	990
591	1060
568	915
579	1020
447	1063
487	1086
508	921
472	1243
557	1041
471	959
499	1126
495	1272
485	1626
543	1300
545	1177
516	1065
544	1011
557	1144
594	1276
556	1100
521	1080
558	1066
609	1203
640	984
641	1170
590	983
666	968
606	1073
527	932
513	1180
514	1316
537	1175
516	1010
540	848
520	924
553	1083
537	1098
527	1126
506	1249
542	1207
471	1136
510	1194
531	1143
559	1149
497	1324
566	1269
566	1022
544	1077
513	1193
461	1212
531	1108
564	1028
483	988
497	1143
560	1205
539	1245
475	1401
509	1300
525	1347
523	1189
476	1120
444	981
469	1174
494	928
497	1053
476	1229
438	1088
474	1378
510	1130
490	1103
494	1207
464	1324
484	1188
454	1211
476	1420
524	1219
449	1147
435	1102
464	1189
461	1325
486	1085
443	1049
423	1168
413	1125
494	1297
478	1351
395	1236
480	1121
420	1201
456	1262
464	1237
492	1422
519	1528
406	1295
466	1178
497	1103
449	1036
451	1035
412	1090
423	995
433	1041
407	1233
457	1215
385	1246
442	1146
452	1370
485	1210
429	1202
492	1364
434	1202
457	1151
452	1211
492	979
438	1048
441	1186
461	901
491	1013
438	944
458	998
473	1234
505	1207
481	1278
482	1060
388	1210
361	985
434	924
448	988
476	1113
489	895
451	921
468	1025
457	1047
479	967
437	1043
482	1025
441	1167
438	1033
451	955
440	1010
459	963
453	1041
494	1086
461	1003
436	1219
470	1163
422	1324
491	991
558	1056
507	920
518	990
561	1105
523	1211
525	1156
574	1101
541	1039
559	1015
646	1011
616	1087
671	1086
758	1124
696	1172
821	1042
842	1161
939	946
977	983
1022	1049
1021	1157
1075	1203
984	1465
1025	1426
935	1089
892	1056
799	935
740	990
716	976
620	985
708	1140
761	1185
656	961
722	969
859	977
854	1073
1103	999
1304	958
1362	976
1417	1269
1372	1122
1297	1197
1214	878
1146	1047
1105	1025
930	1173
970	1212
855	1459
747	1263
702	1063
720	1158
760	1017
748	946
698	1042
747	1236
710	1090
671	1167
741	1289
635	1138
612	1005
619	935
612	1060
607	1097
596	1091
520	1183
604	1264
643	1188
706	1145
758	1332
764	1189
770	1207
740	1285
815	1124
920	1405
871	1299
910	1327
935	1610
916	1453
933	1448
1188	1495
1509	1560
1455	1450
1473	1367
1566	1384
2075	1216
2193	1169
2391	1161
2154	1328
2020	1123
2553	1208
2666	1326
2609	1394
2648	1352
2772	1271
3136	1434
3412	1510
3526	1535
3783	1500
3743	1401
4167	1325
4944	1250
5351	1272
5168	1677
4933	1659
4913	1520
5091	1285
4628	1149
4423	1257
3941	1352
3593	1244
3379	1135
2961	1122
3013	1236
3100	1287
3099	1291
3247	1145
3311	1317
3300	1171
3677	1389
3886	1370
4046	1425
3859	1341
3671	1243
3945	1228
3968	1145
3696	1247
3256	1249
2864	1209
2721	1170
2611	1132
2582	1148
2258	1131
2144	1238
2284	1335
2343	1190
2338	1204
2239	1247
1958	1225
2000	1333
1957	1238
1868	1202
1485	1305
1278	1145
1175	1095
1137	1069
1283	1083
1205	1090
1125	1195
943	1183
1002	1155
1057	1047
980	1150
883	1132
858	1008
824	925
840	872
831	1037
722	1077
626	1154
591	1131
654	1281
680	1181
590	1097
513	1191
477	1227
497	1338
501	1327
536	1279
540	1126
522	1176
454	1186
494	1217
469	1083
396	1123
443	1285
511	1453
444	1320
516	1234
439	1324
535	1073
542	1100
547	1109
571	1184
512	1181
496	1133
484	978
430	1184
434	1119
447	1033
447	1066
433	1093
460	1043
454	1104
429	1070
452	1454
462	1193
466	1226
471	1404
465	1252
517	1252
519	1207
470	1050
523	1284
492	1256
539	1173
559	1037
513	1183
577	995
548	1119
549	1158
532	1040
543	1168
522	1083
600	1160
516	1259
593	1213
559	1136
566	1169
508	1190
549	1084
619	1001
651	914
576	1030
539	1023
672	1037
675	975
668	1161
644	1006
667	1058
635	936
592	990
647	1060
657	1274
628	1053
578	1076
601	991
668	1120
605	1211
582	1214
571	1408
569	1299
595	1097
611	1138
560	1249
649	1065
768	1113
809	1020
856	1168
817	1139
789	1073
1017	869
1099	998
1075	1128
1150	1008
1097	1214
1147	1343
1377	1403
1375	1371
1416	1258
1301	1442
1371	1441
1407	1571
1379	1262
1386	1351
1516	1130
1494	987
1575	1230
1595	1296
1593	1243
1616	1441
1632	1246
1562	1392
1538	1233
1412	1154
1491	1197
1465	1384
1519	1098
1347	1082
1341	1161
1368	1111
1421	1210
1324	1261
1085	1110
1094	1174
954	1173
1213	1084
1027	1228
899	1116
681	1101
748	1275
838	1263
792	1213
863	1221
736	1137
731	1127
715	1053
769	960
757	997
674	990
618	1063
552	1116
634	1226
593	1257
572	1170
607	1086
644	1108
682	1091
681	952
651	1054
700	1156
706	1231
698	1263
651	1339
708	1246
631	1258
683	1141
635	1210
653	1093
621	1048
687	1086
607	1170
615	1335
631	1385
618	1323
614	1087
625	1309
632	1344
605	1366
611	1384
566	1422
534	1398
557	1280
587	1061
577	1017
581	1075
629	943
602	1120
645	1115
682	980
545	1116
523	1125
510	1113
540	1015
679	1234
547	1207
477	1273
494	1150
495	1031
479	1061
503	1084
437	1028
458	1182
443	1136
408	1096
402	949
471	859
430	864
457	983
419	952
489	1026
413	1251
422	1207
431	1266
484	1021
391	1112
409	1330
515	1197
481	1145
419	1112
488	1038
463	1159
493	1101
418	1266
425	1009
403	936
383	1140
417	1281
427	1287
416	1138
417	1143
359	1216
494	1149
437	1220
480	1017
499	988
527	1247
426	1113
509	1008
419	1056
399	1111
442	1063
491	989
431	957
437	946
466	1045
448	1018
524	1001
550	1090
500	1155
486	1079
552	1187
543	1276
576	1298
549	1282
540	1225
557	1479
526	1434
475	1492
484	1200
530	1392
554	1436
487	1300
492	1438
458	1298
435	1280
413	1267
466	1143
471	989
419	1081
454	1219
452	1076
514	1140
487	1130
504	1065
487	1088
453	1176
444	1145
392	1143
446	1063
424	953
482	895
484	1111
475	1207
451	1190
374	1274
398	1057
423	1010
398	1051
403	1189
377	1116
362	912
400	1038
391	1090
415	1112
437	1191
518	1365
462	1311
437	1318
481	1110
503	1245
516	1143
475	888
479	881
467	931
462	1159
451	1081
493	1063
434	1087
510	1090
501	1096
581	1043
514	1147
578	1217
603	1379
561	1146
632	992
651	988
625	1161
664	1262
545	1114
611	984
562	985
524	875
600	1149
564	1048
579	1024
543	1107
568	1039
537	1083
555	955
562	1003
552	1022
560	1156
597	976
678	1167
641	1079
615	1314
608	1178
653	1042
662	971
583	1098
623	1006
586	856
564	1083
570	1169
576	1095
578	1263
555	958
536	958
634	955
601	1114
689	1315
657	1064
679	992
703	1154
701	1044
740	1071
650	1035
620	1093
656	1168
640	1249
605	1304
601	1120
550	1170
555	1070
545	909
568	1186
563	1205
540	1123
510	1073
500	1032
559	1073
565	1031
559	1142
598	1227
568	1123
554	1192
576	1168
497	1313
552	1259
516	1151
555	1189
497	1108
488	1022
509	907
540	1009
500	1093
504	1115
557	1073
487	1254
540	1256
566	1133
497	1025
457	1265
456	1167
458	1077
438	1183
476	1154
481	1228
392	1144
413	1136
477	1140
446	1090
389	1014
409	1146
444	1131
425	1054
435	1151
439	1159
470	1151
501	1227
410	1062
419	916
488	1067
427	1049
480	1123
447	982
445	1134
438	1268
419	1072
492	1040
424	1255
456	1127
437	1111
402	1134
456	1055
392	1078
440	1182
430	1198
482	1169
391	998
464	1142
433	1354
430	1170
431	1028
414	1090
432	1171
471	1063
435	1009
504	1113
458	1028
446	1291
394	1112
442	1025
435	1172
466	1154
425	1152
428	1283
447	1242
514	1197
527	1034
446	1017
438	1114
423	1071
444	963
464	1064
429	1113
468	1106
484	1045
467	1298
494	1109
479	965
402	1059
416	1076
444	991
446	1195
447	1382
463	1245
491	1257
442	1316
408	1186
442	1155
413	1179
528	1269
477	1244
477	1097
510	1253
543	1196
538	1050
541	1180
544	1178
526	1262
522	1334
614	1380
725	1312
691	1192
584	1205
618	1010
882	1085
787	959
857	1007
943	1079
898	1195
855	1257
744	1157
683	1118
735	1196
698	1348
697	1204
712	1298
784	1248
663	1180
682	1015
703	1085
725	1008
771	907
755	955
773	1058
711	1026
709	1100
683	1133
693	1153
687	1109
601	1038
586	1065
483	1288
509	1342
487	1116
475	1031
431	1223
436	1258
431	1212
449	1201
428	1192
401	1382
422	1144
403	955
439	1113
366	1176
395	1126
370	1282
393	1243
374	1091
429	1134
388	1224
393	1128
421	1140
386	1037
394	1185
395	1015
398	932
393	1144
383	1075
375	1254
407	1016
421	999
406	1057
433	1085
419	1042
485	939
469	1081
431	1103
457	1193
406	1076
471	928
428	1045
450	1142
451	1241
439	1023
396	997
381	898
420	990
430	957
443	1057
436	1100
499	1020
447	1152
425	1090
397	907
458	950
546	953
481	1176
433	1299
438	1428
422	1244
463	1352
461	1244
423	1124
505	1078
449	1123
472	1182
436	881
418	996
463	1043
422	1151
445	1180
472	1234
478	1219
444	1047
467	1058
464	1056
427	1136
452	1125
478	1192
436	1237
423	990
446	958
403	1142
459	1075
464	1232
437	1124
427	1101
456	1073
386	948
437	1220
386	1124
401	993
392	1061
419	1333
386	1195
424	1207
429	1192
414	1194
419	1334
435	1250
423	1082
374	960
422	961
377	1045
373	1126
424	1077
420	1384
421	1243
465	1155
489	1118
549	1224
417	1301
402	1234
424	1505
470	1496
404	1266
375	1207
473	1247
483	1304
455	1122
439	1097
404	1180
377	1084
474	1264
451	1358
481	1281
477	1289
465	1232
448	1154
468	1345
427	1272
431	1659
453	1345
471	1297
406	1340
406	1240
406	1067
396	1133
440	1192
381	1365
389	1246
414	1065
450	1279
336	1367
392	1108
395	1202
388	1433
426	1236
426	1193
434	1093
411	1223
405	964
433	1173
445	930
432	1131
430	1221
379	1279
396	1200
421	1201
454	997
439	869
460	1102
410	1053
433	1074
403	1159
395	1039
366	1293
384	1267
401	964
396	1103
387	1048
393	1120
357	1089
420	1130
429	1134
405	1220
387	1095
407	892
356	986
371	1160
389	967
412	1024
437	966
428	1139
395	1165
401	858
406	1280
427	1250
427	1181
421	1084
411	995
423	1167
388	1136
438	1168
443	1154
491	1100
438	978
461	1400
434	1076
474	918
433	1116
415	1250
466	1236
404	1069
412	1100
425	1038
434	1056
475	1033
437	1028
427	1050
386	1019
416	1097
405	1074
476	1020
455	1114
496	1098
459	1032
529	990
456	1028
478	1084
434	1248
422	1250
451	1350
447	1207
407	1289
433	1197
428	1215
397	1079
466	935
481	1096
439	1325
455	1222
498	1199
406	1249
470	1150
565	1118
413	1143
510	1128
469	1080
410	1101
535	1122
499	1116
499	1089
544	1243
468	1099
512	1061
510	1085
499	1174
541	1036
486	1189
469	1297
426	1205
476	1271
510	1027
460	1077
456	1090
499	1082
445	1006
445	1129
395	1186
408	1209
472	1029
452	1203
411	1203
472	1342
421	1354
446	1301
388	1183
434	1149
442	1181
391	1092
489	1195
381	1112
440	1022
430	1086
491	1025
395	1019
370	1003
428	1068
437	1043
392	1042
449	1068
366	1021
372	1089
449	1091
439	1145
431	1058
444	1068
454	963
452	984
408	1222
390	1179
412	1061
396	1066
419	1065
466	1188
497	1047
402	1005
406	1153
413	1172
456	1001
408	1089
464	1020
454	1051
454	1136
461	1197
471	1012
428	1132
475	1284
462	1137
486	988
451	1148
449	1133
409	1100
417	1168
390	1083
353	961
419	1038
457	981
430	1043
434	933
402	960
429	957
462	1038
415	1293
399	1057
400	987
466	922
476	982
475	980
478	932
471	1052
455	1042
387	915
408	1104
452	1223
437	997
520	1063
523	970
534	1075
479	1011
563	1015
518	1193
526	1284
560	1246
461	1150
495	988
470	957
518	1023
521	1109
428	1293
493	1202
510	1026
471	1212
489	1193
457	1158
410	998
469	910
472	1231
474	1336
483	1387
475	1366
473	1369
480	1120
517	1217
525	1159
531	1258
500	1161
482	1392
497	1365
494	1514
504	1459
445	1421
446	1313
425	1121
426	1242
430	1293
439	1386
456	1160
468	1141
565	1098
475	1219
513	1269
456	1156
519	1180
406	1072
411	1241
377	1227
448	1057
428	970
453	1058
492	1210
437	1275
438	1048
411	1013
410	1048
409	1089
464	1237
488	1282
398	1154
449	1026
384	1115
447	1092
400	919
434	989
459	936
447	1111
422	929
386	1006
455	1142
417	1053
386	897
474	1086
443	1163
453	1131
450	954
383	1074
453	1013
415	1110
439	1129
436	1233
394	1121
424	1008
417	1018
383	1217
435	1168
416	1004
508	1214
450	959
420	1127
447	1100
415	1359
493	1396
469	1214
511	1339
446	1390
423	1346
451	1202
419	1128
449	1225
488	1146
463	1160
459	1150
512	1084
506	929
444	1162
481	1141
519	1102
548	1131
548	1147
506	990
449	932
485	1048
495	1034
457	983
446	1096
468	1223
534	1171
467	1047
473	930
513	1032
484	1035
479	1066
483	1184
503	1234
493	1208
492	1280
496	1366
571	1071
533	1141
492	1221
537	1139
500	1118
542	1161
456	1206
513	1080
567	1190
565	1240
474	1011
456	962
490	1211
540	1123
548	1070
485	1024
483	1167
527	1248
545	1106
535	1131
522	1318
530	1256
496	1078
571	1006
551	1032
547	1013
557	940
491	1051
529	1014
543	1002
578	1096
578	1093
555	1002
525	819
587	896
599	976
581	948
569	898
520	1105
529	1088
538	1161
579	935
559	1022
612	1355
563	1334
555	1230
618	1000
620	1154
658	1001
627	1041
686	862
623	782
612	964
633	1122
613	1150
685	1310
566	1082
629	1069
624	1255
643	1558
643	1443
630	1671
675	1377
670	1261
789	1484
788	1333
828	1312
805	1186
863	1228
924	1209
964	1249
885	915
899	979
831	1038
855	891
959	1025
1002	962
939	1057
924	1098
911	1196
1141	1266
1357	1279
1496	1204
1462	1055
1591	1020
1824	1261
2122	1230
2037	1336
1979	1278
2164	1369
2372	1282
2784	1152
2692	1178
2565	1208
2837	1281
3292	1228
4116	1414
4517	1435
4413	1314
4528	1304
5015	1341
5652	1358
5554	1449
5074	1441
4822	1251
4794	1259
5088	1332
4883	1407
4698	1182
4433	1153
4527	1276
4988	1313
5367	1192
5625	1140
6001	1157
6843	1201
7309	1339
8054	1262
8354	1248
8427	1272
8887	1411
8519	1363
8602	1100
8096	1071
7365	1102
7263	1102
7122	1246
6708	1288
6247	1082
5841	1019
5680	1079
5790	1139
5819	1349
6097	1022
6510	1343
7011	1157
7036	1117
7075	1104
7148	1317
7042	1198
7405	1073
7757	1160
7215	1174
6231	1138
5730	1242
6239	1300
6144	1523
5304	1199
4614	1091
4522	996
4503	1041
4644	966
4699	877
4289	857
4011	936
4354	1132
4658	961
4890	1185
4201	1164
4140	951
4007	975
4058	1077
4064	1003
3307	1171
2947	1089
3039	1153
3366	1031
3388	932
2877	1084
2296	1173
2269	1154
2289	1251
2434	1321
2144	1364
1747	1363
1624	1285
1686	1451
1813	1276
1600	1259
1428	1135
1264	1238
1209	1176
1286	1132
1198	1160
1045	1108
1121	1069
1158	1262
1191	1313
1225	1096
1066	1094
942	1130
1004	1030
1169	1113
1149	1130
951	1148
954	1249
855	1239
823	1114
800	932
786	977
739	1050
759	1039
813	979
841	936
802	1024
744	1023
828	984
803	957
870	976
856	849
885	924
889	1126
838	1016
879	1025
871	1247
743	1370
678	1018
738	950
709	1016
727	1059
677	1127
656	977
654	1039
683	1066
672	979
678	875
725	844
779	981
761	995
728	1083
727	1137
694	1154
648	1040
708	851
673	858
624	1014
661	928
540	1187
640	1107
583	1168
642	1062
575	946
562	962
546	1031
635	1154
627	964
630	1083
692	1085
609	1120
639	1271
646	1190
670	1064
654	1058
661	1017
635	1117
662	1205
607	1303
680	1249
600	1142
608	968
625	1007
635	827
505	819
598	834
532	966
615	1019
528	999
550	962
525	988
570	963
517	1114
568	1455
579	1344
633	1346
532	981
512	1037
579	1071
562	1252
566	1139
592	1299
533	1041
565	967
607	1001
609	954
540	1300
508	1179
533	1008
559	995
571	846
449	901
498	946
533	968
524	1045
559	1027
551	1170
491	1083
498	958
522	963
527	949
487	962
484	838
506	959
412	1162
510	1136
527	1171
494	1114
548	1163
479	1339
576	1353
512	937
471	1024
433	959
473	1028
435	976
448	792
453	1048
491	789
459	748
492	844
494	859
441	902
466	876
461	915
482	789
452	796
426	1204
530	1204
490	1221
480	1135
533	993
517	1110
504	1145
428	1276
442	1153
463	1235
455	1198
475	1214
468	1315
447	1120
526	1019
460	1144
448	1129
454	950
444	884
418	1306
437	1048
425	1025
412	1105
449	1030
411	1124
475	1056
509	1126
433	881
422	945
459	1105
469	985
440	1050
429	1212
471	1144
422	1003
409	857
474	876
447	823
445	1035
433	1005
423	1046
376	1040
414	1074
401	1251
393	1288
398	1245
430	1216
419	1193
444	1017
382	1139
348	1079
408	1116
409	1221
449	1106
418	1124
407	1118
467	1046
473	1133
420	1150
456	1216
471	1098
421	1184
419	1281
469	1336
427	1020
470	1106
543	1056
415	991
430	1034
424	1201
423	1370
397	1387
435	1278
418	1069
384	991
454	1123
442	1196
418	1166
451	1108
425	1152
456	1186
414	1068
437	1040
402	1018
386	1080
389	1308
415	1278
462	1386
450	1136
500	1143
442	1133
490	1349
478	1299
457	1254
436	1117
376	803
447	927
405	1048
404	1066
442	1120
397	952
448	1013
379	953
381	959
406	1027
351	1094
375	1114
422	1081
473	1103
451	1030
499	1320
454	1225
400	1196
393	1041
445	1090
411	922
481	1104
443	1130
465	893
384	997
456	1012
509	988
424	1111
462	1216
405	1109
444	1379
429	1187
449	1197
461	1224
444	1246
453	1156
402	1344
406	1277
439	1117
437	1037
400	1061
430	1044
407	1106
448	1180
456	940
411	1047
500	994
450	1048
440	1059
407	1165
440	1078
430	1107
422	1127
431	945
481	969
451	1140
472	1028
476	1211
457	1046
433	1125
427	1293
432	1241
441	1320
491	1392
463	1111
439	1419
456	1385
488	1257
439	1130
513	1220
494	1222
463	1383
450	1359
463	1195
437	1529
479	1273
464	1342
421	1279
474	1135
412	1129
452	1168
438	1183
468	1083
511	1151
490	1161
562	1199
551	1224
581	937
586	1038
585	1326
559	1249
567	1079
537	1164
526	1158
442	1219
413	1323
487	1342
535	1326
474	1401
429	1320
457	979
493	980
522	1035
517	1078
492	1293
493	1309
449	964
493	1082
462	1313
463	1180
454	1143
448	1129
446	1289
450	1188
466	1175
436	960
455	1158
398	1025
410	1067
402	1006
471	1188
482	1084
487	1020
438	862
400	966
478	919
402	1090
452	1074
354	945
440	906
456	909
423	955
438	1031
410	1114
446	1295
525	1386
466	1034
468	1017
453	1224
452	1126
510	1020
525	1081
489	1246
453	1372
484	1201
447	923
395	950
464	915
438	1154
461	1079
435	1127
399	1097
508	1093
416	1099
466	1107
432	1300
446	1352
416	1490
444	1200
457	1312
435	1096
405	1141
495	1038
483	1053
415	992
457	1005
442	1090
432	1271
394	1271
454	1212
389	1203
445	1327
401	1218
455	1059
402	1155
411	1042
474	1035
460	1276
472	1203
446	1145
502	1067
453	906
440	996
495	910
417	1049
397	1003
426	897
416	862
441	1027
498	1061
475	1032
429	1005
458	969
428	924
436	864
423	918
422	932
464	968
458	903
435	1146
470	962
446	1174
418	1022
416	1231
450	1073
437	1199
386	1245
408	1156
416	1217
460	1054
414	1285
437	1330
511	1280
460	1248
527	1254
452	1239
452	1403
412	1259
480	1230
365	1202
429	1238
451	1305
452	1513
462	1432
411	1186
369	1365
333	1347
438	1142
446	1127
448	1266
380	1361
416	1142
444	996
449	1025
486	1156
490	1004
435	1083
416	1120
426	956
409	1054
427	1206
454	1096
424	1134
458	1210
382	1117
441	1301
379	1223
396	1245
440	1235
373	1256
418	1411
354	1354
452	1119
470	1367
427	1189
442	1078
364	1175
418	1117
484	1261
396	1108
397	1140
434	1085
437	1040
433	1002
463	1080
515	947
446	920
433	973
461	1008
459	946
430	970
504	919
433	855
484	898
463	945
444	1061
425	1170
458	1262
445	1119
453	1070
449	1159
437	1030
420	1123
389	1185
403	1081
420	1128
445	1064
476	1026
501	1020
441	971
423	1098
483	1098
478	1117
456	1083
459	1196
457	1143
413	1172
460	1074
415	1128
408	1019
468	1133
444	946
457	868
429	995
441	1049
479	1060
491	812
410	1030
434	1015
461	750
489	945
447	828
450	888
419	980
447	888
453	851
450	869
418	952
463	891
482	856
521	1135
560	1097
548	1203
552	1133
480	1018
525	1062
540	1101
518	1005
508	901
533	1040
563	1084
481	1029
456	1187
460	1136
462	1002
552	938
512	939
443	950
465	1004
450	1072
487	1209
480	1149
493	919
442	899
424	778
392	845
467	1004
449	887
493	851
491	901
476	876
397	956
487	989
446	1048
433	776
424	1033
447	1123
409	920
478	852
457	926
480	1128
443	1025
495	1015
431	1063
454	810
443	898
473	966
485	1132
450	1075
435	1124
460	979
460	1042
510	958
482	974
472	1187
488	1461
569	1545
501	1368
490	1231
489	1264
414	1046
518	1156
476	1263
477	1333
551	1304
503	1007
479	1046
482	938
533	979
500	957
514	919
476	1141
469	1006
476	968
504	888
492	1056
497	1034
597	1126
544	1234
577	1071
537	955
572	1042
558	1071
556	1024
580	1266
552	1241
556	1161
627	1048
631	1036
612	1170
620	1017
615	1076
547	1123
617	1087
640	1093
531	1093
552	884
578	1075
588	1045
575	1035
588	1112
555	840
582	1024
568	1073
579	1279
664	1235
598	1258
590	1120
616	1089
580	1062
662	916
642	947
706	996
644	1009
702	986
766	1175
696	1028
673	1124
622	1113
738	1345
762	1207
687	1126
749	1133
765	1221
912	1265
1058	1303
1072	1300
926	1232
1035	1138
1379	1209
1665	1029
1833	1112
1569	1278
1501	1252
1928	1300
2495	1109
2913	1303
3004	1259
2911	1238
3767	1158
5287	1414
5770	1304
5608	1305
5253	1222
5684	1331
7097	1276
7978	1396
7771	1573
7648	1455
8209	1421
9255	1471
10243	1310
10201	1401
9982	1332
10305	1357
11444	1439
13029	1530
12950	1369
12447	1408
12559	1302
13410	1422
13752	1486
13926	1539
13730	1399
13396	1316
13775	1300
13990	1365
14233	1350
14306	1392
14122	1394
14402	1421
14713	1662
14878	1887
14865	1859
14440	1584
14395	1700
14648	1706
14684	1713
14330	1709
14413	1473
14331	1490
13944	1511
13686	1490
13699	1476
13798	1508
13997	1645
13089	1653
12434	1456
11838	1148
12730	1293
12802	1290
12344	1348
11646	1208
11348	1212
11557	1421
11613	1342
11464	1296
10394	1269
9403	1111
9446	1163
9775	1217
9415	1277
7863	1209
6818	1211
6570	1247
7087	1170
7087	1086
6087	944
4665	1072
4404	1078
4491	910
4601	963
3336	1076
2507	1149
2141	1277
2386	1166
2641	1100
2267	1107
1680	1424
1257	1358
1266	1295
1304	1123
1473	1164
1150	1021
1022	1105
1023	923
1117	924
1162	1007
1006	803
759	952
692	1174
721	1113
740	906
601	893
574	1050
680	1180
693	1302
592	1177
537	1117
548	1018
522	949
578	1049
567	1091
518	1122
473	1084
473	998
486	1118
457	1038
458	985
428	1077
418	1022
421	1084
433	1246
417	1178
476	1198
436	1242
427	1259
446	1342
402	1307
453	1234
469	1223
430	1130
448	1086
401	1154
403	1240
455	1225
364	1325
377	1322
397	1096
442	1154
457	1118
427	1013
412	1005
408	1207
418	1264
439	1237
435	1247
362	1282
415	1167
478	1315
437	1272
416	1370
463	1236
456	1507
473	1598
392	1585
383	1382
394	1286
511	1166
516	1206
490	1381
519	1260
489	1189
516	1239
444	1304
451	1173
430	1065
546	1011
510	1162
444	1054
534	1206
537	1201
588	1102
588	982
622	1308
494	1253
623	1273
548	1215
575	1132
533	1086
491	1246
558	1315
592	1316
513	1198
513	1274
562	1184
533	1265
504	1154
612	1125
551	1183
623	1363
653	1207
658	1141
628	1246
508	1353
471	1133
545	1233
496	1405
549	1276
497	1146
468	1110
452	1188
406	982
439	1007
403	981
481	1044
456	1225
484	1072
410	1141
384	1072
405	1044
383	1053
438	990
472	1055
400	1135
472	1132
432	1173
414	1030
434	1221
437	1376
467	1052
485	1112
517	1155
427	1268
458	1190
414	1070
424	1174
422	1265
435	1202
431	1257
452	1129
435	954
441	1088
448	1248
411	1138
402	1132
452	1065
481	1061
534	1129
463	1048
470	1076
452	972
463	852
492	1063
495	1302
479	1086
399	1050
425	1198
438	1284
440	1270
499	1475
479	1091
439	1163
484	1178
442	1070
465	1264
433	1025
466	885
447	920
455	871
456	932
430	962
484	935
484	1016
523	1062
567	1029
497	946
504	1028
451	1085
452	1174
461	988
452	940
442	987
418	977
416	1093
457	1389
417	1083
426	1254
473	1138
492	1111
529	1210
449	1116
417	1121
442	1187
499	1079
463	887
424	1032
423	1002
418	1101
487	1128
424	1174
419	1162
386	1155
421	1360
368	1041
359	1082
424	1288
393	1246
410	1316
402	1340
435	1258
414	1148
420	1376
415	1380
416	1164
399	1030
519	1200
481	1165
429	958
418	1045
393	1289
421	1280
431	1088
433	1295
430	1130
402	1162
434	923
471	1113
473	954
487	994
462	898
428	1144
476	1184
424	1099
442	1076
465	1236
424	1027
447	1113
483	1057
443	1082
468	1278
483	1140
471	1068
460	1246
447	1210
407	1201
435	1324
413	1122
417	1318
468	1321
404	1179
435	1131
457	984
464	1047
476	965
496	1064
469	968
455	976
430	1040
409	1183
369	1139
421	1260
456	1279
394	1039
445	985
384	1053
416	908
389	1013
410	1017
400	1034
402	1149
393	929
405	857
426	885
456	991
454	969
490	1093
475	998
477	954
504	1083
458	1148
400	1105
450	971
368	1005
389	1028
420	1280
454	1139
451	1070
488	1079
467	1092
371	1056
369	1098
368	1271
408	1259
381	1047
419	881
430	1010
464	992
457	1023
447	1242
444	1089
446	1005
436	838
427	1073
357	982
382	1118
390	1063
459	1271
420	1231
458	1316
446	1103
402	1119
401	1278
478	1088
396	1276
469	1163
422	1117
388	1130
441	1216
476	1357
426	1197
440	1126
475	1263
486	1326
466	1267
441	1082
460	1286
460	1189
379	1196
425	1089
383	1152
410	1244
424	1355
398	1337
451	1220
398	1405
375	1511
404	1164
400	1291
354	1334
378	1237
396	928
431	1115
392	1118
410	1006
425	1032
381	1109
400	1019
414	1199
442	1239
398	1055
465	1193
432	1180
451	1171
414	978
426	1180
447	1104
423	1063
435	1038
444	1108
454	1171
409	1196
450	1175
451	1263
408	1291
423	1055
414	1033
443	1048
450	1092
384	961
408	1135
423	1161
430	959
380	1049
421	1091
463	893
451	978
486	1216
454	1156
442	1105
426	975
426	987
340	1125
331	1317
400	1271
434	1255
462	1193
436	1169
450	1124
428	1230
433	1112
398	1171
393	1049
460	1004
415	976
451	1077
395	1175
416	1202
440	1140
393	1076
402	978
360	1149
390	1207
422	1069
425	1071
365	1110
432	1363
413	1351
399	1036
389	910
425	851
403	1053
430	1071
411	1032
441	1026
420	981
450	959
411	1035
381	945
423	997
373	1113
421	1191
451	1029
377	935
400	935
414	952
441	807
434	918
436	1080
431	956
445	1147
497	972
454	1082
421	1085
444	1194
459	1181
404	1507
371	1062
439	1094
409	1098
393	1235
360	1179
453	1167
381	1062
377	980
416	1022
412	992
434	1261
393	1238
452	1268
437	1326
435	1198
428	1391
377	1243
418	1487
493	1400
424	1425
464	1231
425	1148
413	1297
492	1333
450	1234
477	1314
433	1378
474	1347
459	1196
475	1090
468	1048
465	1288
429	1283
415	1227
401	1193
408	1009
443	1253
398	1315
451	1182
382	1105
397	1061
417	1168
411	1064
346	1188
354	1016
409	1074
463	1014
456	1127
437	1222
471	1138
409	1077
435	1079
404	1143
457	1200
487	1309
509	1290
459	1165
507	1247
469	1254
438	1178
396	1018
426	1138
436	1205
476	1070
457	1116
441	993
460	873
444	1199
471	1363
403	1222
387	1170
419	1109
461	1053
474	1349
428	1462
385	1449
458	1448
439	1291
434	1034
380	1282
434	1361
439	1381
400	1343
411	1238
456	1174
429	1111
449	1146
464	1014
386	1006
384	1115
433	1151
390	1254
386	1332
452	1169
462	1154
429	1065
397	1127
387	1078
383	1108
426	1282
415	1270
419	1357
402	1373
386	1258
474	968
363	987
397	1025
386	1117
358	1052
329	1054
366	1018
393	1146
379	1173
431	1228
438	1188
380	1120
373	959
392	1186
388	955
394	923
385	983
398	1224
403	1153
340	1287
389	1183
355	1022
445	1090
396	893
404	1117
342	1112
368	1115
359	1098
408	929
421	927
407	956
399	1058
384	1063
347	883
386	836
434	1113
389	1050
325	1012
338	1235
407	1336
376	1216
354	1011
332	1040
405	1091
460	1048
426	1124
408	1003
410	1087
432	1082
471	1018
435	897
484	1091
389	923
361	1018
398	1021
416	1057
417	936
418	946
418	1026
459	1037
399	1102
451	1279
421	1070
427	1027
454	1167
405	908
407	1131
414	1188
394	974
476	1265
411	1139
398	1239
450	1537
484	1389
462	1114
393	1131
410	1219
399	1046
445	1191
423	1257
397	1206
407	1182
424	1050
449	1083
433	1298
353	1075
395	1152
377	982
389	1003
449	1219
422	1189
484	1216
436	1230
388	1079
445	1160
423	1109
440	1258
374	1057
375	1248
381	1157
387	1331
396	1128
411	1135
385	1109
387	1140
422	968
391	1145
436	1245
463	1149
436	1259
459	1201
460	1136
411	1191
413	987
412	1027
396	1148
452	1163
413	1159
408	1323
384	1247
356	1074
414	1067
399	973
421	1224
406	1380
435	1107
406	1105
407	1112
440	949
407	910
486	934
486	1137
416	1118
453	1100
398	1137
375	1060
373	1118
416	1062
419	1022
381	1059
426	1224
434	1178
437	1048
493	1172
452	1172
457	1102
445	839
497	1034
518	1001
460	1082
512	1118
446	1382
515	1041
400	993
485	1193
538	1114
490	1147
541	1181
598	1133
527	1260
612	1454
586	1360
740	1176
695	1123
717	1286
674	1357
703	1197
607	1144
645	1386
582	1159
560	1230
455	1141
399	1147
402	995
485	1268
403	1055
433	1172
459	1280
436	1493
408	1203
406	1310
401	1469
400	1311
383	1054
457	1056
433	1064
409	1114
384	1257
401	1270
352	1466
383	1364
401	1433
421	1213
379	1166
359	1331
416	1210
465	1308
424	1425
424	1454
443	1344
421	1607
386	1361
361	1164
336	1231
414	1105
426	867
460	1000
420	982
395	1062
396	1131
358	1039
365	1230
409	1117
407	1316
416	1528
373	1278
423	1133
458	1219
401	1088
419	1023
437	1225
408	1126
454	1228
468	1295
465	1399
418	1339
460	1184
462	1306
486	1098
368	1323
469	1107
442	982
395	1008
440	968
475	1039
395	943
439	986
524	1097
509	941
460	921
391	960
441	907
433	885
398	1076
461	1042
424	1416
412	1357
393	997
460	1230
433	1258
393	1139
442	1180
399	1266
363	1237
419	1384
419	1398
436	1021
406	960
434	1122
408	1103
440	1108
417	1006
378	1065
445	943
425	787
429	915
437	963
426	1167
407	1175
424	1001
445	1005
369	1111
369	966
429	952
441	1108
405	1107
438	1306
449	1042
436	1012
449	1155
412	992
402	846
481	849
453	980
500	997
435	1040
424	1039
430	979
445	1007
431	1069
423	1062
454	1050
458	1075
507	1047
442	1093
439	1026
441	1280
480	1364
467	1213
460	971
455	928
414	1013
419	1111
413	1068
424	1100
341	1098
409	994
428	978
363	1057
374	1091
400	901
423	1107
440	1195
453	1117
457	1210
454	1047
455	1048
460	1069
450	1105
429	1132
409	1242
444	1231
483	1206
466	1297
478	1187
435	1139
419	960
436	869
463	935
459	832
429	992
492	988
433	982
453	858
402	1015
449	999
423	842
407	903
436	1039
476	1034
433	1081
472	1160
440	1176
389	1022
424	1136
364	1125
435	1117
443	1168
432	1142
394	1150
432	1109
420	1245
493	1237
460	1356
449	1338
448	1499
458	2112
527	1833
498	1865
497	1851
422	1401
545	1478
394	1272
453	1459
446	1284
466	1473
492	1450
493	1473
516	1463
493	1463
447	1425
486	1466
418	1330
445	1353
448	1359
467	1414
405	1289
425	1112
459	1179
376	1038
388	954
391	1152
425	1040
396	1198
418	846
502	1128
479	978
452	1016
403	1023
428	1118
427	1147
431	1094
399	1079
405	974
418	963
403	1114
446	1138
437	1178
450	1090
469	1047
456	1067
447	1290
506	1266
580	1007
518	1148
519	1061
521	1103
456	1030
534	1084
537	1184
508	1273
527	1468
502	1191
580	1193
504	1242
437	1124
461	1100
483	1259
462	1127
565	1046
577	1243
627	1207
591	1053
576	881
606	1116
642	1184
625	1226
667	933
630	966
637	1042
716	1155
698	1063
700	1341
666	1139
673	1142
632	1116
584	1041
518	1075
464	1069
449	904
506	881
519	1039
535	999
541	1019
484	1085
510	1115
420	964
468	1012
452	1007
474	1090
505	999
461	937
391	968
457	1162
442	1227
458	1100
445	1431
421	1431
378	1172
384	1222
455	901
476	966
469	1006
432	1122
466	1295
432	1263
464	1274
446	1202
440	1172
490	1213
447	1127
505	1134
465	1267
486	1392
514	1377
509	1517
448	1474
418	1420
451	1568
388	1435
470	1191
398	1100
424	1129
447	1506
447	1222
455	1134
442	1253
487	1060
527	1328
549	1412
535	1313
544	1215
515	1093
559	1246
520	1276
546	1364
505	1222
510	1228
488	1306
437	1541
411	1579
413	1405
433	1494
535	1410
496	1195
446	1208
431	1137
444	1293
440	1386
513	1248
468	1162
479	1230
503	1057
407	1464
433	1377
481	1409
487	1183
478	1072
435	1068
419	1015
512	848
477	899
497	1068
444	1204
470	1120
469	1158
491	1200
505	1241
490	1328
525	1391
475	1410
491	1365
508	1139
524	1121
593	1260
569	1194
607	1119
578	976
761	990
821	1099
884	1302
764	1323
864	1373
937	1281
987	1178
984	1144
960	1266
973	1422
925	1195
752	1198
713	1261
840	1326
773	1114
809	977
728	1123
618	1180
594	1302
616	1253
621	1115
527	1063
503	1278
503	1203
515	1224
518	1159
514	1368
521	1317
485	1219
501	1498
488	1104
552	1368
521	1359
567	1453
589	1294
648	1315
591	1218
575	1247
540	1052
490	883
522	989
461	894
470	951
493	1206
542	1164
450	971
495	951
431	873
418	943
461	1011
427	1187
481	1058
433	1261
470	1157
482	1108
476	994
504	1017
450	942
443	1040
460	1010
487	1082
457	918
471	1035
439	1299
430	1284
423	1072
459	1257
463	1374
493	1376
520	1241
453	1373
434	1470
519	1322
515	1204
447	1087
445	1085
460	1192
457	1314
476	1296
428	1080
436	1046
449	981
491	1007
497	960
416	879
436	803
459	883
407	1007
433	994
384	1109
488	1121
479	1134
432	1090
461	1277
498	1291
488	1121
500	1160
503	979
525	1133
484	1014
480	1226
463	941
440	926
453	1197
418	1153
438	1186
444	1140
430	933
497	1064
454	980
485	913
499	1018
436	1058
442	1095
412	1058
356	1153
480	999
392	1017
382	1107
389	978
449	1106
393	1052
394	1096
417	1114
370	1182
476	1119
405	1133
439	947
426	957
442	864
434	1053
418	972
426	1215
453	1145
445	1142
419	1019
452	1162
444	1160
424	1129
403	1029
412	997
418	932
481	927
516	819
459	956
448	1023
445	1119
364	1239
381	1181
406	1201
414	1046
430	1240
456	1290
448	1039
456	1283
382	1173
399	1196
390	1195
439	1234
469	1414
451	1125
449	1062
452	1081
414	1109
451	938
425	961
409	954
447	933
477	1054
420	1067
437	1196
408	969
474	1026
409	1170
385	1122
426	1215
446	1177
435	1010
479	998
533	839
525	821
456	855
473	1031
462	860
458	927
524	935
507	1024
463	993
498	837
494	1073
552	1045
484	1021
485	1063
469	996
477	1006
465	993
528	1015
496	943
467	1081
487	1092
427	1211
466	1143
421	1135
482	1201
438	1106
450	1112
439	1116
408	1024
440	900
472	1167
433	931
423	1043
460	1000
432	974
440	896
433	1047
437	889
451	995
415	975
428	868
423	920
485	1434
524	1336
422	1167
431	1124
427	1269
478	1345
395	1339
455	1278
414	928
387	1108
476	1009
442	1103
383	1043
417	1188
438	1140
457	1013
467	1272
471	1165
432	1176
376	1206
418	1277
435	1148
418	1159
414	1038
407	1273
445	1442
444	1320
457	1323
419	1397
441	1138
466	1203
436	1219
420	869
466	1063
454	1127
404	1067
456	1321
429	1220
423	1183
397	1201
394	1167
499	1101
463	1244
430	1268
403	1242
436	1220
430	1178
423	1263
480	1244
398	1106
407	1133
415	1031
387	987
424	855
443	995
451	1122
442	1201
417	1045
456	942
448	1225
461	983
479	886
444	1058
443	1001
418	1046
429	953
466	818
467	924
486	1055
460	943
458	845
502	946
497	925
480	995
448	1169
470	1051
415	824
435	1017
500	917
484	906
476	871
567	973
506	1116
511	1119
482	1109
528	1023
450	945
469	1101
506	980
496	872
534	1004
535	1173
503	832
444	915
487	881
468	817
535	994
484	1046
450	903
475	990
439	982
464	970
424	1088
495	1070
439	971
518	1071
516	1054
545	940
519	988
542	894
565	1006
502	1086
468	1091
545	1010
511	1050
530	980
534	1164
522	1240
514	1097
545	1049
555	1132
538	1101
574	1198
599	1091
570	1013
672	1185
642	1032
627	1170
631	1037
669	961
611	861
622	939
534	1109
577	996
555	930
612	1249
502	1067
503	1034
480	1163
516	1261
551	1317
530	1269
527	1292
493	1328
496	1441
471	1268
489	1234
465	969
453	970
519	1137
502	1089
485	1127
455	1155
489	956
476	1115
506	1059
496	1100
487	877
414	888
438	1079
445	953
455	1022
440	1052
455	1281
451	1282
439	1288
426	1187
442	1081
429	1067
408	1140
452	1161
467	1119
428	1055
456	982
495	1103
482	1186
441	1050
445	1243
403	1145
386	1000
451	879
408	1007
404	1118
387	1184
462	1221
448	961
462	1055
515	1107
500	1117
499	950
467	1044
489	1046
506	1050
374	1056
469	973
433	1113
425	996
451	853
418	877
436	1024
392	921
410	829
449	978
446	1176
453	1094
457	905
412	940
420	903
397	1019
442	1058
422	1023
422	1072
407	957
426	938
455	1236
449	1235
454	1154
436	1290
448	1208
382	1198
398	1372
409	1221
438	1089
422	934
443	1074
463	1037
450	1015
382	888
406	1025
399	1099
402	1157
411	1291
438	1466
411	1092
368	1172
365	1116
424	1247
454	1266
509	1257
420	1273
456	1188
405	1149
425	1149
423	1225
382	1376
403	1333
405	1348
437	1305
401	1063
418	1240
410	1320
384	1293
347	1104
422	1137
439	1083
402	1224
430	1136
403	1135
438	1031
411	1130
375	1375
401	1162
414	1165
345	1294
416	1123
429	1112
444	1113
402	1132
414	997
477	1122
406	1169
408	1153
442	1161
377	973
493	1073
453	1294
417	1201
426	1100
432	1163
416	956
434	1082
390	1088
441	994
428	903
391	948
427	1164
472	1135
396	1211
420	1335
451	1122
456	1248
447	1288
439	1084
413	1009
427	1149
426	1304
405	1387
410	1291
425	1154
457	1217
451	1020
439	1159
465	1426
415	1301
468	996
448	1130
429	1067
400	1133
417	1126
423	1319
422	1344
463	1135
432	1003
464	1126
445	1329
442	1358
439	1131
527	1095
485	1093
428	1024
471	1106
403	1031
429	1267
361	1062
422	883
429	1046
444	1074
420	1082
404	1072
456	1177
454	1081
497	944
450	1056
520	1048
488	1148
496	1246
457	1306
462	1128
446	1012
384	1278
404	1186
438	1126
439	1147
434	1056
525	1111
433	1164
436	1077
361	1100
415	1180
422	1239
391	981
405	1022
405	1157
412	1164
413	1009
411	1111
400	1200
382	1189
463	1083
446	1068
441	1241
440	1111
400	968
409	959
426	958
476	913
425	873
410	994
399	1055
444	1177
429	1040
449	1003
429	1014
419	1115
383	1001
402	1066
391	1228
455	1159
392	927
416	861
391	978
410	1098
439	1297
439	1202
469	1224
471	1100
482	1294
467	1324
494	1376
469	1275
417	1229
444	1269
431	1190
473	1281
437	1158
407	1342
469	1234
480	1072
450	1099
482	1273
447	1295
436	1124
415	933
392	1039
412	1071
431	1158
418	1069
368	1229
409	1318
412	1083
401	1089
461	1003
406	1160
450	1181
466	1119
432	1109
435	1246
423	998
430	1003
477	900
409	822
442	847
458	976
405	1147
383	1128
439	1313
413	1259
380	1186
432	1003
458	1086
454	1216
412	1202
419	1234
464	1118
424	1163
431	1144
403	1232
445	1271
481	1242
481	1111
504	1129
481	1130
482	1079
497	1265
565	1098
531	1127
542	1170
517	1091
492	1119
585	1062
536	856
470	881
497	918
501	1172
538	1135
531	1150
503	1291
621	1155
523	1020
514	919
555	954
509	936
516	1085
507	987
536	1092
446	1244
538	1329
486	1114
566	1045
676	1079
597	1076
576	1185
556	1244
566	1053
538	1078
554	1007
559	1079
651	1138
596	906
544	1054
525	1087
552	963
554	1228
523	1093
507	1112
498	1283
517	1264
546	1151
512	1187
565	1052
548	1026
529	1059
563	1210
521	1217
514	1325
544	1228
481	1248
514	1081
545	1085
509	990
520	898
507	985
501	1075
486	1120
474	1025
444	823
482	1094
515	989
469	964
526	1045
507	1005
519	1026
503	1054
512	1022
462	998
555	914
518	881
506	983
568	1047
510	920
515	1014
500	1350
498	1192
482	1127
555	1149
542	1260
454	1145
499	1034
473	1026
530	1134
526	1183
436	1133
476	1514
505	1540
475	1253
484	1088
513	1027
579	1238
606	1046
604	1123
706	1168
716	1221
807	941
790	919
844	983
740	1168
667	1285
634	1166
589	1004
521	1054
686	1061
638	904
693	1015
658	863
588	926
590	854
543	938
549	812
529	944
532	980
553	883
604	923
489	992
576	952
479	985
520	1193
534	1062
496	1013
498	941
495	955
508	925
552	842
464	829
470	991
480	934
527	992
492	956
472	996
557	860
488	1020
477	972
474	1055
488	1339
465	1158
477	1013
502	1177
489	1369
448	1428
407	971
412	989
437	1065
425	889
437	901
458	954
430	1132
469	1281
456	1284
419	1079
444	1134
480	1051
478	1179
447	1061
448	1186
483	1107
557	1103
468	939
474	786
520	839
509	989
449	964
479	874
532	862
469	917
500	1061
459	930
503	791
568	829
431	1048
505	874
514	1003
538	938
499	907
475	969
522	820
482	975
459	946
495	1040
459	1177
475	1204
504	1125
476	1331
436	1302
488	1197
482	1224
485	1130
464	1057
491	1135
569	1386
484	1332
475	1215
428	1407
479	1386
475	1081
478	1079
493	1141
467	1049
435	1191
462	1085
488	1105
508	1116
454	1054
421	905
392	904
421	970
453	953
454	1153
419	1118
428	1108
435	972
397	1057
466	1076
435	832
433	1132
501	1300
443	1127
522	1167
481	1164
448	990
445	1051
417	944
470	1080
477	1259
482	1222
521	1222
482	1193
481	1321
451	1113
442	1038
475	1063
524	1044
450	1136
531	1125
437	1122
480	1340
444	1350
484	1234
522	1366
530	1355
522	1339
494	904
475	913
449	955
530	1276
558	1277
544	1191
570	1166
500	1118
510	886
572	886
513	1001
523	1084
564	990
549	1132
493	996
502	1002
474	1167
518	1088
501	1253
512	1261
574	1258
476	1220
484	1005
496	968
560	1091
497	1120
572	1176
502	1124
539	1254
547	1159
545	1039
619	1085
588	1207
561	1078
484	1007
584	993
618	1178
611	1141
579	1130
579	1044
665	1034
647	1043
717	1172
703	945
690	951
775	1058
768	1241
849	1158
892	1104
909	1075
876	985
900	893
1043	1167
1042	1137
1005	1109
880	971
841	1006
957	949
857	1054
868	1095
819	1120
807	961
864	1145
900	984
876	996
893	1034
928	1123
916	1032
840	965
781	974
855	988
853	1047
776	1031
755	999
699	959
738	1007
700	1150
651	1122
642	1123
578	1054
536	878
679	1061
609	1154
571	1029
555	992
548	974
514	1096
497	1149
504	1020
559	1235
481	1205
560	1307
556	1215
566	1197
531	1168
543	1235
573	1363
468	1486
558	1316
478	1099
473	1128
471	1382
510	1301
502	1352
468	1269
528	1145
474	1147
458	1104
472	1121
468	1197
498	964
538	973
517	1115
490	1164
486	1283
498	1224
487	1180
506	1326
506	1187
531	1248
594	1114
609	1248
577	1156
590	1162
637	948
586	1054
679	845
637	1134
629	1292
553	1135
597	1172
690	990
587	1051
618	1094
574	1177
604	1071
649	1027
652	1014
611	1013
605	1232
616	1134
645	970
643	1245
633	1207
606	1174
664	1221
682	1019
667	986
715	1143
674	1226
655	1145
634	1070
618	1118
580	1114
583	1210
577	1031
515	1061
475	1033
548	1024
535	1041
567	1128
495	1183
492	1040
578	991
539	992
528	1370
502	1158
499	1065
468	1009
542	1188
513	1278
503	1041
488	1022
539	1105
490	1145
528	960
503	1310
547	1276
511	1207
520	1119
528	1076
477	1009
532	1143
479	1095
534	1117
532	1196
528	1131
510	1256
493	1264
509	1228
532	1245
568	1066
475	1051
489	981
486	1078
588	1135
550	941
651	935
677	988
623	1232
558	1018
546	911
601	943
578	857
471	1074
545	1114
542	983
548	1083
537	972
432	1091
460	1268
437	1269
462	1479
483	1173
425	1460
433	1226
409	1228
459	1295
479	1151
466	1164
411	1234
438	1063
505	1256
451	1125
482	1267
438	1360
406	1273
485	1125
479	1297
462	1191
471	1334
421	1262
413	1108
481	1085
431	1034
472	1224
456	1189
541	1182
405	1320
469	1216
442	1278
458	1160
543	1250
509	1377
466	1584
493	1459
491	1328
552	1171
552	1142
531	1131
528	933
503	1066
593	1122
549	1231
505	1229
523	1320
574	1169
573	1155
637	1067
547	1140
531	1058
609	1021
648	1059
609	1129
608	1010
634	1003
611	1076
677	1115
727	1089
733	1053
711	977
757	1135
742	1210
723	1097
672	868
709	1051
701	957
721	954
748	877
743	1026
741	1252
857	1320
753	1414
792	1279
799	1204
827	1077
867	1250
863	1102
850	1120
846	928
780	1254
803	1507
748	1097
736	900
811	911
767	1022
753	906
680	956
700	971
775	893
733	895
847	1046
856	1166
911	1015
921	1120
968	1039
945	1128
947	1331
1028	1329
908	1236
847	1241
949	1183
904	1185
802	1294
720	1187
683	1122
691	1155
779	1278
678	1134
660	1308
728	1281
781	1378
686	1192
666	1039
707	1233
603	1123
560	1271
523	952
560	1236
605	1343
586	1154
554	936
536	1040
512	1086
590	979
567	1255
652	1327
581	1069
606	892
611	907
601	1094
591	1100
621	1164
571	1162
664	1140
638	1103
586	1200
702	1022
724	1225
800	1192
909	1274
792	1198
829	1181
834	1118
823	1322
862	1043
813	859
741	887
670	970
707	1091
677	1169
677	1124
607	958
606	1181
607	1104
528	1209
540	1332
601	1300
629	1495
554	1246
544	1053
544	978
506	1091
536	947
499	836
564	1127
533	1038
523	1090
525	975
534	931
511	1028
569	992
547	978
469	1123
511	939
443	1052
448	1069
487	1044
478	1087
426	1116
438	950
465	992
483	985
509	1070
507	1083
525	967
532	1127
506	1227
488	1064
488	1081
490	1103
568	1142
589	1133
528	1092
511	962
461	1148
491	1115
466	1021
492	921
475	1050
527	1014
482	1060
470	1019
531	1225
463	1220
479	1092
434	1024
493	1248
524	1254
566	1035
500	1159
533	1280
505	1064
551	1122
531	1093
465	946
466	1057
464	1295
493	1382
486	1359
451	1470
439	1400
439	1173
470	1244
524	1200
498	1167
540	1214
460	1216
492	1414
439	1308
470	1119
476	1107
428	934
466	1057
454	923
472	1034
466	1166
452	1186
392	1216
431	1147
443	921
479	893
494	1045
398	1060
399	949
446	1007
427	969
451	775
453	846
434	912
483	889
500	1036
511	1038
