1058	1471
1075	1266
978	1258
961	1400
987	1523
991	1510
968	1357
852	1523
899	1290
899	1188
987	1317
985	1248
1056	1377
1045	1404
1090	1489
1100	1500
1071	1270
1058	1641
960	1394
968	1482
1013	1303
1043	1077
891	1190
950	1345
890	1096
944	1146
1004	1344
842	1207
777	1163
748	1074
762	1171
754	1045
727	1238
766	1075
738	1059
792	1171
711	1156
671	1114
638	1161
606	1163
692	1245
642	988
595	1056
560	1160
540	1279
574	1186
592	1201
550	1282
526	1511
490	1330
519	1363
604	1108
514	1276
466	1196
471	1187
466	1312
436	1237
450	1138
385	1134
378	1367
419	1246
426	1299
399	1326
370	1238
389	1241
368	1308
390	1329
348	1348
328	1289
371	978
331	962
353	1100
346	1063
375	1103
436	1293
346	1318
393	1277
346	1115
310	1264
359	1350
328	1129
322	1188
360	1194
392	1184
353	1086
352	1213
329	1142
321	1287
325	1300
334	1234
358	1195
316	1145
321	1228
320	1341
307	969
311	1055
346	930
336	921
340	1008
344	1111
342	1348
367	1211
327	1118
313	1030
292	1003
311	1164
299	994
340	1167
341	1220
347	1341
348	1450
368	1605
337	1376
391	1466
322	1506
290	1332
308	1217
347	1536
322	1542
333	1478
338	1468
298	1227
343	1220
297	1264
325	1254
323	1006
288	1162
298	1195
349	1313
319	1202
325	1230
296	1354
304	1246
313	1513
314	1565
299	1437
315	1206
331	1134
336	1187
325	1296
330	1294
287	1246
363	1462
387	1097
395	1285
333	1314
333	1411
372	1403
401	1233
389	1326
423	1277
346	1245
335	1377
375	1454
356	1331
381	1339
361	1443
338	1210
313	1085
333	1250
301	1252
288	1314
357	1283
342	1128
366	1317
346	1241
345	1298
310	1170
311	1030
349	1003
303	1017
346	1229
364	1101
400	1220
367	1344
416	1152
391	1268
374	1543
361	1223
386	1073
359	1078
334	1238
417	1348
345	1312
426	1364
341	1531
407	1181
371	1183
405	1489
401	1324
389	1162
430	1215
426	1204
374	1175
458	1327
584	1166
784	1255
684	1323
641	1122
734	1079
933	968
876	1340
806	1270
747	1211
675	1146
545	1220
518	1201
500	1206
549	1093
458	929
448	1425
448	1265
406	1241
466	1271
362	1243
459	1318
419	1262
370	1237
422	1112
370	1204
384	1156
398	1305
416	1146
438	1278
385	1128
399	1136
376	1226
346	985
369	1329
391	1296
395	1186
458	1293
408	1267
410	1107
400	1342
361	1196
411	1309
319	993
344	1103
331	1209
367	1336
385	1102
359	1216
325	1321
346	1241
347	1246
332	1316
301	1451
407	1339
406	1404
373	1335
384	1413
326	1214
365	1125
337	1199
395	1281
386	1348
382	1422
356	1434
320	1527
363	1343
407	1311
370	1329
351	1337
411	1386
375	1372
320	1312
353	1248
403	1189
330	1353
320	1280
351	1209
399	1282
321	1284
333	1079
339	1337
361	1450
338	1189
302	1284
329	1375
360	1349
319	1214
425	1476
336	1348
373	1286
392	1023
361	1073
345	1231
366	1290
337	1325
331	1365
313	1135
352	1280
339	1328
335	1408
387	1459
365	1350
376	1406
345	1287
384	1114
356	1150
341	1255
309	1037
367	1291
384	1306
333	1560
366	1346
336	1298
340	1265
313	1206
295	1165
291	1272
376	1407
394	1379
391	1386
379	1454
340	1466
401	1444
304	1466
321	1489
398	1386
326	1263
335	1131
335	1161
348	1028
362	1153
360	1250
318	1171
368	1194
300	1107
364	1470
357	1417
364	1332
373	1454
305	1516
353	1422
337	1482
336	1299
359	1360
378	1288
356	1365
379	1318
344	1181
305	1178
368	1417
331	1224
354	1158
352	1221
349	1243
315	1347
312	1353
339	1126
352	1139
317	931
347	1131
343	1169
376	1321
366	1460
378	1423
373	1497
342	1470
346	1462
383	1396
430	1279
397	1255
449	1190
414	1412
416	1201
398	1289
351	1267
416	1474
405	1404
349	1212
382	1278
431	1406
394	1224
411	1155
408	1202
373	1202
363	1155
343	1242
375	1133
406	1232
326	1238
275	1297
353	1265
392	1253
376	1362
379	1283
311	1238
324	1221
359	1281
321	1359
323	1334
363	1276
333	1308
360	1317
388	1587
371	1678
338	1500
333	1421
342	1548
317	1368
303	1234
336	1440
326	1470
333	1296
350	1380
368	1269
322	1305
315	1190
316	1264
344	1347
321	1282
269	1305
291	1148
316	1189
343	1005
335	1177
331	1341
349	1226
389	1180
353	1343
331	1474
333	1301
333	1357
382	1208
408	990
322	1184
370	1161
362	1193
299	1564
361	1417
367	1336
382	1247
395	1241
307	1363
415	1274
356	1165
382	1154
361	1182
338	1318
319	1191
394	1121
335	1360
325	1289
345	1410
389	1580
401	1150
382	1160
420	1380
374	1307
335	1228
345	1376
384	1347
399	1608
410	1481
369	1221
420	1331
447	1203
339	1233
337	1209
304	1281
286	1295
338	1189
318	1409
319	1221
350	1310
346	1372
362	1228
330	1204
382	1149
387	1231
409	1317
335	1118
317	1117
311	1112
345	1146
345	1251
322	1215
315	1248
289	1078
364	1204
326	1221
349	1200
348	1138
352	1032
332	1224
318	1196
310	1315
357	1481
326	1446
344	1276
401	1242
416	1214
409	1282
421	1212
419	1004
366	1287
345	1211
390	1181
360	1219
360	1181
355	1331
339	1196
387	1122
297	1164
347	1215
399	1207
312	1210
321	1162
343	1238
366	1316
341	1302
337	1161
267	1258
314	1480
349	1511
331	1560
332	1341
318	1233
363	1197
365	1139
281	1138
329	1153
357	1463
371	1180
333	1227
319	1235
282	1145
306	1312
327	1390
304	1293
381	1369
359	1358
345	1435
378	1309
339	1445
318	1300
315	1447
398	1321
373	1400
395	1368
333	1276
328	1301
352	1369
324	1244
335	1251
364	1223
345	1222
377	1142
339	1323
344	1127
328	1090
307	1058
349	1221
310	1072
338	1143
351	1183
361	1259
380	1153
326	1511
276	1526
331	1444
344	1270
348	1259
327	1282
322	1277
330	1402
363	1464
326	1243
388	1389
296	1394
350	1246
324	1201
312	1388
311	1378
322	1422
328	1239
334	1360
301	1451
357	1354
371	1664
335	1659
397	1450
364	1359
359	1579
334	1376
370	1297
374	1367
370	1301
364	1346
392	1448
417	1163
426	1165
377	1182
351	1297
338	1485
384	1357
336	1270
346	1286
341	1215
354	1269
390	1256
382	1264
379	1117
382	1081
291	1089
310	1036
294	1070
320	1295
380	1351
331	1273
320	1185
345	1000
367	1252
320	1201
348	1120
354	1153
351	1360
376	1335
323	1587
341	1467
330	1262
345	1293
329	1226
320	1412
341	1493
329	1330
317	1443
404	1507
370	1305
372	1362
367	1462
325	1382
325	1315
352	1220
381	1396
303	1380
320	1396
344	1362
375	1222
372	1194
355	1248
419	1232
511	1287
496	1205
435	1294
479	1105
524	1197
539	1113
528	1234
492	1196
503	1229
424	1134
436	1116
409	1199
394	1120
390	1249
425	1376
383	1487
426	1382
360	1519
348	1269
321	1166
340	1203
305	1111
401	1262
335	1198
337	1221
383	1447
361	1224
365	1264
322	1160
362	1318
410	1568
383	1481
320	1420
348	1384
322	1450
385	1619
352	1675
338	1619
361	1460
411	1354
367	1417
351	1182
363	1374
313	1347
334	1303
345	1257
358	1349
335	1480
331	1740
347	1229
354	1382
355	1436
360	1243
380	1179
380	1231
413	1326
370	1124
339	1279
382	1167
383	1014
410	1107
355	979
432	959
452	1046
372	1112
462	1230
446	1087
430	1270
460	1098
415	1126
386	1210
441	1326
478	1150
427	1092
503	1119
427	1213
528	1133
450	1358
459	1332
522	1225
496	1172
507	1418
541	1282
493	1294
451	1157
479	1194
435	1136
417	1105
439	1248
447	1360
501	1461
513	1443
442	1540
462	1387
449	1258
423	1404
443	1426
416	1441
463	1456
436	1533
471	1447
404	1460
382	1344
455	1149
442	1333
503	1279
499	1237
501	1315
518	1372
507	1197
548	1295
543	1357
545	1317
478	1317
567	1244
471	1232
482	1165
452	1336
476	1299
447	1075
442	1169
468	1098
474	1051
510	1616
515	1466
446	1285
408	1174
496	1155
439	1159
460	1307
471	1510
457	1354
489	1204
460	1354
481	1219
483	1259
447	1284
539	1339
488	1483
503	1460
463	1473
427	1297
419	1213
505	1595
446	1257
449	1080
421	1287
426	1346
460	1232
467	1337
449	1417
400	1525
458	1735
429	1485
463	1700
432	1621
444	1507
459	1505
471	1607
443	1751
445	1545
454	1632
418	1694
427	1517
442	1551
529	1361
429	1325
409	1089
414	1319
429	1367
422	1277
391	1384
435	1505
431	1369
464	929
474	1349
455	1343
478	1317
447	1228
527	1293
483	1462
476	1254
460	1165
489	1192
441	1228
473	1270
484	1184
516	1199
446	1197
537	1483
483	1266
492	1148
479	1303
501	1201
506	1158
478	1206
537	1161
515	1287
560	1126
660	1242
545	1036
517	1284
499	1240
649	1256
716	1078
696	1259
635	1270
636	1148
630	1122
762	1359
735	1290
724	1318
828	1244
958	1194
1090	1076
1087	994
1278	1152
1196	1105
962	1334
841	1282
737	1113
774	1166
709	1204
789	1266
844	1233
782	1245
890	1141
762	1001
776	1076
872	1130
884	1159
929	1351
866	1187
938	1346
951	1307
944	1205
972	1242
1043	1245
950	1130
1021	1218
990	1245
1037	1186
994	1275
996	1268
972	1408
1074	1432
1122	1265
1105	1442
1135	1460
1220	1429
1204	1360
1184	1046
1162	1146
1148	1164
1160	897
1172	1052
1203	1248
1108	1278
1096	1267
1084	1141
1036	1202
1039	1206
1035	1321
1009	1496
1056	1381
1057	1236
1099	1185
1191	1111
1054	1235
1214	1122
1246	1204
1275	1537
1356	1428
1392	1348
1352	1408
1445	1236
1642	1161
1785	1388
1723	1284
1694	1516
1695	1500
1891	1210
2058	1300
2002	1293
1919	1333
1917	1398
2078	1338
2199	1212
2347	1301
2353	1221
2357	1461
2553	1292
2708	1298
2668	1268
2660	1188
2650	1207
2469	1332
2310	1436
1950	1037
1948	1128
1674	1140
1523	1296
1460	1291
1218	1472
1282	1321
1300	1077
1340	1203
1313	1158
1186	1352
1203	1110
1154	1234
1240	1160
1244	1240
1108	1112
1080	1031
1082	1027
1132	1264
989	1466
879	1327
809	1156
840	1137
819	1065
856	1194
807	1133
802	1287
791	1231
882	1255
721	1261
753	1123
771	1188
755	1211
798	1250
820	1242
717	1317
747	1239
725	1359
727	1367
695	1169
723	1147
641	1107
721	935
645	1266
724	1310
620	1240
665	1376
634	1421
636	1205
656	1330
603	1291
634	1494
689	1237
622	1252
612	1259
639	1367
606	1399
567	1365
539	1370
561	1208
542	1112
483	1531
522	1264
543	1394
505	1312
470	1051
507	1302
456	1022
481	1135
512	1067
492	1147
505	1212
462	1105
458	1141
535	922
473	967
475	1096
518	1200
486	1226
534	1015
458	1123
501	1243
558	1277
605	1051
612	1190
609	1329
562	1351
577	1515
580	1286
635	1437
638	1345
572	1534
568	1482
594	1336
570	1077
533	1092
602	1255
516	1244
558	1053
495	1056
472	1128
488	1138
499	1088
561	1077
615	1233
608	1219
588	1196
502	1076
567	1199
612	1344
589	1183
580	1184
606	1087
651	1312
638	1270
637	1203
637	1228
644	1191
653	1095
644	976
653	978
620	907
659	948
632	835
586	989
629	1016
620	1060
654	1065
692	1201
538	1014
622	1099
563	1003
574	971
612	1114
580	1263
541	1345
544	1173
605	985
591	1234
651	1284
581	1172
667	1036
606	1145
619	1018
638	1173
628	1184
611	1249
629	1391
584	1184
569	1252
558	1274
553	1396
564	1374
549	1192
593	1080
562	1101
542	1121
532	1004
531	1190
509	1001
549	1242
506	1289
494	1421
517	1283
535	1328
539	1554
548	1365
555	1228
535	1272
557	1303
574	1270
529	1062
583	1277
545	1258
573	1122
531	1188
523	1280
520	1220
495	1164
477	1336
481	1269
507	1234
444	1512
485	1236
500	1354
467	1308
483	1109
425	1056
511	1301
531	1651
493	1316
530	1363
534	1220
475	1373
490	1133
482	1249
528	1307
491	1205
459	1235
426	1561
479	1453
533	1494
472	1229
450	1133
484	1051
446	1158
487	1386
444	1186
453	1063
418	1130
436	1193
457	1069
486	1113
433	1202
431	1144
552	1066
440	1156
456	1278
438	1314
442	1122
478	1216
472	1197
463	1151
470	1179
461	1191
427	1219
451	1270
430	1245
414	1206
423	1340
416	1434
443	1333
470	1365
459	1220
373	1432
438	1363
466	1445
441	1289
422	1385
405	1327
463	1669
452	1703
474	1287
433	1267
439	1192
394	1141
394	1186
454	1246
446	1190
416	1175
448	1288
400	1102
446	1217
436	1219
406	1129
440	1157
420	1076
402	925
372	931
378	1087
431	1182
446	1412
436	1319
415	1358
376	1227
463	1390
440	1278
441	1428
467	1333
468	1329
478	1471
419	1348
422	1255
459	1149
448	1121
465	1203
479	1045
441	1316
443	1197
510	1111
465	1168
476	1096
494	1089
498	1146
450	1196
487	1115
536	1050
541	1148
584	1322
509	1226
515	1017
534	1145
494	1201
476	1074
601	1098
613	1207
609	1099
531	982
551	1048
507	967
520	1335
530	1332
509	1467
609	1191
611	1322
612	1132
573	1134
600	1147
662	1192
602	1247
649	1189
700	1378
690	1192
784	1314
847	1411
905	1398
876	1443
1063	1300
1315	1176
1564	1316
1556	1174
1644	1145
1792	1257
1904	1211
2084	1260
1992	1267
1944	1307
2204	1419
2387	1297
2505	1347
2342	1247
2126	1213
2078	1150
2220	1154
2404	1202
2436	1407
2416	1169
2653	1147
2930	1280
3223	1185
3299	1244
3121	1207
2875	1248
2955	1162
2917	1197
2922	1262
2778	1316
2973	1370
3038	1487
2932	1344
2988	1107
2868	1233
2976	1030
2924	1114
2887	1138
2885	1223
2717	1301
2856	1300
2859	1159
2719	1223
2692	1183
2748	1143
2664	1020
2867	1120
2660	1181
2330	1269
2214	1041
2315	1054
2307	1137
2199	1029
1926	946
1757	1138
1626	1075
1604	1007
1475	960
1170	995
967	1141
1106	1303
1367	1265
1240	1178
1084	1127
890	1191
865	1121
776	1046
754	1375
594	1187
537	1132
512	1240
524	1122
513	1002
452	1097
418	821
419	982
443	1089
488	1234
469	1351
450	1230
453	1281
451	1113
469	1097
397	1125
403	1148
411	987
460	1029
436	1011
400	1006
438	981
445	1095
377	1126
418	927
449	1047
413	1021
430	1173
452	1136
425	1156
429	1054
446	1055
501	1025
542	1055
531	1083
512	1176
531	1322
583	1251
562	1074
510	1162
593	1036
580	1073
616	1320
605	1308
612	1293
618	1159
672	1316
725	1129
705	1182
644	1049
633	1133
630	1038
650	1396
646	1256
743	1354
611	1435
659	1571
634	1667
706	1382
754	1203
793	1286
799	1262
738	1295
748	1175
671	1154
611	1305
615	1352
551	1442
633	1489
682	1512
645	1209
651	1227
574	1174
586	1101
711	1144
644	1263
649	1309
667	1198
700	1021
957	1189
891	1083
863	1244
865	1194
740	1351
808	1199
781	1276
820	1396
865	1367
897	1339
946	1363
994	1334
1025	1398
975	1508
1040	1550
1151	1325
1145	1193
1236	1144
1229	1241
1203	1142
1170	1272
1144	1193
1036	1109
959	1214
1017	1270
1028	1231
983	1272
939	1153
972	1121
1109	1097
1056	1328
1060	1412
1114	1159
1120	1193
1134	1216
1133	1143
1259	1006
1219	1159
1258	1183
1345	1143
1267	1297
1203	1091
1195	1410
1120	1276
1047	1332
1051	1196
953	1081
911	1353
979	994
889	1037
1085	1110
984	1209
895	1025
939	1062
975	963
912	1051
883	1110
883	1321
811	1341
859	1312
881	1282
898	1144
829	1160
818	1252
752	1275
719	1191
699	1385
684	1344
667	1257
646	1585
639	1144
633	1280
620	1153
590	1388
614	1475
626	1239
623	1296
593	1457
561	1260
621	1082
571	1030
523	968
566	1219
521	1188
517	1184
532	1101
497	1120
542	1126
505	1096
516	1018
496	1037
499	1064
460	1227
499	1031
458	1092
445	1258
489	1348
482	1163
474	1268
490	1057
509	1179
502	1256
562	1373
538	1286
545	1329
556	1259
501	1262
508	1363
473	1251
508	1058
548	1135
487	1115
501	1149
508	1030
456	1048
479	1215
561	1130
447	1042
502	973
548	1201
526	1181
480	1177
562	1106
476	1329
488	1448
473	1400
538	1208
511	1231
462	1142
530	1077
518	1001
490	1063
516	1153
462	1081
479	1128
551	1147
485	1297
496	1407
461	1314
567	1221
501	1317
553	1162
443	1283
484	1305
472	1191
532	1200
469	1269
464	1235
469	1198
479	1256
493	1331
514	1385
500	1125
508	1048
546	1119
585	967
548	1110
608	1240
574	1379
568	1463
590	1327
591	1261
542	1283
513	1105
538	1189
556	1171
517	1003
482	954
490	1016
504	976
529	1154
512	1166
613	1237
509	1038
500	1373
555	1244
533	1254
567	1063
570	1193
525	1136
535	1118
615	1093
567	928
550	928
549	1067
548	1080
529	957
572	843
550	889
510	954
541	949
532	983
535	1058
535	1202
420	1301
522	1178
427	1316
501	1142
487	1222
525	1363
490	1224
485	1035
439	1249
451	1127
437	1390
418	1171
458	1154
454	992
477	1272
448	1227
516	1207
483	1359
474	1357
480	1234
466	1576
451	1261
507	1222
446	1183
475	1181
435	1276
460	1275
459	1099
432	1044
365	1038
366	1103
383	1078
418	1010
448	1051
400	1200
436	1255
416	1054
462	1000
424	980
415	1033
449	1240
458	1273
475	1427
438	1194
443	1243
421	1272
437	1280
453	1187
503	1193
484	1091
549	1137
529	1381
489	1588
447	1304
497	1296
437	1137
477	1285
494	1176
445	1345
473	1150
418	1289
455	1286
480	1246
450	1233
546	1333
519	1197
592	1324
625	1186
607	1327
569	1157
449	1026
445	1191
517	1308
482	1296
510	1232
500	1402
517	1281
470	1343
426	1302
436	1220
439	1204
473	1194
534	1184
530	1022
490	1327
503	1136
509	1241
580	1405
557	1285
556	1142
493	1357
520	1328
491	1464
490	1350
473	1346
439	1423
510	1449
460	1358
437	1377
400	1068
447	1112
464	1065
482	1096
526	1230
517	1452
534	1727
518	1523
546	1338
543	1299
528	1352
440	1378
529	1148
482	1273
511	1330
497	972
437	925
429	1037
451	1162
505	1176
444	1040
420	1128
405	1283
394	1316
425	1350
444	1239
423	1345
435	1112
471	1062
428	1134
474	1352
430	1290
466	1254
474	1343
437	1440
426	1295
421	1291
442	1315
416	1246
427	1140
442	1095
464	1108
382	1194
422	1192
346	1225
404	1251
408	1192
416	1192
426	1168
393	1139
417	1288
408	1333
399	1252
408	1384
428	1313
421	1528
403	1403
427	1275
427	1355
457	1382
376	1162
392	1352
399	1336
390	1305
434	1158
458	1246
474	1284
424	1093
457	1289
493	1277
443	1091
418	1149
455	1155
428	1213
432	1305
430	1332
465	1389
420	1200
385	1146
419	1077
400	1267
398	1183
355	1300
388	1280
370	1187
411	1349
433	1264
506	1354
447	1173
495	1035
463	1130
376	1150
393	1405
385	1184
358	1017
341	1164
398	1051
396	1048
420	1106
402	1253
381	1136
350	1270
405	1086
376	1269
383	1209
393	1187
446	1129
415	1134
424	1075
421	1043
364	1108
414	1198
439	1015
444	1169
402	1091
403	1122
354	1177
407	1223
365	1000
382	1237
412	1224
359	1114
388	1247
449	1193
406	1459
392	1324
404	1467
443	1317
380	1193
409	1220
380	1180
396	1126
396	1040
372	1081
364	1202
396	1413
398	1539
384	1266
420	1331
388	1259
387	1248
409	1269
389	1388
349	1066
404	1256
416	1219
383	1295
437	1082
508	981
403	904
385	1078
433	1114
405	1198
415	1185
419	1255
462	1522
385	1236
415	1386
416	1250
384	1126
371	1258
397	1430
407	1340
360	1120
420	1242
380	1131
470	1180
388	1237
475	1156
415	1255
396	1314
395	1107
473	1239
427	1321
452	1144
427	1161
389	1177
397	1161
488	1073
460	1320
472	1193
448	1316
397	1358
428	1371
451	1367
432	1200
470	1295
403	1354
418	1272
432	1190
428	1190
481	1158
383	946
384	965
420	984
521	1195
452	1025
443	1037
415	1184
429	1042
412	1104
405	1219
361	1007
424	1027
388	1002
410	1043
457	1251
425	1268
496	1529
428	1292
494	1204
417	1203
500	1193
511	1252
457	996
467	1035
437	1241
483	1526
481	1385
502	1466
518	1338
484	1151
451	1239
498	1287
450	1551
446	1406
497	1276
465	1306
421	1237
415	1270
411	1241
434	1180
418	1077
430	1182
462	1240
491	1279
461	1068
498	1121
508	1321
470	1200
422	981
421	1170
485	1241
457	1316
486	1316
431	1332
415	1379
476	1095
391	1202
439	1070
429	1149
454	1106
432	1170
426	1137
437	1082
410	1064
425	1096
396	1083
432	1149
452	1348
459	1436
435	1286
411	1222
401	934
406	1022
443	1178
461	1152
471	1252
411	1301
418	1510
360	1421
428	1329
397	1330
407	1445
367	1312
352	1333
414	1105
356	1152
398	1123
396	1209
405	1188
368	954
406	1015
468	1116
462	1357
474	1160
474	1299
485	1388
374	1185
470	1072
490	1376
421	1244
494	1280
436	1040
460	1011
403	1082
439	1024
456	1186
418	1326
420	1230
492	1046
417	1045
442	1001
433	1191
391	1231
430	1038
393	1252
482	1424
399	1632
406	1284
351	1095
407	1176
387	1171
367	1221
340	1162
400	1209
442	1268
404	1337
389	1079
377	1211
389	1329
408	1406
395	1437
384	1249
387	1256
393	1286
449	1242
409	1179
418	1234
402	1269
369	1170
411	989
399	989
335	1062
367	1091
429	1050
445	986
397	1132
418	1180
382	1307
392	1396
400	1360
429	1294
389	1300
416	1324
368	1384
376	1343
372	1444
349	1373
391	1300
432	1185
369	1187
406	1290
386	1278
382	1196
421	1179
439	1083
418	1142
367	1042
405	1125
422	1236
411	1305
417	1259
424	1171
431	1317
406	1197
409	1343
397	1406
366	1375
428	1459
401	1255
428	1266
444	1220
426	1058
377	1231
383	1364
461	1510
505	1318
467	1326
475	1332
573	1243
821	1039
872	1099
963	1125
802	1159
859	1079
917	1142
1128	1265
1093	1104
929	1110
882	1292
1002	1366
1027	1318
1107	1341
1056	1485
1117	1475
1111	1419
836	1073
707	1424
715	1148
722	1222
693	1137
526	1272
499	1322
525	1296
425	1316
400	1283
417	1330
414	1435
455	1310
378	1526
357	1533
433	1589
401	1331
416	1227
364	1231
382	1170
380	1173
373	1074
394	1151
329	1276
403	1255
375	1226
339	1116
373	1076
390	1291
386	1210
370	1266
412	1230
393	1329
377	1154
341	1180
397	1067
392	1329
413	1356
409	1141
386	1150
400	1151
407	1263
395	1248
410	1301
386	1228
365	1186
395	1185
398	1235
414	1313
441	1448
455	1213
394	1137
403	1056
396	1121
379	1176
372	1189
359	1283
383	1374
425	1157
344	1273
366	1412
362	1220
386	1274
400	1272
390	1134
396	1318
380	1332
387	1190
373	1401
393	1234
461	1534
428	1670
410	1687
403	1480
391	1656
365	1496
400	1396
436	1373
408	1268
433	1314
413	1260
365	1491
407	1409
389	1190
520	1120
544	1053
462	1266
497	1227
531	1275
667	1403
770	1290
765	1271
825	1295
996	1303
1510	1133
1952	1316
1995	1284
2013	1321
2288	1336
2915	1143
3364	1152
3708	1037
3701	1047
4204	1073
5196	1095
5837	1202
5863	1221
5572	1165
5682	1260
6351	1288
6831	1492
6618	1325
6454	1192
6077	1149
5949	1331
5501	1437
5181	1397
4945	1298
4880	1137
4846	1167
3935	1208
3113	1224
3118	1358
3107	1265
2684	979
1931	946
1313	1208
1120	1139
1119	1187
1143	1213
1012	1283
899	1246
739	1068
910	1031
926	1199
739	1137
619	1360
569	1161
545	969
600	1205
521	1119
473	1159
415	1319
387	1318
416	1313
438	1190
436	1149
440	1154
372	1052
394	1175
354	999
362	1252
364	1276
369	1273
382	1162
420	1300
426	1098
411	1158
409	1237
389	1118
423	1096
420	1152
428	1237
447	1293
403	1454
410	1274
396	1245
356	1210
389	1057
409	1186
395	1307
430	1252
315	1304
385	1243
374	1225
351	1151
392	1239
366	1030
377	1122
397	1070
387	1253
402	992
432	1122
424	1254
376	1245
388	1075
383	1148
416	1139
392	1228
402	1487
425	1598
417	1288
392	1180
395	1172
390	1015
388	1313
451	1284
414	1203
376	1302
382	1130
353	965
387	1279
392	1165
412	1425
375	1350
383	1288
408	1278
366	1267
400	1329
398	1271
434	1326
440	1352
457	1076
506	1236
543	1240
528	1080
464	1259
480	1280
530	1332
455	1357
458	1253
589	1236
597	1102
593	1147
639	1284
549	1162
515	1070
453	1075
476	1162
403	1110
428	1165
414	1027
470	1113
457	1175
439	1112
447	958
433	992
430	890
404	1007
415	1169
350	1194
424	971
398	998
392	1188
463	1164
418	1241
403	1399
450	1434
409	1532
407	1356
397	1367
384	1249
364	1413
367	1535
288	1512
405	1384
354	1321
385	1287
366	1253
355	1324
371	1189
378	1236
363	1321
361	1406
377	1394
374	1428
384	1027
367	1272
359	1205
358	1106
445	1222
413	1229
399	1160
395	1074
367	988
362	1078
367	1042
391	1086
419	1168
415	1216
422	1126
376	1072
383	1267
410	1114
360	1070
462	1141
378	1108
359	968
402	984
377	1021
416	924
409	1122
422	1165
437	1117
433	1278
401	1186
459	1460
371	1219
400	1168
393	1211
403	1175
357	1139
424	1075
466	1338
429	1376
429	1429
414	1211
413	1218
457	1474
504	1384
495	1368
460	1354
460	1105
425	1303
399	1281
399	1113
411	1178
394	1380
380	1363
389	1525
408	1342
421	1309
408	1289
443	1279
358	1215
410	1178
420	1302
422	1032
421	1357
460	1414
432	1261
427	1164
410	1251
407	1460
417	1435
407	1474
432	1268
387	1043
442	1130
449	1395
449	1162
497	1281
506	1085
471	1068
443	997
437	989
474	1130
515	1032
566	1026
545	1060
481	1114
446	1168
458	1258
464	1137
495	1146
421	1038
499	1085
467	1167
464	1204
423	1174
418	1241
391	1182
426	1331
476	1371
432	1148
418	1184
453	1416
446	1386
447	1230
405	1318
400	1283
379	1263
399	1087
406	1253
444	1263
443	1485
413	1262
445	1226
429	1243
402	1408
401	1246
426	1396
472	1241
453	1099
420	1195
376	1218
409	1235
436	1008
455	1355
458	1296
435	1510
411	1435
436	1352
410	1225
435	1288
490	1259
453	1298
466	1103
458	1233
423	1159
409	1242
482	1277
426	1100
459	1102
405	1150
411	1150
374	1226
444	1361
411	1123
410	1349
442	1160
425	1331
427	1091
466	1184
449	987
396	1114
403	1090
443	1045
375	1271
414	1188
460	1310
486	1162
423	1189
395	1194
399	1191
362	1324
404	1278
413	1282
412	1150
367	1261
455	1299
391	1303
405	1306
394	1217
403	1249
347	1191
365	1238
402	1249
389	1252
382	1464
393	1287
423	1396
416	1391
421	1419
413	1438
412	1249
432	1109
417	1156
453	1301
419	1357
426	1409
378	1291
393	1246
425	1111
435	1157
418	1442
413	1183
394	1157
383	1250
464	1252
472	1205
398	1230
434	1115
473	1018
399	1355
428	1466
437	1442
436	1240
447	1289
428	1306
412	1123
432	1088
402	1141
497	1208
462	1274
437	1205
382	1375
434	1470
396	1516
422	1555
393	1472
413	1336
424	1234
435	1487
442	1420
470	1796
413	1565
485	1289
452	1217
397	1182
386	1259
395	1173
384	1136
386	1057
392	1418
422	1468
427	1399
444	1716
415	1178
453	1463
440	1338
433	1301
411	1413
364	1259
458	1308
419	1278
422	1494
445	1290
452	1427
501	1310
375	1379
415	1392
401	1244
441	1029
433	1202
479	1213
458	1412
456	1538
439	1362
438	1507
509	1306
510	1291
442	1261
442	1155
443	1220
484	1326
458	1309
472	1314
448	1221
379	1138
449	1147
409	1305
500	1394
461	1278
501	1374
441	1084
422	1018
460	1305
426	1410
467	1228
465	1020
442	1072
458	1162
442	1005
422	888
452	1121
420	1167
457	1145
411	1015
444	1151
446	1199
444	1413
463	1201
438	1301
505	1215
488	1096
457	1308
462	1208
407	1156
451	1125
453	1155
392	1099
402	1046
434	1171
405	1019
415	1036
500	1101
419	1283
460	1272
476	1143
403	1048
398	1121
478	1337
528	1344
493	1321
581	1130
485	1116
502	918
509	1057
585	1261
666	946
642	1142
631	1120
613	996
627	1209
613	1070
629	1224
639	1259
624	1096
612	1069
561	1108
634	1137
619	1141
612	1205
589	1020
632	1173
625	1193
610	1102
686	1082
716	1139
624	1138
591	1056
680	1171
585	1091
617	992
651	1235
497	1282
529	1051
503	1400
553	1096
560	990
559	1355
514	1207
499	1093
495	1176
455	1145
475	1146
459	1061
499	1072
491	1143
510	947
477	1065
415	1120
509	1227
448	1132
429	1195
421	1263
454	1295
389	1140
374	1121
403	1158
438	1071
459	960
446	1057
422	1124
433	1170
464	1078
424	1153
392	1346
406	1309
398	1242
427	1189
401	1266
422	1178
414	1242
409	1130
406	1024
368	1026
396	1194
386	1162
381	1029
441	1117
414	1099
391	1125
377	1070
405	1112
364	1260
364	1212
383	1279
401	1271
385	1244
439	1131
449	1214
416	1129
442	1044
436	1037
414	1053
421	1097
469	1159
442	1327
387	1128
431	1142
397	1139
421	993
427	1068
422	1064
403	1127
401	1007
382	1191
379	1050
414	1083
398	1031
431	1002
395	1309
448	1140
333	1167
352	1292
426	1026
367	936
356	981
381	912
433	1071
408	980
440	985
433	940
405	1129
442	1198
424	1128
437	1300
448	1248
438	1277
473	1386
461	1114
455	1036
450	1095
477	1173
459	1296
437	1167
438	1206
412	1144
439	1079
400	1139
397	1261
393	1213
391	1346
399	1295
352	1178
420	1195
410	1267
429	1154
345	900
400	1130
391	1195
414	1266
438	1310
424	1236
416	1210
413	1272
469	1275
425	1479
419	1397
405	1382
385	1364
350	1330
331	1161
294	1292
353	1308
293	1149
315	1391
355	1372
366	1307
341	1240
381	1175
408	1248
391	1245
419	1054
370	1174
410	1187
383	1011
399	1232
388	1244
442	1432
382	1239
404	1350
350	1243
353	1258
362	1191
342	1272
374	1202
391	1223
370	1209
373	1202
342	1159
349	1148
361	1285
377	1358
397	1229
383	1130
323	1257
390	1339
369	1497
391	1219
380	1256
398	1132
371	1238
356	1313
314	1390
331	1128
336	1377
371	1478
391	1332
388	1251
332	1179
383	1057
415	1038
377	1152
358	1211
416	1118
369	1273
399	1421
391	1246
355	1409
357	1197
336	1201
365	1236
361	1532
350	1532
367	1342
369	1390
425	1340
350	1408
369	1264
302	1188
369	1210
308	1262
353	1291
345	1301
324	1313
375	1277
396	1224
363	1432
360	1442
382	1489
402	1201
387	1190
377	1215
407	1271
397	1256
362	1213
365	1206
359	1238
334	1240
333	1338
397	1419
344	1183
354	1213
398	1326
333	1370
403	1277
453	1167
390	1424
377	1326
391	1400
424	1265
443	1310
397	1402
382	1414
410	1396
415	1385
365	1381
375	1404
375	1452
417	1288
374	1225
319	1126
337	1124
341	1056
336	1190
348	1211
394	1313
383	1250
368	1171
412	1128
423	1236
362	1143
364	1163
367	1165
419	1186
393	1214
390	1364
388	1517
352	1508
366	1431
391	1219
392	993
405	1077
353	991
369	1196
343	1114
389	1136
404	1057
385	1136
360	1156
384	1251
456	1198
374	1158
374	1201
409	1037
391	1166
387	1167
416	1093
430	1073
365	1075
362	1106
363	1045
377	1166
361	1179
350	1172
371	1186
393	1178
393	1283
417	1409
352	1348
344	1245
366	1249
403	1320
413	1376
377	1392
362	1234
397	1297
354	1415
394	1327
422	1291
377	1198
373	1062
365	1114
349	1154
386	1061
376	870
362	1138
362	1306
367	1252
369	1280
393	1205
397	1272
369	1218
384	1227
342	1257
414	1356
404	1194
383	1266
351	1134
406	1250
424	1136
378	1039
360	1161
360	1174
386	1171
388	1042
366	996
370	1220
374	1309
341	1023
354	1073
364	1277
370	1183
413	1079
345	1139
392	1274
422	928
401	1036
384	1214
387	1310
348	977
406	1006
345	1103
386	1150
353	1108
367	1214
450	1324
460	1441
424	1221
384	1231
337	1398
370	1210
366	1280
369	1177
356	1290
393	1203
350	1119
395	1155
375	1247
343	1058
359	1108
388	1012
360	1080
363	1135
359	1063
417	1094
387	1011
369	1147
359	1464
379	1131
347	1149
348	1358
295	1266
380	1419
327	1268
381	1104
348	1541
327	1382
340	1298
388	1347
415	1408
396	1402
325	1165
346	1194
326	1283
338	1202
403	1253
390	1372
360	1243
342	1250
370	1053
363	1179
348	1238
369	1103
369	1065
406	1100
391	1208
388	1145
449	1134
421	1115
396	1043
463	1223
351	1221
399	1230
376	1168
415	1268
381	1387
393	1376
373	1536
365	1322
373	1400
414	1303
405	1250
389	1262
344	1110
343	1104
340	1155
408	1349
393	1140
346	1374
378	1685
354	1365
336	1321
350	1270
346	1433
357	1321
384	1174
360	1104
372	1349
341	1265
365	1159
389	1194
441	1214
416	1334
366	1345
370	1522
336	1242
374	1258
384	1366
389	1074
368	1228
399	1491
398	1655
385	1347
403	1552
417	1460
432	1313
406	1309
406	1404
329	1353
392	1489
344	1279
374	1168
372	1314
347	1199
412	1472
385	1475
382	1407
355	1314
317	1323
334	1100
371	1359
314	1157
335	1190
338	1191
384	1236
419	1101
407	1236
316	1228
383	1327
329	1316
340	1350
351	1539
376	1335
366	1312
328	1147
329	1204
355	1245
312	1330
296	1211
389	1119
357	1080
412	995
381	1120
397	1258
343	1261
319	1300
342	1463
326	1146
365	1255
373	1139
328	1406
323	1210
317	1329
385	1299
336	1015
357	1200
362	1277
349	1122
343	1188
336	1129
323	1103
349	1094
360	1140
315	1092
340	1175
346	1420
357	1143
368	1338
321	1193
377	1061
347	1483
356	1347
346	1408
321	1246
350	1208
342	1054
394	967
337	1158
342	1216
317	1203
345	1168
390	1109
368	1175
368	1136
406	1289
362	1328
366	1193
394	1199
370	1258
342	1301
317	1168
350	1250
363	1130
322	1238
290	1307
323	1284
307	1424
394	1443
358	1460
333	1394
358	1266
346	1252
389	1226
337	1088
387	1284
368	1105
384	1318
396	1599
381	1370
378	1385
349	1252
382	1293
327	1350
338	1388
388	1287
400	1253
319	1321
352	1550
328	1214
311	1249
356	1196
361	1118
338	1082
347	1121
317	1187
349	1069
346	1064
348	1255
356	1220
364	1423
360	1311
340	1232
358	1497
324	1294
367	1359
391	1291
330	1442
396	1353
331	1348
385	1502
354	1289
328	1537
369	1502
396	1501
354	1430
321	1321
399	1333
332	1479
378	1288
360	1408
364	1506
372	1386
411	1447
398	1593
443	1366
463	1408
469	1542
428	1371
389	1069
378	1143
385	1014
399	1084
389	1266
440	1242
401	1428
375	1348
334	1258
371	1331
390	1382
370	1175
452	1196
431	1364
373	1252
380	1425
347	1458
366	1401
357	1447
357	1524
330	1400
361	1355
396	1238
388	1377
389	1319
395	1381
356	1303
367	1162
329	1192
371	1161
331	1140
365	1355
296	1246
400	1198
373	1273
322	1379
328	1344
351	1489
359	1459
388	1286
384	1373
353	1372
364	1490
371	1252
354	1037
324	1384
351	1142
377	1219
367	1204
385	1233
374	1234
418	1072
366	1151
333	1126
392	1040
400	1186
407	1208
372	1117
384	1039
365	1194
378	1138
323	993
366	923
335	1019
369	1056
358	1063
357	1016
339	1180
325	1180
328	1109
358	1153
393	1360
356	1407
389	1498
351	1365
384	1383
381	1165
320	1272
417	1204
387	1116
309	1198
311	1111
354	1253
397	1284
401	1280
363	1109
367	1207
451	1385
372	1251
357	1244
354	1409
374	1378
344	1323
385	1312
364	1343
334	1162
348	1041
451	1178
318	1079
393	1172
398	1172
371	1041
408	1142
446	1338
460	1292
425	1342
426	1288
407	1329
341	1229
340	1229
319	1112
341	1253
362	1274
285	1306
350	1295
342	1335
343	1213
334	1077
317	940
376	1278
397	1164
340	1053
324	1021
334	998
384	1037
419	1102
362	1227
339	1432
359	1461
388	1734
359	1311
339	1400
351	1536
329	1181
360	1257
304	1465
351	1456
396	1248
373	1291
394	1393
399	1355
363	1264
326	1139
325	1164
357	1101
338	1280
320	1132
323	1132
358	1279
292	1321
329	1308
300	1238
315	1237
324	1145
354	1207
410	1335
350	1322
315	1251
340	1393
407	1291
371	1312
389	1168
364	1392
354	1282
333	1426
318	1242
387	1181
330	1265
380	1408
412	1488
405	1420
335	1117
329	1223
343	1449
304	1548
386	1486
356	1268
352	1235
353	1202
373	1269
374	1223
389	1452
374	1334
394	1318
380	1404
327	1388
400	1339
335	1325
357	1365
370	1322
335	1280
316	1420
352	1235
332	1378
352	1303
381	1365
381	1251
341	1258
342	1206
407	1157
386	1394
398	1357
424	1655
389	1437
420	1449
376	1669
395	1249
383	1232
384	1190
403	1404
393	1432
353	1517
357	1295
324	1179
372	1157
344	1211
315	1157
376	1212
417	1590
396	1526
368	1312
348	1169
366	1187
318	1042
320	970
332	1125
326	1224
283	1098
336	1196
321	1257
314	1328
326	1170
382	1154
367	1378
385	1410
344	1278
341	1201
361	1262
357	1235
377	1247
370	1201
376	1253
382	1633
384	1424
367	1397
355	1286
294	1259
327	1426
336	1335
368	1300
305	1228
361	1097
378	1163
276	1170
308	1130
376	1282
349	1380
383	1206
352	1103
319	1282
328	1147
367	1095
360	1075
358	1158
377	1053
310	1169
291	1035
398	1052
320	1058
360	1032
371	1043
334	1166
288	1300
346	1189
370	1252
329	1171
379	1236
350	1227
390	1406
396	1297
369	1210
351	1215
321	1221
356	1274
387	1232
394	1390
429	1369
450	1218
397	1295
358	1508
392	1417
406	1293
375	1302
434	1338
420	1283
458	1564
398	1450
449	1558
383	1706
400	1568
391	1845
437	1729
395	1416
428	1484
420	1481
433	1175
417	1468
464	1356
461	1248
475	1336
437	1409
440	1344
452	1314
497	1351
474	1527
449	1570
414	1339
421	1422
428	1295
480	1136
384	1233
464	1360
382	1510
474	1439
369	1446
387	1120
382	1318
375	1236
394	1207
422	1150
397	1099
450	1299
385	1266
392	1310
419	1674
450	1520
395	1198
392	1243
403	1645
387	1495
345	1441
362	1650
328	1566
354	1485
384	1404
415	1414
460	1282
420	1297
425	1206
381	1110
435	1240
372	1144
397	1184
364	1190
308	1211
350	1393
399	1421
385	1302
361	1235
392	1108
384	1215
400	1301
397	1260
446	1354
435	1116
362	1114
448	1101
443	1101
413	1188
414	1221
421	1065
434	1143
403	1486
409	1292
358	1136
396	1175
337	1452
343	1162
345	1156
356	1165
404	1000
347	1030
390	1236
402	1265
431	1240
431	1302
447	1171
418	1281
461	1337
435	1146
423	1294
424	1290
400	1209
374	1278
370	1420
387	1224
385	1425
436	1170
407	1172
430	1170
476	1251
456	1231
436	1166
398	1144
372	1269
430	1335
437	1372
457	1219
425	1457
449	1330
442	1367
434	1257
342	1163
357	1112
400	1238
376	1417
435	1224
399	1191
391	1139
444	1089
356	1115
347	1151
356	1304
390	1369
415	1135
343	985
414	961
370	1240
364	1247
397	1110
349	1201
343	1082
377	1218
403	1390
357	1312
352	1127
350	1108
319	1140
354	1201
296	1149
296	1088
368	1240
309	894
321	1190
357	1296
345	1330
378	1287
346	1210
351	1205
332	1239
289	1409
321	1451
346	1619
351	1435
303	1228
342	1367
368	1479
373	1727
404	1746
340	1362
359	1526
345	1389
401	1530
335	1567
312	1328
331	1378
362	1196
357	1344
340	1169
332	1472
400	1593
305	1339
350	1252
370	1364
360	1227
361	1283
429	1495
432	1362
378	1294
331	1544
372	1432
351	1389
388	1473
306	1435
343	1533
326	1289
371	1269
359	1283
379	1338
377	1327
362	1265
356	1393
367	1359
376	1390
362	1352
342	1470
315	1314
368	1400
359	1431
359	1454
397	1279
353	1291
360	1174
301	1003
323	1095
332	1088
339	1233
323	1250
336	1194
321	1141
329	1252
351	1165
381	1188
325	1188
325	1173
319	1310
324	1249
352	1333
428	1410
349	1326
377	1368
364	1333
366	1105
340	1197
363	1123
354	1285
359	1169
353	1127
325	1262
328	1284
335	1430
339	1296
376	1273
354	1241
363	1415
371	1321
373	1340
385	1413
363	1528
307	1497
331	1786
347	1463
328	1395
348	1174
389	1211
377	1285
349	1280
351	1335
351	1316
324	1404
382	1375
308	1411
354	1350
334	1585
363	1426
279	1343
323	1233
337	1255
330	1273
315	1191
372	1092
362	1099
357	1020
337	1106
384	1337
382	1349
378	1242
353	1225
330	1157
363	1273
357	1203
367	1380
366	1352
364	1416
354	1168
299	1020
334	1364
343	1189
331	1133
362	1167
341	1345
317	1159
310	1248
320	1110
316	1413
356	1389
347	1408
311	1312
321	1522
377	1548
356	1408
331	1149
321	1416
330	1379
336	1049
369	1102
292	1059
322	1110
328	1118
336	1201
363	1216
372	1310
353	1064
367	1113
337	1134
350	926
368	1115
362	1269
318	1169
314	1112
354	1420
388	1195
384	1231
385	1334
335	1322
374	1371
331	1153
330	1221
413	1329
370	1350
361	1028
329	1290
344	1312
363	1570
340	1403
346	1324
347	1308
360	1254
338	1232
354	1164
419	1230
359	1096
357	1185
331	1196
352	1144
351	1139
286	1158
376	1363
371	1314
373	1260
327	1031
352	1208
357	1276
352	1275
312	1391
321	1314
366	1498
380	1449
318	1211
325	1150
351	1219
317	1223
343	1206
337	1200
342	1358
320	1382
337	1305
311	1354
352	1355
349	1271
397	1272
363	1311
403	1442
426	1541
451	1526
494	1545
469	1404
494	1252
495	1508
460	1412
503	1481
478	1346
494	1462
528	1340
484	1332
507	1224
497	1019
473	1234
488	1400
422	1493
388	1307
393	1281
399	1312
405	1272
366	1244
383	1189
353	1164
363	1170
338	1500
344	1331
366	1436
334	1224
358	1349
366	1173
380	1358
370	1297
339	1443
371	1642
416	1505
369	1567
361	1385
360	1221
352	1204
371	1190
326	1225
299	1264
323	1359
299	1168
336	1304
355	1333
306	1113
363	1160
344	1209
355	1289
374	1243
314	1533
357	1191
337	1281
332	1426
355	1284
378	1315
323	1504
339	1540
376	1185
375	1205
389	1172
350	1130
431	1470
391	1386
400	1401
374	1479
387	1561
427	1394
446	1612
449	1333
443	1197
488	1150
397	1272
360	1331
458	1458
435	1539
440	1279
431	1025
331	1061
391	1366
370	1190
370	1279
379	1061
360	1123
323	1310
357	1215
351	1252
304	1271
361	1341
338	1302
351	1433
366	1283
393	1229
340	1214
343	1386
351	1392
352	1420
347	1378
379	1491
297	1527
398	1543
396	1328
377	1417
366	1511
351	1449
375	1391
329	1462
326	1342
379	1510
334	1421
395	1391
417	1270
402	1331
389	1477
372	1414
366	1434
382	1496
404	1468
389	1440
343	1559
376	1487
389	1619
398	1899
367	1606
371	1632
338	1571
362	1395
394	1406
405	1408
394	1398
382	1286
380	1338
377	1539
380	1598
368	1224
357	1024
314	1143
356	1070
381	1331
358	1240
370	1096
389	1420
434	1149
375	1344
435	1395
367	1372
407	1470
400	1326
389	1602
368	1464
394	1116
431	1260
398	1006
399	1053
415	1412
344	1426
355	1141
370	1279
351	1371
369	1253
395	1190
377	1307
406	1257
372	1392
439	1327
420	1220
371	1162
400	1342
338	1220
371	1373
345	1319
401	1815
419	1603
397	1456
440	1346
414	1370
370	1485
394	1485
396	1381
378	1113
372	1096
377	978
379	1003
441	1305
381	1265
417	1414
412	1728
387	1194
384	1204
364	1259
331	1277
352	1280
345	1171
361	1195
401	1234
401	1148
394	1123
419	1327
391	1474
384	1239
414	1132
410	1068
369	1141
423	1219
394	1105
392	1221
359	1295
361	1092
377	931
425	1168
437	995
375	1276
333	1176
356	1151
361	1080
383	1088
370	1126
310	1073
400	1072
352	1119
349	1351
357	1475
345	1338
368	1334
369	1198
389	1144
388	1142
393	1237
446	1186
361	1186
433	1116
379	1263
392	1414
405	1221
426	1243
363	1196
467	1159
392	1113
412	1068
392	1219
371	1275
363	1200
407	1426
422	1255
358	1225
374	1200
409	1509
395	1462
345	1270
390	1342
393	1295
381	1255
386	1324
392	1340
351	1363
399	1540
436	1498
398	1178
346	1380
382	1364
343	1081
402	1115
391	1286
390	1316
397	1310
392	1194
427	1177
391	1195
381	1446
356	1467
418	1306
370	1200
382	1337
359	1206
409	1178
412	1248
416	1366
455	1267
379	1216
373	1302
346	1293
413	1629
413	1476
413	1577
423	1315
412	1251
367	1376
344	1357
400	1238
400	1148
384	1340
357	1316
371	1198
330	1310
345	1229
392	1143
420	1269
437	1274
383	1187
392	1463
447	1330
393	1386
392	1259
343	1065
400	1139
387	1237
351	1278
353	1358
348	1497
350	1624
436	1522
401	1124
416	1222
372	1232
380	1293
373	1192
353	1667
373	1345
341	1324
350	1257
354	1506
360	1222
351	1229
402	1272
380	1264
383	1358
375	1304
353	1528
344	1503
306	1451
363	1426
322	1339
409	1397
362	1272
331	1213
365	1251
357	1405
386	1427
436	1522
389	1530
365	1463
438	1396
403	1257
349	1194
409	1438
396	1416
400	1386
392	1608
410	1310
440	1390
424	1245
386	1145
387	1325
390	1268
385	1252
413	1303
421	1293
413	1360
379	1300
350	1376
386	1523
366	1445
403	1400
412	1562
346	1376
390	1562
403	1301
321	1391
417	1582
400	1458
386	1300
421	1371
397	1266
376	1092
392	1276
416	1164
400	1132
416	1128
389	1441
392	1637
405	1647
413	1398
438	1475
443	1286
438	1438
431	1267
498	1272
432	1281
485	1312
455	1431
421	1557
442	1564
398	1294
397	1558
458	1312
439	1258
438	1180
354	1286
447	1304
434	1391
408	1617
429	1416
439	1493
485	1460
409	1340
469	1130
463	1145
435	1137
474	1092
412	1139
465	1483
422	1320
458	1440
441	1531
419	1436
398	1304
396	1112
457	1548
405	1252
483	1317
417	1219
448	1179
454	1175
414	1156
430	1086
431	1194
441	1332
474	1112
404	1261
402	1156
437	1129
400	1083
404	1199
455	1270
482	1255
540	1283
465	1152
513	1095
506	1136
522	1155
425	1445
466	1393
534	1538
492	1340
513	1207
477	1288
504	1508
513	1373
458	1362
461	1307
413	1292
508	1265
460	1575
423	1244
467	1356
503	1244
476	1259
458	1158
429	1159
469	1219
452	1366
477	1251
401	1222
430	1031
446	1081
475	1148
444	1175
440	1160
461	1163
477	1210
463	1088
467	1301
433	1366
436	1315
511	1308
467	1378
430	1354
406	1215
401	1066
466	1299
484	1508
490	1584
463	1400
456	1409
473	1429
485	1167
482	1271
455	1417
496	1445
442	1530
451	1420
532	1297
553	1411
519	1265
572	1104
578	1012
559	1091
585	1092
591	965
600	1146
602	1159
637	1248
630	1379
649	1312
691	1230
650	1251
705	1147
679	1110
629	1312
706	1148
714	1061
588	1219
641	1210
648	1049
698	1357
672	1318
574	1259
619	988
672	1118
556	1072
609	1162
610	1156
691	1239
621	1143
660	1151
636	1102
691	1266
778	1386
741	1299
771	1187
748	1184
747	1317
722	1248
774	1371
801	1168
809	1197
813	1240
852	1270
922	1135
870	1262
871	1233
841	1320
890	1098
797	1038
842	1234
839	1219
806	976
820	1119
772	1368
780	1117
780	1281
843	1413
765	1427
773	1406
752	1124
718	1173
711	1088
687	1172
690	1366
694	1572
761	1230
661	1232
662	1295
598	1247
589	1319
557	1250
674	1457
645	1484
563	1479
566	1452
580	1398
588	1270
605	1204
599	1314
576	1459
560	1415
532	1495
619	1431
528	1414
560	1228
506	1201
599	1166
560	1225
519	1143
482	972
558	1194
570	1405
500	1309
496	1253
515	1357
432	1293
525	1224
504	1155
489	1082
458	1161
491	1040
486	1071
472	1080
509	1138
491	1058
491	1088
464	1017
520	1117
509	1214
433	1425
493	1454
419	1380
418	1246
418	1160
456	1382
401	1303
396	1278
451	1171
435	1222
407	1339
404	1201
442	1329
427	1150
424	1221
432	1279
440	1377
396	1438
447	1650
504	1651
444	1457
460	1153
452	1460
454	1359
420	1331
465	1498
405	1332
420	1145
439	1230
459	1512
482	1569
441	1592
501	1500
622	1514
581	1733
567	1429
589	1608
593	1482
863	1568
852	1568
915	1494
956	1379
1199	1464
1366	1482
1260	1673
1210	1532
1146	1682
1260	1535
1400	1419
1478	1257
1299	1353
1342	1244
1451	1409
1637	1399
1641	1382
1795	1392
1736	1623
1593	1571
1598	1326
1440	1322
1512	1290
1402	1368
1246	1578
1128	1228
1025	1165
905	1290
912	1268
993	1321
899	1130
828	1088
849	1169
880	1181
908	1101
811	1234
691	1327
677	1353
678	1298
671	1361
544	1436
464	1399
506	1455
461	1272
511	1461
467	1741
467	1487
476	1309
461	1344
459	1470
401	1389
459	1284
447	1294
427	1239
433	1420
363	1343
456	1396
356	1337
380	1544
385	1172
396	1105
376	1221
370	1344
396	1180
389	1190
387	1150
369	1289
341	1392
403	1332
408	1439
383	1305
333	1475
356	1361
362	1215
389	1380
375	1377
405	1326
354	1273
372	1370
323	1420
388	1221
391	1301
402	1211
395	1375
377	1190
372	1275
378	1297
423	1387
384	1478
353	1349
318	1286
361	1237
385	1278
364	1349
391	1532
339	1248
388	1114
341	1236
369	1101
387	1010
348	1108
312	1099
319	1310
354	1302
370	1211
378	1207
399	1398
381	1336
380	1547
351	1335
392	1303
343	1192
342	1186
335	1351
333	1197
383	1132
371	1230
359	1235
342	1180
355	1288
369	1201
369	1129
337	1102
354	1039
327	1256
354	1224
375	1252
356	1397
356	1195
330	1376
332	1421
372	1246
378	1542
342	1464
341	1489
369	1551
314	1533
364	1287
372	1237
425	1402
370	1349
348	1290
376	1269
378	1303
365	1496
323	1198
351	1172
347	1237
355	1129
401	1229
393	1101
382	1148
374	1122
430	1116
391	1210
410	1100
382	1331
350	1348
340	1385
325	1281
366	1228
297	1299
336	1333
316	1372
365	1196
330	1127
302	1236
369	1521
412	1400
364	1467
351	1387
400	1335
397	1389
383	1538
299	1503
431	1421
334	1508
363	1330
376	1479
313	1482
316	1478
316	1387
359	1364
276	1469
345	1293
328	1278
317	1456
328	1595
331	1752
333	1698
337	1576
327	1391
336	1520
343	1853
344	1739
334	1740
325	1606
396	1498
318	1495
339	1413
371	1369
377	1117
354	1399
380	1434
404	1513
313	1481
316	1390
304	1484
314	1315
350	1286
348	1270
345	1339
382	1290
381	1356
290	1302
346	1377
366	1571
317	1372
316	1305
384	1260
352	1030
372	1260
362	1360
353	1418
352	1283
366	1100
345	1174
337	1240
308	1294
317	1255
329	1412
322	1290
377	1225
286	1116
301	1155
308	1480
347	1409
378	1396
422	1563
352	1521
367	1390
348	1431
369	1391
364	1407
364	1519
290	1492
341	1332
352	1385
358	1219
342	1162
381	1234
307	1183
332	1263
325	1267
339	1174
355	1116
412	1160
366	1145
370	1175
401	1088
383	1203
341	1256
372	1406
350	1403
356	1418
384	1320
362	1277
359	1331
387	1297
343	1465
361	1381
322	1372
376	1604
362	1721
364	1670
386	1459
328	1326
371	1191
309	1391
384	1506
382	1391
372	1223
364	1196
412	1177
361	1171
382	1251
330	1223
378	1152
316	1238
331	1442
403	1530
438	1442
465	1464
611	1385
513	1144
609	1174
633	1324
684	1663
634	1567
589	1644
467	1459
402	1397
396	1636
467	1369
408	1415
521	1482
548	1436
487	1566
442	1674
425	1557
422	1509
452	1492
352	1168
339	1271
364	1325
420	1407
428	1561
420	1444
386	1397
376	1470
341	1364
354	1324
405	1352
366	1299
345	1270
364	1278
349	1140
328	1338
350	1164
358	1484
311	1550
328	1351
376	1424
342	1553
346	1276
360	1260
386	1151
337	1243
333	1479
498	1531
455	1387
396	1554
447	1290
433	1385
505	1316
402	1460
442	1529
386	1690
455	1390
458	1388
461	1453
451	1351
493	1444
546	1363
488	1311
425	1202
400	1317
417	1531
388	1453
382	1397
362	1398
392	1591
360	1716
406	1565
357	1692
355	1536
337	1680
381	1343
402	1451
376	1481
326	1395
427	1302
440	1422
391	1654
382	1618
383	1525
402	1576
416	1458
429	1295
452	1283
405	1426
419	1365
411	1366
443	1263
405	1101
396	1199
377	1418
352	1591
381	1428
397	1375
395	1651
417	1442
426	1396
381	1522
415	1499
363	1495
352	1323
375	1532
326	1468
317	1697
349	1745
347	1541
331	1369
350	1550
328	1631
336	1626
344	1735
357	1622
336	1461
330	1717
350	1493
333	1402
385	1293
423	1283
382	1371
358	1273
333	1218
322	1428
380	1720
412	1363
381	1488
351	1570
324	1601
341	1481
310	1397
377	1552
385	1693
359	1702
361	1501
347	1398
356	1316
438	1484
413	1332
411	1386
308	1344
304	1419
339	1471
306	1306
377	1332
346	1429
352	1398
359	1479
402	1383
381	1354
373	1292
319	1258
352	1332
370	1187
370	1443
345	1501
365	1609
365	1692
389	1598
362	1421
384	1383
329	1193
366	1324
324	1226
371	1388
385	1546
371	1468
380	1549
414	1549
403	1620
395	1802
377	1546
362	1662
398	1316
385	1508
346	1509
339	1647
358	1416
371	1372
385	1354
377	1573
356	1644
344	1659
368	1766
383	1524
402	1592
386	1870
432	1712
372	1611
410	1660
345	1510
378	1580
416	1483
392	1440
409	1331
409	1419
369	1580
363	1306
369	1416
398	1448
360	1540
406	1369
388	1421
373	1380
437	1444
383	1459
386	1437
412	1338
381	1416
369	1424
359	1457
419	1551
378	1740
388	1610
360	1383
349	1518
403	1569
402	1484
440	1520
416	1532
430	1462
420	1396
406	1385
420	1440
448	1378
421	1327
411	1340
383	1298
417	1478
438	1532
422	1350
462	1343
463	1355
386	1377
429	1300
431	1067
426	1090
434	1295
362	1321
453	1058
524	1144
489	1195
503	1233
507	1437
521	1432
531	1538
513	1354
465	1184
537	1122
562	1220
571	1357
533	1366
508	1299
497	1264
548	1284
602	1322
614	1641
571	1582
644	1356
586	1372
588	1510
584	1886
561	1627
572	1513
532	1454
534	1320
598	1327
531	1341
558	1370
568	1439
540	1339
588	1337
575	1413
488	1368
572	1258
529	1216
516	1192
540	1313
550	1353
447	1515
478	1356
523	1367
498	1341
489	1351
478	1529
512	1671
706	1334
650	1295
565	1331
561	1403
750	1347
791	1516
839	1595
772	1430
841	1417
1043	1546
1210	1586
1315	1245
1246	1305
1197	1275
1174	1183
1153	1202
1105	1131
1064	1174
1179	1352
1312	1475
1180	1237
1309	1409
1302	1353
1348	1441
1487	1141
1607	1277
1564	1294
1590	1341
1526	1371
1546	1349
1653	1420
1650	1563
1768	1633
1582	1313
1605	1275
1638	1455
1607	1210
1708	1260
1580	1238
1571	1228
1533	1280
1427	1406
1428	1362
1423	1115
1450	1428
1450	1318
1291	1383
1205	1385
1213	1316
1297	1385
1261	1337
1085	1438
1025	1468
940	1426
894	1406
884	1575
673	1264
541	1609
525	1592
571	1470
581	1557
466	1657
430	1380
432	1319
543	1536
558	1521
547	1296
458	1316
418	1586
373	1359
382	1392
342	1437
373	1476
377	1275
358	1166
347	1244
375	1315
403	1442
364	1415
363	1481
373	1490
326	1449
376	1331
323	1374
383	1341
365	1495
399	1438
417	1380
371	1220
446	1453
371	1438
407	1304
391	1260
404	1256
404	1322
372	1247
352	1220
372	1262
387	1385
376	1544
407	1490
417	1357
368	1307
412	1527
403	1374
396	1307
376	1394
378	1212
393	1291
384	1243
412	1275
400	1201
398	1186
403	1246
387	1300
375	1253
435	1161
401	1001
392	1179
427	1020
388	1262
402	1223
385	1279
380	1287
446	1333
375	1211
357	1199
386	1103
357	1102
361	1195
393	1348
386	1286
375	1221
388	1210
372	1181
362	1517
411	1503
438	1184
399	1172
376	1168
399	1356
376	1247
385	1226
434	1586
373	1400
376	1216
400	1461
354	1372
366	1243
407	1480
429	1349
457	1367
455	1671
465	1614
472	1338
444	1274
454	1219
466	1078
475	1127
487	1245
513	1169
557	1056
571	1380
533	1049
531	1185
522	1370
542	1554
419	1467
448	1123
436	1484
482	1185
464	1187
435	1232
463	1209
486	1328
472	1462
548	1703
468	1892
461	1641
457	1674
434	1533
503	1511
455	1406
425	1352
369	1345
433	1402
422	1414
391	1280
434	1458
423	1367
422	1364
475	1492
422	1306
446	1380
451	1408
453	1297
459	1232
431	1217
408	1319
427	1185
469	1221
457	1436
450	1249
461	1344
440	1312
407	1236
452	1199
416	1391
433	1176
425	1402
511	1608
440	1375
377	1607
395	1541
462	1492
429	1431
457	1394
444	1457
439	1489
461	1379
448	1287
442	1207
477	1251
466	1360
496	1316
417	1382
452	1208
421	1380
451	1323
413	1240
454	1268
421	1302
385	1370
461	1289
489	1441
452	1466
436	1666
481	1544
454	1696
475	1572
440	1149
512	1161
496	1241
442	1216
494	1381
450	1312
456	1323
438	1249
478	1196
414	1225
506	1566
475	1238
488	1239
541	1254
546	1320
482	1556
505	1323
487	1262
421	1217
456	1342
431	1228
464	1324
434	1268
425	1250
435	1373
411	1425
430	1435
417	1408
465	1233
510	1434
479	1467
477	1376
491	1511
464	1303
424	1449
431	1341
472	1291
437	1151
430	1260
401	1327
417	1395
459	1468
481	1266
464	1277
396	1405
394	1500
361	1378
387	1579
411	1528
463	1440
404	1315
451	1436
425	1528
453	1484
440	1671
432	1496
384	1515
392	1632
403	1551
417	1422
359	1559
401	1629
408	1594
421	1486
399	1522
415	1419
416	1212
487	1433
457	1283
436	1456
473	1574
518	1550
601	1430
660	1426
712	1293
716	1463
675	1423
703	1223
693	1265
704	1330
670	1543
620	1521
621	1307
565	1261
481	1161
524	1291
465	1179
489	1200
419	1108
471	1152
493	1257
536	1284
453	1548
468	1324
508	1552
483	1516
440	1403
445	1384
454	1218
415	1207
441	1361
492	1256
424	1361
505	1248
476	1226
455	1267
486	1207
555	1112
589	1413
669	1479
767	1683
725	1804
692	1620
717	1460
866	1419
757	1409
678	1306
1084	1407
1093	1356
1125	1442
959	1354
672	1380
644	1363
728	1448
628	1348
604	1460
478	1324
506	1331
542	1187
533	1282
505	1227
483	1271
462	1363
470	1454
432	1632
439	1343
469	1529
402	1363
397	1265
428	1358
343	1481
363	1369
334	1169
334	1182
361	1141
353	1202
347	1320
355	1313
304	1348
359	1241
324	1380
318	1326
334	1381
336	1443
359	1491
382	1361
411	1378
363	1312
376	1466
336	1287
364	1648
360	1493
338	1563
373	1631
379	1543
373	1643
344	1412
373	1244
353	1139
354	1307
345	1254
361	1134
325	1432
355	1328
299	1334
323	1472
319	1429
385	1566
336	1674
349	1681
381	1609
319	1661
395	1516
344	1453
340	1246
360	1321
409	1369
329	1430
346	1560
349	1551
335	1324
353	1285
376	1191
319	1401
323	1518
307	1529
308	1359
356	1555
316	1561
370	1433
364	1233
373	1092
376	1240
403	1317
397	1393
372	1283
382	1228
332	1157
340	1282
319	1230
311	1343
356	1349
334	1539
347	1695
370	1626
372	1500
349	1508
320	1427
308	1322
339	1316
328	1391
353	1208
370	1522
321	1435
341	1358
337	1519
322	1365
354	1351
351	1409
315	1217
325	1271
349	1230
312	1323
308	1208
343	1183
314	1180
349	1171
316	1262
347	1372
319	1281
353	1414
333	1292
346	1246
345	1189
337	1375
320	1337
372	1193
367	1269
329	1347
364	1332
334	1268
326	1320
326	1199
365	1288
301	1322
305	1479
344	1461
352	1268
281	1275
331	1326
332	1263
300	1215
323	1371
336	1535
330	1138
304	1383
326	1530
333	1494
392	1593
361	1483
368	1507
387	1670
369	1714
406	1917
371	1784
377	1825
391	1803
466	1627
433	1775
425	1609
411	1545
456	1631
543	1559
566	1690
545	1591
552	1585
616	1589
623	1403
659	1553
589	1573
608	1406
581	1609
599	1510
631	1423
651	1557
689	1333
699	1383
683	1646
602	1530
702	1410
811	1232
799	1119
834	1188
834	1283
756	1309
737	1416
744	1095
644	1086
682	1288
612	1244
540	1220
558	1334
545	1300
533	1100
503	1373
594	1265
601	1282
654	1326
624	1281
674	1316
718	1346
759	1321
830	1375
845	1407
922	1500
823	1449
840	1521
698	1681
680	1651
670	1365
630	1387
659	1607
562	1626
560	1351
547	1231
508	1528
563	1578
627	1275
617	1403
545	1287
423	1367
451	1517
429	1498
377	1375
358	1340
404	1270
344	1125
313	1244
362	1402
331	1442
347	1513
364	1447
366	1452
362	1247
381	1376
346	1150
340	1047
341	1092
371	1456
387	1240
402	1603
303	1819
319	1452
354	1471
340	1568
327	1387
302	1532
331	1394
348	1446
364	1598
367	1566
355	1429
321	1529
332	1698
346	1632
301	1457
358	1443
359	1410
328	1436
352	1347
324	1604
336	1387
334	1436
331	1546
365	1233
391	1343
395	1177
362	1297
364	1226
351	1195
390	1401
386	1258
373	1290
402	1371
388	1304
353	1312
348	1312
367	1421
426	1488
350	1515
328	1713
334	1611
376	1464
366	1604
316	1633
362	1542
330	1381
356	1456
270	1387
314	1316
392	1536
364	1506
306	1618
364	1550
336	1611
359	1813
364	1886
370	1632
350	1587
342	1169
366	1334
298	1370
343	1213
371	1227
317	1569
328	1508
339	1474
351	1546
341	1469
317	1303
349	1415
329	1554
353	1302
353	1203
382	1188
361	1305
365	1242
363	1225
360	1493
359	1369
343	1383
412	1430
390	1463
363	1574
356	1520
336	1241
392	1387
305	1385
293	1220
293	1365
296	1264
291	1380
290	1397
351	1421
369	1548
354	1378
287	1236
336	1014
304	1150
274	1172
344	1248
324	1382
358	1483
358	1385
312	1551
350	1524
326	1430
340	1576
356	1564
367	1689
346	1473
291	1462
303	1339
299	1484
379	1694
372	1555
307	1613
359	1643
367	1499
372	1493
363	1632
369	1516
368	1649
340	1346
335	1400
393	1514
316	1494
347	1756
338	1644
374	1547
368	1423
386	1525
347	1596
292	1632
318	1478
298	1459
309	1565
346	1334
388	1312
377	1390
347	1218
390	1255
340	1275
385	1466
386	1224
378	1405
365	1316
362	1444
388	1444
381	1367
430	1265
386	1206
399	1299
371	1251
345	1362
364	1297
365	1211
357	1209
366	1540
346	1280
364	1398
402	1576
345	1451
325	1499
361	1347
389	1465
366	1152
401	1269
437	1274
347	1495
361	1571
348	1824
421	1480
351	1598
389	1428
367	1285
445	1308
387	1238
409	1175
435	1439
410	1351
433	1311
443	1453
490	1610
517	1332
462	1436
420	1463
479	1453
732	1674
854	1465
889	1295
779	1300
1125	1416
1942	1182
2847	1465
3094	1495
2862	1308
2976	1243
3482	1398
4285	1371
4949	1269
4475	1347
4658	1214
5515	1464
5947	1403
5688	1482
5593	1653
5747	1495
5618	1284
5828	1383
5700	1139
5494	1125
5465	1257
5277	1125
4900	1272
4634	1270
5033	1331
5193	1343
5262	1351
5501	1571
5973	1484
5813	1450
4952	1399
4407	1408
5283	1239
5710	1086
5590	1188
5671	1182
5865	1373
5869	1427
4902	1438
4489	1172
4741	1198
4921	1360
4652	1458
3852	1824
3356	1382
3129	1476
2712	1439
2517	1617
2317	1651
1727	1705
1594	1586
1692	1708
1594	1636
1044	1499
790	1505
687	1531
667	1535
683	1642
582	1607
509	1700
420	1555
451	1643
502	1812
433	1675
410	1636
383	1613
386	1598
421	1444
375	1255
338	1464
353	1467
348	1432
361	1374
401	1500
354	1337
388	1335
420	1635
457	1480
451	1295
407	1318
435	1272
373	1279
361	1234
409	1341
421	1270
443	1331
475	1181
460	1246
472	1298
464	1352
481	1194
584	1127
566	1203
580	1336
674	1612
713	1319
747	1263
740	1291
694	1393
674	1466
620	1508
629	1493
626	1314
638	1381
621	1535
666	1465
563	1733
503	1755
509	1771
518	1519
480	1374
389	1310
396	1427
437	1394
461	1395
488	1313
455	1234
389	1317
395	1276
434	1244
453	1291
385	1429
389	1415
359	1725
366	1502
389	1551
377	1499
390	1477
304	1243
367	1332
393	1505
327	1420
365	1542
350	1489
361	1487
352	1402
328	1298
365	1341
340	1369
358	1148
335	1304
363	1561
389	1568
364	1431
367	1549
330	1569
327	1424
309	1521
363	1356
395	1473
403	1857
361	1365
361	1225
340	1398
320	1479
441	1650
421	1694
404	1610
365	1388
397	1619
382	1577
384	1579
364	1557
352	1427
370	1527
385	1571
329	1426
358	1387
332	1394
328	1467
309	1276
338	1297
376	1287
351	1216
395	1207
429	1304
438	1222
444	1294
451	1386
484	1298
474	1302
449	1309
427	1239
373	1350
421	1366
415	1285
390	1285
407	1103
383	1094
406	1209
393	1078
416	1193
399	1296
425	1366
379	1369
407	1720
432	1560
383	1531
432	1311
436	1397
497	1644
431	1397
463	1224
472	1353
488	1176
474	1181
456	1217
466	1358
427	1166
439	1313
392	1489
373	1511
404	1576
349	1333
416	1445
414	1318
377	1401
379	1219
361	1196
375	1162
372	1369
316	1206
364	1350
347	1452
353	1375
356	1462
346	1492
340	1547
402	1406
375	1237
429	1130
327	1070
357	1261
349	1326
349	1372
342	1438
365	1388
381	1657
371	1564
331	1685
343	1307
428	1482
407	1400
358	1544
410	1510
394	1425
356	1272
390	1454
420	1440
375	1648
382	1472
381	1377
362	1305
366	1316
385	1233
335	1415
373	1626
395	1522
412	1325
348	1545
301	1488
416	1309
421	1499
418	1354
417	1367
457	1201
442	1319
490	1229
451	1297
527	1413
490	1321
440	1569
469	1407
457	1498
536	1648
450	1499
467	1388
459	1434
489	1613
427	1653
470	1422
486	1413
507	1464
545	1494
521	1458
579	1508
544	1622
530	1641
550	1625
579	1613
519	1603
479	1524
486	1518
532	1642
592	1923
543	1440
527	1348
530	1381
629	1467
531	1424
555	1492
571	1374
569	1459
579	1410
613	1455
587	1165
609	1569
586	1183
599	1078
638	1303
689	1399
689	1274
711	1195
683	1484
661	1432
679	1385
704	1073
627	1116
679	1246
720	1371
648	1381
639	1383
693	1330
641	1442
641	1209
638	1353
585	1382
629	1317
658	1189
600	1292
585	1252
621	1378
621	1558
607	1359
615	1537
682	1457
644	1404
648	1401
625	1492
579	1641
642	1451
612	1614
675	1617
652	1706
627	1415
610	1469
599	1498
668	1456
555	1489
637	1409
637	1329
614	1588
561	1572
612	1465
588	1284
626	1325
631	1298
564	1097
523	1245
501	1397
541	1174
599	1390
552	1563
519	1513
597	1480
555	1200
620	1354
551	1292
594	1397
572	1509
590	1376
555	1573
553	1427
491	1376
445	1410
428	1232
486	1503
449	1576
416	1430
450	1584
423	1655
469	1656
481	1598
443	1420
392	1462
416	1369
435	1451
396	1402
387	1522
408	1372
407	1376
400	1307
379	1570
382	1517
387	1606
391	1273
336	1253
344	1524
330	1526
323	1335
368	1538
340	1700
346	1728
437	1498
434	1528
446	1788
351	1525
423	1715
423	1456
368	1483
354	1567
326	1522
388	1515
370	1841
396	1838
416	1586
345	1526
362	1295
370	1453
396	1599
374	1317
330	1246
316	1237
372	1497
395	1327
362	1247
364	1157
369	1160
382	1219
332	1175
355	1427
363	1383
392	1663
355	1600
403	1419
331	1299
332	1513
387	1545
388	1491
348	1474
371	1371
341	1353
379	1128
333	1321
400	1600
387	1620
352	1213
328	1226
346	1334
352	1581
355	1542
323	1493
376	1412
357	1349
370	1563
352	1473
378	1603
380	1756
406	1665
399	1603
378	1463
357	1456
431	1477
435	1604
433	1477
442	1526
432	1456
454	1437
431	1554
375	1244
405	1391
435	1177
418	1300
532	1289
560	1328
574	1500
546	1537
654	1041
688	1051
687	968
705	1154
786	1107
821	1051
883	1226
901	1252
895	1326
841	1415
870	1301
900	1302
882	1263
903	1248
902	1462
856	1390
904	1516
929	1519
930	1372
967	1517
895	1410
814	1143
867	1303
853	1326
890	1473
846	1370
777	1538
675	1402
600	1459
620	1434
682	1427
685	1415
605	1316
540	1433
580	1409
606	1528
626	1265
570	1272
597	1307
586	1253
681	1342
581	1431
551	1516
512	1442
457	1753
517	1711
480	1596
438	1384
436	1304
361	1592
423	1664
422	1791
477	1623
530	1275
502	1210
494	1380
488	1704
539	1380
589	1579
581	1310
526	1336
534	1155
550	1313
712	1571
736	1453
697	1372
691	1572
656	1341
853	1238
907	1363
872	1599
871	1465
958	1546
1065	1712
1202	1751
1058	1717
1147	1280
1140	1480
1141	1301
1233	1425
1136	1186
1013	1193
1066	1264
1230	1421
1109	1398
1236	1302
1181	1260
1291	1354
1358	1362
1588	1327
1638	1386
1745	1414
1771	1375
1881	1415
1847	1295
1990	1266
1896	1349
1981	1739
1883	1638
1871	1409
1687	1613
1598	1663
1546	1732
1531	1396
1540	1429
1424	1558
1403	1625
1455	1812
1324	1286
1476	1243
1452	1531
1439	1384
1489	1537
1599	1477
1597	1641
1597	1348
1441	1444
1541	1339
1422	1263
1475	1355
1345	1286
1220	1401
1120	1343
1291	1388
1206	1348
1047	1379
1014	1444
1100	1517
1118	1596
1179	1795
1232	1600
1133	1177
1107	1372
1154	1353
1091	1403
1055	1446
969	1544
928	1550
881	1505
917	1536
898	1514
828	1535
813	1517
802	1694
824	1305
788	1413
755	1491
727	1579
679	1642
741	1613
706	1336
602	1309
664	1477
580	1434
566	1479
550	1406
493	1630
478	1692
489	1801
554	1591
503	1594
554	1634
507	1664
465	1645
473	1653
460	1617
442	1552
354	1546
393	1707
373	1768
403	1375
350	1388
314	1454
384	1349
367	1362
381	1475
372	1480
335	1459
365	1493
350	1596
356	1358
351	1512
369	1677
364	1531
331	1418
380	1553
401	1517
419	1538
348	1290
412	1463
381	1378
384	1336
373	1351
363	1385
405	1327
428	1590
399	1380
395	1475
379	1365
388	1433
356	1597
403	1597
391	1581
395	1220
287	1322
332	1264
338	1398
313	1740
370	1740
324	1413
361	1549
384	1470
389	1482
361	1498
354	1444
329	1448
374	1649
335	1363
337	1509
318	1614
323	1381
335	1661
342	1460
332	1252
312	1318
341	1371
421	1522
351	1584
405	1697
338	1321
367	1360
385	1193
342	1301
339	1443
374	1457
353	1475
355	1185
400	1246
357	1367
367	1466
380	1538
389	1436
392	1431
372	1430
406	1375
373	1321
402	1254
387	1448
418	1612
356	1279
388	1368
373	1198
393	1380
413	1543
405	1598
388	1386
347	1261
353	1232
391	1417
422	1326
431	1299
408	1263
459	1219
413	1243
410	1285
385	1305
450	1332
450	1195
484	1247
428	1140
446	1331
409	1236
389	1344
403	1469
422	1126
463	993
387	1160
426	1218
452	1275
473	1264
452	1278
504	1105
413	1232
391	1122
399	1330
406	1347
375	1554
392	1338
412	1455
403	1458
419	1402
418	1312
423	1384
395	1612
417	1585
410	1724
434	1467
369	1626
406	1601
395	1210
452	1246
374	1484
374	1454
347	1404
343	1215
382	1129
387	1410
424	1383
390	1461
382	1484
374	1213
385	1316
332	1499
318	1506
354	1428
326	1507
394	1390
344	1352
306	1265
368	1497
341	1718
363	1252
357	1368
346	1434
344	1409
356	1275
318	1246
412	1438
363	1343
382	1299
392	1315
354	1450
375	1422
347	1383
331	1264
260	1277
331	1294
333	1238
339	1336
314	1259
315	1592
326	1602
386	1322
329	1289
393	1275
311	1352
309	1428
362	1395
353	1337
364	1326
361	1625
359	1706
312	1643
361	1683
368	1531
370	1502
335	1702
318	1583
330	1360
331	1634
385	1623
405	1386
379	1507
388	1673
339	1603
337	1486
279	1505
299	1363
298	1406
356	1234
327	1377
337	1217
372	1197
413	1326
418	1108
396	1350
408	1422
423	1462
408	1502
423	1576
384	1642
399	1454
400	1330
439	1282
412	1336
310	1346
323	1468
305	1262
339	1516
298	1357
360	1572
338	1605
368	1864
393	1491
384	1613
350	1463
365	1479
405	1525
415	1541
383	1294
376	1361
370	1494
391	1349
332	1588
337	1862
324	1465
289	1517
325	1227
310	1273
316	1441
289	1332
313	1277
356	1328
320	1192
380	1280
350	1454
367	1413
354	1424
315	1363
352	1417
325	1548
324	1395
343	1265
322	1566
266	1388
308	1236
334	1307
374	1341
374	1237
358	1412
326	1385
305	1438
341	1229
329	1432
328	1406
300	1293
262	1258
270	1566
329	1398
333	1263
373	1359
355	1215
344	1281
291	1194
297	1378
316	1545
351	1730
339	1366
308	1135
328	1370
346	1420
349	1467
320	1285
387	1433
372	1619
330	1510
347	1609
338	1561
339	1571
352	1256
347	1502
390	1371
349	1480
340	1406
283	1374
324	1378
335	1461
381	1561
390	1219
333	1330
358	1576
346	1369
319	1478
382	1449
337	1499
323	1538
269	1731
319	1449
360	1371
393	1634
363	1434
410	1288
322	1073
336	1038
339	1098
303	1168
312	1187
289	1170
303	1290
338	1405
368	1391
336	1436
354	1563
392	1454
414	1375
322	1376
351	1320
401	1323
365	1102
370	1309
403	1448
337	1254
327	1308
348	1357
383	1447
381	1282
346	1368
335	1207
347	1117
343	1209
346	1335
356	1260
361	1172
352	1130
331	1200
395	1237
392	1352
340	1479
324	1403
283	1538
346	1432
352	1400
377	1568
376	1583
367	1514
370	1541
372	1464
380	1508
368	1525
380	1365
361	1390
360	1269
368	1194
364	1384
343	1181
356	1328
440	1519
459	1336
387	1354
381	1453
339	1238
362	1264
407	1279
381	1490
411	1415
379	1225
372	1285
358	1282
350	1361
335	1645
328	1505
383	1416
410	1445
442	1426
387	1510
389	1615
387	1456
396	1494
414	1551
477	1480
385	1543
402	1476
371	1503
340	1382
346	1293
367	1366
366	1359
351	1354
388	1425
391	1409
407	1353
358	1288
339	1309
347	1305
347	1345
403	1473
372	1391
412	1425
429	1529
361	1435
362	1605
383	1524
370	1605
415	1422
428	1455
337	1580
329	1824
330	1467
314	1676
344	1545
368	1475
360	1538
327	1408
395	1332
357	1571
317	1366
321	1417
383	1392
381	1310
415	1224
365	1289
404	1138
394	1310
383	1241
379	1294
381	1156
401	1451
387	1342
379	1338
387	1426
358	1364
417	1359
350	1320
391	1400
324	1409
414	1252
352	1277
393	1218
339	1429
343	1560
396	1404
401	1314
382	1405
363	1368
442	1427
498	1473
363	1519
378	1582
411	1532
472	1477
417	1513
412	1472
446	1366
457	1467
477	1311
496	1487
464	1360
506	1377
590	1443
553	1611
569	1458
628	1485
759	1455
795	1721
767	1604
657	1532
686	1443
555	1438
535	1320
515	1422
580	1410
553	1664
551	1467
559	1436
600	1377
541	1392
579	1484
591	1260
644	1491
662	1353
680	1432
656	1438
674	1518
768	1476
800	1445
849	1542
780	1582
874	1620
878	1683
960	1448
971	1414
938	1330
860	1198
846	1329
846	1289
865	1130
967	1122
969	1161
1061	1173
1043	1216
1089	1210
1149	1344
1191	1366
1190	1482
1305	1571
1334	1372
1240	1738
1255	1807
1228	1510
1104	1340
1081	1495
969	1536
969	1594
967	1377
987	1448
815	1348
857	1279
891	1254
928	1228
975	1314
894	1355
928	1479
881	1537
907	1542
907	1280
881	1476
762	1379
787	1448
720	1270
700	1385
712	1487
593	1528
605	1374
575	1408
623	1506
594	1566
614	1389
569	1366
651	1487
608	1423
614	1334
615	1388
567	1592
623	1434
572	1269
578	1470
569	1374
623	1258
619	1423
601	1224
531	1273
569	1283
520	1328
574	1361
576	1366
548	1254
569	1352
573	1401
526	1550
595	1729
590	1522
614	1491
625	1422
581	1261
596	1422
574	1662
519	1617
512	1485
530	1533
544	1441
559	1745
560	1652
588	1416
619	1727
622	1605
579	1447
577	1286
539	1333
534	1271
524	1353
516	1333
504	1294
494	1456
496	1582
550	1534
533	1383
494	1175
564	1404
566	1306
544	1370
527	1407
590	1418
562	1532
545	1218
498	1317
512	1511
544	1539
480	1375
504	1582
380	1423
394	1398
385	1375
460	1325
404	1208
399	1141
401	1113
439	1267
453	1422
472	1402
433	1203
416	1163
441	1213
452	1136
478	1250
409	1307
394	1489
394	1568
450	1480
385	1383
404	1454
373	1328
411	1019
400	1301
359	1494
359	1239
421	1334
403	1533
414	1534
426	1283
428	1610
402	1449
348	1372
380	1400
399	1486
372	1471
405	1777
361	1391
372	1547
360	1584
361	1511
420	1427
393	1421
407	1500
361	1519
426	1634
393	1685
404	1434
410	1494
414	1590
357	1424
374	1409
333	1465
377	1332
363	1574
324	1459
305	1336
394	1602
374	1460
392	1356
343	1509
327	1500
327	1554
362	1621
336	1557
363	1440
320	1384
290	1234
343	1452
334	1518
360	1624
324	1576
338	1656
345	1763
325	1599
346	1510
368	1520
351	1554
397	1512
386	1623
380	1649
402	1437
351	1432
348	1412
388	1494
376	1466
344	1469
358	1623
368	1578
352	1693
320	1269
407	1451
376	1649
398	1335
316	1240
318	1463
338	1361
335	1482
328	1438
330	1477
338	1330
338	1668
302	1697
357	1810
354	1431
360	1264
288	1249
346	1376
344	1454
336	1334
342	1457
375	1353
343	1413
299	1526
305	1393
333	1474
348	1534
372	1349
317	1358
288	1440
340	1461
360	1643
313	1499
355	1819
336	1461
318	1263
308	1401
322	1312
304	1334
346	1440
368	1364
332	1339
345	1473
344	1730
323	1566
360	1544
310	1633
383	1554
411	1573
295	1391
367	1536
370	1543
339	1322
366	1551
335	1558
375	1705
342	1582
362	1736
368	1416
397	1355
354	1295
314	1193
323	1542
353	1526
344	1714
446	1441
393	1389
369	1423
361	1464
370	1591
379	1653
418	1744
378	1739
414	1904
433	1427
422	1344
403	1462
414	1422
439	1534
364	1571
419	1417
359	1398
409	1406
403	1321
457	1276
466	1255
455	1383
435	1571
501	1533
472	1415
441	1404
475	1461
440	1589
456	1648
495	1380
489	1393
430	1429
501	1419
562	1710
532	1771
540	1456
492	1423
557	1480
558	1500
519	1513
540	1677
438	1574
468	1373
488	1579
496	1445
493	1481
514	1400
472	1369
479	1367
486	1432
516	1427
501	1568
529	1480
531	1566
509	1500
510	1700
545	1482
498	1468
496	1624
446	1510
441	1437
479	1377
568	1416
523	1495
494	1433
501	1444
485	1567
494	1682
520	1397
493	1421
475	1257
486	1355
506	1483
496	1322
454	1405
461	1252
413	1411
466	1557
472	1650
490	1646
408	1708
388	1756
437	1496
483	1387
476	1264
430	1610
383	1387
393	1447
431	1391
386	1476
425	1272
387	1492
429	1454
429	1409
384	1345
382	1411
344	1529
356	1350
343	1490
388	1565
340	1606
357	1497
370	1432
355	1484
381	1293
354	1345
347	1395
379	1297
344	1302
340	1343
314	1359
287	1375
346	1431
311	1250
321	1428
349	1384
327	1443
398	1249
356	1362
371	1222
352	1194
322	1185
287	1224
299	1234
329	1373
334	1296
333	1311
342	1631
341	1502
339	1466
411	1392
322	1227
378	1604
365	1576
315	1565
328	1282
336	1450
342	1492
350	1567
308	1588
318	1179
307	1293
303	1310
341	1290
357	1282
329	1306
351	1236
343	1268
365	1081
348	1365
342	1509
274	1342
290	1402
322	1500
337	1362
304	1425
265	1479
243	1498
333	1258
291	1314
271	1388
327	1204
320	1273
309	1208
331	1420
354	1322
296	1359
272	1518
306	1487
278	1287
280	1278
337	1245
328	1273
308	1294
322	1271
363	1367
323	1294
349	1305
337	1241
298	1359
359	1486
338	1513
332	1411
302	1225
313	1371
332	1422
316	1654
320	1574
359	1413
340	1598
344	1456
310	1522
320	1384
360	1339
320	1348
307	1253
337	1272
308	1250
373	1293
340	1228
335	1245
338	1185
287	1248
291	1359
289	1303
307	1322
318	1355
382	1184
354	1328
289	1464
260	1426
323	1411
301	1691
285	1338
290	1540
321	1375
308	1467
305	1601
303	1381
324	1385
294	1552
331	1428
317	1388
342	1489
325	1532
333	1371
365	1321
348	1275
321	1299
340	1165
352	1379
404	1202
353	1306
335	1514
364	1691
396	1535
344	1583
380	1398
356	1337
404	1565
386	1510
347	1375
376	1320
383	1431
363	1553
309	1403
299	1308
364	1188
332	1187
306	1325
312	1540
302	1151
315	1609
373	1596
320	1291
300	1160
365	1416
386	1327
356	1216
348	1242
387	1131
400	1284
383	1442
314	1419
347	1206
321	1448
336	1317
339	1227
343	1309
346	1197
340	1216
337	1175
311	1219
347	1389
370	1337
337	1187
304	1223
316	1227
314	1181
341	1156
363	1182
337	1390
326	1407
325	1351
323	1226
362	1301
283	1387
307	1252
349	1268
303	1162
314	1150
329	1192
342	1177
289	1126
315	1316
319	1295
301	1401
321	1202
372	1339
361	1455
345	1451
353	1465
361	1376
333	1155
398	1460
337	1484
372	1257
309	1273
342	1363
341	1233
303	1292
323	1306
360	1517
335	1312
368	1431
376	1628
365	1511
358	1345
327	1185
372	1252
343	1498
343	1616
364	1522
324	1521
329	1740
355	1386
336	1448
349	1269
344	1218
355	1119
354	1271
308	1206
356	1413
344	1448
323	1373
361	1419
359	1525
330	1280
351	1160
328	1561
327	1499
301	1531
342	1418
348	1294
328	1247
368	1244
337	1408
369	1283
293	1284
319	1405
314	1332
324	1377
334	1288
335	1199
329	1335
330	1505
305	1358
437	1497
362	1249
343	1346
357	1305
353	1263
296	1177
288	1247
329	1275
303	1258
319	1384
360	1461
349	1377
303	1364
394	1448
335	1333
359	1414
332	1318
316	1450
329	1315
336	1581
295	1461
350	1411
324	1235
342	1083
315	1235
348	1380
322	1190
348	1160
331	1397
301	1266
357	1200
337	1170
278	1063
287	1102
341	1145
284	1373
288	1401
357	1459
330	1367
298	1343
306	1364
345	1629
335	1619
335	1621
369	1502
337	1488
339	1503
381	1505
320	1456
331	1536
339	1391
302	1237
302	1292
330	1553
329	1555
378	1614
347	1404
380	1326
365	1400
351	1275
358	1308
312	1031
302	1265
301	1413
373	1430
350	1574
364	1517
414	1571
431	1484
476	1432
480	1514
460	1514
446	1352
510	1486
481	1492
500	1551
447	1643
563	1280
558	1137
675	1356
618	1510
605	1593
659	1547
680	1282
757	1201
665	1282
647	1331
685	1361
728	1334
816	1273
765	1298
852	1058
814	1122
897	1052
1090	1222
1192	1393
1054	1440
1057	1457
1121	1329
1154	1410
1066	1551
1073	1241
1067	1410
1001	1581
939	1385
911	1489
981	1292
862	1116
890	1285
903	1359
976	1473
1034	1451
1120	1259
1252	1187
1202	1245
1108	1131
1090	1211
1169	1369
1201	1397
1174	1373
1054	1346
1005	1488
1059	1651
1005	1655
844	1656
842	1573
760	1396
785	1195
776	997
817	1155
698	1261
506	1306
583	1285
625	1498
587	1333
429	1260
389	1208
427	1258
494	1391
440	1634
422	1564
355	1397
346	1440
386	1537
398	1425
418	1462
386	1633
365	1557
410	1413
426	1476
375	1418
361	1561
396	1389
331	1338
359	1595
339	1457
338	1427
385	1498
386	1522
341	1631
375	1345
336	1524
344	1465
403	1364
351	1346
323	1263
316	1314
384	1323
377	1267
310	1510
369	1525
358	1517
347	1536
426	1400
348	1450
341	1569
340	1440
318	1528
334	1631
304	1433
334	1480
302	1433
367	1469
306	1361
323	1319
257	1206
327	1487
332	1594
321	1262
303	1369
325	1569
409	1908
393	1382
405	1592
418	1709
404	1507
351	1431
364	1547
326	1453
340	1618
391	1624
383	1789
329	1572
357	1576
337	1287
391	1310
401	1514
425	1444
421	1422
414	1788
372	1604
397	1364
409	1446
376	1264
350	1287
378	1199
343	1282
312	1375
359	1269
358	1493
364	1406
390	1633
372	1420
349	1522
333	1531
331	1388
326	1441
327	1461
336	1540
284	1301
310	1388
343	1593
326	1425
340	1511
390	1664
333	1490
358	1285
344	1543
286	1389
339	1658
322	1569
310	1657
293	1443
273	1708
314	1516
293	1526
306	1279
365	1424
384	1285
357	1480
368	1305
363	1608
374	1607
406	1386
379	1408
378	1314
360	1456
325	1382
319	1546
357	1285
326	1255
361	1442
355	1509
320	1645
362	1713
376	1699
360	1693
347	1964
336	1688
351	1645
335	1419
328	1164
302	1188
301	1312
353	1476
358	1250
353	1696
391	1428
335	1372
363	1459
385	1371
326	1650
315	1550
308	1539
338	1497
390	1459
377	1573
361	1449
373	1594
375	1599
389	1448
381	1549
465	1622
428	1692
412	1673
393	1424
397	1364
393	1547
390	1930
406	2066
409	1587
356	1381
436	1532
455	1547
447	1410
480	1442
487	1399
464	1483
481	1694
473	1584
464	1614
404	1622
436	1617
497	1730
459	1532
469	1657
460	1646
443	1516
477	1520
456	1424
473	1616
430	1431
435	1471
470	1361
442	1362
446	1368
472	1267
482	1424
435	1416
490	1627
430	1784
401	1540
421	1651
366	1403
376	1576
396	1621
379	1397
376	1454
441	1515
443	1435
392	1647
353	1473
365	1791
369	1597
381	1475
345	1304
396	1314
409	1386
436	1334
388	1266
469	1225
409	1289
379	1239
424	1450
383	1323
349	1427
369	1299
376	1367
396	1693
376	1167
383	1185
387	1216
406	1293
392	1370
399	1251
409	1260
422	1330
449	1397
437	1283
418	1353
405	1433
361	1601
396	1454
388	1369
399	1465
488	1722
506	1404
501	1410
543	1533
512	1347
545	1628
590	1561
726	1434
761	1325
751	1271
675	1283
736	1200
857	1276
942	1099
914	1297
917	1245
1018	1463
1294	1273
1672	1346
1474	1173
1519	1133
1905	1201
2569	1177
3632	1077
3879	1271
3545	1300
4174	1388
6203	1333
8314	1739
8528	1757
7594	1520
7925	1707
9182	1672
10775	1654
11599	1568
11843	1465
11343	1517
12379	1585
13348	1752
13673	1895
13781	1985
14102	1816
13954	1567
13990	1743
13908	1633
13497	1638
13625	1636
13170	1735
12942	1659
12782	1675
12770	1524
12615	1497
12734	1633
13517	1478
14374	1694
14638	1605
14475	1773
14446	1753
14757	1566
15365	1618
15610	1546
15408	1624
15067	1736
15168	1857
14782	1627
14394	1818
14543	1796
14186	1748
14114	1805
13583	1845
12763	1804
12783	1623
12764	1582
12836	1636
11981	1814
11190	1828
10916	1672
10799	1654
10575	1410
9463	1446
7657	1450
7172	1498
7286	1430
7238	1536
6390	1496
5796	1415
5325	1480
5251	1395
5251	1437
5025	1346
5472	1497
6214	1297
6578	1541
6090	1495
6499	1315
7793	1589
8711	1474
9140	1383
8937	1576
9254	1570
9631	1610
10247	1645
10230	1455
10285	1644
10151	1421
10288	1736
9874	1784
9692	1511
9542	1219
9445	1294
9053	1205
9156	1316
8771	1287
8743	1385
9013	1385
8727	1570
8421	1633
8070	1420
7948	1356
8144	1319
7730	1212
6846	1318
5788	1261
5120	1339
4935	1281
4583	1426
3888	1382
3198	1571
2707	1402
3022	1538
3234	1271
3133	1470
2571	1528
2178	1538
2088	1531
2176	1296
1988	1192
1783	1392
1548	1274
1678	1410
1769	1334
1796	1409
1534	1519
1309	1303
1257	1228
1204	1396
1239	1486
1093	1306
1033	1310
945	1362
1012	1458
1029	1365
962	1342
807	1402
756	1358
827	1555
842	1504
853	1435
861	1291
776	1391
774	1265
808	1281
741	1240
682	1378
703	1744
636	1429
607	1347
573	1431
577	1357
562	1405
557	1301
531	1385
525	1528
558	1445
566	1578
535	1452
546	1429
597	1494
554	1563
637	1368
579	1207
600	1273
564	1449
556	1487
536	1327
529	1630
563	1642
536	1508
604	1683
542	1430
534	1658
506	1686
526	1543
511	1596
524	1458
501	1312
531	1353
523	1494
549	1587
557	1575
560	1732
485	1632
531	1565
556	1330
485	1424
519	1666
532	1397
523	1359
509	1432
551	1500
450	1337
407	1604
391	1363
374	1448
365	1337
371	1363
414	1365
510	1521
513	1883
478	1628
440	1590
393	1599
392	1581
441	1393
426	1523
371	1323
398	1250
413	1380
380	1395
415	1412
351	1269
380	1286
357	1528
358	1219
415	1283
344	1298
337	1399
396	1202
388	1115
442	1132
399	1321
398	1487
415	1454
408	1477
425	1671
447	1701
497	1411
417	1528
408	1540
414	1468
408	1497
389	1300
408	1329
364	1677
376	1436
381	1412
386	1128
428	1282
366	1159
424	1196
394	1436
357	1400
338	1420
419	1247
332	1194
362	1367
351	1192
336	1442
415	1243
367	1221
383	1324
368	1376
399	1264
369	1553
346	1462
340	1261
414	1227
354	1268
320	1398
337	1419
359	1357
345	1327
304	1611
345	1591
287	1410
305	1479
335	1215
308	1146
310	1388
276	1265
381	1329
323	1388
306	1418
253	1466
284	1295
367	1437
341	1426
310	1293
349	1452
323	1287
383	1423
360	1290
365	1381
368	1382
380	1369
366	1343
331	1255
317	1399
361	1272
314	1386
321	1300
297	1384
313	1317
384	1372
340	1231
367	1092
358	1241
363	1441
358	1400
376	1305
358	1321
317	1366
370	1310
403	1562
422	1412
384	1481
371	1461
383	1467
366	1482
321	1410
348	1573
384	1437
384	1660
359	1271
356	1353
382	1446
385	1411
377	1393
366	1492
308	1499
365	1504
346	1445
385	1394
328	1490
371	1248
352	1261
358	1150
345	1272
390	1292
381	1173
424	1196
367	1160
388	1138
336	1153
348	1182
391	1339
418	1495
369	1726
396	1770
311	1560
399	1654
382	1387
403	1296
341	1288
329	1352
360	1502
340	1441
385	1524
355	1849
387	1544
377	1327
347	1428
338	1481
324	1719
336	1446
351	1493
368	1684
395	1832
284	1847
371	1708
378	1455
369	1405
353	1603
370	1388
354	1316
323	1288
310	1266
292	1263
365	1354
333	1540
340	1485
351	1670
349	1629
398	1474
386	1367
354	1257
307	1328
345	1365
397	1316
362	1282
385	1347
352	1311
344	1438
383	1337
346	1553
385	1597
297	1595
396	1474
309	1410
370	1284
348	1301
389	1682
332	1582
340	1487
309	1450
370	1135
332	1370
340	1557
331	1389
370	1390
362	1361
342	1380
349	1636
389	1558
348	1423
291	1397
293	1530
295	1469
351	1415
370	1519
387	1705
333	1624
311	1440
383	1341
351	1423
377	1401
395	1448
394	1500
391	1580
390	1536
345	1474
341	1505
354	1358
342	1467
388	1596
372	1517
339	1558
326	1432
322	1432
313	1268
335	1611
349	1632
376	1619
332	1541
394	1361
331	1523
352	1436
354	1458
339	1662
310	1675
355	1712
319	1961
342	2016
343	1879
322	2072
378	1807
308	1690
337	1854
322	1829
373	1628
360	1459
317	1369
318	1446
296	1469
341	1606
378	1430
372	1404
333	1417
361	1432
312	1225
343	1345
329	1297
339	1196
335	1380
378	1531
324	1566
344	1562
327	1523
366	1604
334	1455
378	1720
344	1460
375	1513
351	1446
308	1426
343	1402
341	1166
302	1370
337	1498
318	1348
323	1301
280	1212
312	1330
298	1527
269	1535
328	1376
342	1380
373	1551
334	1646
332	1623
369	1611
355	1514
358	1423
268	1378
315	1160
365	1172
377	1146
383	1235
371	1253
342	1223
354	1363
398	1175
348	1445
320	1547
345	1444
350	1357
276	1337
335	1258
320	1416
336	1424
336	1394
382	1447
303	1473
344	1500
287	1494
317	1484
338	1736
352	1429
351	1384
365	1276
322	1400
364	1369
321	1448
311	1542
327	1672
322	1607
339	1652
356	1571
354	1497
323	1709
387	1620
373	1548
440	1567
427	1554
374	1490
339	1427
381	1402
369	1708
386	1572
341	1302
320	1400
377	1380
379	1313
345	1413
354	1426
364	1447
363	1586
348	1534
325	1586
346	1452
304	1403
312	1250
332	1374
376	1267
419	1416
382	1451
325	1573
331	1654
405	1525
318	1383
370	1653
362	1722
352	1447
368	1228
358	1316
319	1291
372	1430
374	1370
392	1427
358	1545
395	1468
325	1593
418	1658
366	1652
371	1585
377	1645
411	1695
397	1655
381	1435
386	1609
331	1589
394	1612
417	1346
463	1528
456	1688
499	1792
441	1508
413	1273
457	1571
432	1423
464	1530
443	1690
407	1567
394	1621
401	1593
420	1420
369	1279
378	1291
364	1295
414	1426
423	1616
399	1387
420	1623
401	1683
388	1730
319	1498
354	1402
332	1402
348	1069
340	1233
329	1247
323	1345
334	1495
350	1334
300	1671
279	1634
342	1422
339	1616
328	1664
312	1955
319	1560
372	1642
366	1627
386	1450
356	1404
357	1580
360	1591
352	1427
358	1648
336	1390
294	1369
324	1694
305	1606
323	1468
334	1481
343	1531
330	1322
400	1343
423	1613
360	1445
371	1565
373	1528
348	1514
342	1477
372	1420
421	1570
379	1461
417	1508
363	1462
348	1559
370	1563
305	1523
372	1416
393	1390
372	1449
371	1320
350	1542
333	1505
313	1250
319	1345
362	1542
351	1313
344	1301
320	1452
311	1558
374	1615
354	1384
383	1168
335	1252
386	1316
384	1258
343	1563
358	1626
381	1674
321	1679
370	1453
352	1366
317	1444
322	1562
342	1296
383	1587
362	1627
364	1319
424	1414
374	1464
419	1483
333	1197
362	1081
321	1240
333	1278
340	1282
336	1193
409	1288
315	1231
303	1324
360	1446
352	1436
349	1070
287	1264
323	1667
362	1744
337	1514
375	1379
313	1221
347	1218
370	1374
318	1285
317	1296
352	1322
340	1178
403	1196
363	1330
376	1191
328	1164
369	1200
402	1351
374	1407
363	1288
363	1509
352	1493
342	1698
321	1422
357	1470
399	1710
360	1667
360	1561
347	1397
303	1420
381	1408
344	1464
333	1533
368	1319
320	1242
367	1649
426	1576
336	1325
358	1350
357	1494
343	1669
368	1476
337	1419
302	1550
325	1817
312	1760
326	1417
315	1523
323	1294
291	1441
301	1389
285	1358
304	1301
310	1253
322	1291
322	1441
324	1386
338	1413
329	1296
349	1535
315	1557
288	1449
298	1587
294	1378
319	1451
291	1319
338	1434
347	1547
332	1297
312	1171
373	1362
356	1414
370	1081
349	1312
333	1439
381	1475
352	1205
309	1406
279	1395
322	1190
310	1321
245	1172
297	1350
320	1499
288	1358
295	1325
323	1472
307	1574
282	1651
314	1764
318	1440
323	1370
316	1351
285	1334
296	1156
283	1193
293	1340
281	1246
303	1349
324	1309
319	1277
290	1260
301	1107
289	1380
301	1365
282	1289
327	1245
346	1198
366	1204
344	1234
353	1548
313	1355
341	1374
329	1164
264	1141
333	1258
325	1280
325	1250
304	1187
347	1220
338	1191
312	1083
270	1197
310	1366
278	1381
335	1232
310	1257
357	1329
344	1428
330	1347
344	1413
344	1476
303	1223
274	1132
277	1113
293	1154
288	1215
319	1290
344	1329
286	1296
324	1470
293	1475
307	1476
271	1302
283	1277
355	1148
320	1500
347	1564
349	1523
291	1357
320	1364
289	1274
296	1507
321	1566
316	1307
319	1257
322	1425
322	1541
359	1292
345	1393
363	1400
372	1754
389	1730
375	1618
328	1570
318	1512
313	1415
309	1429
318	1261
375	1419
323	1365
304	1277
346	1253
308	1356
375	1196
372	1257
309	1407
334	1482
355	1441
329	1580
364	1577
322	1472
301	1344
302	1366
359	1320
348	1462
333	1546
366	1462
352	1572
359	1451
325	1347
322	1297
337	1351
374	1423
366	1494
337	1247
309	1149
280	1330
360	1367
309	1187
326	1244
296	1374
304	1534
343	1501
317	1570
328	1550
301	1422
320	1551
334	1654
334	1513
347	1282
354	1541
328	1489
322	1325
305	1424
310	1317
329	1276
310	1303
322	1406
329	1698
333	1310
304	1300
338	1263
323	1306
337	1034
344	1096
363	1303
370	1301
320	1340
357	1152
380	1212
367	1365
380	1191
355	1149
284	1197
329	1487
324	1362
336	1426
296	1472
311	1421
352	1301
392	1296
339	1219
357	1492
359	1140
336	1124
333	1292
308	1249
347	1303
371	1349
325	1331
302	1584
322	1652
299	1485
316	1394
311	1174
297	1396
355	1399
310	1462
340	1257
307	1147
321	1123
321	1201
342	1496
325	1432
313	1161
347	1173
365	1231
388	1301
360	1350
348	1279
380	1313
363	1272
378	1373
339	1333
308	1312
301	1066
319	1214
347	1295
351	1376
354	1193
354	1240
344	1364
326	1175
329	1244
329	1254
335	1308
293	1291
338	1386
284	1270
340	1383
373	1265
324	1475
334	1503
374	1394
312	1295
325	1526
323	1476
321	1570
330	1593
288	1420
313	1610
349	1583
350	1743
287	1472
367	1754
313	1702
325	1544
279	1540
387	1573
411	1361
353	1510
351	1539
360	1279
384	1414
319	1229
316	1446
300	1235
322	1428
340	1341
297	1560
361	1208
357	1459
295	1312
374	1554
332	1464
347	1306
356	1377
297	1357
332	1272
331	1238
407	1221
362	1395
332	1520
372	1447
378	1299
358	1461
324	1388
310	1227
318	1367
262	1427
336	1256
334	1395
371	1247
347	1477
377	1284
389	1258
311	1259
316	1515
329	1235
355	1210
324	1193
365	1475
303	1231
367	1315
294	1260
286	1262
306	1288
336	1283
321	1280
334	1221
345	1350
316	1578
362	1433
334	1533
297	1496
334	1302
327	1397
360	1553
340	1496
390	1688
322	1422
345	1269
297	1341
358	1354
314	1283
370	1240
395	1198
362	1259
325	1351
314	1391
280	1240
332	1303
379	1227
384	1544
315	1393
322	1257
347	1239
344	1245
309	1215
341	1301
347	1385
326	1515
353	1280
384	1492
363	1669
368	1534
425	1517
365	1371
429	1587
393	1450
402	1385
421	1452
431	1398
402	1457
410	1471
426	1688
400	1553
396	1615
367	1525
354	1420
385	1566
337	1551
374	1500
360	1419
415	1625
373	1392
391	1430
352	1635
347	1515
350	1640
374	1391
369	1294
348	1438
355	1415
367	1333
336	1315
329	1227
345	1375
398	1263
401	1288
315	1557
329	1474
332	1347
332	1563
345	1549
376	1520
387	1480
369	1276
378	1420
361	1268
367	1281
379	1161
338	1344
327	1227
366	1268
347	1214
379	1216
323	1223
347	1343
379	1177
365	1406
369	1260
285	1416
307	1342
343	1285
346	1423
424	1386
331	1234
320	1383
359	1267
318	1423
299	1113
358	1362
393	1648
388	1509
374	1424
346	1313
354	1371
341	1535
381	1453
332	1632
330	1489
345	1404
337	1536
362	1601
362	1408
349	1608
307	1455
355	1539
306	1505
330	1663
348	1354
368	1488
320	1538
374	1444
391	1476
370	1539
392	1438
407	1287
414	1200
391	1127
369	1028
339	1119
379	1255
365	1176
327	1081
356	1378
348	1118
345	1276
336	1313
381	1619
383	1644
374	1457
300	1433
320	1498
325	1586
352	1250
326	1347
331	1239
371	1227
355	1284
378	1431
342	1155
341	1058
377	1227
396	1233
420	1467
349	1571
355	1537
378	1625
368	1623
333	1731
324	1518
314	1399
315	1229
371	1241
374	1272
349	1550
368	1465
375	1544
339	1523
351	1109
348	1367
310	1416
378	1498
374	1514
385	1323
357	1146
347	1204
362	1245
394	1154
375	1218
407	1334
374	1257
362	1113
411	1316
436	1534
410	1253
398	1264
416	1434
381	1308
362	1318
349	1198
322	1168
350	1399
373	1338
377	1519
368	1234
372	1370
372	1447
366	1400
351	1461
338	1248
382	1264
340	1560
326	1516
358	1584
398	1308
358	1358
439	1189
420	1237
409	1392
403	1322
415	1408
410	1248
398	1351
425	1338
416	1491
464	1236
398	1256
450	1397
412	1205
446	1215
480	1279
386	1005
442	1091
420	1439
392	1465
441	1294
456	1396
395	1305
426	1212
442	1192
436	1348
462	1376
403	1376
443	1276
460	1336
444	1239
474	1233
432	1182
426	1198
397	1244
432	1117
405	1232
415	1362
461	1237
415	1333
470	1357
477	1563
422	1379
401	1442
416	1596
455	1580
464	1453
466	1306
436	1209
457	1415
462	1337
456	1260
398	1262
458	1315
429	1236
442	1401
478	1330
479	1293
455	1450
417	1248
433	1281
439	1233
468	1284
425	1124
427	1258
463	1248
452	1374
458	1291
427	1440
430	1434
446	1503
426	1256
466	1179
416	1406
414	1545
447	1364
480	1294
491	1569
468	1426
416	1447
432	1381
467	1352
422	1410
461	1421
439	1386
450	1225
480	1284
438	1320
420	1428
471	1415
454	1575
391	1497
473	1396
465	1365
446	1272
457	1370
458	1403
442	1404
460	1534
467	1454
415	1368
478	1435
473	1377
445	1346
474	1536
503	1458
461	1357
445	1336
456	1355
453	1307
478	1241
471	1356
484	1235
434	1146
506	1193
429	1457
477	1541
443	1476
490	1611
455	1588
407	1402
457	1430
448	1183
444	1231
418	1223
506	1461
463	1439
451	1319
429	1358
468	1494
463	1488
519	1434
461	1172
497	1198
480	1268
472	1439
472	1246
501	1107
472	1301
431	1156
473	1292
511	1253
492	1416
484	1468
489	1491
481	1295
498	1501
512	1486
483	1622
544	1533
463	1499
541	1639
518	1661
497	1395
519	1462
491	1638
459	1617
454	1468
549	1391
538	1320
545	1095
561	1133
587	1213
535	1176
539	1258
535	1405
571	1484
563	1420
597	1410
594	1269
596	1348
578	1390
704	1384
681	1493
670	1491
672	1204
635	1294
656	1309
705	1241
665	1192
714	1381
726	1297
666	1459
762	1434
772	1160
804	1242
793	1295
832	1387
804	1137
889	1095
898	1065
837	1176
873	1475
936	1278
1069	1417
984	1375
1088	1513
1041	1311
1027	1343
1187	1230
1232	1076
1148	1211
1175	1323
1176	1269
1240	1284
1272	1325
1264	1347
1219	1422
1314	1803
1308	1448
1474	1474
1484	1338
1440	1047
1470	1077
1501	1312
1502	1257
1623	1322
1785	1259
1762	1314
1902	1319
1908	1265
1909	1166
1861	1302
1875	1393
1852	1296
1760	1448
1780	1329
1632	1436
1727	1408
1562	1354
1642	1369
1683	1561
1687	1387
1733	1241
1843	1207
1906	1107
2033	1180
2095	1453
2169	1664
2093	1461
2195	1366
2115	1300
2109	1340
2041	1187
2023	1196
1982	1321
1902	1496
1812	1290
1807	1428
1780	1440
1866	1459
1841	1507
1907	1197
2121	1354
2103	1228
2110	1290
2079	1287
2059	1380
2090	1386
2097	1384
1995	1469
1928	1448
1788	1376
1896	1397
1756	1123
1669	1227
1493	1281
1390	1355
1354	1251
1398	1301
1387	1450
1346	1322
1220	1408
1276	1191
1347	1155
1377	1338
1413	1486
1206	1208
1344	1427
1326	1340
1297	1243
1349	1202
1253	1190
1272	1478
1128	1364
1127	1356
1081	1302
1055	1119
940	1294
915	1322
972	1160
926	1266
891	1329
807	1328
907	1435
876	1254
939	1243
861	1325
870	1246
779	1257
891	1159
844	1044
779	1156
702	1215
710	1349
726	1300
660	1316
674	1254
561	1262
579	1468
618	1499
594	1567
562	1530
477	1446
460	1363
452	1289
462	1265
420	1149
433	1352
340	1425
374	1358
347	1416
335	1420
335	1354
345	1365
335	1523
383	1824
350	1633
345	1429
343	1773
363	1448
340	1417
304	1421
357	1395
349	1531
322	1384
365	1462
384	1313
405	1379
396	1394
327	1408
376	1349
355	1444
329	1140
321	1256
322	1227
354	1352
328	1236
338	1238
347	1289
341	1216
385	1310
341	1224
360	1186
362	1134
392	1206
375	1616
388	1576
312	1500
314	1589
337	1635
297	1492
329	1374
334	1395
313	1365
330	1234
321	1374
341	1416
355	1351
361	1382
382	1256
338	1344
329	1290
360	1318
363	1318
388	1267
313	1305
334	1286
296	1293
327	1272
312	1258
363	1219
348	1191
351	1310
342	1364
339	1171
362	1279
374	1355
361	1502
387	1457
301	1336
373	1292
327	1445
391	1553
386	1363
384	1499
399	1484
392	1342
418	1296
411	1263
448	1348
486	1460
507	1533
556	1439
518	1561
530	1657
579	1298
532	1322
610	1129
562	1188
624	1595
611	1393
547	1406
419	1483
348	1292
345	1351
399	1512
368	1604
303	1544
366	1475
338	1307
360	1210
375	1303
325	1628
321	1568
314	1659
314	1464
296	1648
313	1353
337	1534
366	1579
325	1627
332	1587
374	1436
312	1348
302	1360
295	1371
280	1624
355	1293
314	1148
362	1411
388	1195
346	1355
316	1409
365	1326
356	1261
320	1473
285	1364
245	1318
311	1388
314	1476
289	1385
352	1468
337	1365
309	1214
313	1196
295	1566
344	1582
355	1217
317	1088
333	1065
314	1357
355	1120
313	1113
303	1161
338	1247
325	1095
341	1373
295	1380
327	1309
306	1246
310	1468
263	1347
313	1216
322	1218
377	1494
348	1563
366	1167
411	1085
359	1214
388	1446
362	1236
407	1610
381	1494
391	1524
362	1604
343	1568
339	1554
339	1480
372	1466
331	1481
297	1430
327	1219
372	1441
321	1552
279	1585
347	1469
303	1309
278	1529
298	1569
361	1628
318	1283
321	1209
330	1353
360	1410
306	1294
356	1386
365	1561
383	1583
370	1617
409	1382
423	1511
377	1620
389	1612
373	1524
356	1419
349	1500
342	1553
337	1430
339	1403
369	1393
389	1637
324	1293
389	1501
362	1355
349	1315
323	1092
309	1046
315	1189
378	1341
330	1325
316	1224
345	1249
304	1251
344	1248
337	1363
320	1491
333	1316
314	1329
313	1430
309	1458
344	1342
347	1329
383	1252
370	1530
329	1360
340	1415
335	1368
407	1444
371	1387
314	1508
310	1641
332	1432
320	1650
336	1310
338	1430
313	1579
295	1617
338	1457
343	1484
399	1379
336	1389
345	1294
318	1143
296	1569
313	1397
336	1490
331	1644
347	1466
380	1458
355	1181
327	1261
338	1219
361	1331
317	1366
330	1472
369	1361
332	1384
296	1467
327	1596
320	1474
305	1471
279	1316
288	1474
311	1437
304	1277
301	1337
292	1345
313	1376
345	1228
329	1191
352	1068
