255	1324
254	1217
274	1268
297	1171
260	1173
278	1421
317	1447
299	1172
243	1288
257	1291
276	1309
255	1194
269	1306
274	1462
284	1625
229	1420
203	1332
268	1030
277	1263
212	1475
304	1481
289	1323
276	1406
322	1315
290	1296
270	1362
269	1560
249	1601
297	1554
271	1577
255	1501
299	1342
231	1226
255	1150
277	1477
231	1158
267	1228
243	1042
282	943
264	1060
300	1135
296	1126
251	1181
262	1199
264	1333
226	1213
285	1269
277	1449
246	1335
253	1269
240	1249
242	1132
255	1058
270	1207
272	1471
243	1568
239	1245
270	1543
273	1255
257	1294
270	1271
260	1420
255	1365
265	1393
254	1489
265	1532
305	1330
254	1452
249	1329
260	1420
245	1435
273	1392
282	1451
300	1371
315	1520
314	1368
279	1534
275	1525
311	1624
262	1419
290	1328
272	1456
267	1372
242	1427
289	1270
353	1195
359	1363
402	1469
401	1174
377	1122
404	1105
356	1126
368	1091
339	1193
356	1346
299	1246
244	1154
314	1087
348	1179
311	1183
266	1185
259	1187
269	1277
253	1279
251	1312
278	1178
261	1205
293	1451
260	1326
284	1247
291	1154
295	1187
288	1219
272	1093
238	1219
248	1380
254	1266
255	1344
261	1454
249	1584
272	1470
234	1376
226	1499
234	1420
257	1428
269	1484
270	1620
309	1532
285	1454
281	1446
267	1586
224	1482
277	1312
273	1113
246	1154
307	1221
265	1358
292	1264
320	1524
280	1681
263	1391
300	1349
269	1165
289	1529
259	1627
307	1313
286	1334
294	1478
248	1232
279	1203
263	1282
315	1292
263	1101
267	1195
292	1278
268	1098
286	1231
256	1316
274	1379
301	1377
286	1218
285	1186
307	1301
260	1219
277	1270
374	1246
313	1138
303	1284
307	994
262	1173
265	1128
333	1250
293	1145
292	1308
274	1245
283	1318
311	1226
255	1294
314	1190
279	1201
305	1206
327	1270
321	1188
318	1176
272	1427
302	1421
281	1283
306	1424
297	1254
282	1553
258	1380
294	1304
265	1155
286	1292
289	1545
283	1450
276	1329
286	1187
270	1248
250	1418
257	1254
304	1254
288	1272
267	1231
273	1065
263	1419
254	1091
251	1083
260	1307
228	1325
251	1306
255	1473
290	1496
260	1319
262	1314
275	1351
305	1371
274	1504
288	1593
300	1428
299	1425
292	1605
273	1381
242	1281
247	1222
267	1241
241	1407
286	1511
238	1176
275	1297
253	1100
242	1208
259	1194
241	1337
297	1586
278	1472
247	1336
259	1172
248	1094
291	1076
237	1239
239	1601
275	1661
235	1287
270	1330
246	1195
240	1172
262	1259
248	1087
230	1219
292	1367
291	1658
282	1356
254	1413
233	1339
256	1243
276	1402
263	1044
269	1168
261	1074
249	1131
243	1113
233	1101
258	1055
273	1193
259	1532
281	1747
277	1291
250	1297
259	1269
266	1346
259	1294
257	1544
250	1128
249	1291
246	1444
247	1246
291	1279
267	1064
275	1121
302	1122
260	1110
252	1012
228	1227
240	1105
238	1194
282	1109
271	1180
232	1088
246	903
255	869
235	1115
269	1102
230	1140
250	1102
224	1203
237	1311
276	1204
226	1266
227	1230
263	1448
238	1297
302	1477
323	1131
287	1151
320	1211
269	1429
300	1433
288	1251
268	1314
253	1496
278	1487
288	1429
293	1270
311	1473
285	1401
252	1468
273	1407
275	1333
271	1155
287	1297
266	1111
250	1024
272	1239
255	1205
210	1204
261	1392
268	1437
258	1229
263	1261
234	1318
242	1211
287	1349
279	1163
242	1117
242	1379
265	1172
248	1317
264	1174
302	1326
257	1533
262	1467
237	1392
252	1433
212	1453
218	1290
255	1253
251	1136
248	1144
235	1135
240	1151
262	1228
271	1154
237	1204
220	1128
252	1309
260	1190
249	1309
242	1304
245	1275
220	1203
205	1189
261	1179
282	1082
291	1137
285	1185
230	1033
223	1118
200	1171
234	1116
247	1278
252	1398
256	1567
252	1337
227	1201
250	1301
240	1309
293	1343
297	1219
276	1245
258	1270
260	1261
262	1463
244	1188
263	1113
292	1275
270	1419
319	1364
307	1218
309	1259
315	1380
317	1298
319	1377
295	1322
296	1419
318	1277
259	1247
317	1186
299	1116
319	1136
320	1203
265	1226
290	1318
294	1480
323	1439
324	1391
305	1288
324	1219
375	1216
423	1321
377	1239
330	1563
339	1240
390	1302
443	1102
407	1198
443	1405
408	1411
374	1414
451	1313
463	1328
437	1278
392	1240
364	1367
412	1314
463	1250
414	1341
436	1491
459	1324
452	1194
379	1187
473	1317
439	1290
456	1438
411	1375
416	1171
402	1087
395	1231
405	1300
365	1266
312	1351
326	1100
315	1167
322	1361
330	1379
312	1572
265	1406
284	1599
286	1452
323	1439
329	1378
306	1512
295	1548
342	1436
368	1440
353	1351
296	1517
254	1332
276	1340
302	1318
290	1125
257	1173
255	1306
313	1165
256	1251
306	1348
305	1408
284	1454
233	1324
317	1323
265	1209
251	1185
260	1272
271	1437
290	1224
324	1232
286	1309
273	1336
261	1409
247	1091
257	1194
267	1251
265	1491
227	1295
272	1037
321	1185
276	1100
247	1145
278	1219
279	1134
290	1151
280	1050
279	1187
259	1189
259	1266
241	1262
287	1305
279	1442
264	1420
308	1373
260	1247
276	1205
310	1341
263	1303
261	1337
278	1208
302	1225
299	1316
278	1301
298	1223
308	1202
265	1270
281	1311
307	1376
269	1370
270	1151
256	1316
291	1387
235	1364
296	1282
271	1449
301	1389
317	1486
281	1463
276	1245
278	1220
248	1387
252	1283
257	1570
257	1551
260	1446
289	1510
211	1576
270	1637
266	1479
277	1364
260	1276
270	1318
293	1289
253	1191
289	1139
258	1188
272	985
273	1114
256	1183
270	1080
273	1236
248	1185
281	1345
262	1515
304	1480
276	1386
266	1501
310	1557
294	1349
287	1531
285	1530
307	1517
234	1564
296	1591
310	1377
277	1283
290	1226
277	1325
292	1528
221	1355
262	1245
233	1449
275	1175
228	1296
242	1359
274	1279
235	1253
242	1233
241	1313
278	1410
283	1329
284	1297
272	1162
268	1087
265	1016
276	1075
286	1245
271	1231
252	1211
252	1214
237	1418
292	1398
254	1573
295	1757
242	1551
283	1569
307	1229
273	1304
293	1296
244	1404
250	1282
294	1411
288	1588
207	1567
294	1322
270	1437
272	1344
250	1171
224	1118
301	1099
309	1157
306	1165
293	1198
267	1362
282	1214
280	1111
257	922
272	1120
258	1150
277	1049
272	1018
278	1068
287	1027
265	1338
247	1259
269	1000
266	1150
246	1160
203	1215
217	1149
296	1274
235	1200
216	1114
271	1135
252	1077
241	1220
262	1163
244	1185
273	1223
252	1259
316	1318
287	1332
276	1453
279	1359
236	1399
280	1180
268	1345
236	1072
242	1223
235	885
287	1084
297	1194
275	1430
287	1077
286	1020
241	1305
254	1472
291	1422
271	1458
261	1361
289	1356
256	1293
254	1237
250	1396
275	1396
248	1257
287	1445
285	1264
273	1455
257	1337
302	1312
260	1224
248	1207
262	1308
265	1119
274	1375
241	1195
246	1159
268	1256
264	1345
237	1317
279	1468
272	1564
256	1553
292	1441
266	1471
262	1458
273	1543
284	1589
284	1357
279	1402
295	1210
313	1103
277	1288
285	1318
274	1451
319	1363
249	1259
248	1275
331	1381
248	1379
234	1384
243	1405
259	1502
235	1453
252	1522
269	1541
268	1304
251	1466
290	1191
282	1152
257	1221
285	1370
249	1222
243	1397
290	1424
279	1409
264	1356
254	1485
264	1235
281	1080
255	1245
226	1107
255	1010
228	1037
218	1115
230	1194
224	1001
233	1231
290	1311
243	1318
252	1373
250	1222
251	940
296	1182
236	1102
252	1127
255	1395
267	1296
266	1161
250	1096
282	1181
233	1404
274	1325
263	1399
219	1252
249	1142
258	1179
262	1265
278	1295
207	1259
262	1211
243	1203
259	1443
225	1292
244	1100
250	1220
258	964
260	990
298	1130
272	1029
270	1081
285	1121
260	1081
288	1425
271	1435
314	1382
247	1315
302	1324
250	1191
293	1124
275	1236
241	1096
262	1094
285	1134
288	1290
298	1300
286	1222
282	1202
259	1129
291	1341
233	1248
268	1318
289	1365
272	1395
266	1158
258	1063
238	1079
271	1002
247	1149
215	1069
253	993
253	989
255	1061
264	1228
276	1232
289	1196
288	1386
279	1340
269	1235
275	1361
266	1303
293	1217
293	1300
235	1205
308	1280
282	1405
263	1314
245	1353
255	1230
278	1305
288	1207
268	1447
296	1491
276	1464
314	1301
320	1326
286	1481
277	1430
263	1500
270	1187
250	1368
270	1404
312	1372
270	1486
279	1237
258	1283
247	1278
313	1306
283	1244
266	1266
293	1452
271	1547
301	1196
327	1126
297	1042
255	987
268	1138
286	1106
264	1051
329	1331
312	1299
312	1212
286	1245
338	1329
328	1482
273	1458
292	1232
277	1337
260	1181
274	1217
311	1371
296	1034
312	1173
303	1176
300	1169
304	1104
326	979
306	1265
316	1362
329	1347
279	1536
293	1522
296	1534
311	1380
270	1407
285	1311
302	1253
265	1278
306	1286
311	1348
316	1289
289	1254
306	1284
265	1131
305	1202
256	1486
282	1308
260	1415
293	1429
293	1359
303	1412
319	1241
348	1352
348	1473
337	1381
381	1330
371	1449
384	1572
329	1515
339	1603
384	1584
383	1368
321	1375
340	1508
319	1498
282	1543
296	1344
295	1476
275	1391
278	1276
291	1405
248	1296
343	1166
283	1293
323	1584
289	1608
291	1531
292	1596
296	1421
288	1433
287	1475
312	1226
307	1442
339	1305
296	1211
319	1329
326	1215
310	1317
274	1418
350	1281
323	1427
294	1347
266	1228
313	1267
281	1718
254	1570
287	1632
245	1547
307	1508
281	1405
283	1458
301	1424
288	1595
302	1375
285	1368
319	1298
270	1547
274	1399
283	1342
306	1333
287	1482
325	1252
299	1189
297	1170
305	1417
291	1500
341	1437
325	1352
313	1179
307	1447
296	1411
299	1520
238	1401
305	1725
278	1382
291	1377
317	1278
299	1446
303	1471
315	1454
271	1390
297	1239
241	1451
277	1367
289	1256
279	1424
296	1185
243	1260
244	1283
301	1571
277	1552
271	1314
311	1231
297	1336
292	1363
287	1158
280	1349
294	1317
279	1270
298	1185
300	1137
315	1317
300	1137
263	1254
291	1150
286	1179
302	1213
295	1430
238	1401
306	1374
332	1224
288	1226
325	1251
343	1295
288	1279
323	1416
317	1203
322	1272
345	1217
334	1110
324	1124
332	1067
336	1245
326	1175
318	1342
378	1374
311	1221
361	1452
342	1437
299	1182
293	1076
334	1215
354	1404
330	1451
342	1309
347	1271
310	1356
321	1371
308	1348
358	1356
315	1297
345	1360
334	1267
311	1406
305	1542
307	1477
348	1358
306	1236
336	1352
320	1280
317	1348
350	1189
342	1182
317	1147
315	1170
326	1347
336	1289
337	1171
315	1358
302	1290
366	1436
330	1307
307	1245
372	1055
319	1183
270	1239
316	1078
311	1270
318	1298
301	1237
263	1144
305	1375
282	1455
254	1427
298	1465
330	1383
270	1540
262	1130
282	1090
297	1250
243	1342
277	1296
261	1132
256	1192
285	986
277	991
269	1027
319	1076
286	1166
286	1326
288	1311
303	1403
254	1231
283	1224
242	1167
243	1132
256	1342
270	1222
278	1441
265	1228
261	1228
301	1297
292	1232
280	1136
306	1176
334	1190
289	1095
300	1081
282	1159
343	1176
294	1187
280	1252
306	1122
290	1042
319	1206
288	1220
314	1251
304	1341
309	1468
255	1481
277	1422
254	1327
303	1376
302	1355
302	1053
303	1111
270	1093
263	1470
325	1158
310	1303
284	1362
294	1316
279	1358
279	1239
303	1490
245	1382
297	1342
275	1310
259	1050
252	1247
243	1249
288	1280
248	1188
247	1146
246	1213
263	1194
228	1058
247	1161
274	1079
300	1127
249	1253
286	1402
259	1271
310	1398
274	1216
307	1213
277	1051
254	1114
283	1392
282	1266
275	1185
292	1229
246	1304
262	1336
257	1281
257	1274
319	1498
322	1367
276	1277
328	1434
300	1432
271	1188
250	1180
253	1302
275	1235
266	1100
321	1295
307	1189
298	1186
270	1115
258	1463
280	1234
273	1395
259	1388
272	1224
302	1291
264	1277
296	1066
316	1375
290	1432
307	1491
341	1341
247	1352
292	1150
285	1250
270	1288
242	1091
268	1235
242	1377
298	1244
299	1223
272	1239
258	1432
285	1597
294	1496
272	1272
283	1427
293	1398
254	1449
262	1273
251	1242
288	1413
310	1502
292	1351
300	1358
296	1270
347	1373
300	1445
276	1309
314	1528
331	1426
277	1383
267	1284
257	1230
279	1208
281	1332
300	1251
267	1189
288	1281
294	1271
299	1305
283	1376
277	1222
276	1275
312	1278
249	1306
313	1432
320	1243
333	1479
310	1423
329	1310
292	1053
287	1362
263	1285
305	1145
280	1160
295	1157
268	1256
288	1474
348	1444
307	1438
268	1270
279	1313
266	1349
234	1340
302	1453
272	1332
287	1282
306	1243
268	1331
261	1234
284	1238
246	1372
260	1448
286	1271
273	1202
268	1215
249	1403
253	1329
318	1279
310	1362
290	1311
274	1199
257	1195
333	1305
271	1078
263	1201
259	1358
279	1330
257	1506
273	1342
281	1572
275	1517
237	1440
282	1314
302	1183
256	1372
293	1456
322	1182
283	1220
334	1204
277	1221
297	1454
288	1470
286	1469
263	1184
284	1135
283	1310
259	1215
296	1242
273	1518
315	1311
295	1354
342	1357
321	1281
297	1126
296	1156
318	1368
278	1260
267	1250
298	1283
252	1422
276	1237
260	1297
280	1248
320	1076
301	1252
298	1369
316	1306
347	1488
327	1443
292	1355
307	1307
300	1030
265	1168
246	1137
289	1197
263	1100
317	1153
328	1144
276	1173
270	987
267	956
296	1135
277	1187
271	1241
294	1239
288	1263
251	1116
286	1030
238	1173
270	1334
288	1461
289	1391
284	1226
261	1198
312	1366
280	1323
271	1383
262	1495
298	1190
277	1136
286	1164
276	1075
294	1352
275	1220
276	1053
324	1233
341	1252
300	1526
306	1546
320	1153
329	1125
330	1233
308	1242
317	1307
278	1174
285	1153
270	1166
297	1338
310	1223
307	1161
329	1252
303	1234
316	1279
352	1325
333	1065
318	1314
291	1325
336	1360
277	1443
279	1193
297	1329
280	1265
321	1222
300	1342
327	1326
308	1292
297	1122
300	1320
334	1312
332	1231
292	980
302	1290
367	1363
310	1353
322	1349
350	1372
303	1323
319	1231
312	1122
322	1186
310	1095
376	1306
320	1444
353	1223
306	1227
329	1324
277	1175
320	1176
344	1078
332	1116
337	1255
336	1241
383	1235
361	1329
297	1273
357	1253
322	1200
361	1396
330	1178
296	1228
319	1174
297	1072
324	1131
346	1581
336	1409
341	1143
310	1172
378	1411
372	1389
393	1634
379	1396
369	1373
378	1419
381	992
358	1281
367	1347
423	1483
431	1494
390	1247
370	1177
350	1212
400	1196
400	1035
375	1057
372	1075
430	1055
355	1088
445	1217
381	1399
405	1425
405	1185
468	1377
413	1279
442	1310
476	1302
460	1313
461	1516
456	1300
456	1155
500	1256
472	1257
466	1282
449	1311
481	1129
521	1143
470	1349
504	1431
511	1219
509	1272
529	1100
522	1159
534	1157
506	1333
524	1260
578	1237
565	1185
555	1068
597	1130
569	1255
554	1285
562	1283
519	1624
585	1511
582	1310
510	1241
571	1395
609	1391
510	1282
549	1365
477	1199
499	1187
543	1248
593	1122
620	1393
625	1409
540	1297
575	1209
528	1122
605	1258
666	1472
576	1661
555	1403
529	1507
508	1499
532	1450
509	1331
497	1250
475	1380
516	1353
496	1273
489	1278
447	1192
476	1212
503	1352
529	1563
489	1222
521	1202
497	1018
471	1186
493	1201
513	1232
442	1260
451	1303
430	1074
462	1108
443	1194
447	1308
466	1175
449	1331
470	1287
442	1409
403	1406
403	1274
422	1294
398	1259
446	1191
433	1271
419	1182
414	1191
435	1068
374	1207
430	1187
389	1503
434	1293
392	1140
390	1429
386	1528
381	1459
355	1215
375	1452
373	1444
386	1167
400	1161
412	1260
379	1318
396	1490
388	1147
389	1168
397	1241
378	1270
373	1278
390	1201
355	1267
375	980
376	1104
325	1101
401	1147
399	1404
432	1474
369	1479
344	1577
321	1796
324	1445
374	1462
374	1457
355	1233
341	1319
379	1391
353	1568
328	1299
339	1271
330	1240
359	1378
347	1347
301	1433
312	1543
361	1434
388	1401
368	1363
359	1254
342	1350
329	1560
361	1339
382	1336
381	1399
400	1405
463	1388
366	1311
348	1566
408	1571
530	1530
540	1391
518	1349
466	1217
501	1179
503	1484
461	1563
502	1487
508	1224
514	1604
399	1705
414	1664
463	1560
408	1398
444	1308
380	1326
361	1210
346	1096
350	1074
334	1366
334	1478
313	1213
325	1329
318	1193
366	1079
341	1020
320	1142
320	1353
348	1463
380	1434
336	1226
355	1086
388	1144
340	1114
285	1126
330	1229
337	1196
307	1084
343	1227
319	1290
356	1229
340	1240
324	1374
318	1285
393	1460
330	1272
341	1194
323	1065
305	1207
344	1290
361	1167
354	1347
301	1397
312	1345
293	1391
339	1164
373	1282
340	1530
306	1274
347	1193
295	1348
353	1173
321	1224
333	1063
298	1199
345	1163
297	1135
314	1348
378	1458
382	1455
364	1310
323	1252
351	1301
322	1253
308	1116
357	1117
342	1308
297	1218
316	1199
327	969
311	962
315	1005
296	1233
339	1153
326	1232
312	1288
374	1243
351	1208
326	1048
351	1050
324	1139
345	1482
316	1205
328	1238
352	1325
334	1165
333	1249
390	1115
381	1129
384	1283
361	1278
319	1162
327	1121
378	1174
352	1046
323	1004
369	1099
362	1170
408	1051
358	1019
344	1023
301	1219
305	1025
359	1115
328	1141
360	1039
342	1134
384	1130
354	1037
409	1028
382	1085
352	996
412	1152
389	1181
344	1217
369	1224
343	1123
378	1229
359	1149
380	1324
310	1466
358	1399
378	1315
346	1156
378	1090
366	1214
363	1193
359	1127
362	1139
325	1243
346	1208
347	1335
336	1401
326	1251
342	1218
307	1247
328	1172
312	1032
344	1116
318	1121
255	1173
360	1238
391	1309
400	1053
358	1161
432	1242
456	1216
511	1186
502	1188
517	1318
603	1324
575	1353
670	1369
557	1255
559	1220
573	1185
556	1093
476	1119
410	1523
442	1410
376	1259
394	1115
317	1341
307	1063
372	1137
400	1074
389	1239
338	1339
350	1381
414	1184
389	1234
402	1396
354	1322
299	1233
292	1405
305	1517
302	1451
314	1404
286	1540
274	1551
310	1314
289	1356
303	1289
243	1679
277	1552
283	1402
313	1396
296	1301
295	1202
295	1344
280	1431
244	1164
288	1203
323	1302
291	1224
291	1466
274	1358
315	1146
301	1260
303	1310
241	1207
247	1449
269	1317
253	1106
284	979
253	1147
281	1433
312	1259
295	1440
306	1497
315	1403
282	1305
328	1044
291	1336
298	1310
298	1203
278	1367
273	1229
280	1136
290	1082
288	1259
275	1310
258	1489
290	1431
290	1549
338	1149
319	1120
318	1210
309	1210
307	1190
315	1245
301	1193
307	1058
281	1292
304	1284
276	1280
256	1275
301	1395
295	1245
256	1300
283	1355
292	1328
287	1128
306	1171
262	1381
260	1322
273	1508
255	1441
276	1466
292	1268
315	1218
287	1206
268	1282
305	1309
305	1032
250	1165
259	1314
255	1094
341	1195
306	1023
313	927
324	1154
320	1253
295	1139
344	1017
319	1016
321	1201
313	993
334	1122
340	1155
326	1233
344	1391
404	1355
345	1140
408	1094
423	1151
389	1157
334	1273
335	1516
319	1192
325	1189
350	1408
370	1249
333	1434
389	1520
356	1372
340	1391
380	1168
335	1148
342	1183
355	1358
345	1119
407	1175
402	1220
434	1207
441	1321
400	1291
484	1326
523	1444
521	1320
451	1223
439	1236
533	1087
713	1084
646	1269
580	1138
496	1281
507	1280
668	1599
732	1327
676	969
679	1097
633	1196
637	1133
680	1128
631	1254
608	1223
632	1371
482	1404
387	1331
314	1392
343	1532
353	1414
373	1399
315	1323
345	1207
315	1440
348	1355
366	1256
298	1044
277	1286
255	1098
299	1007
288	969
266	1323
339	1238
313	1306
298	1368
280	1293
290	1401
274	1156
329	1202
269	1342
302	1536
291	1439
280	1618
271	1592
270	1594
296	1446
311	1651
299	1381
269	1276
319	1153
313	1287
297	1381
243	1445
304	1477
297	1623
324	1432
273	1422
306	1402
279	1381
295	1552
276	1790
253	1600
321	1432
287	1203
292	1474
281	1375
296	1679
280	1519
276	1424
319	1424
330	1507
320	1295
288	1198
271	1248
286	1095
283	1032
300	1348
309	1195
276	1058
268	1190
276	1184
291	1288
303	1239
314	1267
298	1336
252	1414
283	1360
294	1213
272	1200
309	1467
339	1292
287	1346
284	1193
258	1217
256	1217
277	1216
260	1184
298	1364
300	1246
288	1351
284	1132
270	1241
345	1478
272	1229
273	1376
278	1379
266	1233
267	1246
254	1220
260	1302
297	1136
294	1272
269	1182
293	1188
258	1191
298	1205
301	1247
263	1395
306	1497
302	1588
280	1469
300	1209
287	1295
274	1123
263	1111
299	1085
279	1003
283	999
245	1103
271	1234
263	1140
333	1090
293	1166
305	1224
289	1270
292	1079
279	1276
245	1237
272	1127
304	1088
276	1043
294	1021
307	1001
281	1087
321	1158
248	1087
288	1043
332	1009
277	1113
319	1020
336	1161
362	1081
317	1287
279	914
318	1199
315	1145
331	1244
248	1064
286	951
309	1141
295	985
303	1192
329	1210
268	1267
287	1356
302	1403
302	1074
267	1068
290	1093
274	1093
295	1213
268	1070
278	1022
277	1179
310	1156
311	1105
345	1140
306	1229
333	1200
317	1309
352	1202
318	1455
335	1388
287	1428
314	1428
306	1194
296	1217
299	1281
272	1280
260	1400
260	1350
332	1385
302	1451
288	1210
248	1414
315	1387
308	1493
253	1463
332	1428
264	1343
322	1422
299	1432
285	1423
320	1195
295	1247
319	1341
275	1278
303	1382
295	1204
296	1280
277	1226
249	1328
297	1343
242	1291
270	1239
280	1367
323	1353
267	1179
291	1371
329	1268
285	1243
292	1351
264	1327
307	1445
336	1298
304	1366
271	1287
283	1185
291	1305
259	1236
308	1215
276	1176
292	1125
305	1215
294	1341
299	1232
299	1251
307	1366
300	1508
327	1468
296	1380
275	1468
265	1224
287	1330
289	1538
318	1329
286	1357
297	1235
309	1332
265	1541
279	1541
251	1502
299	1533
284	1498
274	1420
304	1575
297	1705
315	1854
348	1606
343	1485
255	1399
292	1376
333	1334
310	1430
313	1182
294	1341
276	1516
295	1331
306	1286
294	1187
315	1244
309	1359
286	1446
288	1310
301	1251
291	1479
248	1293
338	1323
315	1369
308	1238
313	1209
275	1342
286	1563
313	1467
299	1125
305	1262
309	1324
291	1299
297	1200
295	1414
226	1275
274	1450
239	1317
269	1455
288	1308
303	1551
274	1507
270	1322
344	1482
295	1431
283	1416
313	1188
324	1325
329	1434
311	1441
310	1255
321	1353
291	1251
319	1098
300	1253
304	1207
325	1318
318	1102
248	1195
301	1211
300	1357
309	1367
313	1354
296	1504
305	1522
301	1349
285	1243
323	1156
276	1131
279	1176
305	1027
271	1145
275	1208
247	1154
325	1206
319	1392
299	1325
349	1391
330	1394
323	1185
315	1080
321	1318
344	1446
321	1468
312	1348
278	1427
312	1543
296	1411
314	1558
311	1352
256	1347
313	1394
260	1404
324	1418
292	1328
337	1416
311	1228
305	1115
294	1346
296	1418
290	1402
326	1486
299	1357
293	1519
269	1512
278	1480
323	1463
310	1524
274	1255
275	1435
287	1446
328	1359
338	1273
305	1253
313	1294
305	1177
314	1222
305	1298
283	1074
296	1315
273	1348
328	978
306	1163
302	1184
260	1215
296	1012
330	1194
296	1255
231	1323
273	1312
321	1156
274	1230
284	1423
285	1232
324	1193
288	1381
319	1237
225	1260
268	1273
243	1298
269	1176
313	1272
285	1330
276	1327
248	1271
267	1348
290	1261
286	1326
305	1209
274	1281
268	1291
281	1429
286	1345
273	1254
310	1324
309	1372
274	1307
290	1454
268	1338
324	1091
290	1321
305	1153
299	1224
326	1367
265	1221
248	1151
299	1374
310	1414
327	1221
279	1304
290	1394
267	1398
313	1286
263	1230
354	1400
292	1227
290	1165
266	1258
267	1280
248	1173
274	1179
281	1044
314	1110
304	1135
288	1161
313	1146
316	1076
317	1341
293	1293
268	1224
279	1318
289	1407
283	1323
271	1178
255	1136
274	1153
288	1294
287	1429
252	1227
342	1282
261	1272
311	1226
284	1153
294	1213
276	1335
303	1200
343	1462
322	1355
280	1230
289	1209
280	1206
315	1100
259	1054
281	1197
335	1225
345	1225
328	1267
316	1168
336	1183
345	1307
347	1220
337	1203
313	1186
315	1164
342	1095
353	1147
301	1313
298	1196
381	1316
303	1482
346	1249
301	1307
296	1320
335	1223
343	1320
313	1398
318	1407
308	1355
301	1171
281	1379
308	1466
377	1306
367	1349
378	1172
337	1295
305	1274
406	1382
396	1322
397	1230
376	1374
381	1617
378	1180
445	1100
507	1251
429	1224
454	1278
506	1203
474	1111
553	1303
524	1308
494	1236
495	1295
545	1284
675	1273
593	1334
617	1231
639	1181
630	1220
683	1205
763	1200
682	1308
710	1173
749	1123
767	1193
794	1096
663	1088
738	1573
761	1550
755	1559
815	1717
721	1553
763	1436
804	1515
876	1509
920	1229
921	1160
928	1145
873	1172
847	1138
854	1043
878	1078
781	1002
782	1116
863	1227
824	1179
732	1217
791	1406
733	1308
706	1289
670	1254
735	1214
676	1514
694	1355
661	1356
655	1429
666	1478
676	1418
642	1397
610	1284
681	1172
907	1349
907	1137
802	937
844	980
1065	1055
1423	1150
1519	1211
1429	1006
1191	941
1266	1013
1717	1079
2057	1273
1799	1195
1600	1105
1848	961
2827	1105
4095	1152
4407	1214
3377	1332
3591	1269
5269	1224
6897	1334
7516	1394
6681	1572
6447	1404
7744	1421
9424	1608
9822	1566
9208	1505
8528	1519
9293	1738
9768	1601
9861	1878
9620	1464
9440	1399
9630	1195
9898	1121
9828	1247
10106	1197
9814	1180
9978	1209
10305	1172
10630	1267
10421	1148
10337	1355
10082	1232
10187	1409
10244	1239
10053	1157
9894	1156
9410	1184
9757	1254
10075	1209
9931	1247
10134	1188
10229	1279
10034	1334
10136	1340
9952	1310
10054	1326
10289	1285
10272	1279
10416	1591
10365	1378
10292	1305
10178	1455
9710	1365
9458	1303
9433	1231
9473	1378
9343	1366
9115	1533
9783	1393
10271	1270
11071	1228
11201	1322
10887	1356
11013	1261
11369	1406
11459	1369
11486	1447
11757	1455
12291	1339
12241	1446
12139	1344
12146	1255
12228	1472
12389	1464
12248	1504
12009	1533
11950	1412
11768	1496
11945	1502
11815	1208
11995	1205
11936	1304
11600	1160
11755	1122
11661	1297
11502	1215
11249	1169
11100	1133
11071	1054
10982	1155
10795	1304
10909	1114
11006	1178
11135	1211
11200	1204
10991	1422
10640	1369
10231	1344
10159	1278
9938	1291
9158	1281
8837	1339
8183	1245
8535	1260
8924	1282
9206	1349
8525	1348
7837	1310
7993	1399
8351	1359
7812	1509
6619	1304
5999	1230
5816	1317
5873	1334
5422	1223
4192	1460
3352	1425
2997	1348
2942	1388
3012	1516
2487	1475
2172	1354
2270	1446
2609	1251
2932	1313
2682	1297
2196	1133
2174	1179
2247	1303
2361	1317
2215	1038
1758	918
1487	1056
1331	1064
1432	1053
1189	1205
887	1184
729	1243
679	1279
782	1242
775	1050
663	1182
614	1286
645	1270
793	1218
771	1063
639	1195
474	1168
446	1300
462	1305
502	1369
432	1265
368	1433
349	1156
366	1157
374	1175
355	1233
288	1120
285	1317
275	1263
314	1386
301	1527
255	1452
276	1338
286	1350
336	1239
292	1193
331	1300
296	1259
333	1265
320	1309
290	1355
282	1441
336	1299
323	1300
323	1367
310	1359
333	1370
310	1448
301	1486
303	1734
289	1713
282	1517
322	1450
370	1418
372	1169
365	1133
342	988
348	1112
320	1161
348	995
282	1096
265	1120
268	1312
258	1178
264	1247
279	1190
270	1300
277	1132
276	1104
264	1006
288	1151
276	1347
299	1384
319	1335
283	1297
270	1252
241	1134
301	1278
318	1317
296	1265
324	1195
271	1287
253	1284
272	1150
282	1334
283	1396
253	1291
305	1456
241	1345
228	1434
269	1461
280	1455
272	1467
264	1442
251	1481
238	1368
261	1264
263	1255
277	1202
291	1534
281	1209
292	1199
294	1236
259	1140
290	1123
301	1141
331	1120
281	1010
253	1196
255	1294
258	1270
289	1297
254	1157
282	1360
283	1359
240	1286
245	1549
277	1115
258	1103
250	1285
289	1258
271	1354
268	1364
271	1316
299	1315
266	1206
285	1304
286	1254
273	1105
270	1098
271	1250
273	1370
322	1350
285	1187
272	1162
244	1103
262	1115
273	1207
256	1137
259	1171
245	1074
260	1175
269	1214
278	1295
277	1434
283	1217
270	1441
267	1179
272	1314
257	1220
297	997
296	1342
339	1272
274	1242
266	1170
291	1379
318	1126
322	1210
308	1270
279	1306
279	1278
312	1160
286	1096
271	1031
259	1141
303	1270
324	1151
270	1164
254	1072
277	996
238	1084
272	1140
273	1225
257	1067
286	1123
301	1165
317	1052
284	1099
271	1166
266	1276
272	1075
272	1181
289	1353
251	1255
293	1393
263	1541
278	1205
283	1219
259	1243
299	1042
275	1116
287	1037
284	1101
279	1126
270	1124
244	1155
281	1279
309	1276
296	1195
264	1171
240	1321
270	1229
274	1304
246	1280
247	1273
282	1157
293	1130
292	1019
264	967
258	1094
284	1223
302	1038
289	1088
273	1297
276	1096
242	1223
308	1416
283	1334
300	1448
255	1532
247	1632
263	1526
271	1410
257	1435
332	1536
272	1413
251	1397
255	1369
309	1292
264	1310
257	1448
243	1464
274	1504
240	1645
270	1376
318	1281
270	1301
261	1217
274	1390
274	1474
248	1488
272	1225
275	1158
252	1226
244	1156
296	1124
303	1125
300	1250
299	1311
279	1343
302	1371
233	1433
288	1294
294	1508
314	1312
328	1236
362	1460
343	1318
336	1300
288	1503
314	1335
286	1363
263	1171
277	1202
306	1427
285	1396
249	1293
241	1275
252	1267
260	1149
267	1230
281	1226
265	1162
234	1141
304	1040
258	1005
286	1138
298	1158
276	1330
268	1257
270	1248
259	1343
261	1303
277	1257
322	1123
258	1174
316	1167
306	1478
290	1395
284	1429
300	1446
219	1414
240	1250
268	1346
268	1113
236	1099
244	1135
279	1237
259	1330
260	1285
249	1139
299	1281
310	1344
274	1385
278	1418
240	1129
268	1141
308	1189
235	1189
278	1215
256	1427
281	1466
298	1448
259	1658
315	1341
284	1341
301	1210
277	1328
263	1251
282	1529
285	1387
283	1188
316	1216
284	1160
325	1089
297	1194
316	942
302	1045
303	1162
283	1163
286	1260
286	959
304	1181
306	1025
292	1272
281	1297
301	1329
291	1211
310	1278
302	1464
298	1431
314	1271
307	1726
324	1508
299	1163
278	1243
284	1560
246	1368
279	1387
247	1403
265	1356
309	1225
283	1337
281	1249
249	1472
297	1372
300	1201
310	1169
292	1243
269	1388
255	1367
276	1408
295	1553
303	1478
260	1309
257	1300
246	1435
313	1281
317	1130
292	1179
349	1040
340	1293
280	1126
315	1279
308	1612
321	1487
313	1358
307	1534
298	1615
305	1177
273	1213
339	1230
316	1296
271	1318
314	1188
312	1127
277	1155
260	1169
287	1121
289	1166
296	1171
313	1321
303	1182
309	1119
295	1176
290	1097
326	1249
309	1071
267	1015
273	1041
296	1101
289	927
276	1116
262	995
265	1146
309	949
319	1126
304	1103
292	1287
279	1349
266	1489
290	1365
270	1468
284	1346
298	1235
270	1448
297	1411
315	1462
307	1073
299	1349
300	1415
306	1528
271	1386
269	1351
241	1442
258	1372
285	1251
258	1360
330	1300
319	1194
302	1129
336	1301
302	1265
297	1407
312	1214
269	1225
319	1211
266	1246
287	1311
231	1265
335	1238
288	1167
264	1293
281	1377
295	1471
259	1559
291	1376
277	1479
270	1178
275	1306
332	1219
271	1246
247	1260
270	1231
297	1253
245	1327
249	1361
285	1368
294	1366
315	1307
283	1267
264	1383
269	1513
284	1332
255	1311
289	1323
292	1135
278	1214
258	954
257	1105
275	1425
239	1208
260	1444
251	1235
256	1183
282	1233
279	1291
297	1167
300	981
278	1132
316	1020
281	1259
284	1390
262	1330
280	1004
301	1139
277	1357
303	1285
289	1132
296	1472
282	1240
290	984
301	1071
333	1135
275	1442
302	1280
307	1321
375	1384
388	1504
392	1268
339	1188
450	1301
537	1129
638	1257
617	1060
630	1173
589	1201
741	1294
741	1292
646	1193
697	1300
654	1166
745	1301
724	1208
759	1117
839	1117
843	1294
1014	1433
1184	1598
1304	1621
1248	1253
1171	1304
1517	1285
1783	1281
1918	1310
1853	1385
1748	1261
2275	1261
3060	1404
3617	1306
3158	1245
3161	1442
3854	1270
5153	1410
6006	1453
5822	1403
5542	1453
5493	1318
6481	1339
7161	1280
7619	1398
6947	1534
7106	1384
8377	1230
8549	1021
8616	1193
8709	1145
8270	1018
8351	1128
8496	960
8230	1228
7753	1312
7764	1106
7974	1124
8239	1041
8897	1316
8873	1123
8388	1159
8863	1108
9269	1168
9644	1256
9577	1344
9416	1425
9404	1532
9646	1351
10036	1152
10181	1233
10008	1444
9598	1365
10136	1432
10402	1313
10563	1110
10381	1211
10329	1249
10366	1515
10508	1502
10614	1591
10659	1603
10746	1516
10967	1630
11556	1365
11636	1397
11438	1766
11471	1617
11503	1512
11636	1304
11406	1128
10989	1382
10907	1188
10795	1269
10657	1406
10101	1185
9883	1111
9870	1280
10113	1422
9294	1184
8088	1136
7710	1159
7963	1083
7988	1158
7097	1289
5869	1128
4896	1297
5487	1317
6143	1398
5425	1299
3877	1271
3230	1308
3208	1369
3539	1291
3449	1374
2722	1194
1984	1175
1980	1216
2034	1069
1954	1106
1268	1057
715	1048
626	1028
550	1179
541	1176
503	1299
405	1260
378	1131
375	1222
463	1313
387	1217
340	1279
331	1118
301	1110
299	1249
311	1197
275	1176
259	1006
272	1189
288	1101
307	1218
311	1266
316	1311
269	1550
272	1234
245	1236
265	1316
248	1208
208	1100
239	1113
254	1061
245	1087
307	1243
281	1218
256	1079
265	1145
234	1254
240	1376
219	1116
245	1190
242	1216
228	960
260	996
263	1243
261	987
253	1163
264	1255
281	1137
246	959
244	1145
265	959
286	1107
262	1177
266	1206
250	1163
277	1144
284	1160
276	1310
247	1252
307	1297
296	1181
305	1199
339	1389
319	1236
301	1247
296	1372
312	1326
326	1142
318	1168
328	1329
327	1223
317	1230
306	1081
329	1069
307	1155
305	1387
278	1323
319	1372
328	1135
277	1177
338	1238
308	1362
294	1199
308	1300
282	1143
305	1300
319	1389
302	1232
309	1354
284	1213
288	1304
296	1311
299	1038
249	1032
263	995
242	1105
276	1048
287	1086
288	1080
290	1096
325	1167
260	1033
254	1100
276	1154
287	1244
246	1178
255	912
242	1145
279	1262
239	1235
282	1145
275	1361
257	1440
275	1179
284	1199
255	1361
273	1219
282	1340
247	1365
271	1242
260	1189
272	1189
232	1185
280	1304
271	1481
264	1363
332	1352
261	1255
234	1364
254	1167
304	1029
283	1124
277	1298
259	934
270	1096
286	1174
300	1227
304	1536
274	1489
281	1273
288	1497
317	1390
276	1361
298	1094
250	1226
260	1208
281	1171
284	1252
292	1279
256	1055
254	1143
253	1339
287	1485
264	1292
257	1269
282	1275
297	1358
308	1349
276	1341
285	1207
307	1142
260	1386
324	1256
358	1487
308	1333
305	1126
284	1238
356	1402
349	1351
296	1318
310	1182
297	1068
339	1207
395	1278
350	1253
362	1165
355	1177
408	1307
475	1093
540	1140
437	1220
423	1328
419	1328
377	1260
421	1171
461	1050
510	1184
760	1095
842	1252
680	1107
489	1149
485	1237
476	1115
371	1113
370	1269
312	1077
388	1025
419	1220
374	1211
314	1421
350	1134
333	1315
294	1329
275	1246
284	1067
266	1137
284	1259
284	1335
274	1376
286	1244
260	1305
247	1135
260	1285
259	1163
243	1308
246	1102
256	1092
261	1114
254	1178
276	978
263	952
286	1137
245	1036
268	1044
225	1064
279	1206
302	1474
281	1309
254	1403
257	1311
285	1132
265	1274
296	1305
291	1601
292	1207
275	1254
251	1235
284	1301
247	1124
260	1246
290	1221
286	1302
268	1090
258	1177
288	1124
277	1225
268	1396
274	1443
277	1172
277	1228
254	1089
282	1018
324	1258
287	1390
302	1339
281	1089
258	1240
278	1290
278	1135
290	1307
295	1244
253	1212
277	1108
306	1129
283	1255
244	1347
275	1098
262	1141
277	1024
292	1099
239	1034
259	1060
279	1142
271	1222
301	1299
290	1337
311	1195
297	1244
275	1319
305	1332
275	1514
278	1409
270	1427
246	1353
286	1206
298	1177
276	1133
264	1228
275	1191
281	1078
272	1107
276	1139
318	1076
287	986
273	1145
312	1145
285	1160
248	1239
312	1377
318	1458
304	1103
344	1246
337	1085
316	1164
307	1278
333	1352
347	1393
329	1218
263	1268
293	1272
287	1352
325	1593
365	1449
355	1306
305	1331
324	1421
338	1244
284	1177
316	1310
333	1245
277	1285
318	1275
346	1190
271	926
346	1125
348	1188
322	1120
299	1134
326	1454
293	1290
345	1160
378	1269
334	1426
362	1413
360	1421
295	1250
288	1185
291	1262
322	1234
360	1191
342	1281
343	1266
374	1329
366	1459
366	1336
424	1334
367	1121
364	1103
376	1214
409	1273
391	1352
366	1291
353	1504
322	1418
357	1236
327	1298
322	1285
319	1213
308	1242
323	1381
338	1236
287	1210
325	1347
301	1288
370	1176
318	1216
344	1165
343	1259
332	1313
357	1433
306	1350
331	1287
290	1190
333	1226
343	1251
319	1414
318	1400
316	1164
322	1048
283	1143
258	1234
280	1190
297	1419
320	1379
301	1400
305	1294
331	1282
321	1450
312	1474
335	1581
272	1403
328	1720
320	1489
308	1438
305	1376
311	1428
328	1388
293	1317
316	1311
319	1462
320	1435
287	1303
299	1185
309	1106
284	1246
321	1304
275	1108
267	1154
272	1108
252	1431
279	1443
284	1153
268	1113
292	1308
296	1181
326	1366
297	1371
284	1219
308	1303
286	1105
289	1122
241	1268
252	1117
241	1150
249	1396
273	1654
319	1485
313	1368
310	1334
304	1095
262	1067
269	1110
299	1187
267	1277
266	1227
302	1221
277	1566
276	1446
278	1180
271	1310
304	1170
296	1260
271	1505
271	1484
322	1284
303	1106
276	1296
298	1292
309	1330
268	1351
258	1034
277	1117
275	1524
239	1439
260	1409
268	1367
268	1254
301	1406
267	1173
275	1045
269	1160
267	1088
301	1093
292	1268
280	1255
268	1327
279	1337
275	1107
329	1093
297	1004
296	1057
290	1051
305	1183
294	1259
285	1280
275	1326
294	1403
233	1131
290	1348
255	1076
266	1140
258	1308
292	1250
271	1311
251	1401
264	1130
304	1102
274	978
247	865
244	1256
275	1213
286	1207
295	1088
317	1148
268	1216
314	1043
273	1084
349	903
320	1189
309	1348
365	1264
337	1050
321	1147
325	1229
323	1365
350	1228
326	1203
384	1235
444	1329
439	1420
444	1256
412	1420
436	1301
400	1270
369	1180
374	1185
355	1338
372	1250
353	1245
362	1157
335	1149
373	1149
374	1167
369	1179
380	1257
283	1144
324	1169
362	1012
301	983
306	1149
298	1113
312	1034
318	1120
295	1001
316	1007
282	1177
278	1132
311	1061
282	912
327	1148
299	1111
327	972
318	1119
276	1008
308	1125
309	1171
316	1145
342	1181
277	1341
313	1290
328	1181
283	1042
288	1192
289	1271
275	1475
249	1343
246	1232
273	1363
258	1221
293	1544
253	1452
293	1428
330	1102
265	1203
282	1320
325	1364
284	1169
273	1105
302	1173
295	1093
279	1093
285	1018
318	1020
309	1074
313	1217
290	1241
290	1311
281	1387
282	1264
305	1249
307	1411
322	1296
314	1353
361	1446
305	1485
311	1263
291	1377
282	1274
332	1171
333	1267
340	1252
345	1301
356	1042
356	1076
296	1174
350	1132
310	1228
321	1281
302	1086
267	1109
319	1282
316	1288
342	1288
350	1440
370	1476
355	1312
330	1290
341	1551
395	1386
393	1497
333	1315
405	1372
383	1581
442	1440
370	1466
391	1783
416	1639
399	1492
432	1205
431	1347
430	1169
416	1090
404	1177
444	1166
435	1190
499	1072
447	1240
472	1463
441	1773
480	1535
460	1353
456	1487
455	1381
559	1399
497	1229
486	1165
515	1294
484	1259
397	1381
365	1308
374	1213
321	1550
350	1530
322	1536
338	1277
339	1186
343	1271
395	1208
370	1365
383	1253
378	1239
378	1373
387	1479
361	1307
363	1347
335	1442
345	1358
355	1495
388	1389
390	1183
338	1105
353	1038
312	1280
301	1208
288	1422
338	1100
336	1217
358	1180
320	1327
355	1276
375	1241
333	1223
289	1343
321	1168
298	1189
334	1224
314	1146
363	1206
328	1450
332	1326
315	1254
309	1114
355	1017
305	1021
345	1094
305	1312
279	1127
333	1170
293	1206
288	1128
278	1380
308	1301
279	1391
304	1271
316	1382
323	1228
305	1117
304	1108
305	1372
283	1237
294	1085
293	1141
307	1203
274	1070
264	1162
295	1131
257	1307
280	1263
290	1319
290	1178
284	1361
311	1641
283	1305
284	1086
245	1283
302	1254
251	1276
257	1431
281	1227
274	1258
263	1198
282	1267
219	1294
249	1321
240	1161
271	1265
221	1216
239	1132
241	1239
241	1263
249	1138
245	1084
264	1088
285	1317
263	1412
272	1146
273	1048
246	949
248	899
266	1084
297	1159
302	1231
279	1056
292	1136
276	1305
268	1383
262	1117
300	1055
277	1330
272	1205
265	1069
292	1087
281	1026
273	1029
263	1132
237	1118
278	917
288	1187
284	1195
275	982
288	1142
306	1232
298	1252
321	1152
287	1230
293	1203
305	1122
290	995
266	1115
287	1169
262	1247
319	1377
282	1394
297	1273
275	1363
264	1428
285	1357
290	1173
274	1231
298	1398
271	1232
265	1210
283	1559
294	1460
285	1417
272	1256
296	1273
295	1257
268	1054
330	1063
316	1169
302	1192
287	1289
264	1321
301	1059
308	1151
360	1120
368	1263
301	1289
289	1142
274	1320
253	1179
270	1046
266	1283
249	1324
288	1300
301	1330
270	1208
272	1085
303	1133
256	1138
296	1024
273	1236
263	1436
277	1223
266	1306
248	1138
245	1254
296	1159
266	1105
279	1161
304	1063
274	1135
324	1133
327	1080
307	1138
274	1263
287	1646
315	1539
300	1287
281	1447
290	1339
314	1267
294	1245
294	1243
310	1304
287	1259
300	1131
267	1300
312	1240
281	1165
312	1066
275	1246
274	1142
279	1016
283	1105
292	1117
291	1386
303	1386
320	1322
248	1191
277	1113
269	1152
294	1464
273	1511
297	1313
297	1368
311	1267
283	1376
261	1266
288	1374
249	1148
275	1054
274	1050
270	1121
265	1136
276	1158
252	1299
278	1405
258	1549
270	1315
282	1494
237	1152
280	1218
259	1239
269	1063
267	1166
278	1066
290	1327
254	1374
284	1211
239	1263
286	1292
265	1116
285	1010
298	1171
271	1259
277	1287
260	1257
326	1032
269	1032
279	1112
279	1185
257	1165
275	1041
277	1162
289	1120
248	1129
279	1213
252	1153
278	1106
264	1024
304	1126
318	1061
308	1170
344	1009
309	1130
303	1196
296	1164
317	1068
283	1103
313	1177
333	1130
288	1176
326	1239
357	1341
345	1443
373	1476
355	1527
351	1335
396	1329
418	1416
443	1635
409	1779
386	1731
482	1794
641	1717
619	1210
577	1250
533	1173
599	1173
738	1301
772	1374
721	1355
659	1288
719	1282
930	1227
1002	1387
970	1168
805	1178
829	1286
1309	1332
1552	1282
1662	1313
1332	1263
1435	1248
1805	1112
1975	1227
2086	1158
1971	1134
1882	1188
2089	1107
2404	1397
2326	1727
2329	1414
2205	1458
2275	1414
2197	1345
2026	1443
1954	1441
2082	1338
1838	1425
1748	1660
1645	1254
1595	1297
1483	1300
1526	1261
1421	1295
1258	1361
1093	1252
1178	1317
1052	1411
898	1374
623	1448
511	1293
557	1089
569	1171
578	1017
472	1217
471	1115
504	1271
577	1175
517	1172
519	1171
451	1208
488	1203
486	1270
414	1407
352	1472
374	1596
439	1458
430	1207
385	1594
326	1408
308	1343
317	1295
310	1453
305	1453
314	1552
349	1421
358	1439
297	1333
303	1419
318	1405
296	1491
294	1546
327	1410
365	1277
364	1337
303	1177
268	1285
351	1381
328	1355
334	1296
304	1191
258	1375
317	1662
301	1331
291	1391
277	1213
261	1286
299	1378
305	1229
288	1408
306	1341
301	1302
282	1206
296	1345
333	1263
316	1257
306	1227
327	1466
311	1291
311	1264
273	1322
305	1365
277	1153
252	1246
281	1068
264	1139
295	1325
255	1142
305	1166
256	1216
280	1256
298	1291
267	1108
282	1180
243	1185
284	1312
319	1438
307	1294
303	1300
290	1127
252	1341
291	1227
287	1094
308	1037
282	1134
280	1498
280	1291
269	1302
300	1244
266	1557
272	1521
277	1276
264	1344
293	1530
286	1262
331	1012
295	1119
276	1259
312	1212
324	1223
266	1349
299	1149
305	1231
277	1377
316	1251
323	1309
325	1279
315	1628
283	1535
326	1415
290	1232
277	1509
307	1475
292	1482
330	1532
291	1472
319	1312
296	1111
320	1503
294	1390
296	1150
295	1145
293	1406
307	1393
317	1505
275	1406
289	1402
316	1635
332	1439
311	1231
304	1025
328	1121
280	1238
343	1177
262	1265
295	1356
316	1304
317	1377
285	1258
331	1243
328	1107
367	1105
318	1169
299	1044
303	1056
331	1043
360	1246
292	1297
311	1311
369	1181
381	1089
381	1318
408	1281
460	1341
490	1282
505	1350
403	1198
415	1193
382	1144
422	1131
394	1042
382	1012
406	1360
384	1117
430	1202
346	1308
351	1333
354	1355
379	1351
342	1112
340	1073
371	1082
412	1201
378	1341
364	1235
427	1193
412	1309
456	1240
432	1189
388	1016
449	1099
376	1157
411	1121
473	1202
397	1190
401	1254
470	1326
426	1093
450	1302
486	1310
487	1268
456	1395
488	1433
496	1220
528	1189
532	1378
490	1326
503	1174
508	1341
550	1289
475	1072
538	1051
493	1060
598	1139
525	1151
513	1134
580	1146
581	1189
559	1151
604	1122
576	983
544	948
632	930
653	929
626	991
575	876
603	967
591	1180
586	1178
631	1014
588	1109
662	1059
704	981
669	1048
646	1025
714	1110
668	1077
725	1123
691	1123
700	1067
691	1047
709	1009
711	1051
717	1056
680	1111
767	1257
702	1268
719	1054
752	1028
743	1001
790	1024
811	1123
813	1128
804	1252
783	1093
869	1156
844	1101
733	1005
793	1031
791	1104
731	1154
750	1420
709	1527
732	1466
743	1314
727	1028
741	1190
719	1440
730	1341
673	1189
670	1100
711	1117
677	1066
724	1205
706	1270
705	1182
691	1187
669	1185
720	1145
737	1060
644	984
705	1014
705	1094
718	1279
763	1305
689	1107
738	1004
743	1085
705	1104
662	1419
712	1406
696	1387
758	1233
731	1295
698	1439
721	1313
648	1259
760	1242
716	982
714	1180
651	1416
703	1468
629	1499
708	1339
657	1365
705	1382
783	1542
738	1338
758	1385
772	1374
697	1329
757	1265
696	1216
744	1157
747	1164
752	1177
764	1231
808	1167
759	1182
746	1120
796	1188
807	1360
831	1174
955	948
850	1051
860	1186
939	1158
961	1068
1144	1163
1149	1031
1006	1055
1081	1208
1438	1039
1693	1046
1711	1161
1447	1087
1604	1051
1881	955
2399	1122
2625	1218
2620	1161
2532	1159
3136	1136
3926	1259
4350	1305
3882	1181
3753	1304
4197	1341
4822	1572
4912	1663
4825	1308
4612	1521
4802	1479
5158	1703
5289	1679
5270	1456
5230	1517
5264	1492
5438	1474
5073	1420
5153	1348
5120	1124
5096	1084
4832	1443
4834	1245
4639	1490
4753	1527
4604	1391
4596	1286
4423	1137
4280	1216
4321	1162
4589	1314
4459	1318
4235	1424
4003	1206
3978	1101
4051	1136
3592	1083
3668	1136
3712	1100
3708	1094
3566	1236
3432	1130
3788	1079
4094	1244
4254	1231
3949	1265
3847	1361
4167	1269
4233	1095
4135	1297
3901	1283
3919	1303
4063	1414
4048	1454
3770	1452
3704	1277
3912	1597
3970	1408
3508	1461
3078	1333
3277	1424
3381	1530
3378	1607
2937	1445
1838	1708
1571	1647
1883	1537
1906	1294
1548	1108
884	1102
709	1035
822	1159
890	1115
727	1169
537	1193
481	1309
415	1001
420	1267
408	1071
369	1295
400	1186
360	1105
336	962
323	1222
340	1292
329	1178
350	1118
328	1282
307	1200
335	1226
317	1016
347	1085
280	1053
353	1135
318	1197
342	1116
378	1367
344	1280
333	1050
352	1238
355	1031
349	1091
301	1093
333	1245
317	1167
276	1265
300	1200
284	1151
344	1298
288	1422
287	1225
340	1270
345	1205
275	1243
338	1126
273	1103
325	1030
280	1082
325	1023
331	1088
270	1178
334	1385
351	1255
325	1102
268	1180
289	1037
293	976
253	899
264	974
311	1124
292	1292
289	1181
288	982
317	1102
261	1018
312	1249
272	980
278	1032
282	1073
282	1108
305	1162
300	1045
282	1047
302	1141
275	1296
295	1350
282	1290
294	1606
296	1497
252	1625
303	1421
264	1491
278	1323
268	1380
320	1349
293	1213
268	1234
272	1244
264	1507
295	1420
307	1290
331	1342
303	1184
248	1233
252	1217
290	1068
280	1021
302	1148
277	1060
242	1121
297	1111
252	959
249	1219
313	1277
270	1480
316	1263
298	1177
286	1434
272	1062
276	1103
312	1192
307	1338
303	1532
261	1386
255	1330
245	1322
245	1205
232	1383
219	1298
246	1144
266	1255
225	1271
265	1202
223	1142
241	1133
240	1231
229	1365
260	1192
244	1345
239	1323
213	1258
256	986
245	933
247	1008
244	1058
268	1147
275	933
255	1037
267	1080
270	1102
269	941
292	1095
276	1201
274	1041
278	1352
307	1187
319	1140
275	1074
292	1266
247	1064
272	1111
259	1184
274	1057
284	1087
227	1196
304	1319
277	1232
296	1133
292	965
249	1031
260	996
316	1314
234	1250
251	1407
266	1263
270	1155
301	1140
283	1126
304	1088
297	1086
271	1087
231	1209
322	1196
294	1085
273	1361
317	1259
270	1378
246	1248
301	1103
275	1349
273	1279
270	1419
251	1628
228	1337
243	1406
258	1450
284	1216
258	1114
239	1050
247	923
248	895
272	986
234	1061
282	1162
289	1206
265	1047
281	1201
241	1174
234	1120
285	1047
260	1237
325	1153
250	1397
284	1333
257	1284
322	1223
285	1341
273	1391
360	1295
399	1228
341	1162
386	1253
326	1106
342	1212
257	1111
279	1263
294	1321
277	1338
245	1387
306	1306
312	1504
320	1377
245	1379
251	1155
278	1234
286	1150
282	996
316	1301
259	1262
285	1163
291	1106
274	1174
276	1044
250	915
305	1242
346	1184
328	1290
303	1214
298	1156
275	1334
302	1269
271	1376
308	1648
274	1334
282	1286
288	1204
278	1109
281	1256
254	1133
256	1033
269	1028
282	1173
266	1249
262	1299
276	1441
307	1209
365	1060
320	1084
355	1345
286	1499
294	1141
321	1133
292	1295
326	1333
288	1441
280	1504
288	1241
309	1136
278	1371
299	1163
253	1015
264	1070
214	1009
243	987
249	1156
290	1106
287	1318
231	1456
259	1286
257	1162
266	1099
288	1237
272	1199
290	1253
275	1343
265	1236
260	1221
272	1225
257	1094
261	1049
268	1189
295	1312
285	1423
262	1535
248	1222
283	1167
250	1125
242	1248
296	1240
282	1004
257	1260
281	1181
256	1353
278	1328
301	1380
253	1468
305	1288
297	1334
279	1401
302	1286
301	1377
305	1474
264	1620
286	1190
252	1230
243	1120
229	1438
255	1435
192	1292
272	1250
259	1276
256	1320
277	1142
273	1102
308	1174
278	1036
275	1098
286	933
264	1135
309	1371
273	1027
290	1250
274	1197
254	966
276	966
285	968
296	1049
279	1095
264	1136
248	1001
289	1172
288	1124
262	1182
295	939
257	911
245	1017
231	1043
276	964
273	1192
236	1193
275	1060
293	1174
258	1344
299	1421
303	1315
234	1123
275	962
256	1028
274	1020
267	1328
253	1273
274	1130
234	1169
250	1035
246	1163
263	1466
302	1463
293	1070
297	1162
302	1166
248	1113
263	1242
266	1122
255	929
274	1218
310	1190
304	1234
277	1387
273	1383
286	1294
288	1225
245	1423
303	1470
272	1299
277	1398
306	1510
268	1446
259	1256
242	1324
266	1234
314	1306
283	1192
261	1350
297	1150
293	1394
268	1245
278	1228
290	1370
267	1275
303	1181
256	1212
300	1230
273	1099
245	936
264	969
246	1031
294	1069
271	1035
282	1033
281	1077
249	1112
283	1193
320	1475
319	1243
292	1153
293	1209
289	1100
278	1133
292	1094
287	965
268	1085
264	1242
245	1196
322	959
254	1089
236	1036
306	1098
303	1088
301	1169
286	1090
328	1279
303	1141
299	1086
297	1383
294	1272
278	1121
263	1144
311	1264
246	1391
321	1308
304	1360
249	1124
290	1131
324	1280
300	1174
265	1038
325	998
300	1115
237	1257
276	1092
249	1089
275	1249
300	1144
284	1009
283	1247
284	1171
299	1272
261	1318
294	1198
293	1135
306	1134
314	1345
304	1228
277	1144
286	1341
255	1140
274	1377
289	1424
322	1127
296	1189
278	1146
277	988
279	918
336	984
273	946
287	918
288	1112
291	1028
296	1023
295	1288
290	1520
301	1225
330	1191
303	1302
315	1316
294	1374
289	1315
297	1318
329	1135
325	1287
344	1208
340	1241
374	1486
291	1673
288	1381
313	1230
288	1227
298	1172
274	1284
275	1215
274	1085
256	1157
317	1247
318	1152
329	1170
303	1093
261	1170
306	1175
315	1202
326	1106
301	1162
319	1164
312	1136
304	1021
300	934
263	1083
319	1352
311	1038
287	1053
324	1183
292	1279
326	1433
286	1420
292	1084
345	1083
324	1058
322	1166
286	1281
327	1409
278	1346
307	1218
303	1281
297	1111
292	1264
325	1161
331	1315
342	1065
333	1097
322	1192
318	1161
350	1084
295	952
359	1242
343	1088
329	1047
303	1149
275	1146
295	1064
326	1275
326	1083
351	1053
361	1066
335	1022
360	1152
333	1137
340	1093
341	1203
354	1135
345	1097
328	1053
281	1174
326	1071
272	1123
330	1287
343	1217
378	1152
376	1255
370	1282
340	1142
342	1135
343	1174
356	1127
373	1286
319	1148
352	1280
331	1347
350	1177
321	1303
359	1296
344	1183
337	1359
352	1249
331	1301
342	1168
356	1104
385	1061
339	1143
348	1214
383	1175
383	1109
390	996
368	975
380	1093
336	1102
344	1099
330	1027
372	1259
393	1155
410	1359
446	1320
446	1152
405	1375
445	1278
435	1114
436	1106
447	1073
439	1124
445	997
430	1013
445	1081
458	1121
564	957
581	962
616	955
578	1008
543	1181
640	1263
822	1016
721	1187
783	1131
937	1134
950	1251
1087	1260
1014	1310
1020	1228
1062	965
1158	1155
1115	1064
1178	1100
1126	1016
1262	1095
1308	1081
1493	1217
1613	1252
1662	1175
1707	1159
1758	1223
1747	1068
1707	1097
1748	1129
1810	1162
1659	1194
1752	1098
1820	1180
1900	1224
2023	1141
1916	1175
1798	1298
1721	1116
1615	1222
1573	1140
1454	1206
1433	1172
1271	1144
1188	1205
1405	1246
1396	1118
1272	1312
1230	1346
1342	1615
1402	1236
1327	1323
1345	1372
1375	1412
1279	1227
1289	1038
1323	1084
1305	1184
1216	1073
1123	1068
1130	1306
1178	1122
1036	1153
948	1154
807	1149
788	1243
849	1258
832	1235
653	1292
639	1298
613	1204
639	1159
677	1120
586	1301
507	1279
521	1153
551	1278
464	1085
467	1279
463	1177
446	1130
408	1366
472	1302
441	1148
390	1154
370	1319
366	1186
405	1190
408	1190
403	1178
385	1196
352	1187
330	1199
321	1235
339	1317
348	1324
320	1472
328	1394
316	1261
312	1409
303	1328
328	1129
313	1175
301	1006
300	1272
296	1296
283	1347
326	1181
313	1121
324	1285
300	1343
313	1177
341	1274
363	1255
330	1193
318	1060
315	1115
365	1007
308	1190
348	1320
374	1455
331	1455
344	1577
332	1645
311	1582
379	1412
335	1463
305	1611
322	1466
350	1451
326	1338
328	1224
332	1364
326	1437
321	1655
306	1415
316	1228
294	1393
325	1418
358	1267
322	1217
295	1301
284	1085
356	1244
363	1171
390	1194
379	1236
303	1250
339	1304
342	1165
308	1111
381	1063
326	1095
352	1340
329	1145
310	1130
381	1273
362	1116
348	1053
350	1260
335	1161
396	1064
355	1069
356	1012
311	1058
307	1160
339	941
321	1113
310	1254
339	1145
324	1162
282	1184
321	1083
305	1340
273	1259
313	1369
284	1211
313	1134
308	1131
320	1077
372	1121
325	1219
355	1019
328	961
358	1083
335	1313
323	1371
301	1215
332	1434
307	1153
308	1186
332	1330
338	1379
346	1222
290	1064
295	1182
300	1073
302	1001
316	1031
360	1175
284	1361
266	1073
285	1092
320	1246
305	1100
329	1059
324	1127
319	1194
312	1289
330	1445
356	1379
342	1305
338	1138
349	1321
358	1160
303	1210
353	1349
286	1223
300	1233
305	1195
256	1093
344	997
326	1106
327	1203
291	1154
290	1497
265	1381
323	1274
296	1228
334	1026
324	1194
367	1263
346	1274
342	1303
305	1226
287	1235
338	1262
321	1083
361	1057
322	1043
261	950
320	954
274	1334
302	1263
294	981
299	1078
305	1052
315	1085
285	1129
296	1227
290	1159
327	1103
268	1045
341	1198
319	1269
306	1216
300	1088
299	1125
375	1324
333	1243
328	1285
291	1481
329	1443
284	1332
282	1166
285	1086
284	1095
325	1153
348	984
325	1145
358	1065
357	1087
332	1003
301	1122
286	1204
332	1239
301	1417
335	1054
333	1429
304	1550
347	1350
335	1165
316	1184
309	1129
329	1166
314	1070
334	1174
346	1009
331	844
339	1062
368	942
356	1020
385	1245
391	1115
358	1029
361	1016
345	856
334	943
331	985
292	960
324	1015
312	997
316	1176
330	998
364	1026
415	1275
376	1281
421	1204
360	937
371	931
330	954
374	913
357	871
305	1006
314	1080
292	1067
337	1178
297	1091
323	1084
313	1181
292	1196
324	1075
335	1144
316	1091
302	1168
321	1094
342	1162
316	1220
323	1555
314	1301
341	1472
353	1324
349	1184
332	1190
280	1258
289	1305
297	1331
325	1273
331	1174
314	1174
331	912
296	930
307	1053
324	1175
280	1165
276	1183
305	1130
305	1077
315	1362
334	1194
325	1179
366	1253
372	1581
342	1526
344	1348
324	1253
314	1271
349	1383
307	1391
359	1435
321	1412
333	1323
314	1071
294	1083
310	1016
275	1093
317	1318
312	1527
323	1171
324	1125
312	1239
321	1078
308	1172
330	1006
290	1056
272	1117
336	1096
306	1164
281	1446
288	1248
287	1295
293	1006
274	1109
317	1301
325	1444
299	1288
322	1022
300	1485
256	1313
273	1166
324	1189
278	1436
311	1303
307	1306
308	1059
297	1168
278	1217
282	1304
274	1106
287	1100
251	1028
293	1159
285	1100
251	1077
286	1236
260	1195
271	1270
301	1195
261	1097
290	1009
302	1080
278	1356
292	1430
289	1304
287	1210
303	1152
287	1209
314	1248
340	1044
273	1234
252	1203
302	1048
300	1150
321	1053
269	1205
306	1122
327	1252
316	1170
297	1118
262	1211
255	1226
253	1121
240	1268
280	1210
263	1118
311	1138
286	981
324	1134
268	1137
246	986
249	1085
246	915
273	868
247	1154
256	1082
285	1035
217	1079
263	917
273	1043
254	1250
286	1249
278	1032
257	1019
260	1061
263	1065
247	918
336	1090
287	1047
274	1232
289	1168
255	1044
268	1105
304	867
273	1141
268	1115
278	1005
287	998
305	958
328	1030
313	1144
288	1264
289	1271
352	1123
341	1054
354	1409
295	1191
308	1098
286	1158
283	1148
271	1212
305	1436
293	1413
311	1414
307	1232
304	1575
295	1273
328	1313
297	1079
285	1069
305	1085
317	1110
296	1069
304	1043
282	1129
311	1108
314	962
285	1043
289	954
262	916
270	1025
281	1101
270	1009
290	979
254	978
294	1131
307	1058
272	1143
249	1080
267	987
285	1184
328	1171
323	1108
245	1294
293	1144
243	1190
288	1203
300	1379
284	1557
313	1413
288	1543
322	1248
321	1480
318	1147
321	1230
319	1353
392	1219
304	998
316	1138
327	1165
319	1125
355	1009
344	1086
374	1086
368	1042
353	1289
334	1221
352	1027
306	1067
297	1291
285	1268
283	1223
288	1214
287	1149
347	1268
281	1340
272	1288
293	1252
316	1131
283	1188
303	1141
286	1102
227	1217
262	1202
292	1205
263	1113
248	1219
252	1162
282	1123
261	1219
262	1029
275	989
278	1141
291	1082
299	1153
276	1133
277	1377
266	1236
298	1118
260	1191
304	1264
261	1201
267	1121
269	1152
283	1133
258	1127
257	1360
297	1521
295	1592
261	1581
287	1294
296	1322
264	1419
299	1330
284	1273
250	1164
269	1019
254	1014
264	1126
265	1223
296	1244
245	1039
249	1132
285	1129
274	1035
249	1257
283	1331
286	1301
318	1329
286	1354
302	1308
303	1346
288	1302
303	1289
305	1322
286	1506
281	1357
263	1486
336	1442
305	1326
286	1444
289	1587
296	1728
263	1412
319	1434
293	1553
248	1460
281	1648
271	1472
291	1444
317	1322
300	1085
282	1117
294	1190
280	1206
304	1052
276	1088
282	1163
264	1153
308	1309
278	1148
332	1201
279	882
266	926
302	1185
265	1268
296	1308
260	1373
269	1290
277	1120
275	1024
250	997
285	1074
308	1208
268	1384
278	1275
290	1244
274	1439
271	1351
308	1129
272	1113
259	1135
281	1074
306	1070
269	1086
306	1199
278	1064
311	1102
272	1094
305	1341
315	1116
284	1119
249	1272
240	922
296	1144
298	1094
274	1053
325	1023
323	1136
264	1120
297	1075
324	1181
282	1069
289	1281
343	1361
337	1275
352	1083
334	1276
317	1223
310	1243
287	1173
331	1084
296	1001
334	957
256	1014
289	1098
285	1067
289	1107
303	1032
284	1066
279	1322
296	1493
308	1567
323	1200
354	1275
331	1119
306	1332
338	1444
300	1323
335	1550
315	1455
287	1263
336	1257
299	1267
268	1054
318	1065
299	1068
234	990
281	1125
258	1035
278	1158
296	1290
312	1180
301	1174
278	1175
307	1291
285	1246
287	1264
297	1100
294	1257
306	980
309	1208
280	1072
268	1131
273	1028
307	1044
305	1152
264	1030
256	986
256	1027
289	1030
322	1088
271	938
294	917
319	881
252	1055
259	1002
275	960
282	973
313	925
292	1022
273	862
283	1053
304	1157
329	1090
289	1120
283	1197
287	1261
316	1143
314	1043
307	1104
284	1149
282	1136
271	1308
296	1151
316	1453
253	1227
251	1394
234	1212
284	1124
286	1092
324	1078
302	1183
305	1405
270	1152
284	1161
290	1196
347	1194
306	1107
314	1094
291	1259
251	1085
259	1403
295	1269
296	1190
310	1099
346	1049
293	1374
288	1408
307	1267
300	1158
329	1231
308	927
268	1120
321	1139
305	1198
319	1131
298	1175
341	1154
312	1187
302	1126
305	1212
349	1307
323	1248
328	1046
300	1322
319	1232
288	1326
311	1460
330	1477
287	1312
286	1365
278	1142
311	1273
287	1314
338	1213
283	1277
264	1328
332	1018
316	1127
268	1353
306	1319
309	1142
287	1000
224	1101
232	1062
301	1034
318	1005
300	1055
316	1340
332	1204
292	1174
315	1355
275	1138
292	1079
275	1140
258	1108
304	1169
265	1139
288	1286
279	1068
238	1131
279	1253
267	1055
285	1075
304	1141
300	1300
266	1176
315	1127
286	1135
253	1057
282	1114
289	1242
305	970
287	1098
297	990
302	1111
308	972
278	1001
277	1116
280	1253
309	1117
259	1149
289	1061
310	862
298	1088
281	1200
285	1157
292	1290
285	1066
301	1251
283	1082
304	1197
294	1116
265	1021
298	1049
311	1174
274	1212
301	1196
278	1126
311	941
251	1061
341	1172
334	1379
315	1222
323	1276
303	1379
287	1374
282	1585
287	1258
286	1437
275	1353
249	1203
295	1281
337	1499
306	1145
279	1019
268	1147
299	1244
327	1300
307	1208
327	1129
288	1126
283	1173
346	1140
337	1014
265	949
320	874
292	1026
272	925
271	1002
262	1035
233	1058
235	1058
278	976
290	895
283	1082
304	1052
284	1009
313	1157
294	1263
316	1163
269	1066
304	1329
304	1231
283	1245
263	1196
303	1387
292	1411
221	1190
274	1080
282	1059
320	1255
278	1192
300	1205
273	1212
328	1184
293	1120
347	1270
329	1285
309	1337
292	1055
292	1219
353	1217
305	1110
340	1193
328	1111
305	1170
290	1260
329	1356
317	1389
259	1168
284	1134
298	1243
334	1150
301	1245
272	1218
290	1235
277	1185
337	1256
273	1107
298	1182
319	1338
308	1163
277	1434
282	1391
287	1143
279	1134
274	1240
296	1250
305	950
295	1083
258	1175
260	927
233	1053
259	1110
277	974
267	1033
247	1134
281	1115
287	1036
302	1006
280	1093
328	887
282	863
281	1199
255	1157
261	1219
280	1135
275	1421
324	1304
284	1307
314	1205
254	1272
314	1240
330	1131
295	1168
324	1088
218	1073
324	1113
310	1209
321	1354
289	1325
297	1307
295	1110
299	1146
266	1092
295	1099
299	1151
285	1159
285	1211
299	957
274	1045
319	1122
306	1008
284	1108
281	1137
295	1139
299	1105
328	1044
305	998
289	987
296	1010
296	1070
265	997
307	1024
308	926
310	948
304	1098
310	914
285	1097
284	899
317	908
306	946
267	1083
319	943
337	891
309	1170
315	1090
289	1105
293	1090
274	1286
270	1203
305	1280
298	1463
275	1256
279	1255
270	1148
264	988
277	892
267	1000
304	933
264	1056
304	1046
271	1332
286	1109
255	910
259	1141
276	1368
281	1179
279	1065
301	1033
314	1192
273	1187
249	1174
265	967
300	1084
281	1254
305	1146
317	1238
265	1172
265	1194
304	1405
321	1219
321	1162
256	986
302	1053
286	1165
282	1083
272	1251
254	1211
273	1362
272	1309
318	1188
275	1242
280	1165
253	1140
274	1122
296	1034
297	1142
316	1447
309	1397
290	1066
285	1092
255	1236
252	1071
267	1202
266	1065
302	1226
278	1094
250	1039
306	1204
300	1231
256	1207
304	1243
266	1067
266	1120
228	1102
239	1113
305	1091
242	1249
285	1230
276	1104
281	1095
288	1169
328	1178
288	1122
296	983
316	1152
304	1155
284	1002
317	983
310	918
316	977
329	1010
310	1109
371	1149
327	1141
304	1072
363	1062
461	1422
453	1245
416	1100
429	1116
369	1310
417	1436
447	1353
464	1342
393	1182
436	1088
430	1236
438	1161
441	972
433	1023
454	1117
466	1040
500	1060
435	1004
445	1085
477	1082
387	1311
492	1124
452	1206
532	1325
595	1391
530	1291
467	1243
375	1244
482	1196
468	1165
467	1244
394	1065
388	1138
377	1022
381	872
416	1044
330	986
346	943
345	768
322	930
262	959
301	925
318	974
316	880
289	1012
274	1202
293	1178
273	930
313	1296
321	1081
268	1029
304	1116
296	1128
270	1257
268	1097
284	1177
313	1093
279	1039
296	1010
254	1122
281	1043
288	1073
307	1116
255	1010
266	1008
355	1071
286	1126
299	1190
291	1223
275	1170
274	1162
323	1159
310	1199
284	1191
252	1142
254	1127
299	1170
307	1040
337	1065
310	1113
348	1052
347	1444
277	1131
284	1163
298	1291
278	1090
290	1115
266	1152
283	1116
322	1217
316	885
284	1041
288	1215
280	1252
278	1172
303	1091
335	1163
334	1199
322	1007
335	894
322	1117
324	1246
318	1343
314	1189
352	1218
321	937
390	1034
338	1218
333	1005
344	1078
344	1309
333	1290
381	1133
394	1080
345	1058
309	1222
306	1227
329	1051
362	1105
348	1058
320	1004
312	922
332	1073
303	1094
273	1058
269	933
284	798
280	861
301	869
302	859
321	887
286	926
285	946
293	1042
304	1091
275	1183
271	1306
282	1156
292	1231
273	1026
281	1129
293	1083
303	1216
305	1184
298	965
280	1207
237	1137
285	1044
313	1081
283	1147
251	1079
264	1104
293	1167
320	1171
288	1091
272	1040
279	1023
249	891
292	1037
262	1152
283	1086
260	967
291	978
328	922
285	913
244	1104
303	1183
277	1117
278	1066
294	933
246	1064
302	981
297	960
276	1124
290	1217
250	1036
255	1085
303	1289
287	1046
286	1113
343	1104
265	975
276	1150
284	1221
277	1569
277	1369
290	1376
261	1232
303	1008
315	1028
282	1125
304	1022
281	1137
321	1287
332	1301
278	1157
302	959
295	1186
315	1172
313	1047
338	1110
275	1221
290	1252
298	1229
277	1115
264	1075
311	973
279	911
276	1025
283	1000
259	1047
298	1171
249	989
305	942
279	978
283	897
273	1025
287	1098
265	1510
300	1386
244	1236
276	1399
259	1284
255	1037
263	1052
269	1227
256	1267
287	1121
229	1109
272	1140
290	1182
237	1167
279	1138
287	1083
271	1152
278	1142
267	1134
263	1293
285	1217
285	1281
339	1391
312	1394
271	1303
263	1240
264	1072
284	1258
297	1282
319	1290
299	1250
257	1200
301	1398
305	1394
297	1482
275	1143
284	1101
281	1293
271	1295
238	1333
233	1257
230	1149
273	1154
272	1160
262	1301
276	1337
267	1425
260	1072
276	1110
276	1155
267	1123
277	1214
259	1109
233	1221
240	958
282	1019
264	967
266	1047
266	842
265	871
273	1113
250	1138
280	1147
266	1321
242	1229
260	1294
246	1412
342	1232
339	1248
265	1254
284	1112
273	1085
262	1142
315	994
302	1113
295	1165
248	1176
267	1317
273	1276
272	1561
277	1299
268	1295
274	1062
253	1277
305	1321
250	1165
284	1124
251	1147
262	1149
290	1075
256	981
306	1202
264	1145
308	1162
292	1067
279	1024
291	898
291	1106
311	988
295	1158
273	1124
277	1210
317	1037
299	948
266	987
260	967
279	973
297	1118
290	1060
305	1307
297	1035
275	1122
278	1313
289	1170
249	1001
311	1134
264	1162
278	955
289	1141
289	957
299	995
273	1044
271	1036
277	1211
274	1137
244	1088
268	900
245	953
255	1112
258	1160
305	969
265	1204
274	1410
303	992
277	1132
295	1041
254	1019
289	1070
288	1067
309	947
257	918
258	817
239	1108
296	925
259	836
291	971
303	1030
280	1060
252	1160
277	1381
256	1112
281	1198
293	1103
273	1200
291	1052
282	981
311	1045
279	891
278	955
284	1063
311	1123
282	1008
285	957
304	1116
298	922
304	1004
286	866
298	874
336	886
359	788
352	897
331	965
282	1028
355	1076
320	1020
349	885
338	1091
343	1084
338	1150
330	1168
372	1026
355	962
383	926
337	940
389	852
361	1018
366	1135
360	1169
336	1281
489	1189
492	1151
430	1034
435	1117
467	1063
477	1002
497	1190
531	1306
474	1466
475	1159
506	1171
589	1244
578	1187
565	1236
592	1073
622	1071
664	1157
598	1142
541	1039
537	1105
549	1231
459	1101
396	1203
369	1036
400	1009
422	1048
410	1128
381	1064
384	1053
379	949
377	1106
355	1120
350	1231
371	1118
310	1023
350	1247
380	1148
327	1151
313	1125
312	1004
333	1111
343	963
341	1163
322	1029
325	1051
327	1132
361	960
360	905
313	920
338	994
324	916
312	888
267	954
323	1060
346	1146
338	1089
344	1029
350	1248
331	1201
308	997
330	1138
384	1042
368	1053
331	1113
370	1173
333	1117
362	1056
351	1058
380	1122
361	1206
321	1141
319	1273
371	1144
349	1445
402	1090
356	1025
349	1076
365	1079
329	984
316	1215
309	1202
365	1284
367	1143
305	1309
346	1189
341	1024
342	1037
374	972
364	1072
382	1001
397	974
387	1014
411	1076
382	1074
324	1226
329	1437
341	1190
380	1098
354	1318
356	1392
344	1026
328	1225
358	1251
329	1153
369	1261
355	1254
365	1246
360	1220
372	1170
392	1076
398	1008
381	1048
357	1114
380	1077
386	1082
400	1194
419	1153
424	1124
372	1305
401	1268
390	1221
426	1330
406	1214
406	1287
433	1254
425	1294
415	1343
400	1381
364	1137
343	1332
370	1186
368	1310
350	1118
378	1110
381	1051
377	821
398	846
333	1064
362	971
420	920
345	1069
370	1077
394	985
349	982
387	947
348	995
380	1121
391	1201
393	1077
398	1067
386	1093
384	1207
323	1221
358	1259
368	958
325	947
350	893
367	866
371	952
363	1116
350	985
366	841
358	1019
359	1045
380	986
366	1075
361	955
389	1175
366	931
367	1088
335	1114
369	1016
341	898
330	1088
345	1106
333	1025
310	929
368	962
361	1017
366	1174
321	1111
409	1153
384	993
393	1118
349	1242
332	1196
344	1391
358	1144
411	1129
371	1206
399	1261
387	1207
315	1032
346	1113
386	1133
324	1244
353	1251
371	1317
332	1173
307	1226
328	1217
353	1253
349	1221
336	1419
314	1276
343	946
359	1095
371	1133
316	1111
363	1044
325	1038
335	1116
350	1267
357	1106
353	1163
351	1210
360	1357
347	1258
336	1310
379	1154
367	1204
405	1449
406	1602
366	1380
383	1381
394	1436
349	1307
405	1129
450	1166
367	1348
364	1285
459	1136
422	1212
405	1083
342	1209
385	1071
370	1216
372	1526
372	1370
331	1272
411	1246
404	1082
412	1241
432	1475
444	1185
407	1304
413	1452
418	1338
442	1384
377	1435
377	1528
381	1692
393	1387
410	1386
408	1310
366	1219
380	1294
380	1457
385	1138
385	1153
398	1128
369	1126
434	1035
339	985
394	1134
369	968
384	931
391	1006
373	997
361	945
399	877
386	980
338	1063
355	1138
354	1175
375	976
346	993
391	964
386	900
343	983
372	1125
299	1185
326	1089
354	1033
328	978
317	848
370	915
337	883
321	912
339	877
333	981
328	935
349	958
314	1097
302	881
301	964
330	921
292	879
338	1018
308	907
360	1027
347	1029
355	1042
385	1000
371	1246
408	1263
387	1446
375	1293
382	1205
394	1277
405	1128
390	900
372	1061
444	1035
500	1116
528	917
501	1172
501	1123
508	1141
590	1101
629	1189
683	1066
560	1218
588	1171
575	1264
638	1372
598	1456
619	1279
708	1036
1048	994
1926	1056
2463	1179
2147	1122
1909	1046
2337	1085
2954	1043
2955	1101
2513	1120
2584	1137
3243	1211
3797	1237
4404	1192
4549	1126
4190	1205
4485	1263
5993	1272
7160	1209
6434	1082
5982	1259
6316	1183
7422	939
7650	997
8176	1101
8168	984
8228	1087
8661	1215
9956	1105
9781	1106
8977	1220
8997	1241
9850	1105
10896	1047
11081	1136
10993	995
10977	1033
11423	1114
12139	1100
12250	1157
12074	1027
12006	1217
12030	1144
12856	1172
12880	1052
12823	1011
12773	1050
12575	895
12669	1012
12647	1035
12775	933
12794	1057
12847	1103
12845	1015
12859	1004
12715	1000
12714	1063
12700	1223
12625	1181
12414	1071
12377	965
12322	1109
12390	1005
12369	1014
12449	1017
12082	1131
11847	1247
11739	964
11806	1011
11787	935
11322	977
11070	1078
11172	1003
11095	987
10649	1044
10515	1138
10518	1100
10811	1038
10579	974
10304	1152
10023	1324
9840	1106
10166	1167
9969	1141
9524	1191
9136	1348
8794	1250
8902	1354
9113	1348
8901	1226
8252	1378
7778	1188
7645	1136
7837	1109
7625	1064
7279	1111
7064	985
7277	1194
7327	1264
7354	1030
7058	1077
6840	926
6609	1012
6688	1045
6517	1064
6490	1243
6179	1018
6293	1033
6419	1256
6493	1211
6266	1034
6266	1168
6014	1187
6277	969
6396	1017
6518	1180
6486	1250
6248	1221
5816	1109
6213	1046
6322	1241
5978	1081
5632	1180
5324	1159
5424	1092
5476	1197
5253	1073
5061	1038
5037	966
5187	1170
5229	1146
5067	1036
5005	1068
4793	1087
4660	1143
4647	1127
4734	1315
4509	1335
4213	1242
3901	1283
3934	1382
3714	1299
3728	1142
4077	1123
4020	1076
3914	978
3749	946
4045	1061
4412	1121
4735	1140
4911	1104
4863	932
5276	1151
6089	1181
6546	1186
6413	1363
6042	1184
5917	1370
6386	1282
6486	1356
6700	1473
6251	1448
6383	1513
6799	1542
7202	1411
7312	1464
7437	1269
7359	1387
7549	1368
7322	1170
6819	1221
6899	1293
7058	1350
7125	1346
6898	1032
6247	1152
6008	1295
5475	1234
5218	1079
4558	1216
3587	1196
3747	1188
4161	1314
3958	1196
2891	1109
2005	1215
1979	1150
1999	1078
1993	1198
1416	1118
897	1004
743	1145
834	1266
847	1061
717	1034
507	1047
420	1147
448	975
451	1091
410	1043
390	1191
380	1263
355	907
404	928
354	1132
336	1220
341	1090
325	1004
377	939
342	1055
297	1162
365	1181
310	1086
272	1358
302	1106
312	1210
286	1189
333	1187
287	1295
306	1215
371	1363
331	1285
349	1505
309	1346
341	1262
317	1130
276	1077
293	1006
278	1025
288	1129
305	1073
278	1067
265	930
270	863
261	840
246	881
241	959
257	1102
270	1212
274	1333
258	1344
268	1319
234	1071
280	1024
256	1017
282	1144
251	1029
291	1032
307	911
253	1076
243	1182
213	941
258	1011
268	1291
310	1044
264	1048
264	1074
260	1110
283	969
245	1100
255	1096
303	1231
288	942
307	782
314	825
293	1044
276	883
275	821
325	896
318	1004
324	1059
302	968
333	1034
285	1195
296	1078
321	897
326	1103
266	1081
302	1011
284	1032
288	1034
302	1115
284	874
287	983
287	904
272	892
296	923
291	878
296	1090
294	1061
283	1157
286	1226
293	1140
343	1093
306	1216
295	1239
300	1163
314	1273
316	1122
266	1152
269	1261
276	1164
276	1186
313	1073
324	1141
282	1224
269	1208
280	1023
255	1280
277	1518
254	1487
264	1405
328	1275
290	1131
255	963
305	1110
286	1287
284	1196
282	1333
289	1218
248	959
298	904
251	1158
294	1117
294	1297
275	1229
287	1190
329	1179
353	1096
311	985
330	970
328	1086
297	970
292	981
254	923
250	1046
297	949
264	887
295	1031
313	987
263	1007
329	952
268	1053
296	1044
279	929
312	1070
301	1075
321	941
329	1156
307	1038
304	1163
340	1102
299	1108
328	1076
315	1129
302	1307
272	1147
270	1174
269	1076
242	977
282	1076
310	1032
285	1272
283	1119
307	1138
283	1090
260	959
283	1177
291	982
294	1074
285	1106
297	1085
324	1072
360	1205
363	1205
333	1090
348	991
409	975
521	984
583	996
527	826
487	846
514	785
558	813
552	780
563	886
501	924
524	938
467	1111
485	1189
494	1101
485	1005
463	1132
477	1065
426	1122
378	1081
376	1233
373	1098
389	1139
287	1002
341	1004
323	1118
319	1082
331	1198
312	1026
277	1261
283	1174
291	1085
301	957
317	1138
295	977
258	1029
290	1112
301	1148
295	1243
281	1217
313	1253
295	1285
297	942
280	1297
267	1197
282	1191
278	1222
344	1178
282	1205
318	885
283	812
263	846
317	935
311	988
316	1078
320	1246
325	1042
328	1046
308	991
314	1160
288	952
322	1050
317	955
283	1036
291	1053
284	1062
325	1155
298	1300
275	1115
287	919
268	880
272	969
271	1044
272	960
284	1068
329	984
302	947
286	999
328	981
311	977
318	912
304	943
312	955
287	974
269	1036
313	1095
272	924
299	1215
285	1338
314	1082
275	1066
324	1166
356	1263
262	1070
346	1155
351	1078
338	887
331	1077
369	1004
398	919
376	875
378	1144
393	1256
392	1292
361	1062
376	1103
406	1080
359	1101
315	1151
322	1110
340	1046
279	1014
308	950
315	1279
320	1277
316	1085
309	1068
261	1036
317	997
288	1092
390	1021
392	1261
357	1150
323	886
349	998
348	1206
328	1269
282	1125
343	1194
329	1168
320	1117
319	1111
329	993
287	1100
272	957
292	1152
298	974
323	1056
283	1169
327	916
281	1073
294	1013
297	1081
315	1059
319	1190
295	1032
297	1076
323	1116
296	1054
308	1082
297	971
291	911
296	1043
284	1095
294	1072
281	907
274	1013
283	1061
265	961
278	825
310	850
275	842
332	878
302	946
279	815
305	893
283	899
315	1082
318	1164
268	1214
288	1081
296	1082
301	1044
279	1115
294	994
270	996
304	1001
294	1011
315	1023
247	1216
237	1156
263	962
288	937
272	930
288	1022
247	875
249	878
242	1002
259	982
231	1072
267	919
274	918
274	950
255	969
259	1104
249	1056
250	1054
259	967
271	1038
280	876
273	872
308	1029
288	904
263	1204
251	1123
267	1351
258	1063
214	1147
251	1137
265	1115
293	1118
276	1237
251	1220
277	1196
293	1147
303	1164
328	1140
282	1033
326	1064
309	1170
339	1116
354	1170
300	1288
281	1203
312	1123
308	1027
310	1101
305	1170
328	1145
328	1108
311	1336
289	1283
350	1044
299	1069
333	1331
269	1146
328	1216
278	1455
341	1225
288	1283
311	1519
308	1411
292	1191
301	1273
292	1238
295	1129
245	1331
234	1065
284	1173
279	1106
277	1053
284	969
309	758
260	849
315	1087
242	1076
261	1130
261	1241
267	1246
285	1311
278	1352
246	1266
313	1131
255	1041
261	1030
296	1029
260	1130
319	1222
270	1171
274	1253
316	1405
312	1310
289	1229
288	1304
288	1364
285	1177
311	1182
292	1130
278	1191
317	1216
253	1038
275	1103
270	1099
309	1164
318	1096
298	1031
270	1114
296	1122
245	1021
230	870
280	1104
297	878
280	1025
280	963
277	951
267	1166
284	1169
286	1167
244	1270
290	1139
288	1046
288	1012
260	1101
304	886
246	1123
273	1165
263	1235
298	1160
273	1340
285	1081
310	1177
318	973
272	864
281	911
286	1030
272	1093
308	1145
250	1198
265	1134
285	1162
310	1276
307	1009
345	1027
323	984
290	967
316	1035
334	1116
332	1245
282	1258
298	1023
285	1119
305	1011
319	1150
327	1203
283	1299
346	1155
338	1147
319	912
336	1015
317	995
319	1222
373	1333
320	1180
304	1209
356	1205
306	1229
354	1261
339	1097
333	1141
338	1175
336	1094
306	1033
327	912
279	965
266	994
272	889
316	984
242	995
291	877
265	858
263	860
272	939
268	827
309	825
319	936
298	842
284	668
275	769
316	706
284	866
313	1087
299	1240
257	1000
274	985
263	1097
285	1097
298	949
311	1029
330	974
286	1130
295	1218
374	997
299	1021
345	988
268	1034
299	1028
286	1015
277	900
304	875
285	1078
308	958
316	1285
266	1107
273	982
318	1060
261	1142
258	1147
285	1158
257	973
295	826
312	1021
282	887
282	1192
292	1110
271	1493
257	1296
292	1283
276	1185
284	996
306	1212
311	1355
263	1293
275	1248
300	1279
282	1349
288	1210
328	1267
290	1294
337	1241
299	998
285	962
320	927
291	1010
308	982
303	1201
288	1042
293	1062
305	928
313	950
288	1155
318	843
315	888
320	1244
285	1269
290	1331
264	1075
292	948
311	1176
321	1156
292	1025
310	991
293	877
333	967
350	1186
299	1044
289	1015
320	1118
269	1003
263	1099
293	1015
303	789
289	868
261	778
270	773
286	851
311	749
312	720
257	806
285	788
301	759
287	803
350	958
306	1078
312	1007
283	884
299	776
299	825
292	789
325	928
310	903
299	849
292	896
307	932
330	1041
254	1156
270	894
300	996
273	1014
268	935
253	901
299	834
284	1033
310	1073
276	1027
271	817
315	837
343	840
325	1071
303	991
306	969
337	1011
304	1034
332	1148
347	975
343	954
350	990
345	1371
341	1038
349	983
332	896
327	991
328	965
314	877
330	1022
320	1320
364	1101
326	1111
293	1200
312	1120
368	1208
342	1170
325	995
340	906
353	1022
333	1008
326	1061
376	1074
383	1010
333	950
401	965
329	985
375	993
355	819
332	981
363	984
341	948
307	955
389	905
364	962
404	955
352	959
341	870
313	824
362	830
312	803
328	911
350	1059
325	951
333	1184
301	1059
313	915
310	1203
262	1039
261	1001
310	1064
313	851
291	958
268	981
312	913
286	1027
259	895
279	945
302	994
248	999
321	811
304	929
253	775
328	887
253	952
317	837
333	959
299	1142
271	1099
258	930
270	1178
259	1133
276	1054
283	957
316	1102
295	1077
259	1110
246	1195
267	1078
283	1067
318	1123
283	1200
280	941
273	1037
280	1167
261	1510
311	1219
292	1008
300	914
300	1116
294	953
288	989
328	1121
318	1134
279	934
276	2003
302	2012
298	1319
301	1095
339	1422
326	1282
309	1198
312	1117
308	1236
295	1084
319	924
301	931
318	976
227	882
235	773
267	945
302	817
268	778
288	818
245	1066
242	1162
239	1053
251	934
272	998
236	1045
228	972
306	1115
268	925
303	1059
280	1089
236	1024
247	1318
274	1374
288	1231
287	1209
289	1082
294	1047
308	1017
286	871
293	1220
276	984
288	942
283	945
316	996
274	967
273	914
299	939
282	968
298	1031
323	1087
302	1136
306	1072
301	950
276	1043
310	1000
299	1262
294	941
279	1207
291	1345
277	1272
281	1036
277	1115
246	1101
291	987
274	893
301	984
294	1117
266	1470
281	1125
284	1109
303	1077
283	1116
268	1208
308	1061
319	1119
308	1122
291	1197
284	1010
273	957
269	1100
287	933
305	965
265	1037
299	1096
333	1002
323	1049
313	1070
304	1107
294	1162
313	1245
323	1375
293	1137
328	1245
300	1428
330	1269
318	1141
295	1059
318	974
298	1028
285	1161
320	1021
304	1105
292	1117
308	1053
304	1037
289	1004
281	922
290	892
297	862
297	940
288	902
315	1205
291	1144
301	1195
324	1387
310	1177
295	1034
296	863
324	874
282	1014
293	940
313	1134
351	1008
348	1053
376	1030
356	1088
364	1083
352	1112
370	1106
336	944
322	1018
332	996
332	958
329	1032
317	1026
328	955
359	1038
354	1052
365	1070
430	1232
472	1361
445	1146
493	1172
476	1122
501	1155
514	1113
521	1067
538	1194
487	1039
464	1165
534	1160
481	1183
488	1168
484	1153
502	989
464	1110
492	977
490	942
550	1025
511	1117
486	1086
497	1113
523	949
507	1041
521	932
525	924
464	955
526	890
467	788
469	946
439	965
440	1141
402	1036
424	929
456	857
381	838
393	875
405	979
403	839
428	977
406	944
394	906
388	1335
402	1273
388	1021
399	938
439	916
371	919
342	1087
362	912
399	927
370	1084
366	1045
357	1183
307	1088
330	1162
354	1142
365	1139
346	1070
362	1096
376	1104
361	984
392	957
351	1075
326	1048
372	1083
375	925
346	1110
363	879
318	1062
319	1121
331	1214
342	1037
318	1162
306	1154
325	1120
319	1069
346	1057
331	1012
362	1051
321	990
343	947
321	1070
348	970
296	931
317	1084
328	1349
293	1115
331	952
299	788
292	1003
338	871
325	880
367	811
361	892
307	986
321	970
338	997
344	929
383	927
340	907
359	1067
283	922
336	1028
365	936
326	1288
350	1186
375	1236
382	1254
324	1101
331	1067
329	1085
330	1307
302	1028
346	952
306	1179
308	1102
401	1197
363	1106
310	956
320	1022
323	1122
294	843
341	752
358	803
352	902
323	754
377	934
341	1153
345	990
356	1158
369	1030
352	1182
350	1048
376	1103
352	1084
356	963
405	875
392	859
398	885
454	996
442	1012
445	1009
501	985
519	1156
521	1088
507	1107
488	945
523	932
472	1138
459	1048
468	992
379	890
369	885
391	813
348	719
366	1020
387	884
383	886
351	789
364	829
386	856
379	980
408	724
432	903
392	920
371	862
350	767
312	847
338	721
344	895
371	844
334	811
326	1012
360	933
372	796
361	972
346	945
329	975
343	1056
347	1153
329	952
309	1041
303	871
329	1021
308	1231
332	1297
343	1047
319	1150
324	1088
292	1052
349	1126
330	1036
303	1061
328	815
340	976
306	1141
290	1000
279	1183
332	1209
326	1038
303	1234
309	1234
303	1049
282	1063
325	1030
282	898
310	1038
269	1124
311	1011
298	935
314	980
323	1186
273	952
301	1074
298	1098
322	1291
258	1239
282	1251
238	1109
287	1133
305	1162
276	1234
301	1292
298	1157
289	1339
300	864
264	795
246	859
266	1110
251	1184
225	1161
314	1071
306	1115
281	1000
257	915
292	1063
335	1151
297	1258
281	1332
305	968
288	1054
270	964
308	1032
311	1157
298	1061
292	1244
300	1155
304	1066
271	1111
307	1119
275	1244
285	1345
300	1198
330	1010
323	1063
312	938
294	1100
307	1072
256	1081
257	1192
303	1011
324	939
310	932
349	1193
304	1073
335	1077
291	1152
314	1149
338	883
301	996
273	940
275	954
282	848
294	976
272	1011
283	1056
293	1099
329	1064
303	998
295	1033
345	1108
342	1049
278	1152
267	1100
276	1157
295	1249
299	1162
323	935
256	1033
319	989
270	1161
284	1195
294	1111
262	978
273	1075
274	1081
264	960
296	992
275	1159
260	1091
249	1030
287	997
297	939
308	982
310	1090
321	1067
280	1081
263	1022
281	964
305	1028
285	1049
247	1004
259	1017
282	859
305	989
295	1016
315	968
290	910
292	972
289	1009
292	975
271	1018
285	1006
271	1130
277	1062
296	1064
318	1087
284	1062
291	1189
296	1177
267	1004
288	978
291	961
315	926
317	1013
316	1082
286	941
258	938
268	958
291	999
267	1119
277	1198
298	1034
309	1205
281	1156
290	898
329	968
324	896
279	1016
299	1225
307	1288
328	1063
278	1118
352	1004
260	929
264	893
280	1006
289	1066
294	1019
306	884
323	1006
279	1226
268	1225
264	1149
321	1058
257	1009
301	1053
254	973
260	1100
279	1035
278	1031
226	1016
269	960
249	977
283	976
297	1043
298	1186
295	1139
322	796
245	927
325	873
292	880
285	1047
319	948
307	1019
304	1085
325	884
332	949
322	889
309	892
311	983
290	995
256	1020
296	1068
315	1134
296	975
305	1076
265	1049
272	1081
265	1004
287	1118
295	1107
294	1224
284	1274
288	1218
273	1044
279	1188
265	1167
298	893
329	972
314	966
340	1040
290	1218
326	902
343	906
327	1201
296	1028
288	1284
292	1033
280	993
302	1004
296	1331
287	1132
284	1119
280	1248
252	1105
272	1105
305	949
290	991
347	1137
280	1036
316	1186
310	949
254	1155
257	1106
283	887
259	907
283	974
293	932
257	921
236	1026
285	958
304	941
270	1154
268	1178
247	1136
272	1191
249	1061
276	1169
276	1233
270	1317
290	1361
305	1170
319	1292
301	1447
252	1441
248	1379
256	1191
296	1165
260	1008
284	1140
276	1074
284	1088
265	997
306	932
298	992
292	1073
270	1068
294	1145
322	1141
313	1178
297	1179
305	1347
330	1252
288	1305
285	1183
274	1204
290	982
283	1076
281	1104
257	1113
268	951
284	1104
306	1369
287	1269
297	1304
267	1335
300	1093
263	1147
274	1080
285	1159
312	992
336	1149
265	1151
284	1108
299	1168
277	1039
276	1007
290	859
300	1040
303	1048
297	1068
258	877
260	905
264	1012
293	1064
284	995
283	1003
284	944
276	1071
261	1097
281	1113
290	1095
303	1026
324	1174
308	1288
298	936
318	940
300	954
268	874
266	1042
284	1054
307	1036
328	1059
347	1018
304	930
290	1102
312	1048
326	964
289	1017
270	879
293	1012
302	942
298	922
286	936
293	912
329	868
313	1025
308	1152
335	1046
320	723
280	803
256	808
312	906
272	1075
312	1122
321	1136
276	992
323	978
301	993
343	975
308	858
320	826
286	808
264	795
271	732
280	834
308	924
310	1084
311	1140
241	937
296	909
327	958
330	839
315	776
271	772
319	758
282	825
301	1017
277	820
359	1037
273	963
317	925
278	1071
308	1149
310	1022
319	1184
299	1004
287	898
254	776
256	762
280	771
253	807
262	870
317	874
300	1036
288	949
276	1032
262	1013
280	1206
337	1090
281	1067
298	997
273	935
284	850
294	766
293	844
302	951
316	940
337	1103
289	903
303	912
317	1077
302	980
304	895
284	944
315	1013
324	887
323	724
268	1023
336	1004
330	979
353	883
288	872
293	995
305	947
304	1005
359	897
366	977
352	969
340	826
353	1102
314	1157
311	837
348	895
321	1157
302	1107
335	965
315	970
342	970
297	995
299	890
277	981
325	1025
320	894
349	835
357	986
329	1067
285	1137
321	930
313	1122
261	872
314	937
332	1079
301	1088
304	1107
331	1229
333	999
317	1126
334	1345
346	929
365	1067
367	781
372	751
359	850
370	827
397	845
411	1015
449	873
460	808
426	820
466	792
457	754
432	977
487	979
443	1072
446	975
475	862
413	965
444	868
438	885
466	870
517	837
597	1009
549	1066
537	896
490	933
653	942
659	986
698	1074
668	1127
613	1143
582	982
678	1140
661	1127
616	1258
622	1169
679	1003
662	878
667	991
591	1097
644	1062
655	1118
615	1247
662	1137
726	1234
694	1068
675	1020
709	1277
656	1371
663	1103
695	1118
711	1090
691	1098
689	1119
645	1019
589	990
629	1023
623	1136
652	1039
603	1102
666	1280
625	1218
563	938
647	871
565	980
531	924
501	972
463	1120
514	978
488	951
468	1142
432	1180
459	1000
461	981
426	833
394	886
398	1036
408	986
428	1035
455	932
439	1150
412	1023
447	909
445	1032
515	1155
478	1317
477	1108
401	1145
447	1096
481	1086
505	1071
481	1111
489	1452
482	1397
458	1049
479	841
495	869
507	1004
503	969
488	1093
510	991
529	1074
544	1102
565	1019
573	976
637	887
649	1040
571	1040
527	960
604	1004
592	905
704	933
666	1124
623	1063
650	1181
677	1084
744	1277
773	1331
714	1324
729	1125
696	1280
688	1071
793	983
779	1093
722	1180
707	1204
787	1030
795	1118
877	1192
828	1153
855	1234
839	964
750	826
747	1024
700	996
706	1080
664	860
635	892
695	915
707	1196
718	1028
625	886
635	933
591	884
619	897
698	900
582	805
549	915
502	937
575	1041
640	1084
597	1094
613	1128
589	1347
572	1360
644	1189
625	1201
557	892
597	1060
590	973
596	1025
617	1094
641	979
693	963
772	1082
741	1064
714	1046
857	993
1072	1111
1477	1005
1156	901
1048	915
1242	1264
1391	1153
1547	1003
1351	851
1235	1013
1428	866
2193	979
3260	1001
3622	963
3603	829
3519	986
4563	918
5128	945
5214	870
4903	1149
4858	1001
5384	1014
5593	885
5702	904
5758	893
5599	981
5662	1159
6903	1312
7995	1473
8298	1372
8375	1248
8610	1353
9353	1291
9924	1352
9991	1292
9201	1416
9351	1330
9517	1280
10191	1298
10064	1075
10068	1229
10013	1366
9892	1421
9485	1069
8971	955
8341	1116
8165	1019
6430	1031
4503	1143
3423	1090
4357	1070
5253	1146
4246	982
2902	1020
1727	1074
1852	946
2314	912
1692	923
1028	1023
762	1107
714	1007
927	992
943	1125
710	1243
453	1261
383	1029
432	926
433	913
458	989
349	1000
370	929
363	925
355	1143
352	1021
318	1083
290	1058
317	1260
293	951
285	899
284	958
305	930
307	884
276	1030
274	1065
288	1132
325	1099
357	912
292	1198
305	1363
290	1171
288	997
286	1053
278	997
280	1059
317	1085
354	1213
338	1142
317	1001
332	943
329	943
307	979
289	1195
308	907
315	902
311	876
361	873
406	1144
309	1013
349	1057
303	1148
325	1094
311	1115
318	904
353	961
327	1011
333	958
334	932
314	1138
308	1213
329	1449
308	1618
334	1291
268	1272
300	1233
330	1327
330	1485
336	1344
313	1327
281	1627
321	1428
289	998
304	876
292	1016
328	1131
306	1037
319	957
296	1009
320	1103
306	1002
332	980
327	998
295	874
286	982
283	966
263	941
293	884
309	732
307	770
304	975
307	957
306	1005
276	958
296	859
345	877
319	966
301	806
283	799
287	838
306	1003
267	1115
300	1242
282	1131
274	1044
276	838
296	755
279	966
305	886
299	813
322	1124
311	948
315	956
317	1121
335	1420
314	1498
359	1357
326	1294
346	944
365	1113
340	1057
362	1242
301	1334
297	1081
352	1070
372	1309
290	1045
322	1124
362	1153
342	1113
319	952
347	930
322	1145
317	1038
345	877
345	1026
318	1004
363	995
341	759
298	874
319	895
385	1065
380	1085
390	796
441	829
353	872
376	1001
395	690
318	938
370	776
353	922
402	967
364	1063
347	1084
388	872
346	774
389	902
347	1214
343	1279
362	1047
409	923
371	973
443	870
412	887
397	1017
425	951
407	883
393	874
411	766
371	720
429	837
412	737
410	753
482	920
407	849
385	768
359	867
419	981
381	1047
397	1121
379	1251
381	989
375	1019
394	960
384	869
344	838
390	872
462	867
409	975
396	1148
420	966
372	1099
325	968
367	933
302	1149
372	1148
333	945
359	1102
332	1255
379	1099
398	1330
368	1429
323	1222
343	1192
349	949
301	1042
320	982
341	806
341	906
342	882
341	851
336	879
381	893
331	1039
366	1005
302	981
351	956
341	872
320	884
278	825
315	756
292	895
305	1116
300	1032
322	816
305	870
333	810
320	722
333	958
274	942
330	977
271	1005
281	874
318	1083
282	924
325	822
373	985
271	861
300	872
317	874
300	1063
305	1171
302	1023
345	1042
320	1002
287	824
316	865
296	939
263	843
306	1017
319	907
302	1131
314	1004
285	956
269	919
254	903
278	895
293	1051
376	1179
357	1106
308	1160
371	1083
337	998
339	1156
365	998
384	1059
437	1086
415	1155
394	1094
419	1034
384	1033
337	1185
343	1160
331	1006
317	1011
359	933
335	1012
332	1116
316	1320
302	998
313	1045
256	1059
293	999
305	1202
280	1014
291	1113
318	1091
319	975
334	1064
288	1175
324	881
333	915
363	872
294	927
286	853
315	1016
302	1003
266	788
273	809
302	904
306	827
291	875
278	833
308	831
312	1108
319	900
311	988
308	1099
310	924
269	942
285	890
271	787
300	764
275	781
290	855
275	848
268	926
269	918
318	870
287	1055
326	1123
267	1069
300	1054
279	1353
286	1368
295	1337
316	1274
282	1353
350	1187
332	1082
311	915
301	1185
306	1041
332	1104
310	1071
298	943
290	1009
327	1030
281	828
317	708
309	1057
283	1001
294	1040
265	996
282	1028
283	890
261	819
284	846
297	916
274	930
275	882
282	870
293	854
255	1000
298	950
296	1202
314	1018
313	1068
302	1271
294	994
257	946
239	931
266	988
294	990
275	988
309	1044
324	1114
301	1011
319	877
292	853
295	973
317	963
279	915
318	994
288	1011
284	1009
257	936
266	1049
318	944
290	1054
265	975
290	1162
271	1190
299	1103
284	1280
287	1224
307	1067
325	955
315	977
298	992
304	819
307	1066
296	995
300	1111
261	1017
328	1082
301	1029
313	958
312	819
270	930
305	884
282	911
260	897
261	932
303	865
305	913
289	884
273	704
326	817
328	984
293	942
317	821
321	879
290	981
270	1168
279	1043
303	915
309	922
333	1147
307	1068
311	893
341	858
337	915
329	875
378	788
379	746
374	935
346	865
345	784
334	817
364	905
339	775
329	1023
381	965
407	923
368	769
432	819
434	1104
445	1010
444	942
433	886
419	1079
429	1121
399	980
442	950
425	958
449	1125
415	1061
423	1041
470	1226
575	1130
561	1195
506	1202
563	1008
484	1127
518	992
517	911
490	1140
544	1107
514	1102
464	1106
456	1148
515	1043
499	1032
519	823
468	916
486	1149
500	1022
558	908
563	826
643	795
624	828
680	795
585	863
544	1085
474	1032
419	965
411	928
412	1108
410	1296
352	1423
393	1052
364	1071
386	1109
436	1037
486	930
486	924
532	952
552	935
568	868
592	864
575	982
545	1052
499	1099
532	957
558	915
521	915
389	941
448	924
416	902
384	811
396	1021
399	990
432	936
387	920
383	875
429	833
398	966
372	961
371	1112
388	1107
352	934
350	1052
384	986
351	912
393	948
373	903
379	938
310	945
344	875
317	1004
293	986
327	892
315	899
321	934
304	976
339	1120
346	1157
289	1147
292	953
347	1042
301	1050
309	981
287	871
339	832
351	900
394	902
381	1119
366	1298
394	955
345	990
334	870
349	868
352	1006
360	1071
386	905
385	1087
390	1003
399	1023
397	984
373	1014
394	1071
443	858
407	986
350	786
349	1075
331	1008
340	1072
330	1077
305	1019
373	978
335	933
328	755
295	827
314	944
311	973
291	903
312	1061
305	910
308	859
298	861
324	918
330	1032
344	1241
367	1064
330	1084
371	919
382	947
380	1000
350	850
332	880
333	912
384	1003
359	982
341	911
317	1089
347	973
306	909
340	968
324	915
251	807
290	865
288	940
287	940
299	826
251	805
279	906
293	927
354	814
343	969
324	1051
277	1062
325	870
294	929
333	897
303	922
287	853
300	907
338	968
335	802
336	1116
309	1026
334	1069
296	1178
319	892
317	839
395	825
310	779
389	1000
353	924
335	838
358	1025
381	797
372	862
366	775
345	828
332	824
355	908
301	898
353	999
320	991
305	876
361	920
333	777
340	840
344	906
350	916
305	1015
347	1225
321	1148
365	1032
354	800
346	971
369	1037
394	921
349	961
416	1073
406	812
369	912
365	956
372	903
337	975
347	1094
336	1069
312	1026
359	839
367	891
309	957
400	916
391	1043
354	1106
409	962
386	1159
325	1050
385	968
359	1009
380	1000
368	1104
323	1048
350	1054
385	999
327	954
384	1056
360	930
345	1109
322	1042
333	848
359	931
362	1146
368	765
376	1185
407	1124
367	1232
377	1173
381	1255
370	1081
358	1113
388	1053
320	957
353	924
331	953
341	986
289	1101
365	985
377	1127
329	1137
310	1093
295	1341
331	1147
361	1167
321	1085
339	877
353	918
350	875
410	816
370	772
335	919
382	1013
387	938
401	990
457	1085
341	1044
365	1048
306	887
344	1074
340	1038
333	938
328	992
308	849
373	850
354	982
372	965
303	965
317	1165
340	1122
325	1173
315	1063
313	1294
367	1162
335	1102
328	986
295	989
346	907
376	913
327	983
332	960
347	1021
337	1004
335	978
353	1112
325	1051
382	992
342	1152
350	937
347	1148
366	1043
359	1164
330	1118
333	925
344	825
343	793
307	635
326	792
334	764
358	1037
365	981
361	1057
327	969
346	878
322	924
321	881
370	881
336	920
373	853
379	883
365	903
329	869
337	862
377	829
347	879
344	760
382	1017
376	1142
377	937
381	920
317	1090
383	1023
346	948
370	904
376	909
398	845
395	849
431	797
372	876
372	806
365	954
376	879
395	950
416	815
380	737
354	780
358	966
414	1045
335	1131
364	935
397	974
311	1092
330	863
342	991
347	844
358	873
301	906
363	767
343	878
357	874
359	840
343	947
325	1070
308	946
363	1099
349	974
356	1037
342	1087
374	989
392	1070
360	905
343	950
377	1067
349	939
349	1029
345	981
384	1095
365	1213
367	1312
356	1111
381	891
354	935
361	1000
355	905
366	1023
347	961
366	1033
395	972
351	904
352	950
327	1015
376	963
396	934
351	1048
337	904
329	1127
329	948
326	827
358	828
374	935
391	936
385	840
395	950
347	958
340	1205
318	1071
344	1014
386	1021
361	1145
362	1166
366	1213
367	995
400	1033
353	1113
328	1109
325	1208
360	1109
333	892
347	983
337	927
299	1031
319	970
344	859
326	947
300	1079
335	1123
363	989
344	1006
349	999
372	863
342	912
346	899
390	1036
360	965
349	796
318	908
306	851
335	1050
349	1025
338	882
360	1012
353	1038
350	1017
303	996
344	902
358	985
365	1011
420	999
399	996
421	902
380	1000
345	1014
353	987
313	1157
348	1157
354	1149
335	1161
346	1284
345	818
351	946
311	1113
311	1032
316	1051
359	906
347	952
319	1049
308	1082
316	1002
365	1091
332	1075
338	1032
315	895
323	883
321	771
306	736
340	880
313	940
305	835
343	907
309	916
305	907
318	746
306	639
330	836
295	953
370	955
308	906
278	1099
299	1057
308	1136
297	992
357	749
356	849
389	1122
365	1222
387	1289
316	1212
360	985
344	899
355	843
366	838
346	898
339	1005
391	906
390	1049
346	948
336	977
334	932
333	882
317	938
349	1040
367	1108
371	1110
373	1091
