1190	882
1268	774
1139	801
1078	883
1034	888
1080	912
991	840
920	793
786	980
917	951
890	1130
878	1095
854	1250
897	971
958	913
972	1007
980	745
1033	846
1055	810
1079	893
1176	933
1006	988
1115	917
1037	925
1120	986
893	847
984	1060
922	1025
899	1152
892	1001
779	936
767	902
815	838
849	782
803	851
773	750
712	890
780	1036
889	1100
773	1114
774	1092
692	1044
644	873
688	923
654	894
558	848
542	853
551	1003
610	861
575	723
545	889
516	871
560	866
480	1025
562	966
557	1003
532	977
492	1047
516	885
472	879
490	1000
445	1043
449	1171
405	989
426	843
465	1024
411	1006
406	1078
444	1037
440	916
419	889
434	982
491	769
403	765
442	1029
439	1098
410	1012
472	1143
409	973
383	1094
359	1213
399	1190
407	1302
495	1516
398	1068
420	1008
388	990
386	964
446	993
434	972
406	892
379	983
433	964
378	1089
370	840
440	914
508	967
484	912
447	1024
475	1047
467	1217
448	1091
391	1023
468	1130
491	963
457	925
482	968
501	1044
519	1003
543	865
477	997
541	1056
487	1045
581	1062
625	879
525	1337
540	1071
504	1052
530	1094
544	1083
624	875
538	874
565	1134
667	1188
639	1103
634	1082
649	1061
656	1086
670	1144
717	1129
715	1116
722	1043
619	923
622	912
624	1067
673	1247
702	1223
670	1192
693	969
578	975
584	763
584	1037
578	933
555	1084
609	937
650	846
596	759
721	956
640	1199
704	1119
748	933
764	974
738	825
769	807
749	753
755	952
669	1089
652	953
677	1063
624	961
626	869
573	906
573	1104
633	935
574	928
598	1030
602	1012
634	1025
676	1130
647	1079
712	1263
697	1010
738	1024
774	1222
772	1150
723	1039
711	1177
624	1135
502	923
601	1067
492	983
508	1041
479	1163
492	916
526	970
494	977
511	957
606	1003
614	996
579	953
619	979
667	843
752	1035
750	998
785	1097
763	1030
729	1009
834	1113
779	1199
771	1096
787	977
815	1001
926	1062
1048	958
1148	978
1085	1012
1179	1090
1422	982
1496	1085
1454	975
1403	1040
1276	1053
1063	936
1012	1003
987	1036
920	1004
1007	969
1039	982
741	1030
736	923
763	961
749	1043
713	1159
573	1155
647	1184
615	1263
618	1025
640	985
664	1033
581	1129
524	1064
506	1039
493	1112
481	1031
422	1039
427	1111
425	1008
474	1013
501	958
395	942
391	958
441	893
436	1099
435	1039
457	1038
389	1150
483	961
460	899
398	1107
402	1045
401	1160
411	1210
409	1194
419	934
417	864
473	882
418	880
392	858
363	946
388	824
401	877
386	865
393	1153
384	924
430	1021
370	1092
405	1059
382	1120
389	1074
468	1232
400	1017
362	1123
405	1330
354	1289
374	988
369	1103
335	1090
368	838
389	969
416	931
436	919
413	871
372	973
429	902
453	990
432	994
441	798
419	1032
407	1003
383	928
419	950
432	1094
464	1115
396	1118
396	1045
432	998
416	1072
409	1099
412	1288
433	1147
429	1197
473	1209
437	1191
413	1040
390	945
378	889
392	1108
350	1144
397	963
370	999
331	967
366	870
372	856
421	1017
409	1051
415	973
446	950
424	1042
407	1017
421	913
526	939
522	890
657	932
766	841
715	936
562	1012
611	944
656	853
745	804
742	909
757	1085
683	1053
736	985
849	987
781	1100
761	1000
654	1133
639	1087
799	1255
862	1052
904	1043
981	1188
888	1156
886	1001
853	1139
860	1230
932	1098
931	999
882	1230
686	1358
636	1591
693	1384
719	1396
636	1237
588	1538
580	1513
728	1326
618	1314
609	1156
639	1148
655	1143
703	1248
746	1103
680	1165
683	1298
669	1227
646	1278
667	1183
633	1283
705	1137
736	1293
648	1293
648	1135
611	1220
477	1201
459	1019
424	1093
491	1079
483	928
435	1166
438	1133
374	1084
397	1252
382	1328
415	1211
439	1083
458	1033
401	1071
417	1117
385	982
364	1157
424	1036
380	1107
403	1185
400	1183
423	1129
406	1088
352	999
403	1207
402	1083
361	914
395	1052
414	1048
412	1047
395	891
410	847
389	986
397	848
378	913
414	952
401	1012
423	1132
456	939
403	1006
396	1047
370	869
387	978
357	1013
380	1218
338	1081
340	1053
346	1302
359	1166
364	938
373	941
377	982
413	898
330	868
413	1058
403	993
430	775
417	995
396	989
303	967
303	925
328	899
343	955
347	1110
382	1078
326	848
441	955
367	890
360	980
390	966
370	1134
349	1023
408	1223
390	1147
367	1081
319	1212
331	964
371	1177
372	1029
381	1033
339	1061
341	929
362	982
333	1054
359	1168
385	1075
367	965
376	1047
347	1089
361	958
397	1097
337	1080
355	1116
356	1232
358	1143
334	1026
365	990
342	930
373	1048
339	1083
402	1028
389	1074
364	1136
427	1016
432	918
377	972
395	806
352	737
372	925
418	967
347	858
366	848
375	982
369	920
361	969
321	1029
395	1066
337	799
345	764
346	944
349	956
370	955
358	1021
391	1109
402	964
356	1103
401	1195
344	911
384	1017
361	1026
383	865
392	954
372	1236
370	1284
412	1292
405	1120
369	1119
348	875
350	902
371	1049
340	931
381	1116
354	1038
362	1006
355	867
400	1128
386	1144
362	1005
331	976
357	1121
393	1098
437	1108
387	1175
375	1121
397	1294
376	1074
361	969
344	959
361	984
315	1005
359	964
350	1050
383	1139
371	933
361	894
334	958
402	869
368	716
340	827
363	830
330	664
400	868
355	807
368	895
364	1046
371	879
341	1040
360	1327
345	1183
358	1307
380	1213
362	1068
366	932
313	928
389	863
323	1001
349	971
390	1002
360	1163
371	1178
346	1203
407	1212
390	1099
376	1062
392	1196
418	1151
354	1070
401	1349
416	1159
385	1086
407	1024
399	1147
399	1095
461	1293
424	1174
382	1189
335	1147
397	1174
430	1246
388	1146
395	1214
416	1334
385	1429
341	1257
374	1402
412	1281
337	1052
373	1074
355	1010
380	1080
311	1018
327	1007
351	1092
330	1116
395	1102
382	1004
383	1061
407	1033
367	1015
327	983
310	917
333	1119
390	974
406	926
285	877
314	836
330	931
318	920
354	1027
346	883
329	747
389	915
379	839
371	851
444	988
405	1044
359	1150
408	1160
444	1092
415	1193
363	1088
401	1037
380	965
429	1005
427	956
424	1015
404	834
423	1047
436	1224
359	1135
352	1133
382	1041
413	884
425	955
434	946
461	1061
468	1016
479	889
472	1016
507	889
545	849
560	1073
568	957
522	1110
473	945
504	1025
486	1102
440	1200
503	1108
598	1238
609	1219
727	1295
749	1293
674	1295
522	1125
616	970
553	857
619	1027
555	858
563	1019
508	1106
506	1121
543	1171
402	1107
451	966
446	1096
407	1072
399	970
463	1172
459	1239
488	1009
557	1185
542	1362
494	1128
570	1248
512	1087
527	1134
522	1186
482	1174
506	1220
394	1182
476	1238
445	1210
473	1123
487	1400
412	1247
445	1233
452	1162
422	1014
436	1151
436	1152
422	1128
334	1137
373	1162
373	1172
436	1284
477	1260
485	1152
466	921
391	999
381	1129
429	1041
409	1029
416	1084
461	991
433	958
404	1108
368	958
384	902
384	994
384	934
389	1053
355	988
361	942
307	983
347	1062
368	1028
398	1118
349	1076
387	1014
361	1076
358	1070
360	882
386	983
414	869
350	1149
376	1335
351	1313
358	1254
354	1332
434	1175
449	1094
369	1019
353	1014
339	1085
360	1079
360	1209
357	1199
384	1216
355	1319
397	1061
376	1276
390	1165
453	1171
407	1062
425	1321
415	1081
415	1004
405	1151
435	1248
394	1106
383	1060
358	956
339	932
357	1164
366	1127
362	1077
386	1057
400	1093
435	1262
396	1044
381	1097
385	957
365	946
374	1095
362	1113
349	1263
444	1536
431	1216
355	1170
401	1314
424	1172
383	1299
353	1280
389	1194
401	1400
460	1246
385	1177
384	1211
376	1290
442	1151
427	1037
393	1019
372	943
378	912
406	1212
364	1231
372	1178
410	962
357	1056
444	1036
392	1025
409	1069
416	1015
426	1117
437	1295
487	1356
461	1168
433	1253
490	1257
455	1113
461	1050
488	1055
483	1111
448	1075
472	1133
527	1237
523	1200
494	1248
594	1301
597	1187
505	1088
537	1197
580	1134
528	1030
512	1299
577	1263
601	1456
574	1496
579	1411
563	1226
593	1316
481	1272
520	1024
536	1041
535	1048
469	1043
508	941
536	1055
522	854
534	855
539	781
533	890
587	988
468	1147
467	919
538	920
505	1052
458	846
508	860
520	815
509	815
522	965
549	863
540	861
533	810
559	855
585	976
601	886
580	887
547	925
531	789
600	756
575	840
584	849
579	843
557	804
605	972
563	945
627	1059
550	933
565	1035
631	911
705	954
652	1090
647	1120
616	1010
692	1020
678	1126
654	1021
725	953
666	895
720	1055
779	972
710	945
679	1036
682	1100
749	979
745	919
643	928
689	876
731	871
619	828
730	970
749	1047
672	1088
688	990
743	883
733	927
860	955
797	1074
761	1152
770	1127
758	1123
831	914
856	925
764	986
831	1087
879	1062
865	971
961	888
923	858
914	1128
1000	1086
1008	1073
1170	1034
1194	1049
1183	1130
1252	1016
1411	1175
1473	1091
1427	1048
1467	1039
1489	942
1832	918
2265	1036
2305	943
2030	1056
2128	1059
2300	1221
2581	1157
2838	1208
2514	1172
2398	1410
2172	1155
2224	1339
2260	1130
2141	1046
2125	1058
2020	1065
2122	1111
2129	1147
2153	983
2263	1059
2277	1139
2152	1261
1845	1100
1910	1103
1844	1221
1883	1227
1625	1117
1426	997
1409	1021
1577	916
1525	910
1473	962
1333	948
1135	736
1216	756
1188	1054
1150	1052
1006	943
961	1034
960	1043
900	832
930	926
873	1031
843	921
901	1132
874	1048
840	1107
837	1119
781	952
913	1121
866	1057
905	1129
975	993
1030	1022
1096	994
954	1153
1052	1240
1059	1095
1082	1199
1118	1096
1018	1101
1092	1092
1187	1268
1251	1368
1260	1275
1266	1189
1233	1174
1349	1089
1432	1075
1522	1209
1742	1052
1724	1052
1832	1210
2011	1031
2080	1032
2191	1065
2170	1099
2133	1100
2090	1087
1875	1082
1697	999
1403	1116
1157	995
1041	994
1110	864
1128	894
1197	998
1239	932
1450	1025
1419	1086
1224	919
1208	886
1247	794
1243	889
1068	975
883	1109
737	894
879	987
978	1108
970	1107
909	1079
925	1128
940	1235
991	1240
966	1184
900	1099
911	1226
946	991
950	1242
796	1245
681	1158
676	1408
786	1096
733	1158
683	1215
649	1218
589	1237
615	1160
580	1131
654	1284
610	1358
628	1151
550	1045
614	1127
638	1218
638	1260
646	1131
577	1368
688	1206
654	1061
579	1191
538	1103
508	1183
511	1038
490	999
540	1122
508	1222
562	1045
598	1061
662	1110
647	1006
668	1091
649	1193
670	939
729	952
710	880
793	992
844	955
961	889
836	1074
713	927
736	871
664	886
614	976
531	980
520	846
475	910
497	1008
457	1030
503	1184
461	1155
477	946
489	1172
452	1049
458	953
452	1016
465	1163
427	1147
440	1076
413	991
412	1034
362	869
400	975
392	871
368	909
400	1008
376	812
416	1037
443	1185
413	1113
410	1233
420	1325
343	1168
342	1066
418	1090
422	1073
413	1206
403	1028
455	965
433	1194
460	1376
453	1382
419	1104
407	1218
357	1357
404	1064
384	997
353	970
402	980
374	886
364	979
367	931
344	924
350	1127
363	1130
351	1127
422	1023
365	975
389	1071
376	966
383	978
406	941
449	1092
398	1098
384	1093
344	1257
400	1000
404	1094
372	978
366	1149
412	1180
423	1148
417	1255
453	984
412	1102
332	1182
405	1057
388	1112
341	1158
342	1143
354	1292
368	1198
367	1313
399	1215
442	1288
375	1229
386	1276
408	1272
397	1214
342	1124
355	1173
445	1075
400	1057
380	939
373	1106
378	1013
415	957
405	1048
474	1221
412	1131
380	1023
384	1061
421	1166
385	1140
391	1031
411	1005
376	984
377	958
404	958
430	1084
428	1247
444	1062
417	1153
425	1162
375	1027
428	1135
413	884
467	1007
389	915
426	1157
457	1137
444	1223
401	1037
392	1117
367	1012
421	958
432	1048
422	973
365	1059
399	1283
361	940
378	1092
371	952
429	928
382	1043
425	1075
414	1055
401	984
392	1088
416	993
429	1041
443	1140
430	1051
388	1089
409	996
391	876
421	820
423	986
420	977
466	1136
467	1158
457	1091
439	846
420	928
404	866
392	968
407	950
425	876
391	928
459	834
432	947
427	967
413	928
492	881
452	793
376	786
381	882
340	943
357	1009
343	1002
379	954
426	1134
391	1019
388	908
413	1000
414	987
462	905
387	1181
455	1322
433	1104
365	1035
402	907
399	931
417	893
458	988
441	1107
379	937
393	1130
408	914
369	862
377	959
402	978
428	1130
414	1003
411	1058
461	1098
498	931
593	816
491	841
647	973
738	748
702	888
660	996
620	885
613	992
677	1066
646	1238
542	1045
492	1061
434	1053
414	1183
397	1162
428	1191
426	1006
419	1077
410	1160
347	1109
361	1225
379	1003
378	1059
406	1192
398	1192
403	989
413	1207
412	1223
359	1039
382	1128
335	1012
390	985
381	1138
418	860
365	839
343	861
337	942
379	1007
385	964
404	1146
354	1077
328	894
347	881
347	944
391	919
411	861
342	926
375	1082
362	1256
354	1316
374	1077
354	1157
359	1042
340	1025
363	1025
373	871
347	801
346	911
379	962
382	1076
386	903
340	923
376	1173
332	1193
353	1123
365	1025
371	1077
375	1087
394	1367
406	1197
373	1202
354	1248
342	1166
361	1161
346	986
374	962
371	1027
374	1054
380	1016
371	1189
338	1095
325	1067
332	1254
357	1081
348	973
396	1013
375	1082
384	1147
386	1062
394	1117
381	1135
351	1317
352	1086
357	1137
348	1067
417	991
392	1001
372	1032
363	1186
360	1015
406	1049
393	1027
398	1031
353	1059
398	970
386	1209
386	1240
453	1177
391	1018
392	1084
404	1280
368	1260
394	1040
413	960
346	1124
381	1110
398	1042
374	1114
348	1114
349	1120
348	929
335	943
425	1118
349	1109
357	1260
387	1286
342	1099
417	975
357	1084
398	1022
391	966
387	995
352	848
361	1232
343	1065
297	948
340	1022
348	1151
408	1126
347	1059
373	1153
347	1224
395	1198
378	1264
390	1186
386	1327
408	1086
391	1089
362	1380
388	1331
401	1275
377	1079
375	990
370	1182
360	1105
369	1237
408	928
411	1143
425	1250
343	1045
366	1296
411	1299
368	1232
340	1293
369	1099
356	1190
339	962
346	927
367	1097
353	1081
409	1090
413	901
357	972
408	966
431	960
432	1161
448	1081
431	917
464	1062
400	1104
343	1279
418	1310
415	1094
429	1032
454	1200
481	1238
474	1104
534	1166
489	1079
505	1153
489	1125
482	1201
425	1009
517	1206
411	1105
460	1129
457	1138
413	1254
463	1488
430	1064
428	1044
455	1102
448	1108
382	1167
476	1064
429	980
413	1169
467	1006
448	1034
415	1044
440	853
399	805
406	965
373	878
327	807
384	822
434	855
370	733
360	826
422	844
381	878
437	890
445	899
386	823
353	792
394	823
460	947
384	1005
426	1271
335	969
336	834
381	1099
369	978
376	1013
429	984
402	923
356	890
370	960
400	1038
414	907
370	921
332	943
372	992
352	1134
360	1031
371	991
353	1060
332	1032
393	1139
420	1214
411	1129
386	1112
361	1062
414	1014
401	1068
377	886
386	986
356	1073
401	1138
401	1071
405	1054
390	1034
384	1094
290	1143
378	964
391	1179
354	1141
403	956
388	1211
369	1219
387	1277
400	1254
414	1102
352	1217
308	974
365	879
356	1025
419	1090
392	1085
366	957
390	1016
348	881
335	895
321	762
366	924
405	941
388	1072
373	957
369	1003
382	1088
365	1219
375	1044
364	1035
396	990
354	959
341	1098
435	1004
408	1047
355	939
375	788
354	1047
391	1026
392	936
365	1005
356	829
349	979
404	949
446	1005
399	953
417	902
415	874
397	997
364	853
433	969
368	1008
337	925
350	1083
347	967
389	997
380	968
376	1205
415	1113
449	1273
373	1232
363	1479
397	1170
372	1101
360	1095
376	1157
406	1108
405	974
377	1043
364	1041
409	1041
383	1121
397	1032
449	1091
420	941
426	1163
425	1115
416	939
388	1031
348	1009
409	998
334	1064
316	1029
341	1145
377	1249
409	1051
432	1115
385	994
402	1210
407	1406
402	1439
456	1311
421	1216
365	1205
375	1362
413	1246
384	1361
398	1339
389	1372
371	1023
356	1233
391	1156
366	1058
380	1183
382	1315
367	1097
399	1043
304	1139
351	1234
424	1272
376	1050
377	1007
388	1045
359	1188
375	1135
360	1121
392	1037
394	923
379	864
392	1002
373	1051
342	878
353	967
342	1024
351	996
375	1066
349	1044
422	887
367	860
385	930
365	981
373	926
344	858
387	881
363	925
386	873
323	948
352	733
408	741
341	740
342	740
338	772
356	820
357	867
412	896
373	859
381	914
352	882
382	738
401	852
332	899
389	1004
355	974
357	990
411	873
406	932
408	877
368	951
415	1116
354	1084
321	984
342	887
421	880
311	877
350	1002
397	1283
408	1198
343	1095
347	951
384	1320
396	1050
352	1174
389	1124
353	1016
394	1204
384	1074
416	1076
419	1076
433	1184
417	1197
420	1335
431	1376
432	1407
442	1191
423	1202
371	1396
344	1249
419	1158
385	1079
379	1293
379	1173
401	1219
403	1403
415	1331
408	1490
409	1223
391	1179
473	974
502	1149
451	1030
451	1064
555	1017
496	1001
459	1113
505	1095
509	1303
487	1046
486	1331
517	1187
500	1185
455	1077
496	1193
428	1285
465	1119
408	1176
397	1012
397	1249
473	1196
492	1094
454	1065
517	1231
452	1224
454	1295
463	1143
466	947
456	932
502	1058
507	1067
408	1016
409	1178
475	1273
479	1154
453	1138
377	1103
388	1330
450	995
380	967
402	1230
399	1238
427	1340
405	1232
364	821
351	917
402	1059
340	1038
389	976
377	912
397	888
384	1190
476	979
392	1006
388	1126
347	1173
393	1323
471	1330
464	1365
398	1142
476	1150
529	1146
640	1092
744	1135
703	1210
730	1379
701	1183
471	1057
392	1045
402	1025
424	1069
443	1108
432	1232
459	1110
456	801
424	1079
382	1107
400	1089
389	1064
386	1195
383	1139
373	1135
335	1346
355	1165
406	1070
405	1039
335	1118
323	1302
389	1230
315	1267
347	1261
344	1079
347	1005
348	1078
395	1054
409	1294
374	1131
379	1412
371	1232
343	1151
360	1149
407	1231
411	1321
377	1185
439	1071
448	1076
310	1215
341	1066
363	950
336	1003
354	1045
310	1017
357	1101
377	1015
373	912
375	1146
359	1177
348	926
364	1082
381	1113
396	1120
359	1383
316	1288
363	1371
375	1238
431	1352
431	1324
388	1228
413	1216
350	1243
351	1224
381	1126
447	1287
372	1056
357	866
319	932
364	998
370	989
420	1313
368	1237
406	1118
327	1236
316	1108
336	1205
339	1317
432	1132
436	1137
435	1113
365	1161
395	1376
365	1036
340	1139
362	1033
412	1252
321	1197
352	1162
341	1147
388	1090
336	1084
286	1118
309	1057
329	1058
351	1251
358	1043
366	1087
355	1024
398	986
320	1226
372	1117
377	1113
368	1005
327	1024
385	1019
350	969
419	980
391	892
422	1035
423	1120
375	1044
384	902
332	956
340	1194
432	1113
399	1126
435	1103
399	994
372	964
358	1017
431	1177
427	1259
443	1433
429	1463
402	1352
441	1192
387	944
382	1134
407	1335
369	1182
417	1027
375	949
352	1093
349	1086
371	1060
343	1083
375	1197
403	1138
373	1109
366	1203
349	1166
375	1058
359	1041
381	1210
372	1328
410	1111
413	985
453	1097
383	1057
403	988
418	1203
435	1172
370	1091
368	997
403	1010
420	1099
406	1186
373	1000
343	869
378	913
352	945
466	1053
450	1012
449	1028
369	1038
357	1158
416	1129
393	1194
358	982
419	936
444	931
395	1199
413	1285
406	1234
398	937
351	964
339	1045
351	1015
351	1113
319	979
363	1017
369	1020
353	1104
368	1043
374	1224
418	1144
366	1012
391	1055
430	1135
429	1069
427	852
399	812
444	859
380	1014
411	1247
397	1100
379	1039
363	1044
430	1082
332	1149
433	1138
359	1257
385	1118
365	1080
357	1016
360	1016
405	950
373	1018
387	1054
390	966
431	996
406	860
389	810
419	959
374	931
426	998
416	1299
386	995
377	981
333	966
325	918
368	985
375	1193
334	1220
356	1189
363	1115
349	1142
384	1147
350	1019
358	1180
392	1032
377	1000
342	1090
388	1084
362	1115
372	1059
397	1267
349	1105
322	1121
344	1041
381	1072
350	1008
360	1272
386	1342
363	1345
408	1228
389	1292
414	982
414	1012
373	1201
368	1190
342	1313
344	1069
342	1085
381	1341
452	1139
377	895
374	982
354	1004
396	1062
391	1108
342	1163
403	1107
404	1143
372	1051
325	1023
323	1189
330	1082
333	979
336	1150
347	1118
336	1349
445	1159
409	1141
397	1603
434	1384
444	1165
436	1050
443	940
451	1019
418	1018
409	951
388	1033
401	1022
365	1052
338	1054
349	966
342	1043
402	867
361	831
387	1023
422	1134
433	931
428	1076
416	1313
361	1248
345	1099
421	1166
461	1245
424	961
395	1087
427	1243
406	1044
424	1019
384	923
385	1037
421	1156
403	1157
466	1012
386	1028
442	1060
341	1012
353	1002
335	1117
402	1276
380	1191
362	1009
360	1052
344	898
341	1186
347	1181
409	1006
415	1121
408	1195
406	1342
419	1151
416	974
433	1242
393	1073
427	1102
392	1162
448	1066
434	988
415	954
411	1117
415	1382
398	1341
378	989
400	1083
400	1188
407	1256
333	1288
357	1162
393	1080
392	1098
388	1249
398	1256
378	1144
392	1205
388	1144
407	890
336	1000
362	973
336	978
418	949
360	1076
333	1022
388	981
392	1171
344	1241
323	1131
354	1139
341	1192
359	1271
389	1267
355	1217
335	1335
383	1539
349	1321
357	1331
393	1272
360	1268
389	1061
353	1124
413	1234
399	1250
350	1455
370	1573
403	1342
403	1208
361	1416
361	1336
383	1440
376	1414
356	1328
350	1446
326	1376
354	1467
379	1297
346	1211
352	1136
390	1020
337	1054
386	1457
452	988
344	1226
405	1320
374	1327
367	1235
362	1206
361	953
363	984
389	1044
382	1087
392	1176
376	1227
356	1088
370	1013
406	1103
351	1046
391	1155
391	1003
375	1176
375	1038
335	1027
341	1247
379	987
414	966
356	1159
349	905
349	1069
328	1186
360	1063
351	1172
337	1281
388	1129
342	1365
349	1236
340	1127
342	1210
348	977
336	1056
404	1056
408	957
371	1119
381	1197
356	1129
349	1120
354	1077
430	990
397	1018
392	1126
434	1216
399	1164
353	1046
369	1040
334	1215
368	1059
358	1064
377	915
396	1103
370	1100
371	992
405	1121
417	1214
362	1272
376	1348
435	979
362	1010
339	1255
336	1060
380	1048
380	1017
359	973
347	958
373	912
378	988
399	1011
379	1124
363	967
365	945
366	960
400	1061
340	1166
353	939
401	875
371	978
423	982
389	992
344	920
342	1067
345	1087
332	1111
309	995
359	841
381	910
369	995
401	916
381	1109
373	893
391	1080
386	1007
393	1020
356	982
397	1046
408	853
359	862
386	980
400	1041
408	919
351	841
363	1012
417	868
384	909
430	911
433	915
398	928
358	888
345	894
312	851
411	918
403	1025
370	1103
416	1039
387	1006
384	994
415	1146
403	1243
397	983
420	1221
369	1161
432	1052
402	1098
423	1048
434	1183
366	1226
365	1267
379	1182
379	1061
389	1300
432	1029
372	1054
419	1017
396	1041
386	1046
369	1064
425	1047
388	1341
444	1227
362	1054
480	1120
445	839
449	1015
449	1062
469	867
411	1010
413	1023
451	1250
407	1117
400	1135
357	1130
393	1269
386	1309
475	1417
426	1140
394	1103
425	1077
480	1007
537	1201
609	1288
614	1347
559	1472
619	1292
673	1423
674	1418
698	1365
610	1174
636	1191
760	1093
805	1319
865	1326
807	1213
830	1078
940	1000
1022	1108
1010	1133
964	1038
920	955
906	1014
1056	1181
994	1029
951	1119
1009	1047
978	905
1106	1077
1112	1059
1020	927
1095	962
1202	1068
1364	966
1447	991
1353	993
1374	942
1443	866
1429	993
1606	1033
1641	991
1553	916
1457	850
1500	741
1616	841
1572	841
1638	951
1616	889
1632	820
1853	898
1836	908
1818	1006
1797	892
1847	910
2053	750
2145	897
2175	869
2254	920
2063	871
2066	852
2192	996
2211	1032
2003	972
2073	910
2084	1038
2072	1140
1990	1154
1960	1136
1868	1040
2015	1085
1955	898
2031	951
2097	1035
2219	1104
2242	1070
2303	1198
2296	1128
2261	1131
2324	953
2269	1023
2319	1343
2236	1276
2258	1292
2198	1158
2197	1115
2053	1010
2172	1184
2090	1209
2066	1160
2017	1168
1883	1074
1789	1065
1745	1178
1828	1380
1915	1168
1992	1226
2035	1217
1937	1205
1881	1275
1924	1218
1748	1118
1655	1126
1598	1094
1497	1128
1510	1085
1455	1077
1432	1226
1309	1219
1326	1190
1424	1130
1320	1175
1294	1116
1291	969
1377	1056
1438	1114
1460	1173
1543	1175
1374	997
1325	1114
1281	1060
1256	1352
1117	1240
1084	1138
1098	1255
998	1091
1014	1038
1023	1058
993	939
885	983
909	953
971	905
980	961
1001	979
1023	1077
1074	1391
1107	1170
1054	905
1050	818
958	959
890	926
997	847
904	953
854	1014
842	1150
825	1077
851	1164
874	1211
869	1353
818	1236
851	1115
828	1383
744	1438
805	929
711	941
674	887
672	963
706	990
649	1142
595	1072
558	1164
560	1149
577	984
578	1140
585	1236
506	1065
612	1302
587	1086
590	1065
546	1117
589	1075
584	1014
528	1285
609	1186
586	1183
529	1243
610	1207
554	1073
562	1026
490	1140
502	1168
541	1233
456	986
473	843
518	1086
499	1298
528	1049
478	1058
497	930
413	990
452	1118
449	1139
503	1194
451	1117
517	1260
482	1053
459	1275
456	1146
432	1265
458	1241
467	948
466	1000
467	934
461	1177
407	1270
422	1069
466	1327
427	1215
440	1210
433	1197
473	1127
480	1056
432	1148
438	1026
373	905
392	931
417	954
396	1090
380	988
398	1016
430	1004
435	1050
418	1180
366	1370
405	1311
445	1048
401	1128
445	1274
394	1186
368	1208
403	1080
400	1048
384	1235
427	1105
486	1071
470	1015
447	1067
481	986
466	1116
533	1248
478	1191
477	1015
452	954
514	1068
473	1038
495	1179
491	1151
386	1186
457	1108
410	1131
470	1238
451	1383
409	1307
413	1272
447	1149
409	1099
445	921
491	1121
424	1323
398	1252
400	1325
438	1156
445	1137
365	1212
392	1127
403	1172
395	993
382	1090
438	1095
424	1138
406	1155
434	973
370	1161
370	1119
318	966
344	893
370	969
407	1069
390	1077
467	935
380	1006
351	1037
422	986
388	862
358	1075
393	1098
439	1296
414	1104
359	1152
355	975
332	1020
343	1034
393	1199
395	1090
361	1142
322	914
340	1349
371	1187
385	1065
400	975
350	1136
364	1168
349	1171
355	1237
391	1053
357	1009
330	1118
359	1107
319	1143
373	1238
376	1275
362	1189
431	1257
375	1318
416	1121
463	1059
382	1024
395	1071
417	1180
389	1148
402	1227
384	1046
393	1295
436	1038
405	1079
399	1259
346	1242
330	1178
369	1249
397	1351
350	1151
389	1280
409	1099
383	1087
414	1265
400	1193
397	1017
423	995
348	1066
330	1189
308	1376
388	1278
347	1232
358	1111
361	1040
341	1255
352	1101
392	952
322	1139
406	1003
407	1016
453	1013
422	926
463	855
430	892
411	893
431	920
452	970
417	974
404	1050
405	1050
370	1018
320	1146
322	1201
323	1151
376	1114
378	1089
345	1069
365	1166
394	1017
384	1159
352	1113
307	1087
335	1157
353	1168
344	1138
328	1214
391	1107
357	1170
388	1012
366	1108
363	1056
366	1000
354	1142
361	1101
389	1034
364	1208
344	1242
344	1075
366	1185
346	1118
348	957
347	1033
319	1006
326	1099
366	1330
304	1217
315	1329
350	1557
347	1534
344	1454
383	1156
376	1056
321	1232
397	1176
361	1159
383	875
363	988
441	1187
367	928
464	1114
428	1204
373	1154
366	1212
340	1255
341	1169
379	1183
389	1074
344	952
359	1075
369	1009
340	1110
384	1160
353	997
391	1150
407	1227
345	1014
356	1141
346	1030
331	1081
353	895
313	949
370	1128
334	1209
334	1159
316	1177
363	1027
361	1087
338	1181
395	1304
349	1403
401	1144
296	1424
360	1233
372	1153
365	1219
412	1320
383	1259
374	1407
350	1314
353	1287
375	1145
412	1174
396	1237
370	1116
429	1277
432	1400
383	1269
373	1057
407	1214
344	1175
420	1184
408	1359
419	1178
399	1237
411	1184
410	1261
393	994
373	1079
432	1153
428	1237
425	1278
426	1374
385	1375
462	1153
441	1357
450	1258
470	1297
454	1288
467	1397
468	1355
392	1018
429	1034
481	1184
423	1102
407	1090
414	1118
361	1000
410	1056
483	1101
507	1048
530	1174
505	1167
553	1180
489	1021
487	1146
476	1233
479	1120
556	1175
448	1121
431	989
514	1226
495	1123
472	1092
473	1091
470	935
471	1106
402	1012
435	854
503	1058
472	984
455	1011
488	1187
450	1076
448	1114
414	1097
430	1259
368	1258
344	1338
405	1443
414	1196
355	1133
375	1043
402	985
395	1089
441	1157
492	1060
439	911
475	1078
444	1206
388	1034
411	957
440	974
352	1070
390	1084
365	1103
458	1184
379	1031
377	1019
346	1239
386	1149
443	1074
461	973
463	1100
442	1100
459	1191
464	1304
470	1121
499	1234
394	1291
454	1207
451	1216
421	1161
515	1346
505	1163
505	1025
497	1098
484	1028
478	939
552	1197
513	1196
480	1182
527	1349
455	1146
456	1214
389	1177
376	1078
340	1036
393	1045
422	1045
374	1249
415	1157
385	1000
425	906
371	1169
433	1260
362	973
329	1022
335	1022
332	1030
311	1052
371	1169
374	1170
315	997
307	1228
342	1123
375	1175
371	1109
385	1159
414	1272
382	1029
333	911
399	1015
364	1108
374	886
364	871
356	950
351	1113
355	986
411	1047
354	1143
349	1187
383	1210
365	970
362	1080
399	1006
398	1040
343	932
349	1048
359	1210
350	1033
312	1012
361	1028
391	1044
370	930
372	999
354	1137
385	1329
315	1334
338	1053
346	1400
373	1428
391	1350
376	1172
382	1090
397	1097
392	1105
411	1040
436	1181
414	1027
385	1130
409	1232
393	1153
398	1142
341	1014
380	1287
399	1242
376	1096
337	1264
366	1213
347	1124
389	1081
366	1093
380	976
332	1070
378	904
384	958
418	982
376	1358
405	1066
392	976
347	850
358	858
374	1023
342	973
361	938
360	943
380	1115
380	973
408	984
345	892
379	1066
350	1032
379	1293
332	953
377	928
385	1032
374	1020
339	882
358	915
355	956
369	973
368	948
382	986
360	1108
351	925
320	980
326	990
318	866
390	817
344	983
380	1079
362	1014
329	857
397	897
396	865
393	974
405	976
373	980
369	1040
346	1115
376	966
360	1007
427	1085
383	1020
387	1225
399	1146
313	897
384	1110
363	1341
430	966
376	903
335	835
394	947
375	1026
381	1007
412	858
391	908
364	917
381	919
389	996
348	1077
288	1107
378	1011
369	1142
377	981
377	1016
414	967
393	1217
434	1051
350	1279
384	1213
338	1251
369	1055
361	994
380	1171
376	1203
391	1192
331	1083
343	1126
376	1089
312	1088
349	967
385	1257
380	1119
400	1177
425	974
355	1065
390	1147
398	1312
389	1261
357	1176
333	1173
373	1189
337	1143
312	1262
341	1337
364	1263
346	1030
385	1166
369	1095
362	1007
331	1022
342	1031
387	845
396	955
360	780
350	883
327	819
337	697
380	839
392	779
354	856
391	946
413	905
401	845
356	886
314	966
328	1041
354	1098
369	1038
394	1082
372	990
352	910
348	1103
341	891
338	1104
364	1014
410	1014
455	1203
404	1003
386	1162
410	1312
398	1335
413	1290
434	1242
403	1115
462	1262
398	1150
424	1163
391	1143
404	1188
406	947
410	1069
415	1103
436	1048
422	957
439	1104
388	1157
402	1150
375	1062
361	1024
401	1059
412	1213
388	1287
418	1406
451	1357
435	1439
392	1273
439	1347
409	1317
382	1208
334	1356
408	1320
372	1145
381	1094
338	1135
369	1033
377	1038
387	989
391	1074
353	958
370	1013
331	1222
328	1096
392	1188
389	1344
393	1276
361	1202
388	1257
436	1258
386	1139
421	1009
400	1180
341	1384
395	1463
388	1406
374	1291
407	1209
388	961
399	1108
372	1089
395	1026
363	1163
399	1107
447	1130
431	1212
414	1117
422	1302
431	1123
469	1101
456	925
420	1112
437	1055
350	973
360	1012
388	1150
408	1129
397	889
405	1036
396	958
396	1107
432	908
435	872
454	1005
451	1070
440	1202
442	1269
435	1085
448	1337
426	1342
429	1389
476	1258
466	1186
436	1242
401	1231
420	1035
394	907
393	1169
434	1196
454	1301
425	1176
418	1411
380	1208
430	1209
430	1222
403	1283
406	1093
412	1149
402	1210
411	1022
442	1116
459	1152
418	1064
419	1142
419	1001
385	1211
436	1264
424	1020
379	1119
364	1105
397	1181
410	1341
379	1282
413	1317
387	1331
384	1351
395	933
421	1011
402	1088
402	1216
393	1155
424	1129
392	1201
490	1306
440	1292
414	1279
349	1164
414	1147
406	1117
409	1337
375	1051
433	962
386	1140
422	1107
410	1306
456	1405
440	1340
391	1161
349	1091
404	1087
480	1212
447	1008
427	956
457	764
400	906
407	973
353	1077
382	900
374	981
363	1034
387	1099
410	1087
354	1141
409	1086
402	1100
429	1188
460	1137
325	973
425	914
365	967
392	888
373	906
357	1047
376	1138
388	1196
357	1090
349	1150
407	968
442	1013
387	1044
386	1128
409	1205
403	1139
444	1122
464	1165
445	1294
428	1186
425	1108
385	1082
414	925
450	1081
404	1262
384	1239
455	997
464	1019
463	1153
383	1257
429	1153
395	1248
386	1156
453	1215
385	1048
425	1162
390	1114
406	1210
492	1215
405	1062
398	1098
390	943
376	1188
385	965
384	958
412	932
345	968
409	1022
373	1080
383	1171
351	1167
365	1222
364	882
347	1166
383	1019
389	859
373	929
446	1043
382	1013
374	1352
362	1185
378	1154
443	1136
359	1182
369	1178
359	1076
367	937
333	940
347	1106
363	1041
400	1134
410	1013
320	1231
348	1262
336	1134
313	1027
350	1036
358	1009
307	960
299	934
376	1106
369	935
353	1000
401	1182
381	1217
398	1350
418	1346
379	1187
396	961
416	991
388	1019
396	1032
397	1027
326	1088
332	1491
320	1174
419	1199
390	1212
321	1080
378	1160
379	1183
309	1331
406	1352
362	1417
341	1279
345	1206
381	1084
367	1140
434	1060
358	1398
404	1418
419	1472
390	1423
389	1242
345	1250
332	1506
327	1334
366	1259
329	1225
307	1273
347	1196
321	1036
393	1055
375	1226
361	1385
328	1142
289	1249
358	1414
343	1371
347	1429
342	1165
316	1206
371	1177
354	1171
354	1148
398	1259
367	1288
371	1244
396	1299
353	1165
406	1247
377	1095
395	1078
414	1119
351	1113
350	1143
406	1312
351	1201
408	1408
343	1096
372	1193
351	1265
399	1235
391	1242
351	1169
333	1299
362	1169
334	1199
357	1203
416	1076
358	1041
341	1256
363	1249
345	1107
377	1204
362	1056
378	1020
323	1124
348	1101
342	1243
344	1070
337	1162
390	1226
401	1275
398	1099
395	1128
379	1084
412	998
396	1116
349	993
373	1018
359	1033
328	972
378	1161
377	989
374	1125
324	1220
421	1086
342	1039
358	938
393	1076
374	1118
391	991
353	1060
339	979
371	902
395	1019
365	1079
401	1191
371	1252
382	1304
406	1165
396	1237
338	1028
406	1459
412	1698
373	1517
383	1399
364	1475
358	1456
358	1424
347	1182
366	1197
324	1167
376	1156
393	1452
359	1463
359	1469
359	1515
363	1270
364	1409
330	1160
308	1293
357	1216
308	1126
414	1214
346	1210
374	1193
400	1193
382	1186
387	1138
397	1325
357	1048
405	971
398	1239
447	1319
350	1300
364	1441
381	1351
336	1279
350	1295
391	1105
367	1377
349	1539
371	1311
394	1260
378	1204
403	1189
367	1300
377	1173
352	1164
358	1028
371	1307
372	1162
433	1317
371	1282
312	1393
420	1190
402	1207
341	1073
310	853
368	959
375	1121
356	1209
339	1052
331	1126
329	1071
369	1122
337	1094
380	921
389	996
417	1128
357	1270
360	1102
383	1036
425	987
389	1062
354	1090
353	1106
352	1140
413	1289
354	1186
383	1106
385	888
362	1068
339	1034
346	1057
301	1072
350	1181
344	1019
390	946
361	1090
412	1196
387	1161
400	1134
384	1030
357	1279
425	1491
406	1317
393	1252
376	1128
423	1073
399	1178
380	1250
460	1210
390	1165
366	1120
395	1232
400	1111
358	1105
373	1328
393	1291
350	1196
367	1359
469	1257
414	1141
377	1004
370	1038
378	1084
359	946
426	1094
369	982
443	930
440	957
459	991
374	1079
420	1156
399	1101
421	1021
420	1093
394	1040
400	1069
425	1213
481	1109
446	1198
534	1094
489	1177
498	1219
448	1245
484	1186
407	1170
458	1357
378	1243
431	974
410	990
383	1118
358	1136
431	1379
450	1448
394	1402
413	1192
397	1049
392	1111
390	1301
384	1131
387	1231
390	1242
423	1132
412	1164
380	1170
415	1220
406	1165
436	1082
468	1000
455	871
466	1160
444	1167
383	1058
460	941
436	957
471	1159
479	1235
453	1194
458	1226
444	1160
412	1200
446	1144
485	1025
448	909
490	1005
507	1118
513	1081
510	1163
571	1204
568	1275
575	1373
586	1398
589	1307
583	1324
628	1282
676	1112
736	1362
917	1266
1185	1132
1364	1182
1491	1480
1441	1453
1577	1398
1596	1351
1315	1557
1426	1328
1421	1080
1545	1282
1383	1190
1326	1353
1392	1326
1339	1098
1292	1336
1149	1367
1059	1226
1169	1486
1205	1446
1150	1363
842	1219
763	1218
729	1396
842	1350
1073	1244
1058	1007
866	1196
900	1071
787	1258
765	1132
657	1160
546	1275
504	1175
523	1240
506	1202
467	979
451	1131
623	1300
654	1219
665	1063
733	1057
779	1065
911	1166
773	1014
791	1093
857	1031
903	1169
894	1073
992	1114
957	1248
905	1162
1053	1076
920	1285
952	1192
767	1348
673	1151
495	1076
519	1104
477	1069
451	1154
433	1216
371	1362
392	1271
396	1228
448	1284
416	1365
367	1332
444	1241
454	1340
497	1245
443	1010
451	983
369	1149
356	1049
373	1168
371	1051
381	951
376	1080
379	1213
409	1278
381	1049
361	1356
365	1185
394	1206
383	1108
368	1129
342	1057
354	805
401	863
356	1050
374	984
418	1160
413	1146
422	1054
366	1084
417	1066
408	1210
409	1314
429	1075
387	1144
400	965
425	1143
451	1394
415	1388
396	1390
413	1149
427	1184
391	1224
396	1020
474	1019
459	1207
509	1164
532	1303
482	1103
500	1054
517	955
500	970
514	943
503	1037
494	1134
580	1382
541	1302
598	1215
542	1052
600	951
518	915
542	934
479	913
462	1068
505	981
502	1046
469	1101
455	1012
439	995
515	1057
447	1275
425	1213
501	1212
525	1232
487	1232
451	1147
488	1194
462	1138
402	1179
423	1131
432	1137
440	1087
398	1189
372	1163
417	1196
368	1222
413	1172
445	1154
425	1005
483	1061
339	887
335	1110
390	897
355	828
368	1039
378	1004
398	1082
380	1081
354	1172
380	1231
381	1123
422	992
345	1136
384	1187
381	1196
377	1123
386	1183
390	1205
391	1118
434	1166
340	1181
380	1317
375	1172
325	1080
436	1189
381	1051
415	1046
380	986
396	1215
417	1320
382	1010
363	967
357	1252
392	1234
367	1259
407	1245
415	1234
405	1365
402	1187
385	1008
365	978
383	1172
346	1044
378	1072
379	1303
406	1118
380	1202
333	1062
333	1025
323	1020
371	1128
400	1177
369	1043
484	1348
407	1226
400	938
365	1057
483	1187
406	1140
441	1121
432	1088
440	969
425	887
404	889
416	1016
398	916
352	1059
370	935
458	1104
444	1211
459	1268
431	1184
405	1122
393	1225
375	1127
394	1106
395	1075
342	1038
335	962
387	960
356	1037
300	1005
368	1096
356	1028
393	1112
349	1015
397	1153
392	1080
410	967
375	1025
358	1071
387	1260
376	1299
411	1288
397	1279
377	1225
388	1132
346	1167
350	1077
367	1258
436	1136
421	1073
372	1028
386	938
431	1074
420	1133
432	1126
465	1219
459	1361
405	1056
423	1235
458	1113
460	1021
480	1014
439	1076
371	1225
406	1313
444	1246
414	972
426	1043
395	985
438	1021
467	1231
404	1178
404	1186
387	1057
469	1269
470	1269
442	1189
429	988
349	1090
462	1206
416	950
422	976
407	1231
439	1083
420	1090
407	1071
377	1000
402	1098
468	960
403	883
414	1097
463	1076
451	1150
444	1001
435	1178
459	1145
445	1229
435	1305
394	1203
384	1203
387	1125
364	970
417	1000
375	1163
444	1125
382	1191
438	980
472	983
491	963
393	1003
419	921
433	970
475	1001
422	977
435	920
473	990
498	979
542	922
464	1045
489	1104
478	1092
511	1182
479	1164
496	932
481	1125
505	1034
519	1211
511	1327
543	1257
512	1252
493	1186
449	1059
506	1233
490	1374
427	1328
437	1104
433	1099
455	1128
503	1243
436	1220
467	1246
379	1120
359	832
406	890
419	894
334	1064
379	1125
362	1169
391	1256
340	1168
361	1275
385	1225
376	1220
387	975
348	1120
325	1172
396	1229
366	1067
321	1154
310	1098
275	900
372	1083
291	923
282	1389
358	1572
337	1417
320	1321
301	1327
381	1304
377	1440
372	1238
390	1085
392	1030
341	1219
399	1189
389	1135
343	1308
404	1232
401	1144
375	1104
364	1132
381	1120
330	1024
387	1031
388	1120
328	1170
362	1231
382	989
335	1131
340	991
367	1130
369	1125
360	1095
347	972
397	1061
332	998
316	860
330	956
341	1095
329	1031
374	1111
375	1078
371	1248
334	1297
318	1294
373	1142
358	1232
363	1153
379	1238
379	1066
352	1179
400	1231
430	1292
390	1319
398	1035
369	1109
363	1087
361	1075
324	1049
358	1165
392	1114
376	1193
406	1308
345	1462
400	1536
353	1172
400	1268
361	1010
417	1205
350	1216
375	1066
398	1162
348	1157
354	1199
401	1105
334	1111
399	1122
411	1133
373	1044
394	1077
390	1174
357	1024
339	971
362	865
354	862
375	909
366	1056
377	876
386	1172
385	1148
404	1037
434	1175
389	1083
393	1300
462	1307
390	1343
394	1180
433	1087
451	1027
486	1046
405	1199
413	1174
403	1173
391	1496
379	1210
377	1291
371	1133
409	1111
418	1066
409	1037
441	1041
364	1076
365	1227
371	1134
354	1284
451	1253
365	1242
398	1297
410	1231
408	1275
456	1141
423	1341
452	1262
438	1249
398	1241
390	1421
464	1440
478	1560
474	1515
461	1211
420	1257
439	1241
404	1183
476	1381
427	1244
449	1305
472	1139
418	1323
399	1359
423	1263
450	1182
378	1203
424	1054
447	1175
476	1261
447	982
536	1026
495	1044
423	1179
383	1167
404	1137
438	1341
476	1248
493	1225
500	1294
437	1044
397	1265
485	1034
480	1188
465	1121
489	1128
491	1110
473	1373
523	1381
450	1150
477	1202
496	1402
494	1137
524	1334
488	1382
500	1314
547	1230
467	1237
533	1243
554	1284
469	1266
544	1350
591	1410
545	1305
521	1094
467	1112
481	1177
574	1366
547	1179
494	1015
470	1232
468	1214
583	1141
540	1165
569	1080
530	1040
497	1168
596	1125
532	1174
507	1309
494	1037
498	1132
516	1044
515	998
545	1255
538	1294
502	1347
506	1405
481	1202
470	1098
467	1192
467	1104
463	1059
494	944
463	1017
525	1054
539	1096
587	1179
594	1230
514	1033
605	958
508	976
616	1105
617	1036
573	973
559	956
514	1087
548	899
557	1170
583	1089
559	947
509	1078
539	1001
517	872
519	1110
508	1046
520	1056
597	1042
660	1048
592	1110
610	1200
662	1039
651	1044
704	1121
730	1250
753	1126
704	993
602	1136
629	1141
604	993
684	1203
684	1125
653	983
566	918
577	936
601	911
588	1181
650	1179
618	1210
662	1326
719	1376
675	1239
673	1133
751	1149
712	1031
778	1094
745	1235
685	1278
698	1355
592	1418
602	1286
589	1278
535	1263
501	1107
533	1112
505	1194
552	1305
599	1325
532	1240
642	1165
613	1068
585	1113
659	1274
671	1250
648	1093
600	1129
625	1066
571	1174
617	1237
600	1256
590	1257
519	1036
540	995
558	1040
562	1048
493	961
503	986
547	1108
548	1049
660	1394
612	1416
533	1282
577	1090
535	1003
576	876
543	880
521	872
528	997
500	1052
485	947
534	933
519	1144
497	1161
476	1173
500	1002
520	1291
450	1089
551	1198
475	1100
473	1205
537	1153
508	1026
492	1117
493	1194
476	1241
492	1260
495	1334
476	1011
457	1092
493	1024
458	998
419	1012
466	859
441	798
436	772
422	919
461	910
429	1081
386	1148
436	1158
448	899
430	1093
385	1017
388	1206
414	1111
464	1055
444	1086
456	1138
422	1150
427	1161
443	1172
411	1048
358	1149
429	1069
406	1225
449	1346
478	1070
374	1141
394	1097
454	1102
371	1050
384	869
398	1062
358	1232
402	1310
366	1286
398	1219
431	1296
365	1304
423	1207
394	1238
374	1230
358	1128
354	1283
380	1190
378	1172
350	1328
383	1638
325	1345
372	1423
380	1139
322	1164
368	1307
401	1279
386	1558
360	1385
331	1216
391	1445
384	1372
366	1219
330	1274
357	1025
318	1186
393	910
415	1317
435	1227
387	1223
377	968
384	1170
390	1191
390	1156
352	1041
384	1081
380	1264
364	1299
366	1028
366	1125
360	1215
376	1089
391	1328
386	1170
354	922
344	1062
350	1270
329	1280
397	1392
319	1154
359	1135
315	1207
364	1166
337	1206
332	1311
343	1262
366	1246
330	1224
331	1119
328	1167
360	1170
352	1139
323	1080
365	1009
406	1142
424	1363
396	1357
371	1208
367	1104
351	1026
344	861
372	936
357	904
320	847
340	940
377	1045
341	1154
345	1134
332	1273
263	1299
276	1307
336	1469
321	1217
358	1141
291	1207
358	1179
371	987
358	1007
363	1146
358	1162
407	1177
388	993
350	1058
337	1174
398	1126
372	1160
438	1262
381	1221
392	1187
375	1132
389	1037
380	1177
428	955
387	1041
393	1055
419	1172
423	1205
453	1258
408	1017
358	1096
386	985
403	1127
358	1095
360	1066
362	1287
366	1184
452	1101
332	1068
363	1213
358	1086
352	1101
358	997
405	1075
299	1149
398	1171
363	1356
324	1262
370	1128
365	1035
332	1117
355	1160
309	1423
391	1420
307	1525
381	1378
395	1171
396	1372
390	1206
368	944
349	1012
380	1266
351	1114
323	1135
292	841
320	870
345	976
346	1038
312	1199
351	1262
364	1146
353	1170
328	1131
371	1180
355	1197
394	1256
396	1309
355	1319
384	1532
326	1357
364	1052
392	1251
382	1286
371	1160
343	1292
369	1262
372	1290
382	1412
366	1444
407	1277
336	1320
346	1382
345	1338
400	1000
340	1052
381	1117
360	1421
415	1169
336	1180
309	1007
331	1073
330	1197
346	1168
395	1067
390	1085
373	1254
393	1185
379	1164
362	1210
379	1139
339	1024
341	1149
357	1187
333	1133
362	1159
374	1218
427	1149
389	1266
366	1244
459	1124
352	1077
359	987
411	1111
405	1089
391	1213
351	1230
406	1257
367	1213
377	1125
384	1035
394	1246
371	1096
340	995
384	1049
386	961
365	1248
369	1173
368	1237
340	1196
315	1044
346	1028
348	1060
334	1076
321	993
326	1095
351	992
322	1029
342	1120
371	1196
379	1240
419	1461
438	1253
433	1250
435	1383
381	1259
387	1397
369	1471
397	1332
385	1161
321	1283
359	901
340	1083
354	1023
350	1018
357	1066
386	996
355	1128
365	1066
335	1082
360	932
407	1167
448	1004
423	1131
383	1177
421	1061
347	1181
391	987
333	1047
394	1051
397	1069
400	1009
354	1124
365	1067
349	1104
343	1259
325	1118
304	1262
345	1237
364	1193
365	1270
365	1163
353	1165
373	1255
358	1224
309	1238
376	1187
403	1259
362	1190
375	1215
446	1151
323	1185
368	1161
387	1124
381	1095
374	1093
394	1107
413	1327
415	1130
444	1367
360	1326
459	1403
382	1223
401	1209
363	1097
354	1099
389	1122
380	1144
374	1038
350	1129
365	1228
411	1178
410	1145
386	1202
370	1160
444	1115
406	1148
412	1212
380	1204
359	1159
379	1092
389	1021
391	1105
396	1208
314	1281
392	1267
408	1412
366	1337
362	1236
357	1187
371	1251
333	1287
315	1077
314	1121
342	1205
370	1081
396	1131
367	1113
382	1117
367	1117
364	1012
367	1184
398	1088
333	918
337	1059
364	1042
392	1090
410	1070
412	1132
392	1101
390	1175
409	1229
385	1230
419	1205
424	1133
363	1312
382	1095
372	1415
336	1280
340	1188
382	1119
363	1215
386	1252
358	1357
336	1385
382	1068
402	1134
389	1154
386	1192
389	1117
382	1100
363	1124
401	998
413	1109
380	1147
300	1142
350	1294
363	1265
321	1271
433	1279
358	1303
377	1273
378	1332
360	1223
377	1073
368	973
392	1063
356	1101
351	1129
360	1171
387	1304
369	1454
374	1311
387	1109
403	1260
374	1330
352	1169
329	1223
363	1176
410	1323
442	1320
463	1264
467	1361
432	1317
501	1188
468	1141
450	1116
430	1094
397	1070
406	1177
455	1358
376	1196
379	1084
346	1118
414	1359
366	1292
429	1199
350	1133
349	1146
368	1166
388	1239
395	1187
367	1060
348	969
340	979
327	888
421	997
299	1033
365	1220
332	1090
341	1110
333	997
315	1247
339	1424
284	1181
307	1020
289	945
309	1007
352	1058
362	1026
332	1206
310	1136
286	1182
330	1202
347	1103
344	1075
356	1167
342	1036
381	1266
368	1210
352	1002
352	1029
365	1219
396	1408
395	1240
415	1362
375	1358
325	1208
390	1157
376	1254
363	1533
368	1400
391	1240
369	1145
382	1327
362	1335
376	1288
412	1463
324	1357
337	1319
335	1300
330	1005
325	1064
358	1075
358	1116
306	1197
306	1315
294	1358
326	1309
356	1283
317	1413
338	1311
376	1263
348	1490
380	1379
420	1085
408	1186
335	1066
389	1203
399	965
381	1032
386	1093
373	1127
327	1096
353	1086
383	1115
372	1208
388	1137
359	1013
384	1018
401	1118
401	1399
371	1226
349	1223
385	1152
364	1315
386	1438
359	1331
405	1377
407	1249
374	1092
380	1260
357	1210
366	1257
326	1266
354	1106
339	1118
339	1257
335	1263
320	1184
400	1353
395	1312
410	1238
355	1239
344	1294
376	1396
358	1550
392	1437
377	1415
360	1598
382	1460
365	1522
359	1369
334	1576
345	1500
345	1489
408	1566
373	1504
338	1670
366	1353
340	1422
385	1280
401	1094
375	1014
352	1272
362	1266
345	1465
349	1433
326	1394
371	1337
364	1456
378	1540
351	1598
388	1535
341	1462
344	1586
364	1360
345	1292
373	1135
365	1384
328	1350
334	1526
395	1411
376	1415
375	1448
378	1399
398	1047
417	1201
432	1181
353	1327
363	1302
363	1192
416	1389
381	1225
359	1313
389	1393
451	1118
388	1164
330	1111
387	1181
354	1161
326	1286
301	1074
361	1095
345	1275
375	1035
366	1148
386	1054
404	1051
363	973
401	1156
387	1107
373	1113
361	1345
395	1218
333	1221
412	1089
383	839
390	1130
386	1080
401	965
355	1033
398	1175
360	1399
380	1283
372	1241
374	1367
386	1356
367	1258
424	1196
388	1048
403	1387
402	1070
398	1143
424	1103
443	1324
431	1262
448	1626
390	1502
391	1512
485	1239
571	1250
602	1246
625	1387
577	1417
636	1354
667	1224
620	1314
670	1221
649	1352
767	1290
700	1304
716	1102
605	1375
713	1432
597	1520
586	1345
539	1303
500	1175
477	1239
495	1181
414	1313
447	1332
407	1203
402	968
352	963
357	985
371	1020
344	1100
413	1139
378	1201
368	1239
404	1100
351	1153
364	1183
341	1048
336	1098
368	1167
412	1058
333	1201
341	1138
392	1081
396	1184
348	1225
385	1417
408	1113
403	1154
338	1093
344	1105
333	1160
308	1239
350	1210
425	1091
409	1205
372	1167
361	1176
419	1262
376	1110
415	893
418	1120
425	1087
440	1187
449	1059
392	1063
404	1079
377	1103
407	1110
349	984
331	1058
423	1222
362	1156
419	1130
335	1133
405	1169
503	1528
403	1546
349	1562
360	1371
381	1153
346	971
397	1229
327	1196
361	1412
312	1132
321	1288
361	1421
381	1394
389	1240
406	1181
390	1207
364	1287
387	1289
367	1185
341	1170
414	1142
366	1239
359	1098
366	1289
402	1501
350	1261
452	1239
454	1339
458	1298
379	1260
429	1287
417	1221
458	1316
439	1250
426	1382
425	1134
445	1105
455	1194
495	1135
432	1264
498	1382
459	1440
472	1371
448	1248
473	1326
485	1313
425	1147
543	1177
443	1331
468	1202
464	1025
465	1138
487	1031
450	1125
440	985
443	1125
461	1285
481	1150
505	1035
495	1073
500	1258
451	1291
451	1246
482	1355
501	1378
485	1132
484	1360
523	1479
415	1327
462	1342
454	1163
470	1391
466	1564
477	1443
407	1283
494	1383
395	1103
403	1036
410	1230
399	1275
377	1165
425	1191
400	1281
401	1299
358	1314
377	1391
382	1203
371	1225
378	1264
348	1563
400	1362
349	1420
365	1239
423	985
337	998
373	1074
360	1023
350	922
371	1192
398	1173
384	1249
396	1205
368	1176
383	1269
337	1122
342	1178
359	1129
345	953
337	994
355	976
343	1099
364	1323
378	1304
354	1132
347	1266
369	1048
418	1103
394	968
385	985
446	1036
474	1046
575	1288
563	1313
539	1167
572	1171
731	1436
917	1526
766	1351
742	1319
652	1177
762	1203
909	1160
898	1155
848	1115
769	997
748	1165
712	1348
787	1473
811	1180
820	1229
708	1330
585	1266
507	1316
483	1294
536	1358
412	1065
394	1070
425	1095
494	1165
585	1240
605	1082
447	1197
435	1173
428	1140
348	1139
410	1133
373	1266
389	1237
354	1333
334	1171
337	1096
329	1245
278	1184
324	1053
325	1073
388	1118
350	1206
318	1418
339	1307
327	1179
325	1086
339	1256
354	1326
346	1079
364	1123
350	1111
384	947
363	1166
363	991
416	1066
415	957
378	993
354	985
333	969
332	893
340	829
368	1089
372	989
389	908
325	1186
369	1006
375	1078
371	1162
381	1053
355	1037
391	1215
364	1075
281	949
352	1060
332	1215
299	1338
316	1250
339	1157
310	1265
371	1195
391	1146
337	1230
364	1229
349	1189
365	1341
342	1395
294	1193
368	1275
335	1323
318	979
365	1110
333	1198
348	1340
305	1139
355	1198
333	1251
277	1225
295	1280
389	1159
346	1235
335	1318
324	1121
379	1297
312	1301
360	1223
359	1283
361	1321
317	1218
398	1020
415	1056
401	1154
399	1086
339	1053
330	1141
353	1308
402	1286
335	1142
304	1188
317	1404
309	1405
301	1298
340	1301
374	1389
429	1378
397	1424
381	1291
412	1213
357	1199
356	1205
356	1168
340	1390
392	1360
343	1136
345	1113
370	1154
377	1195
399	1150
408	912
398	859
347	904
376	899
421	1059
336	1040
316	1163
385	1122
386	1099
397	1108
332	1264
359	1301
379	1351
376	1184
367	979
382	1091
322	1380
316	1240
323	1260
439	1199
415	1336
470	1437
484	1570
500	1424
581	1472
737	1384
665	1301
561	1144
571	1208
504	1202
568	1222
666	1229
552	1135
491	1218
511	1174
583	1171
580	1082
590	1309
745	1295
834	1199
897	1004
998	1250
1005	1105
1019	1182
917	1023
932	992
914	1191
895	1163
931	1091
963	1079
920	1091
897	1199
910	1122
892	1180
906	1390
969	1337
801	1087
845	1152
971	1170
827	1193
880	1098
790	1295
795	1115
802	1283
717	1113
800	1236
740	1359
733	1228
699	1097
732	1077
703	1161
615	1202
570	1122
557	1161
492	1218
497	1273
479	1259
491	1353
451	1060
450	1149
439	1304
474	1253
510	1153
430	1228
396	1202
449	1064
508	1212
469	1307
409	1251
388	1147
388	1132
359	1100
353	1138
406	1240
403	1280
374	1371
406	1238
393	1366
333	1279
365	1116
365	1145
374	1220
375	1139
377	1107
368	1296
376	1311
367	1256
397	1370
396	1248
376	1182
454	1499
341	1164
317	1204
404	1355
376	1362
431	1227
340	1199
350	1154
352	1034
389	1106
429	1084
399	1135
403	1130
358	1095
361	1231
431	1121
456	1294
410	1128
428	1450
367	1179
438	1285
367	1156
315	1434
356	1634
348	1264
419	1067
381	1173
386	1159
361	1220
369	1209
404	1309
427	1176
432	1144
430	1169
467	1047
389	973
447	1113
489	1187
451	1074
466	1019
486	1047
445	1053
459	1112
453	1115
428	1177
409	1072
385	1238
393	1224
419	1134
380	1181
346	1024
344	1050
340	1123
370	1079
367	1224
325	1312
371	1219
383	1201
332	1361
363	1164
405	1193
357	1243
376	1270
340	1193
351	1086
278	1077
280	1079
362	1064
334	1234
342	1168
366	1101
354	1017
316	1190
349	1217
356	1163
315	1106
319	1212
335	1134
292	1104
344	997
282	1070
360	1179
355	1419
344	1272
339	1125
344	1195
315	1135
293	1401
407	1428
309	1345
323	1191
296	1242
309	1152
387	1244
381	1257
366	1279
418	1346
314	1309
351	1379
344	1222
341	1237
310	1480
414	1511
345	1276
344	1027
327	1037
337	1014
335	1116
360	1289
367	1356
369	1207
418	1297
417	1270
363	1297
309	1168
328	1070
339	1253
356	1102
347	1153
310	1076
303	1146
342	1040
333	1147
352	1127
381	870
335	967
316	999
365	1037
369	1162
344	1145
355	1133
354	1208
369	976
370	1089
329	1060
361	1136
338	952
308	1017
372	1209
309	1250
311	1025
347	1014
333	1128
341	1195
348	1191
339	1139
356	1100
380	1130
395	1233
440	1238
392	1177
334	1106
335	1170
355	1051
370	1187
338	1085
327	1153
356	1325
318	1303
350	1176
376	1254
378	1098
406	1114
386	1166
331	1206
361	1242
327	1228
395	1343
376	1163
419	1104
372	1296
350	1197
353	1212
318	1241
395	1022
373	1304
316	1184
364	1210
320	1372
332	1107
347	1359
374	1130
400	1153
322	1096
351	936
389	780
324	1044
368	1218
419	1165
386	1312
383	1291
352	1479
340	1325
347	1284
342	1277
328	1236
353	1212
366	1087
344	1117
324	1004
334	1109
356	1173
331	1341
350	1219
328	1168
347	1159
297	1276
304	1310
303	889
300	1035
312	1026
317	1160
321	1534
359	1324
371	1255
344	1341
353	1333
346	1339
344	1296
313	1393
317	1159
325	1014
383	1328
313	1293
355	1210
335	1116
318	1242
378	1357
384	1254
379	1313
433	1203
389	1217
351	1249
348	1200
353	1120
380	1322
369	1298
412	1399
403	1227
359	1234
331	1249
312	1254
379	1290
339	1194
358	1265
321	1347
355	1188
352	1433
371	1339
380	1343
320	1379
361	1328
379	1179
347	1239
339	974
389	1097
359	1150
368	1071
363	1161
364	1140
409	1090
366	1270
377	1304
354	1336
405	1422
430	1352
415	1221
430	1012
388	1221
387	1165
394	1224
371	1332
365	1188
371	1412
376	1271
342	1234
403	1212
378	1144
403	1270
356	1173
369	1330
339	1261
338	1274
393	1567
385	1536
373	1276
382	1178
426	1330
402	1261
348	1398
348	1121
385	1319
401	1430
434	1269
360	1277
339	1377
473	1279
395	1214
426	1445
406	1312
389	1290
396	1237
431	1327
397	1201
349	1386
348	1317
372	1405
414	1261
422	1245
447	1315
437	1207
381	1240
372	1013
407	1106
414	1183
374	1050
348	1072
359	1037
413	970
412	1042
332	1018
414	1061
431	1034
440	1174
456	1116
397	1015
443	1180
405	1208
437	1512
413	1307
472	1100
474	1140
470	1227
500	1173
460	1113
491	1347
425	1294
455	1104
459	1059
486	1161
505	1191
513	1389
477	1207
478	1112
555	1102
545	1053
509	1116
525	1109
579	1168
521	1073
597	1332
572	1148
579	1270
578	1108
664	1176
663	1449
703	1376
698	1334
647	1344
664	1518
727	1467
715	1422
652	1395
646	1363
643	1379
700	1245
698	1309
637	1091
632	1148
686	1241
672	1034
791	1068
730	1131
729	1127
819	1117
778	1204
796	1159
808	1225
771	1202
813	1080
672	1074
686	1293
599	1119
597	1235
557	1305
615	1177
569	1285
649	1229
553	1166
612	1114
633	1167
589	1193
620	1187
646	1079
703	975
723	1066
748	1307
728	1073
793	1124
769	1276
743	1246
676	1191
723	1124
671	959
584	1304
659	1240
570	1039
603	999
604	1089
659	1228
514	1353
613	1316
676	1313
674	1512
720	1362
702	1347
712	1315
834	1169
795	1387
792	1309
754	1480
848	1346
808	1323
731	1135
710	1147
634	1060
655	1010
655	1087
639	1072
696	1228
608	1218
648	1044
687	1283
689	1274
734	1380
701	1161
697	1269
772	1197
707	1332
744	1332
669	1278
759	1116
727	1340
636	1420
696	1298
643	1160
589	1206
562	1163
539	1189
580	1228
621	1191
608	1213
597	1006
588	1279
631	1073
616	1210
686	1342
639	1235
672	1237
618	1383
616	1131
575	1277
587	1316
594	1501
595	1256
548	1269
595	1402
553	1185
572	1133
543	1098
553	1235
537	1447
545	1304
574	1551
595	1518
603	1479
622	1327
642	1159
676	1049
775	981
710	1057
650	1141
615	1204
611	1196
729	1359
722	1300
649	1187
633	1185
548	1302
590	1256
600	1161
581	1024
630	986
633	1110
716	1211
658	1267
628	1183
585	1027
573	1046
523	998
440	1225
469	1165
522	1253
372	1167
464	1212
475	1082
458	1344
485	1193
449	1042
500	1107
494	1117
438	1298
408	1437
387	1517
406	1446
423	1270
347	1162
355	1175
386	1064
380	1257
358	1439
385	1255
395	1080
319	1025
337	983
337	1163
376	1170
376	1341
316	1283
335	1252
367	1444
372	1362
317	1161
339	1320
347	1203
316	985
296	989
323	1072
343	1089
355	1034
385	1140
339	1087
341	1339
340	1169
331	1131
352	1083
320	1123
290	1196
310	1058
326	1264
339	1331
337	1337
360	1211
382	1255
386	1300
424	1311
382	1394
351	1373
363	1242
344	1419
317	1517
331	1593
362	1859
361	1631
300	1310
309	1276
367	1271
306	1184
353	1031
330	1362
329	1265
296	1226
349	1265
352	1120
356	1054
394	1193
366	1221
347	1129
358	1252
306	1233
330	1259
330	1302
392	1514
270	1433
353	1296
314	1164
365	1101
329	1127
313	1159
276	1333
296	1208
341	1183
325	1329
350	1453
356	1372
384	1359
325	1431
336	1593
361	1337
362	1242
369	1142
318	1322
350	1225
354	1206
354	1069
320	1195
312	1209
356	1152
353	1194
354	1332
373	1481
389	1430
372	1342
424	1208
389	1189
292	1200
287	1239
307	1227
332	1359
361	1258
355	1092
372	1306
386	1301
391	1208
310	1390
355	1330
370	1062
381	1065
396	1110
422	1173
406	1227
352	1151
383	1270
383	1091
366	1079
342	1082
330	1129
388	1239
392	1238
349	1260
310	1145
378	1132
397	1189
358	1384
344	1155
296	1273
320	1263
301	1170
322	1095
345	1180
332	1183
369	1131
351	1107
354	1291
336	1431
374	1300
344	1196
331	1229
367	1526
318	1525
347	1470
377	1147
361	1280
358	1152
356	1198
400	1242
343	1235
359	1389
395	1445
342	1383
340	1248
371	1177
370	1421
371	1314
355	1020
347	1202
317	1103
392	1088
348	1042
296	1035
311	1122
359	1008
361	1075
360	1296
410	1312
391	1197
389	1266
414	1352
335	1444
382	1442
332	1257
447	1145
337	1006
345	1048
348	1055
340	1148
329	949
360	971
314	1098
301	1059
350	1048
312	1054
394	1126
367	1181
323	1052
329	898
358	1110
368	1038
348	1136
367	1156
443	1186
356	1124
391	1189
403	1103
309	1190
384	1138
340	1177
343	1148
387	1164
363	1097
318	1224
393	1228
381	1231
352	1203
370	1136
317	1015
332	991
367	1185
370	1037
330	1241
431	1202
341	1007
373	1074
336	1298
347	1254
332	1077
351	1014
384	1144
365	998
349	1036
396	1165
343	970
359	1089
372	1108
352	1169
333	1206
360	1179
323	1210
314	1294
309	1035
367	1149
348	1273
386	1208
325	1058
375	1014
344	1222
333	1111
379	1038
325	987
332	1158
373	1072
377	1141
358	1174
354	1157
291	1320
329	1221
311	1086
325	1108
320	1026
371	994
373	984
373	1158
381	1115
358	1193
383	1356
359	1225
388	1271
327	1183
353	1186
361	1140
368	1013
323	1057
288	992
332	1158
343	1137
376	1340
343	1118
354	1205
346	1220
363	1265
320	1175
320	1206
314	1238
316	1046
309	1032
325	1214
350	961
300	1160
351	1307
329	1356
336	1296
353	1240
351	1250
333	1253
333	897
345	1116
282	1216
363	1178
328	1336
325	1330
351	1085
386	1172
352	1183
363	1123
394	1119
394	1157
340	1032
358	1158
354	1132
405	1073
387	1339
376	1292
366	1305
334	1206
346	1145
349	1103
379	1162
371	1200
376	1259
379	1116
390	1011
342	1194
305	1321
440	1402
398	1424
366	1266
386	1230
381	1319
368	1564
364	1320
376	1283
387	1187
377	1035
403	1114
357	1000
349	1189
385	1225
375	1367
377	1201
377	1134
375	1055
347	1064
355	1177
352	1341
335	1245
373	1221
414	1170
329	1110
358	1183
397	1240
367	1182
389	1183
369	1286
347	1112
400	1265
368	1285
373	1314
348	1285
413	1449
335	1366
311	1102
374	1027
418	1063
468	1306
398	1141
437	1129
422	1334
395	1244
461	1208
460	1412
484	1450
453	1179
450	1288
419	1139
517	1143
524	1185
498	1205
424	1156
471	1303
439	1224
408	1173
486	1049
371	1301
479	1014
441	1108
456	1200
415	1144
428	1233
381	1075
452	1243
456	1122
489	1278
428	1307
353	1197
368	1163
368	1155
354	1189
422	1117
422	1246
431	1461
436	1184
384	1375
400	1149
423	1252
438	1324
459	1129
378	1180
405	1282
363	1100
359	1035
401	1182
417	1249
420	1371
368	1269
418	1230
372	1174
394	1223
397	1268
383	1299
382	1212
395	1243
461	1299
449	989
433	1050
460	1050
452	1191
368	1180
427	1318
452	1365
398	1277
461	1131
469	1200
398	1175
403	1133
387	1074
456	1075
424	1086
437	1009
426	1000
460	1071
416	1291
397	1243
359	1207
397	1432
457	1571
442	1142
487	1076
412	1193
442	1133
467	1119
456	1105
463	1337
452	1212
429	1275
409	1247
450	1209
455	1330
451	1230
361	1314
453	1312
438	1270
462	1272
484	1265
365	1086
394	1067
430	1141
434	1343
412	1126
418	1102
445	1127
423	1090
393	1093
397	995
421	1131
433	1411
451	1215
456	1066
458	1091
420	1202
481	1224
459	1326
413	1334
504	1304
440	1146
499	1500
547	1385
423	1261
476	1203
404	1182
414	1263
406	1168
465	1154
432	1317
441	1237
432	1335
434	1056
412	1157
418	1117
445	966
424	1024
451	1127
417	1245
413	1273
404	1417
362	1337
425	1136
416	1187
484	1226
482	1342
394	1111
391	1136
431	1180
422	1161
379	1411
414	1350
410	1292
475	1347
421	1299
399	1527
391	1421
374	1080
371	1207
402	1343
437	1379
478	1501
488	1461
506	1314
472	1315
506	1498
580	1487
580	1286
586	1144
566	1217
514	1378
555	1290
553	1527
519	1351
457	1118
526	1300
563	1215
520	1217
567	1180
595	1223
609	1465
590	1371
492	1393
568	1242
534	1244
541	1187
529	1209
502	1231
465	1107
431	1184
419	1240
379	1382
427	1607
362	1599
446	1598
429	1408
380	1385
415	1365
384	1717
409	1391
413	1305
415	1292
378	1401
383	1477
363	1186
393	1244
381	1363
371	1307
432	1440
378	1439
380	1248
346	1292
407	1448
411	1456
438	1370
405	1076
389	1181
333	1114
400	1263
371	1301
428	1148
399	1284
348	1151
345	1236
370	1106
370	1086
328	1090
340	1259
328	1199
343	1178
341	1349
377	1173
380	1186
345	1138
394	1079
435	1169
404	1088
358	1208
333	1188
413	1492
421	1551
454	1382
406	1340
451	1298
479	1365
374	1280
397	1355
393	1312
395	1265
395	1180
425	1098
385	1140
476	1247
479	1184
461	1030
406	973
381	907
424	1079
407	1041
441	1048
417	1234
425	1169
410	993
431	910
382	1083
376	1143
417	1209
394	1203
361	1103
365	1167
325	1244
337	1285
328	1363
312	1285
401	998
408	1077
363	1164
417	1095
354	1449
385	1237
373	1199
399	1325
377	1377
362	1227
379	1149
376	1337
364	1505
366	1257
368	1197
357	1090
350	1117
398	1283
399	1351
390	1131
372	1259
353	1091
372	1114
359	1493
443	1329
329	1186
362	1223
331	1161
307	1092
304	1220
338	1217
360	1281
353	1446
339	1426
346	1171
361	1247
346	1109
330	1110
363	1238
342	1349
352	1314
356	1187
364	1158
375	1072
313	1008
307	1135
315	998
369	967
325	1193
324	1166
312	1150
335	1129
374	1153
369	1331
342	1383
402	1245
375	1214
406	1092
381	1121
426	1144
427	1102
414	1073
442	1115
420	1005
415	1010
398	1163
392	1229
404	1235
377	1098
429	1175
403	1096
362	1091
377	1165
333	1254
394	1299
422	1403
378	1366
366	1189
359	1118
364	1246
390	1267
371	1275
382	1164
395	1330
396	1219
407	1376
378	1317
413	1284
366	1301
395	1162
424	1168
422	1235
388	1225
407	1170
438	1236
446	990
444	1159
426	974
388	1045
428	1157
371	1164
364	1261
430	1214
409	1203
373	1343
381	1270
374	1219
357	1339
335	1321
365	1368
400	1202
431	1493
404	1500
399	1424
420	1292
355	1335
390	1489
382	1297
379	1118
382	1123
384	1350
438	1163
508	1078
622	1249
605	1162
556	1184
583	929
763	1121
715	1078
859	1158
860	1037
848	1281
1039	1158
1202	1368
1052	1426
931	1491
807	1495
809	1228
838	1320
954	1162
917	1268
1016	1101
981	1033
828	1082
656	1139
552	1230
617	1240
501	1408
514	1329
507	1366
484	1159
516	1111
452	1200
421	1051
442	1162
457	1373
412	1068
449	1125
465	1129
502	1257
545	1314
585	1256
572	1213
740	1038
919	1150
987	1138
998	1184
1105	1137
1334	1054
1622	974
1791	885
1598	948
1580	826
1656	895
1869	1005
2140	1060
2316	1236
2273	1024
2780	1052
3359	1177
3680	1140
3740	1075
3533	1151
3389	1145
3281	1370
3348	1157
2964	1034
3015	1189
2956	1199
2933	1163
3029	1248
3181	1597
3198	1618
3229	1373
3527	1195
3662	1227
3507	1116
3286	1064
3244	1288
3191	1295
2950	1203
2882	1244
2554	1181
2646	1159
2526	1204
2636	1225
2534	1443
2507	1482
2561	1048
2528	1039
2489	1076
1958	937
2010	1165
2001	1118
2087	1324
1780	1238
1697	1187
1466	1144
1590	1420
1635	1098
1517	1002
1188	1026
1140	1051
1174	1197
1131	1062
1059	1261
985	1263
769	1288
785	1221
829	1279
816	1284
736	1372
587	1324
665	1400
671	1433
642	1402
503	1346
475	1271
509	1274
514	1415
539	1262
451	1195
501	1150
470	1144
448	1201
465	1322
511	1377
544	1263
522	1399
522	1263
477	1252
573	1326
505	1235
467	1165
449	1001
441	1315
478	1299
515	1108
525	1196
529	1233
533	1183
551	1309
465	1370
498	1357
493	1307
453	1351
424	1197
381	1180
423	1346
407	1228
375	1002
359	1136
328	1055
347	1170
393	1315
386	1507
408	1311
395	1307
395	1310
350	1178
329	1294
351	1388
354	1238
446	1175
383	1147
352	1184
368	1186
366	1227
394	1385
396	1506
447	1397
407	1374
415	1309
400	1241
379	1117
378	1241
366	1107
340	1176
375	1147
427	1258
421	1165
454	1232
459	1262
388	1040
390	1174
395	1255
444	1368
438	1255
427	1017
397	925
447	1054
422	1002
414	1078
387	1202
400	1393
416	1554
485	1375
424	1289
437	1195
427	1209
434	1168
404	1153
401	1069
432	1091
466	1197
490	1210
476	1300
437	1328
501	1408
550	1251
453	1377
536	1123
497	1049
491	1232
459	1249
494	1324
429	1210
529	1323
474	1157
519	1356
496	1291
559	1273
559	1280
590	1378
595	1538
554	1022
687	1187
637	1243
634	1305
612	1086
575	1141
602	1287
596	1225
576	1274
492	1312
563	1160
547	1150
528	1166
483	1248
539	1194
534	1078
524	1072
534	1188
528	1189
452	1125
494	1183
525	977
520	850
478	1021
548	1080
526	1174
450	1044
468	1183
445	1099
484	1094
458	1090
497	1050
464	1137
410	1246
422	1114
507	1120
489	1084
473	1152
522	1241
448	1345
506	1228
537	1219
562	1361
519	1042
501	1146
458	1094
566	999
526	1200
481	1130
495	1157
465	1065
513	994
410	1161
529	1202
518	1255
488	1125
459	1198
534	1306
489	1261
481	1090
520	1342
574	1130
586	1048
600	1059
646	1111
612	1213
691	1305
581	1333
551	1429
617	1627
586	1339
678	1508
568	1139
588	1165
610	1207
619	1286
566	1124
558	1340
617	1137
668	1084
718	1236
786	1196
702	896
758	1059
781	1011
744	1079
790	1041
799	897
757	971
789	997
809	1169
838	1453
850	1271
757	1208
781	1359
834	1544
770	1311
815	1472
931	1298
948	1474
843	1391
965	1133
964	1103
933	1260
970	1345
898	1338
1084	1220
995	1177
1020	1288
928	1385
896	1069
916	1110
844	1228
973	1296
969	1483
926	1222
913	1258
926	1201
933	1324
963	1391
989	1360
1038	1295
1069	1314
1046	1342
983	1377
1111	1285
1144	1202
1070	1016
1104	1056
1032	1067
969	1339
970	1338
943	1390
1056	1200
1126	1385
1050	1312
1092	1551
1056	1396
1015	1487
1044	1557
1160	1539
1157	1500
1250	1312
1331	1166
1261	1193
1239	1301
1257	1230
1282	1511
1174	1514
1177	1422
1149	1300
1099	1323
1117	1140
1113	1149
1032	1184
1046	1070
1033	1064
1068	928
1096	1064
1101	1072
1224	998
1228	1058
1229	1148
1138	1121
1173	1318
1235	1276
1226	1194
1314	1366
1227	1231
1224	1257
1193	1301
1204	1134
1155	1221
1166	1427
1218	1341
1115	1295
1198	1628
1155	1566
1190	1390
1129	1339
1147	1339
1201	1415
1178	1245
1061	1360
1096	1519
1065	1475
1074	1335
1012	1604
1055	1606
986	1316
1013	1394
1000	1358
1022	1145
1064	1306
1012	1332
994	1364
1013	1317
1068	1555
992	1144
1019	1146
1006	1093
1003	1122
1109	1281
1105	1207
1020	1483
1011	1174
1012	1157
1029	1185
906	1247
885	1143
883	1180
825	1171
883	1289
936	1426
892	1473
828	1549
759	1093
812	1119
804	1249
856	1329
907	1032
852	914
857	962
883	1101
896	1095
916	1248
938	1274
915	1207
854	1259
845	1131
789	1071
757	1110
719	956
725	1131
779	1050
748	985
732	1179
675	1175
721	1276
747	1426
747	1279
774	1052
689	978
805	1211
805	1249
729	1357
759	1201
738	1123
716	1184
589	1228
695	1113
586	1094
649	1141
611	1243
617	1173
612	1139
588	1132
636	1214
575	1012
566	1183
600	1257
621	1160
551	1223
562	1280
570	1194
611	1322
589	1318
609	1147
561	1230
571	1212
517	1226
493	1249
571	1381
499	1287
506	1308
565	1428
555	1457
520	1276
530	1433
565	1207
525	1212
556	1147
548	1299
567	1314
460	1242
509	1378
504	1230
520	1230
490	1308
507	1375
508	1242
486	1156
510	1161
449	1083
456	1135
454	1131
462	1229
452	1162
486	1200
489	1228
449	1142
471	1206
488	1047
458	1132
434	1310
428	1186
446	1053
479	1245
410	1126
396	1171
388	1147
403	1309
410	1253
380	1211
447	1322
418	1285
401	1329
427	1412
411	1323
354	1238
401	1170
395	1309
426	1060
424	1072
415	998
421	1050
346	1041
446	1254
429	1235
451	1294
395	1270
431	1283
433	1332
412	1337
380	1296
398	1306
412	1208
415	1184
428	1165
393	1195
338	1284
372	1204
389	1047
399	1301
418	1366
371	1407
390	1390
345	1262
346	1305
380	1149
448	1513
473	1432
369	1442
389	1317
402	1444
396	1236
369	1292
383	1245
358	1279
368	1201
331	1575
347	1377
354	1214
294	1076
408	1215
358	1034
363	1004
323	1377
323	1107
352	1155
342	1185
351	1098
379	1083
341	1255
322	1040
371	1104
338	1221
342	1076
396	1368
350	1454
392	1428
335	1239
369	1406
365	1306
314	1196
347	1439
334	1286
327	1363
363	1391
328	1492
323	1313
338	1313
338	1436
364	1319
333	1443
336	1301
371	1389
353	1172
412	1308
375	1100
297	1152
368	1134
349	928
332	901
356	1001
344	1116
396	1205
360	1236
319	1170
303	1201
336	1345
349	1223
364	1095
368	1111
367	1085
317	1182
387	1189
364	1349
386	1380
313	1070
381	1205
340	1250
355	1203
341	1088
343	1129
372	1315
442	1345
429	1484
369	1369
387	1325
428	1319
449	1126
393	1120
313	1267
430	1346
418	1200
399	1128
401	1159
434	1216
421	1280
430	1338
388	1387
428	1298
425	1500
426	1433
421	1547
457	1272
416	1291
415	1356
369	1468
392	1249
529	1318
539	1122
518	1115
459	1055
509	1224
525	1053
552	1112
482	1130
506	1088
529	1202
628	1128
781	999
736	1297
646	1342
702	1370
926	1519
1112	1132
950	1217
969	1310
1144	1354
1434	1310
1740	1178
1975	1240
1897	1328
1964	1261
2213	1282
3113	1240
3297	1270
2618	1282
2408	1278
3008	1242
4149	1263
4751	1242
4659	1189
4198	1245
4471	1253
5371	1265
6712	1373
6869	1252
6432	1248
6405	1295
8097	1314
9254	1377
9043	1477
8423	1303
8987	1462
9788	1583
10548	1397
10567	1564
10402	1452
10116	1395
10523	1568
10773	1396
10765	1413
10443	1430
10428	1491
10208	1497
9639	1424
9621	1415
9790	1326
9641	1318
9666	1310
9009	1150
8311	1290
7911	1289
8424	1184
7986	1232
6560	1090
5324	1051
5228	1185
5897	1153
6232	1294
5413	1226
4449	1182
4246	1258
4017	1309
4188	1297
4062	1429
4196	1391
4273	1394
4140	1389
4170	1299
4250	1224
4575	1181
4999	1226
5138	1363
5721	1288
5709	1288
5805	1198
5587	991
5532	1201
5801	1166
5709	1384
5395	1266
4799	1152
4569	1195
4288	1158
4252	1067
3717	1149
3357	1101
3228	1018
3397	1099
3536	1118
3698	1374
3769	1206
3918	1186
4052	1248
4236	1168
4349	1121
4337	1171
4599	1089
4625	1081
4758	1093
4547	1178
4105	1418
3614	1185
3395	1227
3045	1212
2921	1235
2631	1149
2408	1216
2292	1173
2283	1353
2447	1350
2496	1244
2368	1196
2312	1301
2584	1209
2736	1153
2877	1478
2758	1277
2651	1171
2611	1237
2508	1317
2463	1072
2300	1109
2070	1121
2025	987
1977	1104
1964	1265
1833	1147
1749	1266
1742	1341
1787	1400
1912	1673
1864	1592
1762	1574
1720	1566
1577	1434
1605	1485
1586	1371
1536	1343
1388	1214
1330	1269
1366	1189
1445	1116
1429	1087
1366	1247
1217	1112
1314	1079
1273	1058
1243	1004
1269	1019
1303	1169
1339	1337
1307	1007
1240	1151
1275	1109
1251	1225
1239	1475
1310	1679
1254	1387
1425	1197
1476	1326
1578	1202
1514	1233
1654	1308
1624	1511
1977	1500
1904	1354
1923	1286
1894	1318
2015	1194
2344	1175
2343	1159
2193	1072
2138	1036
2212	1060
2332	1215
2457	1155
2445	1285
2459	1176
2556	1293
2702	1313
2879	1222
2677	1103
2693	1163
2618	964
2668	1177
2758	1121
2702	1164
2768	1142
2827	911
2979	959
3000	947
3115	981
3302	1188
3425	1219
3466	1349
3631	1276
3625	1043
3434	1075
3510	1073
3349	1064
2952	1207
2762	1305
2749	1276
2780	1004
2507	1165
2264	1257
1998	1184
1963	1193
2053	1142
2029	1113
1744	1212
1400	1093
1265	1162
1439	1106
1395	1017
1139	1208
851	1316
930	1432
962	1488
927	1375
779	1147
691	1402
571	1501
633	1497
706	1444
639	1252
502	1087
490	1090
515	1063
463	1153
487	1073
391	1114
400	1290
443	1146
477	1091
487	1182
452	1232
417	1407
459	1351
394	1200
430	1322
379	1357
392	1216
399	1140
430	1270
405	1148
435	1078
348	1182
401	1099
368	1211
348	1108
373	1029
393	989
402	1031
367	1050
329	1122
427	1133
375	1313
345	1146
341	1273
426	1302
383	1273
360	1417
325	1274
338	1375
334	1373
331	1408
329	1185
332	1208
329	1031
274	1259
294	1106
306	1007
383	1165
371	1120
364	1223
369	1211
378	1228
411	1326
433	1352
406	1292
355	1415
374	1472
379	1511
396	1429
385	1352
382	1585
315	1457
329	1417
386	1177
389	1323
331	1295
339	1239
358	1697
374	1396
315	1496
365	1209
397	1143
342	1254
377	1203
373	1284
315	1014
332	1090
453	1162
390	1286
364	1537
374	1180
393	1473
433	1351
409	1111
357	1062
367	1161
344	1084
320	1404
348	1365
331	1319
354	1370
289	1416
346	1286
306	1290
386	1382
368	1299
340	1140
327	1339
360	1430
310	1345
340	1163
376	1212
357	1171
340	1125
319	1145
364	1209
364	1188
386	1078
335	1060
375	999
345	1030
346	1165
382	1329
364	1358
369	1113
333	1019
343	923
374	1255
342	1171
366	1133
375	1222
336	1253
397	1179
359	1171
361	1318
355	1370
372	1054
332	1264
320	1071
322	1337
328	1260
334	1284
300	1116
331	1169
365	1132
345	1195
360	1216
355	1134
375	1210
320	938
380	983
422	1200
326	1178
342	1147
369	1088
345	1082
419	1025
354	1072
347	1067
367	1237
319	1288
360	1128
380	1369
308	1118
320	1412
333	1310
316	1152
368	1184
339	1146
318	1285
339	1324
388	1340
344	1455
392	1362
345	1314
341	1285
337	1264
365	1473
366	1265
333	1231
351	1364
312	1411
304	1350
302	1407
345	1300
295	1321
343	1138
339	1017
405	1028
342	1319
343	1115
381	1103
384	1049
318	972
320	1065
332	1161
352	999
346	1181
339	1162
339	1338
364	1157
326	1319
319	1208
340	1081
311	1137
386	1163
305	1180
375	1019
315	981
357	977
294	1290
385	1211
383	1163
375	1098
359	1190
326	1297
331	1252
323	1266
361	1431
362	1421
343	1217
340	1192
357	1279
405	1264
360	1241
302	975
343	1238
344	1174
347	1138
335	1151
314	1228
321	1176
308	893
322	1079
357	1040
365	1013
376	1338
377	1139
358	1109
361	1168
340	1248
387	1248
326	1250
342	1144
419	1026
352	952
348	1225
342	1238
401	1253
358	1180
379	1043
347	985
396	983
391	1092
338	1221
380	1341
349	1466
461	1255
353	1195
369	1173
397	1230
352	1189
341	1153
398	1403
369	1376
349	1341
393	1433
368	1258
381	1229
401	1443
374	1711
365	1670
385	1597
409	1497
372	1622
397	1279
352	1369
345	1452
401	1225
322	1116
380	1141
405	1532
375	1306
435	1131
446	1235
413	1307
401	1109
449	1314
371	1232
397	1016
362	1150
382	1171
437	1200
396	1222
401	1251
373	1075
357	1000
414	1082
354	1114
343	1220
414	1348
409	1257
426	1252
355	1284
382	1203
387	1295
414	1114
452	1174
474	1250
470	1239
430	1311
413	1293
386	1488
372	1498
368	1324
382	1374
350	1366
364	1218
351	1265
368	1149
328	1193
317	1241
344	1269
359	1132
393	1272
397	1348
403	1521
429	1656
384	1473
416	1344
386	1243
464	1423
447	1245
439	1331
471	1343
455	1339
443	1375
383	1263
423	1191
407	1135
407	1157
381	1172
398	1228
423	1144
404	1286
378	1468
425	1241
404	1214
468	1422
431	1224
483	1527
490	1385
466	1321
386	1332
459	1221
413	1251
378	1442
364	1195
400	1173
392	1386
441	1371
419	1245
366	1050
357	1161
363	1146
401	1337
405	1241
364	1431
424	1403
414	1317
441	1237
419	1392
438	1357
435	1534
449	1477
441	1364
390	1405
397	1259
359	1252
405	1260
471	1342
396	1352
431	1366
405	1088
417	1189
482	1242
423	1498
444	1535
480	1538
439	1561
521	1440
521	1637
468	1652
480	1439
512	1531
476	1641
454	1497
422	1344
389	1375
362	1543
410	1562
405	1433
390	1428
378	1462
351	1613
329	1600
386	1426
307	1514
369	1467
381	1224
362	1270
396	1029
380	1409
397	1102
457	1239
368	1265
368	1360
359	1427
353	1494
433	1604
413	1410
464	1306
392	1212
379	1095
415	1292
443	1076
370	1321
389	1221
410	1345
413	1295
324	1257
376	1316
377	1311
364	1378
391	1512
459	1516
384	1207
411	1403
390	1264
384	1564
375	1493
380	1323
458	1337
386	1363
358	1403
390	1316
313	1358
330	1590
365	1292
363	1191
370	1236
369	1324
370	1417
348	1276
394	1300
383	1249
379	1517
413	1339
414	1265
414	1281
390	1405
423	1589
405	1300
448	1255
450	1169
422	1363
361	1467
373	1563
409	1434
351	1199
405	1246
390	1279
440	1465
488	1416
442	1490
439	1431
403	1272
431	1242
420	1328
386	1319
439	1285
442	1352
485	1282
419	1411
467	1467
457	1464
516	1415
498	1339
506	1456
372	1529
507	1388
506	1298
519	1341
523	1298
472	1336
461	1363
479	1381
422	1555
411	1564
439	1426
420	1379
390	1297
445	1297
412	1193
364	1118
410	1136
436	1097
477	1169
541	1278
517	1298
470	1373
492	1143
532	1193
534	1088
531	1202
485	1329
607	1400
495	1387
498	1310
454	1317
464	1463
454	1450
428	1330
505	1217
454	1294
436	1440
436	1284
347	1233
459	1299
481	1191
438	1385
471	1317
499	1385
450	1300
453	1161
418	1285
439	1205
409	1426
500	1582
451	1484
514	1556
453	1419
412	1253
390	1175
434	1370
447	1384
478	1211
423	1151
383	1403
384	1420
410	1300
357	1305
387	1252
411	1484
448	1282
453	1316
413	1182
381	1173
378	1207
423	1305
424	1311
384	1543
453	1132
405	1155
448	949
461	1189
372	1339
432	1360
358	1184
387	1583
390	1558
384	1450
395	1475
413	1575
423	1573
451	1431
430	1396
442	1140
408	1048
430	1109
400	1481
416	1393
346	1222
392	1259
423	1334
409	1222
437	1386
426	1300
370	1444
372	1129
418	1312
432	1241
405	1203
396	1185
394	1078
431	1089
433	1152
440	1393
403	1430
408	1146
374	1089
383	1116
397	994
438	1136
460	1270
376	1157
384	1193
418	1184
384	1172
398	1260
433	1093
435	1235
472	1432
436	1231
456	1370
457	1517
422	1511
429	1633
348	1370
417	1379
447	1511
418	1380
447	1672
491	1427
462	1237
478	1252
405	1200
393	1196
385	1388
411	1277
391	1173
387	1190
386	1216
406	1232
429	1319
468	1396
419	1239
416	1135
361	1215
434	1090
380	1166
380	1173
442	1146
416	1122
392	1431
406	1501
366	1339
376	1435
445	1340
418	1292
376	1151
388	1164
470	1369
437	1275
428	1268
427	1362
437	1382
387	1352
358	1559
409	1358
390	1226
361	1174
330	1371
342	1450
354	1187
382	1251
353	1315
389	1190
400	1262
400	1287
370	1303
374	1333
401	1271
392	1186
363	1348
328	1273
383	1286
364	1320
385	1231
431	1450
361	1316
304	1271
338	1161
402	1334
332	1182
327	1221
344	1023
363	1139
368	1248
350	1087
350	1077
341	1212
371	1251
358	1168
357	1367
371	1349
368	1557
386	1393
408	1533
411	1431
398	1293
388	1451
434	1395
379	1614
368	1675
396	1595
369	1293
329	1286
375	1451
399	1495
388	1339
370	1379
326	1338
351	1352
375	1572
346	1572
413	1454
394	1438
358	1343
376	1377
374	1307
410	1194
398	1103
383	1398
388	1317
388	1328
397	1341
374	1391
410	1077
391	1208
366	1294
343	1419
373	1508
393	1426
406	1269
414	1246
406	1267
395	1537
434	1268
394	1199
378	1354
345	1257
375	1278
393	1375
446	1492
419	1539
362	1533
406	1546
381	1484
349	1489
361	1356
376	1210
373	1335
333	1299
343	1337
370	1326
351	1404
395	1346
364	1240
344	1343
385	1197
388	1449
313	1441
371	1431
378	1519
411	1266
346	1164
330	1083
309	1080
358	1185
386	1317
359	1262
313	1150
351	1267
346	1199
325	1324
411	1179
364	1248
394	1226
371	1156
369	1275
382	1372
350	1272
389	1358
388	1257
385	1412
363	1190
335	1147
350	1249
337	1146
321	1128
387	1480
374	1702
331	1329
334	1349
343	1309
350	1316
324	1296
325	1360
348	1397
315	1430
339	1426
325	1444
331	1317
318	1204
328	1227
345	1137
384	1344
341	1348
372	1304
425	1057
425	1191
387	1279
483	1488
344	1401
333	1315
423	1249
416	1149
383	1270
314	1216
300	1068
328	1215
360	1252
353	1350
358	1383
375	1300
346	1277
387	1413
365	1281
349	1139
340	1081
352	1250
391	1047
397	1138
383	1201
358	1282
405	1260
451	1476
443	1408
519	1449
595	1310
606	1210
704	1260
721	1163
829	1233
864	1250
839	1371
678	1456
615	1373
633	1217
533	1186
444	1392
526	1397
631	1303
653	1247
623	1276
505	1495
427	1530
552	1355
552	1162
504	1395
484	1377
412	1279
420	1337
484	1440
484	1350
419	1374
381	1486
390	1240
375	1305
431	1335
390	1293
402	1286
297	1128
364	1106
359	1132
348	895
441	1121
407	1225
381	1208
392	1218
380	1128
385	1221
340	1101
407	1065
382	1054
373	1068
315	999
374	1151
366	1252
400	1325
443	1477
361	1324
375	1529
353	1391
366	1266
345	1447
370	1262
348	1379
380	1248
401	1414
322	1271
320	1244
400	1067
402	1206
374	1082
363	976
340	1188
344	1073
349	1101
362	1098
345	1021
341	1305
334	1223
357	1362
373	1513
360	1361
378	1343
395	1452
317	1231
357	1066
370	1162
391	1098
347	1181
400	1031
408	1212
448	1245
492	1257
422	1202
384	1204
395	1263
432	1212
426	1288
399	1352
442	1158
415	1085
498	1138
438	1266
443	1489
410	1076
385	1039
350	1108
331	1133
371	1111
332	1141
364	1165
423	1214
375	1074
384	1197
385	1168
378	1186
420	1191
413	1341
415	1180
385	1125
435	1183
432	1321
483	1666
498	1547
416	1362
405	1245
510	1117
620	1224
585	1329
526	1242
505	1209
622	1055
668	1144
737	1044
659	1092
707	1187
810	1173
1030	1102
1128	1199
1120	1033
1310	1060
1561	1253
1865	1454
2060	1281
2244	1224
2282	1174
2543	1199
2967	1389
3181	1255
3012	1063
2774	1197
2503	1075
2823	1145
2905	1146
2840	929
3000	1252
2855	1131
3126	1325
3129	1297
3139	1237
3463	1348
3593	1219
3478	1212
3303	1208
2997	1178
3036	1325
3205	1157
2866	1091
2524	993
1992	1041
2043	1111
2098	1290
2066	1117
2222	1096
2367	1070
2361	1067
2366	1118
2251	1013
1950	890
1967	1055
1808	1001
1759	1082
1884	1086
1883	1035
1762	1111
1960	1115
1913	1179
2254	1039
2399	1114
2634	1102
2823	925
3048	1006
2958	1095
3176	1248
3223	1305
3000	1164
2836	1252
2569	1123
2223	1191
2130	1196
1960	1330
1883	1161
1809	1284
1659	1145
1843	1085
2025	1055
2084	977
2290	1298
2593	1414
3028	1426
3574	1112
3898	1206
4104	1223
4388	1205
4539	1047
4470	1247
4197	1480
3782	1358
3341	1308
2867	1213
2704	1321
2372	1341
2128	991
1921	1007
1884	1271
1846	1343
1824	1307
1886	1239
2051	1162
2206	1053
2317	1232
2451	1113
2745	1161
2998	1199
3360	1172
3479	1226
3447	1178
3473	1324
3183	1373
2858	1411
2551	1277
2138	1143
2075	1131
1851	1091
1700	1256
1620	1106
1597	1404
1546	1554
1642	1607
1754	1422
1756	1471
1957	1319
1898	1438
2049	1198
2121	1450
2234	1284
2232	1111
2363	1285
2205	1448
2087	1536
2021	1355
1845	1355
1644	1242
1497	1283
1310	1361
1290	1382
1218	1337
1158	1131
1137	1240
1113	1233
1149	1381
1242	1128
1156	1133
1102	1400
1058	1379
1071	1432
1013	1451
989	1391
871	1295
847	1258
852	1209
836	1201
699	1243
695	1304
595	1284
659	1223
631	960
609	1266
562	1177
546	1457
515	1102
511	1027
519	1117
472	1171
473	1095
514	1192
471	1277
464	1361
440	1187
456	1326
416	1041
455	900
405	1055
426	932
446	1405
456	1112
462	1177
449	1091
435	1242
424	1304
396	1336
345	1291
353	1084
393	1365
414	1311
436	1192
415	1135
426	1130
416	1157
406	1322
365	1392
440	1328
375	1072
364	1217
333	1335
392	1303
397	1416
363	1265
372	1189
410	1149
404	1266
417	1217
360	1189
402	1245
398	1171
345	1202
373	1257
362	1248
358	1187
325	1147
348	977
328	956
359	1182
323	1215
322	1086
347	1213
406	1128
382	1249
381	1228
368	1478
346	1394
332	1301
407	1031
356	1174
343	1342
339	1442
327	1241
320	1266
297	1378
303	1166
327	1327
375	1396
369	1470
363	1410
320	1570
379	1120
328	1224
352	1367
339	1400
346	1379
400	1491
405	1562
357	1580
315	1536
318	1569
357	1385
378	1452
330	1284
360	1368
351	1428
385	1502
317	1287
359	1504
369	1431
373	1634
382	1590
349	1745
388	1839
367	1352
374	1360
419	1208
377	1292
403	1330
346	1240
440	1504
385	1355
393	1324
373	1512
467	1311
402	1403
388	1391
369	1423
370	1275
418	1337
404	1225
361	1177
379	1282
389	1441
372	1500
403	1491
332	1474
340	1553
380	1480
422	1533
404	1420
332	1365
359	1410
372	1574
358	1371
367	1172
314	1166
343	1178
409	1428
412	1340
363	1206
371	1225
343	1212
369	1251
336	1368
373	1372
347	1154
309	1357
352	1312
361	1355
343	1124
321	1289
367	1451
405	1102
386	1141
408	1324
414	1393
393	1258
352	1207
371	1070
427	1296
425	1273
382	1316
378	1293
351	1041
366	1039
407	1369
392	1188
391	1249
408	1277
360	1169
341	1144
421	1324
364	1261
347	1164
374	1213
403	1323
345	1342
383	1289
384	1213
373	1412
422	1467
387	1322
421	1199
386	1215
407	1272
407	1233
387	1207
321	1529
370	1560
404	1314
405	1320
382	1274
410	1319
413	1352
425	1417
376	1351
423	1405
447	1248
461	1242
373	1434
407	1244
402	1510
412	1393
462	1174
449	1072
459	1205
376	1189
474	1348
395	1345
457	1178
426	1287
426	1096
474	1205
495	1360
489	1370
483	1266
509	1326
499	1324
557	1384
523	1324
543	1262
567	1131
713	1240
650	1291
708	1343
700	1076
703	1234
788	1089
787	1385
736	1399
721	1178
764	1299
740	1300
651	1036
642	1069
662	1091
666	1499
679	1366
723	1307
711	1380
690	1328
687	1220
748	1387
661	1232
631	1097
651	1174
692	1139
660	1257
601	1141
623	1187
543	1175
557	1295
573	1151
621	1035
547	1204
484	1271
472	1251
523	1282
561	1162
524	1311
518	1425
527	1208
507	1543
470	1425
468	1368
454	1091
495	1215
452	1179
488	1256
472	1097
561	1184
594	1105
543	1196
478	1107
536	1095
523	1125
590	1190
530	1138
520	1123
539	942
548	1018
543	1226
444	1148
468	1260
470	1312
546	1226
538	1194
505	1401
468	1247
490	1303
496	1156
488	1172
464	1191
460	1373
527	1243
497	1176
417	1072
444	1109
490	1113
432	1285
445	1264
467	1181
480	1278
450	1245
431	1293
426	1099
445	1126
371	1143
402	1158
409	1267
401	1234
435	1304
373	1215
360	1159
377	1150
384	1068
421	1279
430	1287
462	1284
351	1345
437	1400
422	1263
442	1373
517	1286
405	1486
459	1332
456	1551
459	1401
439	1372
406	1266
427	1443
476	1520
575	1261
734	1148
697	1250
674	1315
668	1180
898	1422
1112	1346
1129	1336
1107	1301
1061	1550
1194	1323
1381	1346
1422	1337
1433	1341
1380	1321
1509	1224
1872	1379
2170	1404
2404	1348
2498	1533
2510	1250
2604	1389
2660	1319
2598	1398
2656	1438
2812	1638
2748	1427
2798	1230
2703	1495
2441	1224
2459	1136
2551	1286
2429	1143
2499	1011
2508	873
2642	998
2587	1022
2651	1234
2672	1177
2798	1161
3084	1162
2885	1067
2584	1122
2504	959
2448	1074
2385	1216
2513	1124
2146	1295
2085	1121
2052	1185
2018	1316
1963	1267
1977	1114
1869	1240
1901	1174
1887	1187
1765	1284
1769	1198
1847	1258
1901	1252
1842	1185
1819	1238
1912	1413
1887	1284
2153	1172
2068	1200
2005	1310
1955	1449
1974	1402
2143	1347
2106	1581
2117	1420
2042	1412
2133	1680
2206	1326
2149	1303
2108	1376
2060	1382
2109	1225
2216	1182
2228	1220
2328	1288
2263	972
2471	1064
3214	1104
3587	1231
3476	1262
3195	1287
3751	1295
4399	1240
5223	1257
5415	1152
5586	1221
5775	1252
6491	1127
7152	1122
7068	1155
7471	1218
7689	1217
8432	1295
9171	1323
9360	1463
9068	1363
8772	1192
9249	1237
9621	1331
9880	1425
9769	1296
9582	1477
9436	1513
10328	1533
10696	1612
10637	1546
10453	1482
10363	1516
10717	1523
10725	1607
10451	1589
10394	1428
10325	1602
10526	1459
10705	1357
10712	1416
10948	1362
10772	1544
10720	1426
10217	1658
9809	1487
9727	1645
9576	1597
9543	1644
8676	1464
8180	1296
8067	1312
8290	1451
7918	1482
7180	1390
6439	1202
6371	1143
6327	1403
5805	1336
4039	1308
2353	1303
1751	1100
1882	1182
2198	1087
1789	1161
1636	1249
1658	1337
1970	1281
1873	1125
1324	1131
1005	1286
796	1192
655	1176
693	1364
613	1169
606	1100
492	1015
455	1094
461	924
531	1138
439	1110
499	1226
450	1156
436	1022
402	1262
436	1447
402	1316
347	1416
418	1155
428	1080
384	1203
321	989
347	1084
382	1159
404	1382
407	1175
367	1111
340	1286
375	1390
393	1596
394	1654
378	1376
349	1472
410	1244
387	1415
393	1398
381	1511
382	1350
399	1211
407	1355
380	1323
378	1154
388	1210
393	1111
385	1111
404	1238
368	1257
380	1147
345	1222
311	1395
337	1199
375	1326
431	1140
356	1032
327	1175
346	1436
382	1488
382	1493
414	1503
373	1193
342	1201
344	1341
337	1281
357	1553
346	1391
389	1499
365	1238
337	1358
378	1355
377	1451
373	1466
419	1493
331	1334
353	1295
382	1322
339	1393
385	1252
339	1189
398	1367
329	1427
376	1366
357	1276
418	1456
362	1389
351	1435
363	1339
358	1283
343	1420
415	1300
395	1224
398	1239
382	1414
414	1204
427	1101
419	1335
401	1281
502	1176
388	1116
418	1404
480	1414
376	1545
398	1549
360	1592
484	1466
422	1306
352	1163
380	1376
364	1328
401	1457
358	1478
369	1336
309	1350
322	1347
369	1355
337	1282
370	1449
388	1317
363	1486
392	1377
441	1225
387	1481
376	1241
345	1118
400	1090
427	1110
438	1141
437	1105
426	1135
437	1225
394	1285
435	1392
387	1332
411	1065
460	1106
401	944
414	1222
433	1230
476	1270
441	1328
445	1383
454	1474
427	1424
475	1356
482	1103
441	1251
454	1195
435	1369
457	1376
464	1448
485	1329
493	1470
481	1348
537	1326
537	1269
530	1234
512	1243
635	1225
675	1424
583	1177
602	1453
605	1445
552	1334
509	1322
482	1243
512	1223
610	1396
604	1155
579	1378
566	1425
632	1445
634	1317
642	1084
710	1202
666	1225
577	1299
652	1282
620	1237
699	1109
684	1265
771	1137
752	1253
768	1164
710	1291
669	1654
610	1372
586	1308
614	1520
670	1331
636	1338
660	1075
680	996
676	1062
664	1259
639	1228
596	1191
647	1208
684	1247
643	1244
717	1077
625	1125
643	1386
573	1161
598	934
627	1109
541	1150
591	1084
679	1243
715	1172
634	1325
637	1226
578	1162
644	1268
646	1233
516	1265
534	1394
543	1307
547	1244
545	1349
544	1391
533	1260
450	1302
446	1335
472	1274
517	1392
457	1360
408	1369
390	1394
377	1296
428	1382
454	1180
496	1123
413	1136
414	937
408	1118
402	1244
414	1198
363	1168
363	1238
368	1116
371	1093
386	1258
372	1222
361	1264
375	1161
312	1218
348	1326
372	1268
309	1146
333	1316
363	1262
384	1468
375	1301
381	1333
351	1287
404	1384
403	1392
400	1452
377	1243
412	1398
358	1335
394	1240
397	1352
373	1240
361	1217
377	1155
343	1242
338	1305
349	1205
343	1141
368	1292
393	1204
317	1103
318	1271
330	1139
338	1093
324	1100
320	1142
343	1311
336	1318
368	1295
368	1243
344	1115
354	1080
342	1012
325	1090
355	1151
385	1253
369	1227
341	1115
395	957
385	1177
355	1174
410	1226
327	1372
347	1358
378	1238
383	1161
398	1240
315	1111
350	1162
327	1098
360	1307
405	1313
391	1347
332	1363
316	1512
336	1495
304	1180
347	1223
357	1275
349	1293
345	1215
366	1137
357	1102
362	1174
327	1269
357	1297
360	1435
358	1406
404	1541
391	1750
417	1416
412	1462
336	1399
354	1292
356	1284
377	1351
409	1441
392	1332
415	1269
416	1401
341	1353
373	1163
350	1256
365	1176
362	1251
355	1173
352	1132
362	1194
423	1326
335	1128
324	1079
358	934
360	845
356	974
334	1090
381	1216
337	1021
317	1081
302	1155
331	969
310	985
297	1212
311	1155
305	1169
332	1177
341	1299
318	1301
340	1136
377	1135
281	1342
342	1427
302	1532
319	1336
375	1209
358	1000
363	1039
377	1137
343	1177
352	948
329	823
335	1046
362	1084
366	1099
353	1112
302	1146
295	1085
324	1245
326	1222
367	1180
362	997
364	1053
394	1179
380	1228
381	1192
356	1213
359	1301
350	1242
371	1422
386	1365
423	1167
391	1265
440	1238
395	1363
400	1246
363	1219
359	1196
334	1318
350	1451
344	1251
321	1325
337	1146
374	1295
313	1511
312	1468
404	1209
356	1201
363	1149
358	1220
304	1189
314	1165
344	1413
348	1435
314	1302
292	1353
320	1438
313	1440
362	1319
325	1220
306	1106
358	1249
414	1416
317	1306
311	1274
329	1194
327	1206
330	1218
347	1093
364	1101
332	988
330	1191
355	1227
343	1056
372	1244
360	1125
401	1177
378	1350
320	1284
336	1209
354	1288
349	1179
309	1147
364	1138
321	1162
354	1159
306	1509
366	1326
389	1218
390	1509
387	1278
384	1429
387	1451
354	1419
344	1195
406	1288
348	1292
360	1161
352	1117
334	1205
355	1190
338	1319
297	1075
323	1203
318	1330
367	1545
382	1396
399	1288
373	1363
391	1093
353	1067
386	1244
448	1207
401	1319
374	1280
336	1179
376	1634
370	1211
376	1431
368	1432
387	1614
441	1452
430	1270
382	1282
444	1172
376	1139
368	1237
347	1346
386	1667
395	1602
398	1439
390	1528
348	1461
352	1426
394	1353
386	1485
438	1397
404	1652
420	1515
386	1427
404	1337
398	1442
377	1446
393	1323
398	1319
414	1438
423	1769
447	1607
383	1406
394	1220
414	1360
409	1341
407	1326
442	1487
411	1163
392	1428
424	1288
408	1450
375	1189
418	1495
394	1267
352	1474
394	1403
409	1484
447	1626
487	1937
461	1731
418	1669
408	1718
411	1403
373	1316
408	1199
390	1248
419	1390
437	1498
435	1583
407	1726
386	1463
417	1301
428	1284
431	1231
415	1203
467	1332
443	1384
395	1287
406	1128
433	1294
369	1292
426	1240
409	1339
430	1208
426	1180
393	1044
404	1102
419	1150
475	1410
462	1143
419	1167
403	1477
445	1397
453	1328
453	1207
457	1331
375	1418
410	1360
467	1298
466	1336
432	1219
428	1249
474	1141
440	1134
475	1258
495	1292
441	1201
497	1236
476	1222
529	1316
469	1318
413	1408
414	1532
423	1496
439	1314
427	1585
472	1467
484	1422
456	1443
486	1371
461	1330
520	1385
442	1572
550	1379
565	1317
553	1301
547	1432
558	1342
558	1419
587	1511
522	1308
537	1189
560	1146
599	1352
601	1361
493	1435
467	1245
477	1136
510	1133
493	1178
487	1235
471	1067
449	1113
469	1190
417	989
476	1243
420	1089
522	1543
510	1453
520	1360
523	1254
581	1350
551	1377
596	1375
615	1339
599	1186
591	1461
514	1601
522	1534
558	1348
515	1283
438	1379
460	1357
419	1317
439	1338
509	1130
468	1313
514	1387
512	1412
568	1197
496	1147
580	1185
556	1308
616	1351
573	1221
541	1503
571	1356
543	1354
531	1280
544	1291
511	1276
482	1462
474	1420
483	1394
539	1171
455	1234
509	1225
500	1358
477	1185
482	1115
424	1218
476	1345
449	1356
485	1208
428	1107
500	1172
459	1174
517	1061
480	1121
459	1233
487	1325
441	1166
458	1269
430	1274
429	1181
400	1210
495	1191
425	1162
459	1178
414	1051
410	1222
380	1367
452	1196
405	1223
397	1139
403	1167
426	1297
480	1403
436	1508
435	1477
400	1448
424	1480
408	1256
376	1309
403	1132
500	1129
416	1066
442	1216
392	1195
416	1194
418	1260
477	1208
440	1202
399	1170
376	1303
401	1232
449	1079
443	1164
478	1076
436	1106
401	1113
380	974
358	1101
393	1195
398	1097
419	1261
404	1292
393	1262
438	1219
464	1216
431	1146
428	1244
477	1207
456	1184
398	1143
428	913
432	1089
363	1027
375	925
390	973
405	1134
414	1171
384	1573
381	1352
396	1208
380	1219
395	1404
354	1256
347	1333
383	1265
429	1081
422	1216
439	1436
467	1539
404	1308
367	1196
382	1454
428	1274
404	1467
378	1337
413	1365
423	1314
385	1144
347	1333
373	1111
