350	1191
392	1289
421	1277
385	1115
428	1165
402	1321
375	1311
365	1270
381	1246
386	1329
340	1315
368	1296
374	1405
349	1280
351	1468
316	1445
396	1239
315	1202
373	1217
378	1264
391	1154
339	1239
331	1598
320	1607
354	1530
358	1399
358	1453
347	1512
394	1564
377	1706
390	1606
371	1313
419	1568
365	1259
365	1378
344	1703
399	1373
382	1356
343	1223
389	1599
389	1468
373	1267
377	1291
434	1071
320	1231
385	1248
374	1128
328	1164
315	1178
337	1225
349	1164
329	1306
377	1340
399	1486
327	1387
308	1454
340	1152
342	1173
356	1092
356	1279
337	1441
347	1528
356	1508
368	1354
357	1502
351	1516
372	1472
347	1456
347	1475
385	1637
365	1519
360	1624
314	1337
324	1198
386	1342
383	1310
345	1311
336	1457
395	1221
395	1170
353	895
329	1105
335	1200
332	1321
327	1254
328	1190
391	1397
347	1265
359	1163
393	1419
346	1176
317	1347
348	1390
341	1298
356	1160
339	1227
345	1121
333	1100
354	1245
334	1170
356	1100
358	1037
318	1047
373	1114
302	1440
330	1263
318	1270
352	1385
355	1370
381	1192
348	1176
363	1215
393	1250
357	1366
365	1310
315	1215
375	1235
378	1101
319	1111
346	1141
353	1474
309	1247
329	1190
352	1199
293	1219
355	1140
310	1452
280	1605
296	1529
309	1331
345	1241
340	1312
305	1146
382	1515
292	1383
326	1194
302	1291
285	1393
274	1202
345	1303
328	1504
326	1399
343	1677
310	1590
316	1346
305	1364
335	1550
343	1475
334	1386
332	1442
282	1373
297	1482
373	1681
358	1277
357	1474
366	1500
302	1354
339	1421
338	1283
339	1348
332	1349
338	1400
323	1331
300	1331
314	1549
299	1452
369	1352
346	1201
342	1326
321	1174
339	1489
326	1548
339	1522
334	1435
305	1314
304	1305
322	1478
319	1265
321	1313
352	1357
361	1210
349	1621
400	1679
335	1483
356	1682
297	1398
343	1485
324	1315
290	1110
331	1032
307	1242
340	1208
317	1271
324	1494
326	1475
271	1282
322	1390
318	1276
305	1197
346	1160
346	1137
312	1231
370	1156
329	1263
338	1131
342	1143
293	1149
284	1105
376	1405
292	1227
325	1440
333	1380
381	1550
303	1411
330	1359
321	1394
376	1543
358	1763
328	1492
397	1595
296	1516
362	1385
291	1345
358	1522
345	1629
349	1620
362	1557
338	1602
397	1609
390	1599
380	1349
335	1417
358	1566
387	1463
449	1396
325	1198
326	1283
350	1627
418	1525
367	1230
426	1352
399	1365
383	1197
363	1087
382	1370
383	1480
348	1507
300	1456
358	1327
325	1226
285	1442
278	1245
293	1472
376	1305
302	1216
327	1322
321	1096
368	1353
343	1626
313	1465
326	1467
339	1472
308	1476
302	1470
340	1493
338	1638
320	1469
360	1579
317	1481
374	1602
381	1341
392	1264
388	1106
348	1307
350	1260
300	1431
264	1444
322	1326
341	1419
347	1644
313	1394
313	1299
329	1376
296	1516
360	1597
322	1408
290	1495
350	1554
331	1514
354	1587
309	1528
394	1362
343	1261
357	1143
360	1283
358	1304
333	1122
315	1119
372	1259
338	1233
296	1156
349	1124
274	1362
326	1263
292	1532
316	1320
329	1453
328	1403
303	1541
350	1320
397	1484
337	1616
348	1495
365	1401
394	1427
346	1445
358	1309
362	1474
415	1440
351	1291
363	1497
349	1677
339	1730
315	1549
305	1431
335	1527
303	1317
354	1151
314	1383
287	1297
328	1424
308	1399
317	1463
364	1571
332	1342
311	1337
297	1533
300	1519
326	1570
316	1334
342	1208
301	1343
340	1439
347	1520
327	1562
289	1366
312	1424
353	1231
353	1084
296	1202
312	1116
322	1217
325	1393
338	1510
324	1493
357	1399
342	1222
369	1289
368	1262
375	1130
301	1106
334	1032
331	1101
323	1200
340	1107
395	1129
370	1029
346	1119
370	1248
376	1288
322	1191
337	1313
334	1181
396	1392
303	1372
335	1562
378	1466
350	1335
340	1244
369	1121
341	1258
355	1195
425	1271
381	1228
375	1289
360	1451
363	1487
352	1298
346	1290
386	1570
343	1567
350	1317
306	1348
316	1567
343	1323
344	1332
335	1433
323	1359
320	1309
323	1351
294	1178
318	1342
289	1493
304	1141
301	1548
341	1475
341	1527
364	1379
325	1188
329	1341
281	1193
282	1223
352	1211
402	1166
363	1307
327	1085
342	1139
303	1303
359	1142
355	1299
347	1366
391	1163
342	1416
390	1400
394	1221
332	1267
412	1204
384	1384
325	1308
352	1643
328	1206
341	1277
328	1090
297	1183
349	1268
387	1111
343	1333
360	1300
354	1310
373	1102
338	1289
370	1316
394	1312
347	1128
355	1251
369	1344
355	1345
353	1199
354	1219
289	1280
288	1259
369	1149
349	1266
375	1305
370	1691
392	1603
324	1537
362	1453
322	1368
344	1300
318	1204
402	1270
364	1096
371	1205
379	1289
335	1184
350	1212
341	1432
403	1376
409	1286
329	1359
310	1630
327	1484
304	1661
325	1326
339	1270
293	1242
319	1290
328	1370
310	1266
383	1194
371	1316
358	1426
395	1534
366	1461
372	1397
332	1166
302	1450
399	1559
342	1234
344	1194
369	1261
337	1470
359	1355
388	1257
367	1498
377	1286
319	1266
315	1545
404	1274
395	1290
405	1299
384	1365
314	1403
361	1556
371	1602
402	1724
358	1561
412	1424
351	1507
387	1434
355	1288
412	1363
377	1483
367	1538
408	1554
413	1409
365	1355
379	1592
417	1331
400	1356
456	1401
555	1474
489	1642
444	1743
396	1539
496	1287
694	1513
956	1479
852	1158
1028	1281
1385	1159
1525	1190
1660	1396
1615	1508
1584	1510
1748	1602
1307	1549
911	1408
790	1487
898	1568
810	1651
710	1444
561	1620
616	1523
479	1425
495	1364
525	1331
444	1518
372	1357
450	1343
443	1280
429	1340
386	1177
360	1329
412	1212
392	1349
407	1301
388	1029
363	1336
352	1589
406	1613
353	1521
356	1268
392	1266
369	1303
408	1480
332	1485
405	1302
422	1276
405	1330
319	1360
363	1170
376	1324
392	1224
356	1381
379	1263
366	1245
379	1137
347	1227
374	1237
401	1353
397	1413
351	1299
367	1290
380	1268
392	1370
403	1447
384	1434
391	1114
480	1220
420	1431
393	1100
406	1156
381	1259
413	1170
409	1414
402	1591
407	1394
411	1396
440	1343
493	1308
436	1229
456	1135
460	1268
446	1482
522	1436
514	1420
507	1493
407	1360
458	1355
461	1397
455	1190
443	1288
529	1483
464	1359
514	1405
521	1221
465	1250
568	1126
540	1100
597	1145
590	1154
622	1176
578	1177
565	1137
724	1187
839	1205
790	1239
766	1183
864	1135
905	1052
1055	1059
1089	1207
1036	1294
1094	1402
1422	1360
1951	1469
1993	1549
1853	1279
2128	1172
3022	1194
3793	1052
4205	983
3885	1031
3585	1034
4323	972
5235	1201
5572	959
5164	1173
5278	979
5670	1057
6275	1141
6501	1117
6426	1170
6272	1242
6360	1324
6622	1352
6619	1199
6529	1259
6648	1475
6714	1420
7528	1365
8434	1351
8636	1549
8814	1398
9148	1567
10086	1504
11071	1524
11409	1708
11426	1724
11113	1636
11576	1679
12450	1763
12562	1523
12188	1447
11614	1522
11510	1779
11394	1678
11357	1469
11160	1444
11230	1647
11246	1767
11289	1340
11970	1286
11998	1308
12500	1277
12504	1333
13122	1276
13025	1432
13093	1488
13017	1543
13268	1540
13489	1438
13051	1404
12539	1549
12487	1476
12283	1551
11685	1465
11135	1326
10330	1324
10130	1414
10047	1350
9592	1296
9302	1280
8813	1244
8832	1105
8754	1365
8576	1146
8367	1116
8017	1265
7935	1259
8298	1252
8209	1510
7800	1383
7777	1186
7723	1074
7706	1281
7641	1186
7551	1404
7254	1318
7210	1366
7038	1359
6794	1257
6565	1262
6766	1315
6483	1359
6696	1371
6448	1302
6465	1194
6357	1361
6456	1283
6396	1181
6445	1200
6511	1307
6213	1277
6238	1356
5956	1307
5982	1274
6112	1367
5994	1433
5702	1373
5399	1367
5359	1383
5234	1237
4957	1257
4576	1353
4231	1335
4108	1287
4194	1476
4186	1491
3942	1375
3492	1234
3365	1380
3411	1366
3271	1442
2722	1465
2204	1528
1909	1380
1770	1376
1791	1285
1450	1292
1258	1235
1207	1253
1236	1414
1306	1380
1156	1494
893	1304
749	1361
851	1421
800	1418
826	1390
819	1378
752	1472
679	1351
726	1438
664	1615
568	1339
500	1456
529	1170
540	1445
547	1380
469	1384
503	1310
545	1452
494	1273
506	1343
492	1371
477	1531
450	1375
448	1137
411	1498
441	1246
416	1157
417	1021
478	1264
449	1435
387	1341
446	1431
346	1424
425	1452
353	1303
382	1336
342	1434
359	1461
337	1313
338	1417
321	1278
332	1335
368	1503
383	1476
332	1410
305	1339
337	1436
375	1698
325	1350
335	1402
349	1225
332	1102
355	1093
357	1105
315	1160
358	1351
332	1116
342	1132
344	1267
332	1365
376	1143
349	1238
360	1218
338	1236
343	1472
364	1538
346	1481
391	1419
365	1352
321	1402
305	1203
356	1273
355	1472
347	1338
347	1463
360	1415
363	1176
327	1106
336	1088
333	1359
321	1283
323	1180
338	1186
406	1226
408	1290
352	1392
347	1328
357	1599
352	1680
348	1654
390	1413
378	1309
358	1251
318	1213
339	1367
323	1377
305	1154
312	1315
344	1101
340	1552
332	1512
311	1452
351	1687
326	1412
331	1434
314	998
306	1139
333	1226
359	1274
345	1337
294	1342
329	1181
312	1539
295	1380
336	1360
342	1405
318	1363
338	1450
328	1397
415	1804
344	1643
327	1397
353	1407
391	1395
348	1411
374	1552
362	1384
369	1450
434	1503
407	1227
379	1431
412	1449
442	1484
447	1338
375	1363
367	1378
425	1474
328	1402
314	1285
359	1205
417	1245
369	1389
347	1204
397	1431
435	1368
455	1450
377	1338
382	1325
335	1216
353	1644
326	1505
388	1493
367	1652
379	1704
354	1591
296	1381
343	1423
285	1282
319	1501
332	1439
297	1537
297	1547
290	1278
356	1156
389	1217
313	1302
309	1571
346	1470
378	1432
364	1183
355	1337
367	1281
390	1220
385	1215
338	1121
347	1312
335	1488
312	1248
348	1286
321	1368
377	1267
379	1215
389	1568
378	1482
315	1708
361	1238
361	1291
344	1630
363	1428
358	1301
378	1605
382	1429
360	1449
279	1310
334	1446
317	1497
375	1541
347	1523
363	1252
370	1284
340	1215
353	1253
380	1240
327	1277
348	1605
325	1355
347	1277
361	1221
457	1292
462	1158
476	1100
466	1025
413	1374
360	1348
397	1346
423	1164
484	1175
453	1216
571	1320
707	981
668	1084
749	1071
803	1172
884	1225
817	1267
696	1113
621	1386
696	1323
805	1202
661	1093
515	1223
448	1117
459	1101
448	1092
451	1055
456	1249
407	1235
385	1133
445	1127
484	949
377	1013
363	1213
438	1046
372	1129
384	1020
416	1110
450	1199
391	1185
414	1336
481	1144
386	1123
410	1077
336	1108
351	1180
362	1187
375	1171
378	1237
382	1508
404	1595
415	1593
416	1647
420	1437
411	1597
419	1382
373	1382
373	1439
389	1484
444	1637
399	1494
411	1319
447	1331
392	1080
405	1125
422	1286
381	1201
416	1218
429	1227
553	1205
638	1022
589	1120
540	1355
582	1339
602	1114
645	1111
684	1153
669	1185
785	1225
907	1150
1027	1219
1094	1260
961	1375
999	1381
1325	1534
1319	1529
1424	1584
1131	1341
942	1488
918	1562
856	1316
753	1415
639	1180
619	1285
561	1453
534	1228
497	1370
491	1325
502	1365
573	1692
487	1708
540	1697
551	1714
536	1446
550	1273
604	1350
515	1355
488	1440
481	1417
437	1329
486	1530
515	1273
487	1395
491	1314
468	1455
468	1508
389	1353
365	1265
381	1375
416	1354
378	1371
416	1416
373	1377
360	1269
342	1277
383	1337
411	1505
378	1167
394	1330
405	1423
403	1283
411	1231
387	1358
421	1768
400	1605
365	1409
397	1518
383	1355
383	1412
376	1487
348	1464
378	1754
396	1389
384	1638
397	1711
377	1685
316	1797
373	1210
411	1509
356	1571
336	1421
344	1466
340	1488
345	1644
323	1503
346	1574
370	1360
333	1445
359	1412
445	1479
383	1614
356	1445
368	1715
364	1624
391	1675
346	1345
360	1398
345	1291
328	1338
361	1336
400	1308
362	1465
359	1602
389	1658
363	1622
298	1765
363	1651
358	1306
308	1474
314	1383
329	1434
311	1364
375	1328
305	1409
358	1263
376	1374
310	1338
332	1351
369	1302
332	1474
314	1359
366	1589
342	1314
339	1290
340	1391
343	1607
306	1618
346	1460
381	1376
341	1438
319	1398
345	1337
391	1452
413	1625
369	1411
390	1475
383	1633
360	1374
356	1114
334	1293
339	1401
370	1435
353	1731
343	1829
360	1534
413	1574
365	1518
325	1417
301	1631
330	1412
322	1378
328	1114
356	1290
376	1418
326	1460
302	1482
348	1243
333	1519
349	1633
383	1606
306	1396
325	1342
303	1548
321	1216
332	1299
333	1447
378	1369
338	1610
324	1663
293	1346
308	1243
370	1351
367	1368
339	1238
381	1429
389	1696
364	1298
319	1286
310	1216
324	1186
343	1249
349	1529
377	1693
377	1401
352	1346
342	1295
390	1096
397	1234
370	1456
315	1424
311	1308
344	1361
323	1194
317	1262
370	1375
339	1422
349	1469
389	1485
379	1446
372	1234
381	1114
356	1292
372	1477
373	1309
367	1281
371	1279
350	1484
375	1294
365	1312
395	1316
351	1376
331	1284
325	1198
354	1465
340	1230
359	1378
349	1215
340	1322
360	1284
353	1406
360	1429
347	1484
342	1648
321	1296
369	1213
357	1225
333	1414
331	1424
287	1388
329	1607
358	1204
326	1347
313	1633
337	1571
335	1406
361	1215
321	1450
299	1419
371	1338
403	1188
318	1224
357	1313
346	1278
349	1362
311	1738
331	1451
322	1265
293	1356
349	1390
323	1517
350	1513
293	1301
292	1543
321	1315
285	1558
308	1401
315	1512
386	1562
374	1518
373	1539
336	1316
343	1564
318	1502
339	1527
286	1275
316	1192
298	1297
298	1323
309	1489
346	1677
338	1801
304	1530
306	1463
327	1388
305	1449
292	1427
374	1449
384	1509
345	1600
310	1577
307	1441
314	1540
329	1640
332	1580
352	1245
342	1432
332	1419
324	1199
301	1295
335	1318
340	1227
337	1271
389	1591
359	1394
339	1447
364	1462
357	1337
365	1473
351	1379
333	1262
315	1243
348	1384
346	1543
324	1365
339	1376
369	1300
330	1115
327	1071
340	1230
372	1372
380	1419
351	1452
320	1603
338	1428
349	1382
319	1378
326	1381
311	1290
336	1415
347	1536
372	1502
370	1313
395	1469
328	1183
353	1580
326	1440
364	1254
398	1409
342	1367
383	1464
347	1467
368	1601
339	1557
393	1450
387	1484
413	1450
391	1384
391	1321
360	1491
386	1567
336	1186
355	1233
331	1358
409	1503
418	1350
346	1293
343	1415
376	1426
344	1426
373	1408
319	1468
338	1290
351	1163
361	1281
402	1249
315	1232
371	1416
409	1596
346	1475
358	1466
299	1295
299	1241
302	1162
287	1341
322	1220
358	1340
331	1544
359	1362
369	1469
336	1314
365	1281
367	1498
335	1449
367	1470
378	1283
339	1364
376	1502
348	1450
348	1666
357	1494
393	1907
397	1880
367	1529
360	1514
358	1443
401	1445
415	1445
382	1464
381	1352
374	1342
352	1362
382	1207
334	1321
336	1327
385	1412
387	1306
321	1272
364	1347
381	1431
335	1549
372	1525
403	1514
322	1438
363	1416
401	1555
368	1353
351	1481
339	1403
362	1321
330	1352
380	1226
365	1317
377	1314
322	1215
329	1473
319	1340
346	1541
316	1476
362	1523
339	1406
361	1350
403	1698
377	1882
376	1466
333	1371
320	1234
365	1426
337	1508
350	1434
366	1486
331	1428
334	1438
358	1550
352	1462
360	1590
312	1478
345	1409
336	1522
342	1461
370	1207
364	1364
411	1137
401	1232
384	1346
363	1328
400	1347
374	1350
368	1234
353	1337
314	1375
305	1451
319	1322
375	1218
355	1155
373	1313
349	1194
336	1119
346	1281
343	1096
348	1214
356	1395
327	1520
387	1459
362	1383
313	1307
366	1571
385	1684
350	1637
401	1560
367	1387
366	1538
373	1557
353	1318
362	1234
348	1182
384	1615
371	1289
403	1293
396	1405
394	1464
415	1474
345	1207
388	1369
388	1470
362	1485
366	1238
325	1192
363	1243
338	1229
427	1368
467	1368
477	1310
494	1461
444	1305
456	1503
502	1685
603	1469
574	1310
560	1190
615	1538
703	1418
755	1306
743	1375
739	1210
777	1390
784	1454
760	1438
725	1290
731	1429
775	1398
780	1120
729	1135
821	1175
790	1296
721	1491
690	1704
625	1554
607	1430
716	1376
573	1345
479	1226
568	1293
556	1358
532	1458
479	1415
495	1337
535	1412
558	1226
559	1302
511	1381
520	1218
538	1233
532	1209
561	1268
585	1450
576	1365
545	1489
583	1211
694	1337
667	1443
696	1197
686	1163
687	1217
732	1088
793	1211
794	1303
597	1383
733	1224
662	1226
629	1568
616	1540
557	1375
565	1267
625	1077
612	1207
644	917
695	1203
731	1330
725	1168
734	1292
675	1355
690	1152
709	1178
784	1320
795	1420
724	1111
677	1046
668	1167
539	1267
608	1298
571	1486
637	1417
660	1446
622	1444
628	1559
626	1292
611	1280
702	1266
692	1535
715	1428
717	1193
709	1505
611	1139
630	1277
582	1287
642	1563
522	1408
525	1463
562	1289
478	1230
527	1411
542	1313
569	1320
523	1200
600	1448
676	1457
601	1395
631	1323
675	1377
596	1419
604	1401
565	1175
602	1284
612	1261
541	1258
532	1554
564	1484
464	1404
437	1472
429	1122
462	1219
440	1226
425	1392
479	1442
485	1323
447	1283
379	1196
382	1171
400	1193
474	1268
420	1453
387	1680
423	1586
399	1698
345	1385
436	1099
351	1130
344	1332
365	1355
349	1358
336	1235
355	1420
357	1387
370	1582
328	1599
347	1490
342	1253
356	1460
350	1409
348	1401
371	1290
360	1444
280	1281
323	1294
354	1285
312	1445
373	1361
341	1605
355	1223
349	1260
314	1174
339	1250
343	1155
364	1372
306	1339
330	1316
322	1397
314	1265
346	1418
313	1319
332	1400
295	1433
323	1275
378	1182
304	1213
311	1188
302	1280
319	1317
354	1260
401	1198
378	1392
392	1582
391	1502
480	1441
470	1377
561	1639
497	1404
467	1365
493	1367
609	1262
600	1392
543	1487
681	1718
842	1627
1100	1879
1237	1696
1121	1771
1076	1562
1341	1546
1646	1482
1867	1482
1774	1510
1841	1494
2165	1421
2538	1262
3065	1370
3087	1432
2901	1435
3421	1188
4082	1120
4437	1398
4499	1239
4447	1258
4548	1343
4848	1465
5099	1359
5181	1238
4824	1242
4781	1105
5261	1300
5679	1363
5797	1410
6022	1372
5871	1363
6350	1406
6985	1500
7286	1346
7208	1390
7364	1175
7469	1135
8584	1157
9033	1226
8862	1302
8410	1293
8666	1324
9341	1587
10358	1642
9911	1636
9767	1668
9637	1567
10279	1603
10848	1535
10900	1713
10925	1897
11221	1683
11419	1748
11703	2044
11241	1849
11242	1656
11270	1469
10894	1536
10460	1444
9903	1336
9958	1436
9968	1457
9428	1291
9117	1606
8937	1483
8734	1660
8874	1686
8856	1666
8586	1868
8395	2077
8257	1813
8389	1932
8449	1562
8142	1442
7955	1638
7758	1494
7988	1511
7874	1550
7875	1684
7490	1718
7443	1654
7303	1716
7265	1551
7306	1738
7023	1597
6789	1688
7307	1839
7310	1517
6878	1435
6212	1478
5816	1497
5737	1596
5965	1624
5414	1589
4995	1390
4545	1504
4098	1371
3597	1343
3741	1526
3144	1556
2188	1397
1789	1396
1706	1372
1775	1283
1291	1402
925	1344
718	1338
795	1241
919	1196
807	1250
652	1283
603	1230
556	1369
633	1428
650	1536
481	1413
413	1369
477	1269
481	1207
565	1289
459	1524
467	1479
443	1591
441	1557
432	1582
431	1524
441	1535
422	1568
514	1417
494	1400
508	1282
517	1332
610	1225
707	1305
694	1314
609	1508
635	1390
651	1382
687	1371
759	1629
759	1496
700	1338
615	1476
593	1690
605	1616
540	1429
472	1500
433	1819
395	1582
391	1294
392	1477
411	1641
407	1581
401	1521
380	1490
397	1588
412	1373
326	1430
365	1484
400	1289
384	1374
388	1290
384	1261
398	1527
359	1249
368	1405
394	1357
419	1357
352	1405
403	1112
446	1495
379	1440
367	1614
308	1656
391	1655
357	1589
360	1435
325	1517
332	1367
334	1089
319	1533
357	1522
357	1379
373	1525
365	1326
320	1454
351	1348
372	1441
327	1264
344	1418
347	1508
329	1373
349	1513
353	1569
328	1612
410	1397
372	1411
396	1433
385	1390
377	1472
416	1445
344	1348
325	1416
333	1388
327	1253
346	1516
321	1443
377	1423
353	1419
375	1488
353	1530
375	1719
398	1626
353	1658
340	1729
374	1728
362	1809
329	1609
354	1633
346	1753
367	2090
344	1744
329	1916
342	1815
408	1755
355	1633
344	1621
342	1707
397	1842
398	1406
360	1357
397	1339
394	1438
402	1391
380	1522
432	1236
430	1270
436	1416
378	1220
352	1270
318	1489
356	1630
304	1516
383	1643
349	1459
372	1462
347	1340
357	1348
353	1456
338	1615
330	1766
330	1564
326	1686
292	1590
330	1701
336	1548
331	1469
346	1629
330	1323
343	1444
312	1290
343	1453
344	1587
381	1552
373	1588
325	1732
369	1538
365	1431
351	1617
315	1431
339	1573
351	1645
345	1333
321	1310
336	1206
344	1184
366	1224
396	1288
385	1437
357	1359
334	1120
342	1040
355	1135
380	1281
317	1327
358	1451
363	1355
351	1037
318	1075
317	1459
336	1331
335	1364
345	1225
349	1270
324	1353
345	1348
320	1307
314	1293
370	1371
332	1299
334	1154
298	1211
320	1178
343	1297
366	1221
336	1438
332	1221
333	1278
349	1317
341	1197
394	1241
332	1391
389	1080
384	1132
335	1166
377	1179
367	1089
345	1140
362	1258
365	1286
346	1368
367	1428
418	1409
442	1438
358	1512
406	1312
335	1520
376	1454
350	1400
379	1377
360	1239
322	1265
353	1404
322	1170
347	1080
342	1298
335	1499
361	1444
330	1504
348	1422
338	1315
341	1179
338	1183
333	1008
344	1138
355	1160
367	1216
337	1345
346	1445
359	1184
326	1149
307	1488
308	1392
360	1564
310	1351
336	1440
353	1245
325	1404
338	1373
301	1167
318	1191
332	1165
372	1082
344	1439
352	1264
359	1238
457	1257
345	1051
362	1265
339	1284
380	1245
306	1445
351	1175
310	1222
357	1166
326	1150
309	1383
322	1430
323	1355
334	1216
338	1079
334	1128
384	1271
372	1288
399	1536
357	1450
376	1332
384	1329
391	1251
371	1247
361	1329
275	1058
335	1268
399	1066
346	1186
296	1230
337	1294
323	1382
378	1155
374	1240
332	1074
345	1410
406	1389
398	1541
372	1354
380	1046
362	1137
385	1309
401	1422
382	1404
356	1293
362	1284
438	1491
393	1607
435	1593
393	1494
389	1273
414	1612
372	1615
389	1418
350	1473
393	1368
368	1284
406	1317
426	1457
376	1451
410	1359
400	1375
426	1302
411	1304
418	1173
390	1209
447	1215
390	1245
425	1514
438	1339
442	1571
384	1569
377	1487
425	1339
390	1444
418	1391
386	1159
404	1172
349	1404
450	1346
473	1410
442	1105
448	1332
413	1437
459	1395
500	1453
423	1179
498	1270
423	1618
443	1463
387	1345
427	1384
425	1223
398	1026
418	1310
391	1441
425	1539
436	1330
409	1363
473	1426
543	1442
441	1282
450	1108
451	1095
447	1253
465	1121
482	1147
417	1245
445	1219
425	1220
421	1249
408	1255
428	1345
412	1350
441	1307
427	1214
429	1191
407	1202
413	1322
425	1268
406	1223
458	1150
423	1305
435	1357
450	1156
401	1329
402	1279
438	1294
438	1342
453	1260
496	1262
406	1160
443	1414
438	1326
371	1283
436	1332
398	1266
369	1198
390	1235
394	1332
411	1217
408	1050
416	1135
418	1419
355	1344
432	1319
406	1452
361	1539
355	1251
393	1330
357	1592
356	1429
382	1250
410	1263
448	1345
458	1261
451	1254
490	1461
410	1439
404	1432
439	1346
468	1324
427	1314
418	1303
449	1205
359	1158
361	1169
319	1120
356	1373
404	1483
471	1301
411	1271
386	1222
395	1242
391	1298
413	1590
405	1505
367	1488
427	1219
425	1277
399	1253
405	1218
395	1148
436	1189
447	1176
378	1022
378	1183
419	1382
412	1363
377	1271
413	1140
411	1389
401	1278
431	1267
368	1370
380	1166
363	1286
382	1370
391	1386
351	1258
400	1475
409	1347
387	1460
389	1446
367	1588
403	1495
305	1435
284	1336
331	1277
331	1416
319	1507
373	1546
339	1385
356	1387
421	1332
380	1447
325	1463
319	1356
337	1344
321	1237
293	1381
304	1161
352	1342
376	1440
324	1277
360	1303
373	1318
363	1081
341	1344
309	1265
371	1249
299	1334
291	1423
321	1359
324	1235
321	1308
332	1303
357	1350
387	1440
424	1392
378	1339
309	1375
338	1400
380	1435
350	1303
351	1393
374	1321
363	1382
363	1159
373	1278
354	1254
348	1416
332	1631
396	1624
395	1468
414	1443
429	1332
419	1518
335	1433
325	1429
352	1375
344	1426
361	1303
354	1240
354	1208
369	1288
423	1137
410	1478
419	1426
352	1521
397	1432
406	1291
353	1394
335	1267
370	1411
328	1400
390	1452
372	1344
350	1283
401	1234
385	1279
369	1173
363	1078
413	1287
397	1099
385	1266
379	1545
336	1253
398	1318
363	1411
362	1473
351	1393
369	1669
405	1753
394	1481
391	1233
484	1513
418	1540
390	1661
353	1347
350	1107
396	1330
385	1344
406	1641
379	1568
368	1409
398	1502
375	1366
379	1421
458	1413
392	1324
375	1381
477	1208
430	1322
434	1247
461	1334
417	1177
393	1055
445	1162
424	1085
426	1116
394	1202
369	1035
382	1162
391	1167
390	1104
403	1243
416	1313
381	1346
417	1455
389	1502
420	1428
384	1399
410	1309
368	1217
357	1149
422	1296
370	1170
347	1185
412	1176
403	1154
393	1173
352	1212
380	1407
323	1126
386	1021
385	1266
360	1364
370	1299
352	1201
443	1170
425	1075
409	1421
397	1420
430	1024
385	1180
447	1156
430	1317
424	1242
455	1414
432	1109
420	1291
368	1065
369	1020
369	1419
395	1420
413	1415
377	1368
383	1132
399	1098
309	1168
358	1314
347	1226
391	1300
376	1270
340	1292
410	1331
427	1165
417	1222
416	1080
371	1383
341	1227
425	1209
358	1244
399	1197
341	1216
335	1196
322	1196
365	1431
370	1215
387	1261
374	1336
317	1307
357	1284
347	1305
362	1371
323	1322
304	1358
362	1342
375	1293
377	1266
322	1343
339	1424
321	1101
393	1211
394	1289
372	1275
333	1092
346	1097
309	1283
314	1236
341	1057
302	1132
325	1287
321	1145
323	1038
339	1040
357	981
309	1044
331	947
318	1342
310	1444
317	1465
287	1318
334	1400
325	1282
367	1296
356	1170
347	1219
344	1397
322	1541
394	1640
424	1513
397	1596
386	1452
356	1326
399	1268
432	1197
409	1216
386	1322
352	1238
332	1153
368	1260
335	1329
331	1262
363	1196
342	1215
395	1335
354	1151
316	1216
332	1031
366	980
375	1121
324	1115
323	1228
335	1139
295	1238
280	1000
301	1138
279	1232
340	1401
310	1323
302	1461
307	1317
387	1145
312	1136
333	1187
338	1219
365	1249
319	1344
323	1060
298	1113
298	1190
321	1276
266	1437
274	1328
354	1459
328	1309
340	1181
293	1157
351	1112
301	1163
326	1376
283	1189
321	1299
307	1360
321	1384
343	1309
334	1328
314	1429
299	1509
274	1404
315	1341
340	1194
317	1414
347	1287
369	1294
334	1158
312	1177
367	1103
377	1660
348	1496
360	1454
381	1679
372	1670
315	1555
322	1540
319	1594
373	1411
316	1314
357	1352
349	1425
412	1401
395	1315
305	1347
333	1560
318	1324
401	1412
382	1329
366	1319
328	1055
367	1048
342	1363
345	1472
341	1350
300	1519
351	1235
343	1392
311	1325
391	1147
346	1249
340	1230
332	1342
415	1497
370	1603
369	1463
378	1303
393	1325
366	1197
404	1372
351	1187
359	1155
343	1179
348	1250
356	1450
346	1384
364	1265
409	1257
381	1431
344	1425
309	1469
380	1459
333	1709
382	1448
355	1621
380	1518
411	1723
342	1612
337	1621
372	1681
338	1596
347	1353
318	1304
357	1387
337	1433
316	1204
326	1340
325	1402
316	1533
282	1526
329	1372
306	1370
328	1271
311	1221
346	1389
307	1532
329	1680
333	1324
351	1370
333	1375
345	1555
324	1454
305	1529
346	1508
342	1595
393	1555
358	1375
347	1505
383	1578
310	1616
348	1571
348	1329
366	1311
353	1666
312	1642
314	1560
390	1591
413	1544
360	1562
347	1617
342	1522
354	1547
353	1441
372	1415
331	1245
379	1358
403	1601
391	1509
391	1433
372	1196
399	1417
386	1548
360	1510
329	1521
375	1293
379	1599
373	1656
364	1607
327	1502
338	1674
320	1499
267	1428
309	1724
298	1614
364	1440
314	1357
328	1218
328	1308
367	1353
359	1574
364	1463
371	1240
347	1244
404	1461
383	1247
403	1146
421	1524
421	1361
422	1431
373	1333
370	1297
346	1251
382	1326
420	1365
366	1414
377	1191
335	1289
353	1358
314	1297
339	1309
352	1176
337	1280
333	1107
387	1054
386	1316
347	1235
376	1414
363	1425
369	1436
359	1454
346	1438
348	1276
327	1299
343	1311
399	1111
422	1172
352	1359
370	1276
436	1614
495	1353
501	1218
552	1465
541	1377
601	1418
928	1456
1273	1752
1445	1705
1340	1670
1507	1720
1859	1661
2343	1723
2417	1536
2333	1686
2150	1609
2386	1763
2789	1790
2728	1739
2415	1536
2322	1594
2460	1554
2600	1790
2473	1549
2401	1692
2679	1828
2387	1669
2122	1533
1928	1323
1731	1316
1601	1359
1540	1211
1685	1265
1824	1492
1863	1490
1657	1532
1643	1327
1969	1067
2121	1257
2047	1238
2194	1526
2071	1270
1867	1514
1773	1553
1624	1455
1595	1291
1502	1326
1406	1516
1060	1580
965	1438
1004	1232
1040	1532
862	1821
860	1677
845	1498
885	1363
821	1316
989	1420
806	1345
734	1319
780	1593
781	1754
757	1466
708	1226
606	1367
608	1415
598	1480
577	1304
571	1328
541	1215
452	1408
546	1608
488	1649
419	1460
453	1467
450	1381
436	1289
417	1460
417	1360
395	1365
398	1261
436	1102
415	1294
451	1387
442	1287
464	1253
396	1718
432	1501
405	1367
414	1593
412	1472
388	1506
373	1406
434	1587
375	1382
331	1457
366	1552
334	1328
375	1439
389	1404
400	1416
307	1345
337	1382
349	1634
334	1475
330	1533
312	1529
349	1313
329	1066
325	1201
343	1308
362	1331
344	1334
312	1170
337	1211
324	1114
319	1306
399	1181
343	1020
330	1169
353	1409
384	1336
374	1241
380	1380
333	1524
334	1200
335	1218
375	1267
387	1180
364	1331
355	1278
375	1585
322	1255
389	1254
381	1239
371	1236
342	1346
342	1119
349	1138
345	1301
365	1370
366	1490
384	1227
353	1437
376	1391
380	1250
377	1264
350	1372
358	1204
353	1335
354	1365
373	1372
393	1355
426	1539
456	1398
467	1198
459	1315
410	1319
389	1370
393	1598
485	1454
526	1400
493	1517
504	1465
501	1359
642	1240
598	1491
540	1342
588	1322
473	1386
451	1392
432	1477
467	1768
425	1456
380	1359
386	1238
368	1400
352	1594
342	1388
303	1306
349	1354
364	1454
353	1212
322	1171
361	1247
343	1413
297	1370
333	1313
327	1341
311	1377
320	1350
320	1334
351	1222
366	1185
382	1393
323	1397
342	1233
339	1395
342	1242
338	1456
374	1357
304	1408
335	1316
298	1429
341	1226
339	1243
315	1347
327	1202
377	1206
321	1098
318	1022
286	1270
343	1289
362	1121
335	1052
352	1028
387	1232
357	1057
348	1180
368	1261
379	1376
394	1283
402	1112
337	1269
341	1171
384	1132
406	1196
328	1072
346	1097
306	1145
276	1206
313	1326
357	1396
353	1273
352	1266
339	1436
337	1295
304	1271
350	1215
299	1310
283	1434
362	1327
310	1562
332	1352
346	1201
380	1232
348	1321
363	1273
376	1527
366	1409
389	1526
412	1375
370	1181
345	1350
302	1306
347	1239
328	1257
369	1286
360	1142
334	1138
399	1241
449	1474
342	1324
354	1105
399	1179
338	1163
351	1327
344	1321
349	1242
355	1270
304	1240
332	1416
353	1230
343	1258
365	1262
320	1227
406	1165
364	1202
406	1323
364	1342
423	1289
477	1339
384	1431
391	1532
400	1474
406	1545
361	1280
387	1400
432	1145
414	1200
429	1395
436	1281
358	1299
436	1244
444	1278
440	1141
511	1377
474	1268
438	1355
396	1272
419	1251
437	1085
471	1385
404	1359
418	1205
390	1321
418	1229
406	1141
404	1223
402	1196
400	1394
400	1406
381	1341
375	1380
436	1199
376	1336
333	1296
356	1419
386	1284
357	1483
358	1425
380	1489
321	1248
329	1367
322	1256
359	1344
342	1324
341	1597
308	1294
290	1402
271	1441
351	1237
365	1392
370	1481
393	1528
379	1400
439	1222
338	1209
437	1353
444	1265
373	1333
351	1275
415	1385
379	1436
386	1505
350	1655
354	1622
308	1531
338	1514
382	1587
376	1421
354	1388
312	1294
333	1407
285	1347
346	1430
371	1337
321	1440
311	1327
338	1401
320	1438
306	1322
307	1388
370	1432
340	1378
360	1412
344	1272
410	1173
397	1114
354	1208
322	1176
360	1295
407	1276
351	1161
343	1265
394	1169
328	1179
380	1236
413	1316
388	1320
385	1231
360	1314
306	1399
319	1421
309	1416
308	1411
310	1548
358	1598
307	1389
337	1265
344	1383
353	1399
319	1256
300	1387
338	1287
292	1213
383	1273
354	1480
327	1180
355	1076
369	1106
315	1124
303	1301
321	1373
272	1425
322	1228
344	1170
353	1480
322	1259
317	1296
320	1419
277	1381
353	1268
357	1496
362	1480
291	1334
268	1503
344	1738
310	1616
305	1523
374	1565
364	1408
343	1219
302	1437
386	1548
369	1405
373	1288
351	1222
351	1325
363	1461
378	1489
367	1467
332	1413
374	1443
368	1331
301	1221
307	1374
347	1217
370	1305
355	1327
397	1426
381	1259
341	1432
353	1594
345	1457
321	1295
302	1543
378	1470
382	1440
315	1336
336	1674
290	1562
347	1332
327	1684
329	1625
363	1440
305	1173
365	1388
372	1265
404	1211
347	1279
365	1369
348	1725
399	1409
323	1332
303	1323
371	1301
345	1183
326	1043
334	1196
372	1285
375	1128
345	1157
377	954
313	1209
372	1367
350	1311
338	1251
393	1002
370	1090
391	1268
374	1439
359	1322
366	1472
352	1411
347	1349
430	1366
443	1472
353	1399
408	1402
427	1399
425	1188
439	1375
516	1409
514	1349
536	1599
471	1484
472	1341
491	1347
464	1376
451	1437
527	1151
501	1270
436	1275
448	1297
455	1162
460	1202
505	1395
506	1438
499	1614
500	1225
455	1218
440	1191
472	1264
433	1220
401	1244
430	1311
419	1336
390	1375
391	1396
361	1249
382	1337
418	1386
380	1311
388	1273
394	1152
395	1222
380	1231
401	1309
365	1300
359	1235
395	1632
386	1308
329	1313
388	1444
430	1558
436	1273
387	1621
358	1257
383	1180
379	1397
374	1335
372	1340
336	1300
411	1235
334	1207
396	1473
424	1606
355	1517
366	1416
380	1285
386	1348
358	1229
418	1341
350	1212
347	1317
352	1063
378	1161
429	1129
347	1198
435	1398
424	1260
428	1224
368	1093
370	1029
356	1076
375	1039
369	1160
397	1367
324	1417
380	1485
313	1452
360	1240
355	1070
387	1259
346	1319
359	1422
340	1470
326	1152
316	1368
386	1520
428	1372
356	1461
347	1701
266	1738
344	1797
384	1495
336	1579
312	1538
360	1617
406	1556
360	1275
327	1326
355	1451
343	1564
285	1790
270	1610
307	1534
335	1525
353	1349
296	1498
285	1398
350	1570
349	1468
356	1410
370	1348
366	1336
326	1293
309	1393
348	1222
345	1299
357	1294
317	1274
345	1363
393	1152
393	1157
424	1260
348	1245
360	1268
318	1217
422	1176
358	1291
372	1464
415	1575
332	1453
338	1428
334	1412
294	1424
346	1298
341	1352
356	1355
395	1478
373	1314
365	1321
341	1322
364	1546
324	1544
349	1453
321	1253
382	1249
307	1490
404	1635
402	1567
430	1310
400	1346
394	1502
422	1527
357	1587
396	1585
401	1557
413	1643
350	1540
373	1578
404	1618
433	1547
457	1530
412	1418
345	1455
364	1531
436	1296
427	1271
432	1452
392	1356
508	1393
440	1415
469	1426
483	1313
363	1264
465	1304
486	1372
477	1230
498	1318
557	1461
567	1290
555	1233
545	1114
520	1175
557	1359
500	1213
517	1280
572	1485
611	1264
538	1143
525	1307
585	1121
589	1091
682	1450
695	1387
628	1394
650	1333
667	1405
640	1437
583	1377
606	1321
638	1483
616	1402
688	1343
646	1208
704	1318
725	1541
721	1474
753	1433
736	1431
671	1341
709	1517
664	1397
669	1638
711	1324
719	1295
695	1233
707	1312
640	1251
645	1264
635	1218
680	1162
651	931
661	1179
649	1166
622	1098
563	1367
649	1382
625	1441
675	1451
654	1245
613	1314
630	1154
633	1113
671	1159
648	1154
659	1327
760	1341
719	1620
599	1479
606	1359
643	1171
603	1289
613	1271
610	1127
601	1121
583	1249
631	1282
612	1293
604	1284
618	1309
556	1320
612	1502
582	1312
594	1319
531	1229
510	1250
510	1423
548	1489
515	1344
503	1333
502	1368
426	1431
435	1281
467	1409
432	1276
417	1257
403	1351
397	1227
435	1229
431	1311
400	1266
442	1180
360	1258
364	1262
386	1181
415	1244
367	1172
339	1218
375	1435
362	1429
339	1312
360	1085
337	1176
365	1192
345	1173
310	1333
376	1451
294	1373
300	1334
298	1426
361	1322
343	1253
326	1359
320	1180
363	1434
349	1296
315	1311
394	1325
327	1660
356	1663
332	1523
352	1472
360	1559
357	1292
380	1369
391	1589
352	1478
357	1192
377	1241
381	1365
398	1227
362	1330
391	1423
364	1439
332	1447
300	1351
366	1271
282	1137
343	1200
364	1227
368	1377
364	1356
340	1416
392	1357
424	1322
382	1241
382	1421
365	1478
398	1354
368	1356
363	1339
351	1253
369	1214
376	1456
393	1261
376	1264
358	1274
370	1218
363	1205
328	1342
335	1215
363	1174
395	1426
375	1326
365	1265
311	1437
365	1398
313	1131
323	1245
304	1087
351	1086
337	1314
383	1280
295	1167
339	1153
352	1184
269	1026
290	1096
311	1064
310	1239
339	1326
322	1186
305	1284
325	1304
381	1311
352	1279
343	1258
320	1304
358	1403
337	1470
389	1199
319	1368
393	1416
388	1327
316	1221
304	1242
325	1301
321	1387
332	1246
417	1112
309	1092
323	1196
406	1359
328	1289
338	1375
327	1157
309	1261
345	1243
303	1131
306	1093
336	1043
312	1148
330	1184
329	1020
324	1022
357	1182
347	1007
359	1119
319	1181
338	1181
369	1511
319	1487
329	1574
344	1504
348	1484
365	1489
312	1395
349	1438
355	1419
376	1250
307	1237
306	1152
313	1330
343	1374
331	1437
371	1196
353	1360
332	1247
307	1317
280	1479
303	1282
333	1272
326	1192
362	1429
372	1421
354	1385
308	1343
325	1258
385	1177
303	1157
329	1048
357	1282
316	1201
345	1144
316	1220
380	1331
343	1247
373	1178
363	1031
381	1084
368	1114
367	1325
379	1293
302	1125
333	1066
354	1165
413	1151
336	1217
356	1049
325	1308
314	1282
300	946
322	1053
337	1189
315	1360
353	1283
359	1367
321	1335
335	1450
326	1573
301	1325
327	1439
297	1327
281	1153
289	1293
326	1359
311	1258
332	1391
297	1305
281	1176
329	1307
312	1296
294	1421
306	1264
313	1454
326	1566
313	1375
302	1278
309	1306
361	1266
300	1173
315	1442
338	1257
355	1576
342	1459
421	1759
383	1608
333	1660
315	1483
325	1497
392	1477
312	1457
307	1206
284	1334
298	1367
349	1453
299	1495
346	1453
347	1542
300	1347
294	1542
302	1264
321	1186
303	1281
355	1511
326	1323
329	1270
358	1414
336	1261
357	1299
377	1354
313	1443
344	1511
341	1459
324	1262
310	1181
323	1317
357	1167
317	1361
293	1225
332	1274
334	1388
329	1293
333	1417
374	1388
330	1325
323	1620
351	1390
320	1713
360	1714
338	1353
287	1421
312	1352
351	1099
324	1179
371	964
368	1201
372	1340
387	1239
392	1277
347	1249
362	1350
362	1392
364	1505
341	1269
290	1391
309	1312
340	1411
373	1201
320	1450
382	1330
339	1097
329	1375
337	1120
310	1092
297	1079
368	1147
395	1251
354	1044
356	1170
329	1407
331	1450
310	1415
305	1349
330	1396
341	1450
371	1308
376	1349
325	1277
337	1326
318	1261
364	1208
349	1273
330	1436
351	1407
387	1323
314	1111
295	1276
317	1184
364	1265
338	1171
301	1149
292	1041
295	1053
284	942
301	1076
312	1293
287	1351
302	1546
348	1396
371	1416
345	1558
355	1554
346	1621
341	1447
376	1735
393	1822
373	1480
350	1486
360	1393
339	1515
340	1447
325	1650
326	1353
361	1355
411	1210
339	1159
300	1370
283	1393
352	1382
309	1587
328	1372
285	1072
303	1163
356	1204
308	1304
311	1363
311	1448
301	1302
316	1287
309	1055
316	1220
358	1314
319	1379
342	1326
368	1328
399	1270
374	1338
358	1286
328	1256
412	1238
417	1323
359	1498
362	1501
371	1333
341	1293
348	1299
310	1321
325	1398
318	1457
300	1328
355	1459
350	1591
319	1537
320	1662
362	1636
391	1491
309	1237
344	1326
335	1346
350	1503
322	1158
331	1420
319	1408
322	1289
302	1268
329	1406
309	1218
342	1462
349	1321
381	1626
345	1618
327	1430
315	1320
340	1465
352	1190
310	1081
323	1174
266	1169
308	1170
313	1252
278	1100
248	1275
305	1181
308	1133
367	1323
348	1198
343	1356
364	1272
345	1436
351	1332
303	1275
367	1291
358	1187
320	1203
337	1386
344	1177
313	1412
357	1370
352	1371
373	1276
352	1227
376	1168
364	1298
321	1349
385	1420
385	1466
363	1341
321	1165
362	1521
368	1355
342	1324
355	1450
364	1229
326	1227
352	1255
306	1360
336	1291
302	1213
312	1454
383	1513
344	1521
354	1319
396	1405
372	1411
360	1530
359	1232
333	1026
343	1185
378	1322
350	1413
317	1084
348	1215
329	1297
399	1285
384	1359
333	1360
386	1163
394	1279
336	1167
377	1205
355	1329
294	1178
389	1102
335	1264
370	1394
366	1521
352	1271
364	1401
380	1220
363	1371
351	1184
395	1279
362	1254
365	1218
363	1313
356	1283
385	1318
322	1471
326	1365
328	1355
365	1410
363	1427
342	1596
335	1228
369	1455
380	1475
321	1311
328	1452
322	1374
325	1489
307	1377
280	1350
345	1305
353	1254
293	1324
321	1096
298	1096
357	1346
319	1245
308	1283
300	1300
309	1478
305	1599
339	1600
374	1550
354	1390
327	1456
314	1548
360	1381
329	1442
336	1376
355	1366
292	1258
351	1312
348	1213
320	1540
356	1404
313	1382
307	1557
323	1531
352	1437
351	1479
320	1423
342	1448
365	1322
340	1202
319	1049
342	1313
355	1346
339	1437
298	1319
345	1320
400	1294
338	1347
313	1160
314	1475
339	1617
376	1452
349	1442
388	1270
406	1300
330	1105
364	1324
357	1433
351	1419
354	1344
365	1309
343	1492
378	1358
350	1379
299	1262
321	1343
302	1543
313	1450
336	1309
362	1330
311	1336
325	1323
321	1167
354	1492
306	1404
338	1244
328	1298
329	1293
314	1240
338	1270
297	1141
340	1116
334	1138
299	1085
295	1155
327	1195
308	1335
329	1103
331	1070
326	1011
343	1031
325	1113
332	1141
341	1257
329	1172
346	1272
307	1224
326	1463
389	1267
318	1113
323	1179
331	1273
305	1342
358	1409
353	1249
349	1230
365	1338
361	1291
378	1207
419	1243
430	1249
388	1225
411	1381
398	1367
367	1323
379	1189
432	1230
354	1201
398	1491
387	1413
434	1317
409	1416
375	1439
450	1659
439	1375
400	1346
366	1377
420	1350
391	1372
388	1241
432	1389
437	1181
470	1271
439	1285
404	1316
445	1394
376	1574
453	1279
469	1227
435	1338
421	1443
423	1254
450	1220
452	1332
424	1226
445	1164
431	1550
438	1474
396	1456
413	1232
376	1300
351	1314
353	1239
422	1112
357	1221
407	1353
356	1363
387	1382
364	1296
372	1257
353	1222
323	1338
368	1361
369	1197
348	1070
312	920
344	1178
318	1391
275	1278
329	1220
345	1143
322	1287
386	1079
310	1166
308	1075
306	1429
321	1094
282	1236
305	1305
327	1593
336	1504
381	1527
337	1396
379	1380
349	1285
397	1267
349	1230
337	1286
336	1480
354	1187
353	1233
352	1489
364	1489
401	1287
348	1310
346	1225
341	1230
304	1444
357	1517
366	1586
359	1542
347	1453
321	1641
358	1551
320	1617
330	1430
279	1391
304	1573
364	1508
356	1578
380	1395
334	1547
387	1562
392	1189
362	1510
359	1373
373	1380
351	1398
319	1246
330	1405
297	1262
327	1399
313	1358
337	1170
300	1236
344	1300
339	1305
303	1253
271	1326
342	1534
316	1447
350	1353
308	1335
318	1300
323	1396
348	1477
329	1101
347	1083
342	1240
363	1246
355	1238
358	1315
388	1187
381	1306
384	1390
352	1280
356	1293
315	1130
334	1273
356	1532
307	1500
365	1419
330	1278
325	1379
344	1349
365	1396
353	1211
299	1208
311	1050
318	1238
320	1231
316	1266
338	1120
314	1265
365	1448
355	1195
325	1260
298	1628
338	1538
307	1344
277	1233
354	1232
330	1251
326	1313
312	1342
333	1327
266	1236
302	1275
258	1212
326	1310
313	1285
325	1320
366	1389
314	1323
386	1576
351	1476
320	1365
345	1348
320	1305
281	1333
291	1280
328	1522
326	1452
304	1276
267	1125
340	1294
337	1227
354	1213
387	1254
406	1280
319	1296
329	1335
292	1132
343	1165
363	1293
329	1391
348	1206
272	1169
321	1097
341	882
371	1041
396	1156
353	1084
314	1078
339	1206
380	1319
359	1242
358	1076
322	1304
327	1203
324	1210
328	1198
356	1197
342	1129
361	1293
308	1354
349	1176
370	1411
312	1242
369	1038
392	1061
361	1319
372	1069
438	1451
441	1271
371	1198
400	1263
361	1334
377	1299
375	1369
359	1167
372	1170
303	1535
361	1309
365	1313
437	1240
429	1263
409	1225
487	1186
525	1318
534	1238
559	1437
537	1325
412	1350
424	1179
456	1186
450	1206
415	1283
405	1383
386	1426
454	1274
414	1156
364	1348
400	1418
347	1328
369	1065
329	1165
351	1102
300	1429
324	1220
384	1216
396	1497
340	1125
363	1310
421	1639
421	1419
447	1103
398	1253
383	1376
393	1200
439	1376
427	1513
393	1391
374	1188
358	1132
423	1105
383	1394
380	1307
382	1351
369	1420
362	1446
385	1539
413	1337
423	1226
423	1534
414	1505
379	1528
448	1494
389	1598
346	1471
367	1266
429	1257
365	1488
407	1391
418	1432
389	1675
433	1360
371	1214
420	1263
421	1307
469	1409
422	1131
422	1286
460	1245
510	1126
463	1088
469	1247
445	1454
484	1372
462	1309
494	1298
491	1466
507	1342
458	1135
470	1093
500	1079
495	1136
505	1122
508	1133
505	1081
477	1125
478	983
497	1294
498	1245
520	1454
568	1499
551	1295
498	1403
474	1376
530	1358
500	1524
541	1360
613	1333
599	1359
584	1340
541	1392
601	1205
618	1329
620	1332
606	1211
650	1185
646	1313
653	1421
681	1438
708	1220
682	1390
665	1290
634	1450
688	1491
699	1352
691	1311
686	1369
658	1218
646	1471
665	1517
664	1354
666	1502
627	1698
686	1581
686	1505
684	1332
728	1565
755	1244
761	1186
726	1139
755	1284
740	1306
738	1366
817	1202
814	1335
914	1422
841	1551
811	1310
811	1454
790	1375
795	1496
770	1471
733	1199
760	1243
812	1241
854	1066
890	1417
881	1537
859	1347
870	1409
940	1832
923	1355
929	1254
840	1435
897	1355
908	1224
922	1281
874	1503
837	1430
843	1330
912	1111
914	1236
905	1223
966	1189
949	1219
945	1214
955	1150
940	1236
968	1313
920	1274
970	1352
1003	1367
994	1062
925	1235
961	1135
948	1316
831	1108
882	1190
888	942
766	1004
836	994
834	1377
910	1207
888	1390
971	1601
897	1357
972	1250
950	1217
951	1170
976	1293
884	1212
926	1159
972	1190
831	1152
867	1117
856	1168
860	1259
869	1242
843	1106
808	1172
862	1308
949	1153
805	1221
828	1294
861	1380
797	1388
839	1177
854	1078
826	1114
847	1067
777	1125
943	1588
858	1253
769	1099
857	1029
792	1001
828	1167
825	1329
846	1319
807	1277
810	1336
765	1300
809	1304
683	1205
787	1215
773	1255
733	1189
757	1382
784	1386
761	1432
746	1495
685	1341
769	1146
748	1373
748	1504
734	1348
788	1411
724	1025
670	1121
669	1395
662	1421
687	1717
618	1468
648	1461
738	1572
669	1193
630	1226
622	1153
697	1264
722	1256
727	1341
683	1099
697	1196
737	1078
757	1145
726	1197
723	1205
644	1340
679	1420
619	1272
670	1445
620	1293
610	1377
640	1309
699	1331
634	1327
615	1254
538	1217
521	1162
562	1200
613	1241
676	1401
614	1177
555	1235
584	1325
558	1402
541	1361
549	1288
552	1161
552	1152
583	846
564	1136
597	1237
526	1316
533	1229
547	1282
518	1184
514	1560
483	1469
503	1380
530	1205
464	1230
586	1393
497	1352
563	1117
500	1114
522	1125
506	1097
514	1115
445	1094
560	1339
539	1488
481	1396
513	1203
488	1259
477	1345
475	1300
521	1190
430	988
477	891
446	950
493	1088
485	1191
478	1172
470	1521
496	1398
445	1370
479	1136
478	1156
493	1124
443	1165
399	1322
409	1325
411	1223
445	1411
446	1273
455	1243
380	1089
367	1314
370	1286
450	1026
399	1141
399	1075
428	1023
451	1280
459	1152
438	1106
400	1201
468	1187
433	1250
458	1375
404	1221
421	1213
422	1234
425	1328
385	1507
441	1175
400	1404
423	1388
427	1289
374	1093
394	1100
386	1145
447	1233
440	1271
406	1147
390	1220
375	1276
402	1192
389	1125
371	1316
389	1206
375	1247
400	1210
407	1032
399	1278
372	1166
390	1394
350	1473
350	1309
394	1212
413	1144
387	1253
403	1058
395	1201
389	1181
361	1202
367	1130
331	1216
351	1125
400	1132
419	1139
313	1162
365	1173
396	1198
385	1377
337	1152
394	1252
377	1312
378	1431
393	1441
355	1324
294	1241
391	1139
361	1079
397	1140
412	1147
362	1039
375	1059
360	1110
373	1132
368	1085
375	1161
368	1163
373	1161
375	1172
391	1185
350	1472
363	1459
374	1358
398	1600
374	1298
396	1299
398	1197
364	1051
365	1228
338	1187
341	1108
387	1284
380	1280
396	1224
375	1339
339	1248
361	1298
382	1242
390	1167
430	1199
391	1203
357	1281
412	1222
385	1269
346	1356
361	1212
396	1396
356	1480
371	1125
324	1130
388	1188
367	1453
375	1436
389	1289
404	1074
418	1377
396	1193
441	1465
465	1486
365	1461
399	1415
358	1432
406	1448
397	1348
368	1313
355	1468
361	1471
358	1735
336	1506
352	1536
368	1367
362	1370
370	1199
456	1212
428	1295
402	1315
427	1517
419	1334
409	1237
407	1231
423	1352
403	1175
401	1171
379	1175
422	1373
452	1447
444	1161
443	1304
427	1409
370	1228
384	1336
386	1266
363	1475
383	1304
436	1234
368	1073
459	1122
423	1061
392	1197
398	1168
417	1317
396	1311
382	1416
362	1254
410	1293
369	1356
425	1363
378	1172
428	1149
380	1220
339	1356
381	1273
404	1449
418	1283
350	1342
354	1280
355	1167
359	1349
378	1214
367	1247
382	1415
329	1405
380	1433
350	1192
371	1282
395	1271
386	1378
402	1357
448	1295
422	1243
322	1374
379	1165
365	1144
373	1149
385	1141
357	1256
378	1128
378	1316
360	1140
397	1127
412	956
353	1050
364	925
366	1136
344	1112
363	1314
320	1375
358	1346
392	1102
364	1363
334	1428
343	1340
390	1347
382	1318
418	1330
389	1348
354	1272
426	1332
397	1285
372	1260
420	1429
416	1501
387	1690
365	1534
380	1461
400	1254
386	1280
358	1105
447	1242
397	1149
380	1194
372	1092
339	1194
366	1201
385	1361
375	1311
323	1409
400	1403
388	1337
414	1146
390	1186
343	1201
344	1081
391	1266
432	1169
372	1256
376	1417
369	1404
363	1329
357	1119
340	1165
386	1360
352	1200
378	1310
382	1350
332	1167
340	1139
319	1319
388	1273
397	1069
339	1205
339	1275
324	1334
343	1180
327	1245
315	1257
329	1262
377	1147
396	1100
333	1237
327	1131
352	1181
366	1082
355	1313
348	1269
427	1205
344	1183
379	1157
396	1167
393	1122
386	1306
341	1294
345	1231
394	1249
443	1183
457	1408
474	1259
449	1107
431	1130
482	1178
505	1244
446	1300
413	1334
424	1403
420	1397
439	1433
423	1460
477	1413
403	1400
404	1244
373	1249
416	1128
425	1215
392	1238
424	1298
392	1180
456	1216
305	1177
344	1046
389	1051
345	952
347	1025
326	1119
359	1192
352	1270
357	1186
319	1048
340	1174
326	1191
373	1083
399	1013
325	999
360	1168
319	1270
346	1183
331	1208
390	1526
394	1368
388	1230
355	1239
339	1221
333	1244
393	1358
338	1281
372	1276
314	1273
356	1217
338	1218
385	1188
386	1029
416	1260
364	1482
328	1417
377	1335
337	1174
375	1356
315	1292
341	1123
362	1152
363	1145
403	949
365	1121
379	1362
366	1340
303	1376
327	1275
372	1097
336	1137
381	1137
356	1072
345	1039
357	1188
359	1227
354	1399
387	1250
360	1356
325	1350
348	1243
378	1360
363	1388
392	1362
350	1164
341	1250
340	1314
352	1334
363	1487
366	1294
384	1388
366	1354
405	1369
374	1341
363	1241
387	1070
354	1306
379	1160
336	1244
363	1265
384	1093
382	1274
380	1133
407	1138
388	1147
386	1012
355	1202
359	1355
360	1430
376	1389
343	1480
386	1644
344	1448
373	1337
376	1218
372	1049
369	1167
359	1379
354	1303
444	1316
384	1198
409	1142
401	1282
369	1290
361	1307
356	1113
316	1189
330	1248
336	1242
309	1193
350	1222
358	1162
441	1236
386	1130
377	1202
373	1133
374	1110
333	1414
380	1560
387	1339
333	1200
329	1383
335	1404
369	1239
401	1317
415	1385
409	1233
410	1262
380	1246
412	1293
371	1296
354	1346
383	1256
355	1368
425	1314
441	1181
408	1095
386	1252
447	1284
475	1498
410	1305
417	1405
448	1108
406	926
394	1000
405	1258
392	1300
427	1455
402	1338
389	1059
421	1076
413	1268
375	1076
381	1104
359	1188
389	1246
411	1223
414	1259
371	1304
451	1102
359	1449
362	1310
384	1315
444	1523
361	1418
414	1285
378	1220
406	1386
394	1326
387	1482
293	1303
343	1295
375	1301
332	1104
402	1156
315	1428
360	1389
393	1197
379	1090
381	1136
394	986
359	1025
345	985
353	1037
403	1262
391	1229
387	1305
428	1143
406	1067
360	1009
384	964
402	1112
417	1453
352	1246
360	1221
344	1131
390	1136
385	1245
412	1403
463	1460
422	1346
378	1317
370	1360
385	1317
366	1275
405	1249
369	1300
417	1253
437	1157
430	1029
409	1080
415	1160
371	1214
384	1272
383	1153
392	1238
365	1034
366	1296
431	1203
464	1182
464	1179
394	1228
379	1278
431	1347
436	1124
430	1032
385	961
387	986
392	1118
408	995
416	1159
390	1272
416	1318
406	1507
400	1247
401	1361
425	1280
379	1548
393	1405
385	1325
424	1232
371	1306
413	1280
380	1443
407	1351
422	1045
439	929
412	1140
396	1085
444	1173
413	1188
413	1129
468	1182
424	1223
394	1272
441	1148
379	1108
396	1168
402	1053
478	1038
460	1133
482	1274
449	1144
412	1084
501	1317
359	1056
399	1341
402	1494
402	1157
422	1268
436	1080
480	1117
409	1073
436	1243
414	885
433	1104
391	1230
432	1275
383	1205
366	1138
400	1105
394	1224
438	1221
450	1256
441	1267
501	1372
399	1454
492	1346
505	1343
484	1277
465	1400
422	1285
403	1109
407	1287
421	1190
432	1157
489	1117
434	1110
479	1152
446	1065
401	1083
423	1227
412	1195
436	1293
402	1241
398	1329
405	1185
465	1154
471	1094
485	1029
468	1249
403	1199
488	1226
443	1383
429	1272
423	1632
489	1273
416	1238
484	1443
475	1506
409	1322
407	1122
447	1257
404	1325
413	1359
469	1320
425	1435
421	1265
389	1056
413	1035
389	1041
369	1018
429	1138
426	1144
431	1161
403	1240
426	1212
442	1242
425	1529
419	1426
430	1231
526	1277
478	1231
438	1297
456	1199
415	1115
384	1171
455	1122
450	1011
432	975
451	1102
483	1295
481	1244
431	1348
443	1242
442	1282
421	1320
428	1232
479	1291
457	1206
450	1148
463	1310
449	1359
456	1111
464	1145
478	1022
428	1026
447	1115
500	1096
482	1020
532	1215
478	1382
483	1252
479	1255
454	1144
422	1109
473	1094
415	1359
486	1290
432	1163
397	1042
449	1300
383	1253
396	996
437	1456
429	1303
425	1225
490	1211
457	1107
478	1271
433	1420
450	1300
429	1262
413	1296
371	1404
426	1534
371	1306
427	1375
441	1435
398	1236
427	1216
424	1330
424	1338
401	1215
459	1268
459	1154
443	1209
471	1116
444	1214
393	1268
430	1294
386	1294
453	1285
493	1292
446	1411
463	1455
450	1445
502	1426
415	1206
417	1056
453	1039
448	1041
494	1122
512	1345
512	1310
492	1281
509	1342
458	1142
478	1186
549	1335
464	1331
481	1349
458	1208
454	1303
390	1422
409	1278
474	1308
495	1198
434	1171
487	1110
459	1193
469	1369
454	1355
463	1139
466	1239
527	1140
496	1158
489	1362
447	1092
435	1050
487	1320
541	1242
493	1062
530	1088
510	907
474	987
460	1125
431	1293
492	1029
518	1168
508	1072
476	999
525	1096
552	1032
535	1100
520	1153
518	1044
563	1003
561	1047
613	949
579	980
566	1123
530	1179
567	1060
665	1251
577	1350
587	1292
491	1278
532	1105
661	1110
598	1193
547	1098
566	1190
678	1099
616	1228
661	1025
588	1108
617	1266
602	1290
551	1396
651	1455
556	1106
531	1258
493	984
545	1141
537	1070
569	1051
555	1227
610	1070
667	1220
729	1101
746	1243
714	1438
678	1242
681	1180
606	1073
623	1197
562	1284
592	1257
578	1027
596	960
577	949
561	1049
642	1024
614	1089
679	1306
627	1227
669	1163
581	1370
562	1279
586	1298
588	1312
659	1395
628	1491
671	1383
743	1081
697	1199
747	1226
718	1321
745	1302
778	1183
714	1136
640	1248
784	1324
737	1423
619	1420
599	1382
651	1414
636	1348
601	1270
625	1377
665	1174
606	1177
636	1354
643	1257
613	1176
539	1134
523	1265
571	1086
534	1240
564	1447
504	1450
526	1504
506	1224
554	1126
458	1044
438	1359
499	1264
498	1117
512	1055
544	1117
509	1190
465	1256
533	1197
499	1283
532	1189
521	1281
497	1200
414	1097
444	1154
453	1048
489	1295
439	1182
502	1330
521	1425
439	1110
504	1266
427	1190
403	1141
431	990
432	913
379	955
443	1222
414	1326
469	1276
427	1227
456	1340
465	1480
459	1475
465	1216
468	1443
459	1230
446	1274
419	1178
423	1134
432	1276
417	1326
458	1376
439	1392
447	1173
401	1163
412	1197
447	1238
390	1213
436	1280
418	1144
471	1079
478	1084
460	1374
391	1229
452	1229
486	1271
412	1233
438	1457
400	1289
387	1228
428	1218
437	1286
440	1313
427	1246
461	1270
382	1281
422	1550
434	1308
404	1288
381	1323
375	1281
407	1184
412	1364
447	1286
450	1098
424	1283
345	1278
401	1242
394	1262
395	1180
435	1412
428	1196
372	1154
394	1197
394	1308
420	1780
421	1287
434	1235
381	1283
389	1482
400	1564
388	1314
371	1397
441	1207
424	1525
396	1351
468	1192
404	1202
430	1385
407	1306
367	1214
385	1297
358	1293
395	1333
417	1446
433	1438
378	1220
352	1141
381	1199
385	1149
343	1262
445	1188
381	1288
433	1171
420	1153
428	1148
387	1346
369	1090
405	1117
369	1098
388	1133
391	1179
367	1297
343	1108
396	1219
336	1186
377	1091
392	900
400	982
410	912
409	942
441	988
384	995
376	1038
385	1102
329	1080
390	1090
423	1294
412	1173
446	1223
375	1109
425	1093
433	976
436	1212
380	1059
449	1298
417	1277
460	1236
496	1390
433	1460
458	1324
459	1276
453	1313
475	1452
536	1328
473	1217
423	1185
467	1268
498	1525
474	1486
513	1260
549	1480
533	1305
563	1244
588	1267
562	1228
570	1179
564	1151
559	1160
557	1056
550	1120
629	1123
565	1093
561	1125
569	1241
590	1280
597	1190
515	1143
499	1299
483	1202
448	1325
488	1268
506	1230
443	1135
512	1325
509	1312
488	1323
430	1154
554	1191
472	1249
542	1211
511	1307
477	1245
574	1308
573	1221
495	1381
506	1560
545	1387
511	1171
488	1055
522	1005
522	1053
508	1246
557	1061
580	1070
551	1106
608	1205
626	1133
575	1237
615	1169
569	1214
539	1346
649	1240
604	1151
613	1128
585	1074
640	1128
674	1245
643	1255
712	1327
734	1246
695	1388
678	1277
719	1321
694	1318
794	1358
687	1313
733	1557
689	1426
641	1268
653	1138
652	990
767	1311
698	1451
686	1459
686	1436
694	1535
773	1495
750	1443
708	1259
864	1170
831	1294
903	1383
953	1352
838	1239
867	1240
910	1194
957	1136
919	1099
954	1262
881	1206
915	1242
969	1039
982	1152
982	1220
991	1009
954	1187
1034	1301
1060	1255
1082	1297
1064	1226
1112	1377
1143	1219
1105	1284
1146	1237
1124	1242
1122	1346
1076	1155
1032	1089
1122	1150
1103	1028
1058	1150
1065	1171
1006	1251
1019	1246
1129	1128
1072	1014
1127	1140
1110	1253
1206	1165
1190	1194
1256	1274
1175	1309
1229	1530
1211	1230
1256	1148
1241	1361
1159	1332
1092	1115
1019	1259
1144	1356
1076	1372
1085	1279
1101	1161
1115	1346
1157	1306
1079	1369
1131	1331
1047	1419
1080	1322
1055	1342
1074	1296
1011	1205
1059	1516
1158	1445
1111	1540
1099	1680
1093	1529
1111	1439
1005	1434
1086	1319
1016	1500
1014	1480
932	1348
955	1181
887	1274
906	1408
919	1518
900	1255
894	1179
820	1097
888	1121
852	1250
941	1192
942	1194
928	1248
861	1180
784	1036
807	1291
856	1288
815	1413
786	1214
771	1289
794	1154
708	1477
712	1457
689	1521
686	1439
724	1289
716	1316
729	1138
662	1012
658	1141
740	1289
823	1371
682	1328
634	1171
635	1166
691	1123
711	1198
718	1146
644	1099
682	1352
659	1356
678	1320
579	1358
647	1347
695	1494
608	1560
601	1600
598	1376
533	1238
523	1100
556	1365
573	1329
601	1208
524	1164
528	1084
539	1278
517	1144
544	1435
590	1396
542	1371
508	1281
566	1347
476	1168
529	1173
534	1027
519	1145
524	1173
512	1129
481	1269
488	1171
437	1202
488	1204
493	1170
492	1138
513	1093
487	1050
460	1194
485	1151
515	1250
468	1203
498	1100
467	1066
469	1213
507	1087
463	1133
515	1068
460	1204
477	1278
479	1356
427	1173
444	1259
401	1281
419	1213
469	1278
438	1269
450	1338
477	1235
525	1202
475	1222
455	1376
482	1478
481	1266
491	1282
492	1401
485	1499
476	1381
494	1362
495	1301
511	1094
524	1377
552	1124
546	1176
507	1176
501	1399
504	1394
455	1313
465	1345
484	1081
500	1310
453	1239
421	1396
455	1294
465	1252
471	1133
474	1219
444	1153
427	1171
412	1275
397	1326
478	1314
438	1179
395	1156
397	1375
400	1182
421	1254
465	1310
438	1225
433	1325
403	1299
413	1105
452	1257
454	1145
412	1057
393	1122
399	1233
419	1169
492	1047
401	1084
434	1139
450	1239
406	1157
432	1176
437	1234
429	1355
436	1338
421	1290
442	1250
422	1202
440	1324
456	1276
437	1336
391	1198
436	1284
389	1100
407	1136
394	1135
467	1057
375	1181
386	1158
422	1197
391	1287
414	1247
426	1186
431	1253
400	1173
377	993
429	1108
366	1119
366	1368
378	1425
348	1555
412	1262
387	1226
412	1166
364	1132
328	1314
323	1208
334	1209
369	1122
376	1059
386	1145
401	1054
349	1069
360	1182
437	1267
390	1265
403	1240
384	1009
396	996
336	1124
425	1300
354	1122
356	1080
385	1366
388	1250
334	1318
362	1335
355	1384
421	1348
388	1187
353	1410
410	1290
392	1304
411	1167
402	1276
399	1360
413	1616
372	1306
413	1192
363	1177
367	1425
396	1281
393	1105
381	1268
366	1433
409	1086
413	1295
400	1496
425	1735
401	1338
397	1456
362	1481
416	1250
361	1335
484	1302
414	1385
359	1326
366	1268
398	1204
419	1495
406	1740
395	1407
396	1516
394	1306
397	1271
368	1317
364	1242
377	1250
375	1130
399	1299
416	1324
349	1134
389	1254
400	1349
445	1323
440	1332
400	1174
364	1120
362	1219
411	1194
431	1145
435	1304
386	1105
454	1120
364	1197
388	1163
430	1386
413	1144
439	1349
384	1522
436	1250
424	1247
421	1303
403	1338
489	1306
361	1456
372	1433
442	1195
410	1191
397	1256
372	1139
424	1215
418	1381
455	1395
381	1192
409	1233
389	1167
370	1338
384	1340
362	1166
361	1350
390	1349
399	1390
380	1353
405	1228
351	1288
386	1088
369	1021
368	1348
391	1548
435	1320
358	1324
394	1274
401	1156
408	1475
437	1405
442	1358
459	1386
381	1332
420	1095
371	1186
386	1122
366	1098
386	1200
368	1202
402	1136
417	1311
445	1285
380	1345
367	1329
397	1267
435	1050
391	1185
444	1293
424	1162
397	1081
427	1210
499	1277
375	1029
381	1167
428	1328
384	1188
472	1195
434	1035
461	1141
451	1316
428	1333
442	1051
410	1063
405	1097
390	1057
450	1053
422	1091
487	1035
454	945
447	1179
483	1166
475	1296
487	1397
504	1435
489	1348
528	1232
520	1185
601	1130
599	1302
559	1457
498	1195
613	1228
576	1237
551	1370
506	1508
664	1344
652	1343
712	1146
733	1200
718	1332
748	1103
755	1033
800	1150
865	1065
829	1246
732	1089
809	1096
881	1131
979	1401
884	1460
877	1072
944	1056
875	1444
927	1217
969	1274
950	1279
1032	1313
1032	1054
1151	1214
1186	1341
1169	1390
1180	1230
1317	1130
1424	1010
1368	1277
1570	1123
1489	1073
1600	1175
1532	1092
1592	1020
1549	1090
1547	1053
1448	1217
1584	1294
1580	1193
1575	1352
1517	1404
1652	1246
1566	1113
1601	994
1781	1035
1626	1113
1728	1019
1717	1239
1730	1054
1640	1211
1799	1314
1703	1339
1669	1404
1709	1208
1578	1333
1645	1243
1589	1315
1538	1053
1466	1226
1472	1186
1587	1240
1624	1446
1598	1240
1463	1436
1467	1575
1336	1023
1457	1220
1332	1310
1354	1334
1281	1338
1373	1302
1262	1286
1142	1168
1058	1171
1028	1149
1012	1288
1000	1370
1084	1192
983	1498
941	1242
982	1361
1031	1323
1047	1220
933	1428
1008	1225
925	1331
895	1175
887	1091
834	1062
760	1148
802	1225
887	1110
790	1083
762	1116
730	954
645	1017
658	1103
658	1046
696	1163
712	1279
685	1284
651	1290
676	1414
702	1295
742	1090
671	1313
688	1396
678	1115
719	1156
638	1141
696	1131
677	940
687	1074
677	960
658	1218
730	1124
732	1031
656	1124
624	1194
676	1112
762	1198
822	1244
799	1073
776	1108
746	1167
805	1267
802	1033
840	1164
768	979
843	1065
912	1066
892	1027
933	976
850	951
832	1041
848	1070
1013	1191
1033	1225
886	1182
915	1151
994	1088
1041	1280
1122	1206
1110	1185
1074	940
1178	1203
1196	996
1214	955
1338	1051
1231	1183
1283	1175
1322	1139
1421	961
1314	1062
1322	1262
1261	1412
1241	1433
1283	1507
1244	1244
1223	1135
1312	1114
1349	1102
1487	1177
1414	1019
1451	1215
1521	1112
1569	1217
1461	1251
1520	1306
1534	1187
1525	1163
1480	1250
1418	1450
1485	1362
1402	1443
1290	1277
1227	1423
1196	1425
1182	1366
1246	1589
1164	1615
1135	1436
1172	1364
1181	1369
1195	1370
1128	1242
1142	1454
1201	1342
1104	1118
1141	974
1138	1038
1182	1094
1121	1140
1163	1331
1195	1316
1057	1196
1049	1369
998	1227
966	1359
1009	1149
998	1025
980	1027
1023	1304
880	1135
892	941
997	1134
880	1140
919	1068
959	1143
949	1125
957	1350
904	1193
887	1240
921	1366
819	1316
882	1138
852	1186
840	1250
829	1258
810	1405
810	1168
841	1275
835	1214
773	1057
767	1341
749	1536
781	1283
739	1281
784	1133
704	1282
663	1589
615	1591
663	1247
644	1364
603	1258
575	1267
585	1389
557	1170
566	1169
624	1252
535	1342
493	1205
526	1172
492	1098
587	1340
555	1315
572	1562
513	1272
496	1063
543	1237
538	1192
522	1264
527	1365
539	1420
444	1200
459	1105
509	1264
534	1267
522	1347
509	1211
497	1274
465	1178
471	1182
507	1324
488	1271
473	1185
483	1190
428	1250
468	1249
462	1250
525	1179
447	1099
441	1204
469	1344
453	1192
451	1237
407	1160
456	1299
483	1237
445	1354
458	1241
479	1344
404	1285
418	1061
390	1264
462	1039
438	1120
421	1241
433	1244
393	1396
426	1340
410	1119
398	1251
373	1365
390	1343
401	1300
349	1244
398	1550
403	1269
355	1225
374	1168
383	1165
370	1163
388	1089
424	1174
408	1152
428	1376
396	1321
460	1261
449	1279
363	1183
383	1323
401	1191
365	1189
390	1239
402	1227
409	1236
371	1153
366	1227
449	1309
386	1430
382	1336
382	1163
355	1272
332	1254
422	1170
386	1191
389	1349
342	1419
416	1353
417	1204
430	1192
497	1216
425	1073
405	1138
439	1186
423	1075
374	1004
418	1081
428	1263
482	1252
476	1132
447	1198
453	1334
472	1426
497	1319
397	1143
429	1047
440	1277
474	1307
445	1214
458	1320
436	1543
420	1257
438	1200
434	1176
425	1233
449	1217
409	1070
457	1327
470	1156
503	1341
535	1364
498	1360
467	1250
494	1238
472	1269
481	1064
462	1237
449	1296
478	1079
440	1226
487	1322
478	1265
527	1189
502	1026
523	1164
505	1231
523	1252
478	1108
488	1071
559	1239
455	1136
476	1132
512	1201
512	1229
534	1184
520	1080
548	1039
561	1008
513	1077
534	1098
534	1312
581	1245
559	1291
559	962
547	959
629	1187
574	1142
615	1024
618	1240
654	1319
641	1212
616	1283
645	1129
619	1234
701	1438
680	1334
686	1265
629	1261
642	1046
654	1114
664	1183
639	1236
656	1085
660	1075
625	1026
649	1044
770	1035
782	1100
719	1379
738	1508
756	1305
729	1451
756	1465
758	1362
742	1267
757	1321
768	1383
716	1301
796	1280
747	1301
696	1219
725	1139
709	1400
727	1360
766	1423
801	1290
902	1436
854	1391
835	1333
845	1250
955	1298
827	1381
826	1438
803	1508
914	1409
824	1323
875	1419
906	1469
797	1286
834	1214
813	1265
768	1352
799	1411
782	1266
963	1167
855	1097
808	1121
865	1147
888	1221
916	1124
858	1205
861	1240
870	1187
866	1449
861	1302
827	1179
860	1299
847	1208
804	1114
844	1186
874	1109
847	1099
874	1186
891	1241
911	1062
889	1054
962	1134
869	1041
925	977
908	1023
821	1041
914	1078
837	1035
813	1170
823	1277
798	1186
848	1024
794	1184
834	1016
809	970
719	929
838	1050
724	1155
757	1240
792	1357
766	1299
734	1073
744	1153
740	1111
726	1122
681	1001
742	1182
722	1298
697	1019
669	1111
727	1161
673	1207
666	1144
677	975
657	1071
673	1261
624	1315
605	1114
639	1155
694	1155
609	1211
608	1100
625	1021
574	1132
622	1193
562	1166
561	1030
593	1153
634	1110
589	1221
579	1122
523	1023
518	993
518	1229
541	1195
567	1216
530	1274
484	1283
491	1273
488	1060
488	1183
490	1362
540	1341
479	1396
465	1177
505	1272
453	1297
467	1343
415	1290
462	1356
492	1367
410	1257
448	1189
461	1055
452	1399
470	1317
454	1180
465	1211
479	1373
471	1354
345	1467
469	1566
449	1332
455	1255
403	1076
438	1087
427	1263
390	1156
428	1213
443	1196
405	1233
466	1198
447	1167
478	1095
427	1110
442	1209
469	1117
447	1150
439	1258
457	1209
448	1144
411	1151
444	1126
379	1216
444	1283
400	1309
349	1094
409	1024
390	1197
364	1226
405	1205
404	1224
347	1349
385	1078
389	1223
407	930
408	1305
395	1328
439	1264
369	1228
415	1100
373	1292
394	1420
395	1357
367	1213
355	1368
332	1264
404	1165
350	1333
384	1305
429	1352
404	1406
368	1255
380	1091
358	1187
383	1265
338	1187
346	1237
386	1184
412	1145
362	1254
413	1286
343	1115
356	1297
354	1180
376	1434
345	1183
344	1230
338	1317
365	1467
334	1437
336	1264
353	1237
296	1041
342	1172
342	1264
364	1244
329	1382
341	1406
357	1490
371	1456
371	1392
389	1261
368	1354
390	1300
339	1288
371	1363
368	1310
394	1115
374	1305
389	1269
363	1287
335	1439
370	1234
361	1524
377	1370
385	1316
352	1220
313	1224
325	1198
334	1406
352	1304
327	1466
331	1415
300	1417
361	1240
395	1056
360	1082
384	1212
413	1379
423	1240
410	1132
470	1137
412	1151
434	1211
381	1384
411	1237
445	1206
382	941
456	1143
448	946
439	1050
442	1014
382	1031
369	1301
386	1211
401	1284
379	1440
325	1344
408	1458
352	1356
317	1309
308	1181
316	1560
317	1321
263	1529
367	1457
348	1255
321	1191
296	1441
335	1405
347	1368
396	1185
408	1232
355	959
309	1145
357	1109
363	1226
372	1069
396	1128
368	1214
385	1431
348	1282
353	1185
350	1497
353	1346
336	1305
398	1153
348	1069
341	1098
344	1172
365	1127
376	1115
352	1105
317	1195
350	1271
409	1394
372	1302
402	1316
389	1337
400	1581
410	1230
372	1299
374	1196
354	1258
345	1441
331	1176
332	1060
363	1087
323	1128
354	1221
374	1312
365	1180
365	1333
379	1186
356	1277
324	1308
340	1283
366	1396
343	1399
365	1240
394	1453
323	1497
375	1205
390	1187
402	1267
388	1371
408	1411
415	1166
340	1353
406	1419
358	1354
378	1283
366	1403
392	1403
393	1253
439	1216
418	1206
412	1269
432	1375
375	1394
408	1201
421	1189
358	1224
393	1264
405	1395
368	1240
409	1314
427	1269
358	1135
404	1309
386	1264
368	1286
316	1278
388	1220
434	1303
489	1339
419	1422
374	1390
404	1337
455	1269
406	1287
391	1254
361	1515
356	1423
390	1299
376	1303
339	1244
337	1195
369	1277
367	1345
340	1005
375	1133
343	1341
339	1292
345	1212
375	1330
326	1408
357	1354
344	1411
337	1433
315	1245
352	1282
363	1262
317	1297
271	1172
328	1323
358	1127
338	1085
345	1266
329	1152
357	1239
323	1192
339	1029
359	1262
328	1255
340	1421
345	1436
379	1468
338	1280
304	1112
321	1169
308	1212
314	1183
345	1234
370	1276
404	1256
338	1264
362	1187
390	1284
377	1105
330	1136
333	1248
355	1293
377	1308
361	1187
419	1270
393	1462
378	1200
398	1257
367	1270
351	1172
433	1259
369	1239
397	1266
322	1288
342	1301
325	1208
355	964
357	1167
337	1186
320	1208
321	1082
325	1179
326	1199
335	1171
370	1215
393	1116
328	998
366	1080
355	1012
341	1083
328	1083
425	1017
377	1223
374	1236
347	1182
324	1090
333	1073
355	1123
356	1238
336	1280
370	1035
383	1013
354	1231
394	1328
356	1227
346	1228
346	1325
339	1344
388	1353
378	1436
381	1330
377	1320
384	1257
395	1208
358	1119
387	1254
388	1226
366	1098
362	1263
315	1187
333	1152
366	1093
391	1175
370	1114
392	1128
344	1281
369	1090
339	1265
349	1223
394	1216
365	1313
370	1322
384	1227
402	1268
387	1286
369	1412
408	1367
415	1197
409	1183
386	1248
389	1255
355	1291
427	1354
418	1408
366	1331
390	1261
416	1116
370	1445
420	1457
398	1681
374	1260
350	1283
370	1138
380	1200
368	1357
341	1389
380	1358
343	1101
341	1279
379	1267
384	1314
315	1224
343	1229
373	1285
349	1208
347	1393
358	1586
326	1410
325	1232
369	1229
344	1210
397	1248
361	1293
363	1186
336	1189
323	1208
276	1146
366	1059
333	1091
367	1233
352	1120
393	1384
353	1343
332	1237
361	1096
360	1202
313	1095
346	1228
323	1275
367	1336
388	1278
425	1194
368	1007
380	1120
374	1293
347	1152
369	1155
327	1371
399	1364
347	1209
327	1144
389	1214
432	1413
357	1270
374	1495
376	1383
351	1467
385	1341
420	1001
407	1205
418	1128
363	1253
397	1203
319	1337
413	1331
393	1282
403	1286
441	1340
443	1224
451	1083
364	1301
382	1369
453	1711
373	1471
450	1559
444	1465
438	1384
413	1336
430	1328
412	1172
416	1212
475	1316
470	1239
394	1188
398	1089
439	1218
480	1149
524	1076
442	940
463	1116
494	1034
494	1189
473	1150
487	1394
466	1427
475	1400
471	1335
455	1224
495	1249
522	1246
499	1093
421	1128
462	1098
442	1228
450	1153
502	1190
454	1225
445	1265
462	1173
464	1342
438	1372
481	1487
484	1434
484	1254
440	1251
394	1044
486	1141
413	1337
389	1375
436	1297
412	1339
406	1207
450	1213
476	1301
436	1232
432	1222
441	1277
469	1072
429	1046
443	1110
427	1170
505	1204
508	1121
448	1029
482	1211
474	1027
515	1115
481	1133
459	1125
470	1145
508	1229
445	1495
441	1463
461	1105
489	1202
465	1140
533	1007
570	1075
511	1221
549	1131
545	1146
534	1263
552	1309
531	1202
552	1216
510	1430
543	1358
514	1328
543	1235
553	1207
569	1364
504	1126
519	1356
479	1275
536	1384
487	1133
526	1272
512	1378
499	1563
522	1329
508	1482
521	1385
521	1358
504	1190
525	1216
532	1257
576	1224
520	1176
528	1173
493	1262
535	1320
526	1406
550	1252
497	1245
525	1355
491	1284
590	1267
591	1129
523	1224
524	1300
512	1219
522	1181
565	1028
553	1137
523	1262
521	1143
523	1174
568	1174
557	1259
482	1116
470	1135
489	1097
578	1232
562	1117
501	1227
493	1162
488	978
454	1175
504	1286
484	1098
510	1335
493	1379
492	1240
501	1202
538	1527
517	1441
474	1262
492	1288
464	1214
455	1227
531	1360
447	1499
462	1360
482	1356
501	1536
456	1218
497	1150
553	1275
445	1152
532	964
494	1281
451	1231
516	1362
470	1276
528	1200
424	1492
441	1373
503	1117
481	1052
445	1225
488	1360
457	1300
476	1405
469	1249
533	1287
506	1342
437	1489
463	1165
441	1159
458	1292
466	1147
471	1280
497	1275
444	1134
457	1120
498	1171
453	1148
472	1169
456	1273
421	1334
417	1348
443	1191
415	1059
434	1303
437	1167
434	1402
466	1306
437	1262
477	1393
482	1297
412	1111
445	1334
427	1294
462	1176
439	1049
422	1151
418	1137
432	1123
458	1172
461	1100
457	1127
433	1260
406	1486
456	1430
438	1197
481	1120
479	1165
441	1214
436	1378
493	1234
454	1469
536	1397
477	1558
472	1493
419	1420
455	1378
399	1307
441	1231
453	1391
454	1379
468	1311
481	1374
437	1456
378	1330
432	1177
410	1139
452	1230
458	1238
455	1327
438	1133
446	1139
490	1440
493	1338
439	1306
470	1303
504	1175
474	1426
501	1185
463	1264
483	1300
470	1166
519	1167
562	1178
589	1267
543	1081
590	1081
497	1174
473	1109
515	1262
550	1270
502	1118
545	1334
549	1242
580	1138
517	1162
623	1176
596	1541
575	1196
585	1281
534	1188
620	1289
551	1164
609	1246
538	1219
627	1145
649	1266
655	1500
673	1534
563	1365
593	1253
580	1152
531	1204
498	1390
503	1339
491	1507
497	1378
513	1385
502	1381
500	1333
466	1249
490	1070
493	1002
555	1022
498	949
526	1122
499	1397
483	1156
503	1130
553	1216
483	1111
506	1399
463	1246
519	1311
493	1365
478	1558
504	1424
532	1430
505	1429
503	1516
465	1592
473	1439
437	1380
540	1419
506	1432
504	1402
489	1350
491	1246
520	1233
483	1190
487	1282
478	1144
481	1217
523	1459
444	1218
484	1253
464	1151
484	1120
491	1412
521	1359
530	1174
502	1106
494	1120
504	1124
466	1114
534	1179
557	1070
565	1229
590	1358
584	1183
528	1158
594	1191
528	1281
598	1434
597	1301
647	1286
718	1165
732	1125
733	1137
694	1110
871	1024
978	1149
1033	1259
1042	1185
1097	989
1305	1159
1533	1190
1617	1026
1523	1023
1595	1254
1864	1209
2172	1131
2090	1476
1962	1440
2080	1431
2351	1380
2703	1200
2721	1130
2643	1297
2455	1249
2346	1266
2589	1207
2968	1246
3017	1309
3030	1288
3308	1184
3675	1097
4203	1230
4378	1477
4243	1395
4502	1286
5027	1385
5280	1389
5510	1343
5158	1299
5442	1409
6069	1411
6431	1570
6650	1325
6607	1158
6468	1153
6765	1308
7629	1395
7995	1468
7777	1467
7497	1305
7499	1656
7691	1490
7979	1417
8123	1463
8138	1382
8071	1439
8111	1535
8199	1329
8143	1472
8234	1895
8041	1691
6803	1573
4239	1241
2906	1236
3370	1290
3475	1211
3400	1226
3173	1244
3415	1190
3671	1350
3571	1251
2915	1129
2072	1041
1581	1164
1446	1187
1647	1207
1562	1134
1033	1051
898	1065
956	1043
1001	903
953	1008
924	1271
819	1400
843	1249
764	1239
863	1284
841	1138
837	1203
787	1232
742	1247
756	1180
832	1155
814	1077
818	1027
768	1134
778	1049
841	1124
854	1026
899	992
808	931
793	1038
791	998
900	1011
957	1127
991	1074
1009	1144
1012	1178
1031	1108
1054	929
1113	1098
1038	1300
1073	1147
1106	1116
1163	1235
1180	1155
1142	1309
1151	1264
1277	1331
1238	1168
1242	1231
1254	1143
1196	1129
1283	1199
1189	1415
1290	1118
1268	1205
1290	1369
1298	1573
1309	1181
1421	1145
1392	1240
1478	1030
1396	1115
1486	1160
1464	1271
1582	1158
1489	1117
1663	1415
1568	1138
1521	878
1460	1124
1503	1094
1402	1086
1401	1056
1410	1220
1268	1188
1283	1234
1394	1152
1257	1276
1334	1412
1383	1111
1318	1246
1262	1191
1347	1302
1292	1374
1301	1465
1382	1342
1425	1237
1493	1180
1381	1142
1290	1154
1216	1095
1152	1056
1262	1021
1208	984
1128	1286
1066	1172
961	1200
1007	1111
970	1057
947	1218
922	1401
948	1262
990	1387
1039	1275
1012	1103
984	1000
976	1019
1076	1046
1015	1194
952	1063
922	1012
880	1125
872	1066
885	1172
887	1031
872	1172
813	1087
838	1126
770	1485
788	1120
797	1005
751	1066
739	1119
837	1133
760	1227
808	1318
666	1200
717	1313
737	1306
780	1237
705	1132
674	1222
686	1138
722	1124
713	1031
646	1235
626	1240
672	1029
704	1153
658	1170
674	1292
584	1262
569	1189
546	1185
552	1271
567	1264
543	1088
585	1054
551	1067
513	1107
532	1109
475	1067
528	1315
427	1123
561	1203
560	1059
549	1180
515	1259
476	1206
532	1219
469	1195
451	1350
455	1277
442	1352
486	1129
473	1195
437	1133
448	1108
420	1403
467	1474
537	1352
425	1314
462	1139
469	1298
440	1381
502	1369
470	1272
478	1387
467	1200
457	1372
484	1332
426	1084
440	1023
447	1339
444	1214
491	1116
472	1049
467	1207
409	1266
448	1284
450	1153
455	974
435	991
457	965
449	1081
407	981
405	1040
403	1123
407	1483
479	1172
449	1133
436	1160
401	1180
426	1281
450	1217
432	1284
514	1299
426	1205
471	1321
478	1245
482	1335
458	1305
552	1563
502	1647
466	1516
516	1303
404	1274
421	1010
432	1240
426	1258
452	1222
481	1358
517	1416
479	1466
504	1455
455	1414
408	1409
463	1046
468	1021
422	1052
466	1016
498	1344
459	1102
455	1047
466	1263
447	1263
454	1389
482	1361
444	1444
447	1319
474	1387
453	1373
486	1398
440	1173
454	1260
511	1359
457	1346
433	1472
467	1375
440	1161
501	1167
470	1241
499	1237
429	1048
426	949
460	953
488	1067
483	1177
515	1112
469	1181
488	1284
468	1200
439	1214
431	1226
410	1244
477	1105
508	1259
432	1270
425	1180
505	1028
487	1178
495	1019
432	1139
462	1103
403	882
457	974
451	1189
491	1436
496	1285
443	1237
436	1258
433	1283
453	1511
441	1247
526	1291
487	1171
426	1157
499	986
503	1196
449	1055
477	965
470	1025
500	1003
504	1152
522	1238
483	1420
453	1219
472	1242
510	1219
512	1240
514	1260
509	1181
492	1250
481	1238
466	1286
530	1398
488	1467
521	1442
515	1250
487	1295
532	1290
550	1196
464	1122
444	1135
508	1168
460	1116
472	1229
476	1364
523	1454
521	1524
466	1512
441	1228
502	1247
513	1309
526	1241
495	1251
481	1233
425	1501
481	1293
501	1674
519	1240
459	1445
467	1286
437	1268
443	1334
460	1441
450	1257
491	1386
467	1314
429	1215
435	1370
466	1353
443	1272
466	1234
486	1166
409	1121
448	1059
432	1140
397	1050
443	999
431	1157
478	1057
431	1248
408	1543
442	1226
445	1216
525	1315
454	1253
461	1097
468	1362
451	1279
427	1340
483	1179
407	1328
397	1198
414	1201
394	1230
465	1221
440	1297
485	1195
413	1319
452	1105
418	950
515	1014
491	1003
452	1111
447	1065
452	1148
436	1180
499	1445
524	1362
469	1188
468	1367
447	1340
513	1306
434	1256
412	1192
457	1272
402	1242
429	1156
427	1269
425	1450
494	1299
433	1364
463	1348
509	1245
449	1298
453	1399
478	1183
457	1343
463	1208
444	1238
478	1165
411	1205
470	1325
440	1167
437	1240
461	1279
479	1189
502	1121
500	1379
486	1429
472	1563
451	1448
492	1437
465	1478
505	1599
481	1454
483	1560
453	1490
441	1530
455	1503
526	1546
447	1460
467	1446
433	1136
440	1165
464	1265
495	1378
470	1344
503	1314
513	1432
479	1410
489	1254
487	1277
463	1319
513	1351
463	1232
509	1387
537	1336
570	1438
576	1476
580	1446
512	1439
539	1429
489	1486
536	1484
541	1209
535	1139
531	1165
496	1231
519	1340
475	1088
526	1229
511	1272
530	1286
517	1507
505	1366
492	1177
481	1137
445	1107
464	1058
473	1091
442	1221
421	1363
425	1353
451	1280
474	1393
481	1325
518	1122
423	1343
441	1406
474	1753
566	1268
513	1229
614	1379
706	1290
682	1238
556	1257
538	1391
595	1395
501	1347
435	1195
439	1281
452	1395
398	1192
461	1222
463	1377
452	1202
425	1483
402	1277
441	1262
460	1223
474	1221
484	1183
499	1162
464	1185
460	1260
464	1223
507	1367
490	1650
471	1414
485	1341
464	1277
510	1326
507	1160
555	1122
552	987
662	1321
568	1280
608	1163
617	1220
548	1137
564	1277
596	1298
529	1141
536	1207
556	1289
552	1239
546	1119
578	1204
550	1069
496	956
567	1075
577	1332
584	1210
639	1097
593	990
615	1203
636	1306
662	1325
699	1170
742	1179
734	1419
758	1300
781	1303
744	1306
678	1113
630	1404
551	1237
581	1033
596	1209
625	1292
594	1374
553	1305
532	1287
540	1299
597	1233
569	1083
547	1364
567	1203
521	1359
571	1247
638	1279
688	1106
601	1138
550	1157
546	1134
455	1128
439	1216
456	1557
432	1496
430	1179
401	1243
406	1185
458	1261
473	1283
432	1224
421	1343
436	1277
467	1165
433	1174
459	1086
496	1111
500	1180
458	1232
380	1120
423	1158
422	1039
455	1152
401	1148
388	1179
459	1225
388	1210
406	1329
418	1335
462	1298
420	1210
419	1155
406	1209
407	1359
401	1292
363	1375
369	1392
358	1250
393	1215
389	1406
405	1334
370	1258
376	1310
363	1227
439	1331
358	1152
388	1114
386	1146
388	1229
360	1344
373	1181
384	1310
361	1218
403	1242
435	1244
404	1341
384	1222
332	1372
380	1291
385	1399
422	1410
353	1468
340	1277
389	1212
407	1346
409	1196
417	1351
360	1107
385	1110
418	1147
395	1200
353	1326
382	1269
291	1139
338	1035
377	1102
369	1194
361	1244
389	1290
392	1289
368	1287
447	1467
317	1384
429	1273
378	1365
393	1340
396	1381
398	1194
419	1292
424	1316
401	1433
420	1248
398	1411
370	1493
462	1480
434	1298
406	1502
340	1151
410	1374
326	1351
398	1372
386	1407
350	1596
372	1483
364	1366
379	1453
446	1137
451	1148
468	1124
424	1163
426	1063
363	1028
375	902
392	1076
382	1014
386	931
406	1129
430	1397
371	1228
425	1239
409	1274
400	1346
405	1362
395	1368
421	1191
364	1084
414	1118
393	1164
382	1042
366	1148
405	1255
407	1274
401	1133
393	1088
414	1116
410	1161
392	1227
421	1142
438	1212
370	1077
397	1074
363	1153
404	1223
411	1126
387	947
436	1004
427	1121
412	1234
405	1186
371	1183
446	988
384	1028
471	1020
392	1165
413	1317
422	1287
438	1305
431	1214
426	1105
454	1182
486	1297
463	1255
416	1442
435	1084
427	1128
462	1133
459	980
451	1086
487	1259
480	1111
466	1188
472	1233
491	1167
531	1047
499	1038
515	1094
600	1131
560	1179
570	1078
611	1123
676	1091
752	1180
788	1201
742	1228
812	1278
762	1167
619	1187
704	1192
750	1313
745	1187
851	1056
766	1215
657	1171
654	1057
664	1145
665	1181
617	1202
573	1015
617	1075
643	994
684	1006
645	994
565	921
585	952
573	991
647	1172
548	997
567	1327
561	1060
575	1198
528	1338
520	1230
450	1384
459	1499
471	1363
464	1284
472	1368
481	1237
437	1214
451	1384
517	1426
443	1540
450	1488
536	1218
436	1394
503	1296
489	1467
427	1216
469	1175
460	1335
450	1452
462	1702
470	1256
460	1425
444	1362
456	1271
459	1087
415	1174
474	1181
449	1093
409	1148
432	1316
449	1301
438	1512
456	1349
461	1300
427	1260
412	963
435	1380
457	1254
420	1191
455	1260
420	1318
394	1236
412	1148
381	1196
378	1105
384	1114
373	1109
364	1072
383	1196
342	1164
375	1094
365	1122
320	1061
383	992
342	1107
335	1032
353	1109
355	1198
371	1202
437	1108
423	1137
410	1127
390	1006
348	1162
407	1349
424	1192
379	1344
402	1186
431	1288
359	1233
401	1218
396	1421
357	1248
371	1263
386	1214
400	1167
365	1224
343	1306
376	1302
384	1182
426	1221
383	1289
387	1224
372	1257
389	1224
382	1212
371	1151
377	1371
432	1362
425	1216
442	1220
436	1317
452	1308
484	1220
501	1165
490	1334
579	1222
536	1109
517	1081
544	1126
599	1150
573	1203
626	1170
552	1363
644	1316
579	1363
617	1226
586	1130
698	1267
674	1190
670	1215
651	1436
634	1257
648	1243
649	1337
599	1080
667	1266
607	1282
633	1322
583	1110
548	1124
499	1132
522	1207
529	1284
524	1235
443	1345
422	1193
482	1326
516	1367
463	1175
448	1049
430	1170
441	1130
434	975
471	959
532	898
472	967
424	970
489	1097
458	1147
434	1090
376	1040
427	1222
397	1066
424	1048
381	1107
352	1165
336	1213
366	1026
391	1010
334	1012
291	1284
338	1167
344	957
318	1172
328	1321
309	1309
295	1151
349	1271
320	1399
329	1373
343	1277
345	1219
309	1143
300	1279
336	1423
361	1297
308	1166
283	1174
244	1155
373	1074
338	1145
294	1285
335	1527
383	1423
324	1215
339	1247
322	1182
299	1362
282	1125
307	1122
310	1105
364	1048
307	1225
294	1166
317	1238
284	1168
266	931
302	910
293	952
299	1071
311	1031
323	917
317	1049
283	1146
267	1201
340	1190
345	1144
303	1089
304	1074
252	1025
313	1098
340	1169
321	1193
253	1200
341	1418
360	1361
271	1112
276	1264
285	1195
318	1201
311	1266
334	1280
306	1198
310	1097
318	1126
346	1077
314	1045
297	1274
319	1379
357	1269
278	1297
298	1249
336	1414
332	1058
306	1043
328	1186
359	1366
321	1324
298	1520
346	1378
374	1323
331	1414
315	1131
405	1303
317	1294
349	1228
332	1240
341	1138
383	1214
371	1246
421	1145
468	1197
438	1314
388	1317
458	1194
619	1034
609	1323
466	1264
446	1183
433	1303
427	1115
390	1040
452	1100
430	1137
507	1097
613	1006
551	960
589	959
500	981
542	1005
560	1075
493	997
518	1111
539	1088
684	1197
650	1239
491	1244
529	1153
515	1026
534	1251
423	1167
510	1084
533	1116
536	960
482	1131
375	1204
408	1374
413	1280
379	1240
418	995
381	989
380	1181
325	1140
392	1195
352	1098
323	1246
334	954
335	1076
311	1219
352	1234
312	1377
294	1281
349	1467
339	1425
347	1444
301	1344
348	1294
296	1454
280	1265
315	1222
320	1335
252	1264
269	1296
274	1171
279	1247
276	1206
284	1029
319	1226
323	1135
339	1115
345	1077
284	1036
322	1241
358	1211
368	1142
294	1084
315	1094
312	1009
329	1167
318	1378
325	1433
327	1263
355	1102
287	1151
333	1066
340	1166
319	1200
303	1286
355	1341
332	1241
291	1226
327	1421
293	1486
355	1249
334	967
361	1318
321	1221
308	1096
338	1061
303	976
294	1168
306	1233
291	1326
283	1203
269	1184
284	1364
340	1258
318	1225
313	1127
308	1203
301	1183
300	1347
360	1302
285	1339
330	1565
312	1299
332	1234
301	1173
306	1251
323	1229
292	1286
295	1278
275	1159
298	1162
270	1241
264	1272
312	1210
302	1279
251	1286
299	1194
302	1128
316	1201
285	1067
302	1097
287	1097
285	863
282	869
302	1181
299	1063
303	928
312	1078
332	1017
297	1441
285	1358
319	1370
317	1427
315	1369
300	1279
282	1180
337	1095
285	1297
316	1349
294	1326
327	1246
290	1098
300	1194
316	1301
353	1410
333	1353
252	1230
320	1335
309	1057
337	1101
298	1194
302	1193
301	1218
290	1066
334	1087
310	1027
265	1313
354	1519
309	1541
376	1247
381	1266
351	1413
317	1307
330	1162
310	1050
330	1211
312	1123
300	1322
266	1096
325	973
310	930
316	1226
295	1258
312	1183
312	1249
327	1231
345	1283
320	1159
330	1330
362	1188
346	1142
332	1228
347	1151
273	979
354	869
328	990
326	969
325	912
286	861
330	1028
356	1270
332	1330
300	1241
338	1338
350	1053
354	1071
306	1028
348	1138
345	1142
313	1207
302	1135
312	1062
299	1062
289	1122
315	1181
306	1167
321	1213
330	1301
341	1170
370	1079
365	1045
350	1036
328	1128
383	1226
363	1084
355	1017
344	1016
378	1158
364	1177
425	1041
373	1017
386	1292
377	1434
337	1405
331	1248
360	1344
329	1148
267	1118
300	1210
326	1291
291	1258
314	1158
296	1191
288	970
300	990
287	1094
289	1256
337	1467
298	1078
300	1004
288	1004
289	1112
303	1166
307	1014
326	950
293	958
311	1064
286	1072
310	1162
317	1063
285	1008
268	1038
305	1206
293	1063
302	996
313	1131
303	1125
260	1053
339	975
328	1024
306	1076
385	998
322	1208
375	1037
380	1219
327	1031
330	1222
318	1118
338	1161
354	1186
310	1210
366	1055
328	1136
293	1113
318	1297
319	1304
308	1152
295	1136
342	1220
321	1106
320	1096
344	1156
335	1173
339	1117
327	970
333	912
314	1020
348	1006
324	1233
351	1155
310	1186
336	1126
286	1060
325	1038
401	1207
369	1373
348	1210
300	1183
303	1227
346	1288
375	1258
342	1184
342	1190
324	1239
331	1282
294	1055
274	1038
269	1202
274	1070
283	1064
332	1017
279	1011
258	944
311	1216
315	1169
327	1117
289	1141
304	1153
296	1239
328	1187
298	1158
315	1267
313	1306
373	1008
323	1277
253	1306
303	1110
313	1095
349	1135
280	1198
323	1410
307	1440
252	1490
269	1352
323	1403
307	1180
286	1284
303	1251
349	1206
325	1164
306	1077
303	1009
279	1241
292	1319
316	1211
295	1099
282	1307
319	1172
302	1234
327	1084
311	1178
317	1225
285	1242
325	1157
310	1093
321	1062
342	1055
304	948
308	1076
262	1072
325	916
335	1119
363	1116
329	1288
286	1245
308	1408
259	1130
285	1345
261	1649
277	1186
340	1224
293	1112
271	963
265	1086
313	1081
305	1056
325	1165
294	1160
315	1163
357	1184
271	1270
292	1377
273	1048
271	1333
274	1128
268	1065
299	1063
292	1125
309	1080
354	986
390	1096
348	1131
327	1333
338	1362
385	1351
352	1296
346	1284
341	1121
387	1252
406	1164
356	1156
381	1184
392	1123
346	1191
366	1085
396	1421
394	1424
441	1395
350	1082
330	1168
338	1042
340	1122
361	1337
404	1166
427	1164
399	1173
347	1392
402	1375
402	1329
399	1084
342	1057
369	1174
352	1323
384	1071
376	1124
324	1141
341	1024
386	947
351	1171
305	920
319	1097
356	993
323	947
306	895
316	907
288	1028
285	1049
273	989
288	1057
321	950
316	851
313	930
314	1014
375	1125
355	1195
306	1036
249	1072
286	1107
302	1010
281	1117
325	980
294	980
308	907
267	975
271	1119
339	1128
305	1187
305	1152
311	1370
301	1282
323	1163
315	1062
300	1193
281	1101
285	1279
307	1223
306	1112
336	1137
277	1239
290	1146
302	1075
337	1007
303	1025
309	1067
278	1064
287	1003
270	1075
267	1000
275	953
314	1115
311	1297
311	971
345	1282
331	1272
340	1428
324	1427
341	1250
307	1041
309	1062
299	1269
314	1151
340	1069
307	1074
274	1204
312	1299
281	1064
298	970
289	1340
286	1283
285	1126
316	1126
316	1250
330	1079
320	1229
281	1181
304	1042
296	924
329	904
311	965
280	1111
322	879
296	1038
283	890
285	887
268	864
307	880
281	1009
303	1131
320	1064
274	1248
289	1128
293	993
268	1045
294	939
315	1004
306	1064
270	1012
337	1167
285	1261
292	1429
308	1281
284	1213
299	1096
291	1255
320	1182
253	1059
265	1125
327	1290
277	1254
303	1174
322	1249
290	1267
326	1143
317	1186
313	1365
286	1440
262	1359
303	1289
311	1183
313	1172
347	1365
276	1287
341	1155
328	1163
328	1182
301	1215
309	1149
291	1097
288	1065
308	1326
314	1338
253	1284
304	1428
285	1250
262	1247
321	1237
339	1016
317	1075
276	1039
296	1060
285	1084
317	1078
297	1064
337	955
320	1008
305	1110
309	1118
317	1274
292	1329
322	1192
337	1174
329	1067
349	1374
355	1262
311	1114
317	1141
284	1132
261	1303
249	1136
266	1063
322	1185
273	1204
314	1192
328	1244
288	1345
277	1219
272	1021
262	1142
276	1067
321	1072
254	1047
312	1082
269	1112
276	1165
224	1111
296	1240
299	1377
339	1244
293	1239
274	1117
311	1252
315	1296
358	1105
278	969
309	930
274	1194
290	1372
309	1554
305	1187
248	1153
278	1160
277	1235
261	1102
274	1092
276	1118
311	1094
235	1102
328	1261
287	1151
265	1225
279	1128
241	1157
261	1012
298	1026
297	1124
278	1201
269	1190
270	1095
272	1110
286	1230
276	1251
255	1322
285	1320
326	1126
287	1439
264	1303
319	1068
252	1201
294	1304
248	1095
290	939
282	1016
322	1130
262	1285
301	1241
267	1142
292	1023
310	1196
293	1006
273	1196
319	1269
322	1170
306	1203
331	1182
328	1250
307	1190
319	1336
289	1275
286	1307
237	1200
273	1397
271	1236
295	1456
303	1236
289	1220
328	1122
287	1078
259	1402
320	1253
331	1378
320	1208
309	1191
321	1204
301	1064
286	1294
353	1440
345	1312
283	1347
292	1197
271	1122
318	1300
305	1337
277	1303
319	1311
276	1237
336	991
326	1291
331	1361
300	1036
261	855
286	844
255	951
228	951
292	1061
287	1069
335	1027
307	1083
332	1138
265	1194
269	1052
278	936
282	1118
272	1121
287	991
271	1035
292	1179
281	1124
294	991
282	1276
293	1236
315	1204
294	1300
319	1311
290	1140
283	1161
288	1125
317	1072
324	1051
277	1141
269	1044
276	1280
274	1371
294	1162
266	1256
285	1227
287	1145
263	940
289	897
290	1025
261	1120
294	1371
351	1215
298	1222
313	1190
286	1227
302	1158
300	1088
323	1235
288	1151
304	1186
271	1069
257	1071
309	1035
292	928
271	1113
347	1114
309	965
285	1066
286	916
302	1047
339	945
267	846
309	978
297	1100
305	989
270	1134
277	1179
324	1147
286	1073
253	1108
305	993
300	894
304	1072
300	1010
286	1037
338	1244
287	1259
243	1033
265	1238
292	1082
280	989
317	1044
276	1066
288	824
292	1079
305	1072
250	852
305	937
289	901
271	1046
284	1219
270	1042
275	1177
280	1170
316	1231
301	1135
305	1177
243	1273
247	1156
297	1203
258	1140
261	1339
293	1247
286	1326
285	1552
287	1354
258	1314
254	1197
295	1222
281	1312
328	1325
326	1324
308	1341
295	1170
295	1164
319	1230
325	1307
310	1399
300	1288
299	986
306	1180
259	1212
300	1109
287	1435
277	1561
288	1355
316	1243
266	1215
249	1408
260	1237
251	1129
227	1215
248	1264
313	1334
287	1081
286	1157
262	1089
292	930
247	992
299	1141
255	1347
228	1384
267	1156
328	1270
315	1315
277	1205
265	1207
287	1037
273	1060
301	1160
332	1010
292	1030
298	1069
280	1157
338	1239
313	1254
268	1051
294	1197
250	1196
298	1237
248	940
246	1148
274	1254
237	1189
235	999
236	1143
264	1157
255	876
289	969
266	1189
354	972
311	1100
306	1077
316	1121
317	991
330	1068
294	1008
252	1078
303	1127
248	1199
258	1089
312	1197
304	1058
330	995
289	1253
326	1253
285	1161
312	1123
283	1219
285	1111
287	1118
305	1179
242	1390
301	1106
296	1052
268	1290
264	974
292	1116
275	1260
284	1193
320	1300
292	1178
291	994
307	1104
280	1131
287	1143
278	1094
268	1169
302	1170
294	1149
321	1059
345	1041
304	1086
263	1182
298	964
329	1227
347	1194
317	1261
296	1243
355	1262
294	1090
281	1291
307	1150
270	1106
276	1219
264	1228
302	1166
298	1145
226	1255
267	1171
283	1364
287	1347
252	1361
252	1248
273	1166
280	1341
262	1258
267	1361
261	1111
272	1075
232	956
242	1179
292	1220
274	1238
242	1033
313	1133
265	1180
304	1179
298	1167
295	1202
258	1107
257	1173
270	1113
293	1189
296	1084
238	1037
323	1263
285	1092
294	1036
280	1119
294	1076
275	1066
297	1127
273	1031
257	919
293	1042
280	1183
274	1218
246	1166
244	1342
308	1271
258	1255
239	1035
244	1081
239	1207
267	1306
263	1129
289	1031
259	1138
266	1180
273	1089
333	1073
282	992
235	1110
263	1229
243	1167
270	1024
266	1114
293	1129
269	1030
272	1006
241	935
228	1033
234	1096
258	1163
258	1190
241	1006
255	1228
242	973
281	928
284	1131
263	1215
240	944
281	1094
269	977
267	1005
252	1025
268	1068
228	976
308	974
276	996
276	1187
262	1237
257	1125
291	1145
273	1264
290	1115
320	1046
248	984
274	1097
291	1081
267	1013
253	1175
251	1060
243	1158
301	1189
304	1104
244	1164
302	1178
305	982
274	1064
257	983
279	919
250	932
277	1009
336	891
353	1026
337	1115
322	1185
276	1216
253	1121
304	1213
321	1235
304	1183
308	1095
278	1158
251	968
282	1185
299	1269
307	1059
271	1071
291	1166
290	980
267	1206
314	1151
342	1219
325	1430
282	1473
304	1324
313	1236
250	1194
254	1236
350	1406
281	1371
252	1257
253	1184
269	1206
280	1061
258	1240
272	1171
281	1286
281	1205
290	1102
277	1280
316	1124
268	1192
268	1200
271	1025
280	1109
282	1112
257	1275
301	1217
261	1304
276	1104
243	1353
259	1161
281	1137
255	1249
295	1256
296	1224
270	1362
288	1570
312	1313
256	1186
289	1220
274	1069
300	1061
241	1052
236	1220
306	1293
226	1334
272	1415
304	1626
324	1455
263	1369
252	1190
258	1282
293	1280
276	1245
259	1386
293	1427
286	1163
293	1313
295	1257
297	1127
276	1061
303	1147
280	1311
283	1222
246	1268
277	1140
307	1092
294	1094
249	1227
269	1360
277	1245
243	1296
264	1280
259	1145
260	1203
268	1263
282	1146
234	1223
227	1108
257	1025
273	1132
310	1016
257	971
264	1004
258	1066
296	981
241	999
271	967
302	999
297	1412
267	1273
267	1221
285	1289
314	1007
298	1230
271	1042
259	1060
250	1107
261	1001
287	944
306	1126
276	1093
279	1084
321	979
264	1098
303	1155
276	1218
313	1219
310	1336
330	1143
247	1101
294	1246
323	1228
329	1367
282	1139
268	1072
285	1051
303	1169
313	1060
276	1236
299	1355
292	1059
307	1232
297	1454
271	1272
293	1131
278	1179
310	1271
277	1016
302	1118
276	1018
284	1177
298	1063
365	1246
332	1125
311	1114
318	1368
316	1077
308	1261
351	1015
291	970
282	985
288	1179
286	1229
249	1375
322	1289
301	1098
261	1174
289	1235
299	1115
257	1352
292	1446
336	1280
328	1225
310	1236
306	1230
239	1343
313	1077
327	1138
292	1192
255	1080
259	1175
348	1217
249	999
291	1052
290	1093
258	1068
256	962
232	1177
290	1271
235	1262
263	1092
261	1093
261	1210
290	1190
313	1178
259	1137
296	1029
316	1059
303	960
289	949
291	1009
298	1035
280	891
300	1110
300	1024
272	1093
288	947
334	936
304	1183
334	1017
344	1123
271	1049
270	1188
308	911
304	965
250	1085
262	1217
282	1101
257	1243
307	1219
292	1153
290	1202
265	1032
301	983
268	1044
248	908
281	1059
290	1000
347	1178
317	1168
285	1031
300	966
309	958
290	1079
323	1063
289	1121
292	1202
305	1244
327	1100
293	1178
301	1149
338	1251
286	1208
276	1374
293	1316
292	1363
311	1429
294	1641
274	1506
254	1377
286	1260
303	1247
277	1250
271	1301
309	1427
339	1428
321	1294
304	1021
316	1119
283	1287
280	1153
307	1097
270	1042
270	1002
311	972
278	1155
297	1114
306	1226
289	1199
351	1064
258	1025
286	1130
286	998
285	988
329	1274
315	1197
305	1243
357	1103
317	1011
298	1028
280	1012
274	1248
330	1297
271	1276
308	1373
288	1247
314	1131
327	1239
335	1120
368	1090
340	1117
325	1143
355	1196
309	1274
285	1406
329	1494
277	1303
293	1294
310	1460
272	1234
292	1375
288	1421
