253	658
294	599
276	619
265	845
295	687
306	602
293	711
299	662
295	701
269	584
298	643
289	657
260	705
267	595
316	665
293	613
299	641
286	574
291	680
318	663
306	632
312	546
280	551
237	625
292	518
244	504
292	562
329	511
336	555
272	625
284	782
337	629
298	653
285	641
324	681
291	623
344	633
358	645
321	710
330	685
329	766
311	788
287	703
327	781
317	755
322	779
310	785
279	837
276	743
284	744
289	717
290	690
311	722
372	686
347	740
349	752
342	704
340	833
377	681
323	636
334	664
324	752
353	676
381	700
333	517
304	672
298	638
360	720
313	768
330	748
298	646
315	620
300	672
303	688
272	708
270	716
297	765
338	642
299	773
300	728
344	798
330	686
373	755
333	695
300	600
307	717
352	652
304	815
328	587
352	534
291	620
313	653
281	643
336	590
349	556
321	568
324	571
317	588
314	756
304	694
266	638
319	598
298	616
296	725
326	689
303	609
334	675
288	742
339	667
364	805
326	690
326	853
300	714
330	771
262	850
336	767
324	905
377	840
340	661
378	597
310	595
362	589
339	570
324	670
314	658
322	685
346	666
300	894
313	795
329	749
292	716
281	689
321	642
315	592
308	493
305	576
332	453
320	623
346	536
349	636
324	553
343	647
352	837
319	753
295	734
327	698
374	602
341	655
339	755
277	645
296	668
301	720
266	796
319	707
321	700
316	794
321	856
293	780
304	683
326	597
332	599
288	629
338	672
333	745
343	630
319	675
355	715
318	690
312	586
318	677
321	729
366	739
283	622
324	651
347	735
348	765
335	686
313	678
341	789
353	880
295	880
338	898
349	797
356	857
367	669
322	694
327	641
297	734
352	892
335	755
321	817
286	842
328	690
334	695
296	636
330	700
320	757
405	687
378	896
363	728
344	812
349	784
308	667
301	552
340	567
326	519
331	543
403	524
256	476
350	545
339	508
351	641
332	700
354	695
356	656
351	583
336	578
316	612
340	564
294	650
275	683
353	586
295	648
374	647
315	576
344	711
362	863
365	605
356	616
335	656
421	652
381	519
351	690
388	739
388	648
389	621
274	736
355	709
374	712
372	648
394	670
349	728
325	852
368	630
324	739
363	695
340	693
355	759
287	649
358	621
302	622
323	723
341	712
324	713
274	667
350	779
322	674
353	734
305	817
350	864
378	810
311	765
328	715
324	740
324	736
322	613
320	711
321	660
339	771
345	723
321	499
373	666
334	706
321	711
317	687
350	728
341	631
358	754
391	768
378	857
362	914
348	757
432	793
404	754
414	687
384	787
373	727
372	772
410	696
454	757
484	739
462	1013
454	883
437	775
411	646
398	658
438	656
435	658
511	730
413	772
406	747
433	770
481	681
514	808
491	789
430	665
480	696
451	746
438	658
451	751
459	815
427	812
408	720
371	727
374	730
373	712
369	787
387	765
312	722
325	728
400	975
382	928
360	937
322	915
387	818
345	784
356	823
323	694
376	688
367	557
342	695
315	760
355	772
414	758
361	771
381	797
336	785
306	841
345	867
345	712
320	806
302	806
314	855
326	815
282	947
327	865
350	707
313	760
332	855
344	709
371	834
349	707
402	820
345	856
312	721
333	809
294	624
314	786
317	750
370	821
344	945
414	885
331	740
347	733
379	752
333	667
350	824
347	835
365	899
354	915
399	966
379	727
359	637
370	690
351	754
402	795
337	820
316	707
351	743
321	584
321	739
357	789
370	1032
379	822
313	812
356	738
375	800
378	772
389	659
321	695
330	757
334	750
338	662
324	631
347	763
347	705
310	703
352	620
336	716
341	616
349	704
325	669
301	831
297	721
340	738
350	628
394	657
355	777
410	636
425	592
413	640
358	562
356	603
325	641
380	637
363	649
323	722
329	588
338	687
344	639
345	699
377	640
308	636
340	742
383	658
334	692
376	655
311	736
326	747
374	730
321	730
334	777
320	767
353	830
365	729
352	803
366	765
359	653
343	592
377	553
322	650
326	759
349	752
375	618
338	699
325	754
339	686
363	746
316	747
399	724
362	656
346	626
340	632
360	533
373	647
400	709
353	691
420	677
442	596
492	597
398	676
379	773
385	846
387	762
405	685
440	694
484	839
372	712
365	870
417	789
436	852
457	766
426	708
428	770
407	669
514	764
501	769
404	738
460	696
580	820
760	849
836	698
889	805
880	678
938	601
1151	728
1268	599
1255	655
1193	651
1309	756
1267	778
1316	607
1257	675
1263	622
1242	601
1274	713
1275	818
1199	948
1175	793
1198	829
1142	724
968	657
926	658
864	873
789	847
726	886
696	797
784	782
767	651
695	778
543	718
525	715
449	629
453	666
425	768
446	577
412	646
431	707
503	630
463	838
427	742
471	779
453	747
506	813
489	715
443	776
493	648
512	730
513	759
512	690
512	645
500	718
457	580
538	536
530	609
586	697
631	767
841	713
1132	591
1252	643
1211	757
1330	685
1489	735
1708	613
1872	546
1903	589
2021	683
2252	575
2586	666
2732	788
2637	759
2558	713
2881	712
3162	697
3155	758
3218	639
3120	613
2994	756
2817	805
2630	841
2544	663
2467	638
2199	708
2055	851
1892	826
1655	574
2037	756
2099	649
1874	764
1685	663
1879	741
1982	624
2242	646
2281	564
1841	676
1771	600
1617	627
1677	588
1627	740
1391	859
1333	863
1306	787
1330	651
1136	855
978	836
817	1047
755	819
813	681
793	656
649	709
538	764
508	748
517	701
584	729
524	715
455	733
507	789
528	819
476	814
484	682
478	640
418	709
473	778
523	748
492	774
503	524
418	612
456	604
395	623
392	665
393	666
436	702
444	774
466	741
414	663
355	770
418	856
400	788
409	682
469	623
372	641
417	714
474	557
443	761
432	610
442	780
440	675
457	761
496	705
439	811
423	616
449	702
422	759
450	761
422	581
422	634
422	722
442	681
444	611
423	726
437	772
438	749
470	728
432	735
484	640
556	680
538	589
595	767
658	698
536	555
544	741
546	763
643	732
640	680
656	716
618	723
648	636
600	784
725	854
736	726
686	788
748	709
797	673
868	820
798	874
785	788
773	936
812	837
842	920
819	926
782	772
827	779
866	855
832	766
783	745
814	852
751	710
743	759
769	899
726	778
663	1008
663	841
645	785
699	832
676	794
648	739
630	761
692	813
676	938
593	839
540	803
549	796
592	757
546	770
506	689
466	753
520	722
533	749
517	902
478	954
441	915
462	699
444	808
494	628
443	780
472	766
408	838
500	785
471	879
475	977
414	996
425	864
410	845
472	675
454	654
454	734
437	646
462	652
478	705
408	797
369	636
374	674
371	748
411	688
362	774
410	668
409	628
368	695
411	689
366	751
405	921
395	911
350	1070
348	834
429	775
414	955
417	868
412	780
426	799
407	820
418	881
359	788
441	739
404	891
483	739
429	604
461	633
372	725
428	694
418	797
393	904
431	686
366	647
401	667
386	737
432	776
433	746
406	836
390	936
396	812
410	801
390	889
381	964
407	1001
396	861
364	701
362	812
370	928
367	710
347	727
348	703
395	816
425	750
449	732
419	654
392	755
430	891
404	799
451	784
434	800
410	767
405	692
436	734
392	659
443	726
400	839
391	840
434	638
382	654
378	699
431	716
422	818
411	628
388	652
421	747
396	612
394	804
351	824
372	838
330	683
367	555
376	718
417	692
393	817
395	729
400	626
375	654
372	692
330	819
364	857
322	873
380	766
357	820
421	745
412	813
386	958
367	781
365	701
392	703
358	512
354	557
380	816
362	989
394	784
390	686
413	741
452	826
332	841
341	754
367	904
408	737
390	672
374	651
403	759
385	790
389	682
414	867
321	790
366	860
374	781
381	793
409	835
418	635
428	707
370	644
369	679
363	751
373	704
399	548
414	690
391	722
387	731
343	873
375	829
333	768
392	773
330	891
388	805
358	743
385	696
364	706
321	644
349	708
414	678
371	702
363	825
352	774
339	650
337	621
384	715
409	713
391	771
384	730
404	653
340	554
363	608
374	744
367	805
414	730
399	750
355	705
362	587
361	757
378	792
353	841
385	760
364	815
351	692
345	725
351	633
314	649
364	725
339	668
340	698
349	848
371	769
416	641
385	749
379	732
352	814
402	789
388	779
331	685
363	753
355	736
405	863
333	886
348	885
322	871
369	868
376	770
369	943
383	826
337	820
318	898
423	826
360	854
314	860
346	767
347	742
316	740
354	794
375	797
329	824
359	793
370	887
340	929
390	841
386	868
351	908
392	819
429	838
390	994
386	910
334	876
354	748
361	705
379	910
373	1015
345	931
313	1043
381	932
333	791
369	775
315	903
321	968
387	1102
374	816
354	796
399	747
316	873
339	803
400	835
385	833
370	813
336	827
338	812
361	759
378	697
358	808
324	795
379	826
337	817
351	866
400	874
376	1045
347	830
392	1047
378	937
348	936
298	676
352	754
309	862
333	884
346	815
363	833
364	874
341	952
345	929
339	808
356	1028
338	846
342	792
335	793
373	796
389	811
316	837
344	856
320	728
343	714
358	851
335	879
289	796
331	780
344	796
334	725
337	804
311	676
350	642
293	665
365	754
302	907
334	861
348	741
346	816
343	854
324	711
361	695
348	630
329	728
302	818
326	658
331	751
304	677
368	780
351	945
323	889
301	812
296	839
319	671
327	765
360	889
355	907
337	643
362	771
304	635
329	677
379	796
362	921
334	767
334	835
316	810
334	804
364	760
354	816
351	918
336	944
371	787
365	946
382	884
341	733
373	798
345	861
335	895
362	686
382	797
376	987
348	800
410	804
328	771
360	863
358	868
346	799
395	771
366	1014
319	919
373	876
372	1031
381	852
365	764
355	868
395	1005
380	1157
359	1001
353	957
369	796
352	885
392	959
382	908
338	843
321	1001
331	869
345	853
339	827
343	952
357	1020
399	956
379	815
338	811
346	968
378	897
367	949
359	994
379	970
387	977
350	880
373	738
382	818
355	908
345	903
340	859
319	860
310	715
332	774
356	891
365	1003
401	882
343	699
377	789
397	771
384	569
356	743
323	661
310	696
322	693
316	842
358	801
356	798
334	781
364	868
381	897
355	786
326	766
370	805
341	784
362	960
366	959
417	889
389	950
328	723
336	690
383	682
345	777
345	890
337	918
374	799
373	799
323	910
327	780
376	843
362	750
406	769
361	739
342	715
278	790
358	990
305	1150
356	958
348	884
333	1039
353	1196
287	901
321	986
359	787
401	712
391	836
353	977
340	937
370	850
350	780
365	890
349	1147
407	798
380	856
364	895
383	877
395	725
388	784
423	898
393	883
375	964
366	1003
355	830
378	954
355	776
317	697
373	772
375	851
396	948
434	957
408	904
384	859
369	790
335	834
360	902
421	755
407	638
382	630
382	542
379	509
430	613
439	699
447	723
421	722
441	725
594	533
704	516
599	602
552	718
597	687
584	857
621	1010
643	834
707	970
622	805
689	608
696	824
658	1013
657	822
683	748
701	792
798	834
858	753
917	877
911	732
981	841
1093	915
1113	725
1003	718
1038	832
1054	847
1178	762
1300	767
1351	856
1419	801
1639	757
1859	657
2431	960
2588	852
2237	829
2075	854
2311	782
3004	905
3449	938
3449	860
3568	753
4144	906
4745	816
5469	964
5043	863
4813	835
4949	879
5887	1131
6232	1051
6021	1162
6085	1245
5874	1139
6178	1221
6590	1260
6765	1096
6674	1173
6787	1139
7094	1138
7373	1139
7261	1250
7503	1280
7628	1241
7297	1151
7099	1065
6935	1193
6829	1080
6819	1009
6238	1043
6254	953
5583	953
5463	1080
5806	962
5823	1093
5337	905
5114	1157
4558	948
4657	950
4508	976
4536	948
4263	1105
4173	896
4314	946
4144	912
3589	1016
3609	978
3552	978
3401	1098
3446	1089
3408	909
3512	983
3646	1120
3732	960
3347	908
3145	945
3496	920
3414	874
3251	967
3118	888
3243	947
3219	1062
3266	1112
2916	1100
2787	1029
2870	1182
2725	1184
2407	1183
2236	973
2207	1033
2023	1125
1551	999
1142	1021
1061	1010
1019	992
975	754
1067	821
837	825
833	729
789	813
751	854
708	766
588	760
520	866
574	949
589	877
595	1026
485	1009
489	833
456	789
509	889
545	865
540	807
565	817
522	920
549	968
498	975
452	833
481	845
490	892
528	992
445	852
481	872
470	914
468	1021
460	920
477	996
393	872
427	841
447	876
417	846
385	1012
391	847
362	948
358	896
338	767
323	965
315	963
384	1001
414	805
369	875
378	971
456	852
370	704
368	838
358	960
373	903
308	820
353	711
362	753
361	771
343	730
346	808
339	888
313	694
341	792
379	826
327	828
372	657
340	768
368	814
386	811
362	780
382	914
373	844
342	761
360	666
333	705
327	874
342	734
362	954
375	962
377	901
424	812
420	789
408	859
417	1192
367	949
355	863
366	970
399	841
397	876
396	938
405	941
359	699
392	804
357	720
401	828
400	856
368	805
378	756
396	628
388	802
463	1037
406	1005
370	772
364	768
339	744
368	741
407	743
360	875
360	892
356	648
358	773
328	814
369	892
377	808
359	874
366	779
329	721
371	761
388	855
346	922
359	934
375	973
358	961
408	1173
377	999
376	770
362	824
362	695
309	892
333	902
368	991
379	1007
371	869
293	844
305	815
319	862
404	840
366	915
428	799
373	740
384	740
392	738
350	800
364	983
362	810
403	780
333	756
386	801
374	900
358	920
355	949
394	802
381	881
378	715
331	854
351	773
371	840
341	864
381	1019
319	916
429	671
392	741
393	811
369	743
384	849
378	911
375	831
374	880
377	997
318	1051
403	1028
381	1034
397	847
422	836
434	837
363	770
334	692
332	831
372	897
384	887
369	830
383	834
376	857
341	730
380	920
390	1029
356	1011
357	951
346	759
350	781
345	721
348	818
374	796
375	769
373	943
376	672
397	820
366	688
395	842
418	922
383	771
386	862
344	910
372	888
456	857
376	861
404	947
379	912
413	716
425	725
414	633
434	671
381	751
396	758
404	852
415	763
369	731
393	842
394	806
465	657
423	766
401	875
363	797
430	904
417	851
458	903
408	698
403	557
460	722
428	1047
459	937
440	846
426	900
479	917
475	826
398	710
384	866
407	918
419	805
393	741
426	679
416	628
395	660
376	774
445	671
379	595
386	677
371	804
410	897
408	816
354	796
369	817
444	728
403	756
417	926
382	885
385	700
402	901
377	955
386	1159
390	933
370	879
384	817
369	892
351	673
313	740
348	761
365	670
430	758
420	843
378	725
403	906
320	973
402	854
391	866
395	667
421	649
423	740
371	908
410	811
335	735
325	996
328	815
357	924
330	959
394	857
318	679
369	751
382	886
393	1038
326	794
369	900
383	940
346	1020
354	833
331	867
330	930
367	1027
353	934
405	928
392	1142
349	1092
327	1034
406	1063
382	901
380	1008
378	763
397	879
416	1018
407	967
374	823
426	890
398	877
359	1090
420	909
397	917
406	874
447	797
405	934
379	837
361	846
370	656
319	824
357	882
341	894
337	801
359	860
369	755
350	866
338	848
362	847
357	863
301	825
357	886
327	957
348	965
305	853
335	732
396	727
359	890
353	852
321	854
347	956
341	802
346	813
341	886
369	950
340	938
348	1060
422	1022
347	1076
373	1055
372	946
283	831
344	754
331	882
324	686
325	659
361	823
377	819
390	789
401	717
404	756
352	835
388	841
441	886
395	970
379	1002
378	1006
364	960
341	983
352	897
386	760
434	957
362	961
369	814
396	766
397	759
304	881
324	910
313	770
330	946
345	939
374	998
358	918
396	1110
420	951
401	798
345	933
360	930
350	941
370	903
356	876
375	937
361	745
421	811
357	764
423	919
464	1074
429	1000
465	1010
460	898
545	1007
497	937
561	1060
557	971
557	983
613	995
580	1059
466	899
441	807
545	802
557	865
639	961
535	843
626	1087
781	1033
959	861
1231	823
1331	807
1293	725
1434	703
2013	833
2261	784
2147	907
1910	917
2008	1019
2080	948
2489	799
2793	951
2634	747
2474	935
3111	1017
3963	867
4550	932
4122	810
3795	787
3853	813
4825	655
5707	706
5038	736
4612	790
4491	723
4513	725
4530	851
4447	810
4485	839
4933	1019
5742	877
6439	850
7098	940
7316	1067
7971	799
8097	692
8920	821
9330	704
9416	707
9384	751
9180	789
9017	894
8565	666
8220	651
7638	689
7425	724
7382	802
7305	863
6939	971
6885	922
6962	1066
7257	1013
7137	1049
6945	763
6959	951
7516	1083
7459	1036
7133	937
6868	986
7302	943
7008	854
6476	870
5267	857
4690	834
4908	1006
5040	933
4723	1043
4134	808
3611	747
3555	722
3818	772
3547	982
2939	768
2453	810
2290	900
2574	789
2578	738
2274	928
1926	934
1775	984
1916	750
1719	716
1620	693
1414	726
1358	858
1297	647
1386	604
1127	680
1123	695
1034	746
1146	652
1131	553
1132	677
1140	583
1016	663
972	786
929	854
1024	764
889	792
735	682
758	829
836	683
772	692
743	795
739	806
768	770
808	939
838	861
960	743
1205	812
1562	753
1364	775
1177	872
1078	913
1453	760
1611	874
1412	786
1287	909
1314	919
1346	964
1586	898
1824	768
1814	940
1766	1051
1737	1095
1763	1075
1468	944
1311	948
1238	980
1331	899
1356	960
1358	988
1440	944
1287	827
1482	951
1494	959
1189	774
1221	840
1107	1039
981	1047
791	1086
787	1028
731	1093
753	1011
737	983
596	1034
536	1069
500	918
475	844
506	636
446	856
390	916
384	818
417	706
437	788
446	769
353	809
414	825
385	816
409	834
410	983
380	1113
366	870
326	666
388	798
317	1047
307	895
336	1044
329	844
330	911
390	1108
404	996
335	947
369	727
412	814
372	842
376	732
393	725
387	808
415	897
384	979
407	822
411	979
378	1009
394	843
445	910
403	877
451	719
418	746
420	869
449	798
429	787
435	906
486	872
439	866
469	838
405	833
465	768
517	939
475	906
476	782
423	869
468	928
528	903
487	836
495	775
414	982
429	988
424	811
455	959
455	794
440	769
493	852
474	902
525	926
477	955
480	936
453	686
453	807
462	967
499	1042
550	1053
539	1155
462	974
543	1069
532	1072
531	1165
453	1009
468	983
452	916
427	994
472	1096
483	887
489	951
506	967
502	928
552	1027
496	852
482	905
520	927
595	869
568	704
570	806
551	879
546	932
532	1022
507	858
484	976
494	918
510	832
537	760
519	940
519	888
613	901
561	1050
616	971
600	884
623	941
593	976
648	946
638	1122
607	924
686	984
669	769
585	811
629	740
601	677
567	806
624	822
528	842
532	904
454	810
544	702
563	882
521	868
565	752
601	715
554	656
657	692
665	793
685	899
804	873
712	852
693	896
734	782
629	794
631	964
583	987
589	899
525	834
443	678
471	713
504	694
527	772
443	732
461	746
475	780
470	859
524	778
464	817
514	936
559	776
572	880
519	860
565	906
526	999
580	1030
520	926
466	754
570	889
431	792
471	754
475	860
465	810
496	887
520	941
491	947
524	992
529	991
506	895
470	1048
514	1025
493	954
507	1136
465	1053
480	1090
442	797
443	682
458	1041
476	967
507	900
477	794
453	835
443	924
478	715
514	723
476	882
443	908
439	969
455	995
424	889
357	760
424	758
461	911
442	884
409	830
481	716
475	872
461	941
423	989
394	1001
443	851
432	861
414	896
488	754
458	877
449	854
381	663
400	743
460	646
396	762
455	687
442	769
505	957
434	1020
426	1105
458	911
408	635
445	843
443	917
386	883
373	784
396	916
391	902
358	830
407	1046
398	1147
402	888
357	751
391	817
322	944
379	786
392	873
422	1069
418	1204
371	1109
397	996
401	849
423	884
439	816
410	836
381	628
388	800
380	782
340	753
369	817
344	760
373	876
321	945
392	791
367	710
368	684
407	674
375	719
413	759
375	645
437	794
414	1018
369	946
440	940
389	814
393	1029
343	979
376	735
334	789
370	695
451	601
415	712
394	1037
341	878
372	897
403	862
407	688
350	699
406	807
412	774
425	764
434	652
433	636
421	850
446	835
389	869
489	730
474	870
442	833
423	773
369	922
378	980
456	825
447	875
462	862
418	920
424	985
513	762
470	790
470	786
554	859
523	916
544	1009
508	872
548	935
553	929
623	894
612	1068
625	840
578	1071
575	924
591	930
598	834
593	844
526	990
602	958
597	888
590	806
489	876
488	1106
475	1105
551	1017
535	1143
507	1080
496	1146
545	978
567	868
491	876
539	979
491	857
498	1221
617	1039
671	1042
680	1009
480	1088
448	895
435	927
520	887
427	846
391	790
400	926
416	731
475	866
406	951
444	879
439	847
403	854
383	848
408	1206
428	1045
454	835
433	1090
473	947
487	961
469	1263
446	1110
485	884
506	815
450	729
400	769
473	887
447	1126
489	922
487	887
453	975
467	1040
428	950
357	1017
407	1153
504	1097
513	1007
450	1283
469	818
468	744
506	792
439	855
441	925
436	948
473	1060
485	987
462	1109
391	1241
405	1180
453	825
412	788
422	1042
461	1140
423	1028
422	1170
403	1384
388	1317
439	1077
413	1029
422	865
429	744
463	727
485	746
477	860
463	971
484	1004
444	895
465	668
446	919
398	1079
440	1154
463	1238
418	1348
436	1222
432	1139
467	964
390	1022
452	1215
392	1286
440	1252
431	1187
417	1154
472	1237
421	1230
391	1220
450	977
375	893
434	1033
440	1113
403	1074
440	1095
391	997
388	951
365	997
402	1110
431	1080
411	1221
425	1005
479	951
495	973
470	1047
478	1216
475	1135
415	997
431	997
447	977
453	1023
415	816
442	999
427	980
350	1014
401	1052
397	1012
394	866
397	903
390	834
383	901
429	933
364	829
413	928
386	956
391	842
430	1024
461	1019
458	934
543	1001
727	1045
740	1105
716	1000
735	1014
816	974
891	1009
837	1158
884	1154
814	965
865	886
790	788
727	800
843	796
734	977
703	1192
573	1264
449	967
425	897
408	1009
446	984
378	945
432	1137
460	1053
484	1137
594	1263
515	1153
476	743
428	679
461	896
460	926
445	934
385	918
379	895
418	779
417	755
367	734
411	937
396	909
364	873
411	785
349	753
393	810
357	630
394	764
397	725
392	845
406	815
391	779
374	816
375	754
359	777
377	860
356	948
409	1089
370	985
415	1019
410	807
373	827
462	900
452	1102
447	1061
419	1063
418	918
392	897
418	1052
351	1007
375	1106
346	1079
413	1064
414	994
383	1059
379	1125
364	1025
392	1049
388	1161
396	1251
378	945
380	870
357	905
340	847
419	929
407	967
346	1053
348	1048
344	1014
397	1008
375	979
351	1060
333	1056
332	903
329	948
356	991
343	1027
404	841
337	1089
379	985
420	932
362	1020
338	1026
377	1035
368	1145
352	1113
362	1108
334	1052
361	1152
330	908
361	908
369	828
413	841
378	823
354	803
360	930
368	858
355	860
385	878
361	888
359	853
313	756
386	806
338	746
398	1045
343	1070
356	1031
369	1044
390	944
421	948
325	1024
395	959
330	1083
353	858
406	1113
378	1003
389	929
408	981
376	868
361	1211
374	1008
383	991
383	925
349	861
341	845
322	797
327	893
327	910
320	994
364	920
365	1170
364	824
398	815
350	984
368	852
350	887
324	841
305	920
339	990
371	949
388	709
350	855
325	852
369	872
338	730
365	675
365	735
367	673
338	723
385	779
367	866
395	858
390	810
369	753
403	864
326	771
343	887
319	750
264	844
327	851
399	852
346	914
350	745
325	860
353	921
382	782
341	765
420	668
350	843
356	816
309	955
343	840
381	970
355	896
324	980
379	752
387	987
393	1106
428	1007
434	765
363	689
384	740
333	771
341	846
331	830
383	855
377	922
348	921
358	843
385	1048
360	994
365	814
326	720
348	818
401	940
358	1049
391	1070
379	830
360	968
355	1076
333	916
394	874
375	840
337	841
389	799
378	812
356	845
362	940
346	1039
350	1020
357	843
357	749
356	814
402	946
396	892
371	802
394	852
390	788
333	1041
337	1072
389	1134
419	1203
391	1028
385	1041
364	1096
330	956
365	1085
323	1045
352	1024
287	1120
325	907
368	985
347	1101
386	1067
354	1174
306	1041
359	952
355	954
380	894
319	990
362	973
366	931
414	1165
404	1037
358	1221
392	1007
375	888
356	968
421	923
385	1025
454	964
385	966
410	967
340	944
375	1048
359	1013
355	986
389	829
358	751
406	794
367	795
385	894
452	1037
369	1068
359	849
391	800
367	990
400	893
426	945
409	1073
332	930
394	818
398	845
326	912
372	844
398	790
419	922
400	907
406	897
425	1096
392	1054
379	996
408	913
424	1041
421	920
373	881
370	1038
393	1151
375	1078
389	1047
334	1243
348	1023
353	1004
400	1078
380	985
378	867
391	819
402	771
347	926
367	1081
381	956
386	915
368	1029
369	855
347	916
375	1047
408	1089
399	1049
376	876
368	896
375	1126
420	1161
391	979
399	815
432	1068
397	1186
363	1066
409	1021
417	844
396	851
419	1098
364	906
384	856
329	974
345	820
358	1071
329	1116
353	1050
350	846
397	985
392	1058
357	1126
376	1069
422	997
420	1043
399	1092
360	1128
361	1228
342	1145
362	943
382	805
349	973
416	992
407	1206
318	1016
384	868
395	1012
432	993
365	981
396	859
459	882
475	895
397	837
423	869
414	1123
438	1132
410	871
371	953
403	850
450	960
538	864
496	987
446	999
383	910
402	910
383	1109
415	1098
445	1109
464	937
530	1155
483	846
420	950
390	951
403	714
385	805
378	799
381	789
436	786
424	692
406	874
372	914
427	787
375	849
475	784
394	937
378	891
370	984
387	984
385	902
345	984
369	927
375	1025
340	1052
350	966
368	968
419	1001
433	976
396	1131
374	949
414	1019
396	1197
335	1167
388	944
386	820
385	719
374	808
422	1082
350	1103
378	974
394	869
395	911
427	900
367	952
368	938
369	1222
364	896
357	993
387	1052
397	975
344	847
399	1003
386	891
438	897
396	1044
332	1010
348	963
356	971
419	1053
441	1070
418	794
409	837
355	741
362	983
375	867
361	762
362	848
390	896
371	932
387	919
305	892
310	941
365	842
410	876
370	873
424	1117
417	912
349	995
381	875
400	961
368	928
359	900
391	910
430	984
364	1006
385	992
442	1058
377	963
338	947
389	734
348	774
351	817
396	974
367	881
307	885
344	826
367	807
374	958
374	1010
369	766
358	862
376	887
397	973
410	944
380	989
372	1006
345	898
379	939
416	881
384	949
337	943
410	850
422	816
407	794
353	995
386	948
360	971
350	932
412	925
366	1020
365	963
361	832
365	1062
387	1148
375	973
338	859
343	804
382	941
332	970
347	1083
345	1077
340	983
400	896
361	830
399	879
402	971
413	1089
371	1011
392	1046
417	1085
433	974
382	912
412	950
405	1034
329	984
363	1122
398	1104
375	1031
362	1066
401	1079
378	991
355	1042
377	1128
340	928
371	952
280	1073
368	1195
421	997
357	1056
408	852
325	902
360	853
378	952
372	865
370	928
394	886
390	1104
337	1053
333	1091
376	1114
315	886
349	901
340	963
322	1066
382	1079
366	1128
318	1295
347	1435
359	1175
348	982
348	941
392	883
373	902
329	1080
373	990
435	917
381	792
411	836
370	848
385	1040
332	1077
338	948
381	944
324	1160
347	1174
360	1000
347	1244
363	1036
347	1137
355	1225
363	988
332	864
355	992
349	1008
381	1150
365	1123
377	1271
406	1046
398	1042
358	918
380	837
421	757
380	753
463	913
403	963
349	843
358	817
352	824
360	1007
392	996
420	1074
382	977
382	896
409	907
375	967
427	1019
400	827
453	844
474	1053
470	896
477	1036
486	908
446	736
456	792
413	854
441	942
425	862
454	975
469	968
464	1048
393	903
409	933
397	1030
384	1043
430	803
432	959
395	1163
424	838
395	867
375	794
412	1050
373	997
395	963
412	910
381	832
413	923
416	986
387	779
407	1020
395	950
391	840
411	920
484	890
447	1233
378	1012
456	951
449	1148
468	1129
414	968
441	912
413	1040
459	1093
433	956
415	962
444	1026
398	996
453	940
408	1135
443	1081
390	1197
369	1220
435	1313
392	1131
443	962
424	1064
491	1133
427	1013
395	1009
397	1066
348	1148
378	1317
355	1135
367	1109
388	940
410	1089
417	1048
373	994
377	1123
394	1179
411	1024
395	964
412	1083
384	1149
362	1014
382	856
351	771
307	863
342	986
433	1028
424	915
450	927
383	1145
396	1112
426	1017
415	1114
346	895
397	969
373	953
375	1050
374	1112
401	1036
385	1048
394	963
413	981
370	968
381	964
392	917
377	1015
352	1113
382	1137
454	1329
376	1113
402	1017
384	1029
388	1069
370	1103
412	1101
366	968
434	1253
356	925
417	1055
372	925
407	915
384	918
350	938
445	845
343	892
412	981
436	1262
439	1062
459	947
382	980
430	892
340	810
377	1006
382	960
397	893
393	834
401	881
374	902
435	877
406	916
415	1141
455	933
449	890
402	916
376	754
390	790
449	936
391	874
400	862
403	946
405	1064
413	1033
451	855
446	1014
487	981
480	951
449	919
428	967
421	906
399	831
401	957
408	1056
468	1054
444	864
454	974
528	1086
546	895
529	888
591	1105
580	899
575	985
583	1194
565	1219
601	1185
623	1169
565	1082
619	1102
604	957
565	1009
558	1234
570	1022
591	1199
576	1032
666	1167
632	1077
617	1182
644	1103
649	1096
661	1034
637	1086
623	1072
617	1065
610	988
605	1074
594	794
691	854
714	998
634	932
652	987
630	971
694	1080
669	1052
645	1023
553	927
545	1175
543	1257
617	994
564	1318
513	1119
504	1233
555	1003
546	1037
511	989
513	1076
553	995
497	842
497	924
479	841
412	861
440	1000
448	983
431	777
449	1047
413	958
439	1088
443	954
413	823
439	846
453	1155
398	1164
406	1057
421	1165
405	1122
518	1058
464	1024
454	953
476	924
468	929
458	982
438	908
436	803
476	946
430	1048
446	1107
431	1054
411	1063
424	1003
440	1174
482	1272
419	1291
426	1038
405	962
481	933
448	974
486	1106
417	935
450	1052
404	949
424	1054
409	1102
412	1010
438	1029
352	1022
372	1053
448	1132
382	1118
357	936
397	962
403	968
366	832
441	853
434	879
392	898
392	972
359	985
386	984
426	932
378	1105
389	979
412	1118
374	964
390	1017
371	1275
311	1208
407	1315
387	1261
423	1158
372	1333
349	1201
379	957
361	1070
332	1078
302	998
348	914
379	998
352	934
350	974
357	813
384	872
364	896
348	966
434	962
407	1127
376	1033
399	991
376	1010
387	880
391	953
376	987
396	981
378	1037
387	1176
335	1085
388	1179
382	1022
404	983
422	994
398	1100
416	960
357	919
374	913
363	1013
400	1055
417	1120
418	1134
409	1032
371	1141
378	1337
319	1170
406	1234
401	1148
374	1051
371	960
362	1056
344	1218
370	918
380	916
349	1003
398	1015
351	970
374	881
402	959
419	1146
357	1021
365	959
320	1146
339	1052
372	895
350	1116
309	940
328	911
357	964
377	1074
398	1090
387	1058
422	1150
378	973
384	965
341	1052
338	1173
363	1137
373	988
391	906
341	926
405	1041
378	1030
334	876
349	928
306	1197
326	1100
380	1100
354	1065
395	960
356	965
379	976
350	922
365	834
345	827
354	833
324	792
346	973
298	994
332	1058
418	949
346	945
405	1023
388	918
390	905
392	920
357	932
339	1107
380	1052
335	1122
348	1343
364	1105
363	1056
388	1122
353	1123
410	840
404	1142
400	1249
336	991
391	982
381	913
377	862
387	792
383	811
381	796
401	871
395	949
367	881
367	989
358	971
312	987
383	1024
377	998
392	914
370	828
413	892
377	875
360	905
372	857
387	955
392	850
419	906
351	1021
375	1248
394	1051
358	908
338	852
360	799
362	821
388	930
385	954
414	956
433	843
321	951
387	995
413	1008
381	1002
379	950
379	845
393	942
330	901
389	992
385	992
384	854
373	929
382	933
335	798
382	711
352	831
311	812
317	895
360	1107
324	989
354	876
365	874
342	771
363	828
364	783
352	874
306	965
332	848
357	845
298	939
395	894
355	787
412	993
375	896
355	889
404	983
335	810
363	916
356	830
371	888
385	761
372	843
442	714
421	885
432	1039
446	948
381	993
345	883
403	954
369	1026
461	1027
382	1005
389	1043
390	1246
347	1037
359	1009
364	995
395	816
383	1009
430	1179
358	1244
367	1255
414	1154
423	1128
358	1125
394	1124
380	1122
365	1137
383	1188
458	1092
386	907
385	1070
411	1027
353	958
383	1008
353	954
400	1034
401	996
431	1029
386	1104
452	1160
401	1106
449	1134
399	1085
478	1037
417	1119
419	996
420	1060
354	941
374	785
454	828
418	919
389	1059
392	988
398	913
423	1052
395	1028
448	1041
399	972
369	855
371	997
377	957
429	1024
349	1011
324	877
361	1036
381	970
459	1173
454	953
421	841
401	950
412	990
373	818
403	862
438	1108
365	1047
395	1246
413	951
390	1102
396	1067
354	1272
367	893
391	902
401	895
417	1028
398	721
395	709
382	746
377	771
356	746
352	890
331	702
401	921
416	833
403	949
397	895
381	1000
389	947
358	877
403	943
376	881
407	911
341	913
394	946
399	1031
423	1095
399	1101
349	932
402	1299
399	1082
409	1148
435	930
451	1158
412	1221
394	1102
387	940
368	906
383	966
377	1016
407	1041
398	1039
375	1024
388	1024
357	1169
383	1245
395	1154
445	1061
416	1023
396	1064
382	1023
405	1039
377	882
402	975
363	1099
378	926
354	1138
369	1118
365	950
376	882
385	1013
399	1038
350	1024
389	965
386	1055
394	968
405	1021
389	1121
356	1084
346	1031
379	1034
407	894
393	817
409	839
385	889
376	856
406	919
412	780
436	837
376	889
375	749
380	1007
397	1246
423	1027
420	1152
441	947
377	808
392	755
397	844
354	1049
410	938
434	1120
379	1136
406	965
502	1092
411	992
412	899
495	911
397	944
414	838
381	769
438	708
355	785
377	713
429	941
416	758
412	816
437	840
424	752
417	974
389	916
321	824
368	925
406	1090
373	1319
377	951
415	1063
393	971
383	1033
398	1001
362	1128
407	1136
422	953
347	731
374	659
387	790
437	821
361	913
377	1024
400	985
386	1180
374	1022
378	961
396	927
342	916
405	859
340	962
333	754
385	836
328	660
344	695
323	862
339	881
377	842
414	688
348	885
381	850
420	863
346	979
351	993
345	999
362	1022
385	975
362	801
332	922
365	797
381	968
406	1156
383	1155
422	1086
383	1076
417	1056
374	941
367	1024
332	948
334	981
367	847
425	973
423	990
341	1122
381	939
374	880
333	1051
358	930
433	989
382	998
408	864
387	927
373	1041
384	1045
387	969
374	838
402	792
392	1108
430	955
355	915
360	1039
385	1144
380	957
388	1149
391	1195
413	1100
417	1146
397	1093
381	1158
411	1233
399	1115
394	1062
378	935
350	986
359	829
375	840
371	873
383	987
399	984
416	870
354	1008
408	1172
417	1195
394	993
445	1128
420	970
396	1061
384	943
370	968
345	972
349	992
356	877
399	918
418	856
383	912
365	974
388	1047
338	1079
354	1060
374	1264
371	1130
444	1198
332	1241
348	1233
355	1054
393	1222
378	920
328	915
380	1006
371	1078
415	1217
369	1200
406	985
380	995
377	982
363	940
380	1037
352	845
343	1108
346	1183
395	999
349	1039
334	959
368	896
331	1085
316	1017
390	1215
347	1233
418	1129
426	1063
328	1236
397	1291
404	1397
388	1208
418	1187
372	1154
376	962
420	946
442	1019
373	863
386	980
402	1074
327	1081
356	996
412	1052
376	984
395	907
368	812
332	983
357	1054
345	1040
429	1142
468	761
506	756
486	825
486	944
484	929
480	891
555	770
494	926
531	798
554	918
577	926
581	1039
503	1175
427	1285
406	1156
462	983
427	944
463	1032
446	970
436	881
380	779
390	939
405	1044
384	1007
354	991
337	1066
381	1055
410	971
361	817
403	1034
464	1044
427	989
437	1052
395	864
427	1099
369	1117
338	1126
376	1046
390	977
366	1072
362	1153
371	1170
365	993
422	989
435	1020
367	1014
386	982
335	1218
342	892
372	1107
380	983
345	769
336	765
373	809
395	985
445	958
463	1208
417	1236
423	1197
388	1275
367	1137
418	1143
429	1236
388	930
423	967
420	1044
424	1086
368	1113
369	1118
329	891
425	1064
424	975
455	1097
372	976
450	1065
466	1085
420	899
415	1176
379	1128
398	1118
408	1108
453	1220
438	1229
389	1207
365	1084
347	953
405	1142
402	956
342	765
377	906
355	875
374	1028
385	964
404	969
368	934
397	1071
409	1107
362	939
448	865
375	893
370	1137
345	1213
364	1054
395	1155
399	1188
375	1084
407	966
405	941
427	1099
385	912
389	838
337	858
381	1045
400	1025
426	766
384	1104
384	1089
397	935
354	1263
365	1213
331	1344
362	1083
318	1043
325	1120
323	1064
371	1143
369	1142
365	1046
361	966
331	1012
363	918
355	845
321	772
346	798
358	1031
355	1032
381	978
395	1160
404	1158
451	1030
406	1151
401	975
390	1003
382	892
325	814
366	842
397	890
403	1004
415	1069
362	908
346	959
355	818
378	984
384	922
381	926
386	844
336	751
397	814
390	741
420	836
417	937
426	915
378	1031
397	926
390	1052
388	1018
398	1015
391	982
445	1075
468	921
435	862
494	1147
444	1041
494	989
492	851
566	865
596	945
539	995
547	1030
475	978
446	967
399	931
441	1108
388	1012
430	977
476	1052
457	1050
469	1031
451	1065
411	972
436	1053
524	1062
511	1173
495	1223
473	1081
504	1034
469	1264
527	1257
476	1441
474	1308
476	1252
412	1396
418	1237
427	1246
424	1049
406	1209
416	1235
407	1053
430	1087
429	1041
399	1006
399	1028
419	805
376	994
460	1337
382	993
422	896
451	991
459	977
438	1013
424	1104
417	1167
425	1187
375	1113
408	990
359	1116
382	944
423	934
410	895
452	931
428	929
382	968
414	1130
418	1030
418	1153
441	1189
452	1193
465	1196
537	1099
447	978
525	1013
521	877
525	813
448	938
461	1004
455	1098
445	1026
454	1056
479	1044
465	811
499	965
472	1066
476	1031
498	1155
461	1202
433	1007
434	1045
451	1163
526	1147
550	946
532	885
488	921
476	1072
484	1216
501	1062
452	1080
480	1020
517	801
512	966
510	930
517	1240
481	1020
476	961
559	922
505	857
513	986
534	1112
497	979
513	1061
464	963
483	1038
482	1021
471	880
451	828
487	841
416	923
445	927
470	920
501	1089
443	1112
429	1170
437	1078
469	1083
425	979
431	918
409	1083
457	1018
415	922
457	979
465	978
465	848
449	919
435	987
459	887
475	1010
434	1081
406	1001
438	1018
459	1142
400	972
432	1138
435	1179
404	987
423	1010
445	1041
455	870
450	967
494	989
423	1100
399	888
436	967
438	880
426	996
413	988
469	942
399	1064
427	969
458	1053
468	1083
441	1061
434	968
470	1028
450	1017
414	1120
387	1075
415	983
368	1072
406	986
389	1050
447	1099
416	896
386	924
393	1210
423	1170
451	1223
417	1139
426	1165
373	1120
372	1062
427	1044
385	1145
340	1250
360	1031
374	914
408	904
342	810
362	781
354	746
347	851
336	1095
368	1028
333	949
365	992
384	835
329	928
391	1093
376	1026
406	973
365	965
380	975
406	933
351	974
440	969
426	949
382	901
390	1041
387	1109
387	1007
407	1078
377	939
354	918
383	1020
351	918
359	936
303	966
358	1020
374	1024
353	928
405	1047
384	1253
389	1117
369	1033
359	1073
422	1177
368	1014
412	864
363	910
413	1060
398	964
384	761
348	913
409	943
356	1030
365	1080
356	1004
400	1057
370	959
339	1020
394	954
361	929
419	959
437	1061
386	1018
430	923
379	869
413	799
358	1040
321	1067
302	1064
357	831
382	984
332	1032
394	953
412	850
330	933
343	985
340	958
341	861
363	929
378	1071
358	980
341	991
338	1114
347	1020
383	1194
409	1237
412	1136
414	1184
371	1058
379	1165
365	1083
367	1374
332	1380
358	1192
375	1374
348	1444
363	1070
340	1161
422	1232
359	1076
366	1076
349	1117
341	1137
394	1075
331	1153
344	1210
385	1157
387	1124
361	992
387	1055
402	945
328	1043
393	1043
379	1075
391	1109
336	1095
347	1185
364	1123
380	1068
376	1130
385	1061
381	1181
319	937
358	978
385	1094
360	1133
460	1058
398	1096
363	966
378	993
371	1218
427	1378
416	1227
472	1036
407	980
445	1036
331	1169
394	1165
412	1034
366	1058
362	1015
401	840
367	978
364	942
351	904
365	931
404	964
349	774
387	917
328	846
327	983
365	948
366	861
328	1020
388	881
380	1011
449	843
365	858
346	837
391	848
352	986
332	792
334	915
315	861
297	1026
343	937
338	929
332	778
381	752
375	857
343	933
355	954
343	931
427	920
413	897
357	1002
390	996
396	1004
359	870
419	812
453	849
391	1160
392	1093
377	1171
370	1071
378	1091
355	1102
347	1151
372	1213
355	965
390	1110
333	996
335	999
358	878
309	911
341	900
339	913
373	761
358	951
358	857
372	880
411	1047
375	1240
328	1236
358	882
349	1142
355	939
387	904
319	968
378	1159
368	1031
323	1061
354	934
351	909
384	1022
356	1005
395	957
347	931
393	1022
357	977
338	1188
311	874
349	1337
338	1090
326	1236
321	1210
322	1229
335	1052
324	1201
373	1210
441	1044
360	1169
337	1198
353	1316
390	1227
387	1168
357	1101
329	1208
355	1015
342	1046
378	870
399	1022
398	1183
341	1274
324	865
346	843
365	805
307	871
325	1089
378	1090
373	1041
361	1046
338	932
390	990
385	1042
360	955
357	1025
352	961
363	985
350	1032
343	1014
311	1130
366	1248
334	941
355	1073
326	1011
336	1079
386	994
387	1042
384	1050
385	1050
358	1252
353	1137
303	1347
360	1231
342	1175
345	1213
332	1180
305	1430
374	1361
341	1148
367	1091
382	992
430	882
344	1015
382	1152
387	941
354	1102
392	1164
396	1077
428	902
334	999
371	1211
435	1255
382	1061
386	1038
318	1019
334	1043
337	1070
397	1138
370	1024
352	1248
419	1451
415	1324
415	1195
390	1252
373	1378
359	1415
420	1255
399	1128
432	1257
421	1184
352	1136
301	960
395	1048
369	929
378	1137
357	1041
348	1031
392	1018
373	1125
399	1143
395	1348
402	1187
389	1133
343	1186
399	1243
421	1042
372	1068
426	1283
386	1374
322	1175
343	1019
365	1158
412	1114
421	851
331	1005
387	1215
398	1135
382	934
377	1161
396	885
357	1112
311	1174
360	1264
363	1299
392	1145
409	1169
329	1203
320	1174
350	1156
377	958
333	1068
350	1131
407	965
382	1218
379	1225
415	1127
370	999
374	1020
367	1022
356	966
352	1298
312	1047
350	1052
329	1178
323	1024
307	1121
340	1283
401	1149
393	1207
391	1040
401	977
339	995
346	1017
392	1118
341	1076
297	962
360	948
360	1062
327	1116
333	1089
343	1028
387	968
404	1005
412	1059
392	1036
343	970
439	1230
504	1414
458	1126
542	1191
458	1317
492	1256
565	1073
573	1220
648	1199
578	1288
597	1336
593	1043
524	1023
513	803
490	928
489	702
447	823
481	873
529	809
511	849
562	1014
508	879
568	1001
599	1119
609	1133
623	917
625	1079
701	1217
632	1304
686	1060
669	1079
716	1155
677	1089
576	1132
551	970
508	950
497	1033
513	969
452	963
456	1023
474	1033
491	990
503	832
459	1125
521	1331
532	1274
504	1083
488	1011
467	1124
414	1098
404	990
406	901
430	989
375	1014
395	936
394	866
432	852
403	1134
403	1000
356	969
360	1081
344	1110
363	1189
423	1153
370	1070
391	1070
360	1050
363	1153
373	1076
352	997
400	1082
374	1098
399	1074
395	1053
393	1004
402	960
386	1010
455	1073
416	1148
450	1039
444	997
375	1048
377	1051
403	908
379	764
324	970
416	1099
414	969
376	1162
395	1245
405	1294
387	1074
421	1124
426	1103
351	1038
394	1144
435	1204
377	1215
397	1472
436	1166
463	1173
465	1038
439	960
438	932
376	1020
407	1007
389	1007
417	1063
413	1209
386	1101
367	1205
433	1135
424	1075
421	1242
401	997
409	926
422	1024
400	924
383	1121
396	1034
419	1089
426	904
477	945
352	1117
423	996
406	945
403	1017
365	880
343	780
335	721
339	825
334	870
360	884
400	907
391	1004
368	961
361	962
408	993
378	1064
378	952
383	994
390	1090
393	1213
358	1112
380	1339
396	1184
375	1112
386	1042
410	1034
366	1018
380	1104
385	1100
381	1103
382	1040
422	991
367	975
362	823
429	904
414	1087
395	1113
459	1215
475	1174
422	1221
491	1261
447	1477
409	1171
366	1160
380	1037
381	1160
351	1160
369	1118
423	1124
435	913
425	1151
346	1019
420	928
405	931
387	895
388	944
414	1165
337	1092
384	1206
330	1143
360	1057
354	1136
383	1286
366	1061
374	986
365	1084
370	1130
365	1078
346	1132
341	1097
389	1025
361	1112
385	985
345	973
341	972
375	897
361	941
423	1110
451	950
439	973
398	1079
391	1026
383	935
375	1078
379	1083
367	1010
376	1031
368	1066
364	1047
451	989
414	1167
365	1095
402	1076
363	1137
388	1025
401	906
349	975
370	1187
432	1292
421	1201
418	951
443	914
448	951
442	1091
433	837
443	850
427	795
404	943
403	755
410	860
389	907
415	1117
410	984
446	900
425	971
426	1100
392	1079
437	1000
376	1298
418	1401
430	1267
384	1224
414	1164
459	964
475	976
381	1000
433	1010
411	1046
370	1003
393	824
421	1163
443	955
374	964
397	1141
433	1092
436	1033
433	984
426	1045
420	1078
435	1051
495	1189
428	1027
463	1269
417	1092
415	1058
424	1206
402	1146
360	1211
388	1145
402	1016
380	976
413	1028
339	877
365	1137
374	1154
326	1171
387	1140
372	1155
382	1038
384	999
355	978
384	943
373	1260
328	1270
384	1036
368	905
371	838
388	861
412	1001
357	1060
472	1164
378	1148
357	1210
369	1163
410	889
371	889
338	909
391	972
371	1000
402	979
352	1026
448	1121
432	1221
409	1013
373	929
358	975
361	988
361	1102
375	1085
352	1296
375	999
402	1017
347	984
335	908
409	1039
376	1063
370	996
404	963
353	891
328	984
361	1118
412	1163
402	1035
358	1101
396	1072
426	1056
379	1034
418	1009
456	886
409	1028
390	1003
375	1033
365	819
376	862
356	946
368	1006
428	1113
395	1082
392	1095
365	1074
379	993
370	1058
388	998
408	1076
388	988
440	1041
432	1110
357	1259
391	1321
371	1145
434	1040
360	1033
379	1080
372	1030
358	1089
405	1133
366	930
397	797
428	970
415	889
448	988
486	906
484	1075
532	1127
558	1046
565	1247
513	1246
794	1258
890	1456
1010	1243
1015	1190
975	1277
900	1226
951	1247
894	1103
698	1077
818	1042
811	1218
764	1006
708	1181
659	1182
754	1203
888	1391
685	1381
596	1288
463	1030
501	1002
547	1289
487	1278
434	1063
345	1077
343	1126
369	1180
430	1290
369	1549
338	1035
343	1148
365	1221
349	985
351	1075
377	1068
430	1015
378	1073
395	1142
362	1188
396	1238
327	1180
355	1310
374	1168
337	1111
368	1011
406	1202
389	1133
416	1120
375	1221
334	1165
373	1172
345	1207
391	1168
331	1076
334	897
353	1099
363	1021
302	965
349	1002
358	862
368	1044
325	1043
321	882
342	1004
355	1072
369	1031
414	1156
392	1162
416	1207
391	1074
397	1135
378	999
382	1115
364	1103
372	1073
341	1156
348	1181
418	954
380	1223
383	1141
366	1077
369	1110
375	1201
394	1134
442	1088
421	1040
355	1188
354	1244
356	963
416	1203
352	1198
337	978
447	1122
384	1037
386	988
387	998
383	1184
356	1107
355	1105
352	1030
402	1035
410	911
377	954
395	1011
395	1022
408	908
416	770
431	902
482	826
513	825
457	1018
497	937
486	899
627	929
560	756
550	932
631	976
635	810
768	800
779	960
786	1043
790	912
883	817
809	1093
777	1041
778	979
720	1070
745	1158
587	1134
620	1113
600	1030
710	1081
803	1230
695	1158
723	1261
753	1142
717	1045
609	1034
663	1092
576	1072
624	1438
591	1225
554	1284
527	1186
484	1333
510	1462
454	1217
391	1085
449	972
412	1015
495	1119
458	976
433	912
435	846
389	868
426	897
475	991
460	986
425	1054
405	823
418	863
435	931
452	1057
438	997
445	962
423	872
451	985
395	902
400	967
432	1017
432	885
469	1060
454	934
449	959
407	1010
400	1146
388	959
378	1054
350	1033
397	1005
381	971
409	890
401	1081
396	1105
393	1213
390	1101
351	1045
337	1188
337	1045
337	1046
356	859
405	1049
423	1142
373	1064
326	916
351	1137
331	1283
335	1140
360	859
405	887
408	1029
330	1269
411	1252
365	1248
383	1196
342	1175
363	1325
406	1216
385	1134
349	1077
348	1197
351	1167
358	1269
423	1099
384	1097
392	1052
378	1054
367	1112
394	1113
407	959
407	1214
412	1265
479	1129
407	1276
400	1206
336	1088
292	1289
381	1054
394	1484
383	1197
354	1142
325	1087
354	1053
372	977
391	1086
394	986
357	1119
387	1232
312	1059
357	1090
335	1204
283	1027
362	1211
432	1117
411	1366
377	1245
347	1153
302	1096
370	1149
392	1286
363	1139
330	1045
329	929
324	1009
344	977
344	1064
313	1072
300	879
304	957
331	847
374	1007
299	802
362	939
357	1011
384	1013
444	1118
390	1084
344	1219
352	1184
406	1104
333	1057
342	1121
363	1224
351	960
376	1042
367	1028
315	1040
337	1259
378	1365
386	1162
356	1270
368	1135
395	1132
335	1076
360	1079
381	1021
383	1243
384	1149
408	1072
397	990
388	1056
416	1057
317	1217
321	1041
318	1057
305	1144
297	1310
318	1135
335	1001
344	1102
341	1084
361	1248
335	1118
396	1133
358	1299
408	1138
343	1102
376	1174
334	1161
359	1152
400	1118
342	1282
351	1226
412	1187
337	1219
361	1271
419	952
372	963
409	1097
410	1216
373	1052
382	1037
314	992
312	1090
357	1080
386	991
357	944
365	924
331	949
364	1066
341	1121
355	824
355	1232
367	1213
333	1050
305	1150
354	1160
388	1056
364	1420
438	1166
399	1129
344	1036
326	994
321	1096
372	1143
354	982
329	1249
371	1057
346	1025
330	990
334	1150
377	1368
378	1077
309	998
345	1118
368	1263
340	996
371	1058
391	997
317	999
346	1169
355	1036
369	835
337	1042
346	1240
348	1132
305	1133
327	940
378	1066
383	1187
319	1068
388	1207
367	1315
404	1122
380	1058
317	1153
350	1106
394	1033
340	1104
352	1073
333	1135
297	1211
365	1373
336	1124
331	1280
317	1227
393	1202
366	1093
372	1050
365	1117
365	1296
358	1201
357	1389
348	1558
351	1263
345	1198
357	966
344	989
357	930
388	1067
354	1012
350	1118
348	1178
325	1102
356	1306
350	1134
342	1140
357	1272
312	1113
351	1151
321	1219
353	1196
393	1296
351	1020
355	1021
347	1197
346	1049
325	1022
364	1199
319	1012
343	1102
363	953
332	1166
370	1118
338	959
339	987
346	945
379	1023
349	1075
365	1108
352	1097
334	1167
327	1127
356	1050
368	1170
323	982
411	1073
367	1143
389	1073
353	976
344	930
355	962
344	1204
316	1081
338	1065
377	1093
357	907
328	1029
323	1216
318	977
356	1114
342	972
314	882
328	973
370	1204
351	1030
374	1090
324	931
370	837
354	1022
377	987
365	1078
335	1137
372	1026
360	876
429	953
374	998
324	1210
371	1197
360	1153
335	980
374	1195
356	1129
316	1013
321	1027
278	943
316	1307
368	1234
354	1225
359	1174
313	1024
302	1204
314	1189
322	1151
316	1386
309	996
280	937
283	1051
329	1198
309	1322
333	1271
368	1160
333	1179
340	1073
402	1070
314	1028
301	868
363	968
328	882
390	1122
364	1064
368	977
270	1144
363	1058
357	1170
315	1081
327	1231
322	1075
332	1061
351	1118
299	1187
316	1011
322	1156
313	1135
356	1065
377	1016
346	958
376	955
334	1047
332	1086
330	958
371	939
337	1112
366	1011
336	972
364	952
353	859
388	1051
359	1139
335	1243
311	1003
341	1111
325	1018
300	1098
319	1050
350	1026
339	960
322	1125
316	917
346	884
374	941
375	1084
326	1068
363	1083
320	1001
290	926
339	1026
346	999
389	1049
339	1009
389	823
350	1007
315	1230
357	1083
303	1012
348	1010
355	1072
369	1159
348	1052
356	1088
360	885
302	1324
365	1222
323	1197
336	1289
385	1070
325	990
361	1044
308	1080
404	1011
332	1098
277	1038
327	1023
337	1113
301	1076
354	1169
361	1062
366	1131
358	1341
318	1349
313	1322
372	1337
351	1185
404	1144
362	1139
346	1040
316	1048
353	1190
360	1012
327	964
366	964
374	1021
345	987
372	948
409	1092
403	950
364	927
378	1072
367	1066
342	1149
358	950
383	1103
381	1051
369	1027
375	912
345	1044
391	1120
350	1069
320	1023
369	1173
383	1098
389	1069
372	1018
417	1114
357	973
371	1215
340	1037
356	1184
331	1133
366	1079
347	1046
371	1137
361	1080
362	1318
389	1301
404	1273
404	1119
378	1076
427	1337
395	1210
402	1207
423	1053
406	1130
382	1126
425	1226
409	1185
348	1077
420	1256
391	1055
354	988
440	1270
420	1061
409	1155
371	1156
365	1112
342	1284
377	1076
363	1148
357	1097
344	1037
366	1131
361	1144
366	1042
436	1125
413	1032
370	1024
452	1244
371	1431
418	995
365	1166
381	1154
313	1079
349	1036
349	1085
300	1026
314	985
301	907
361	995
368	965
363	1010
346	910
330	954
341	1170
360	856
354	951
329	937
346	1063
336	1012
406	1066
393	1299
380	1006
405	1062
350	1106
366	970
357	991
309	1017
327	995
353	1105
367	1371
398	1399
391	1359
393	1227
362	1228
384	1175
391	1166
368	1023
317	1114
343	1349
354	1153
325	1154
412	1281
343	1145
325	1157
324	1027
361	1081
333	1096
387	1067
370	937
341	1043
342	1138
338	1234
429	1095
401	1182
430	1247
430	1050
411	1163
386	1231
317	1155
345	1128
379	1100
358	1008
455	1069
373	1192
370	988
381	1028
367	1094
377	1049
425	1223
382	1171
315	925
330	1079
380	1030
355	1117
367	1008
380	990
365	994
351	921
373	934
425	1301
370	1101
330	1086
329	1013
322	1131
318	1084
332	956
366	1212
321	1080
350	1113
358	1351
319	1161
309	922
349	848
407	1002
374	971
334	883
303	848
333	899
351	1106
345	1017
364	1052
377	1082
336	1007
355	955
347	970
383	971
389	1315
355	1082
372	942
357	1112
307	1101
334	1201
347	970
371	1032
377	1051
343	1056
310	968
366	1110
350	1099
293	998
422	1004
388	841
315	737
323	855
351	904
318	1025
353	1027
340	1048
386	1040
350	958
401	1008
372	1082
349	1076
370	1110
293	1049
321	1110
410	1153
418	1083
353	938
399	1005
373	1092
327	964
316	935
319	837
412	878
414	999
386	1244
380	1060
348	719
344	878
336	962
303	744
326	1018
345	1274
295	1083
369	1038
322	1067
323	1083
313	961
355	882
284	865
342	877
328	1081
337	980
321	1018
390	1043
354	943
385	902
317	1249
342	1222
336	1429
386	1259
402	1333
322	1124
321	1016
359	966
380	1013
367	1013
345	893
400	1108
422	1123
379	1374
373	1218
383	1148
418	1075
385	1025
364	894
340	847
368	1009
401	981
287	1055
355	1122
371	1040
352	1177
354	1099
366	908
390	1000
378	967
361	1057
370	1161
332	1164
379	1201
419	1112
418	1115
398	1061
407	1041
406	1250
379	1099
348	1278
366	1203
376	1106
350	988
313	952
335	1017
356	900
362	1021
324	1089
334	1061
330	876
317	868
312	762
344	923
359	889
343	876
376	862
348	795
328	903
303	930
361	1062
337	870
294	949
277	898
345	1166
355	1160
319	1010
340	1135
308	1162
331	1081
332	1038
330	1156
308	1166
321	924
364	977
309	988
326	1171
352	1197
378	1120
348	1039
380	1040
337	1182
384	1215
340	975
354	1033
360	1023
385	1065
376	1004
350	972
346	1177
360	1213
364	1085
375	1088
344	987
319	1031
340	1127
326	1293
316	1246
376	1251
371	1077
353	1117
377	1361
389	1346
369	1321
381	1230
332	1246
373	1388
324	1349
344	1264
335	1357
358	1382
352	1217
286	1362
301	1361
344	1421
353	1491
364	1382
373	1295
358	1306
333	1456
352	1141
334	1440
349	1220
363	1103
332	1167
339	1253
335	1302
383	1110
422	1113
384	1061
352	992
381	1027
349	1200
404	1197
356	1279
321	1008
358	1058
388	1209
377	936
404	1026
346	1077
319	973
323	1182
345	1258
342	1308
324	1367
336	1165
344	1201
337	1117
340	1263
397	1185
397	1028
369	1028
433	1362
413	1315
424	1001
406	1102
381	1353
443	1058
339	1255
368	1214
384	1368
420	1320
371	1536
361	1400
413	1374
368	1320
362	1451
367	1202
388	1217
361	948
354	1125
370	1305
370	1348
323	1314
352	1430
353	1258
358	1147
368	1064
406	1162
384	1147
345	1049
363	1344
371	1331
390	1362
413	1462
394	1137
417	1231
409	1336
372	1300
377	1329
357	1168
472	1150
386	1117
343	1065
388	1126
406	1022
411	1088
520	1280
451	1055
426	1092
358	1216
371	1161
415	1272
394	1210
457	1191
469	919
424	962
413	983
420	971
384	1066
350	1202
408	1100
413	1029
431	961
448	1094
461	966
416	1041
443	879
440	901
426	1009
394	908
448	1095
412	1023
444	1051
466	1051
497	979
510	968
449	986
445	1010
425	1234
411	1153
442	1258
417	1291
376	1389
406	1198
401	1173
419	1139
414	1020
417	946
371	965
438	1115
456	1227
414	1147
438	1053
390	1221
401	1194
438	1280
379	1320
420	1393
420	1234
417	1085
368	1129
425	1095
403	1075
398	1107
410	1042
416	1331
417	1277
439	1136
432	1370
447	1213
428	1237
413	1222
421	1144
421	1361
384	1164
430	994
422	1089
431	979
477	1040
485	1089
512	1190
499	1136
474	1096
513	1014
516	986
440	974
435	1061
435	1101
463	1091
428	1218
481	1126
434	1167
471	1226
413	898
461	1053
453	1251
403	1307
514	1319
440	1157
511	979
485	1137
415	1072
473	919
389	1142
371	1186
402	1072
369	1064
397	1036
430	1089
381	1052
388	1008
442	1145
380	933
443	901
388	1051
395	977
416	1104
359	1031
373	1210
373	1295
367	1295
378	1137
366	1128
407	1135
377	957
364	947
306	871
378	876
419	977
383	980
383	1034
358	833
369	912
337	988
430	1256
427	1072
442	1025
410	1015
423	999
449	1066
419	887
377	961
460	1176
506	1176
546	1184
457	1129
461	1094
478	1184
509	1102
472	1025
477	907
466	1042
468	962
467	1299
431	1158
432	1049
470	1306
429	1134
405	1082
458	926
470	900
466	1134
530	1221
501	1257
489	1321
480	1121
448	1036
471	1020
449	851
422	973
396	981
382	984
403	1176
403	1071
413	1238
405	1020
354	1049
352	1199
366	1200
327	1339
302	1312
406	1157
388	945
411	1170
421	1211
384	1206
373	1067
354	1026
354	841
413	974
347	1042
358	1177
357	980
296	1059
304	1109
361	1047
405	1071
419	1045
359	1044
352	1024
419	1119
324	1052
371	1047
332	1178
384	1311
380	1260
346	1346
354	1233
374	1259
435	1252
388	1138
416	1179
346	1019
341	948
388	980
398	966
398	834
355	1065
354	1095
388	970
400	1031
327	1076
352	881
356	958
371	1078
391	1065
357	1044
389	1090
320	1032
349	841
340	1211
379	1196
317	1322
310	1189
383	1108
314	1057
335	1290
287	1229
287	1222
334	1129
343	1328
301	1307
356	1292
328	1158
370	1208
439	1231
389	1129
348	1125
395	1066
420	1171
417	1282
422	1108
386	1124
339	1303
360	1351
328	1361
329	1380
353	1311
399	1413
383	1361
319	1216
312	1114
354	973
363	1019
437	1212
371	1253
349	1251
409	1320
396	1459
403	1183
355	1220
353	1206
433	1048
357	1337
376	1216
333	1334
320	1188
381	1189
328	1204
344	1103
369	1257
358	1149
338	1063
346	1353
327	1228
348	1306
366	1286
351	1234
353	1233
361	1342
350	1276
347	1035
374	1098
357	1247
348	1098
387	910
366	1087
364	1283
370	1241
393	1288
395	1158
348	1350
358	1191
352	1235
410	1022
412	1202
363	1025
456	1159
376	997
396	1000
349	1168
378	1272
305	1176
346	1349
347	1481
346	1362
340	1453
383	1417
371	1141
338	1166
379	1198
354	1099
328	1200
352	1102
299	1148
383	1115
359	1086
312	1153
357	1076
382	1116
363	1164
340	1153
343	1402
329	1380
341	1399
354	1456
364	1086
369	1058
365	1226
370	1046
366	1077
360	1194
373	1072
395	1127
328	1065
386	1143
376	1281
417	1067
408	1022
390	1012
370	1206
374	1109
405	1122
409	1138
397	1160
339	1067
349	892
363	1081
355	1180
402	1102
393	1151
342	1081
347	1275
329	992
338	1161
384	1154
379	1231
450	1110
387	1284
380	1130
408	1383
366	1372
378	1333
341	1356
314	1328
353	1315
333	1366
357	1405
376	1140
362	1067
379	1102
376	1042
388	1042
411	1307
393	1124
373	1190
394	1183
407	1094
360	1115
376	1109
382	1248
363	1183
363	1048
386	1044
415	1130
443	1200
389	1122
418	1077
345	1022
392	1081
445	1006
411	1083
385	1037
344	1178
359	1123
400	1163
408	1321
335	1349
384	1273
419	1203
432	1143
400	1198
394	1394
364	1105
349	998
378	1104
394	1166
362	1047
374	1056
393	1138
395	1085
370	1065
364	1061
389	1054
399	939
393	959
379	864
372	870
372	1042
372	1082
380	1116
357	1196
347	1058
420	1040
338	965
348	1240
333	1005
336	1045
308	1005
342	976
394	1008
322	952
296	1051
333	983
324	959
346	980
336	850
348	1005
383	866
370	981
383	1216
411	1167
399	1284
355	1242
324	1104
377	1098
367	1130
383	1369
389	1283
366	1163
370	1090
366	1021
362	1059
356	1014
352	1150
337	1078
314	1172
401	1169
349	1236
347	1209
322	952
347	1270
332	1380
360	1272
399	1157
386	1241
329	1500
347	1410
324	1432
372	1199
396	1108
438	1185
392	1131
366	1387
360	1326
437	1113
363	1071
379	1187
411	1302
388	1350
408	1244
407	1285
350	1148
424	1134
428	1250
413	1181
425	1375
345	1198
402	1297
394	1438
391	1237
427	1255
342	1026
385	1186
368	1153
363	1047
387	963
364	1028
364	1089
393	1205
367	1186
368	1133
391	1089
394	1138
374	1016
363	1095
393	948
410	1020
343	1043
423	1172
451	1262
495	1093
450	990
446	1186
501	1243
489	1406
493	1201
402	1214
403	1305
359	1385
386	1100
418	1046
412	1094
401	1199
408	1309
378	1132
399	1121
331	1070
326	1216
347	942
411	1346
383	1270
402	1401
405	1264
391	1400
363	1258
375	963
378	1156
405	1410
328	1441
329	1244
370	1180
375	1125
356	1376
329	1171
376	1200
372	1145
364	1012
403	940
363	1000
420	1024
378	1148
403	1046
353	1011
360	1113
382	924
370	1045
362	1285
390	1140
372	1292
376	1316
425	1365
447	1178
443	1350
401	1280
335	1217
365	1116
377	1190
353	1310
357	1304
339	1082
359	1011
383	1056
349	938
379	1083
379	1024
326	1079
341	1164
371	997
333	973
397	1003
388	954
401	928
397	1038
380	992
379	995
384	1076
341	1332
354	1161
324	1141
349	1109
351	1000
351	977
286	1080
389	1088
353	1040
362	1089
381	1212
388	993
366	1120
337	1302
343	1248
337	1481
388	1473
405	1471
405	1385
390	1518
387	1386
354	1433
365	1365
517	1271
353	1110
373	1067
407	1236
370	1242
382	1250
387	1175
393	1369
401	1262
338	1220
362	1441
370	1216
339	1113
387	1435
367	1139
365	1277
309	1110
333	1243
331	1008
414	1075
382	1113
384	1141
338	1071
342	1087
339	1205
359	1241
416	1069
376	969
378	1234
377	1123
383	1151
381	1024
353	1041
387	1131
352	1001
357	1011
399	1172
431	1082
363	1150
382	1240
328	1029
329	1206
402	1187
374	1159
338	1067
381	1369
343	1165
293	1202
327	1385
325	1331
337	1472
324	1434
302	1371
330	1144
344	1109
323	1130
297	1098
300	1095
348	906
315	1112
322	1156
313	1072
308	1202
321	1358
337	1106
319	1080
327	1050
323	1127
334	1152
305	1063
331	1045
342	922
359	1115
315	1004
325	1035
295	925
336	1101
350	941
319	997
370	1052
310	982
308	1261
325	1048
346	1194
337	1122
334	1220
387	1169
364	1214
377	987
323	968
301	1107
360	1186
355	1175
360	1224
383	1151
334	1183
327	1143
306	1134
368	1142
331	1217
274	1090
366	1265
348	1157
320	1102
288	1194
330	1248
355	1002
368	1170
329	1204
315	1201
359	1286
294	1109
329	1069
286	1070
302	1035
298	1007
321	1138
323	1000
364	1121
342	1087
410	1105
426	1166
435	1061
386	1118
344	1084
386	1064
437	1234
400	1002
387	1209
352	1215
349	1311
351	1353
337	1292
412	1114
341	1308
435	1272
346	1318
370	1176
380	1239
344	1345
353	1514
319	1258
348	1227
345	1226
340	1541
318	1213
300	1277
302	1272
320	1180
315	1406
321	1463
310	1245
366	1073
389	1423
348	1417
386	1462
351	1514
388	1430
410	1408
376	1133
334	1142
425	1215
368	1045
331	971
368	1156
372	1189
342	1141
378	1152
356	972
348	1043
299	1046
309	1402
360	1495
401	1377
417	1450
392	1182
376	1083
343	1223
338	1241
326	1258
374	1121
389	1234
384	1071
322	1211
346	1208
336	1438
333	1216
324	1329
369	1324
360	1353
382	1292
317	1351
335	1212
337	1089
334	1057
350	1073
327	1298
340	1210
312	1165
316	1217
332	1061
348	1150
265	1074
358	1025
359	1031
322	1068
386	1119
383	1210
345	1341
353	1265
387	1231
349	1133
406	1129
389	1052
365	982
366	1157
366	1023
336	963
369	1221
375	1120
376	1168
318	1194
362	1356
378	1321
387	1277
305	1159
397	1057
401	1246
318	1267
381	1369
362	1458
340	1326
353	1344
327	1294
358	1197
387	1101
401	954
379	995
396	1216
327	1217
382	1166
358	1054
368	1037
374	1027
365	1216
343	1002
354	1267
311	1242
306	1173
345	1232
381	1356
406	1085
438	951
388	1302
410	1381
424	1309
421	1027
391	1307
371	1497
363	1305
354	1174
312	1166
340	1336
393	1248
405	1350
401	1164
411	1206
376	1302
418	1149
375	1125
421	1223
373	1136
355	942
371	1017
378	1003
430	971
477	1020
385	988
338	977
345	1145
386	1018
340	973
377	918
314	962
330	1113
347	1071
337	1134
384	1141
364	1155
380	1052
351	1076
401	1025
385	1027
354	1049
390	1102
392	1168
362	1169
375	1421
369	1029
361	1056
421	1033
353	1236
369	1193
374	1178
395	1218
399	1351
431	1385
456	1397
448	1362
368	1274
333	1302
367	1352
375	1212
317	1162
370	1220
415	1251
370	1190
371	1090
358	1203
364	1094
407	937
317	1020
340	1159
382	1029
349	1097
391	1170
362	1115
418	1144
392	1159
434	1092
425	1251
402	1262
365	1362
393	1179
376	1163
407	1188
407	1008
410	991
373	893
333	1087
374	1064
393	1009
373	1247
350	1217
347	1227
335	1074
350	1051
341	1104
334	1085
393	1151
403	1001
334	1151
393	973
393	1087
385	1207
382	978
386	1108
391	1237
336	1117
359	1135
346	1271
371	1336
355	1160
394	1204
398	1417
348	1180
384	1064
383	1214
353	1352
310	1106
295	1091
336	1162
336	1089
333	1295
343	1278
327	1278
300	1112
328	1128
356	1279
340	1223
326	1227
362	1122
344	1218
323	1198
364	1103
369	1078
381	1217
378	1087
300	970
349	832
334	884
446	843
389	918
391	982
357	1043
330	1092
356	960
366	938
386	1040
378	1080
390	1103
359	1061
329	1088
309	1052
325	1091
326	970
326	1027
333	925
357	1134
336	977
323	1109
391	1024
421	1005
410	1074
334	932
339	1084
301	873
268	851
344	989
319	1113
345	1129
305	1160
344	1144
399	1151
397	1345
327	1138
334	1329
348	1059
372	1033
374	1246
338	1003
365	944
338	1033
333	1216
353	1165
362	1375
352	1466
409	1262
374	1331
422	1256
388	1360
383	1351
372	1241
409	1400
425	1128
364	1129
367	1268
368	1101
367	1044
344	1064
376	1217
365	1434
425	1366
373	1277
386	1232
401	975
413	1297
397	1208
367	1250
385	1164
378	1195
379	1296
342	1239
335	1273
359	1401
368	1580
396	1376
352	1433
313	1192
415	1221
367	1223
352	1499
393	1395
400	1459
358	1108
375	1365
336	1396
392	1471
368	1291
344	1182
320	1195
344	1063
328	1020
329	1019
358	1051
364	1153
348	1087
313	1068
363	1124
337	1235
330	1270
335	1201
359	1194
367	1103
346	1098
347	1115
350	1079
353	1103
346	1033
331	1057
318	1087
366	1085
280	1174
284	1064
357	987
366	1070
339	1274
375	1174
383	1239
438	1514
414	1382
441	1227
504	1044
495	1018
430	1015
474	976
403	1090
403	1231
411	1324
383	1480
358	1311
410	1237
376	1227
358	1131
377	1446
353	1442
414	1495
370	1399
354	1211
365	1211
372	1289
383	1206
362	1379
348	1175
389	1364
440	1164
445	1119
434	1160
388	1218
422	1078
425	1320
396	1211
437	1388
369	1195
441	1076
411	1216
372	1505
433	1298
450	1075
507	1055
443	1194
461	1269
380	1213
376	1161
450	1180
388	1251
363	1214
344	1274
378	1250
358	1155
358	1079
400	1091
338	1022
408	1071
423	1178
424	1263
350	1312
386	1454
383	1291
394	1035
373	999
372	1028
398	1225
333	1082
372	1150
351	1145
337	1236
343	1109
348	1258
359	1390
337	1204
373	1269
311	1283
311	1052
338	1282
297	1424
383	1344
396	1116
381	1210
387	1307
402	1193
405	1139
400	1295
347	1221
394	1267
317	1131
330	1231
325	1250
326	1261
358	1021
369	1048
343	1218
404	1137
309	1012
301	1104
341	1011
343	1132
343	1340
394	1416
309	1447
336	1748
392	1412
379	1413
375	1254
382	1229
428	1352
370	1198
388	1118
352	1158
360	1229
363	1137
394	1032
299	1082
317	986
337	1052
396	1322
306	1376
313	1295
324	955
348	1032
339	1098
342	1133
338	865
341	961
356	1274
392	1313
398	1187
412	1306
396	1101
411	1144
373	1124
411	1006
396	1010
314	1145
334	1165
317	1199
376	1321
372	1371
366	1054
406	1018
368	1001
434	1132
375	1210
390	1245
404	1283
362	1131
301	1336
354	1048
343	1234
398	1128
377	1228
341	1143
403	1073
360	1075
311	1056
333	1175
340	1248
381	1079
340	1032
370	1276
335	1212
313	1180
349	1237
336	1060
362	1048
357	999
352	1222
331	1170
360	1413
383	1214
347	1033
382	1059
351	1213
345	1023
399	1248
386	1194
346	1214
413	1117
423	1229
409	1146
390	1299
398	1032
416	1192
408	1059
410	1082
381	1050
367	1043
421	1318
396	1290
449	1259
434	1472
371	1192
383	1137
344	1046
400	1044
358	1405
416	1558
386	1364
372	1428
350	1630
401	1578
424	1395
430	1353
368	1583
374	1395
363	1100
372	1308
355	1304
386	1282
379	1218
385	1216
354	1140
418	1252
386	1269
328	1215
340	1310
319	1036
304	1125
348	1064
382	951
363	1002
329	1218
364	1383
384	1286
335	1371
323	1084
334	1356
365	1449
361	1455
323	1069
328	974
323	1089
342	1254
323	1279
382	1294
357	1400
334	1293
373	1287
327	1506
312	1529
378	1244
349	1172
353	1368
362	1287
321	1372
344	1483
379	1174
385	1297
359	1129
307	1260
307	1306
302	1119
273	979
335	987
301	1038
348	1193
350	950
349	1003
349	1173
344	1177
280	1161
292	1231
288	1141
308	1028
298	1168
363	1303
395	1147
356	1158
328	1275
285	1263
329	1341
294	1060
335	1029
353	1111
318	879
331	1043
327	1099
301	1209
390	1245
381	1071
351	1120
349	917
329	1081
348	1136
352	1045
349	1077
325	1220
327	1313
351	1399
362	1271
408	1388
334	1469
314	1552
374	1248
300	1343
331	1209
318	1197
340	1296
328	1049
332	1109
372	1001
337	1208
345	1121
328	1149
349	1222
361	1064
380	1016
356	904
341	1071
314	982
309	987
369	1064
336	989
372	891
381	1025
364	1218
418	1097
392	1321
402	1071
322	1170
385	1345
396	1038
431	1023
346	1196
400	1072
354	1096
372	1344
336	1226
385	1020
375	938
372	1236
389	1184
351	1212
353	1204
343	1083
327	1125
326	1058
307	1268
279	994
328	1108
348	1249
344	1093
335	1015
313	1100
360	976
406	1014
348	1112
374	952
363	1048
374	936
386	1055
409	869
413	866
418	995
323	1087
347	1095
356	1168
387	1326
385	1298
338	1387
338	1182
401	1151
353	1012
390	1108
363	1190
393	1147
401	1143
372	1047
382	1079
373	1104
396	1007
365	1033
395	1156
342	1246
406	1144
391	1155
336	1166
321	1156
410	1287
365	945
364	1122
391	1124
360	1338
373	1570
387	1235
355	1153
376	1119
377	1054
423	1087
352	958
417	1116
350	1151
342	1136
416	1022
409	1222
440	1151
367	1075
385	1185
421	1103
455	1401
425	1240
420	949
391	1047
411	1030
376	1368
461	1570
424	1205
391	1101
386	961
390	1112
405	1260
410	1140
454	1133
372	1216
355	1199
389	1030
406	1156
362	1082
356	1076
422	1428
370	1433
378	1143
389	1145
384	1133
369	1215
384	1084
409	952
392	1001
377	945
365	967
398	1020
300	1038
357	1023
337	1047
372	1082
364	954
367	944
379	1120
395	943
386	1066
376	1071
423	948
393	1110
351	1069
444	760
444	867
414	1122
428	1051
374	915
447	1109
500	1030
442	1006
467	1097
392	1249
435	1122
442	1121
426	1111
410	958
431	1159
403	1113
374	954
413	989
409	1180
431	1041
419	1298
404	1251
407	1048
393	1227
362	1019
384	1179
424	1139
389	1046
349	1049
397	1136
399	1096
409	999
457	1059
503	1036
499	1089
455	953
415	950
490	935
428	1010
437	935
503	1006
494	1087
437	1085
441	1187
431	1252
403	1140
467	1152
434	1045
420	1207
407	1044
449	1168
419	1238
431	1137
400	1005
471	1078
331	1216
427	1064
445	1067
421	1125
400	1245
414	1266
424	1416
428	1089
435	1063
416	1158
469	1447
417	1329
408	1315
406	1229
415	1093
466	1186
437	1179
442	1226
456	1130
423	1084
392	1313
382	970
439	1000
422	1097
514	1117
418	1135
443	1410
454	1153
423	1250
404	1033
482	1048
491	1231
464	1262
371	1290
417	1099
445	914
392	1003
431	1154
418	1026
412	1118
404	1322
442	1180
439	1249
406	959
455	1074
444	1295
419	1104
442	1093
370	968
356	1009
386	992
383	1264
423	1326
402	1088
371	980
418	973
460	1079
443	1047
423	990
414	963
411	941
462	811
494	760
424	1048
407	901
486	1145
461	1037
392	1134
449	1061
425	1181
447	1136
385	1229
397	1057
410	1170
395	1194
415	1054
357	993
427	950
431	1035
412	1075
402	1202
354	1046
417	1097
374	1263
408	1061
412	1007
364	1036
402	1124
369	1058
365	1205
406	1027
416	983
399	1021
436	1040
390	1161
391	1271
406	1129
392	1187
388	1096
327	1179
407	1036
404	1239
419	1217
411	1085
341	1235
369	1237
416	1267
369	1388
415	1503
429	1395
379	1451
335	1319
371	1204
388	1158
337	1148
360	1180
331	1105
434	1139
370	1060
366	1014
352	1336
344	1292
377	1454
304	1307
310	1336
338	1399
340	1447
339	1242
349	1173
379	1329
401	1251
436	1302
372	1195
344	1210
317	1305
401	1259
308	1109
380	1120
401	1030
396	1149
382	1052
337	960
408	1048
354	1077
407	1383
423	1280
408	1263
430	1271
355	1117
335	1234
345	1118
337	971
386	1046
385	1079
311	1111
358	1084
354	1199
362	1283
351	1015
375	1034
408	1025
400	1112
364	1002
330	1069
339	953
385	1150
355	983
337	893
319	1006
350	1110
345	1141
364	1020
393	1052
363	1140
395	1200
370	1191
401	1103
376	1119
352	998
376	1080
401	1211
360	981
348	1094
458	1090
349	961
356	960
336	888
343	830
360	1026
391	940
381	883
358	1015
354	1012
339	1038
351	920
375	1018
362	1068
372	1002
370	1490
346	1380
364	1278
356	1232
372	1305
379	1332
350	1042
344	1038
347	1001
353	1161
327	992
356	878
338	1324
358	1376
334	1182
348	1307
339	1130
369	1143
390	1426
376	1124
378	1012
428	935
365	936
364	1072
309	1147
426	1199
426	1072
409	1106
322	1091
378	1159
362	1273
419	1158
341	1144
380	1135
350	1212
370	1080
398	1065
381	1193
327	1418
291	1158
352	1139
354	1099
353	1198
393	1164
427	1436
390	1247
361	1020
393	1025
375	1086
379	1163
350	1071
369	1131
371	1252
384	1047
398	1005
421	1140
374	1114
344	1166
334	1328
382	1089
393	978
341	929
294	879
314	974
359	1000
341	941
335	1201
357	1197
381	1045
394	1064
383	1028
425	944
372	1096
361	1185
394	1229
358	992
400	1068
367	1212
372	959
398	1072
391	1137
440	1178
349	1086
383	1148
397	1136
382	995
413	977
351	1052
450	1183
386	1065
381	1133
390	1466
372	1386
424	1247
372	1274
339	989
402	1005
364	1033
361	1050
401	1035
375	1204
386	1125
392	1264
381	1188
354	1174
412	1216
362	1098
321	1064
340	1294
355	1027
392	1003
376	1115
340	1098
365	1017
351	1062
380	1026
385	1180
380	1050
400	1021
345	1103
372	1034
352	1029
413	982
350	1090
403	1250
342	1082
344	1045
321	1010
325	1188
347	1033
328	1059
310	1132
349	1201
347	1070
344	1105
342	1148
350	1125
366	1145
320	1120
326	1028
330	1070
347	962
346	955
335	909
339	1308
309	1446
345	1301
327	1232
371	1211
359	962
313	1131
351	1211
296	1139
358	1439
367	1375
418	1346
359	1086
362	1074
330	1116
330	1014
328	1174
334	1285
344	1065
313	1205
361	1137
403	1161
339	1193
397	1290
410	1239
342	1150
402	1054
357	994
384	1165
361	1225
330	1032
362	1093
393	1128
368	1314
440	1216
329	1099
325	1333
308	1169
369	1207
368	1396
350	1372
349	1287
397	1196
411	1317
382	1068
367	1201
327	1244
327	1346
363	1141
401	1335
366	1213
348	1171
338	1257
335	1407
400	1283
384	1094
350	1183
380	1303
388	1330
394	1407
375	1246
354	1128
420	1246
383	1427
388	1349
360	1656
412	1521
362	1396
357	1258
338	1255
301	1270
362	1338
356	1401
380	1244
345	1195
359	1072
338	1142
370	1070
406	1211
392	1087
382	1268
319	1156
327	1265
319	1186
340	1133
360	1077
377	1152
375	1290
356	1234
344	1256
395	1306
406	1179
357	1007
360	1083
392	1173
400	1209
356	1163
353	1043
324	1074
334	1206
432	1052
402	1182
349	1275
393	1179
407	1289
407	1114
346	1040
382	897
377	946
392	956
388	1074
381	1028
392	948
376	1208
388	1602
410	1167
332	1083
341	1117
432	1106
378	981
363	1050
410	1160
358	1191
381	1093
342	1191
377	1096
409	1131
403	1246
358	1266
346	1184
354	1221
303	910
340	984
312	1156
375	1109
391	1162
354	1114
375	1127
307	1129
357	1396
441	1150
388	1153
329	1384
328	1062
355	1190
323	1096
371	1303
336	1248
380	1296
348	1139
381	1186
330	1248
332	1414
334	1136
366	1221
353	1281
365	1021
410	1167
377	1131
366	1011
351	1132
341	1148
423	1227
383	1083
367	1067
377	1066
387	1315
387	1122
379	1067
354	1160
355	1274
365	1215
407	1134
353	1050
370	994
405	1115
388	1102
384	1209
371	1346
358	1150
378	980
323	1138
391	1316
354	1110
404	1472
440	1231
419	1135
352	1081
384	1409
363	1222
383	1325
326	1423
309	1255
359	1335
416	1349
352	1259
371	1306
351	1295
396	1360
356	1460
386	1538
359	1191
398	1413
385	1262
383	1079
360	1184
344	1469
332	1328
321	1222
320	932
341	1008
356	1001
309	1184
338	1073
344	1348
381	1274
393	1256
358	1194
339	1077
353	1017
395	1053
391	1018
330	1024
321	1032
376	1237
373	953
358	1028
368	1096
309	1161
338	1144
392	1094
371	1270
360	1195
392	1278
344	1071
349	1170
312	1168
319	1114
402	942
354	1028
324	1340
336	1116
320	1129
333	1004
339	983
338	939
331	907
334	943
283	933
305	825
289	1058
324	860
336	1012
309	1005
294	884
358	1059
323	876
326	1179
359	1072
348	987
345	905
391	1079
368	1235
359	1173
366	1078
355	1055
350	1025
343	1036
329	1031
330	1025
344	987
363	1093
396	1090
391	1266
326	1284
302	1172
356	1123
329	1166
324	1067
346	1084
386	1277
320	1125
312	1062
342	1106
331	1198
383	1254
350	1000
320	1088
306	1070
440	1367
379	1181
373	1297
414	1210
405	1307
387	1407
349	1372
383	1399
321	1270
381	1476
294	1382
364	1398
359	1238
343	1294
368	1149
309	1243
326	1084
337	1194
367	1007
371	1026
376	1290
340	1230
368	1179
402	1325
382	1352
367	1108
387	1075
358	1139
377	1332
344	996
338	901
389	940
370	908
398	941
385	960
393	975
378	1059
346	1065
339	957
327	1028
330	1002
363	944
400	1090
325	988
361	1024
392	1231
419	1168
389	896
376	1050
381	1162
375	1169
354	1021
371	932
387	1066
376	1121
349	1233
376	1216
376	1069
371	1026
347	896
359	843
335	1070
359	1307
387	1295
373	1220
299	1222
317	1400
314	1208
357	1085
401	1368
394	1194
350	1341
398	1192
446	1247
341	1202
337	1190
383	1362
432	1234
347	1139
394	1190
395	1213
370	1131
328	1118
388	1215
370	1188
431	1441
385	1290
396	1321
394	1075
415	1246
414	1093
407	1161
435	1211
432	1094
419	1168
442	907
489	971
511	1042
533	1076
491	1225
548	1150
509	1157
538	1553
530	1307
572	1245
639	1217
568	1539
629	1375
564	1252
517	1152
508	1195
466	1411
470	1538
443	1327
521	1150
543	1123
592	1472
612	1391
564	1370
671	1355
653	1391
840	1195
785	1251
820	1335
887	1489
1367	1578
2084	1428
2193	1182
1659	1214
1402	1348
1642	1296
1203	1286
1606	1386
1482	1457
1349	1307
1214	1034
1327	1236
1235	1267
1222	1173
1321	1341
1510	1313
1557	1286
1344	1191
1287	1176
1252	1151
1277	1246
989	1273
841	1282
844	1143
1045	1241
957	1198
902	1198
825	1191
851	1359
899	1247
853	1346
803	1233
667	1372
522	1264
612	1308
633	1513
615	1618
500	1324
502	1344
510	1255
494	1465
507	1467
448	1379
473	1307
480	1333
441	1201
413	1252
424	1252
395	1154
348	1214
378	1453
384	1262
402	1102
392	1076
347	1021
340	959
338	1110
369	1125
322	1179
358	1235
433	1331
413	1346
407	1289
401	1324
455	1297
387	1008
407	1014
366	1105
391	1126
371	1124
325	1175
334	1192
360	1177
406	1283
343	1117
388	1308
358	1405
374	1355
371	1198
401	1209
415	1266
367	1282
342	1130
378	1066
329	1139
384	1202
398	1081
379	1047
373	1260
361	1234
412	1212
367	1271
411	1122
419	1064
437	1103
382	1119
385	1083
389	1181
407	1118
365	1077
354	1122
366	1099
372	1211
334	1132
351	1097
393	1258
352	1233
352	1141
345	1317
345	1054
323	1209
342	1148
347	1167
320	1159
343	1203
292	1310
309	1255
288	1047
319	1073
307	1086
335	1072
338	1292
344	1150
304	1082
317	1215
329	1266
342	1265
320	1413
297	1415
374	1297
357	1303
317	1187
315	989
373	901
370	1132
379	1099
368	1037
355	1017
353	1060
343	1161
355	1052
370	1147
342	1034
327	946
306	1085
319	1192
293	1031
385	1101
400	1039
330	1095
350	1184
364	1246
362	1146
352	1118
334	1069
357	1144
386	1183
357	1329
303	1209
403	1345
320	1285
392	1141
367	1175
389	1156
350	1221
355	1087
346	1182
363	1077
349	1095
373	1159
305	1142
324	1117
338	1078
358	1185
351	1219
309	1193
301	1331
358	1394
284	1217
378	1347
345	1170
366	1240
395	1285
444	1268
379	1283
362	1123
320	1340
301	1057
299	1285
340	1324
351	1243
337	1233
363	1104
333	1276
338	1231
322	1276
329	1258
372	1326
343	1391
351	1529
359	1399
388	1279
306	1229
343	1206
336	1335
368	1322
335	1283
391	1162
364	1198
335	1304
335	1282
356	1440
344	1414
342	1742
355	1587
347	1772
373	1606
405	1429
394	1399
338	1151
351	1208
361	1247
365	1499
351	1592
352	1425
357	1261
334	1259
351	1290
344	1418
340	1489
351	1388
324	1324
310	1340
362	1400
353	1413
334	1304
306	1386
276	1293
337	1413
352	1483
355	1648
358	1358
344	1313
311	1374
376	1487
281	1467
317	1349
371	1457
299	1305
321	1117
308	1244
361	1341
328	1223
344	1204
335	1068
331	1106
313	1065
359	940
374	994
368	1210
348	1032
340	1008
354	1056
318	1113
386	967
337	1087
327	1084
376	1126
407	1326
408	1372
387	1190
345	1189
315	1522
315	1413
363	1174
325	1218
298	1119
356	1095
353	996
392	1126
362	1233
330	1087
361	1264
372	1007
313	1073
342	1189
348	1015
340	1047
342	969
370	958
433	1021
382	1163
444	1097
392	1151
357	1135
394	1409
328	1118
387	1033
413	1156
460	1072
456	935
438	1143
367	1251
407	1167
413	1526
350	1207
418	1024
368	1091
406	1191
396	1250
365	1290
371	1239
371	1459
357	1159
327	1076
364	1169
363	1176
346	1062
392	1179
375	1032
355	1059
352	1188
349	1281
383	1275
384	1086
367	1108
355	987
356	1110
348	1036
384	1238
398	1023
399	1111
397	1196
368	1357
426	1559
377	1577
409	1340
370	1285
373	1324
351	1436
366	1380
348	1119
399	1261
430	1419
423	1411
434	1253
333	1168
393	1087
348	1126
334	1074
368	1015
468	1275
377	1469
361	1528
352	1401
376	1400
390	1201
322	1211
376	1414
316	1379
354	1263
365	1089
367	1315
339	1402
348	1401
420	1307
346	1107
359	1220
347	1182
366	1133
422	1298
394	1067
352	1098
366	1155
381	1188
379	1147
323	1206
389	1173
349	1178
364	1337
376	1336
429	1300
369	1237
359	1214
360	1260
385	1312
398	1259
367	1197
369	1192
394	1060
302	1068
331	999
358	928
369	1023
407	1140
396	1043
328	1211
407	1204
407	1222
425	1146
385	1119
416	1172
340	1118
396	1342
366	1392
428	1416
377	1196
347	1368
399	1247
436	1213
396	1297
400	1142
352	1115
316	1013
432	1181
355	1245
396	1065
408	1115
350	1197
368	1420
417	1424
432	1332
440	1450
433	1279
413	1260
434	1170
424	1451
369	1350
410	1214
410	1121
446	1111
453	1042
387	1144
426	1292
397	1279
446	1327
421	1277
448	1117
452	1016
406	1030
389	958
377	1320
343	1654
406	1393
404	1338
400	1242
395	1270
410	1213
419	1254
391	1273
419	1216
364	1198
396	1036
418	1127
409	1065
361	1206
376	1154
337	1089
308	1056
332	1092
383	1339
323	1382
345	1244
373	1183
383	1127
374	1250
346	1458
349	1208
433	1296
305	1208
356	1048
354	1261
348	1249
344	1129
378	1216
401	1150
411	1026
410	1099
394	967
343	1215
303	1124
405	933
343	1313
372	1336
341	1122
360	1150
424	1270
465	1405
424	1331
400	1197
402	979
428	1186
338	1286
355	1069
394	1105
399	1310
388	1253
486	1151
616	1261
538	1323
569	1472
777	1434
914	1359
962	1358
1060	1240
997	1490
979	1629
1066	1586
1024	1466
958	1299
826	1263
852	1322
1118	1204
1358	1243
1327	1383
1167	1396
958	1143
1159	1316
1432	1329
1646	1134
1671	1171
1515	1475
1430	1295
1511	1272
1392	1322
1334	1311
1389	1273
1598	1583
1685	1375
1623	1212
1812	1519
1861	1473
1973	1246
1501	1332
1144	1279
1134	1458
1152	1617
1071	1362
871	1128
723	1422
675	1460
675	1276
706	1172
586	1249
510	1079
492	1229
583	1381
567	1335
471	1488
425	1281
464	1348
475	1442
496	1537
521	1549
449	1375
458	1256
495	1440
466	1537
451	1396
493	1287
473	1030
467	940
490	1080
495	1194
507	1084
482	1065
482	1048
465	1023
472	1251
468	1059
401	1143
470	1259
452	1302
424	1267
461	1363
458	1349
494	1387
451	1413
456	1374
459	1365
432	1451
432	1437
434	1476
412	1463
419	1181
415	1120
392	1008
441	1039
422	1170
455	1069
422	1134
432	1236
447	1134
473	1179
529	1013
475	1007
483	1167
431	1123
412	1139
423	1297
447	1205
391	1139
451	1222
436	1304
405	1045
426	1258
370	1228
454	1318
450	1342
404	1344
390	1497
443	1133
429	1299
432	1288
384	1312
428	1180
447	1523
479	1485
452	1121
567	1070
456	1008
472	1200
459	1498
416	1289
436	1265
421	1583
383	1578
408	1438
396	1300
424	1447
377	1269
413	1425
345	1360
372	1212
399	1342
377	1253
356	1355
359	1371
370	1450
406	1337
361	1588
387	1460
390	1386
363	1368
391	1324
369	1310
335	1353
362	1457
412	1551
365	1459
364	1505
384	1446
392	1291
371	1248
428	1106
402	1223
387	1259
360	1260
368	1141
410	1247
426	1324
416	1196
362	1216
411	1035
401	1158
403	1130
336	1223
388	1168
392	1346
376	1342
357	1352
359	1182
389	1400
346	1101
384	1197
464	1383
438	1183
431	1164
364	1180
447	1286
474	1306
421	1524
405	1425
383	1365
422	1138
383	1213
412	1143
455	1202
411	1073
391	1125
458	1114
404	1354
462	1249
451	1109
442	1282
437	1112
432	1168
394	1447
441	1239
431	1298
377	1102
461	1145
460	1037
405	1120
443	1110
409	1045
449	1097
426	1237
366	1306
400	1126
382	1071
368	1168
370	1252
280	1060
308	1053
349	1143
346	1440
346	1394
339	1136
347	1172
342	1157
322	1230
355	1357
374	1313
341	1159
330	1124
401	1225
399	1131
390	1070
410	1161
432	1013
431	1118
364	1156
388	1240
402	1187
397	1061
391	1193
399	1180
393	1242
363	1212
353	1322
392	1228
377	1300
368	1232
387	1450
370	1467
404	1248
433	1361
429	1247
432	1375
376	1423
375	1309
327	1187
373	1143
343	1329
321	1217
321	1230
299	1243
332	1220
336	1129
350	1046
373	1121
364	1065
344	1181
365	1007
393	915
450	988
425	1236
416	1099
392	965
400	992
450	924
442	980
501	1126
489	1220
511	1244
519	1206
476	1191
450	1410
530	1491
485	1172
500	1314
446	1340
499	1321
460	1316
480	1230
513	1189
546	1132
499	1257
474	1193
454	1023
553	1099
506	1049
544	1058
588	1049
551	1163
601	1176
565	1096
572	988
565	1108
492	1153
536	1202
581	1155
564	1150
521	1315
528	1628
568	1402
497	1420
543	1475
607	1257
621	1298
656	1236
616	1252
625	1236
628	1224
590	1212
487	1180
531	1122
517	1291
549	1327
487	1258
529	1235
524	1445
457	1348
412	1092
546	1001
454	1228
429	1097
440	1101
435	1275
419	1290
479	1266
427	1193
485	1310
537	1138
435	1062
487	1047
448	1046
470	1269
438	1265
449	1114
420	1186
392	1176
372	1114
401	1229
376	1232
394	1319
412	1153
360	1107
359	1179
377	1166
358	1117
353	1085
357	1320
400	1234
347	1112
372	1212
369	1203
399	1183
412	1085
355	1238
371	1298
417	1361
382	1215
315	1165
359	1267
334	1155
357	1277
347	1158
315	1256
307	1244
319	1208
366	1271
344	1346
405	1466
368	1395
318	1258
320	1227
260	1220
383	1117
366	1286
397	1356
403	1494
370	1395
353	1160
351	1106
368	1238
368	1221
323	1293
391	1167
345	1309
354	1476
388	1228
366	1084
380	1270
385	1369
383	1295
380	1175
401	1058
372	1221
341	1209
381	1133
391	1062
375	1366
352	1292
358	1281
346	1158
386	1241
386	1150
410	1326
387	1426
340	1198
349	1159
332	1339
324	1394
346	1266
314	1095
291	1074
303	975
351	1299
347	1305
376	1159
346	1399
387	1380
398	1396
374	1303
427	1391
374	1534
342	1432
390	1366
318	1253
330	1068
356	1150
330	1155
348	1198
347	1288
370	1425
378	1272
298	1170
337	1037
367	1113
358	1216
337	1176
305	1077
293	1150
269	1206
304	1181
341	1199
322	1342
319	1086
294	1167
308	1216
331	1298
390	1332
304	1207
327	1347
322	1249
336	1235
354	1291
352	1357
351	1190
363	1418
351	1215
348	1325
383	1291
377	1194
373	1253
401	1284
405	1404
432	1324
376	1505
366	1363
343	1524
375	1217
375	1215
366	1286
353	1330
409	1243
397	1489
437	1594
415	1486
379	1413
394	1284
425	1250
345	1407
377	1406
369	1561
416	1321
383	1278
412	1342
365	1188
350	1165
346	1263
341	1367
386	1104
355	1072
396	1176
398	1236
399	1108
373	1239
380	1299
386	1542
338	1460
394	1196
386	1060
350	1175
359	1361
350	1246
357	1289
361	1349
371	1233
361	1269
425	1211
376	1157
325	1359
364	1362
375	1064
389	1102
386	1126
374	1035
355	1266
413	1114
345	1212
365	1148
387	1124
388	1118
341	1190
352	1227
356	1216
396	1128
335	1245
422	1409
354	1285
369	1335
353	1289
293	1198
323	1076
344	968
316	1127
324	1147
360	1076
403	1115
427	1082
342	1042
365	1041
360	950
367	1091
348	1227
347	1059
354	1207
371	1135
421	1064
406	1110
386	986
431	882
464	1044
443	1133
448	1190
427	1161
392	1099
352	1292
372	1475
331	1398
314	1122
336	1235
336	1369
316	1111
338	1284
335	1153
377	1175
385	1165
369	1046
304	1218
356	1453
342	1378
295	1270
324	1236
317	1234
334	1126
294	1180
295	1122
336	1258
359	1249
375	1303
344	1251
359	1222
341	1167
378	1404
363	1312
361	1378
360	1234
327	1220
377	1328
402	1388
388	1336
378	1136
449	1231
390	1321
393	1422
434	1445
407	1390
388	1586
370	1385
372	1461
378	1392
388	1528
376	1368
424	1508
363	1465
320	1452
305	1550
347	1272
402	1198
378	1369
412	1502
371	1722
403	1281
388	1229
352	1113
333	1113
354	1125
398	1242
376	1299
385	1038
388	1188
392	1152
347	1352
332	1191
368	1226
366	1133
364	1212
330	1163
354	1141
344	1240
335	1137
358	1118
319	1153
327	1233
362	1038
383	1161
392	1105
359	1238
351	1246
351	1054
353	1234
345	1183
356	1179
375	1325
400	1215
401	1123
394	1275
351	1155
371	1214
355	1151
354	1266
359	1146
363	1099
359	1052
358	1039
327	1099
312	1010
306	1161
303	1099
357	1146
315	1143
335	1244
314	1094
341	1236
301	1305
353	1361
316	1307
309	1148
330	1134
307	1258
320	1198
335	1479
364	1402
342	1280
327	1136
407	1172
363	1011
375	1177
356	946
332	1222
355	1306
385	1393
313	1209
321	1138
350	1048
348	1256
378	1093
327	1383
333	1278
346	1430
355	1291
406	1182
400	1205
418	1158
423	1097
392	1176
441	938
464	1083
463	1244
544	1210
550	1071
601	1190
533	1099
566	1133
505	1106
544	1182
466	1166
518	1352
563	1423
584	1364
627	1541
565	1493
529	1213
547	1165
571	1341
463	1211
468	1003
524	1068
512	1015
435	1073
396	867
432	959
379	1072
452	1099
500	1129
410	1125
405	1151
430	1112
427	1184
420	1252
472	1226
418	1168
372	1299
389	1111
462	1463
424	1518
372	1425
375	1342
403	1182
331	1294
345	1285
316	1438
387	1283
431	1225
354	1401
407	1163
385	1108
350	1142
423	956
345	1076
352	1193
361	1208
408	1191
398	1128
362	963
388	1232
376	1099
359	1049
354	1114
386	1248
318	1144
352	1062
379	1155
378	1081
366	1038
383	1090
330	1027
390	1114
380	1256
349	1208
320	1207
329	1125
330	1178
308	1117
350	1099
333	1179
319	1232
334	1151
292	1051
287	1112
329	1136
354	1046
407	1113
329	1162
375	1108
370	1408
395	1414
416	1306
334	1171
344	1243
354	1200
404	1487
330	1175
342	1414
324	1325
303	1515
318	1536
377	1728
377	1458
328	1581
301	1293
362	1363
316	1175
309	1120
341	1219
315	1138
341	1141
362	1178
387	1158
373	1368
341	1151
356	1087
331	1121
412	1131
371	1265
373	1244
335	1034
345	1143
336	1229
317	1383
391	1215
321	1165
293	1161
338	1204
334	1272
309	1249
337	1235
283	1073
336	1063
296	1113
366	1213
380	1254
380	1284
405	1273
405	1234
326	1081
331	1095
358	1081
389	1043
355	1001
402	999
383	1040
418	1116
408	1195
402	1075
399	1137
389	1076
368	1019
378	1151
358	1202
350	1189
367	1247
359	1190
351	1180
392	1106
433	1109
399	1105
416	1214
407	1213
381	1171
427	1316
483	1360
433	1346
467	1064
533	1480
666	1422
822	1317
990	1332
934	1518
863	1470
957	1418
1179	1551
1182	1679
1238	1429
1193	1432
1446	1601
1800	1405
2047	1409
2125	1378
2071	1237
2398	1200
3131	1394
3462	1431
3379	1600
3112	1563
3158	1603
3287	1723
3231	1531
3481	1707
3228	1676
3300	1493
3884	1465
4885	1479
5264	1612
5539	1582
5689	1461
6519	1668
7427	1904
7802	1700
7889	1885
7973	1865
8011	1855
7853	1932
7374	1820
7282	1796
7007	1711
6594	1422
6104	1554
5881	1704
5382	1493
5445	1382
5465	1419
5551	1518
5452	1684
5570	1517
5587	1529
5433	1385
5497	1276
5456	1324
5310	1461
5187	1530
5248	1437
5230	1342
4962	1437
4777	1430
4548	1434
4427	1576
4032	1498
3660	1203
3104	1255
3097	1390
2935	1281
2894	1343
2585	1525
2365	1327
2045	1234
2051	1392
1831	1408
1125	1176
654	1418
610	1299
602	1242
556	1282
516	1109
404	1137
450	1094
453	1097
452	1157
459	1190
370	1100
412	1262
434	1251
415	1229
392	1201
420	1457
423	1180
407	1127
360	1027
331	868
350	1090
346	1247
406	1114
355	1331
329	1350
398	1208
373	1008
349	887
347	1070
376	1138
363	1136
332	1148
366	1268
343	1232
342	1191
311	1019
358	1241
337	1056
334	1059
339	1178
381	1146
446	1249
384	1202
383	1384
390	1248
313	1276
346	1196
392	1132
352	1035
365	1069
352	1039
362	1072
422	1043
344	1148
374	1347
377	1501
357	1142
391	1181
415	1245
396	1194
411	1165
367	1207
370	1424
347	1534
349	1430
315	1372
360	1293
369	1385
408	1341
385	1429
411	1406
360	1391
343	1308
409	1316
330	1201
365	1236
370	1398
371	1324
400	1299
398	1155
298	1572
361	1468
318	1150
331	1200
325	1189
330	1264
338	1311
375	1348
413	1394
367	1488
398	1369
394	1247
374	1097
356	1365
356	1327
347	1210
369	1309
337	1317
330	1056
386	1034
400	1173
382	1013
336	1195
320	1108
312	1103
374	1130
333	1089
314	1153
336	1199
352	1147
380	1012
294	1031
338	1022
327	1101
407	1077
294	1065
367	1002
331	1150
306	969
338	1035
362	952
407	1037
374	1150
377	1131
270	1142
308	1248
402	1194
419	1098
407	1049
358	1016
338	1149
341	1058
341	1128
342	1104
387	1145
404	1182
384	1239
376	1098
336	1178
378	1186
377	1217
426	1062
379	887
348	1102
343	1186
328	1239
342	928
363	996
383	899
399	992
344	972
324	1079
379	1070
392	975
362	1090
416	1016
432	1196
374	1150
338	1079
358	1036
336	1164
335	1164
386	1077
363	1058
356	1224
427	1060
412	955
422	1035
391	1168
368	1123
362	1141
374	1158
350	992
367	973
389	1332
395	1368
359	1429
349	1463
354	1321
369	1074
376	1269
406	1240
459	1010
451	1171
406	1198
401	1131
402	1042
456	1128
427	1181
374	1192
403	1282
414	1284
406	1439
433	1444
419	1233
463	1339
414	1188
483	1382
490	1260
494	1403
471	1303
484	1308
449	1372
459	1309
476	1245
552	1491
509	1458
529	1240
473	1064
499	1224
547	1361
539	1386
553	1305
484	1218
565	1198
590	1282
546	1375
555	1408
561	1338
575	1208
541	1177
559	1270
549	1237
595	1226
620	1250
599	1251
589	1207
645	1425
594	1449
609	1305
642	1213
636	1023
621	969
560	1133
617	1161
607	1137
619	1263
571	1311
583	1196
605	1414
655	1302
608	1357
599	1272
596	1137
527	1118
563	1342
569	1089
550	1170
543	1131
574	1232
545	1238
513	1141
519	1266
570	1344
549	1247
496	1355
551	1295
512	1132
540	1210
507	1103
542	1026
505	1025
464	1084
476	1233
477	1497
474	1247
437	1104
435	1201
413	1072
478	1263
479	1191
474	1458
422	1541
496	1315
461	1334
482	1191
439	1328
524	1358
466	1394
460	1383
471	1263
379	1321
408	1234
387	1191
403	1177
398	1266
