551	2475
530	2880
563	3530
565	3276
526	3487
590	3985
625	3624
504	2621
502	2046
499	1528
522	1602
549	1547
492	1530
464	1777
474	1689
514	1588
513	1711
484	2081
487	2856
471	2875
526	3430
487	2127
567	2069
495	1647
558	1665
497	1750
504	1731
441	1599
489	1727
468	1600
500	1585
514	1616
449	1550
407	1614
433	1549
463	1445
456	1612
503	1374
444	1577
483	1693
481	1591
422	1604
393	1646
448	1542
480	1625
485	1736
424	1707
418	1438
459	1648
441	1613
451	1477
514	1455
441	1490
511	1584
521	1630
521	1471
528	1531
513	1478
468	1735
513	1598
496	1426
437	1675
517	1676
511	1982
452	1613
496	1676
440	1523
451	1478
474	1588
457	1834
487	1569
482	1613
469	1911
595	2732
529	2270
502	3063
502	1781
502	1706
501	1821
521	1758
490	1833
511	1617
536	1812
539	1764
513	1670
573	1847
525	1477
555	1373
516	1482
509	1631
524	1692
556	1666
602	1647
521	1506
581	1721
588	1803
569	2021
595	2122
618	1762
619	1629
692	1721
658	1900
685	1715
610	1608
665	1737
641	1798
753	1843
814	1837
781	1457
900	1708
871	1803
930	1731
877	1787
813	1597
714	1548
568	1506
565	1444
610	1396
586	1375
604	1416
533	1318
524	1382
506	1307
532	1501
574	1648
578	1736
514	1397
466	1329
470	1326
558	1176
527	1349
513	1290
460	1369
485	1352
515	1517
492	1554
508	1638
527	1575
457	1525
464	1459
523	1691
484	1694
477	1702
503	1575
521	1735
424	1633
558	1621
499	1816
545	1721
505	1537
570	1521
490	1575
482	1624
550	1473
497	1437
547	1468
548	1503
532	1557
540	1648
484	1912
525	1729
501	1863
564	1548
534	1788
530	1847
515	1747
532	1892
575	1587
487	1790
555	1836
474	1731
545	1818
613	1840
549	1951
533	2004
559	1970
508	1936
545	2055
533	2386
505	2344
528	2374
573	2340
536	2407
528	2277
485	1850
515	1874
517	1978
546	2026
618	2170
567	2088
623	2242
594	2064
565	2319
565	2745
552	2700
527	2538
468	2608
532	2783
476	2732
535	2951
485	2720
613	2661
556	2181
578	1745
551	1671
544	2036
516	1905
524	1833
583	1600
560	1922
584	2264
583	2534
603	2847
614	3152
566	2774
546	2327
606	2832
606	2254
620	2028
609	1968
539	1973
549	2185
576	2324
571	2347
583	2400
557	2104
544	1857
565	1770
555	1774
492	2109
569	2303
544	2470
526	2158
479	1848
534	1605
588	1507
574	1615
527	1665
540	1703
513	1476
445	1421
471	1474
485	1944
508	1673
527	1650
487	1682
515	1736
521	1611
509	1539
525	1589
541	1489
564	1672
502	2000
590	1796
570	1747
561	1745
554	1838
501	1458
502	1705
539	1752
479	1935
579	1855
605	1705
551	1591
508	1616
559	1566
540	1577
558	1662
608	1820
579	1802
558	1604
569	1503
582	1533
543	1627
581	1479
623	1592
624	1548
640	1640
615	1580
485	1515
569	1526
551	1735
671	1845
654	1796
673	1859
709	1587
751	1612
703	1511
738	1692
792	1714
733	1497
649	1637
613	1485
653	1674
670	1809
658	1737
613	1781
599	1800
691	1674
678	1691
661	1496
753	1599
791	1571
826	1871
773	1508
754	1422
722	1345
773	1502
777	1654
753	1599
820	1737
721	1764
722	1894
702	1776
721	1701
666	1725
605	1668
622	1821
682	2066
721	2140
660	2377
787	2133
652	1934
769	1821
730	1813
745	1639
619	1542
664	1500
773	1451
739	1602
703	1727
754	1612
687	1549
790	1564
817	1683
775	1780
793	1560
714	1774
697	1795
842	1506
786	1607
823	1551
752	1503
737	1555
735	1545
686	1617
592	1622
681	1458
657	1603
684	1629
687	1417
641	1576
719	1535
611	1754
731	1763
752	1591
776	1422
742	1555
782	1880
695	1855
661	1809
623	1826
708	1807
737	1785
714	1766
682	1676
651	1621
599	1705
633	1552
647	1576
671	1523
660	1519
621	1594
574	1815
648	1890
666	1553
601	1961
603	2312
573	2212
601	1932
572	1893
607	1991
561	1956
573	1969
538	1783
600	1855
597	1931
617	1918
594	1992
621	1575
596	1474
539	1793
581	1591
577	1534
552	1558
490	1499
488	1650
527	1846
520	1727
526	1738
550	1666
562	1582
568	1910
558	1504
639	1544
583	1863
671	1726
864	1786
1167	2206
1311	2323
1216	2197
1530	2250
1793	2058
2403	2416
3025	2672
2831	2439
2751	2522
3397	2986
3632	3198
3567	3403
3745	3674
3497	3548
3713	3654
3977	3798
3592	3445
3337	3206
3146	3092
2726	2701
2160	2139
1874	2097
2008	2110
2009	2315
1914	2285
1595	2131
1212	1883
1006	1857
1041	1934
1014	1881
832	1776
652	1490
545	1497
628	1542
671	1716
565	1627
568	1586
557	1341
560	1487
588	1550
606	1456
562	1344
528	1511
494	1331
503	1278
578	1300
528	1305
598	1237
570	1348
508	1289
577	1409
550	1518
486	1773
523	1570
563	1692
481	1784
536	1459
515	1537
541	1511
532	1457
571	1543
573	1439
549	1409
529	1565
554	1690
569	1739
559	1544
540	1533
558	1508
583	1456
539	1463
580	1568
646	1539
661	1491
667	1428
600	1518
545	1549
518	1386
577	1560
563	1472
485	1418
467	1325
507	1439
512	1522
503	1354
518	1497
496	1269
421	1359
474	1527
465	1301
506	1439
482	1417
516	1511
527	1349
509	1440
534	1423
507	1378
504	1462
498	1375
473	1495
493	1592
529	1542
494	1469
488	1472
472	1632
440	1913
510	1870
468	1683
445	1594
483	1684
449	1745
532	1870
548	1855
444	1620
423	1551
466	1518
464	1685
454	1861
493	1767
509	1726
501	1702
491	1593
461	1838
462	1812
462	1731
479	2016
430	2015
487	2060
483	2335
474	2277
473	2256
483	2134
470	2007
423	1894
471	1923
527	1687
467	1947
528	1928
504	1810
515	1789
485	1682
507	1636
548	1590
513	1593
563	1496
543	1526
571	1595
675	1717
604	1445
597	1544
628	1534
545	1356
647	1363
648	1410
609	1489
590	1356
635	1278
619	1209
678	1394
636	1274
731	1349
755	1459
897	1624
933	1517
996	1623
1119	1505
1122	1641
1170	1622
1175	1531
1106	1749
989	1855
992	1473
1018	1500
988	1312
936	1445
876	1381
788	1447
852	1337
879	1498
876	1518
990	1816
1035	1645
979	1639
981	1785
949	1783
968	1672
983	1450
977	1514
868	1541
753	1554
677	1504
787	1595
654	1427
623	1348
619	1532
674	1455
610	1545
560	1558
549	1459
553	1520
504	1390
496	1402
513	1583
556	1609
572	1614
577	1531
482	1582
507	1588
544	1670
507	1441
488	1645
580	1944
587	2094
510	1894
568	2124
531	2188
549	1978
506	1892
470	1872
546	1770
557	1689
537	1720
548	1842
529	1698
615	2142
660	2298
635	2349
540	2463
544	2302
519	2427
557	2137
542	2001
553	1750
450	1734
494	2062
512	2775
533	3151
509	3173
593	3588
649	4289
657	4326
660	4198
661	3843
578	3744
650	3012
545	2455
513	1900
562	1956
539	1964
512	1860
525	1697
565	1873
590	1973
547	1707
541	1515
558	1835
566	2062
602	2286
616	2572
597	2671
693	2667
651	2458
606	2624
690	2942
639	2702
686	2318
698	2551
591	2375
580	2048
559	1939
564	1839
575	1974
553	1902
582	1977
572	1577
593	2020
656	1914
651	1991
702	1946
647	1857
667	1698
663	1960
659	1605
644	1857
710	1648
640	1703
613	1696
634	1554
628	1624
618	1608
591	1755
629	1433
653	1565
586	1637
556	1664
583	1581
580	2032
611	1602
645	1435
606	1716
604	1644
651	1671
648	1403
601	1339
597	1487
622	1717
625	1792
643	1749
706	1679
724	1556
722	1556
645	1590
715	1378
753	1362
802	1350
680	1616
658	1470
673	1635
707	1477
629	1519
621	1686
592	1575
567	1481
640	1344
621	1399
644	1468
646	1519
646	1624
593	1598
641	1706
640	1529
693	1468
714	1357
634	1435
637	1578
653	1488
607	1398
581	1457
617	1394
644	1341
663	1460
689	1498
695	1504
732	1316
740	1629
735	1721
733	1602
731	1779
750	1798
759	1629
727	1658
802	1739
754	1660
763	1719
694	1728
707	1541
749	1822
776	2016
756	1862
726	1671
774	2033
751	2094
726	2168
773	2080
791	1927
821	2044
926	1848
872	1879
866	1858
838	1745
951	1701
1036	1611
1048	1507
988	1619
1082	1575
1148	1458
1245	1677
1242	1608
1223	1555
1126	1785
1065	1689
1142	1698
1106	1859
1117	1638
1253	1833
1297	1657
1385	1580
1535	1765
1732	2084
1865	1989
1920	1818
2114	1970
2495	1859
2704	1872
2488	1820
2563	1835
2852	2139
3137	2300
3205	2345
2810	2350
2601	2478
2702	2248
2941	2320
3064	2410
3092	2333
2979	2258
3328	2518
3529	2564
3692	2720
3930	2840
3976	2985
4078	2820
3986	3100
4109	3033
3898	2752
3780	2628
3552	2582
3588	2563
3264	2337
3105	2111
2818	2089
2721	2042
2684	2111
2914	2118
3037	2130
3138	2198
3263	2501
3568	2592
4022	2710
4295	2889
4157	2343
4377	2455
4331	2515
4445	2499
4280	2575
4074	2446
3950	2314
3768	2369
3529	2539
3408	2329
3270	1963
3218	1973
3208	2004
3257	1908
3165	2091
3002	1933
3042	2018
3123	2130
3219	2200
3234	2452
3109	2086
2846	1828
2915	2071
2786	1981
2999	1923
3174	2242
3181	2074
2757	2048
2733	2212
2642	2183
2771	1953
2554	1956
2547	1750
2593	1868
2523	1859
2709	1911
2677	1748
2839	1988
2881	2131
3157	2566
3322	2324
3404	2249
3514	2544
3546	2605
3394	2412
3179	2230
2826	2150
2677	2155
2675	2079
2537	1986
2176	1887
2123	1742
2170	1873
2086	1728
2155	1886
2026	1751
1847	1957
1937	1766
1800	1791
1848	1977
1808	1899
1962	1758
2079	1770
1930	1914
2014	1855
1881	1878
1823	1739
1678	1837
1622	1963
1597	1881
1605	1704
1647	1522
1691	1545
1684	1728
1738	1736
1620	1594
1576	1478
1392	1810
1525	1728
1657	1625
1683	1875
1422	1832
1232	1924
1190	1550
1246	1807
1467	1707
1279	1505
1222	1788
1178	1754
1112	1706
1136	1826
1051	1715
979	1558
888	1640
855	1521
875	1696
838	1609
821	1702
893	1719
854	1658
908	1549
935	1419
925	1720
876	1696
904	1634
913	1760
921	1678
821	1597
774	1552
752	1511
809	1700
742	1744
717	1769
650	1519
706	1713
705	1653
689	1580
682	1345
690	1422
704	1457
780	1560
753	1544
757	1427
870	1595
915	1929
942	2096
964	1920
879	1874
874	1963
936	1832
855	1918
749	1640
812	1686
834	1917
764	1845
767	1744
743	1863
811	1773
859	1750
1028	1725
1273	1636
1365	1660
1437	1668
1526	1817
2157	2044
2536	2346
2445	2159
2345	2116
2169	2101
2287	2029
2834	1766
2990	1815
2335	1961
2031	2134
3083	2286
4175	2378
3599	2190
3488	2315
3772	3010
4603	2774
5641	2814
5746	2796
5207	2580
4696	2777
4965	2967
5542	2826
5645	2614
5409	2446
5117	2534
5540	2729
6308	2981
6976	3362
7013	3763
6919	3942
7021	4421
6669	4158
6317	3750
5832	3342
6179	3246
6315	3412
5833	3162
5074	2877
4786	2508
5056	2694
5337	2654
5451	2471
4876	2839
4616	2699
4425	2591
4324	2614
3629	2901
2871	2192
2358	2210
2155	2084
2073	2258
1993	2150
2020	2118
1895	2061
1930	1977
2283	1980
2500	2093
2768	2278
2848	2240
3071	2437
3550	2527
3681	2641
3659	2754
3551	2437
3388	2424
2990	2100
2690	1941
2384	2106
2378	2093
2206	2265
1798	2103
1803	2116
1738	2082
1630	1995
1784	1935
1884	1844
2209	1818
2675	2226
2839	2326
3096	2194
3329	2411
3799	2679
4188	2752
4027	2542
3622	2571
3216	2427
2931	2486
2869	2283
2460	2114
1814	1939
1374	1860
1344	1785
1330	1934
1185	1553
1050	1668
969	1793
1031	1591
1002	1697
1139	1942
1099	1820
1007	1777
899	2240
1058	2704
988	3213
913	2766
699	1721
716	1705
663	1732
757	1439
708	1761
619	1810
626	1785
603	1623
671	1314
661	1521
617	1671
557	1705
552	1753
554	1913
558	1580
593	1631
551	1684
579	1729
543	1764
543	1798
569	1929
485	1708
528	1299
500	1486
559	1466
525	1555
511	1605
524	1651
518	1683
580	1705
556	1460
504	1514
509	1668
542	1833
489	1474
471	1426
491	1461
505	1625
549	1594
453	1756
497	1653
531	1726
488	1550
491	1476
463	1319
490	1655
508	1593
462	1499
508	1396
500	1484
488	1431
477	1440
494	1291
478	1551
503	1500
525	1486
509	1651
510	1492
515	1723
469	1663
500	1565
512	1559
511	1517
545	1621
544	1483
554	1405
481	1699
477	1668
533	1497
577	1530
536	1672
533	1474
520	1572
466	1513
475	1390
479	1381
548	1383
531	1634
499	1623
481	1453
465	1417
470	1503
474	1312
510	1451
479	1568
519	1607
543	1869
489	1688
526	1621
525	1541
488	1427
534	1388
495	1420
540	1540
536	1608
524	1580
569	1372
516	1442
491	1298
550	1457
571	1486
563	1423
595	1280
567	1521
552	1458
596	1468
548	1535
500	1583
557	1454
498	1690
579	1739
521	1457
574	1670
537	1715
575	1812
573	1643
654	1606
626	1728
626	1705
637	1490
608	1376
618	1493
640	1524
738	1544
747	1844
690	1779
701	1921
672	1823
639	1788
683	1972
655	1858
666	2086
673	2223
711	1998
727	2010
763	1999
664	1890
647	1736
683	1894
687	2014
665	1874
708	1898
710	1872
695	2065
680	1838
671	1757
650	1599
655	1658
686	1541
683	1475
692	1673
744	2043
641	1742
676	1774
654	1711
726	1872
686	2290
668	1708
667	1835
653	1657
667	1703
627	1682
701	1622
649	1659
656	1595
693	1684
673	1673
638	1747
678	1788
606	1917
623	2084
646	2181
575	1642
624	1671
627	2217
634	2680
709	2441
644	2085
636	1495
565	1650
545	2056
617	1837
570	1895
567	1664
562	1616
582	1540
563	1642
572	1610
554	1473
574	1624
522	1678
538	1535
489	1608
466	1660
558	1803
596	1636
538	1726
601	1509
573	1480
550	1581
534	1793
539	1846
582	1844
480	1996
494	1902
517	1867
535	1856
577	1666
558	1700
586	1796
554	1742
603	1518
556	1535
561	1653
566	1634
554	1667
561	1753
490	1727
550	1693
545	1808
487	1684
559	1859
523	1805
538	1559
531	1813
485	1638
526	1506
536	1888
507	1800
491	1849
527	1786
508	1593
515	1621
491	1397
527	1370
565	1459
448	1658
475	1647
500	1510
508	1504
538	1522
513	1504
504	1584
552	1593
467	1444
492	1536
450	1457
505	1596
511	1581
561	1570
648	1642
512	1641
510	1575
522	1610
581	1480
576	1651
544	1723
536	1614
553	1667
560	1637
555	1691
527	2165
534	3065
456	2235
536	2046
548	2214
570	1938
580	1774
565	1846
605	1818
585	1831
587	1642
596	1664
547	1653
570	1599
565	1783
512	2092
487	1933
526	1864
545	1678
585	1737
549	1600
504	1762
515	1787
530	1772
533	1687
537	1753
618	1688
603	1717
600	1685
496	1575
574	1576
548	1679
526	1849
515	1732
492	2180
569	3560
575	2292
527	1866
682	4188
840	7936
775	6565
640	4423
707	5614
542	2623
583	2275
609	2601
524	2211
637	2503
557	2024
596	1834
562	1822
565	1819
602	1678
667	1525
663	1728
614	1618
610	1728
605	1706
625	1690
657	1781
648	1688
588	1973
677	1797
720	1854
774	1851
745	1754
866	1902
820	1788
1045	1746
1108	1832
1077	1838
1082	1820
1150	1808
1060	1837
1049	2011
899	2177
1003	1813
985	1930
858	1700
712	1690
733	1558
733	1563
702	1544
639	1765
615	1627
611	1601
573	1489
604	1599
612	2054
556	1988
522	2063
564	1812
605	1951
614	2057
533	1902
515	1825
478	1877
482	1735
538	1584
589	1773
531	1504
495	1692
563	1624
473	1813
503	1599
500	1819
500	1791
525	1649
506	1664
432	1579
591	1877
467	1658
538	1777
486	1760
499	1667
530	1619
550	1911
509	1568
471	1405
469	1442
522	1577
477	1594
509	1709
549	1828
558	1997
558	1964
568	1974
602	2166
536	1989
460	2006
562	2414
607	2074
596	2150
632	2224
712	2110
565	2323
597	2405
603	2203
587	2427
518	2201
546	2336
565	2259
594	2233
539	1992
575	1866
507	1852
582	1913
573	1991
551	1929
567	1842
581	1922
589	2018
551	2028
504	2157
511	2255
575	2232
521	1992
545	2208
536	2340
565	2320
515	2364
520	2500
550	2544
519	2452
524	2485
477	2453
497	2345
500	2214
543	2191
501	2141
520	2065
541	2158
554	2313
578	2350
548	2538
518	2340
480	2478
535	2522
548	2684
540	2741
463	2592
516	2911
528	2850
630	2953
568	2960
585	2776
592	2630
562	2373
540	2398
529	2426
544	2142
552	1890
513	1966
504	2306
533	2256
541	2240
542	2307
449	2444
561	2468
546	2373
545	2153
566	2264
566	2022
509	2086
565	2177
504	2093
478	2196
563	2136
524	1930
468	1721
479	1798
519	1734
533	2054
483	1950
443	1550
508	1631
457	1626
487	1665
466	1658
433	1665
476	1702
479	1609
474	1615
573	1498
576	1685
562	1709
521	1778
587	1585
543	1619
597	1537
565	1579
582	2041
622	1884
578	1545
553	1636
629	1708
524	1563
556	1751
591	2051
530	1885
544	1753
486	1764
453	1571
510	1682
488	1601
509	1483
491	1625
489	1488
478	1781
464	1671
486	1760
538	1437
585	1266
511	1585
497	1601
525	1657
494	1851
502	1757
493	1773
481	1817
498	1637
531	1712
482	1650
465	1523
502	1387
506	1462
489	1375
478	1615
498	1702
482	1663
570	1514
553	1490
562	1587
480	1339
446	1397
477	1348
499	1521
483	1593
525	1656
450	1729
398	1596
445	1420
502	1463
511	1530
442	1427
457	1478
544	1539
499	1827
477	1726
482	1433
504	1763
482	1627
482	1628
440	1555
504	1553
513	1503
495	1472
531	1646
498	1445
469	1467
462	1631
499	1526
488	1480
499	1530
496	1614
524	1643
550	1594
445	1404
478	1601
454	1526
472	1543
473	1447
454	1618
530	1441
534	1623
522	1791
506	1644
470	1660
479	1940
448	1769
451	1775
455	2508
504	2498
515	2366
511	2363
520	2749
516	3084
536	2781
476	1971
470	2128
459	1903
531	2104
514	2174
613	2097
537	2118
536	2022
476	1922
549	1960
441	1756
538	1780
539	1778
479	1981
510	2461
538	3194
498	2486
498	2688
556	2641
604	2354
503	1826
513	1991
508	2167
538	2325
563	2225
560	2203
489	2361
470	2262
509	2148
554	2063
528	2065
481	1638
457	1441
479	1580
488	1639
464	1677
490	1691
438	1773
529	1588
502	1746
541	1900
527	1719
557	1930
533	1783
583	1483
534	1571
505	1569
536	1694
509	1413
586	1455
500	1553
501	1378
518	1484
505	1509
473	1453
527	1414
518	1304
525	1515
563	1700
593	1601
552	1627
529	1745
487	1712
543	1951
522	1587
553	1666
536	1566
538	1491
551	1454
528	1493
554	1528
555	1574
568	1488
502	1507
588	1698
596	1725
565	1528
570	1460
529	1492
575	1525
597	1847
609	1487
603	1550
598	1646
591	1720
578	1781
667	1565
670	1650
629	1623
611	1698
687	1764
690	1965
689	1713
714	1483
679	1578
784	1766
842	1797
865	1678
730	1539
739	1480
827	1558
787	1587
896	1853
893	1738
815	1752
833	1573
967	1608
1038	1616
960	1778
937	1738
991	1706
1145	1642
1143	1507
1105	1624
1140	1508
1059	1549
1152	1673
1281	1764
1227	1820
1129	1867
1163	1625
1198	1938
1150	1815
1238	1613
1184	1799
1250	1550
1170	1807
1189	1630
1108	1769
1130	1672
1141	1669
1090	1622
1125	1740
1120	1903
1180	1531
1124	1601
1179	1608
1203	1451
1271	1632
1196	1604
1218	1689
1254	1636
1051	1573
1083	1665
975	1702
1056	1717
1019	1697
1019	1468
965	1587
984	1789
952	2102
1038	2193
928	2221
1004	1964
1056	1601
1057	1672
1195	1707
1268	1603
1129	1431
1180	1498
1072	1594
1037	1486
966	1835
883	1682
864	1682
871	1916
811	1490
819	1610
782	1559
764	1556
804	1708
822	1522
822	1480
786	1587
909	1497
941	1730
921	1735
1020	1797
899	1759
940	1700
970	1684
953	1525
868	1428
879	1556
754	1482
788	1785
687	1689
732	1731
686	1590
733	1582
674	1609
749	1579
735	1612
784	1536
814	1597
941	1713
898	1761
882	1758
929	1630
852	1418
858	1509
825	1494
762	1417
792	1718
746	1867
681	1656
714	1676
653	1760
662	1753
712	1703
698	1561
721	1498
816	1583
761	1491
724	1581
747	1426
709	1527
737	1661
719	1675
696	1407
717	1662
674	1776
728	1721
724	1508
645	1567
775	1501
788	1650
787	1642
837	1703
747	1605
844	1992
784	1722
844	2032
811	1845
767	1905
765	1868
764	1780
790	2114
833	1924
841	2003
828	1920
894	1923
995	1759
969	1777
1035	1693
1109	1893
1231	1889
1412	1799
1514	1742
1641	1720
1459	1839
1429	1775
1480	1705
1355	1868
1321	1845
1257	1713
1162	1892
1206	1610
1115	1541
1051	1555
1210	1680
1148	1744
1127	1672
1197	1765
1128	1865
1252	1951
1314	1777
1252	1826
1192	1827
1162	1732
1209	1718
1230	1788
1083	1769
1062	2013
948	1928
921	1797
951	1600
863	1759
780	1929
687	1707
727	1487
699	1474
685	1614
675	1541
620	1553
635	1537
607	1622
578	1562
596	1782
636	1797
580	2274
583	1903
631	1799
624	1750
591	1950
585	2093
642	1761
769	1879
759	1899
811	1936
819	2042
676	2096
651	2063
605	2270
707	2324
671	2595
758	3271
623	2764
647	2668
618	2454
566	2904
574	2597
521	2524
550	2621
522	2239
581	2226
547	1983
581	2057
508	2365
526	2117
516	2072
531	2479
536	2182
494	2219
509	2159
521	1853
536	1934
505	1807
516	2194
513	2011
598	1921
546	1896
533	2031
527	1741
498	1845
506	1711
512	1599
575	1511
575	1467
562	1703
507	1535
548	1635
537	1574
523	1672
541	1726
475	1760
569	1779
558	1885
541	1714
478	1684
523	1720
589	1884
516	2189
625	2323
531	2316
485	2637
538	2397
539	2235
555	2177
540	2273
559	2261
522	2341
552	1882
536	2095
538	2394
552	2122
553	1891
549	1952
602	1573
526	1600
540	2005
536	2190
514	2366
599	2477
548	2540
504	2552
564	2017
558	1725
559	1493
626	1564
526	1499
572	1781
582	1698
504	1618
564	1466
536	1391
569	1365
622	1428
577	1458
603	1366
568	1363
555	1326
584	1352
554	1223
500	1612
561	1676
603	1596
522	1533
531	1540
561	1501
565	1553
550	1455
574	1505
505	1757
570	1727
614	1703
587	1762
550	1629
507	1705
527	1714
561	1681
517	1504
524	1588
532	1592
586	1409
523	1635
516	1536
544	1465
550	1488
553	1697
519	1785
520	1671
588	1711
551	1598
534	1477
526	1597
604	1694
488	1590
583	1472
551	1329
575	1787
548	1427
541	1299
494	1624
545	1490
569	1636
525	1951
548	1933
503	2099
575	2085
559	1880
510	2101
550	1927
558	2030
480	2019
574	2049
555	2073
601	1998
569	1887
566	2039
533	2372
567	2227
558	2357
590	2283
546	2615
526	2700
512	2429
512	2300
531	2947
513	3016
517	2704
544	2483
564	2358
519	1934
528	2547
515	2644
537	2582
502	2495
517	2243
503	1953
516	1768
458	1822
511	1832
579	1785
511	1861
504	1910
492	1673
535	1651
527	1358
523	1437
479	1494
572	1450
486	1336
463	1257
454	1282
442	1303
450	1196
497	1483
505	1692
519	1482
511	1571
550	1393
532	1471
533	1402
605	1520
564	1510
530	1526
566	1520
584	1547
554	1497
514	1578
519	1499
509	1444
511	1548
515	1619
594	1498
550	1529
528	1692
520	1513
514	1575
523	1620
523	1666
484	1730
451	1454
493	1603
427	1596
456	1678
442	1681
468	1581
537	1497
498	1701
434	1539
466	1401
453	1474
458	1582
441	1741
470	1484
551	1623
519	1632
483	1755
447	1620
510	1551
501	1621
507	1600
449	1856
468	1429
423	1715
521	1655
463	1501
500	1631
533	1679
513	1740
461	1612
510	1771
550	1693
525	1763
521	1549
576	1576
514	1495
420	1491
481	1569
541	1485
505	1237
530	1244
474	1458
473	1625
463	1567
493	1583
523	1598
499	1593
526	1453
577	1607
534	1627
558	1506
533	1623
496	1444
496	1490
560	1637
493	1575
553	1529
506	1521
458	1441
501	1696
478	1679
492	1572
512	1495
488	1577
547	1559
486	1699
533	1742
484	1535
427	1576
448	1720
468	1464
509	1341
433	1567
481	1493
495	1450
540	1619
496	1524
486	1553
522	1605
548	1466
518	1679
507	1514
529	1737
500	1647
531	1531
480	1591
496	1415
493	1584
484	1507
560	1535
530	1457
512	1878
456	1916
458	1828
501	1588
465	1855
470	1800
569	1931
566	1827
553	1889
510	1874
503	1859
528	1573
574	1511
587	1518
535	1560
581	1627
530	1587
482	1545
504	1665
452	1879
513	1913
513	1604
526	1654
476	1643
498	1827
527	1894
550	1639
467	1732
517	1578
488	1684
476	1708
486	1675
500	1591
513	1756
467	1735
478	1648
495	1572
494	1565
480	1673
466	1637
497	1798
482	1556
502	1592
495	1851
480	1874
470	1648
556	1830
464	1777
446	1620
476	1685
485	1630
501	1788
446	1670
483	1517
492	1680
503	1635
532	1548
421	1502
491	1585
503	1799
509	1803
507	2020
507	1924
499	1803
529	1690
513	1913
482	1878
517	1673
558	1900
481	1844
490	1863
520	1783
492	1571
484	1766
496	1739
457	1636
426	1767
473	1773
512	1746
502	1916
486	2171
487	2485
496	2827
473	2911
493	2435
513	2156
488	2091
550	2203
581	2694
537	2690
488	2329
485	2324
514	2222
543	2649
522	2912
492	3264
431	3196
463	2925
487	2023
452	1843
491	2108
517	1874
502	2190
475	2351
475	2621
493	2863
530	3164
540	2747
566	2903
525	2558
455	2389
526	2638
514	2797
528	2892
539	2819
514	3530
555	3333
479	2046
523	2680
497	3015
506	2130
453	1881
470	1657
502	1709
491	1745
493	1888
544	2056
553	3363
548	2276
578	1902
477	2197
462	2440
566	2753
571	1877
518	1727
529	1823
517	1660
508	1586
488	1745
504	1941
492	1827
474	1664
519	1794
435	1633
508	1595
505	1693
521	1680
504	1673
530	1448
571	1619
528	1471
539	1663
559	1754
521	1750
558	1736
548	1628
569	1675
562	1524
572	1600
706	1597
691	1781
680	1685
585	1490
598	1407
632	1546
638	1704
577	1768
575	1791
511	1639
469	1699
464	1630
501	1631
509	1769
542	1481
436	1294
525	1324
547	1441
552	1366
470	1264
491	1392
430	1261
459	1409
510	1528
499	1473
488	1528
521	1433
549	1848
545	2102
597	2120
587	2125
576	1808
515	1750
524	2130
601	2109
652	2156
596	2136
573	2111
583	1816
586	1980
593	2021
579	2046
573	1885
678	1849
642	1876
633	2005
714	1885
768	1489
706	1677
751	1462
707	1546
641	1561
625	1416
569	1306
554	1347
508	1543
540	1460
543	1354
528	1406
569	1675
559	1843
562	2044
594	2247
587	1988
571	1777
518	1833
557	1523
498	1612
504	1617
501	1556
482	1723
534	1754
569	1842
527	1745
471	1569
517	1618
527	1769
581	1522
572	1600
599	1785
593	2018
641	1738
585	1632
688	1929
628	2628
620	4168
575	3340
581	2786
637	3340
592	3231
516	2420
598	2446
557	2439
481	2405
523	2627
553	2231
546	2011
510	2376
591	3143
523	2917
554	2265
515	1563
523	1688
518	1887
518	1877
569	1799
571	1676
561	1694
559	1771
568	1860
585	1993
525	1937
496	1940
566	1962
569	2094
598	1832
611	2075
570	2102
554	1926
642	2040
654	2005
623	1872
628	2007
661	1939
649	2001
610	2083
632	1830
595	1866
557	1879
612	1969
703	1888
524	2320
590	2257
512	1980
534	2336
576	2499
569	2462
501	2421
529	2088
486	2033
440	1918
490	1829
461	1874
470	1885
506	1755
496	1956
459	2207
514	2059
512	2193
533	2303
520	1793
481	1995
517	2375
550	2807
555	2373
492	2216
528	2789
565	2665
538	2077
545	2429
593	4485
533	3065
514	1888
515	1977
522	2040
506	1948
537	2154
499	2156
494	2199
524	2058
550	2098
559	2017
587	1954
551	1706
531	1934
536	1831
528	1789
555	2208
480	1841
514	1609
567	1610
519	1846
562	1952
535	2145
604	2363
574	1896
548	2119
566	2181
529	1892
592	1562
521	1493
469	1540
546	1663
550	1790
580	1730
547	1779
511	1637
474	1846
503	1684
516	1558
497	1681
486	1490
456	1635
511	1743
503	1660
521	1541
566	1843
554	1895
489	1661
548	1637
541	1856
511	1717
527	1611
513	1720
530	1728
535	1862
530	1628
507	1602
534	1503
588	1588
541	1650
533	1587
501	1707
483	1422
515	1335
470	1323
523	1483
559	1752
527	1627
463	1535
509	1496
498	1576
519	1448
539	1540
567	1750
570	1670
538	1505
516	1542
545	1635
489	1368
530	1492
604	1550
499	1607
512	1527
516	1394
463	1322
525	1717
541	1710
542	1575
527	1515
535	1445
588	1502
566	1774
570	1791
631	1759
567	1331
644	1593
569	1518
581	1627
569	1472
588	1440
549	1574
582	1673
619	1554
563	1492
511	1548
558	1714
491	1674
556	1521
610	1765
621	1724
619	1634
625	1688
640	1789
608	1639
601	1566
608	1556
569	1591
570	1513
577	1481
634	1458
622	1683
606	1498
604	1577
625	1656
587	1495
517	1565
649	1715
593	1520
579	1562
564	1631
592	1578
573	1570
544	1584
574	1632
543	1556
542	1704
515	1741
541	1670
530	1646
515	1940
490	1909
542	1892
564	1720
521	1561
557	1535
565	1553
558	1604
518	1507
528	1551
534	1503
534	1602
510	1350
552	1747
541	1765
534	1697
556	1556
482	1598
542	1548
506	1605
533	1434
536	1652
492	1667
501	1692
544	1675
472	1555
475	1461
489	1456
555	1422
493	1490
508	1509
549	1543
560	1485
553	1512
541	1477
522	1725
531	1947
556	1818
530	1778
527	1727
552	1633
596	1573
583	1574
583	1761
595	1695
624	1445
638	1533
675	1549
618	1665
678	1795
660	1748
728	1620
766	1533
682	1709
665	1469
660	1538
680	1636
724	1592
706	1437
674	1441
639	1603
643	1794
629	1679
716	1678
702	1805
760	1643
731	1676
830	1675
765	1625
866	1729
880	1747
923	1790
799	1808
823	1583
774	1661
771	1551
774	1753
759	1716
770	1838
715	1843
701	1772
735	1826
744	1705
721	1749
803	1709
767	1641
770	1704
774	1702
815	1678
785	1751
765	1620
744	1963
801	1713
738	2055
791	2593
737	2282
617	1752
679	1938
730	1792
750	1927
673	1862
684	2054
712	2134
655	2099
673	1924
652	1770
662	1694
686	1569
674	1610
721	1744
642	1711
679	2290
690	2014
664	2062
625	2694
629	5046
665	3803
591	3153
582	3153
543	3066
523	2335
497	2271
505	1981
576	2084
489	2833
616	3246
542	3383
579	1745
525	2484
557	3564
590	6198
602	7032
564	5465
558	3399
494	6011
541	5006
572	5860
537	4542
519	4253
605	5042
649	7018
639	7098
610	6530
576	5353
614	6985
660	7274
580	3635
459	2415
519	2317
512	2275
499	2153
523	2030
487	1919
524	1798
524	1708
475	1820
483	2124
455	2172
479	1911
447	1857
458	2162
487	2097
479	1985
509	2294
476	2119
470	1867
450	1651
480	1655
450	1564
469	1690
479	1749
456	1978
451	1854
497	1905
500	1730
465	1904
468	1923
519	1898
455	1723
506	1930
458	1953
491	1657
473	1517
517	1664
564	1925
540	2026
562	2009
533	2046
485	1974
554	1941
532	2008
523	2100
503	1964
515	1789
504	1956
443	1813
445	1644
455	1902
503	1963
487	2589
545	3102
526	2987
478	2349
459	2026
464	1901
492	1701
467	1553
423	1627
456	1708
473	2040
480	2145
456	2316
539	1937
503	1659
470	1729
451	1834
457	1609
537	1735
450	1821
518	1550
446	1486
498	1651
503	1618
459	1726
488	1630
477	1505
455	1582
425	1528
473	1694
433	1755
436	1791
471	1766
515	1656
514	1624
444	1723
469	1890
494	2095
463	1911
448	2130
513	2145
476	1988
444	1825
479	1628
462	1511
473	1462
480	1518
476	1551
483	1515
448	1456
471	1665
453	1840
484	1978
465	1856
379	1949
409	1890
416	2216
466	3374
482	4359
538	3940
514	2953
455	2593
551	2883
591	2437
586	2395
474	1843
496	1721
522	2399
558	2849
580	1794
513	2667
529	3816
545	4304
530	4100
545	3107
535	3344
519	3050
527	2601
548	2089
504	2182
506	2503
419	2486
499	2125
485	1939
472	2208
463	2133
461	1952
431	1946
462	1868
458	1768
510	1862
457	1598
457	1784
527	1695
498	1872
482	1597
463	1787
474	1822
464	1755
465	1606
467	1710
452	1787
480	1825
469	1874
443	1798
473	1660
460	1690
471	1816
432	1899
442	2008
482	2154
473	2219
486	2423
522	2224
514	2089
501	2076
484	1945
477	1774
463	1644
447	1647
428	1642
418	1823
457	1912
466	2031
497	1870
572	1979
485	1545
490	1565
509	1661
508	1691
506	1808
459	1815
556	1819
462	2046
483	2006
451	2074
452	1805
476	1803
441	1861
467	1582
510	1483
438	1551
471	1611
453	1685
483	1629
445	1700
470	1763
457	1789
560	1782
527	1966
541	2108
507	2065
487	1967
520	1742
490	1479
509	1822
474	1528
485	1525
480	1726
447	1620
485	1526
459	1837
485	1772
456	1501
424	1473
447	1446
470	1684
458	1806
423	1711
492	1763
444	1748
423	1596
441	1525
484	1419
489	1345
490	1469
534	1488
527	1524
584	1466
504	1508
505	1495
538	1516
555	1675
611	1919
611	1766
595	1663
650	1849
563	1911
631	1980
574	1946
601	1874
653	1787
675	1896
755	1789
871	1651
792	1786
794	1605
959	1947
1020	1897
1203	1789
1134	1744
1070	1589
1184	1722
1398	1686
1441	1772
1338	1944
1257	2184
1318	2000
1600	2048
1738	1999
1631	1837
1671	1992
1736	2148
1907	2106
2209	2186
2196	2146
2217	2042
2287	1896
2472	1965
2517	1942
2466	1966
2346	2010
2358	2074
2666	2077
2933	2274
3163	2388
3473	2211
3640	2312
4177	2487
4421	2430
4979	2484
5064	2623
4890	2546
5213	2719
5492	2692
5110	2547
4831	2378
4306	2321
3953	2286
3542	2267
3334	2246
3056	2412
3056	2178
2962	2421
2877	2332
2797	2611
2911	2553
3187	2396
3210	2094
3172	2390
3059	2335
3150	2256
3295	2358
3179	2423
2962	2319
2479	2336
2511	2466
2384	2277
2361	2600
2246	2984
1790	3377
1762	3153
1625	2492
1639	2052
1501	2264
1212	2271
1102	2156
1144	2079
1256	2118
1141	2086
1048	2215
813	2049
842	1848
946	1906
836	1921
773	1992
731	1943
728	1977
727	1835
746	1907
663	1976
644	1765
673	1704
687	1737
722	1783
669	1692
628	1823
612	1687
558	1522
551	1491
637	1475
575	1459
619	1453
644	1550
586	1569
558	1707
655	1697
602	1612
711	1480
694	1620
624	1657
656	1414
807	1459
833	1428
719	1599
845	1674
846	1800
983	1863
974	1884
871	1772
769	1681
903	1686
868	1476
841	1562
792	1478
801	1610
856	1747
846	1581
874	1516
797	1469
780	1542
741	1658
827	1625
807	1554
838	1628
768	1450
802	1545
732	1646
735	1540
780	1482
739	1608
734	1780
717	1736
665	1402
694	1527
768	1742
787	1657
802	1407
676	1276
629	1600
705	1665
778	1706
803	1407
727	1270
720	1969
705	1652
818	1456
740	1635
728	1487
580	1605
606	1657
669	1731
637	1548
684	1743
648	1627
632	1810
614	1587
589	1487
625	1642
551	1654
576	1522
533	1469
534	1685
514	1611
517	1674
512	1810
453	1954
520	1866
538	2114
517	2030
470	2073
525	1903
526	2038
503	1927
536	1934
531	1903
559	1708
478	1584
503	1620
471	1658
494	1784
493	1623
533	1778
506	1692
538	1560
495	1550
462	1603
461	1641
518	1634
496	1646
483	1773
473	1572
496	1768
469	1558
441	1644
498	1666
480	1699
489	1629
466	1595
454	1594
466	1697
505	1467
487	1560
462	1517
496	1635
496	1513
479	1505
467	1406
451	1330
443	1549
468	1457
436	1469
518	1517
450	1516
522	1616
403	1388
451	1514
518	1636
471	1353
446	1539
459	1604
465	1415
441	1643
503	1614
472	1395
397	1450
482	1463
467	1476
568	1520
473	1505
482	1572
468	1623
477	1571
510	1743
466	1834
465	1623
431	1580
472	1455
459	1603
481	1624
468	1768
515	1627
494	1541
425	1658
474	1781
499	1809
477	1828
459	1839
431	1641
420	1413
441	1411
514	1365
438	1654
467	1498
420	1475
431	1566
476	1483
494	1490
535	1407
501	1421
498	1532
495	1464
496	1672
443	1609
457	1633
465	1596
470	1611
463	1707
480	1490
439	1641
521	1531
465	1496
428	1568
467	1631
434	1657
511	1706
488	1553
463	1388
509	1456
449	1478
464	1431
440	1550
481	1677
443	1447
393	1390
466	1508
447	1528
435	1505
433	1827
460	1510
487	1320
506	1266
497	1260
393	1409
543	1182
494	1310
504	1358
480	1338
467	1422
523	1442
521	1390
497	1463
462	1909
478	1425
442	1450
501	1255
501	1520
487	1538
534	1556
460	1460
491	1398
450	1548
586	1561
458	1396
446	1482
485	1501
511	1531
451	1552
477	1555
486	1477
507	1587
520	1854
498	1712
532	1530
539	1404
501	1695
485	1579
441	1508
508	1584
535	1662
446	1749
537	1515
525	1779
513	1599
458	1598
532	1409
503	1403
500	1425
492	1514
537	1533
516	1573
492	1546
512	1491
489	1506
501	1473
493	1496
486	1502
520	1431
523	1311
546	1168
495	1449
524	1506
497	1522
493	1503
607	1686
584	1664
524	1392
608	1473
603	1297
612	1559
595	1509
617	1586
574	1696
610	1813
634	1638
640	1602
586	1652
583	1720
703	1775
856	1980
833	1908
836	1866
964	1805
1326	2067
1636	2153
1742	2212
1550	1942
1503	1824
1749	2315
1985	2267
2167	2449
1834	2397
2019	2304
2200	2542
2784	3170
3218	3508
3246	3466
3630	3744
3559	3974
3743	3835
3222	3416
3116	3028
3106	3240
2961	3255
3008	2926
2646	2677
2238	2694
2192	2436
2239	2780
2052	2214
2003	2078
1790	2130
1855	2148
2045	2416
1773	1963
1514	2115
1284	1989
1375	1949
1512	2035
1211	1878
1005	1967
839	1860
866	1806
825	1831
744	1847
627	1804
575	1740
530	1883
533	1908
586	1906
514	1909
558	1685
543	1558
493	1726
531	1867
483	1819
545	2807
531	2254
494	1647
504	1972
531	2283
573	2438
527	1981
518	1877
556	1728
502	1990
547	1873
584	1434
577	1514
541	1504
514	1516
503	1610
565	1538
587	1576
561	1679
646	1547
659	1308
752	1222
832	1290
807	1261
774	1401
820	1422
892	1664
964	1831
836	1777
851	1713
746	1583
812	1499
999	1570
984	1506
852	1434
949	1478
1336	1598
1791	2073
2039	2047
1992	2181
2084	2189
2197	2320
2478	2342
2270	2226
1986	2031
1624	1897
1563	1837
1711	1675
1554	1464
1418	1457
1468	1395
1327	1367
1132	1492
1128	1504
1235	1626
1398	1651
1311	1647
1118	1596
1179	1503
1126	1633
1210	1541
1393	1632
1375	1507
1320	1495
1172	1602
1159	1616
986	1578
912	1334
1126	1456
1210	1535
1088	1565
982	1600
1133	1478
1292	1649
1423	1511
1358	1522
1339	1422
1478	1458
1544	1420
1373	1407
1444	1332
1293	1359
1186	1429
869	1325
815	1414
841	1450
939	1461
867	1596
800	1380
666	1361
694	1331
629	1274
701	1345
716	1388
667	1380
674	1304
738	1212
756	1250
638	1338
648	1470
617	1394
618	1522
592	1391
620	1393
585	1432
675	1312
714	1413
726	1479
625	1558
674	1645
562	1538
534	1344
532	1458
623	1513
556	1313
559	1392
540	1525
591	1440
504	1546
491	1350
504	1403
479	1601
467	1504
500	1482
491	1361
472	1384
438	1553
456	1637
444	1540
474	1478
463	1580
431	1399
413	1287
445	1404
461	1483
454	1372
425	1438
456	1654
418	1621
406	1721
380	1539
428	1293
407	1504
448	1653
372	1485
415	1615
458	1623
466	1555
420	1756
413	1714
492	1610
426	1579
437	1391
448	1340
426	1343
399	1392
446	1396
438	1453
488	1412
397	1437
481	1443
430	1607
419	1603
476	1423
457	1514
467	1469
453	1542
509	1681
465	1312
485	1409
459	1407
472	1421
447	1422
447	1464
475	1548
531	1539
475	1488
437	1546
491	1634
469	1565
497	1365
473	1395
441	1483
507	1717
430	1711
458	1578
424	1436
452	1410
448	1492
430	1679
473	1780
504	1810
455	2188
435	1831
469	2268
438	2009
439	1911
421	1710
463	2046
435	2245
403	1587
441	1676
430	1669
431	1674
441	1864
483	1640
440	1883
493	1644
463	1818
431	1766
454	1867
428	2153
452	2036
492	1981
429	1727
431	1576
394	1557
503	1944
466	1689
473	1524
455	1615
392	1535
483	1449
387	1644
464	1714
475	1610
476	1552
431	1341
419	1316
435	1575
480	1813
484	1379
471	1515
458	1607
484	1529
447	1464
445	1442
491	1506
475	1583
525	1592
457	1927
471	1938
457	2006
507	2036
418	1811
478	1965
455	1600
494	1676
490	1546
411	1466
454	1311
448	1454
469	1422
452	1377
415	1523
488	1496
393	1444
406	1386
431	1342
406	1486
473	1510
462	1342
501	1284
446	1141
465	1324
456	1364
469	1443
491	1359
447	1325
493	1263
440	1234
525	1207
540	1235
532	1209
619	1191
581	1141
581	1210
742	1358
759	1360
724	1327
694	1406
745	1435
951	1588
903	1490
919	1402
896	1587
981	1743
1169	1385
1146	1488
1082	1475
1193	1600
1290	1626
1289	1817
1210	1845
1204	1545
1171	1749
1163	1611
1192	1573
1114	1969
1157	3171
1166	3588
1113	2243
1091	2243
1152	1954
1101	1849
1212	3247
1142	5422
1244	4388
1247	6650
1377	9685
1312	7807
1344	5999
1250	2350
1151	1766
963	1652
912	1718
1011	1677
959	1643
942	1716
835	1558
872	1494
925	1680
977	1554
794	1626
821	1499
727	1535
761	1477
699	1474
675	1407
591	1519
627	1452
629	1434
566	1262
569	1396
598	1761
559	1532
552	1419
549	1390
518	1365
559	1453
520	1256
539	1192
470	1157
544	1306
470	1307
430	1313
446	1290
460	1253
398	1146
399	1289
400	1235
389	1344
396	1309
433	1423
409	1498
439	1530
421	1581
446	1555
433	1503
449	1250
415	1252
408	1231
416	1232
370	1301
385	1305
415	1343
454	1450
437	1416
430	1319
426	1327
409	1329
508	1398
473	1497
482	1427
511	1572
510	1629
609	1733
748	2099
617	1878
530	1602
484	1699
636	1859
785	1991
959	2048
838	2049
1045	2027
1589	2363
2008	3657
2194	5450
2314	6998
2546	8982
3338	13464
3128	12855
2679	9050
2721	9007
2741	9729
2312	7391
1623	4483
1258	3518
1260	3381
1598	6302
1439	4310
980	2411
666	1439
735	1237
723	1224
634	1096
520	1221
463	1235
407	1358
465	1325
431	1196
415	1246
472	1481
470	1679
406	1496
504	1613
469	2016
489	3209
532	4770
559	5067
545	6109
569	6830
550	5159
547	5876
591	6578
576	7258
595	7830
615	7946
578	6802
670	6521
575	7540
574	5058
502	3219
453	2692
473	2482
532	2477
422	1812
509	1667
486	1347
492	1197
524	1266
455	1268
506	1323
461	1279
405	1334
411	1192
436	1199
420	1234
460	1055
441	1228
507	1348
457	1308
440	1416
486	1332
532	1231
460	1157
465	1199
506	1311
446	1395
448	1278
470	1320
499	1297
496	1132
534	1172
516	1232
493	1210
469	1280
437	1402
528	1461
499	1290
502	1268
441	1211
456	1295
484	1387
491	1426
509	1461
497	1220
481	1325
519	1275
526	1214
486	1255
506	1246
504	1291
536	1316
520	1329
507	1171
518	1092
475	1185
515	1173
513	1112
536	1089
515	1079
543	1217
523	1187
487	1119
496	1190
506	1198
529	1313
441	1442
449	1317
454	1306
448	1354
445	1279
449	1346
471	1305
443	1450
466	1462
458	1351
429	1357
420	1436
458	1375
427	1225
454	1209
463	1200
470	1240
462	1530
502	1258
486	1430
483	1310
481	1436
506	1404
467	1376
439	1370
451	1344
462	1138
401	1216
447	1316
507	1254
423	1233
415	1195
414	1097
436	979
412	1065
413	1072
463	1133
414	1040
413	1186
422	1260
390	1320
374	1167
370	1128
416	1234
430	1127
394	1074
424	1147
414	1124
443	1188
445	1217
440	1211
378	1217
385	1128
369	1142
397	1089
405	1259
391	1124
387	1231
404	1151
420	1123
363	1235
437	1223
391	1177
424	1114
404	1080
404	1194
428	1033
429	1082
406	1038
411	1264
368	1298
428	1248
406	1197
483	1279
375	1076
401	1218
417	1163
399	1140
359	1344
381	1198
397	1229
422	1211
396	1419
371	1261
382	1221
371	1210
431	1310
372	1304
342	1281
431	1229
411	1302
410	1385
387	1346
441	1346
397	1331
400	1306
385	1275
377	1378
386	1227
408	1296
389	1265
426	1371
377	1289
401	1237
403	1398
461	1395
423	1369
395	1495
393	1413
434	1557
403	1417
380	1508
397	1380
431	1399
416	1296
403	1281
456	1232
430	1174
332	1146
407	1123
407	1176
394	1219
457	1175
402	1317
460	1278
463	1287
478	1512
486	1522
492	1266
459	1392
499	1490
520	1483
472	1493
519	1370
492	1445
505	1385
450	1412
515	1296
522	1271
540	1253
511	1365
464	1398
479	1310
500	1259
466	1443
547	1526
477	1601
484	1661
466	1602
475	1496
492	1493
539	1749
482	1376
424	1484
440	1407
484	1534
514	1346
563	1230
494	1177
474	1319
471	1271
489	1355
513	1176
509	1281
477	1518
501	1368
530	1368
520	1394
516	1318
460	1378
529	1326
569	1161
593	1186
596	1296
631	1302
757	1516
920	1435
888	1507
934	1332
1186	1378
1709	1429
2006	1568
2074	1405
1980	1422
2002	1634
2125	1686
2025	1451
1824	1493
1667	1483
1630	1487
1669	1508
1634	1576
1727	1588
1895	1406
1864	1417
1724	1612
1720	1700
1674	1605
1811	1854
1894	1741
1634	1817
1398	1597
1320	1471
1345	1578
1428	1504
1123	1708
809	1773
681	1974
703	2018
669	1686
716	1556
551	1395
545	1338
550	1711
559	1493
497	1441
410	1211
409	1310
457	1271
463	1343
464	1263
450	1332
394	1362
421	1286
469	1393
384	1304
398	1244
415	1216
376	1282
352	1588
389	1343
417	1338
423	1408
420	1335
455	1447
426	1330
404	1272
437	1178
443	1182
443	1314
428	1157
381	1093
419	1139
379	1248
433	1308
373	1389
424	1259
434	1158
439	1144
457	1198
426	1266
390	1248
416	1212
393	1243
435	1277
420	1193
458	1245
442	1365
443	1247
467	1109
521	1203
508	1197
506	1156
468	1220
467	1398
471	1533
452	1404
472	1278
477	1203
521	1155
478	1400
469	1370
504	1345
526	1335
514	1253
465	1398
499	1364
525	1432
506	1171
605	1254
580	1295
552	1331
555	1357
537	1376
547	1517
587	1389
504	1437
533	1344
555	1273
569	1411
494	1490
596	1383
553	1476
542	1498
541	1457
638	1487
600	1368
559	1366
573	1327
616	1238
639	1429
694	1294
648	1363
600	1402
597	1352
609	1475
589	1497
513	1409
588	1352
584	1360
513	1355
533	1197
508	1382
558	1617
479	1341
491	1235
491	1238
476	1110
512	1260
500	1197
451	1142
426	1124
418	1326
420	1340
467	1656
461	2089
402	1870
424	1340
381	1236
393	1093
410	1240
419	1347
422	1422
415	1386
422	1380
381	1398
382	1316
396	1324
404	1483
374	1367
364	1265
381	1193
377	1247
365	1140
414	1048
431	1102
393	1134
432	1102
386	1081
375	1122
392	1071
378	1320
395	1323
341	1279
387	1187
396	1268
407	1265
368	1263
360	1159
396	1192
386	1190
418	1216
400	1269
400	1255
384	1253
411	1193
335	1193
322	1184
372	1118
359	1157
446	1235
350	1216
351	1245
381	1103
371	1151
405	1243
361	1324
402	1401
370	1308
405	1112
353	1117
381	1105
403	1139
389	1223
363	1221
410	1367
379	1388
365	1293
349	1323
341	1211
369	1223
406	1132
440	1436
398	1447
380	1304
407	1308
397	1279
391	1257
374	1164
361	1200
389	1143
411	1173
370	1342
411	1293
413	1369
363	1215
381	1223
365	1144
404	1115
385	1225
394	1345
357	1333
341	1280
347	1254
367	1448
393	1621
395	1426
359	1696
396	1390
333	1301
337	1269
368	1217
371	1416
361	1366
357	1323
366	1274
361	1088
389	1230
383	1333
349	1135
354	1114
389	1162
395	1166
390	1138
374	1236
361	1257
386	1197
356	1110
410	1204
363	1202
373	1328
356	1281
419	1263
342	1306
377	1222
404	1269
399	1215
380	1141
383	1188
380	1315
449	1394
388	1452
427	1443
359	1273
409	1274
414	1255
377	1313
433	1431
418	1494
375	1316
353	1379
430	1464
367	1227
411	1214
383	1335
411	1261
402	1243
347	1338
367	1333
430	1138
380	1288
396	1078
419	1133
412	1360
435	1195
368	1408
394	1457
433	1802
420	2094
444	1749
436	1666
393	1433
437	1557
385	1406
428	1450
366	1509
395	1478
395	1379
404	1559
401	1605
449	1876
426	2003
473	2019
455	1858
467	1541
420	1379
478	1572
412	1454
452	1534
439	1290
454	1733
445	1758
431	1758
405	1575
466	1615
420	1589
407	1622
474	1449
400	1356
409	1233
358	1214
375	1346
436	1391
420	1270
448	1427
455	1369
443	1398
451	1478
464	1492
450	1337
488	1373
433	1311
411	1201
418	1119
346	1023
402	1056
418	1166
392	1129
448	1131
431	1327
470	1161
496	1176
456	1131
495	1204
431	1100
418	1226
422	1268
427	1093
402	1201
451	1285
446	1146
419	1166
434	1229
421	1141
425	1304
411	1064
445	1292
429	1288
417	1196
432	1104
455	1173
447	1201
441	1212
424	1097
395	1236
434	1010
387	1029
414	1133
412	1266
422	1130
441	1122
445	1189
372	1104
437	1238
438	1329
443	1244
468	1151
457	1136
469	1165
452	1292
475	1213
421	1117
476	1134
467	1271
488	1252
474	1301
456	1331
448	1284
540	1208
455	1172
477	1107
422	1148
443	1087
464	1123
504	1165
524	1165
490	1182
568	1115
527	1157
538	1298
492	1216
502	1119
515	1171
563	1097
620	1053
619	1047
542	1150
575	1276
564	1257
709	1305
602	1152
613	1154
610	1173
680	1211
638	1157
682	1156
674	1136
676	1108
682	1046
745	1002
711	1022
741	1160
735	1189
771	1194
844	1105
795	1070
782	1013
783	1078
759	1053
800	1041
810	995
768	1079
781	1148
867	1123
868	1264
941	979
967	1141
898	1167
890	1166
940	1234
864	1125
954	1089
1043	1278
956	1269
998	1286
1068	1128
1105	1298
1116	1116
1046	1148
1095	1160
1045	1066
1117	986
1135	1030
1112	1139
1092	1103
1176	1160
1195	1121
1237	1158
1223	1070
1198	1094
1188	1177
1301	1115
1247	1096
1261	1165
1278	1040
1254	1083
1387	1208
1342	1133
1359	1153
1391	1207
1376	1126
1363	1206
1363	1099
1362	1102
1287	1080
1332	1058
1458	1018
1322	1097
1350	1210
1348	1090
1340	978
1484	1172
1510	1148
1549	1104
1441	997
1445	910
1532	984
1580	1002
1641	1203
1524	1189
1576	1234
1628	1345
1561	1147
1485	1209
1539	1209
1474	1143
1566	1103
1574	1090
1462	1072
1548	1007
1536	1022
1521	1029
1526	1056
1517	1127
1541	1103
1487	1224
1492	1130
1540	1189
1581	1151
1600	1023
1582	1067
1572	1181
1527	1183
1542	1168
1631	1032
1659	1113
1660	1089
1742	1202
1636	1171
1700	1308
1634	1319
1674	1123
1661	1124
1651	1022
1593	1063
1613	1077
1707	1204
1586	1168
1616	1043
1566	1161
1575	1157
1591	1035
1664	1156
1522	1193
1483	1182
1660	1114
1559	1132
1631	1207
1548	1195
1517	1165
1467	1252
1422	1053
1436	1090
1489	1030
1408	972
1317	1150
1339	1236
1429	1259
1350	1268
1327	1263
1196	1438
1181	1289
1166	1325
1233	1242
1182	1194
1164	1300
1200	1185
1134	1041
1101	1046
1116	1167
1028	1257
1049	1145
1035	1119
1071	1204
981	1152
1053	1182
946	1291
927	1454
895	1338
949	1286
875	1236
860	1198
882	1224
844	1354
891	1319
879	1258
772	1308
799	1106
790	985
795	1097
785	1109
754	1238
723	1227
733	1211
680	1149
622	1165
540	1273
532	1389
562	1229
581	1225
577	1107
498	1210
526	1075
515	1098
623	1219
499	1268
543	1184
544	1199
500	1086
512	1088
481	1193
518	1352
518	1218
519	1173
533	1281
509	1163
469	1067
478	1119
453	1084
456	1266
458	1213
413	1062
422	1209
403	1216
404	1037
448	1131
410	1223
388	1227
406	1157
395	1039
461	1055
458	1003
434	1149
478	1012
503	1248
509	1411
427	1261
478	1266
510	1260
463	1321
479	1260
566	1317
560	1436
504	1659
492	1669
484	1620
481	1467
469	1502
463	1513
472	1453
450	1434
420	1540
457	1412
449	1528
398	1542
491	1390
444	1288
444	1336
473	1376
523	1482
475	1857
406	1866
473	1570
489	2026
469	2510
452	2211
441	2038
447	2104
488	2376
466	3942
522	5520
536	5169
498	4618
488	7221
553	11010
605	11231
565	11232
614	10320
590	10024
589	10790
568	11986
674	15135
705	16322
741	17359
680	17687
917	19489
1101	21630
878	19491
1291	22062
1841	23482
1006	20123
1023	19736
970	20021
1045	21090
832	18937
610	12729
588	9600
531	9197
500	9037
487	6517
473	4076
460	4063
438	2770
403	2760
461	2846
459	2569
432	2283
451	2175
401	2107
421	1953
404	1913
381	1773
393	1560
417	1552
455	1521
401	1408
445	1528
410	1571
422	1727
396	1516
400	1694
434	1692
364	1649
425	1579
391	1815
391	1949
420	1740
416	1731
396	1601
379	1485
386	1549
445	1951
376	2106
386	1692
399	1640
416	1731
397	1487
373	1442
373	2035
395	2034
390	1804
397	2497
399	3216
395	3265
407	3021
486	3268
501	5411
516	7535
476	6592
550	7993
506	7046
457	7188
443	6802
460	4493
393	3721
458	3460
527	3781
452	3556
436	3317
479	3512
438	2216
390	1897
403	2503
438	1820
452	1444
453	1332
446	1715
372	1584
401	1416
400	1140
420	1145
411	1583
392	1766
423	1708
362	1224
351	1317
429	1235
412	1042
433	1318
383	1103
436	1048
449	1129
408	1155
422	1200
429	1311
458	1426
464	1257
482	1189
442	1376
443	1465
454	1262
449	1520
487	1875
466	1742
396	1631
447	1790
439	1762
395	1540
406	1344
408	1238
393	1083
425	1488
443	2898
423	3171
382	1941
394	2209
395	2042
417	3492
459	3407
402	3870
414	2506
401	1737
383	2072
370	2396
455	2984
400	1821
395	1329
404	1230
400	1503
421	1272
415	1204
412	1275
378	1291
414	1349
393	1313
406	1428
422	1353
387	1258
423	1233
402	1268
408	1304
391	1207
442	1338
401	1333
392	1220
413	1299
416	1243
409	1266
420	1889
459	2028
490	2360
415	2864
439	2270
432	1386
436	1604
427	1547
415	1449
437	1294
468	1454
467	1442
407	1226
389	1222
370	1164
361	1202
390	1243
385	1234
399	1121
417	1230
411	1179
433	1223
419	1212
407	1134
418	1480
426	2002
436	1825
373	1856
391	1692
482	1865
403	1734
376	1274
394	1202
399	1179
429	1133
436	1119
397	1185
388	1046
379	1127
419	1059
429	1020
431	1087
439	1071
389	1208
413	1188
447	1135
395	1185
419	1038
399	1188
419	1122
419	1103
418	1045
484	1194
428	1082
466	1196
438	1014
428	1166
442	1166
472	1203
431	1110
445	1182
414	1119
407	1178
444	1126
452	1187
376	1087
404	1002
410	1089
420	1134
390	1123
382	1132
431	1071
425	1051
358	1141
414	1144
387	1137
433	1023
405	1157
382	1237
396	1218
354	1248
367	1364
403	1527
403	1391
380	1519
416	1230
417	1367
404	1397
414	1541
434	1890
498	2084
472	2104
447	1812
451	1520
477	1671
410	1582
473	1594
485	1567
437	1799
482	1579
412	1626
448	1471
427	1347
455	1415
470	1492
413	1417
480	1463
461	1504
454	1557
421	1202
422	1327
431	1628
466	1623
437	1536
469	1540
456	1825
429	1846
452	1769
424	1503
485	1606
440	1681
502	1637
479	1460
437	1477
424	1779
480	1812
506	1981
479	1857
436	1330
484	1285
463	1564
475	1489
424	1487
469	1450
409	1484
451	1472
432	1327
480	1310
427	1370
422	1262
457	1239
416	1141
455	1073
432	1218
434	1181
477	1151
444	1236
458	1077
467	1103
449	1164
483	1077
486	1111
479	1133
485	1159
499	1263
546	1305
518	1273
428	1264
504	1211
496	1237
471	1306
427	1228
445	998
479	1155
394	1259
420	1019
439	1249
452	1275
432	1213
432	1087
465	1263
462	1101
493	1282
417	1151
425	1411
479	1416
430	1323
474	1252
469	1232
446	1215
460	1506
491	1409
418	1264
460	1243
450	1170
414	1083
395	1168
423	1271
427	1275
492	1299
424	1200
447	1051
471	1218
457	1137
407	1302
393	1220
435	1274
435	1222
476	1183
433	1151
476	1185
401	1040
473	1161
416	1314
434	1186
417	1219
396	1196
410	1264
455	1369
408	1296
442	996
420	1066
425	1125
450	1006
385	1105
398	1140
380	1199
426	1321
436	1453
381	1226
410	1315
419	1545
405	1383
453	1523
444	1541
412	1499
452	1502
487	1474
442	1483
419	1235
513	1459
425	1381
485	1316
483	1440
465	1286
485	1366
410	1511
425	1285
480	1330
480	1460
468	1312
495	1371
452	1426
431	1232
424	1338
454	1342
427	1269
482	1488
454	1312
429	1217
410	1104
478	1093
441	1169
409	1322
395	1395
446	1393
416	1365
420	1495
399	1450
418	1359
423	1210
477	1154
491	1181
450	1327
409	1344
420	1287
405	1238
430	1251
401	1223
386	1301
474	1286
443	1386
464	1274
434	1062
443	1195
385	1081
425	1110
471	1267
427	1326
514	1201
474	1173
419	1411
400	1407
452	1336
403	1212
404	1264
408	1124
444	1170
405	1241
356	1326
424	1127
414	1076
419	1082
407	1174
437	1200
396	1301
446	1310
430	1210
485	1328
423	1375
433	1233
424	1152
420	1348
451	1346
485	1406
445	1388
429	1213
439	1246
475	1322
442	1450
467	1395
414	1429
393	1300
444	1267
416	1118
406	1353
483	1086
371	1258
441	1322
516	1313
429	1287
470	1405
450	1408
489	1277
466	1478
439	1453
492	1302
441	1231
439	1177
459	1178
537	1184
519	1218
452	1217
465	1330
454	1345
430	1196
424	1270
423	1152
409	1222
411	1285
462	1335
422	1375
480	1492
523	1393
490	1387
479	1184
436	1486
453	1496
456	1708
426	1645
453	1411
425	1314
403	1239
439	1288
441	1353
420	1090
381	1122
400	1239
370	1217
437	1196
386	1248
404	1213
446	1483
464	1525
471	1684
492	1552
475	1523
460	1539
444	1395
415	1341
433	1414
439	1290
483	1344
447	1305
499	1652
464	1938
485	1557
421	1612
427	1579
387	1547
424	1572
417	1844
429	1732
484	2072
436	1986
450	1867
488	1988
483	1972
442	2102
429	2233
480	2455
542	2610
479	1960
450	1553
420	1568
361	1578
405	1377
434	1618
419	1813
403	1616
451	1612
418	1622
475	1651
452	1731
420	1640
435	1469
423	1313
484	1431
447	1270
511	1457
444	1431
464	1300
512	1495
438	1620
416	1550
454	1432
452	1510
445	1549
420	1290
416	1291
439	1358
483	1467
446	1667
467	1484
447	1445
417	1597
409	1548
523	1474
476	1622
501	1483
516	1347
465	1562
464	1603
456	1523
450	1569
421	1449
392	1414
433	1354
439	1529
441	1571
442	1288
448	1416
432	1523
466	1444
472	1601
454	1445
399	1447
451	1596
443	1695
433	1663
464	1514
498	1529
444	1506
436	1741
455	1671
473	1527
398	1352
441	1541
430	1494
453	1429
481	1611
403	1539
431	1561
446	1438
415	1405
451	1729
447	1394
423	1438
429	1246
416	1344
411	1221
410	1293
448	1302
392	1284
387	1277
431	1343
443	1294
449	1404
464	1401
440	1379
431	1324
394	1307
455	1507
494	1495
424	1445
460	1341
395	1352
475	1390
428	1363
464	1628
431	1712
436	1287
438	1186
500	1342
471	1569
422	1448
399	1504
486	1348
459	1328
488	1467
497	1391
561	1503
456	1197
457	1239
482	1283
507	1200
456	1404
472	1365
466	1403
457	1295
461	1301
442	1353
503	1253
480	1290
489	1235
450	1459
416	1506
480	1354
508	1518
477	1530
487	1557
463	1431
463	1381
453	1205
441	1321
450	1189
491	1378
485	1276
469	1305
434	1297
459	1291
388	1265
457	1037
444	1220
438	1352
527	1183
448	1133
478	1111
478	1343
444	1289
479	1176
463	1388
461	1451
460	1559
469	1314
443	1275
446	1176
453	1325
455	1465
468	1533
484	1328
478	1387
498	1338
452	1531
526	1347
521	1327
534	1287
541	1281
498	1399
463	1345
471	1345
454	1471
415	1395
474	1424
427	1471
411	1237
459	1280
416	1301
489	1344
481	1145
498	1275
513	1319
478	1488
491	1394
593	1439
562	1433
486	1313
476	1261
534	1123
506	1323
519	1144
444	1228
494	1326
456	1261
459	1432
462	1506
490	1363
518	1308
442	1341
483	1382
435	1410
432	1358
446	1271
464	1332
478	1646
438	1596
473	1558
475	1389
469	1443
472	1508
439	1359
442	1302
484	1356
445	1373
469	1301
458	1345
449	1356
473	1291
449	1230
454	1370
465	1411
445	1631
447	1513
536	1470
476	1218
465	1355
505	1398
505	1374
494	1471
503	1455
561	1695
643	1592
527	1645
501	1562
475	1503
545	1255
519	1294
541	1301
581	1331
544	1351
521	1482
509	1581
523	1466
550	1621
457	1494
479	1355
519	1306
510	1279
528	1471
479	1630
471	1674
523	1705
541	1685
511	1705
512	1557
531	1311
520	1371
520	1580
560	1350
545	1488
524	1446
532	1869
559	1744
712	2344
633	2495
660	1967
684	2115
751	2426
682	2459
733	1963
664	1775
689	1631
642	1406
669	1393
661	1402
613	1486
608	1540
574	1655
616	1824
581	1682
645	1582
620	1479
667	1581
623	1496
643	1673
626	1602
600	1366
564	1398
646	1524
600	1610
682	1710
634	1557
574	1760
666	1302
630	1648
615	1277
605	1400
574	1335
581	1340
648	1419
619	1447
574	1314
549	1291
616	1208
617	1147
562	1500
625	1382
621	1407
613	1800
625	2135
634	1635
619	1404
666	1813
679	2252
637	2140
634	2168
644	2421
578	1705
618	1516
675	2065
550	1772
574	1578
532	2399
610	2350
594	1638
609	1551
593	1554
522	1363
541	1325
669	1090
639	1409
598	1426
561	1479
571	1460
648	1527
604	1530
673	1388
674	1469
673	1535
783	1548
777	1495
832	1434
838	1533
844	1405
910	1414
919	1421
915	1372
839	1410
819	1492
967	1422
1011	1717
911	1792
834	1687
874	1591
779	1644
793	1563
743	1519
705	1574
685	1587
633	1426
678	1272
619	1364
666	1473
667	1486
678	1291
615	1365
671	1491
643	1332
647	1533
639	1551
648	1556
632	1652
683	1397
704	1277
723	1522
728	1491
703	1566
774	1575
732	1564
698	1505
746	1383
638	1464
720	1466
716	1443
716	1492
718	1417
686	1560
715	1418
691	1432
646	1399
705	1448
720	1497
692	1550
610	1491
626	1676
696	1504
609	1727
666	1702
558	1479
674	1445
617	1325
623	1580
620	1711
581	1357
524	1471
515	1349
536	1516
577	1410
557	1481
487	1466
504	1130
510	1409
496	1424
476	1228
495	1558
537	1478
525	1358
498	1334
497	1316
488	1353
524	1345
507	1304
468	1331
503	1320
499	1653
515	1503
487	1462
511	1315
489	1424
543	1641
512	1464
493	1462
468	1343
491	1223
567	1431
526	1343
478	1463
507	1304
434	1472
496	1389
524	1421
534	1362
504	1428
494	1419
504	1347
536	1379
550	1452
489	1489
520	1390
497	1281
497	1305
509	1505
505	1180
449	1322
516	1358
437	1221
556	1384
453	1279
524	1439
453	1435
466	1321
468	1255
475	1281
484	1273
465	1424
542	1271
522	1389
549	1150
544	1297
540	1317
532	1395
543	1443
492	1439
501	1527
542	1575
535	1300
504	1248
526	1094
473	1419
514	1331
553	1443
540	1443
477	1610
541	1549
522	1483
528	1347
542	1280
495	1458
515	1655
517	1555
574	1463
530	1464
502	1501
522	1506
481	1346
453	1380
444	1584
463	1417
459	1404
498	1379
504	1284
497	1458
551	1350
455	1423
524	1408
537	1488
518	1521
428	1508
578	1420
516	1486
517	1520
563	1458
477	1544
533	1489
564	1470
565	1411
550	1564
536	1496
557	1769
624	1716
494	1422
602	1419
529	1661
499	1554
544	1595
498	1660
510	1424
507	1667
510	1385
495	1448
531	1683
491	1444
523	1455
555	1447
461	1408
495	1388
513	1343
514	1265
464	1389
451	1401
487	1438
470	1354
429	1445
560	1585
521	1927
525	1538
440	1512
513	1392
498	1496
506	1555
571	1511
547	1741
530	1594
495	1561
572	1507
588	1555
591	1621
571	1529
528	1305
514	1299
528	1505
529	1593
563	1729
536	1722
547	1614
656	1745
642	1801
649	1689
624	1639
632	1520
654	1528
706	1744
692	1503
703	1509
686	1695
683	1444
731	1586
700	1605
713	1631
669	1711
729	1663
693	1562
649	1671
773	1589
693	1250
685	1325
684	1375
754	1674
702	1675
755	1451
771	1417
800	1346
844	1301
914	1480
838	1407
983	1391
1033	1338
1063	1659
1014	1640
945	1839
998	1710
969	1773
1035	1531
973	1499
931	1512
907	1583
871	1638
1036	1498
1144	1448
1171	1445
1207	1502
1414	1308
1696	1564
1785	1376
1807	1506
1936	1612
2041	1488
2235	1492
2212	1444
2261	1555
2200	1586
2364	1523
2723	1589
2918	1482
2822	1723
2924	1686
2860	1692
3102	1681
3531	1722
3715	1641
3767	1844
3694	1916
3886	2116
4246	1956
4251	1952
4543	1981
4345	1909
4474	1882
4667	1870
4831	1749
4970	2010
5046	2007
5478	1809
5822	2189
6265	2864
6484	3240
6532	2992
6683	2738
6736	2962
6547	3522
6359	3667
6056	3630
6081	3567
6170	3889
6130	5486
6237	6066
5996	6348
6038	6536
6342	7116
6575	8036
7007	7853
6940	7747
7316	7339
7805	7155
8098	8275
8424	8919
8153	9048
8035	9008
8147	9066
7949	9559
7633	9898
7304	8411
7165	8845
6991	8076
7156	5957
7310	6753
7817	6995
7498	6239
7499	5864
7776	6233
7953	7311
7778	7720
7808	8253
7806	6270
8774	3479
10175	3013
10413	3456
10443	3343
10189	3284
10635	3576
11598	4532
11730	4907
11384	4572
10662	4165
11278	4523
11826	5149
12229	5336
12030	5241
11675	4821
11683	4951
12086	4770
12173	4741
12029	4513
11866	4350
11460	4177
11481	3961
11624	3580
11822	3489
11356	3484
11442	3510
11175	2956
11913	3133
11902	3081
11870	3186
11839	3565
11905	3606
12613	3417
13170	3472
12746	3474
12461	3505
12769	3524
13187	3838
13504	3940
13589	4246
13224	4154
13164	3809
13536	4140
13019	3590
12643	3437
12262	3564
11775	3107
10850	2878
10009	2627
9510	2470
9092	2486
9258	2600
8415	2456
7067	2191
5862	1949
6179	2183
6327	2361
5692	2327
4240	2092
3004	1872
2791	1858
3096	1737
2886	1877
2373	1611
1737	1638
1671	1449
1935	1521
1932	1848
1583	1499
1165	1754
1076	1770
1197	1889
1252	1821
1049	1791
926	1503
811	1690
696	1608
746	1601
669	1717
646	1497
591	1375
579	1310
525	1275
565	1275
579	1495
575	1455
606	1612
562	1520
543	1778
527	1529
534	1481
505	1660
495	1631
482	1607
518	1595
504	1702
500	1697
537	1593
582	1479
524	1386
538	1599
537	1461
484	1560
538	1711
537	1523
523	1413
517	1409
507	1468
517	1549
512	1811
600	1652
554	1794
567	1623
556	1396
480	1405
489	1426
544	1530
464	1250
512	1320
523	1415
538	1787
569	1634
636	1645
597	1648
533	1616
575	1885
608	1579
627	1507
617	1512
618	1546
594	1573
626	1617
628	1747
619	1644
654	1642
660	1673
591	1808
666	1699
645	1713
640	1633
625	1710
693	1850
751	1887
814	2016
842	2123
778	1966
853	1747
913	1693
949	1977
983	1808
938	1898
1000	1851
913	1864
930	2108
965	2246
971	2390
924	2487
859	2582
896	2667
871	2355
882	2259
868	2415
958	2926
980	2771
946	3099
960	3096
930	2940
958	2676
1068	2188
1137	2120
1122	2001
1081	2042
1175	2004
1155	1858
1275	1802
1291	2103
1233	1910
1210	1836
1204	1880
1279	2058
1349	2120
1320	1797
1372	1797
1377	1841
1316	2082
1277	1868
1306	2022
1409	1963
1455	2054
1442	2035
1475	2022
1461	2018
1415	1994
1435	2177
1357	2340
1301	2237
1246	2243
1271	1995
1246	1886
1186	1909
1135	1971
1197	1818
1094	1903
1089	1830
1042	2050
1102	1821
1056	1844
1112	1754
1030	2061
1091	1859
1056	1917
1087	1762
1129	1827
1194	1917
1160	1856
1159	1670
997	1764
1090	1798
1015	1871
1012	2002
1146	1861
1013	1942
987	1912
929	1934
998	1713
992	1836
986	1676
959	1728
950	1594
970	1879
1033	1909
1061	1846
1054	1748
1031	1849
1119	1615
1094	1680
1147	1716
1140	1826
1108	1947
1135	1936
1207	1859
1261	1452
1198	1308
1192	1531
1165	1560
1249	1543
1083	1386
1077	1463
1094	1331
1106	1401
1029	1444
1037	1438
1037	1474
940	1641
872	1584
800	1458
789	1581
734	1604
750	1662
700	1708
786	1506
758	1513
746	1851
726	1892
687	1974
751	2230
743	2269
776	1846
698	2002
641	1981
703	1751
597	1781
648	1643
637	1872
656	1771
655	1838
652	1808
581	2107
561	2494
644	2691
571	1905
597	1816
606	1890
607	1794
589	1901
559	1957
615	1710
561	1724
577	1851
585	1922
599	1748
537	1869
574	1724
594	1796
564	2003
613	3303
593	4748
852	10190
1043	13803
1120	14225
1171	14873
1250	14881
1037	12881
1130	15387
1120	17484
1248	17869
1061	15669
844	13787
1057	17293
979	17826
964	17463
962	17433
934	16188
912	16165
1041	15658
864	14808
759	11981
717	11889
807	11380
770	9337
593	3571
551	1815
524	1925
468	1697
488	1536
516	1795
578	2097
546	2021
518	2355
500	2159
557	2242
506	2240
518	2106
504	2118
540	2023
545	1804
491	1631
493	1866
497	1853
512	2002
486	1843
500	1591
486	1620
444	1445
499	1389
522	1604
527	1495
536	1696
546	1603
500	1515
545	1466
615	1627
614	1444
575	1563
550	1563
576	1641
567	1722
514	1797
517	1695
498	1773
550	1598
504	1602
518	1584
555	1774
600	1726
517	1642
527	1605
546	1820
561	1648
551	1616
587	1750
509	1786
507	1964
480	1672
498	1622
587	1574
578	1535
521	1673
565	1657
446	1548
513	1744
524	1802
504	1699
548	1703
491	1776
494	1839
494	1780
476	1646
478	1569
460	1774
481	2066
500	1673
503	1545
494	1715
516	1598
539	1669
519	1622
471	1795
522	1704
520	1884
549	1975
550	1826
543	1702
530	1526
552	1809
533	1826
571	1760
608	1711
635	1800
684	2130
704	2079
668	2075
679	2468
814	3199
770	3956
756	4004
788	4504
776	4134
726	3280
837	2484
790	2321
861	2437
937	1987
899	1837
926	1752
806	1899
899	1933
863	1995
898	2201
826	2479
799	2369
750	2265
773	2436
766	2019
665	1771
667	1941
695	2047
653	2742
657	3058
720	5009
689	5181
627	5248
604	2652
576	2306
659	2510
617	3128
560	2679
527	2731
561	3208
627	4043
581	3178
535	2510
519	1802
530	1481
453	1620
527	1681
533	1489
477	1383
520	1469
589	1660
585	1526
533	1816
589	1588
549	1746
510	1673
468	1658
523	1735
528	1788
569	1717
582	1765
582	1661
591	1668
565	1552
583	1753
491	1828
607	1764
528	1571
550	1433
526	1583
490	1583
566	1385
529	1376
503	1521
480	1571
479	1382
478	1656
487	1684
481	1593
513	1590
470	1755
499	1697
501	1628
525	1741
530	1786
505	1561
559	1541
505	1463
569	1501
482	1485
472	1405
477	1376
507	1653
503	1717
534	1601
509	1677
507	1651
516	1651
484	1542
517	1612
484	1519
497	1313
502	1401
514	1457
506	1610
567	1363
538	1562
490	1515
531	1375
464	1428
558	1580
518	1471
529	1521
516	1788
471	1751
443	1925
454	1679
534	1749
572	1644
506	1489
554	1561
573	1655
495	1517
490	1721
497	1575
577	1540
512	1661
517	1425
514	1593
547	1569
523	1386
508	1500
543	1554
548	1552
551	1462
567	1533
504	1650
531	1451
566	1484
514	1484
477	1467
572	1501
541	1375
525	1708
587	1763
572	1833
697	2228
627	2589
652	2355
576	1637
621	1621
634	1583
575	1309
543	1567
603	1574
555	1920
572	1586
627	1597
592	1894
563	1700
515	1880
579	2156
508	2135
509	1943
508	1884
600	1756
549	1686
544	1550
511	1326
524	1422
523	1434
508	1525
537	1690
553	1542
519	1518
494	1621
522	1438
568	1434
601	1341
491	1383
526	1408
485	1494
504	1508
540	1548
521	1609
556	1635
596	1648
573	1814
620	1718
607	1725
510	1682
565	1561
515	1735
559	1761
492	1839
582	1641
527	1508
524	1392
604	1589
582	1530
600	1596
549	1584
543	1242
452	1397
492	1405
513	1636
520	1624
509	1829
511	1969
602	1686
550	1557
596	1737
562	1848
487	1736
549	1722
526	1714
472	1649
517	1566
572	1768
513	1514
525	1482
489	1602
512	1635
470	1766
505	1716
516	1878
537	1542
509	1710
543	1724
536	1684
550	1477
538	1521
551	1421
492	1438
555	1440
580	1630
500	1796
542	1743
512	1795
478	1590
540	1532
477	1446
542	1470
530	1613
469	1706
534	1701
507	1810
559	1539
604	1661
567	1694
569	1520
571	1600
550	1717
507	1594
513	1596
515	1330
619	1614
604	1814
595	1803
547	2000
585	1527
517	1406
468	1412
551	1571
547	1409
506	1334
546	1326
483	1288
507	1389
487	1500
531	1508
579	1523
562	1457
511	1557
499	1637
514	1503
495	1606
463	1519
552	1501
533	1374
537	1360
563	1417
463	1313
542	1447
532	1397
551	1451
499	1626
552	1962
499	2367
587	2302
526	1904
472	2277
502	1733
523	2016
520	1941
506	1892
553	2462
568	3125
512	3045
492	1973
529	1851
539	1697
560	1361
590	1306
583	1646
563	1953
574	1775
477	1695
528	1520
518	1602
528	1533
501	1483
491	1317
561	1411
526	1560
477	1427
567	1476
500	1639
532	1592
558	1726
514	1789
474	1718
574	1675
501	1864
502	1711
568	1826
535	1807
584	1737
536	1728
590	1867
610	1562
652	1802
589	1820
570	1827
557	1698
531	1646
502	1599
557	1703
485	1628
519	1429
506	1478
504	1400
508	1364
524	1450
485	1560
561	1656
544	1575
574	1692
517	1554
548	1717
592	1657
601	1692
555	1544
611	1546
596	1525
551	1504
555	1527
552	1513
589	1483
517	1449
449	1574
542	1471
510	1644
498	1484
502	1421
528	1501
497	1352
507	1632
495	1539
537	1454
570	1607
595	1603
523	1507
599	1606
515	1515
485	1395
537	1535
507	1444
508	1817
552	2504
550	2863
531	2123
527	1534
544	1625
506	1599
517	1491
464	1594
603	1531
570	1668
554	1481
538	1402
513	1301
535	1408
564	1644
537	1389
530	1545
552	1642
556	1671
468	1684
521	1744
545	1805
500	1843
494	1676
556	1705
624	1663
594	1715
561	1753
534	1962
522	1769
572	1513
532	1525
586	1459
579	1655
559	1461
596	1346
590	1428
514	1357
526	1422
568	1542
537	1600
528	1692
557	1680
536	2163
627	2359
589	2596
573	2390
572	2347
564	1919
572	1959
593	1773
563	1555
535	1736
636	1651
623	1676
547	1619
613	1566
532	1772
611	1574
583	1681
586	1522
588	1608
572	1806
564	1871
546	1825
562	1599
561	1825
565	1765
525	1641
540	1762
636	1561
569	1521
595	1639
522	1633
548	1682
526	1632
551	1805
556	1709
531	1462
551	1644
506	1627
524	1596
565	1438
505	1549
566	1750
513	1736
592	1540
555	1730
602	1627
555	1517
574	1448
554	1621
574	1770
507	1715
520	1549
601	1672
499	1576
538	1725
582	1770
608	1596
579	1532
611	1505
625	1662
617	1687
606	1642
545	1623
571	1642
622	1610
605	1534
594	1484
609	1592
639	1501
591	1500
593	1721
628	1666
656	1752
659	1563
635	1546
656	1564
572	1544
607	1457
586	1430
594	1632
588	1578
548	1309
528	1582
550	1550
493	1669
560	1682
619	1449
511	1402
575	1521
550	1391
566	1567
518	1413
557	1392
564	1446
593	1509
539	1603
501	1451
576	1429
496	1633
568	1793
527	1853
565	1827
542	1877
554	1813
506	2173
586	1897
519	1696
555	1776
581	1669
568	1917
636	1825
610	1894
609	2218
563	2171
560	1829
587	1576
532	1640
562	1606
565	1838
573	1844
538	1651
588	1721
587	1592
628	1691
609	1652
613	1623
599	1614
616	1533
624	1530
609	1449
586	1611
558	1582
613	1551
570	1452
634	1434
643	1665
682	1600
671	1737
630	1475
692	1493
657	1684
615	1757
581	2239
632	2526
629	2361
656	2275
587	2297
529	2480
539	2379
571	2414
632	2296
615	2458
578	3006
589	3283
612	3202
573	2677
575	2166
496	1880
552	2473
537	2199
503	2032
495	2098
528	1987
535	2197
532	2370
588	2346
570	2467
532	2562
527	2599
573	1932
533	1953
556	2073
567	1834
570	1562
511	1877
569	1527
549	1601
572	1482
517	1824
618	2586
734	5981
600	4213
604	3543
825	7240
930	8768
761	6302
924	8701
927	8698
950	9249
835	8850
931	9000
841	8189
842	9446
657	6840
575	4875
598	6213
509	4931
520	2418
511	2074
533	1825
545	1433
567	1574
538	1552
531	1466
499	1643
535	1565
510	1453
522	1636
466	1683
494	1620
498	1895
466	1621
374	1567
474	1768
550	1706
469	1470
500	1646
494	1715
536	1858
531	1674
585	1637
501	1515
541	1787
568	1765
572	1732
588	2233
622	3814
594	4622
652	4196
687	4373
570	4200
690	4207
673	4751
651	4651
698	4693
622	4395
609	4404
652	4154
560	3848
643	3816
636	4800
653	5141
678	5056
675	4947
711	5229
634	3959
683	4567
600	4431
683	5760
681	5539
644	5580
776	6697
748	6207
833	6438
788	6158
818	6789
846	7159
862	7069
857	6925
891	6341
798	6324
819	6349
791	6225
833	7617
848	8036
775	6452
750	5924
876	7997
928	9132
865	8227
889	7734
739	7115
809	6093
740	6048
656	6034
780	6522
761	6771
707	5697
707	4508
646	4258
652	5043
634	4181
606	4239
584	3754
499	2798
536	2408
547	3050
496	2643
600	2645
508	2847
572	2833
574	3116
634	3697
623	3759
592	4345
603	3745
659	3606
529	3209
515	2818
461	2230
500	2119
571	2817
614	3422
531	2918
573	3285
586	3055
636	3315
579	3209
545	3969
539	3241
545	2682
547	2754
523	2686
557	2452
495	2340
539	2254
564	2457
502	2398
578	2432
588	2139
521	1887
573	1691
519	1656
536	1523
469	1641
499	1827
523	1882
495	1812
545	1847
540	1725
547	1805
554	1695
535	1817
521	1708
559	1752
519	1463
535	1446
522	1409
583	1528
532	1595
574	1348
554	1580
547	1765
548	1626
549	1555
561	1783
494	1669
557	1638
537	1599
536	1536
517	1595
555	1501
538	1417
535	1477
563	1478
524	1610
554	1509
514	1268
486	1438
513	1559
542	1518
536	1575
572	1612
575	1510
530	1746
510	1653
575	1803
577	1575
550	1629
557	1799
542	1753
486	1558
510	1677
588	1539
543	1823
545	1734
515	1664
508	1663
473	1740
554	1802
495	1622
480	1679
517	1471
522	1413
478	1469
459	1631
469	1463
433	1559
498	1399
522	1455
482	1527
551	1570
542	1852
513	1727
461	1624
541	1620
484	1596
534	1495
502	1450
547	1842
570	2019
576	1610
545	1650
525	1814
577	1638
527	1840
560	1761
585	1697
547	1672
626	1593
640	1522
585	1560
594	1664
543	1793
584	1670
577	1522
574	1626
541	1586
553	1496
532	1619
547	1318
538	1487
529	1411
511	1469
554	1364
541	1310
658	1344
626	1324
582	1413
662	1615
638	1773
650	1729
718	1689
732	1991
802	1824
831	1863
843	1655
875	1652
981	1970
1073	1821
1165	1909
1126	1780
1157	1667
1074	1761
1121	1737
1175	1752
1345	1669
1275	1867
1392	1938
1460	1801
1883	1767
1938	1803
1854	2065
1699	2081
1694	1968
1858	2191
1877	2102
1814	2101
1868	1866
1782	1746
2000	2007
1989	1934
1864	1791
1648	1678
1787	1984
1482	1850
1326	1742
1343	1802
1508	1700
1545	1818
1086	1719
879	1786
875	1934
906	1891
878	1889
882	1678
830	1546
766	1520
830	1675
798	1648
797	1558
713	1732
726	1656
765	1570
825	1619
727	1751
703	1753
673	1727
633	1705
726	1381
704	1347
635	1527
563	1444
607	1722
619	1756
609	1472
598	1493
574	1826
555	1655
613	1756
548	1902
567	2165
569	2059
513	1983
509	1623
530	1704
513	1751
498	1792
485	1771
509	1821
578	1656
566	1834
541	1950
564	2232
602	2607
580	2844
550	2530
488	2065
523	2034
546	2257
515	2184
571	2364
463	1838
530	1668
507	1891
562	1814
512	1643
477	1856
425	1825
484	1635
484	1547
576	1569
519	1486
525	1668
529	1622
529	1454
533	1363
509	1471
556	1565
528	1574
535	1556
555	1682
538	1822
502	1594
551	1669
596	1585
532	1679
568	1793
582	1683
535	1582
584	1598
591	1657
593	1600
582	1462
545	1475
499	1181
525	1469
473	1437
504	1424
483	1598
554	1357
513	1291
494	1314
567	1187
532	1390
516	1381
506	1440
504	1561
560	1687
498	1632
545	1763
544	1713
589	1552
552	1869
555	1664
543	1504
537	1513
466	1740
528	1590
494	1516
543	1575
522	1562
490	1668
529	1449
460	1593
548	1405
563	1522
565	1677
491	1791
554	1873
508	1679
518	1674
507	1629
486	1567
564	1542
532	1682
505	1627
511	1421
504	1654
470	1703
489	1405
502	1312
500	1373
513	1392
464	1410
497	1486
586	1575
490	1383
491	1329
472	1398
513	1318
518	1489
511	1513
537	1395
478	1448
529	1392
497	1507
521	1516
521	1479
522	1394
484	1435
495	1663
447	1673
534	1645
509	1641
524	1621
491	1589
480	1479
549	1566
498	1483
518	1688
483	1381
548	1422
510	1480
460	1463
478	1596
506	1352
507	1588
539	1722
496	1800
469	1692
514	1742
507	1714
439	1676
481	1602
526	1539
521	1492
536	1499
531	1576
506	1537
485	1488
577	1559
583	1711
510	1684
530	1353
451	1689
489	1606
526	1732
538	1971
515	1760
489	1889
539	1658
553	1461
484	1690
573	1493
532	1516
570	1632
549	1745
549	1592
606	1532
599	1811
620	1664
552	1593
528	1640
600	1535
554	1546
556	1743
534	1673
517	1697
548	1657
555	1712
564	1705
540	1699
544	1666
585	1694
653	1571
662	1851
658	1539
639	1641
555	1510
512	1555
493	1761
626	1699
481	1594
613	1579
565	1759
589	1728
656	1746
652	1727
718	1688
689	1799
738	1691
710	1632
700	1603
720	1711
741	1720
679	1578
743	1609
678	1550
725	1554
707	1432
755	1565
742	1381
768	1362
774	1612
668	1640
692	1710
710	1791
705	1572
670	1597
660	1665
773	1535
676	1628
645	1567
660	1427
637	1546
670	1419
592	1493
558	1503
509	1498
483	1406
565	1590
540	1538
501	1493
576	1417
503	1368
489	1322
537	1417
559	1426
565	1520
545	1406
555	1367
534	1702
554	1591
575	1436
584	1422
482	1490
548	1469
534	1881
522	1557
596	1559
545	1665
564	1653
549	1469
500	1458
548	1392
545	1638
563	1585
539	1716
624	1557
515	1828
594	1661
595	1680
593	1661
621	1483
616	1574
583	1400
545	1363
517	1354
574	1393
597	1203
633	1512
670	1589
657	1530
622	1430
643	1591
668	1493
698	1592
639	1583
608	1578
621	1460
667	1503
645	1721
672	1474
648	1603
646	1713
624	1597
667	1443
650	1703
622	1467
645	1348
592	1481
638	1324
630	1663
598	1586
559	1737
590	1708
633	1532
677	1781
616	1699
595	1790
546	1618
530	1338
555	1583
573	1528
682	1449
675	1897
557	1752
555	1709
566	2016
618	1821
582	1916
560	1574
515	1561
516	1695
517	1685
549	1744
519	1542
504	1326
496	1323
537	1259
461	1252
518	1353
534	1413
518	1607
508	1654
547	1816
637	1965
512	1784
506	1670
507	1624
512	1565
501	1665
475	1560
469	1672
482	1501
533	1398
507	1494
514	1545
510	1342
536	1661
554	1486
542	1510
509	1966
587	2971
589	2824
540	2727
607	3057
512	2271
546	1357
536	1616
571	1404
568	1522
541	1654
569	1530
563	1461
584	1460
546	1225
503	1397
470	1321
504	1195
499	1417
518	1408
540	1349
572	1396
532	1732
523	1706
524	1619
513	1676
539	1451
433	1471
469	1300
508	1623
533	1305
500	1490
526	1835
534	1718
544	1663
465	1599
533	1423
449	1579
502	1501
482	1512
510	1562
472	1360
461	1520
510	1626
475	1667
485	1628
496	1422
469	1454
536	1421
485	1587
425	1747
524	1438
468	1493
469	1222
443	1368
453	1492
481	1611
481	1743
512	1827
531	1488
451	1389
475	1495
525	1534
509	1496
460	1441
509	1371
490	1403
560	1449
560	1698
479	1394
500	1566
567	1391
511	1397
565	1368
550	1349
492	1509
535	1491
455	1331
494	1526
550	1684
477	1568
483	1479
528	1342
498	1469
521	1576
503	1596
501	1564
489	1563
478	1591
498	1642
533	1652
504	1391
530	1398
571	1560
514	1564
522	1414
530	1310
495	1593
539	1695
487	1821
468	1720
518	1575
530	1717
591	1738
530	1770
482	1688
519	1528
535	1414
525	1515
514	1561
475	1576
470	1546
516	1475
527	1410
573	1577
632	1422
548	1476
451	1327
438	1560
558	1641
567	1452
550	1478
586	1377
532	1376
530	1386
532	1295
618	1658
526	1285
505	1552
541	1553
578	1664
529	1606
521	1541
522	1526
591	1503
502	1442
514	1417
583	1323
563	1432
549	1457
508	1524
475	1563
508	1446
540	1531
483	1620
512	1700
534	1708
521	1632
479	1544
468	1424
469	1423
479	1333
501	1401
529	1552
523	1544
578	1682
453	1684
578	1611
526	1458
536	1909
546	1702
588	1514
524	1832
537	1858
533	1554
569	1717
627	1693
496	1624
614	1795
554	1627
555	1719
618	1779
675	1554
621	1501
604	1450
698	1562
649	1526
687	1674
673	1725
587	1843
610	1920
645	1504
572	1655
583	1686
581	1677
581	1794
572	1745
560	1598
539	1426
595	1585
549	1453
583	1647
598	1689
618	1641
609	1570
624	1495
641	1756
865	1858
888	1822
771	1733
605	1608
771	1622
894	1800
963	2075
934	1977
1016	1770
965	1791
854	1807
752	1760
739	1884
729	1594
815	1719
809	1461
636	1704
619	1464
673	1629
685	1869
737	1923
541	1803
603	1644
596	1566
582	1563
611	1457
539	1654
549	1616
483	1641
575	1695
551	1496
494	1470
493	1638
474	1535
495	1469
525	1518
482	1581
515	2063
542	2106
485	2380
458	2137
486	2204
510	1810
522	1676
556	1897
459	2251
474	2155
503	2141
438	1725
462	1775
456	1476
430	1589
436	2019
507	2389
579	2775
584	3481
556	4013
641	5772
491	2712
512	1894
580	1951
596	2330
570	2061
503	1801
469	1649
561	2296
476	2930
501	3163
423	1689
520	1607
506	1418
564	1696
492	2053
519	2759
498	2652
569	2113
532	2287
512	2331
517	1615
490	1332
482	1433
518	1543
530	1593
430	1344
479	1426
486	1827
555	1710
482	1592
520	1825
547	1768
528	1818
492	1632
591	1315
493	2033
621	2819
585	4307
535	3948
478	2020
496	2137
515	1611
477	1459
548	1581
558	2937
537	3103
543	2329
541	1964
503	2233
571	2121
541	2369
585	2408
543	2382
534	2389
579	2431
468	2325
569	2358
569	2387
574	2079
568	2499
544	2404
597	2469
519	2020
568	2119
588	2269
535	2407
588	2369
586	2617
537	2293
541	2285
560	2282
552	2238
522	2526
520	2725
620	2496
508	2658
599	2447
499	2514
481	2173
523	2240
511	2250
518	1840
551	1997
509	2776
534	2572
548	2827
534	2879
544	3272
583	2886
559	3114
500	1938
488	1938
544	2023
563	2061
565	1821
532	1754
535	1700
537	1932
577	1886
490	1944
503	2187
555	2373
554	2385
560	2462
567	2321
550	2195
513	2537
577	2720
548	2315
562	2383
535	1852
482	1873
491	2053
464	1774
510	1849
463	1813
515	1728
507	2130
492	1792
520	1903
501	2092
540	2209
587	2137
518	2289
534	2438
493	2615
490	2015
485	2030
522	2042
526	2099
496	1702
463	1486
499	1600
568	1546
493	1581
509	1730
519	1524
515	1670
510	1478
547	1336
495	1522
531	1660
518	1552
502	1798
477	1629
432	1582
444	1661
408	1525
415	1757
487	1743
463	1686
448	1384
465	1326
497	1358
452	1468
456	1516
476	1635
501	1637
432	1579
493	1533
516	1452
488	1450
460	1485
468	1378
471	1503
440	1505
452	1376
451	1491
476	1334
513	1293
498	1503
492	1613
548	1724
520	1625
611	1822
513	1571
633	1456
689	1524
631	1690
616	1812
666	1733
728	1523
721	1548
650	1510
698	1535
606	1623
531	1491
597	1545
591	1583
523	1684
563	1714
550	1605
512	1785
443	1574
532	1594
542	1407
532	1690
513	1820
570	1636
494	1673
502	1674
543	1592
513	1420
572	1778
435	1730
510	1733
467	1580
475	1758
510	1664
532	1684
520	1693
534	1608
495	1526
505	1988
549	1877
543	1958
566	1962
493	1691
523	1708
509	1779
526	1810
581	1774
534	1824
529	1760
576	1758
546	1830
536	1708
461	1431
497	1480
529	1589
501	1637
514	1637
505	1653
492	1695
520	1658
459	1774
576	1658
549	1715
502	1854
487	1886
508	1540
526	1643
531	1781
499	1876
477	1765
504	1788
506	1897
506	1826
456	1889
462	1665
457	1882
490	1723
420	1895
502	1827
512	1838
485	1796
491	1894
470	1707
460	1625
478	1804
466	1584
476	1694
486	1614
454	1523
474	1535
489	1514
492	1380
531	1530
543	1494
459	1372
496	1608
494	1470
534	1337
507	1344
519	1572
529	1543
531	1393
548	1502
490	1493
504	1484
456	1339
508	1457
504	1758
558	1689
564	1658
553	1522
580	1534
481	1340
482	1445
504	1566
575	1532
557	1763
543	1703
507	1611
496	1639
519	1657
466	1655
502	1620
563	1655
527	1740
516	1751
514	1822
530	1773
518	1946
530	1622
515	1655
541	1464
518	1610
558	1688
557	1549
492	1494
532	1539
530	1509
504	1587
573	1602
540	1568
498	1638
655	1965
555	1896
621	2104
681	2768
605	2172
656	2382
662	3438
888	6057
866	7099
891	6614
743	5699
745	6233
670	6190
799	11217
711	5733
672	6440
741	7520
659	4917
628	2793
660	2519
724	1727
576	1834
623	2217
637	1873
588	2055
584	1945
598	1905
555	1752
574	1794
564	1721
600	1504
623	1725
585	1733
535	1653
517	1681
494	1781
532	1826
502	1701
494	1757
527	1552
494	1389
491	1656
518	1534
467	1607
540	1510
455	1417
522	1553
480	1523
470	1757
557	1852
570	1560
571	1536
515	1796
519	1574
521	1603
530	1561
535	1529
512	1571
538	1678
524	1321
537	1582
549	1543
552	1690
553	1947
553	1648
561	1764
539	1500
542	1495
568	1460
548	1812
585	1776
568	1406
620	1503
586	1468
569	1465
610	1359
632	1406
561	1440
611	1382
574	1350
621	1340
587	1551
554	1611
542	1516
593	1581
575	1432
582	1572
602	1537
514	1454
528	1596
523	1589
615	1704
547	2042
582	1873
486	1486
534	1722
588	1409
551	1533
541	1386
502	1572
478	1687
564	1736
497	1927
552	1782
522	1791
552	1740
573	1590
576	1696
578	1532
571	1746
554	1622
434	1590
502	1634
455	1567
451	1595
486	1796
484	1630
493	1635
508	1831
503	1742
477	1679
483	1740
431	1681
478	1827
494	1560
494	1713
495	1584
545	1597
470	1534
542	1715
537	1620
511	1700
590	1466
568	1507
596	1358
624	1365
667	1306
617	1389
611	1485
570	1407
620	1601
587	1586
539	1599
507	1763
527	2078
511	2409
520	2086
497	2187
537	1682
527	1555
548	1486
524	1659
498	1575
561	1546
481	1536
546	1638
464	1689
484	1734
510	1659
552	1598
479	1602
535	1675
520	1643
490	1465
485	1497
471	1432
542	1659
480	1684
522	1515
520	1690
574	1826
581	1834
546	1691
515	1559
577	1622
500	1480
527	1581
544	1514
532	1613
590	1461
562	1685
468	1452
517	1448
559	1500
528	1658
520	1601
505	1462
528	1463
515	1453
543	1549
617	1457
551	1459
531	1320
617	1357
611	1533
610	1533
591	1328
596	1492
625	1500
617	1583
659	1417
740	1497
812	1531
803	1586
862	1523
888	1676
909	1670
857	1647
820	1646
821	1689
844	1664
800	1685
735	1690
735	1580
763	1520
763	1596
847	1857
954	2125
1025	1766
944	1654
1015	1645
1141	1722
1183	1837
1093	1867
1124	1991
1018	1503
941	1640
844	1611
905	1643
866	1761
840	1555
789	1575
658	1505
714	1742
695	1827
643	1519
602	1552
579	1609
649	1663
616	1645
588	1690
599	1601
537	1696
542	1861
566	1782
599	1887
573	1948
543	1823
516	1732
534	1777
506	2002
515	1763
556	1671
542	1826
597	2041
539	1859
465	1894
491	1708
564	1939
578	1819
505	1640
518	1814
503	1757
545	1541
536	1624
550	1659
578	1609
475	1658
503	1615
524	1472
532	1764
530	1506
551	1533
551	1374
562	1502
553	1656
510	1519
537	1656
540	1544
555	1552
538	1481
567	1424
486	1620
518	1617
563	1577
572	1566
591	1602
562	1465
649	1566
691	1447
766	1652
640	1553
616	1548
699	1612
828	1663
1069	1612
1086	1462
855	1720
835	1689
949	1647
1006	1619
1002	1667
998	1540
1065	1665
1029	1706
730	1777
642	1696
582	1715
645	1717
663	1651
666	1873
518	1701
510	1519
526	1733
533	1462
486	1723
572	1967
470	2065
560	2118
564	1958
552	2029
580	2089
511	1940
559	1850
530	1894
604	1725
547	1834
519	1841
512	2021
505	1761
566	1704
517	2039
460	1992
542	1952
544	1885
499	1937
467	1841
520	1762
527	1700
504	2031
475	1824
562	2118
511	1874
539	1999
538	1936
505	1857
436	1726
507	1766
516	1750
484	1789
487	1778
568	1793
557	1761
487	1705
534	1768
542	1755
570	1606
582	1679
529	1687
590	1712
568	1955
599	1642
561	1677
563	1536
567	1369
549	1452
516	1576
524	1484
547	1558
541	1533
566	1545
571	1753
508	1651
508	1617
465	1593
528	1597
513	1449
440	1557
470	1505
452	1660
569	1568
529	1664
507	1521
491	1503
477	1279
508	1593
477	1505
517	1385
480	1464
496	1472
472	1535
462	1594
469	1784
526	1642
483	1553
459	1899
525	1834
535	1832
504	1949
492	1831
468	1786
493	1786
488	1569
455	1540
460	1443
426	1461
486	1614
477	1519
508	1492
527	1430
465	1505
518	1562
506	1491
538	1386
546	1514
515	1545
453	1475
512	1473
491	1554
553	1383
528	1545
559	1776
522	1815
492	1995
498	1976
585	1997
536	1932
530	1835
530	1723
506	1707
501	2000
521	2026
546	1814
549	1958
598	1879
574	1779
572	1838
609	1797
595	1515
608	1703
676	1811
654	1624
670	1493
671	1667
629	1546
593	1560
598	1772
555	1705
561	2093
590	2161
598	3043
625	4297
616	4522
583	3258
651	2895
665	3319
587	3064
622	2495
606	2357
672	2098
659	1831
614	2037
582	1884
573	1857
628	2024
611	1800
590	1880
580	2113
507	2005
563	2130
599	2320
583	2486
549	2143
588	1907
541	2049
582	2666
504	2353
509	1878
513	1744
480	1740
437	1799
499	1719
516	1722
458	1757
535	1766
551	2009
579	1745
556	1578
496	1841
558	1688
554	1675
528	1870
603	1865
504	1526
469	1494
520	1411
519	1918
535	1577
512	1384
538	1455
546	1538
498	1504
536	1475
559	1586
544	1636
544	1791
583	1611
546	1624
510	1710
522	1756
526	1733
547	1856
472	1613
526	1703
527	1558
525	1637
489	1576
487	1555
511	1476
486	1467
429	1410
480	1469
496	1571
457	1654
542	1674
472	1613
490	1532
473	1450
566	1579
513	1535
532	1508
506	1516
505	1716
496	1673
519	1536
469	1379
483	1561
466	1536
473	1547
547	1546
495	1617
503	1668
535	1583
481	1717
531	1794
509	1659
552	1795
512	1759
469	2056
528	1761
545	1659
429	1617
441	1671
504	1616
477	1460
552	1585
448	1585
436	1432
507	1268
518	1528
492	1365
514	1584
473	1570
485	1462
501	1413
542	1333
679	1559
776	1543
740	1620
806	1531
954	1566
1231	1749
1445	1758
1523	1881
1223	1754
1140	1510
1210	1759
1283	1579
1229	1905
1072	1577
1022	1431
1374	1697
1997	1662
2495	1787
2571	1864
2931	1738
3485	1813
4049	1840
4146	1706
3957	1552
3739	1627
3792	1876
4232	1798
4546	1850
4595	1787
4366	1835
4776	1792
5468	2027
6126	2429
6603	2462
6332	2576
6615	2378
7231	2620
8190	2574
8222	2414
7907	2521
8054	2342
8725	2242
9264	2314
9190	2609
8709	2458
8233	2356
8594	2516
9279	2397
9105	2268
9037	2217
9050	2339
9441	2329
9826	2190
9734	2238
10033	2374
10055	2463
10378	2666
10593	2576
10861	2532
10623	2601
10549	2453
10499	2710
10226	2633
9886	2491
9509	2401
9410	2314
9364	2249
8890	2344
8778	2262
8676	2188
8699	2220
8866	2287
8527	2101
8347	2075
8003	1976
7913	2161
7658	2046
7580	2303
7118	2030
6870	2000
6638	1897
6691	1831
6488	1850
6160	1832
5867	1690
6249	1797
6310	1796
6187	1758
5809	1778
5524	1845
5297	1793
5324	1926
5822	1834
5312	1831
4799	1621
4485	1730
4442	1823
4057	1829
3884	1807
3525	1947
3032	1554
3234	1628
3170	1871
2941	1633
2474	1657
2296	1435
2279	1577
2302	1541
2065	1661
1764	1727
1321	1744
1225	1564
1260	1665
1339	1460
1254	1633
991	1618
908	1739
955	1646
1152	1630
1019	1477
944	1735
894	1745
919	1476
908	1619
743	1677
723	1654
712	1785
672	1749
669	1490
717	1461
699	1427
653	1436
645	1301
696	1277
726	1435
692	1562
699	1354
616	1355
638	1278
654	1406
750	1202
666	1406
635	1403
612	1313
641	1528
585	1639
614	1622
588	1573
583	1671
540	1474
644	1479
556	1544
567	1668
545	1614
594	1820
552	1765
516	1672
590	1789
541	1755
518	1840
504	3760
476	6173
611	8540
643	8977
604	5856
572	4096
493	2246
520	1634
483	1544
535	1784
474	1550
534	1746
603	3377
617	4984
713	5781
625	6445
638	6994
570	6438
587	5148
548	2924
526	2477
560	3550
542	3993
609	3068
582	1961
479	1628
503	1689
497	1698
486	1740
511	1561
511	1630
464	1509
505	1666
502	1761
559	1630
509	1617
535	1486
572	1476
611	1731
666	1714
541	1690
611	1504
616	1664
652	1623
733	1767
798	1437
788	1536
687	1678
714	1536
661	1482
817	1513
857	1787
910	1817
898	1993
947	2671
1077	4943
993	4431
1021	4427
965	3359
971	3403
927	2207
790	1794
785	1765
805	1793
780	1518
830	1756
729	1904
757	1954
804	2115
781	1832
731	1724
704	1806
734	1550
750	1835
761	2051
785	2136
713	1932
783	1750
791	1979
823	1970
768	1801
731	1778
742	1712
767	1750
727	1768
751	1757
726	1756
706	1878
747	1840
751	2127
719	1908
668	1688
651	1792
670	1688
691	2063
737	2008
648	1597
616	1649
675	1801
678	1630
694	1827
620	1773
591	1920
631	2024
574	1855
640	1962
548	2302
633	2232
596	2296
591	2018
599	1855
543	1769
633	1659
582	1637
607	1594
606	1722
576	1484
584	1750
561	1728
601	2149
586	1924
534	1651
628	1725
610	1624
575	1967
578	1820
588	1902
574	1855
535	1946
578	1797
521	1840
559	2012
609	1830
603	1733
567	1784
562	1714
598	1668
567	1823
578	1936
609	1805
613	1864
610	1978
635	1947
549	1911
586	1917
537	1704
539	1843
532	2005
548	1856
539	1839
504	1743
546	1944
578	1885
639	1953
685	2232
682	1976
623	2056
671	2023
754	2209
1050	2312
991	2300
940	2309
893	2370
854	2157
848	2019
743	1852
834	2104
761	1907
780	1935
602	1982
633	1931
638	1985
647	2331
655	2171
640	2167
631	2135
615	2236
578	2393
559	2367
599	2374
566	2182
575	1959
531	1931
596	2137
594	1645
529	1723
574	1719
619	1930
558	1836
602	1691
520	1733
618	1874
534	1840
573	1609
562	1658
544	1633
589	1665
577	1745
572	1896
566	1610
532	1569
531	1563
515	1586
553	1853
582	1775
546	1755
571	1684
621	1798
590	1591
644	1652
643	2078
663	1696
733	2215
793	2932
725	3354
654	2521
680	2213
733	2344
764	2463
711	2350
640	2024
693	1808
691	1900
705	2075
709	1851
667	1879
627	1698
732	1538
620	1405
650	1431
694	1407
732	1521
691	1549
685	1579
747	1582
752	1423
753	1504
782	1600
742	1559
730	1572
727	1752
750	1735
725	1458
720	1424
707	1508
717	1600
748	1805
738	1529
635	1467
601	1502
640	1443
711	1511
669	1420
683	1646
636	1740
635	1596
637	1386
625	1444
618	1449
628	1463
591	1488
628	1405
583	1551
567	1466
542	1527
577	1459
545	1310
545	1378
532	1582
502	1561
505	1319
516	1456
549	1406
543	1414
499	1401
512	1451
499	1387
603	1323
525	1564
532	1499
550	1417
511	1579
525	1533
562	1451
574	1596
556	1684
543	1602
530	1675
519	1554
530	1407
563	1441
502	1350
552	1532
530	1519
555	1522
527	1501
545	1496
544	1509
537	1422
539	1455
552	1418
530	1243
564	1295
555	1475
540	1210
475	1310
535	1416
546	1354
547	1436
520	1497
547	1515
550	1427
495	1323
566	1505
505	1460
499	1357
530	1455
510	1567
546	1433
499	1426
576	1450
503	1584
595	1536
534	1370
508	1498
492	1623
549	1580
531	1388
500	1358
500	1446
479	1452
507	1279
511	1368
550	1392
525	1424
498	1504
504	1269
506	1508
532	1538
493	1745
499	1563
478	1458
464	1521
456	1418
517	1465
517	1515
533	1410
531	1417
486	1333
522	1527
476	1580
512	1537
433	1661
505	1836
427	1763
512	1650
483	1516
457	1520
503	1406
535	1387
502	1484
513	1506
510	1544
485	1542
485	1586
513	1379
463	1465
490	1512
519	1490
552	1682
460	1606
466	1495
550	1663
493	1684
516	1357
530	1552
530	1579
541	1579
479	1492
559	1567
509	1400
454	1347
462	1300
516	1322
547	1434
459	1374
433	1349
500	1431
481	1482
517	1371
477	1237
465	1553
448	1631
435	1597
480	1413
488	1489
477	1565
449	1628
503	1583
445	1527
512	1550
547	1430
481	1354
488	1476
459	1539
479	1558
524	1612
470	1639
441	1279
508	1352
523	1618
518	1489
519	1726
469	1696
544	1603
546	1629
508	1489
489	1498
487	1676
460	1520
437	1530
465	1624
552	1862
503	1515
521	1640
479	1610
447	1742
457	1560
431	1643
494	1574
462	1791
457	1716
473	1453
476	1466
508	1836
440	1644
491	1598
441	1616
509	1616
494	1498
497	1483
521	1598
512	1495
525	1463
518	1533
576	1503
498	1627
526	1847
507	1523
569	1787
484	1629
526	1510
497	1581
467	1609
526	1875
465	1848
512	1717
534	1861
480	1761
465	1690
495	1813
474	1847
533	1690
535	1669
516	1809
534	1935
501	1532
499	1678
494	1777
520	1792
485	1798
549	1714
434	2006
432	1867
435	1828
465	1885
482	1777
445	1723
439	1809
509	1633
523	1643
485	1612
460	1613
506	1693
497	1784
505	1687
510	1976
549	1761
501	1748
467	1737
505	1627
504	1666
504	1707
509	1656
488	1757
528	1823
543	1642
561	1631
473	1588
525	1714
504	1485
550	1527
546	1585
506	1551
485	1527
470	1761
543	1664
531	1661
507	1581
598	1674
552	1656
575	1695
620	1729
546	1801
545	1658
544	1704
570	1724
589	1690
549	1604
542	1753
595	1678
565	1808
597	1793
597	2044
696	1889
703	1873
613	1916
603	1816
584	1791
552	1900
507	1759
484	1645
516	1673
544	1619
550	1556
515	1718
592	1663
545	1670
550	1732
492	1638
521	1714
529	1697
558	1584
502	1700
509	1633
487	1728
527	1675
506	1635
517	1671
528	1757
543	1802
541	1653
441	1732
471	1851
527	1965
482	1845
490	1747
502	1768
500	2048
521	2010
541	1897
574	2127
537	2086
581	2279
552	2561
578	2288
535	1659
482	1399
513	1807
549	1791
501	1739
516	1793
550	1949
507	1876
470	1637
535	1652
549	1498
591	1565
621	1631
659	1665
741	1783
783	1615
859	1805
943	1874
884	1580
835	1630
860	1593
1004	1725
1054	1828
1066	1728
868	1520
1036	1653
1126	1736
1347	1642
1585	1830
1748	1813
1732	1781
1966	1598
2263	1817
2269	1771
2086	1722
2005	1887
2036	1759
2316	1544
2431	1575
2598	1723
2767	1644
3054	1774
3471	1828
3798	1903
4048	1977
4155	1825
4179	1822
4541	2066
4865	1792
4907	2065
4633	1914
4298	1767
4083	1740
3896	1722
3506	1545
3117	1509
2929	1660
2631	1453
2648	1559
2667	1514
2722	1610
3008	1790
3293	1860
3492	1693
3507	1755
3614	1809
3707	1850
3853	1681
3635	1730
3331	1761
3241	1658
3382	1722
3208	1689
2941	1676
3035	1958
2649	2138
2635	1870
2558	1898
2570	1937
2055	1953
1836	1896
1968	1901
2035	1895
1987	1683
1730	1538
1520	1548
1585	1526
1787	1590
1678	1402
1528	1550
1387	1794
1225	1601
1114	1689
1102	1791
923	1523
832	1576
818	1457
785	1545
830	1743
734	1738
661	1644
660	1737
725	1577
680	1724
624	1501
596	1459
556	1554
619	1609
590	1456
623	1517
512	1644
579	1413
591	1548
636	1670
597	1684
577	1797
594	1782
564	1824
561	1674
549	1721
513	1536
542	1655
548	1620
569	1458
541	1414
511	1409
481	1332
558	1549
542	1638
519	1390
563	1295
498	1710
506	1514
504	1546
491	1667
475	1689
603	1710
579	1779
556	1759
526	1521
519	1514
540	1420
483	1503
543	1655
533	1785
499	1706
575	1521
521	1637
538	1620
512	1558
548	1258
505	1368
502	1356
492	1285
466	1555
476	1727
495	1713
501	1578
467	1674
522	1632
478	1555
507	1612
517	1572
572	1836
569	1689
579	1467
526	1414
556	1352
508	1376
477	1321
542	1457
522	1466
484	1418
508	1305
551	1642
470	1626
515	1634
505	1662
515	1848
570	2455
657	3914
683	3546
545	2017
586	2101
639	2957
571	2956
562	4045
605	3578
555	2515
494	1813
575	1996
540	1996
603	3098
717	5911
618	4639
744	5667
675	5018
580	3831
575	1970
621	2203
562	2125
646	2576
596	2171
567	2125
604	2258
649	2508
596	2026
613	2270
649	1916
574	2286
647	2576
640	2910
665	3118
708	2698
684	3035
614	2799
636	2578
662	2395
631	2440
615	2314
537	2138
629	2326
607	1833
564	2023
632	2171
589	2427
636	1840
571	1941
602	2262
642	2642
619	2907
593	2274
602	1963
597	1473
614	1430
612	1534
570	1571
529	1532
604	1596
600	1418
600	1485
604	1458
577	1461
551	1585
541	1265
575	1455
560	1496
558	1582
570	1537
547	1988
519	1710
515	1558
569	1542
534	1544
559	1972
485	1675
588	1676
604	1585
584	1471
611	1668
565	1596
566	1602
570	1571
494	1458
495	1577
538	1765
561	1481
536	1662
525	1547
486	1528
494	1559
494	1814
554	1687
620	1596
590	1491
548	1620
542	1536
521	1628
542	1653
525	1380
521	1520
423	1424
504	1493
521	1489
504	1469
487	1408
457	1540
541	1555
529	1576
523	1651
475	1711
481	1615
487	1545
511	1510
508	1529
526	1697
491	1576
543	1604
556	1597
486	1509
544	1519
535	1461
545	1707
556	1653
487	1687
515	1848
538	1592
