479	1557
452	1512
484	1428
501	1452
491	1446
483	1422
491	1680
466	1689
502	1552
522	1656
503	1642
514	1618
481	1579
528	1439
491	1518
451	1534
453	1535
483	1654
496	1538
486	1522
482	1557
478	1642
456	1637
467	1760
459	1691
497	1657
561	1814
494	1538
468	1514
494	1425
487	1433
501	1720
459	1528
497	1609
512	1599
487	1646
473	1769
479	1755
514	1635
503	1781
492	1845
447	1638
484	1903
527	1900
539	1993
463	2251
487	1974
482	2168
524	2483
465	2256
568	2366
486	2193
510	2194
567	2473
506	2933
541	2935
526	3496
526	3438
495	3296
551	3521
541	4187
581	3469
507	3114
567	2930
545	3244
557	3147
579	3378
539	3395
598	3270
627	3446
472	3285
508	2819
561	2546
541	2501
540	2517
586	2770
502	2768
516	2477
533	2574
551	2381
678	2232
633	2336
622	2548
558	2743
659	2643
728	2677
659	2841
653	3086
645	2866
605	3215
695	2741
595	2662
632	2538
654	2311
666	2153
631	2289
619	2196
637	2284
587	2578
624	2571
648	2331
634	2070
600	2178
579	2002
572	2377
647	2056
588	2115
565	1977
574	2668
594	3133
605	4141
633	4412
571	3322
542	2418
762	5648
961	12551
705	6873
612	3018
611	3576
594	3578
637	3008
670	6018
692	5197
748	8538
665	6499
606	4567
583	2806
557	2043
556	2100
603	3159
539	3193
513	1682
518	1693
477	1734
523	1854
516	1695
536	1661
488	1434
526	1623
529	1724
473	1643
552	1576
509	1728
525	1608
453	1567
523	1469
577	1655
557	1597
452	1581
536	1749
510	1692
612	1708
499	1563
533	1675
553	1486
470	1482
500	1605
553	1456
518	1463
484	1502
496	1468
556	1475
579	1501
557	1502
643	1400
631	1508
578	1415
578	1542
635	1588
560	1441
577	1290
558	1264
612	1423
623	1339
591	1380
695	1356
602	1505
633	1491
634	1505
626	1280
680	1466
644	1753
670	1792
667	1599
687	1565
648	1468
672	1558
714	1493
645	1611
701	1646
768	1685
717	1805
682	1798
736	1680
790	1631
745	1400
663	1528
865	1682
758	1743
904	1715
822	1562
797	1636
839	1586
795	1492
849	1569
781	1436
772	1465
805	1229
715	1416
738	1471
839	1517
945	1500
875	1497
879	1580
888	1764
816	1947
831	1579
836	1639
905	1607
931	1775
832	1699
751	1798
769	1639
762	1963
752	1938
777	1816
757	1808
691	1868
693	1945
696	2197
765	2115
681	2060
676	2453
755	2669
664	2167
719	2196
637	2022
638	1760
691	1624
718	1854
687	2051
628	1928
637	2152
631	2198
734	2435
634	2298
619	2321
609	2570
616	2579
588	2533
605	2483
658	2815
576	2462
552	2253
616	2350
618	2370
539	2554
617	2721
536	2734
611	2690
595	3470
620	2884
618	2635
583	2682
611	3309
622	3845
630	3068
564	2663
604	2268
606	2515
629	2360
582	2014
526	2162
572	2469
561	2422
620	2095
606	2188
606	2538
525	2818
522	2891
610	2820
603	2491
544	1999
533	2114
462	1991
497	1927
544	2063
516	2313
534	2675
538	2917
558	2582
515	2498
482	2416
551	2354
534	2336
536	2859
477	3174
484	3035
481	3549
464	4327
522	3779
540	6689
553	5967
475	5748
456	2636
465	2319
492	2314
515	2567
492	2555
469	2417
434	2310
493	2084
478	2183
470	1944
426	1597
483	1665
466	1692
420	1726
442	1675
445	1571
425	1579
488	1520
390	1605
444	1650
459	1652
428	1769
416	1596
437	1579
418	1805
458	1870
476	1799
479	1616
422	1938
462	1726
441	1556
438	1621
451	1605
467	1603
439	1538
395	1468
470	1608
405	1577
415	1481
432	1441
426	1511
446	1371
465	1547
409	1405
413	1437
462	1403
443	1737
425	1630
499	1703
489	1586
438	1610
415	1656
410	1523
413	1571
440	1544
466	1516
484	1518
469	1632
525	1705
511	1440
487	1438
492	1476
476	1651
476	1601
472	1574
476	1517
487	1515
557	1675
499	1612
471	1556
474	1425
481	1481
465	1569
491	1571
512	1568
460	1507
495	1493
462	1715
442	1668
448	1465
452	1333
471	1406
462	1562
423	1564
456	1456
417	1547
448	1607
456	1609
457	1611
425	1647
447	1507
397	1572
478	1674
466	1601
457	1519
488	1503
451	1567
433	1649
497	1766
474	1434
534	1461
498	1547
461	1492
451	1556
437	1462
477	1522
476	1464
472	1527
443	1445
540	1463
486	1579
506	1796
491	1625
511	1464
461	1704
524	1651
558	1660
483	1689
490	1762
491	1559
524	1649
552	1762
560	1707
607	1651
600	1778
669	1749
700	1697
631	1756
621	1780
590	1791
639	1842
612	1600
701	1793
706	1884
707	1931
716	1773
712	1651
668	1773
648	1684
649	1503
670	1670
598	1783
644	1728
644	1598
707	1670
681	1645
617	1715
640	1708
608	1894
641	1743
655	1721
696	1896
620	1718
724	1889
706	2029
687	1895
657	1754
641	1510
648	1650
626	1545
646	1495
697	1456
649	1609
616	1720
672	1588
761	1682
711	1648
655	1718
639	1703
731	1723
612	1492
709	1603
592	1587
598	1735
624	1749
607	1745
645	1616
565	1559
475	1848
504	1946
508	1873
581	1773
556	1865
570	1868
565	1938
668	1799
567	1636
607	1705
567	1646
523	1784
520	1704
569	1815
690	1694
630	1622
576	1624
537	1785
582	1637
613	1875
535	1880
472	1755
487	1512
541	1628
474	1598
460	1606
452	1627
489	1639
494	1610
455	1437
447	1460
451	1448
480	1627
521	1518
512	1672
475	1642
540	1799
431	1560
458	1819
491	1781
530	1756
464	1618
402	1656
473	1564
442	1727
408	1810
439	1589
399	1496
480	1374
504	1536
461	1636
479	1817
453	1710
440	1950
423	1659
446	1612
445	1691
398	1544
434	1593
483	1660
454	1463
407	1614
450	1473
393	1608
399	1349
437	1468
460	1579
436	1436
473	1383
489	1468
459	1502
449	1493
395	1801
417	1814
406	1909
462	1685
483	1716
486	1529
472	1615
406	1872
431	1696
457	1648
504	1803
453	1560
448	1949
477	1862
464	1758
486	1720
470	1737
483	1599
379	1504
379	1495
443	1679
474	1936
434	2047
486	2323
491	2763
503	2389
481	2291
493	2755
521	2879
534	3185
489	2588
491	2925
452	3755
451	3482
482	3429
428	2321
507	2177
439	1896
485	1992
508	2112
511	2560
503	2474
521	2836
474	2279
505	2779
575	3135
517	3064
606	2822
532	1857
555	1787
552	1926
582	2176
476	2120
492	1914
503	2644
509	4352
537	4419
576	3670
517	3245
461	2847
423	2391
507	2133
480	1977
454	2058
520	2198
478	2530
526	2612
470	2597
505	2239
459	1638
460	1498
519	2027
490	2129
465	2190
477	1735
426	1560
435	1643
465	1609
460	1678
424	1601
385	1727
425	1672
447	2025
410	1885
420	1827
443	1553
467	1608
440	1588
495	1505
434	1573
465	1734
458	1568
462	1756
417	1695
363	1512
440	1509
427	1438
410	1498
422	1487
415	1572
556	1693
512	1540
481	1580
468	1565
458	1567
429	1482
432	1625
402	1482
392	1500
419	1597
461	1673
433	1613
442	1736
498	1739
478	1673
466	1764
463	1711
478	1649
495	1631
428	1449
492	1448
456	1440
460	1421
424	1544
487	1595
447	1663
436	1443
445	1642
497	1507
424	1500
447	1577
458	1371
462	1754
498	1677
456	1659
479	1810
474	1588
510	1516
529	1520
497	1539
513	1630
581	1437
525	1611
520	1658
461	1432
494	1676
492	1647
473	1469
484	1415
484	1500
448	1554
473	1613
417	1420
471	1677
451	1744
419	1572
483	1591
456	1677
463	1621
478	1576
463	1666
492	1698
524	1737
513	1513
516	1492
530	1632
519	1791
538	1488
527	1464
556	1566
532	1636
483	1631
527	1450
533	1598
528	1474
461	1485
448	1309
488	1339
600	1440
662	1405
709	1456
649	1367
665	1610
733	1575
781	1712
790	1663
746	1512
706	1604
749	1708
774	1547
791	1474
843	1595
775	1779
860	1645
891	1620
749	1483
809	1624
774	1719
890	1560
923	1416
845	1345
880	1449
851	1471
827	1655
771	1708
696	1725
632	1630
724	1624
738	1683
716	1656
621	1573
587	1610
611	1501
597	1731
608	1580
533	1478
522	1549
570	1708
592	1566
513	1524
529	1608
502	1531
440	1429
451	1439
468	1532
437	1497
486	1550
452	1726
458	1888
509	1689
471	1581
526	1755
516	1606
530	1758
548	1745
562	1813
499	1534
536	1565
495	1579
608	1604
554	1738
599	1541
680	1625
646	1854
708	1697
677	1803
872	1893
1000	1916
1077	1817
1045	1833
1221	1875
1223	2071
1536	2200
1748	1990
1778	2046
1614	1809
1622	1975
1482	1858
1456	2061
1457	2020
1435	2017
1461	4186
1452	7097
1543	7377
1351	3925
1257	1831
1300	1858
1437	1750
1492	1881
1446	1998
1442	2101
1422	1994
1543	2347
1822	2205
2004	2289
1887	2435
1618	2198
1591	2126
1602	2247
1482	2317
1335	2249
1374	2234
1135	2053
1078	2126
1114	2132
1104	2187
1154	1965
1166	2061
1102	2160
978	2222
933	1957
957	1900
910	1898
685	1659
603	1796
593	1758
629	1736
580	1665
638	1687
665	1737
672	1693
738	1571
644	1595
749	1702
720	1832
648	2070
664	1985
647	1894
670	1775
647	1569
577	1564
654	1706
643	1880
789	1794
756	1684
792	1711
778	1889
775	1670
756	1666
752	1824
727	1602
765	1711
742	1621
736	1673
605	1544
692	1531
610	1539
604	1573
603	1621
621	2150
588	2032
689	1878
727	2039
764	2068
771	1985
836	1789
818	1890
874	1851
830	1861
854	1752
939	1730
837	1947
851	1759
758	1827
780	1712
682	1766
671	1765
701	1818
631	1804
718	1543
639	1594
642	1479
614	1516
753	1588
718	1681
703	1607
751	1592
738	1509
678	1772
697	1751
758	1785
740	2035
730	1637
763	1726
680	1697
669	1974
706	1979
646	2040
725	2163
638	2292
654	2223
632	1996
648	1915
632	1888
600	1840
649	1967
646	1970
647	1949
677	1938
643	1935
627	1807
648	2003
591	1794
575	1967
681	2043
605	2248
608	2189
562	1751
632	1751
592	1477
562	1691
591	1764
581	1821
531	1862
561	1863
596	1917
605	1687
585	1738
662	1662
632	1732
569	1531
629	1425
634	1569
551	1648
568	1726
561	1783
540	1877
527	1737
518	1660
540	1484
521	1637
520	1604
508	1888
573	1797
569	1581
636	1513
503	1623
560	1713
578	1756
627	1968
578	2041
505	1878
534	1618
477	1706
492	1535
530	1614
516	1720
509	1596
510	1551
503	1771
524	1808
551	1657
527	1730
526	1605
550	1789
493	1639
508	1521
469	1614
510	1508
522	1634
550	1698
586	1709
509	1639
523	1621
538	1641
538	1546
578	1462
596	1704
535	1545
629	1419
627	1548
628	1749
595	1625
631	1614
625	1562
562	1561
532	1536
611	1540
578	1737
521	1595
598	1572
529	1433
529	1416
580	1630
565	1471
581	1574
529	1429
555	1572
594	1712
509	1626
541	1572
524	1540
532	1551
485	1501
451	1524
453	1458
491	1409
467	1548
507	1633
485	1386
513	1687
492	1574
474	1697
424	1519
443	1384
445	1601
434	1593
467	1565
500	1389
439	1379
518	1569
458	1513
473	1435
460	1564
415	1379
406	1259
463	1236
495	1583
471	1708
465	1690
466	1458
407	1762
458	1497
452	1595
426	1413
436	1407
364	1429
475	1497
457	1403
418	1415
448	1390
440	1254
466	1365
518	1356
435	1432
478	1569
419	1453
422	1519
505	1632
513	1550
466	1485
543	1737
548	1516
538	1526
503	1567
438	1496
518	1581
481	1517
505	1364
480	1488
481	1649
499	1747
496	1753
532	1569
447	1670
450	1497
513	1320
528	1440
516	1653
497	1646
558	1573
567	1649
550	1586
536	1484
590	1469
544	1509
559	1723
603	1776
512	1629
564	1646
521	1733
528	1607
582	1661
564	1554
547	1680
554	1760
540	1599
607	1507
581	1522
522	1520
526	1570
532	1642
597	1728
544	1522
532	1396
536	1535
503	1508
534	1759
488	1673
497	1473
413	1466
473	1336
482	1311
503	1270
521	1214
508	1410
419	1519
476	1850
478	1905
471	1633
482	1416
482	1582
466	1564
493	1588
478	1438
474	1716
478	1576
462	1580
439	1579
460	1582
431	1527
504	1562
510	1960
480	1544
439	1517
465	1524
482	1587
477	1740
485	1618
481	1714
454	1440
501	1646
462	1685
428	1662
463	1341
475	1563
515	1641
453	1515
445	1538
402	1528
492	1345
452	1352
410	1471
418	1520
422	1689
442	1655
462	1478
477	1660
439	1680
445	1613
479	1471
546	1435
460	1528
525	1488
470	1433
477	1429
470	1450
492	1839
459	1888
434	1896
491	1772
467	2113
488	1903
426	1645
452	1604
513	1815
481	1674
491	1570
551	1836
454	2385
470	1622
482	1590
467	1655
482	1486
481	1660
467	1768
497	1668
510	1737
469	1524
502	1562
591	1537
483	1390
499	1511
499	1551
498	1488
511	1534
494	1556
514	1595
565	1735
485	1638
496	1743
504	1706
463	1584
480	1411
522	1465
502	1490
562	1613
466	1551
519	1393
513	1567
574	1530
500	1472
453	1350
510	1363
497	1554
529	1480
506	1532
489	1618
462	1718
457	1685
524	1464
475	1525
516	1557
530	1793
580	1890
549	1821
565	1727
513	1720
527	1887
533	1528
557	1908
587	2849
521	3781
531	3003
529	2430
571	1704
509	1771
486	2349
574	3021
499	4766
542	4060
515	3489
495	2518
527	2526
525	1841
503	1647
580	1707
521	1640
496	1832
538	1896
515	1663
505	1685
527	1521
516	1513
510	1547
516	1604
514	1427
531	1590
486	1516
495	1759
561	1602
512	1752
489	1642
509	1470
496	1632
540	1624
540	1643
532	1767
488	1831
560	1684
554	1632
504	1421
558	1662
548	1744
542	2001
522	1821
580	1770
537	1886
508	1893
526	1466
488	1378
494	1523
469	1433
487	1435
498	1361
456	1463
507	1693
552	1671
506	1721
538	1766
496	2033
487	2102
540	1772
540	1770
484	1729
452	1668
512	1521
487	1487
480	1537
456	1471
449	1479
463	1642
424	1823
442	1692
473	1690
492	1664
492	1610
445	1715
500	1683
527	1683
431	1547
469	1690
507	1791
466	1654
453	1642
471	1425
445	1352
436	1438
419	1323
445	1388
462	1427
460	1479
400	1460
445	1392
429	1332
435	1533
452	1508
417	1399
457	1518
431	1588
401	1528
421	1625
445	1600
447	1570
441	1611
451	1520
452	1400
452	1402
447	1283
464	1305
403	1596
409	1502
455	1537
447	1309
464	1424
489	1312
434	1462
470	1491
476	1550
489	1625
452	1538
442	1595
417	1468
426	1602
437	1784
421	1681
455	1453
349	1473
446	1622
423	1558
394	1444
440	1535
471	1520
464	1616
407	1701
416	1458
444	1485
465	1477
476	1607
488	1566
416	1615
413	1510
411	1551
444	1372
401	1519
449	1539
420	1631
423	1534
393	1509
432	1424
421	1372
424	1585
407	1597
378	1459
441	1647
477	1543
408	1733
426	1659
431	1671
415	1681
415	1726
429	1505
426	1609
437	1643
441	1462
395	1416
439	1325
399	1372
443	1690
459	1691
360	1715
393	1573
437	1369
466	1483
453	1456
430	1505
459	1516
421	1605
460	1435
469	1682
438	1599
479	1487
447	1593
492	1303
543	1542
467	1500
521	1339
497	1431
535	1555
687	1630
761	1545
731	1634
718	1769
873	2023
1059	1977
1087	2143
917	1848
819	1836
905	1778
1081	1694
1243	1614
1152	1776
991	1649
1061	1758
1488	1970
1919	2122
1654	2053
1405	2076
1703	2199
2387	2434
3252	2412
3347	2304
3025	2201
3004	2186
3064	2125
3057	2229
3050	2020
3026	2076
3145	1994
3669	1880
4390	2191
4666	2467
4751	2847
4886	2981
5101	3175
4801	3048
5189	3142
4948	3178
4415	3129
3976	2895
3723	2814
3623	2567
3415	2404
3185	2374
3111	2086
3083	2044
3159	1800
3137	1772
3252	1850
3392	2013
3856	2105
4360	2316
4601	2551
4778	2787
4530	3027
4555	2875
4965	2828
5010	2958
4705	2799
4612	2675
4506	2482
4587	2380
4185	2179
3987	1890
3651	1846
3594	1755
3611	1704
3561	2045
3738	1986
3942	2095
4006	2224
3993	2279
4032	2267
4453	2322
4551	2605
4701	2623
4446	2546
4264	2384
4081	2430
3988	2284
3924	2320
3687	2144
3370	2029
3132	1811
3065	1750
3083	1747
2766	1862
2766	1706
2646	1654
2648	1766
2916	2034
2742	2051
2379	1836
1863	1710
1700	1775
1943	1792
1981	1928
1575	1542
1184	1517
1137	1420
1270	1662
1420	1588
1237	1621
1032	1585
1039	1451
1093	1421
1319	1445
1206	1413
847	1406
706	1475
636	1431
795	1540
707	1429
558	1387
602	1470
546	1443
588	1546
571	1600
564	1765
531	1523
501	1471
556	1446
599	1502
575	1422
511	1279
498	1230
597	1450
530	1553
526	1378
513	1521
469	1459
450	1407
462	1646
446	1700
484	1500
454	1604
447	1528
426	1519
512	1502
447	1656
457	1607
438	1524
434	1653
446	1728
425	1423
447	1472
436	1596
436	1903
451	1634
432	1549
453	1508
396	1490
410	1741
493	1637
496	1626
453	1700
486	1718
457	1622
465	1594
418	1721
424	1835
445	1888
433	1843
477	1818
443	1928
431	2117
409	1854
395	2099
431	1773
435	1858
468	1957
457	1896
421	1858
439	1675
435	1583
466	1400
419	1592
459	1490
437	1474
373	1543
439	1666
412	1623
428	1672
441	1841
412	1740
440	1843
445	1889
466	1825
446	1900
435	1950
422	1683
369	1848
404	1824
458	1808
444	1802
487	1692
440	1734
414	1628
427	1725
422	1644
445	1525
368	1501
376	1610
406	1755
411	1653
399	1644
441	1593
466	1860
455	1671
395	1668
391	1678
441	1648
434	1770
443	1546
456	1534
421	1550
439	1437
368	1532
400	1508
342	1404
421	1339
449	1392
387	1615
381	1614
384	1822
366	1927
372	1826
400	1636
461	1777
398	1756
364	1658
388	1559
369	1607
400	1373
367	1283
387	1315
390	1515
421	1466
411	1447
416	1346
431	1280
429	1466
444	1403
438	1420
373	1542
394	1405
451	1354
383	1446
363	1534
364	1551
383	1547
422	1587
412	1544
380	1531
399	1490
361	1556
420	1546
420	1754
411	2311
485	5593
630	13426
601	13638
600	13960
581	11206
486	5141
495	5005
532	5539
497	5597
402	4508
476	5540
484	4763
503	4123
443	4126
488	4560
501	4777
435	3331
467	2021
448	2198
451	3747
444	3191
483	2323
411	2045
471	2339
432	2313
454	2745
479	2987
531	2763
513	2468
501	2772
520	2951
439	2684
455	2375
434	2300
490	2551
491	2936
527	3125
474	3604
463	2598
478	2459
443	3182
496	2630
484	2403
460	2214
454	1913
477	2093
441	2516
495	2858
473	2070
485	2417
468	2754
476	2906
501	2675
502	2296
446	1732
515	1811
487	2358
522	2454
480	1763
504	2036
536	2047
527	1744
484	1441
531	1559
530	1640
534	1797
541	1664
472	1587
559	1418
544	1605
640	1473
619	1417
603	1463
545	1624
580	1603
641	1482
590	1407
580	1359
633	1505
615	1518
744	1598
730	1606
656	1426
693	1436
692	1395
808	1390
768	1397
758	1329
854	1245
830	1545
950	1444
1074	1333
990	1494
982	1736
1024	1578
1161	1523
1172	1484
1120	1467
1043	1566
1122	1441
1170	1642
1234	1550
1288	1598
1239	1647
1260	1646
1283	1615
1612	1587
1717	1854
1809	1569
1959	1645
2229	1650
2697	1764
2748	1767
2802	1810
2555	1661
2521	1820
2650	1863
2498	1820
2353	1732
2065	1720
2118	1723
2324	1724
2319	1757
2211	1717
2155	1807
2207	1792
2571	1705
2909	1947
3048	1868
3122	1866
3188	1761
3278	1900
3356	2047
3592	1894
3502	2142
3328	1896
3259	2034
3218	1996
3437	2056
3134	1854
3021	1960
3084	1951
3276	1711
3547	1836
3491	1706
3245	1865
3424	1812
3957	1896
4342	2109
4503	2266
4441	2211
4629	2250
4750	2778
5146	3866
5132	3577
4716	3281
4552	3399
4535	3151
4773	2738
4810	2342
4781	2709
4447	2801
4635	2818
4777	2688
5010	2580
5066	2235
5047	2532
5615	2775
5945	2653
6349	2649
6442	3085
6742	3054
6615	3184
6679	3396
6838	3282
6680	3284
6557	3133
6210	2900
5985	2710
5698	3020
5564	2712
5264	2659
5210	2563
5393	2810
5295	2999
5645	2888
5532	2909
5720	3013
6066	3147
6333	3585
6321	3803
6370	4138
6485	4038
6398	4022
6280	3973
6038	3194
5859	3036
5650	3007
5498	2767
5185	2620
4892	2512
4666	2451
4437	2301
4295	2283
4030	2080
3833	2224
3733	2359
3954	2136
4197	2086
4202	2267
4173	2330
4336	2641
4316	2848
4493	3036
4481	2957
4425	3026
4472	3087
4285	3241
4201	2997
4084	2635
3916	2601
3709	2502
3431	2634
3300	2507
3239	2265
3085	2237
3183	2561
3298	2394
3431	2448
3580	2686
3588	2999
3674	3008
3523	2968
3668	3111
3763	3281
3719	3205
3586	3074
3319	3115
3436	3047
3263	2940
2929	2882
2609	2550
2231	2338
2226	2395
2180	2599
2189	2464
2070	2446
1980	2216
1987	2235
2000	2179
2079	2321
2099	2428
1905	2388
1861	2395
1887	2433
2070	2498
1790	2636
1596	2264
1377	2072
1426	2026
1559	1920
1384	2073
1191	2111
1078	1877
989	1759
1042	1604
1042	1640
956	1673
810	1532
883	1874
861	1646
878	1843
913	2082
913	2103
854	2055
821	1799
844	2117
746	1767
672	1788
703	1735
704	1800
723	2195
641	1904
614	2122
648	1939
683	1901
735	2096
630	2017
633	1959
561	2012
591	1870
617	1857
542	1882
586	1777
537	1615
566	1655
492	1848
568	1936
574	1937
533	1879
543	1789
554	1707
577	1580
536	1929
515	1827
649	2002
564	1978
550	1791
535	1668
543	1743
564	1893
580	1726
579	1787
579	1693
622	1745
563	1730
483	1602
539	1525
538	1573
481	1769
567	1796
558	1789
504	1868
491	1733
533	1660
537	1755
533	1663
509	1726
564	1905
576	1731
502	1547
564	1535
497	1559
563	1656
544	1618
571	1653
506	1442
504	1584
539	1647
538	1582
670	1466
667	1444
688	1543
601	1522
568	1633
517	1558
584	1535
584	1772
643	1557
575	1554
706	1469
778	1687
748	1731
745	1784
689	1987
720	1680
820	1599
818	1695
833	1893
805	1908
804	1778
742	2017
722	1877
706	1848
675	1773
684	1772
717	1622
692	1828
705	1831
703	1726
676	1911
764	1702
699	1784
659	1475
659	1495
676	1354
674	1482
587	1490
648	1458
613	1566
623	1404
644	1341
581	1475
586	1742
594	1684
564	1631
556	1686
547	1668
594	1781
613	1696
574	1539
582	1527
593	1553
640	1470
647	1567
584	1468
571	1491
605	1795
622	2125
573	1986
609	2187
563	1813
559	1749
587	1696
545	1747
599	1508
578	1585
543	1767
607	1790
642	1504
652	1215
674	1438
573	1375
615	1451
669	1576
681	1604
578	1590
630	1372
683	1714
680	1650
704	1762
668	1765
597	1526
572	1599
624	1699
690	1627
709	1714
698	1550
636	1590
612	1708
690	1943
671	1675
650	1610
631	1596
705	1796
794	1884
694	1657
700	1709
771	1675
797	1661
834	1682
855	1686
895	1628
844	1706
770	1483
986	1646
932	1668
884	1688
946	1473
881	1552
908	1771
1026	1732
1032	1608
1001	1893
1083	1762
1096	1981
1043	1952
1268	2097
1187	1861
1102	1858
1057	1755
984	1506
882	1537
911	1705
796	1554
730	1587
724	1605
701	1650
680	1799
697	1915
670	1623
699	1597
593	1646
547	1738
612	1635
590	1672
577	1526
509	1470
486	1688
483	1773
561	1707
489	1742
534	1721
488	1685
543	1547
492	1610
457	1547
467	1717
452	1646
437	1586
489	1633
464	1632
436	1568
455	1767
472	1615
452	1653
427	1702
492	1695
449	1766
488	1565
476	1682
472	1577
439	1710
477	1700
456	1789
482	1775
477	1691
438	1586
434	1553
499	1848
499	1655
426	1434
460	1498
457	1376
438	1603
443	1678
453	1587
476	1652
502	1731
499	1583
489	1595
477	1524
486	1690
501	1774
525	1821
548	1874
541	1810
509	1818
510	1887
582	1661
670	1730
596	1821
551	1635
600	1649
707	1709
715	1766
670	1539
702	1743
760	1653
870	1717
1165	1878
1198	1895
957	1780
904	1737
1055	1998
1174	2200
1325	2279
1171	1960
1200	2025
1310	2164
1466	2132
1643	2035
1390	2212
1375	2022
1551	1942
1877	2072
2175	2294
2020	2057
1814	2043
2456	2143
4515	2730
5590	3019
5419	3104
4879	3078
4574	2884
4834	2766
4904	2613
4789	2933
4159	2840
4370	3025
4958	2899
4472	2768
4043	2567
3899	2510
3736	2182
4004	2458
3193	2292
2937	2317
3262	2425
3214	2317
2877	2155
2352	2076
1918	2045
2066	2231
2223	2156
2039	2089
1692	1965
1409	2059
1533	2309
1678	2111
1559	1999
1240	1907
937	1866
936	1820
899	1780
1047	1782
950	1891
772	1744
721	1796
710	1639
769	1762
790	1801
863	1826
755	2028
823	1864
831	1738
838	2054
727	1836
633	1645
589	1835
675	1992
662	2088
582	1861
558	2088
503	1959
512	2116
537	2040
574	1979
539	1983
527	1967
605	1797
583	1959
566	1797
571	1911
573	1882
542	1769
544	1816
507	1809
582	1808
514	2209
527	2148
526	1950
474	2033
451	2162
493	2153
498	2193
498	2267
526	1970
509	2134
486	2084
539	2029
516	2294
541	2626
551	3190
525	2778
566	2934
549	2861
520	2940
525	3201
540	3220
573	2887
483	2421
446	2160
475	2091
479	1969
451	2136
422	1812
504	1856
496	1889
467	1605
484	1587
501	1739
495	1857
532	1786
486	1569
527	1921
498	2018
517	2006
517	1938
523	1908
496	2008
500	1877
480	1944
466	2062
476	1960
526	1931
498	1661
466	1597
480	1712
437	1824
462	2179
464	2414
507	2520
508	2268
491	2171
490	2364
460	2324
447	2186
507	1965
494	1937
458	1970
478	2063
508	1932
497	2084
513	2052
463	1717
495	1757
486	1658
485	1903
502	2125
494	2137
495	2199
468	2223
494	2170
533	2199
532	2053
460	2086
520	2071
521	2065
507	2063
543	1983
471	1722
524	2002
498	1937
488	1596
496	1956
525	1937
504	1780
529	1757
507	2162
468	1883
454	1512
492	1621
530	1991
516	1994
519	1816
515	1699
531	1908
573	1841
487	1779
493	1637
517	1717
508	1924
519	2067
472	1586
544	1902
501	1976
505	1857
519	1850
502	1940
529	2003
564	1839
459	1596
567	1622
482	1565
488	1733
512	1517
522	1453
488	1600
500	1798
561	2093
580	2282
502	2596
527	1979
500	1556
494	1611
496	1689
549	1679
541	1586
485	1713
554	1910
473	1661
518	1614
489	1678
511	1701
552	1532
507	1630
498	1534
494	1533
526	1623
562	1635
476	1840
465	1696
480	1690
531	1677
485	1443
469	1381
466	1654
501	1479
522	1502
529	1497
497	1453
488	1507
452	1393
476	1517
497	1473
523	1645
518	1325
473	1444
563	1499
537	1578
578	1512
503	1474
531	1561
556	1639
514	1516
532	1495
494	1544
587	1637
555	1673
525	1643
545	1604
568	1523
558	1569
540	1403
582	1461
592	1782
623	1574
581	1478
566	1423
507	1518
596	1549
592	1699
566	1513
462	1378
575	1453
569	1330
558	1662
577	1492
598	1395
634	1382
586	1486
606	1266
599	1313
610	1717
644	1638
655	1614
606	1817
663	1479
598	1714
649	1338
637	1568
611	1608
558	1753
547	1605
558	1521
541	1354
510	1429
588	1672
586	1512
612	1549
558	1570
568	1482
549	1571
559	1430
555	1596
599	1593
502	1631
546	1649
561	1600
598	1490
565	1653
581	1731
525	1603
563	1557
527	1746
539	1571
544	1584
502	1611
510	1653
469	1582
510	1506
481	1574
467	1400
505	1710
510	1525
549	1610
558	1534
539	1858
504	1547
523	1600
509	1369
527	1356
468	1495
481	1397
460	1588
466	1614
448	1471
456	1537
476	1446
468	1542
463	1496
474	1477
457	1517
456	1299
523	1315
502	1520
494	1598
487	1343
475	1372
499	1338
454	1268
508	1313
490	1251
509	1440
518	1549
462	1290
476	1294
483	1366
434	1563
438	1499
471	1786
481	1797
505	1458
476	1569
503	1678
484	1639
474	1535
489	1349
471	1492
500	1272
465	1497
455	1434
473	1653
458	1612
453	1634
440	1710
434	1746
471	1485
456	1480
462	1444
467	1588
428	1797
445	1770
486	1784
474	1984
443	1882
465	1876
440	1786
449	1748
454	1571
439	1644
491	3620
422	3079
466	1971
488	3126
486	4366
446	2922
443	3323
410	1842
409	1769
411	1639
386	1522
387	1441
445	1614
419	1705
435	1659
426	1568
455	1496
452	1691
458	1362
422	1519
479	1547
432	1632
459	1643
396	1595
451	1526
408	1479
426	1435
455	1531
410	1565
394	1604
452	1512
381	1395
435	1334
472	1377
395	1516
476	1371
479	1464
434	1281
427	1468
512	1423
439	1574
429	1419
383	1318
430	1455
411	1461
431	1443
379	1526
471	1621
424	1706
395	1775
438	1722
430	1591
368	1527
384	1497
380	1403
357	1502
400	1351
394	1460
376	1527
420	1461
378	1386
406	1577
394	1634
464	1575
387	1528
426	1494
366	1712
457	1750
439	1609
404	1787
379	1707
433	1523
397	1530
406	1406
419	1488
383	1535
428	1584
420	1736
440	1537
437	1679
411	1387
400	1451
464	1623
429	1684
405	1682
434	1841
406	1915
453	1555
446	1570
440	1559
451	1656
389	1636
461	1514
450	1610
473	1840
538	1650
422	1826
465	1952
570	1654
551	1764
552	1940
594	1706
597	1699
506	1645
615	1792
564	1495
550	1710
553	1593
548	1506
536	1470
561	1403
489	1448
576	1637
542	1667
510	1578
619	1490
590	1610
599	1610
542	1640
539	1660
537	1475
552	1726
575	1732
616	1539
533	1489
530	1432
472	1480
500	1604
496	1561
524	1425
554	1451
530	1685
544	1638
588	1675
536	1434
499	1801
490	1708
558	1643
485	1677
573	1592
566	1683
551	1440
532	1352
569	1640
536	1652
550	1554
518	1604
561	1371
530	1620
524	1737
468	1671
496	1714
595	1716
533	1737
537	1545
526	1645
470	1532
513	1635
502	1786
476	1730
499	1596
463	1603
471	1441
440	1662
442	1698
449	1607
440	1480
452	1636
422	1546
441	1580
439	1771
478	1705
491	1593
464	1659
451	1724
444	1566
455	1591
399	1598
458	1752
426	1773
460	1725
496	1669
481	1470
451	1591
417	2013
474	2395
476	2272
464	2564
507	2692
500	2726
461	2247
458	2150
450	2478
422	2046
479	1791
445	2056
456	2270
461	1679
419	1717
494	1684
445	1685
434	1851
500	1806
452	1589
425	1414
408	1320
415	1443
447	1591
493	1494
440	1276
405	1195
389	1203
426	1284
437	1436
462	1300
439	1493
409	1417
482	1363
438	1429
402	1596
521	1601
471	1493
469	1479
497	1439
463	1356
469	1486
473	1347
453	1341
487	1482
441	1674
469	1665
499	1702
495	1719
475	1598
507	1479
487	1601
502	1669
469	1679
533	1688
505	1818
446	1845
521	2032
496	1826
455	1700
481	1619
452	1839
466	2083
458	1707
473	1863
462	1912
445	2044
480	2073
555	2036
477	2196
489	2184
520	1840
474	1823
493	1740
449	1649
482	1767
493	1737
517	1660
529	1934
537	1843
478	1824
489	1806
494	1938
488	1789
466	2069
484	1725
592	1514
545	1594
523	1599
551	1489
511	1564
657	1599
609	1551
598	1535
531	1414
602	1538
536	1593
558	1470
564	1455
599	1481
615	1504
553	1336
566	1591
529	1622
549	1672
549	1525
588	1758
576	1567
619	1639
546	1562
575	1596
551	1793
578	1558
516	1841
511	1727
513	1731
557	1556
524	1711
552	1773
540	1806
525	1779
501	1737
499	1818
566	1675
485	1657
490	1715
578	1822
547	1968
543	1563
545	1585
540	1446
460	1699
459	1638
479	1647
530	1815
451	1802
413	1565
440	1802
485	1566
432	1435
423	1466
452	1622
433	1712
450	1728
438	1735
473	1925
453	1743
410	1693
422	1599
455	1815
436	1504
426	1574
436	1623
447	1618
468	1523
475	1643
475	1635
427	1667
458	1794
442	1669
432	1601
461	1825
450	1820
430	1606
399	1589
438	1531
427	1524
456	1511
403	1495
455	1502
413	1583
408	1734
413	1705
410	1717
391	1779
372	1827
425	1721
394	1723
376	1497
428	1581
385	1524
439	1642
380	1666
375	1578
393	1587
393	1752
371	1685
385	1544
398	1620
417	1526
395	1606
412	1642
366	1407
361	1397
411	1498
397	1660
400	1604
393	1698
357	1851
427	1726
429	1698
389	1711
395	1642
412	1646
413	1600
449	1574
448	1656
426	1438
407	1512
427	1376
374	1612
387	1621
388	1774
386	1739
364	1725
390	1862
361	1581
458	1641
433	1783
430	1742
431	1686
438	1956
367	1955
405	1624
386	1618
413	1767
399	1741
422	1724
414	1746
447	1819
449	1583
475	1613
467	1600
371	1725
393	1682
420	1445
397	1603
397	1668
370	1496
385	1609
384	1556
363	1393
373	1376
365	1469
392	1521
405	1685
375	1673
387	1511
434	1639
350	1655
407	1512
453	1559
408	1621
408	1689
411	1483
373	1553
426	1493
429	1620
414	1625
471	1489
436	1443
440	1602
408	1514
398	1415
449	1449
384	1462
523	1655
405	1707
447	1538
502	1627
569	1739
557	1732
554	1674
487	1476
519	1514
484	1452
569	1645
487	1761
478	1528
499	1447
477	1353
462	1345
500	1526
461	1407
434	1462
464	1565
429	1541
429	1767
387	1703
432	1651
414	1839
437	1788
412	1588
425	1666
422	1678
406	1681
384	1693
401	1612
416	1701
392	1786
404	1895
436	1965
442	2089
457	2023
418	1808
394	1796
448	2028
389	2024
415	1669
392	2090
407	2367
415	2197
401	2017
454	2137
429	2208
453	2213
418	2007
429	1990
429	2094
463	1997
422	2305
450	2476
442	2033
424	1839
426	1878
482	1746
448	1917
508	2121
505	2141
486	2028
467	1790
455	1761
465	1953
557	2035
573	2119
473	2210
455	1908
434	1771
487	1929
494	2140
496	1907
534	2024
530	1842
515	1930
490	1927
525	1811
519	2187
576	1844
490	1721
456	1779
454	1589
454	1658
514	2169
498	2020
493	1792
464	1801
523	1673
581	1898
542	1747
571	1631
520	1582
540	1585
603	1729
681	1638
635	1474
567	1344
635	1420
654	1639
655	1696
605	1762
514	1653
589	1592
554	1639
542	1578
524	1524
529	1580
581	1808
523	1406
536	1560
510	1718
513	1722
503	1816
508	1946
476	1810
493	1889
460	1842
493	1848
526	1879
475	1789
478	1865
466	1925
420	1816
437	1815
432	1543
492	1550
492	1629
554	1774
512	1593
478	1689
412	1511
457	1486
477	1466
471	1333
465	1497
478	1604
488	1427
483	1454
446	1519
421	1602
479	1797
474	1757
421	1702
459	1556
507	1679
504	1791
471	1835
423	1718
465	1722
435	1686
461	1422
406	1611
460	1599
451	1668
438	1749
454	1721
451	1508
475	1445
471	1449
452	1595
438	1526
423	1531
480	1531
434	1664
417	1823
511	1802
464	1601
403	1368
426	1565
431	1670
448	1832
437	1697
447	1672
462	1710
456	1704
471	1788
445	1729
449	1547
366	1667
387	1628
413	1605
409	1627
390	1746
447	1773
369	1577
374	1707
420	1977
421	1800
433	1746
397	1842
408	1876
402	1788
441	1604
481	1634
373	1554
418	1492
450	1737
393	1507
410	1648
421	1653
399	1610
447	1765
410	1523
421	1756
390	1644
423	1794
439	1743
389	1895
410	1628
427	1683
428	2002
446	1735
418	1647
392	1632
377	1714
400	1509
414	1487
407	1411
471	1495
439	1580
371	1570
404	1586
412	1569
421	1851
452	2073
467	2055
453	1892
469	2004
502	3031
491	3357
522	2475
500	2360
467	1676
484	2049
512	2035
548	1919
573	1854
571	1878
541	1878
485	1799
546	1720
537	1821
552	1936
603	1991
559	2155
574	2011
566	1781
519	1832
563	1805
506	1786
542	1916
470	2075
444	1893
477	2009
419	1961
424	1756
441	1579
392	1673
406	1645
353	1593
413	1594
393	1737
348	1605
404	1595
378	1525
455	1450
440	1666
436	1524
412	1598
421	1556
397	1426
433	1486
396	1539
407	1641
429	1663
400	1644
423	1786
445	1723
414	1567
450	1551
381	1626
420	1403
446	1557
454	1457
479	1539
429	1717
435	1706
410	1610
442	1677
413	1626
398	1613
407	1712
394	1574
401	1668
445	1580
496	1506
414	1740
462	1511
405	1591
442	1882
454	1903
428	1878
391	1918
396	1673
442	1599
450	1868
392	1828
432	1706
462	1581
448	1812
480	1717
438	1700
451	1839
445	1886
438	1736
441	1822
460	1699
486	1560
435	1495
418	1731
455	1666
435	1860
425	1819
480	1817
465	1785
497	1870
501	1569
474	1688
506	1735
512	1844
509	1928
498	1930
543	2055
483	2072
491	1963
475	1855
469	1694
466	1434
465	1581
469	1791
515	2046
511	1763
465	1431
522	1568
546	1550
564	1679
569	2007
612	2079
542	2066
534	1817
576	1690
554	1619
575	1723
593	1680
528	1523
504	1662
595	1776
584	1927
536	2086
557	2063
582	1953
618	2116
611	2095
511	1981
560	1926
523	1900
619	1663
617	1700
639	1684
700	1545
684	1645
756	1611
718	1621
759	1635
745	1702
727	1607
692	1568
632	1557
601	1481
607	1350
554	1551
591	1641
545	1604
513	1648
531	1515
484	1722
550	1804
565	1565
614	1745
562	1692
488	1619
505	1577
499	1551
488	1458
463	1548
453	1451
547	1560
448	1589
558	1422
538	1513
471	1499
538	1672
464	1689
531	1495
487	1751
476	1752
450	1678
441	1715
463	1684
421	1734
475	1566
434	1642
441	1527
450	1503
470	1540
439	1760
524	1510
430	1512
470	1648
477	1792
455	1458
488	1332
476	1626
473	1437
458	1410
539	1632
464	1615
483	1553
491	1565
502	1569
454	1554
474	1777
473	1703
446	1700
490	1520
441	1528
438	1551
482	1428
493	1618
489	1725
468	1588
470	1679
422	1756
446	1578
503	1762
540	1699
451	1616
491	1760
494	1889
484	1816
487	1534
497	1622
476	1643
542	1660
460	1760
523	1733
542	1462
537	1641
517	1880
541	1886
502	1711
433	1783
460	1621
429	1663
513	1702
498	1658
477	1580
502	1579
488	1811
483	1803
526	1738
450	1593
478	1789
460	1781
484	1984
429	1663
536	1655
434	1704
417	1653
424	1518
460	1722
500	1563
452	1591
446	1730
460	1840
422	1977
448	1836
452	1629
443	1718
461	1547
422	1476
436	1574
441	1682
517	1672
436	1781
450	1690
451	1773
446	1729
458	1738
425	1595
465	1480
462	1413
429	1579
420	1778
453	1598
414	1837
436	1765
449	1633
454	1586
513	1645
447	1701
505	1740
410	1722
420	1719
419	1796
441	1858
454	1714
484	1549
429	1614
407	1732
447	1872
460	1835
416	1925
422	1891
467	1731
501	1717
423	1625
444	1684
458	1682
424	1743
456	1734
434	1630
424	1847
396	1702
377	1655
386	1591
421	1626
455	1823
432	1767
443	1684
459	1567
454	1583
435	1672
439	1618
424	1648
422	1624
424	1704
406	1711
447	1717
399	2052
442	1655
408	1725
404	1688
451	1689
455	1704
466	1671
398	1742
443	1976
403	1733
443	1767
372	1802
418	1648
421	1632
414	1729
451	1706
417	1584
428	1572
463	1525
419	1775
441	1698
406	1699
418	1714
422	1598
423	1630
457	1697
463	1616
478	1555
442	1603
411	1725
402	1671
466	1650
441	1762
413	1893
451	1690
415	1592
447	1745
394	1719
413	1624
424	1555
429	1528
390	1720
482	1836
447	1770
497	1837
500	1792
486	1661
580	1742
520	1431
451	1581
439	1669
493	1595
548	1553
579	1622
563	1865
548	1702
539	1910
596	1714
517	1698
523	1697
476	1780
485	1886
488	1701
543	1683
507	1784
529	1890
467	1913
473	2006
556	1927
547	1944
488	1897
548	1822
549	1807
526	1837
564	2052
541	1922
585	1530
542	1834
529	1789
517	1829
565	1622
530	1837
470	1759
535	1884
522	1961
565	2421
612	2178
607	2152
531	2358
575	2255
652	2140
608	2093
582	2213
579	2426
606	2663
645	2593
610	2564
645	2513
716	2609
669	2537
579	2740
555	2850
649	3113
615	3047
567	3179
641	2887
664	2630
640	2731
700	2742
681	2733
729	2609
730	2250
754	2003
892	2005
764	2124
950	1906
913	2025
870	2165
839	2178
788	2312
710	2266
811	2301
747	2166
829	2332
840	2547
816	2227
785	2584
728	3206
707	3052
669	2533
625	2455
643	2480
646	2395
631	2320
627	2266
568	2081
533	2123
568	2056
554	2178
657	3144
660	3450
672	4352
608	3435
590	2767
656	2757
598	2569
595	2204
554	2355
596	2184
533	2302
599	2210
536	2204
576	2095
607	2179
556	1932
539	2264
606	2135
576	2312
612	2377
611	2544
647	2633
626	3014
717	3197
656	3216
652	3663
693	3119
560	2669
635	3337
652	4732
625	5720
618	3819
554	3058
632	3905
651	5132
627	4242
583	3246
650	2805
598	2612
610	3364
692	4291
677	4283
633	3523
611	4082
635	5279
666	7390
676	6552
706	5457
677	6474
814	9676
797	10861
735	10607
811	10578
831	11062
905	12707
1124	16520
1200	17264
1115	16685
961	14802
861	14437
1060	17896
993	17908
956	17967
1026	17787
962	16684
815	14841
854	14225
903	14033
915	13649
857	13590
801	13479
845	13638
732	13568
672	13227
762	13228
706	12798
742	12401
698	11019
660	12781
758	13785
714	12842
621	11507
630	12180
738	12810
738	13465
716	12971
738	13099
735	12052
769	13467
706	12370
615	8654
552	6113
587	6076
592	5754
589	6290
555	5815
568	4427
540	3320
533	3797
628	6481
637	6092
523	5076
564	4487
579	3698
553	3002
582	2933
560	3071
597	2446
557	2872
615	4306
630	5208
528	4061
512	2312
477	1912
535	1794
551	1818
571	2034
569	2031
486	2048
529	2122
509	1862
501	1563
524	1790
516	2121
530	2242
570	1914
501	1791
494	1912
493	1751
531	1812
492	2160
484	1859
481	1890
473	2075
505	2328
576	2043
553	2056
530	2052
577	2042
593	2237
483	2216
552	2156
554	2383
580	2266
495	1975
576	1968
545	1975
541	1666
603	1766
546	1728
527	1810
505	1826
535	1904
540	1880
550	1780
556	2105
532	1948
609	1829
568	1733
593	1931
605	1751
575	1730
535	1692
634	1906
617	2034
629	2069
596	2091
592	2321
559	2269
593	2227
568	2463
570	2282
578	2081
655	2073
583	2535
591	2801
655	2648
662	2596
624	2531
600	2652
627	2548
642	2640
657	2629
612	2726
659	2760
655	2325
642	2551
654	2712
639	2745
637	2817
643	2795
636	2736
666	2705
645	2687
624	2773
664	2619
675	2335
591	2192
646	1983
680	2043
667	2115
616	2189
683	2211
699	2176
681	2341
687	2343
687	2256
804	1968
781	2117
713	2007
714	2151
756	1999
833	2208
822	2060
862	2470
881	2094
929	2112
955	2184
944	1896
864	1853
766	1778
892	1664
829	1740
815	1790
897	2054
871	1912
845	1812
829	1922
858	2043
892	2030
912	1955
877	1846
871	1936
776	1687
852	1608
852	1725
832	1874
793	1784
785	1751
863	2136
779	1944
783	1777
752	1751
783	1793
716	1671
781	1754
796	1746
810	1836
856	1711
857	1915
798	2051
858	2054
805	2181
882	2134
861	2114
813	1989
787	2235
880	3013
826	2402
906	2386
860	2094
890	2151
840	2013
817	2649
973	3666
978	4324
965	3711
986	3284
935	3774
998	4402
978	2764
952	2267
1039	3271
980	3301
1037	3486
1083	2523
1159	2112
1010	2180
950	2181
1088	2096
1122	2050
1108	2033
1013	1875
1097	2010
1129	1965
1077	2073
1130	2004
1067	2006
1132	1886
1156	1891
1177	1953
1170	1905
1176	1976
1310	1715
1153	1827
1321	1744
1158	1788
1276	1706
1240	1649
1278	1611
1267	1656
1350	1702
1316	1722
1302	1826
1265	1806
1206	1703
1351	1851
1302	2019
1279	1858
1275	1666
1414	1926
1429	1685
1447	1798
1514	1830
1419	1625
1416	1856
1438	1579
1340	1570
1378	1736
1259	1763
1260	1555
1456	1769
1362	1838
1363	1781
1343	2005
1321	1900
1469	1913
1474	1741
1468	1945
1541	2050
1557	1860
1559	2062
1613	1954
1562	1939
1619	1974
1609	2105
1569	2116
1602	1817
1503	1668
1476	1672
1472	1635
1516	1589
1537	1708
1562	1512
1560	1580
1562	1601
1568	1644
1553	1854
1595	1670
1618	1826
1688	1810
1666	2217
1610	1801
1698	1871
1691	1792
1706	1784
1732	1466
1666	1645
1562	1661
1579	1590
1541	1701
1514	1676
1534	1786
1526	2030
1471	2130
1522	2032
1524	1704
1563	1699
1573	1585
1538	1623
1450	1722
1656	1695
1571	2055
1624	1803
1711	2047
1612	1797
1542	1739
1562	1615
1627	1560
1453	1588
1501	1790
1470	2144
1567	2071
1536	2091
1390	1816
1417	1841
1383	2014
1473	1953
1382	1945
1483	2190
1395	2026
1336	1711
1530	2090
1426	1802
1483	2020
1463	1918
1449	2024
1522	1917
1422	1822
1417	1822
1405	1579
1278	1478
1248	1789
1312	1762
1282	1687
1253	1937
1286	1812
1291	1897
1373	1812
1256	1911
1250	1888
1238	2117
1215	1978
1302	1920
1277	1989
1222	1829
1331	1753
1255	1676
1199	1733
1205	1877
1217	1821
1171	1958
1181	1889
1191	1692
1212	1707
1152	1741
1118	1835
992	1784
1121	1831
1101	1817
1091	1809
1087	1802
1084	1815
1089	1765
1148	1995
1083	2028
1028	1727
964	1838
1043	1672
1072	1664
1050	1564
1015	1567
901	1751
987	1685
947	1520
996	1628
958	1607
882	1591
904	1651
938	1728
891	1754
833	1495
846	1588
850	1705
856	1967
851	1880
854	1861
808	2493
892	2626
881	2705
818	2325
819	2011
871	2207
880	2182
844	2054
955	2007
795	1990
830	1813
823	1965
703	1887
771	1946
745	1895
734	1978
776	1853
733	1833
792	1940
708	1825
681	1903
698	1900
677	1819
723	1779
693	1589
686	1729
724	1603
702	1716
658	1891
697	1825
771	2005
744	1650
727	1741
717	1823
655	1828
731	1879
701	1979
727	1872
700	2099
676	1819
677	1882
664	1910
692	1684
659	1822
639	1789
623	1991
563	1976
539	1494
587	1571
633	1801
577	1841
628	1641
657	1708
623	1697
615	1898
617	1877
579	2060
593	1975
556	1913
524	1896
517	2035
523	1764
531	1844
517	1821
508	1754
543	1517
509	1687
476	1626
512	1725
551	1625
507	1793
502	1875
537	1899
518	1730
527	1815
550	1736
520	1652
491	1638
576	1583
518	1807
473	1775
501	1696
501	1744
512	1791
568	1833
507	1762
491	1582
464	1568
496	1639
472	1559
500	1565
493	1424
429	1575
519	1522
496	1622
432	1763
496	1853
521	1683
517	1883
536	1760
558	1829
474	1664
492	1802
494	1866
489	1725
473	1838
457	1853
434	1823
442	1733
436	1672
490	1938
413	1664
476	1726
461	1646
439	1705
434	1796
460	1759
495	1855
469	1817
465	1570
452	1569
392	1692
466	1798
467	1620
486	1674
457	1889
511	1848
480	1802
442	1831
490	1764
452	1839
410	1907
462	1772
482	1820
520	1730
437	1667
476	1866
465	1824
475	1921
484	1966
481	1796
480	2051
495	2260
529	2620
517	2172
548	3379
570	3909
590	4084
549	4133
478	2763
490	2354
518	2697
498	2983
500	3366
461	3098
534	3198
506	3149
516	2771
446	3121
480	2786
444	2381
491	2758
507	3091
489	2959
463	3167
518	3473
519	4669
497	4259
540	4381
498	3808
514	2972
476	2610
466	2729
518	2996
492	3371
423	3051
488	2645
509	2840
427	1810
455	1931
428	2547
490	3992
605	4547
500	3265
517	3137
510	3205
534	3108
546	2959
517	2420
538	2197
499	2085
551	2893
471	2412
524	1795
423	1847
498	1449
456	1853
519	1878
508	1737
489	1710
483	1564
474	1837
596	1913
493	1818
519	1745
498	1824
484	1698
501	1299
503	1499
518	1652
478	1620
494	1737
514	1703
499	1630
466	1793
498	1713
539	1809
490	1905
456	1919
432	1704
444	1790
440	1724
500	1643
437	1635
519	1894
500	1782
470	1567
494	1641
435	1655
458	1871
478	1713
441	1626
432	1860
451	1880
442	1866
499	1844
534	1775
496	1758
466	1904
508	1864
465	1833
535	1935
503	1903
547	1801
513	1846
506	1755
504	1842
493	1767
477	1783
476	1738
481	1742
448	1677
490	1920
452	1686
527	1611
534	1663
485	1671
491	1596
476	1698
494	1713
554	1502
528	1597
491	1741
522	1512
468	1534
431	1545
485	1684
520	1671
484	1512
459	1455
462	1516
504	1732
483	1505
502	1465
470	1636
536	1513
531	1550
500	1481
483	1752
527	1683
503	1649
514	1372
511	1517
471	1569
506	1647
500	1606
522	1592
437	1632
513	1707
515	1793
527	1827
518	1819
530	1585
524	1618
496	1745
535	1739
484	1974
466	1895
499	1544
570	1683
540	1538
558	1610
599	1544
601	1489
594	1499
588	1650
560	1570
545	1541
557	1299
551	1419
569	1489
525	1746
548	1691
552	1609
574	1615
544	1539
565	1640
554	1430
501	1504
503	1494
518	1422
536	1501
532	1631
569	1551
518	1817
539	1787
547	1887
520	1811
578	1717
578	1831
508	1823
546	2088
484	1985
574	1896
478	1669
540	1927
565	1918
585	1738
554	1591
512	1815
524	1778
568	1685
509	1681
472	1952
511	2302
541	1967
492	1750
539	1649
570	1465
557	1526
497	1470
504	1524
564	1612
479	1651
538	1823
531	1641
518	1803
516	1811
499	1746
532	1869
488	1659
501	1496
502	1625
497	1467
494	1657
498	1637
517	1388
458	1498
489	1319
491	1325
488	1452
492	1440
480	1310
510	1411
494	1476
529	1740
465	1674
494	1562
470	1422
459	1608
530	1719
544	1688
543	1659
510	1567
483	1445
501	1767
500	1620
542	1678
484	1414
516	1439
478	1564
536	1723
480	1583
516	1738
480	1720
518	1457
500	1672
494	1565
492	1553
478	1459
541	1501
518	1694
555	1597
548	1594
504	1562
437	1606
481	1574
525	1492
529	1409
519	1554
457	1467
480	1431
515	1666
541	1616
507	1588
606	1763
572	1874
547	2176
559	2241
559	2124
547	2165
554	1647
609	1633
518	1743
532	2032
519	2071
547	2107
537	2662
549	2713
585	4107
613	4262
556	2040
553	1980
646	1911
608	1754
651	1725
588	1750
634	2345
584	1895
742	1621
742	1531
735	1895
671	1983
675	1877
759	1645
806	1660
774	1697
816	1739
876	1590
878	1753
844	1489
829	1585
855	1709
814	1582
779	1618
775	1642
784	1426
799	1747
765	1629
726	1621
764	1505
793	1517
776	1524
771	1502
700	1573
689	1584
744	1665
762	1606
725	1760
655	1687
671	1602
616	1624
632	1726
643	1863
664	1530
610	1762
580	1592
550	1516
573	1515
529	1589
538	1488
559	1509
584	1470
562	1639
565	1704
516	1568
525	1636
498	1650
525	1616
531	1469
541	1535
483	1607
524	1708
489	1694
505	1642
468	1656
507	1476
496	1581
492	1583
544	1624
491	1642
519	1582
562	1535
538	1788
538	2158
493	2464
537	2513
590	2842
572	2268
584	1777
566	1627
567	1676
684	1556
677	1488
729	1604
669	1897
646	1613
719	1841
779	1729
788	1567
715	1560
806	1399
784	1471
850	1392
796	1538
813	1472
834	1493
828	1406
859	1498
1051	1493
966	1509
907	1675
970	1572
1005	1600
1081	1435
1141	1635
1018	1597
1106	1650
1150	1673
1240	1584
1405	1709
1278	1672
1259	1406
1287	1573
1506	1724
1606	1742
1584	2012
1503	1829
1600	1995
1819	1877
2078	1887
2014	1862
2065	1807
2074	1792
2503	1752
2827	1803
3109	1795
2685	1659
2762	2026
3086	2411
3199	2123
3063	2175
2985	2135
2841	2878
2948	2939
3050	4645
3119	4904
3002	3913
2929	3768
2890	3261
3075	7038
3374	9888
3455	9031
3603	6735
3596	4277
3770	4944
3914	9233
3952	10936
3875	5686
3827	2965
3574	2602
3320	2173
3081	2280
3226	3380
3181	5539
2918	6046
2811	5094
2727	6469
2724	6976
2787	6438
2697	6298
2615	5918
2530	6751
2539	5816
2514	5945
2476	5100
2120	3035
2128	2485
2122	3243
2130	3723
2166	3108
2040	2109
2003	2236
1878	2350
1909	2002
1828	1803
1792	1728
1686	1541
1727	1675
1698	1725
1727	1655
1633	1592
1592	1702
1744	1711
1613	1762
1712	1734
1629	1606
1400	1584
1373	1606
1443	1668
1463	1549
1314	1647
1189	1602
1113	1494
979	1444
1057	1543
1056	1556
1006	1436
937	1609
907	1586
1002	1601
1012	1726
1013	1704
913	1537
917	1622
919	1726
944	1747
838	1724
765	1886
769	1653
758	1854
768	1754
721	1726
644	1682
581	1707
527	1596
610	1523
638	1539
510	1553
510	1698
526	1789
482	1904
561	1886
558	2098
513	1902
516	1890
544	1892
571	2257
451	2536
536	3026
553	3155
532	3173
545	2416
533	2031
467	2293
471	2225
504	2102
487	1908
538	1693
509	2293
528	3748
564	4042
597	3967
544	3875
647	5047
675	6077
671	6145
628	4789
566	4110
572	4470
616	4633
626	4023
653	5161
791	7199
775	7060
833	7537
866	8368
980	10140
982	10095
1017	9737
610	5298
611	4770
576	4254
548	3514
518	3502
499	4647
688	9135
742	11284
921	12778
918	13321
756	11013
628	7145
553	6439
544	5918
572	5554
699	9003
626	7357
532	4658
544	4900
542	5021
531	4233
483	3874
452	3647
477	3897
505	5143
539	6208
625	8775
643	10240
582	9638
718	11410
760	11018
773	10937
653	7961
589	5168
492	6270
481	5376
457	4205
439	3181
409	2987
463	2659
428	3099
458	3065
414	1851
409	2145
408	2108
480	1790
401	1706
397	1811
419	1996
417	1655
528	1829
444	1870
432	1874
404	1657
435	1829
427	1596
456	1620
477	1623
444	1531
399	1645
456	1554
417	1933
434	1804
446	1859
440	1704
389	1629
423	1657
448	1690
378	1580
391	1716
385	1673
469	1810
408	1733
409	1765
415	1580
399	1915
395	1944
481	1881
436	1728
454	1463
498	1835
461	1857
436	1658
437	1657
425	1821
428	1662
384	1803
433	1564
402	1461
413	1492
434	1669
403	1609
422	1626
439	1675
466	1677
445	1700
481	1810
448	1910
477	1821
442	1871
393	1545
455	1625
449	1559
413	1647
423	1701
433	1591
455	1769
404	1691
434	1918
423	1689
457	1884
470	1807
429	1837
424	1908
429	1878
398	1876
451	1825
422	1763
429	1830
440	1527
412	1495
439	1644
412	1589
430	1368
398	1474
410	1657
430	1610
426	1387
488	1729
501	1771
489	1666
490	1797
430	1824
424	1762
442	1901
428	1906
398	1894
363	1874
406	1755
411	1932
462	1792
423	1831
399	1710
395	1817
378	1825
408	1734
390	1639
365	1703
476	1788
445	1833
441	1591
490	1682
439	1724
421	1921
444	1799
409	1741
369	1708
444	1569
421	1531
397	1740
394	1637
428	1564
375	1623
474	1525
456	1591
404	1545
431	1585
482	1698
466	1840
437	2924
431	1901
392	1800
427	3350
506	7787
490	6827
532	8464
525	7164
538	4995
507	4497
453	3785
554	6855
507	5375
451	2885
440	1900
450	1886
408	2229
384	2177
409	1844
451	1849
414	1926
423	1778
455	1842
432	1987
417	1661
424	1764
405	1612
463	1632
397	1789
404	1756
423	1541
441	1534
408	1644
408	1544
406	1514
402	1412
406	1529
409	1801
401	1835
404	1712
443	1626
388	1674
442	1689
422	1802
393	1849
414	1637
488	1921
474	1801
425	1833
416	1783
428	1877
444	1773
449	1814
401	2015
463	1753
372	1825
373	1924
451	1746
400	1859
431	1817
431	1841
462	1736
395	1597
399	1837
464	1927
452	1850
454	1765
493	1715
448	1743
445	1686
456	2147
414	1792
375	1605
420	1396
450	1398
396	1673
376	1641
384	1572
438	1558
401	1422
437	1435
412	1602
392	1727
389	1476
425	1668
417	1743
416	1816
440	1850
413	1761
423	1747
433	1671
368	1807
387	1564
442	1548
426	1655
425	1696
398	1659
338	1561
372	1632
394	1705
434	1755
380	1908
511	1885
385	1717
459	1704
464	1623
450	1653
398	1846
420	1874
426	1986
413	1908
413	1913
426	1866
437	2044
404	1927
450	1800
399	2088
428	1727
457	1739
438	1652
419	1801
430	1688
417	1763
420	1836
387	1774
400	1888
414	1952
426	1795
481	1703
420	1721
351	1885
421	1794
416	1960
439	1889
380	1863
477	1960
447	2209
470	1829
426	1933
423	1795
392	1835
431	1989
417	1738
403	1848
420	1585
452	1819
431	1697
417	1736
434	1781
432	1707
383	1685
438	1779
402	1819
391	1750
394	2113
455	3152
480	3801
439	4095
421	2875
441	3582
461	2914
458	2982
405	3890
494	4118
550	5207
459	4391
468	3279
522	4654
482	5365
566	5592
502	4203
452	4028
448	4133
514	4461
545	4288
481	4229
595	4665
546	2617
571	4107
530	4526
538	4149
513	2499
518	2170
564	2066
548	1974
544	2022
516	2131
530	1806
575	1715
542	1989
524	1781
542	1782
583	1664
528	1819
514	1727
591	1804
597	1777
586	2049
547	1755
542	1920
582	1766
551	2153
607	2192
529	2047
542	2168
476	1910
477	1913
520	1622
491	1880
514	1832
514	1936
534	1901
426	1797
451	1802
440	1726
437	1867
435	1796
445	1780
388	1594
448	1624
432	1525
424	1770
382	1661
449	1534
390	1547
450	1644
383	1670
403	1511
413	1697
428	1648
467	1557
438	2000
426	2006
438	1970
345	1944
404	1849
399	1746
388	1760
360	1651
389	1720
390	1659
369	1713
367	1712
383	1722
435	1487
407	1716
394	1676
366	1540
353	1638
416	1540
382	1461
440	1513
409	1635
449	1740
375	1682
404	1791
413	1829
388	1643
450	1736
440	1601
426	1703
438	1677
420	1831
411	1948
375	1731
396	1767
419	1765
397	1707
430	1806
417	1723
429	1608
423	1796
395	1717
423	1622
390	1514
416	1692
454	1452
460	1610
447	1610
395	1578
405	1890
446	1604
404	1591
418	1614
428	1638
433	1552
427	1657
438	1649
447	1615
387	1635
416	1628
417	1618
440	1594
434	1776
446	1877
434	2041
416	2251
519	2973
455	3110
495	3069
438	1942
425	2222
498	3435
453	3089
427	3523
440	4333
524	4786
492	3814
405	2778
418	2892
448	3067
409	2913
452	2662
496	2777
393	2312
414	2209
395	2093
439	1764
408	1715
408	1452
441	1539
411	1653
438	1775
446	1974
404	1769
397	1930
438	2059
472	1922
427	1894
440	1761
444	1947
413	2024
463	1887
478	1917
452	1801
455	1883
425	1961
443	1890
451	1816
417	1785
453	2166
443	2487
451	2198
486	2414
442	2189
493	2466
448	2746
468	2878
384	1988
416	1986
413	2069
409	2236
473	2104
431	1983
406	1981
392	1907
433	1966
380	1945
381	1935
398	1887
422	1928
419	2112
424	1864
475	2052
483	1719
480	1874
463	1979
425	1878
394	1906
493	1938
429	1614
466	1892
457	1935
486	2001
435	2721
419	2408
455	2006
381	1853
473	1724
420	1729
479	1653
444	1625
433	1749
443	1488
482	1613
464	1727
489	1868
482	1691
466	1561
472	1855
495	1954
484	2246
445	2420
505	2317
512	2302
524	2116
500	2337
523	2397
470	2201
475	2145
437	2009
416	1912
410	1879
437	1574
458	1857
433	1595
437	1598
467	1488
444	1665
437	1830
488	1877
406	1899
455	1636
455	1758
458	1603
485	1659
422	1769
498	1938
467	1821
449	1830
448	1985
456	2103
508	2152
448	1871
403	1967
467	1891
487	1906
440	1770
417	1796
421	1580
441	1746
474	1907
405	1943
438	1699
429	1557
431	1619
473	1703
488	1713
527	1836
516	1473
500	1504
438	1711
473	1727
479	1739
474	1650
502	1703
506	1601
438	1803
498	1818
549	1759
499	1542
474	1599
527	1530
531	1532
556	1411
561	1487
540	1499
544	1498
554	1632
601	1818
635	1754
513	1685
533	1648
495	1452
465	1517
526	1694
511	1612
554	1613
595	1653
529	1674
536	1485
543	1626
484	1705
477	1681
533	1612
487	1479
452	1642
423	1700
488	1502
451	1348
464	1496
503	1523
431	1641
422	1553
500	1547
483	1552
486	1673
543	1691
473	1756
457	1578
499	1566
448	1526
493	1548
473	1722
545	1734
485	1566
414	1517
409	1696
452	1587
468	1788
459	1779
408	1694
448	1702
441	1767
360	1652
448	1499
424	1902
428	1903
396	1968
414	1822
423	1774
400	1823
441	1694
430	1634
434	1659
369	1625
393	1608
450	1758
466	1535
427	1506
383	1511
382	1656
433	1700
384	1424
417	1530
439	1505
429	1791
372	1503
393	1462
358	1526
437	1489
407	1563
447	1380
443	1658
429	1528
396	1496
393	1499
383	1365
435	1470
448	1645
421	1693
413	1771
362	1581
391	1643
423	1493
404	1603
435	1642
445	1884
425	1806
424	1895
431	1727
406	1789
422	1730
405	1844
455	1883
424	1747
440	1729
432	1943
434	1899
395	1746
411	1647
376	1682
445	1760
415	1863
451	1597
441	1578
425	1363
416	1719
401	1715
418	1777
451	1988
414	1618
435	1732
400	1786
450	1842
455	1803
469	1933
463	1765
450	1600
399	1774
444	1732
378	1660
404	1557
392	1611
410	1867
421	1949
387	1860
355	1907
385	1929
414	1967
405	1999
364	1855
411	1923
430	1839
406	1954
396	1752
398	1719
382	1902
402	1754
418	1827
434	1773
382	1781
391	1863
405	1907
381	1859
386	1881
398	1778
417	1712
416	1900
403	1723
433	1598
413	1612
409	1828
458	1767
424	1851
417	1731
420	1964
406	1798
390	1772
397	1654
408	1735
370	1603
453	1883
443	1441
449	1540
456	1833
490	2030
421	1806
456	1815
431	1721
425	1749
438	1767
399	1457
412	1614
385	1736
437	1793
348	1635
418	1539
409	1603
404	1786
457	1656
422	1777
395	1647
406	1751
339	1671
395	2047
407	2270
401	1901
436	1941
508	2408
429	1811
410	1954
458	1808
402	1833
386	1763
420	1641
387	1551
335	1474
356	1768
452	1781
384	1713
419	1776
422	1675
395	1760
397	2017
487	2411
392	2384
435	2196
418	1995
429	1808
389	1834
427	2036
456	1987
461	1975
406	1813
397	1613
432	1674
424	1893
463	1816
387	1859
401	2049
398	1754
388	2254
478	2986
486	5427
500	3848
454	1835
413	1965
448	2191
489	2237
545	2744
480	2565
532	3875
689	7695
815	10349
818	11116
841	11073
805	9960
741	9446
940	11206
1013	13520
1033	13297
824	9901
754	9545
866	11373
892	12122
880	11686
724	9883
781	9968
897	11907
938	11881
948	10938
971	9682
957	9109
868	5886
827	4499
797	4751
854	5653
1026	8982
816	5017
785	5135
950	9361
1116	11994
1561	16004
1945	18649
1889	19001
1694	19162
1525	17825
1899	19499
1608	18297
1465	16240
1019	11991
1107	13039
1385	16564
1098	14004
784	10390
681	7414
664	7238
678	6707
672	6241
761	8113
814	10850
839	12124
849	10544
686	8454
565	5305
509	3825
431	3078
498	3824
637	7649
717	9978
677	9266
642	9566
707	9087
740	10740
761	11227
709	9404
570	8751
716	9510
789	10553
695	10045
634	8118
469	4088
416	2220
419	1980
389	2013
441	2111
438	2257
400	2035
390	2246
449	2143
418	2117
403	2129
392	2092
474	1845
415	1909
422	1772
450	1593
452	1827
444	1800
501	1726
427	1916
421	2014
448	2123
478	2218
418	1942
432	2042
467	2173
421	2073
474	2336
416	2306
413	2189
406	2264
421	1880
408	1876
384	1879
458	2063
474	1853
394	1723
411	1872
447	1948
453	2110
395	2147
481	2141
434	2212
408	1998
394	2134
416	1979
440	2421
437	1998
455	2137
470	2269
442	2228
417	2206
487	2582
467	2457
433	2424
471	2212
444	2358
432	2178
491	2142
457	2062
471	2188
462	2155
427	2016
441	2363
450	2991
500	2474
446	3339
439	2681
403	2687
457	2356
435	2419
446	2279
392	1893
428	1922
469	1968
505	1853
424	1874
428	1985
437	1937
445	1838
458	1961
439	1749
471	1704
468	1850
457	1724
492	1896
455	1869
488	1771
440	1644
419	1728
404	1700
404	1672
389	1647
413	1619
423	1594
398	1757
450	1712
413	1747
422	1762
477	2431
389	1983
404	1718
437	2462
454	2762
474	3038
421	2933
428	2685
461	4472
425	4044
429	4310
473	3436
437	2976
476	2376
417	2586
452	2360
429	1845
461	1932
470	1906
465	1684
505	1748
492	1616
492	1610
437	1492
420	1642
472	1764
446	1890
477	1784
426	1714
509	1726
444	1712
454	1626
473	1615
472	1584
395	1628
437	1601
436	1589
433	1687
401	1536
419	1613
455	1783
460	1750
433	1822
435	1996
491	1995
464	2509
394	2671
433	1805
444	1811
443	1774
426	1861
449	1854
393	1600
396	1730
457	2081
466	2221
413	2205
438	2069
403	1937
424	2227
442	2010
413	1867
423	1934
436	1625
394	1734
420	1832
431	1670
436	1590
428	1686
433	1540
442	1520
477	1672
416	1648
479	1669
482	1744
530	1827
557	1846
534	1758
577	1888
580	1970
562	1989
584	1725
511	1757
566	1935
565	2012
555	1748
525	1742
520	1744
444	1621
550	1808
560	1648
578	1654
541	1725
672	1784
746	1683
687	1820
727	1816
702	1721
630	1906
709	2264
677	2192
783	2185
713	2041
704	2145
778	2392
741	3567
870	4314
814	4809
726	5013
949	7580
1001	7875
900	5696
842	4456
850	5618
893	5438
1016	4474
974	4363
966	4638
884	4504
825	4324
740	2999
822	2724
781	2951
992	3578
1045	4325
1032	3297
944	2963
957	3265
1003	3214
968	2238
927	1965
935	2016
855	2047
868	1815
817	1750
858	1764
694	1718
799	1623
769	1583
824	1594
711	1718
680	1687
693	1750
633	1743
697	1810
715	1874
652	1855
549	1727
576	1732
642	2172
607	2287
651	1962
565	1843
533	1714
620	1682
601	1659
674	1678
531	1724
527	1567
587	1751
549	1620
574	1599
497	1566
482	1622
447	1627
566	1664
471	1564
434	1709
369	1815
380	1445
413	1589
404	1736
430	1686
409	1664
346	1729
431	1623
408	1530
385	1429
457	1580
432	1560
435	1440
406	1682
453	1772
430	1933
407	1838
413	1827
423	1766
469	1662
441	1650
458	1681
465	1602
436	1585
399	1749
420	1597
415	1867
449	1668
435	1605
417	1713
370	1961
414	1852
423	1854
410	1646
374	1629
411	1732
378	1864
414	1831
406	1771
375	1943
385	1751
418	1663
389	1703
376	1626
399	1858
387	1692
352	1750
362	1678
366	1751
361	1650
375	1625
404	1634
336	1411
400	1332
447	1384
405	1428
394	1534
380	1602
359	1510
351	1517
406	1457
335	1533
399	1592
409	1603
370	1728
427	1889
386	1740
413	1702
370	1614
375	1504
374	1407
405	1277
405	1336
394	1679
365	1423
409	1570
362	1630
426	1609
411	1427
394	1557
394	1633
386	1819
404	1757
345	1823
341	1712
399	1873
382	1671
449	1792
392	1656
407	1644
387	1738
380	1723
385	1810
382	1924
371	1907
417	1884
407	1820
350	1792
408	3194
517	7666
411	3772
405	3029
430	2641
507	4383
602	8132
582	8603
478	5225
537	7359
625	10813
509	8774
512	6388
469	6421
600	10257
571	8780
485	7411
550	8071
619	8530
529	7386
427	3526
411	3219
478	4065
433	2396
436	2031
388	1612
377	1609
389	1560
395	1765
431	1755
393	1753
418	1609
402	1596
406	1792
411	1623
431	1513
441	1662
418	1616
384	1425
453	1885
482	2694
475	2974
441	3259
436	4078
427	3350
427	3689
398	1942
393	1548
355	1514
412	1483
407	1450
392	1624
378	1430
364	1634
379	1693
421	1453
442	1490
441	1701
436	1687
396	1509
379	1860
348	1739
350	1868
416	1892
369	2065
431	1933
466	1784
415	1653
416	1541
384	1735
425	1705
412	1813
387	1528
410	1673
355	1542
415	1728
353	1654
393	1730
434	1801
451	1985
400	1685
381	1748
402	1798
456	1908
385	1617
366	1615
406	1420
421	1544
437	1666
408	1899
432	2026
423	2046
472	2002
401	1903
398	2023
413	2079
409	1851
429	1942
396	2115
421	2075
408	2154
426	1680
410	1677
495	1813
417	1733
438	1715
395	1812
386	1651
440	1677
408	1524
387	1427
404	1415
424	1426
478	1576
403	1548
425	1465
474	1437
436	1619
399	1462
399	1482
394	1514
442	1506
398	1683
368	1586
449	1530
388	1472
382	1545
405	1669
404	1535
438	1651
507	1615
459	1614
424	1534
457	1450
439	1690
455	1856
437	1720
449	1693
431	1663
446	1468
406	1535
466	1699
500	1598
516	1658
551	1742
518	1586
554	1417
657	1714
668	1688
664	1577
690	1683
637	1547
729	1715
771	1731
635	1714
620	1754
670	1534
750	1417
764	1574
789	1659
756	1716
732	1847
919	1935
1062	1905
1145	1888
1127	1711
1118	1537
1197	1519
1441	1607
1484	1702
1383	1736
1449	1722
1549	1707
1666	1692
1916	1687
1948	1560
1882	1697
1824	1614
1877	1601
1982	1688
1872	1642
1722	1595
1649	1453
1772	1635
1848	1783
1913	1683
1772	1824
1839	1644
1987	1621
2057	1582
2154	1835
2185	1864
2054	1891
2082	1857
2197	1752
2234	1780
2265	2102
2192	1840
2226	1668
2230	1615
2089	1724
2157	1568
2094	1803
2175	1748
1948	1795
1890	1854
1877	1634
1843	1745
1852	1829
1911	1629
1918	1508
2076	1752
2158	1915
2252	1636
2138	1677
2252	1471
2204	1857
2315	1517
2224	1671
2189	1683
2099	1680
1946	1582
1971	1531
1913	1526
1759	1683
1605	1934
1571	1660
1640	1533
1689	1503
1643	1609
1693	1478
1694	1648
1760	1610
1855	1665
1969	2007
1884	1715
1908	1707
1808	1736
1756	1669
1841	1755
1725	1787
1687	1685
1586	1602
1521	1550
1476	1510
1339	1513
1316	1650
1209	1576
1223	1804
1279	1746
1253	1675
1222	1422
1306	1759
1332	1662
1496	1724
1500	1658
1498	1924
1441	2038
1377	2064
1398	1676
1435	1528
1360	1897
1081	1685
1062	1509
988	1605
1049	1758
1003	1690
956	1604
889	1801
906	1720
978	1539
963	1637
1000	1567
939	1661
911	1658
1074	1665
1041	1583
900	1674
858	1844
873	1929
916	1797
959	1761
858	1764
727	1751
661	1784
666	1773
610	1999
620	1826
655	2099
576	2040
667	1996
621	1745
601	1684
583	1858
566	1923
598	1567
604	1541
620	1674
516	1567
503	1623
472	1700
581	1603
572	1568
586	2188
549	3541
608	5105
557	3950
584	3562
551	2717
526	2120
511	1896
587	2273
537	2599
478	2260
497	2987
514	3150
491	3445
491	3085
458	2374
419	2400
412	2387
444	2211
448	2251
437	2545
454	3164
458	3548
473	3238
501	3244
446	3092
490	2807
493	2509
535	2871
458	3052
447	3454
473	3475
485	3664
491	3893
488	4807
549	5873
534	5711
502	5993
536	6178
520	5668
509	4606
543	4118
565	4240
534	4371
563	4148
513	4320
562	4099
575	3905
568	4039
601	3960
570	4278
618	4602
618	4353
573	3706
682	3414
622	2976
634	2561
656	2469
684	3139
691	3559
781	3922
738	4908
882	4356
965	3671
905	2766
892	2234
937	2218
877	2117
915	2113
956	1964
1024	2184
990	2022
918	2002
1010	1861
1136	2154
1137	1968
1032	1749
1109	1842
1203	1959
1330	1770
1289	1667
1380	1822
1350	1671
1278	1725
1303	1521
1326	1649
1165	1825
1208	1746
1306	1440
1476	1891
1506	1778
1616	1871
1717	1999
1773	1997
2029	2058
2056	2199
1984	2252
2012	2244
2182	2059
2041	2031
2031	1931
1999	1846
1707	1983
1605	1708
1589	1891
1411	2049
1512	2084
1458	2381
1423	1847
1528	1869
1459	1695
1434	1782
1424	1862
1427	1981
1534	1704
1511	1787
1538	1784
1712	1770
1774	2028
1799	2032
1741	2022
1573	2028
1420	1765
1347	1951
1304	1849
1161	1674
990	1659
1024	1689
1034	1898
1005	1633
898	1730
956	1636
919	1613
992	1620
983	1822
1087	1703
1135	1630
1150	1718
1149	1710
1170	1669
1186	1851
1105	1703
1070	1855
1009	2023
978	1779
877	1828
914	1546
842	1797
853	1769
880	1827
831	2084
843	1743
867	1885
810	1812
923	1630
982	1816
1007	1916
976	2015
980	1980
1011	2092
1019	1921
997	2023
922	1940
836	1904
894	2102
809	1975
817	1745
809	1787
802	1916
744	2019
870	2294
947	1975
919	1948
933	2075
984	2444
1136	2790
1114	4312
1175	3908
1065	2312
1001	2688
1057	2987
1000	2262
904	2356
782	2238
740	2036
708	2166
739	2060
743	2025
750	2364
715	2115
725	2228
741	2378
765	2086
775	1936
730	1791
701	1705
740	1912
798	1943
730	1819
618	1740
707	1657
682	1704
716	1836
718	1737
623	1656
616	1672
608	1542
574	1577
592	1756
587	1565
589	1576
609	1475
609	1595
581	1525
541	1487
541	1726
594	1830
559	1849
632	1658
614	1503
554	1673
622	1759
617	1686
680	1710
594	1830
509	1739
527	1504
523	1698
521	1686
482	1574
502	1634
479	1692
467	1602
460	1623
514	1440
451	1600
456	1753
489	1722
474	1871
477	1694
456	1628
390	1690
448	1561
445	1438
462	1531
456	1673
458	1974
486	1586
527	2005
473	1869
524	2057
474	2485
538	2857
493	2633
469	2852
464	2608
448	1972
377	1727
428	1608
440	1558
420	1425
411	1312
366	1452
401	1614
375	1860
445	1736
394	1684
398	1722
396	1500
415	1479
398	1851
375	1603
418	1745
452	1916
397	1749
458	1793
431	1866
433	1837
442	1770
442	1541
405	1845
453	1794
478	2017
485	1668
457	1709
421	1678
415	1608
415	1961
483	1890
438	1607
440	1788
438	1597
496	1594
557	1765
632	1826
575	1722
494	1612
538	1774
539	1615
536	1709
525	1600
522	1636
543	1709
637	1667
741	1797
738	1653
800	1505
793	1602
712	1459
696	1414
586	1460
598	1508
535	1646
575	1707
473	1663
543	1858
509	1740
529	1630
498	1491
442	1762
423	1793
422	1868
432	1792
448	1771
391	1581
396	1512
421	1643
410	1649
423	1607
433	1837
334	1648
399	1707
383	1594
383	1635
449	1414
458	1564
472	1725
400	1728
466	1979
440	1889
396	1962
406	1936
423	1823
410	1813
475	1827
394	1828
375	1799
414	1966
422	1849
421	1899
424	1976
444	1816
450	1880
462	2084
461	1931
487	1951
446	1779
478	1791
491	1754
473	1728
398	1696
448	1832
556	2027
526	2257
489	2210
461	1932
565	1871
679	1978
611	1972
612	2057
620	2057
672	2347
652	1879
632	1690
623	1559
556	1494
597	1552
693	1539
747	1808
717	1810
775	1749
774	1628
873	1586
893	1783
892	1878
797	1537
918	1539
942	1673
1027	1810
963	1860
946	1726
969	1901
931	1832
991	1445
1035	1393
921	1562
972	1500
1038	1689
1041	1710
1037	1770
1079	1740
1122	1759
1272	1667
1238	1755
1328	1679
1351	1823
1391	1965
1282	1927
1258	1971
1256	2015
1178	2063
1213	2147
1187	2090
1176	1879
1250	1758
1257	1603
1314	1767
1310	1840
1272	1599
1344	2108
1315	1946
1373	1835
1466	1825
1485	1777
1412	1835
1505	1816
1548	1834
1512	1700
1508	1894
1544	1617
1521	2016
1401	2058
1378	1921
1321	1857
1253	1829
1290	1841
1274	1797
1162	1864
1221	1676
1246	1907
1187	1919
1297	1584
1221	1611
1280	1765
1356	2124
1377	1866
1361	2042
1489	1953
1509	1962
1440	1988
1258	1830
1126	1784
1118	1664
1084	1528
1173	1449
1024	1658
950	1620
1073	1641
1122	1603
1116	1618
963	1569
912	1729
946	1845
921	1653
947	1634
833	1830
663	1718
673	1764
780	1721
748	1880
735	1701
686	1516
652	1645
629	1481
601	1465
534	1355
560	1703
588	1722
621	1673
641	1760
643	1677
587	1764
537	1752
583	1735
610	1784
624	1568
518	1622
455	1789
507	1707
503	1635
517	1489
505	1472
418	1577
423	1828
462	1483
474	1558
459	1594
435	1538
442	1780
441	1879
483	1771
458	1833
450	1681
433	1691
420	1363
394	1578
389	1621
394	1660
452	1764
433	1727
492	1782
409	1630
402	1594
442	1784
428	1576
444	1429
362	1548
428	1608
390	1701
399	1625
405	1840
401	2088
451	1836
424	2022
447	2127
389	1703
373	1732
395	1614
386	1674
391	1593
402	1692
411	1687
437	1698
441	1563
518	1665
428	1553
462	1667
430	1774
481	1835
425	2074
445	2095
444	2021
452	1846
436	1780
445	1804
389	1572
456	1657
416	1694
425	1741
407	1650
418	1774
415	1634
421	1773
410	2003
386	1836
418	1793
388	1619
434	1648
389	1538
463	1769
443	1856
412	1923
416	1811
470	1726
427	1897
474	1692
460	1810
444	1804
464	1705
425	1619
407	1512
444	1629
429	1555
417	1825
418	1816
392	1820
428	1672
388	1704
474	1717
425	1637
491	1814
473	1690
480	1520
429	1425
419	1597
449	1787
458	1556
458	1653
491	1865
436	1808
462	1920
453	1793
472	1552
486	1642
519	1515
567	1773
564	1622
551	1807
521	1755
577	1765
524	1825
630	1758
640	1824
609	1664
614	1611
610	1497
667	1825
675	1732
750	1740
697	1564
667	1719
734	1977
685	2002
701	1871
697	1869
664	1679
765	1611
693	1560
687	1488
675	1687
751	1515
798	1545
913	1492
803	1556
912	1673
855	1684
870	1552
898	1505
869	1648
814	1850
856	1783
773	1466
749	1806
741	1993
676	1845
664	1725
657	1690
617	1860
676	1677
632	1747
606	1625
583	1750
681	1723
650	2071
665	1983
693	2083
669	1728
731	1823
683	1858
682	1579
654	1724
705	1521
661	1519
599	1718
663	1590
601	1665
578	1731
534	1962
587	1443
536	1901
546	1752
545	1781
586	1783
568	1687
575	1846
527	1728
462	1759
504	1769
517	1749
493	1752
536	1901
550	1875
547	1672
526	1605
522	1496
533	1623
521	1550
527	1705
446	1993
500	1885
551	1926
502	2022
489	2088
490	1885
498	1964
514	1784
496	1649
463	1629
489	1723
450	1867
505	1998
518	1837
466	1774
407	1718
465	1693
462	1801
481	1927
496	2015
489	1776
477	1779
510	1518
485	1685
533	1674
492	1648
494	1750
515	1907
512	1882
472	1783
505	1899
511	1693
483	1706
533	1735
547	1854
517	1870
489	1831
465	1777
509	1833
515	1802
502	1723
561	1868
484	1658
509	1985
544	1828
487	1942
494	1719
460	1588
467	1607
507	1592
540	1845
501	2049
518	2243
478	2558
479	2714
489	2525
547	2043
503	2146
483	2119
412	1858
482	1676
468	2274
480	2797
471	2746
494	2024
504	2638
507	2579
514	2436
551	2058
480	2333
486	1774
537	2043
540	2273
542	2343
551	2697
549	2625
509	2683
505	2363
496	2428
447	2099
468	2307
487	1739
486	1835
489	2727
440	2523
497	2339
486	2346
488	2107
512	2193
492	2374
480	1922
516	2293
460	2158
509	2313
497	2392
514	1869
549	1441
431	1539
501	1824
491	1725
409	1367
457	1435
488	1508
453	1651
456	1553
419	1427
462	1489
460	1601
483	1719
434	2026
442	1925
411	1637
454	1545
441	1720
479	1695
463	1619
463	1545
460	1742
437	1419
440	1649
412	1610
434	1705
457	1512
473	1624
432	1545
415	1629
417	1590
422	1655
492	1678
429	1750
429	1595
475	1585
464	1736
425	1903
465	1927
442	1678
486	1728
478	1622
434	1488
458	1591
434	1631
445	1419
507	1732
493	1611
489	1703
455	1728
399	1418
415	1312
430	1298
401	1178
385	1360
387	1484
440	1743
413	1529
458	1676
501	1557
462	1379
480	1488
460	1679
441	1558
458	1524
427	1472
481	1596
475	1486
439	1723
452	1378
444	1377
501	1526
453	1567
449	1357
460	1420
413	1575
451	1892
464	1709
535	1561
510	1596
522	1580
450	1371
465	1694
527	2008
546	1589
531	1564
540	1581
489	1469
531	1696
535	1587
534	1553
520	1660
563	1549
461	1335
535	1421
542	1466
477	1272
642	1683
633	1851
646	1847
660	1580
585	1722
660	1812
540	1913
535	1692
490	1666
491	1683
533	1661
590	1477
545	1692
558	1774
693	2039
701	1667
681	1691
597	1586
569	1606
614	1802
627	1579
548	1696
525	1573
559	1609
535	1761
504	1948
480	1668
453	1914
528	1744
501	1558
551	1525
500	1325
519	1615
464	1585
510	1640
515	1694
501	1571
480	1669
436	1566
461	1742
474	1752
515	1630
500	1786
474	1675
457	1791
436	1619
485	1735
518	1815
519	1742
411	1581
463	1814
440	1738
412	1472
447	1571
477	1567
376	1610
364	1731
455	2112
467	1702
468	1501
431	1536
436	1340
419	1506
417	1220
428	1155
391	1269
383	1092
430	1237
426	1258
379	1296
402	1496
409	1553
404	1552
420	1575
443	1612
500	1718
441	1726
430	1592
419	1605
474	1549
479	1479
478	1500
492	1614
438	1617
449	1581
446	1547
420	1634
417	1936
449	1542
455	1838
434	1591
376	1662
394	1717
391	1954
388	2047
420	1875
411	1815
433	1634
392	1577
373	1633
385	1563
398	1726
397	1536
391	1758
383	1705
389	1570
396	1722
402	1952
406	1809
393	1692
388	1571
411	1702
388	1812
400	1735
428	1715
404	1624
354	1712
374	1936
376	1822
379	1792
441	1640
441	1552
462	1781
408	1799
427	1842
428	1712
393	1511
497	1756
478	1675
429	1681
378	1479
373	1784
390	1779
437	1957
388	1545
433	1510
417	1454
414	1580
398	1601
401	1542
454	1582
431	1655
426	1764
432	1785
386	1779
474	1802
494	1857
387	1548
400	1663
390	1666
406	1918
435	1672
399	1679
421	1767
410	1645
408	1758
397	1753
426	1578
368	1786
434	1608
436	1504
447	1373
442	1646
466	1595
424	1691
441	1706
398	1706
403	1741
446	1841
449	1970
396	1641
410	1795
374	1804
445	2021
435	1867
447	1818
354	1852
454	1876
380	1705
371	1684
348	1679
393	1847
403	1776
374	1654
440	1681
443	1957
372	2132
380	1955
445	1939
434	1810
427	2037
408	2026
389	1765
413	1886
401	2010
451	1710
402	1638
429	1644
364	1676
421	1927
406	1979
401	1873
386	1779
399	1885
424	1852
422	1814
457	1929
436	2009
426	2144
399	1740
407	1838
400	1903
402	1838
407	2018
423	1833
465	1856
386	1591
399	1740
399	1636
435	1680
417	1571
412	1818
414	1791
449	1904
459	1933
475	1942
476	2193
481	2391
484	2328
480	2235
488	2800
513	3002
490	3048
412	2666
429	2193
509	2173
466	2199
451	2020
451	2068
431	1861
427	1867
481	2075
422	1997
434	2048
421	1978
411	2368
506	2050
462	2090
468	2253
465	2477
465	2534
460	2853
441	2727
468	2221
509	2334
498	2283
476	2467
487	2265
463	2117
506	2035
453	2303
425	2177
510	2767
515	2764
466	2966
493	2422
499	2424
483	2499
480	2165
481	2341
496	2229
415	2085
497	1922
410	1944
476	2308
462	2115
438	2039
456	2006
476	1952
522	2376
539	2465
510	2353
559	2127
544	1917
558	1892
498	1931
507	2264
518	2337
553	2027
474	1973
532	2022
543	2263
505	2070
557	2059
512	2087
531	2456
516	2178
500	2369
472	2643
513	3146
576	3385
535	2931
629	2758
608	3109
575	3560
599	4794
692	5162
737	5456
768	6755
755	7953
769	8791
887	10223
1043	12474
1110	13667
1036	12854
875	10529
753	8138
629	5974
559	4940
513	3772
573	4072
514	3569
554	3880
611	4478
551	4874
556	4582
534	3942
486	4683
623	5660
801	7315
767	7968
623	5364
519	2220
563	1934
520	2102
454	2208
437	2194
453	2235
425	2156
455	2488
534	2618
473	2071
459	2250
426	2346
464	2208
439	2184
447	2438
428	2683
439	3144
439	3080
474	2711
444	2746
466	2724
493	2569
457	2096
464	2365
440	3245
448	3362
415	2712
428	2514
505	2241
454	2237
485	2340
424	2550
398	2736
430	2725
433	2724
424	2462
397	2343
451	2499
435	2797
408	3031
428	2997
465	2813
440	2988
406	2969
430	2963
460	2472
473	2891
463	2994
379	2429
428	2262
433	2318
383	2344
401	2247
447	2593
446	2606
457	2476
481	2799
480	2816
433	3526
492	4391
474	4921
498	5181
451	4460
397	3457
432	3332
468	3297
473	3300
381	2797
436	2701
435	3330
417	3305
458	3037
449	2857
443	3743
506	4273
547	4725
506	4374
427	3672
425	2758
394	2176
414	2056
397	1946
389	1927
384	1857
396	1864
353	1730
394	1856
401	1848
376	2045
429	1999
406	2146
401	2138
391	2080
397	2133
426	1773
408	1859
408	2072
427	2273
420	2356
393	2560
381	2361
478	2081
446	2069
412	2420
458	2407
400	2049
442	2233
450	2095
464	2216
409	1823
423	1756
466	1884
430	1879
449	1790
456	2178
489	2123
464	2033
425	2018
472	2247
450	2518
449	2336
416	2392
467	2426
477	2422
458	2260
466	2014
457	2060
455	1832
486	2077
448	1836
480	1913
463	1847
479	2038
424	2062
395	2023
447	1935
427	2000
465	1833
418	1891
446	2066
440	1950
446	2273
456	2141
497	2050
498	2076
511	1863
462	1988
489	1953
456	2012
437	2021
485	1848
495	1789
441	2049
436	1898
444	2000
460	1726
448	1801
486	1960
482	2240
472	2046
481	2037
493	1959
463	1959
493	2048
437	2096
487	2085
552	2014
536	1889
534	2041
544	2011
554	1951
510	1967
515	1804
495	1921
505	1900
462	1895
497	1948
485	1732
412	1537
472	1859
449	1778
462	1642
476	1688
523	1834
408	1804
420	1623
453	1856
410	1904
405	1628
393	1751
437	1908
466	2062
434	1975
444	2128
527	2090
546	1783
558	1945
575	2058
628	1750
559	1851
596	1738
577	1847
522	1961
431	1846
426	1929
441	1754
467	1565
436	1685
390	1833
419	1817
413	1837
408	1745
374	1764
394	1817
420	1834
386	1739
388	1516
459	1841
441	1752
445	1657
456	1840
429	1793
452	1764
496	1680
495	1588
422	1634
442	1981
459	1939
431	1851
452	1587
429	1670
412	1683
399	1635
477	1846
391	1911
431	1876
455	1583
461	1580
435	1643
455	1806
439	1630
404	1440
414	1713
354	1384
384	1455
470	1555
435	1382
465	1420
450	1778
395	1578
441	1630
453	1522
427	1499
437	1554
450	1435
487	1455
390	1580
423	1645
420	1557
445	1756
453	1768
469	1593
381	1530
407	1554
392	1581
407	1687
443	1825
393	1648
450	1843
423	1810
423	1588
405	1608
423	1759
429	1732
452	1640
468	1744
462	1644
450	1733
442	1605
428	1606
378	1625
357	1577
481	1830
396	1494
437	1548
418	1478
450	1380
434	1601
433	1573
439	1686
425	1676
481	1586
449	1830
433	1761
428	1510
432	1480
410	1919
414	1540
418	1445
403	1698
469	1668
435	1730
410	1726
455	1576
458	1627
418	1604
439	1563
411	1763
466	1683
452	1544
422	1696
487	1759
434	1627
461	1868
434	1629
436	1839
490	1945
432	1713
450	1469
478	1493
430	1455
443	1525
420	1822
478	1803
542	1655
478	1643
482	1575
479	1705
502	1802
481	1701
510	1411
492	1344
539	1664
518	1723
504	1726
490	1635
493	1785
530	1515
580	1534
495	1750
576	1653
554	1850
588	1777
506	1946
503	1998
537	2321
520	2219
539	1996
531	2146
493	2262
468	2154
549	2435
598	2205
501	2110
494	1991
494	2008
543	1968
476	1971
475	1653
490	1725
481	1841
455	1787
430	1620
469	1854
486	1887
483	1924
456	1841
437	1794
502	1856
455	1994
505	1968
473	1874
488	2023
504	1905
492	2028
541	2455
489	2338
486	2175
451	2075
463	1884
473	2001
454	2252
455	2131
491	2087
445	2234
546	2274
496	2421
483	2727
496	3504
499	3993
426	3464
497	3528
498	2608
482	2628
505	3430
525	3417
474	3162
404	2912
461	2584
441	2417
440	2602
409	2679
408	2981
429	2690
427	2738
438	2374
413	2096
426	2130
453	2121
476	2013
413	2365
388	2740
432	2452
423	2273
417	2212
444	2160
394	2038
442	2010
443	2049
431	1915
417	2145
423	2045
407	2102
392	1926
397	1962
425	1792
391	1997
416	1942
413	1982
401	2132
390	2087
469	1918
455	1944
409	1669
500	1530
437	1938
418	1702
450	1741
421	1580
436	1578
417	1721
422	1796
506	1626
448	1760
399	1642
402	1718
468	1946
437	1979
462	1881
458	1962
464	1965
408	1694
429	1737
479	1675
462	1649
449	1528
425	1619
419	1518
481	1398
464	1459
436	1521
422	1465
418	1689
468	1500
442	1463
444	1592
399	1506
419	1666
484	1735
487	1780
417	1813
458	1880
489	1664
452	1649
484	3352
445	4412
508	4252
488	3695
453	3104
485	3078
448	2611
496	2057
463	1839
461	1879
457	1802
462	1729
473	1758
457	1652
468	1713
421	1803
451	1401
495	1506
483	1528
457	1697
455	1510
465	1277
447	1388
462	1434
481	1701
438	1539
473	1785
447	1746
477	1592
471	1734
401	2001
387	1745
467	1831
437	1967
400	1962
423	1653
467	2044
510	2441
490	2973
490	3220
468	3164
460	3216
472	2472
459	2117
406	2238
418	2129
423	1876
364	2129
430	2192
431	2270
409	2384
423	2386
402	2406
436	2390
462	2867
472	3250
446	3558
437	2484
449	1958
471	1719
462	1764
417	1821
444	1747
494	1776
463	1819
475	1807
453	2215
440	2370
597	2350
590	2211
593	2161
587	2247
558	2362
549	3027
541	3521
488	4132
443	2762
524	2406
491	2247
509	1895
473	1708
503	1833
494	1622
550	1786
556	1656
562	1694
533	1762
551	1752
574	1533
547	1764
544	1710
534	1384
566	1474
516	1426
516	1573
519	1316
534	1353
565	1543
524	1484
540	1610
479	1572
465	1744
479	1783
491	1774
497	1503
489	1535
426	1801
460	1649
491	1771
476	1715
527	1918
477	1697
481	1734
511	1842
477	1797
450	1575
482	1635
540	1730
446	1894
434	1537
515	1634
457	1480
483	1496
484	1440
464	1429
460	1412
517	1691
460	1679
520	1752
509	1668
448	1633
499	1745
496	2256
511	2558
514	2329
610	3399
660	3759
672	3343
594	2449
515	1691
492	1606
499	1492
554	1452
539	1613
533	1710
523	1727
581	1822
659	2124
582	1857
594	1606
570	1613
620	2038
614	1971
622	1665
639	1854
611	1844
636	1901
676	1742
649	1675
628	1693
605	1580
650	1653
671	1687
688	1702
701	1643
679	1680
734	1745
739	1783
711	1697
734	1653
702	1610
710	1747
687	1514
709	1689
777	1625
674	1718
679	1540
721	1366
770	1510
934	1561
835	1478
893	1471
842	1539
847	1527
830	1742
786	1834
765	1675
786	1571
718	1843
744	1726
754	1845
798	1644
830	1706
815	2046
887	1975
784	1761
763	1814
741	1739
726	1755
775	1708
741	1770
687	1446
726	1781
728	1626
638	1751
697	1757
669	1857
697	1693
680	1519
776	1762
785	1616
866	1593
837	1514
843	1541
857	1835
815	1828
791	1687
728	1654
796	1686
776	1859
746	1609
707	1593
728	1608
708	1657
670	1567
627	1541
634	1323
697	1519
727	1622
742	1731
763	1590
787	1475
813	1640
866	1563
841	1692
770	1558
845	1466
747	1554
756	1582
774	1740
681	1814
694	1904
660	1911
619	1868
662	1942
685	1817
685	1784
693	1838
672	1844
768	1714
741	1496
714	1581
679	1445
719	1470
710	1476
664	1724
766	1714
732	1642
664	1666
695	1703
687	1650
607	1460
562	1782
542	2062
584	2233
639	2027
530	2091
578	1839
592	1847
592	1711
621	1703
633	1577
552	1545
560	1473
606	1512
596	1644
590	1609
622	1754
610	1775
514	1932
544	2174
537	1772
608	1686
529	1743
590	1628
522	1721
508	1622
542	1832
486	1669
492	1631
513	1594
550	1546
519	1690
498	1668
523	1722
564	1631
491	1824
557	1990
552	2081
550	2368
518	3139
529	2187
527	1863
478	1766
572	1998
585	2182
528	2794
484	2188
480	1819
626	1672
588	1799
507	1777
555	1749
609	1696
640	1607
705	1550
665	1858
679	1959
666	1795
738	2240
760	2771
763	2779
759	2918
770	2778
750	2177
745	1734
787	1554
803	1835
854	1749
939	1766
931	1740
847	1629
826	1722
848	1569
842	1722
865	1536
816	1613
755	1525
770	1567
838	1606
864	1740
870	1661
1037	1761
1262	1602
1312	1706
1528	1536
1486	1495
1302	1639
1234	1926
1049	1887
911	1454
814	1436
726	1636
727	1633
688	1706
716	1554
689	1403
645	1571
631	1554
601	1567
705	1596
939	1762
1089	1757
1198	1508
1379	1720
1372	1844
1089	2176
801	1813
912	1665
943	1748
937	1714
812	1667
738	1716
705	1692
739	1648
795	1768
709	1723
685	1517
640	1837
614	1779
650	1861
621	1812
553	1625
534	1905
477	1750
527	1895
492	1742
482	1687
416	1641
451	1665
468	1579
447	1738
437	1537
465	1599
416	1723
429	1662
427	1631
455	1595
423	1617
437	1436
468	1512
410	1686
421	2011
413	1875
413	2041
477	3422
466	3328
409	3137
454	2124
484	1535
422	1521
443	1639
472	1842
473	1993
392	1787
437	1803
464	1696
437	1653
458	1943
427	1527
439	1553
479	1721
495	1520
522	1531
559	1629
598	1488
574	1876
522	1836
519	1826
559	1598
544	1763
480	1603
415	1636
418	1556
472	1710
433	1673
505	1603
447	1780
406	1430
422	1454
412	1503
438	1716
462	1632
380	1658
383	1631
409	1556
374	1594
421	1618
410	1537
368	1607
452	1538
402	1626
407	1763
359	1780
506	1727
426	1703
409	1602
398	1633
388	1493
406	1525
410	1584
455	1618
442	1616
443	1592
446	1833
434	1830
445	1612
435	1769
481	1659
454	1860
459	1676
404	1918
461	1877
455	1707
531	1638
470	1603
494	1747
529	1899
514	1581
478	1584
483	1641
479	1790
453	1692
419	1697
462	1727
422	1759
456	1846
400	1644
444	1600
412	1664
460	1550
443	1826
425	2134
391	2051
470	1979
431	2190
464	2216
528	2296
510	2386
523	2038
537	2163
530	2135
584	2221
698	2334
753	2089
637	1806
566	1984
665	2040
597	2078
518	1983
521	1908
506	1990
506	1832
425	1945
495	1710
463	1661
473	1878
498	1791
443	1844
459	1831
468	1850
483	1766
491	1801
457	1820
446	1810
416	1818
413	1705
458	1938
400	2009
444	1866
469	1731
486	1722
439	1803
449	1704
442	1494
470	1825
481	1857
531	1863
446	1722
526	1701
447	1822
507	1943
473	2041
497	1704
414	1803
455	1614
450	1434
503	1745
517	1481
513	1490
483	1643
505	1594
550	1530
522	1610
531	1500
601	1906
518	1670
432	1444
494	1396
499	1740
486	1473
494	1457
435	1549
470	1632
512	1736
373	1759
457	1802
489	1388
503	1491
501	1502
507	1379
501	1573
479	1508
578	1554
544	1290
485	1361
502	1446
532	1436
522	1468
534	1478
501	1586
514	1713
456	1661
427	1735
472	1844
503	1753
481	1776
463	1543
499	1634
501	1490
554	1578
530	1494
511	1606
515	1496
549	1641
549	1686
518	1766
479	1883
562	2105
565	2346
528	2246
524	1733
478	1809
473	1684
456	1802
510	2072
476	1902
568	2209
529	2719
512	2688
554	2812
537	2804
496	3294
537	2797
517	2293
486	2021
536	2387
594	2537
564	2891
528	3544
561	2711
544	3043
546	2955
461	2370
445	2233
518	3061
541	3095
508	2676
496	1802
465	1503
477	1627
468	1524
493	1485
465	1499
434	1548
424	1514
435	1722
459	1645
498	1644
496	1637
488	1791
475	1865
408	1936
470	1919
457	1839
440	1815
460	1643
480	1780
445	1801
448	1842
419	1731
452	1507
403	1589
453	1752
410	1706
437	1688
431	1431
460	1486
444	1588
417	1526
509	1631
478	1571
441	1653
504	1592
501	1585
421	1652
485	1586
474	1619
387	1518
461	1484
429	1610
469	1489
419	1721
416	1589
442	1737
446	1596
447	1570
445	1704
407	1600
442	1710
402	1743
419	1663
366	1676
436	1794
410	1642
387	1609
405	1624
438	1582
434	1556
394	1722
384	1716
428	1627
393	1642
418	1646
411	1596
465	1397
415	1614
381	1598
378	1560
427	1743
439	2171
397	2046
455	1901
372	1840
422	1737
451	1771
404	1770
489	1803
431	1833
407	1752
407	1731
375	1736
377	1778
414	1591
430	1599
482	1569
433	1604
393	1833
417	1786
394	1619
396	1664
382	1599
422	1900
369	2026
487	1907
435	2265
494	3597
476	3913
461	3689
494	3567
467	3686
465	3467
485	3689
466	3194
447	2612
452	2378
417	2307
412	2198
422	2403
432	2166
432	1948
472	1797
471	1943
415	1824
396	1900
423	1933
431	2015
418	1910
424	1743
413	1661
440	1577
440	1634
466	1557
485	1544
412	1673
456	1553
407	1698
464	1752
476	1588
458	1652
470	1694
488	1761
485	1949
421	2002
395	1783
420	1998
402	2199
448	2366
443	1854
385	1747
417	1553
395	1629
454	1942
451	2092
457	2702
479	2220
480	2079
460	1829
436	1848
488	1839
413	1597
475	1616
473	1903
436	1826
450	1942
444	2256
471	2557
468	2731
461	2632
504	2266
447	2060
450	2356
444	2980
531	2933
501	2754
468	2541
450	2449
445	2458
457	1969
402	2026
459	1991
446	2070
439	1968
425	1861
413	2022
493	2664
448	2490
442	2184
402	1906
405	2700
448	2617
484	2331
468	2184
425	1935
433	1951
456	1719
416	1543
451	1700
486	1597
479	1596
427	1624
439	1549
440	1848
458	1835
461	1866
480	1941
500	1687
465	1656
485	1785
492	1797
477	1893
547	2241
445	2108
491	1701
490	1684
475	1956
483	1718
470	1867
531	1900
502	1592
464	1385
467	1714
492	1641
513	1647
469	1651
598	1439
530	1407
587	1706
544	1797
540	1567
479	1720
499	1721
594	2086
598	1924
586	1785
487	1901
511	1978
538	2069
519	2372
583	2049
524	2271
546	2067
519	1834
522	1996
456	1937
471	2037
508	2389
472	2789
453	2256
431	1840
464	1857
467	1863
475	2450
439	2062
463	1915
471	1878
470	1735
446	1589
425	1674
459	1677
472	2091
496	2223
468	3016
511	5927
548	7255
456	5244
530	3453
455	2421
459	2095
455	2350
528	2713
489	2530
535	2422
484	2559
423	1907
430	1679
459	1475
479	1599
458	1726
491	1871
441	1694
472	1700
452	1882
486	1707
512	1806
454	1916
470	1533
470	1636
436	1571
434	1687
435	1845
435	2282
434	2279
438	2144
462	2038
429	1951
428	1839
449	1994
464	1693
488	1615
459	1627
474	1719
442	1570
427	1508
441	1439
464	1616
447	1568
456	1470
472	1623
409	1588
427	1683
446	1716
458	1826
478	1835
423	1584
448	1535
422	1602
434	1633
440	1381
431	1643
423	1728
450	1757
405	1516
452	1814
430	1804
414	1801
439	1624
398	1643
422	1823
388	1607
375	1438
404	1476
410	1691
380	1643
421	1560
399	1645
402	1528
430	1717
409	1726
392	1689
447	1517
435	1737
420	1593
372	1652
375	1644
431	1544
419	1489
446	1634
417	1488
396	1480
396	1451
416	1579
371	1529
416	1549
423	1564
411	1600
394	1520
426	1597
448	1647
456	1808
423	1582
445	1966
437	1870
404	1923
390	1593
425	1708
396	1779
420	1664
447	1641
414	1672
411	1692
451	1672
476	1691
445	1517
437	1667
407	1430
416	1387
394	1356
476	1368
457	1317
465	1421
373	1456
413	1482
424	1414
467	1563
381	1399
419	1522
406	1410
436	1360
433	1684
388	1392
432	1596
419	1493
422	1658
444	1826
411	1743
401	1571
394	1541
358	1537
389	1532
431	1563
412	1511
407	1448
416	1718
441	1471
440	1557
373	1563
386	1555
395	1728
383	1587
420	1757
428	1735
428	1704
454	1681
415	1473
396	1458
376	1380
416	1390
403	1469
463	1600
400	1561
434	1582
382	1750
394	1536
400	1633
398	1643
429	1796
449	1745
458	1709
425	1625
444	1642
458	1622
377	1691
408	1484
439	1652
428	1641
431	1844
437	1661
450	1774
406	1701
499	1510
476	1739
482	1662
495	1896
443	1742
521	1936
486	1947
445	1766
399	1797
406	1550
433	1513
439	1537
465	1593
403	1593
403	1749
412	1647
403	1722
443	1733
431	1529
477	1682
455	1749
429	1794
474	1753
459	1747
445	1761
410	1595
448	1705
418	1680
405	1543
396	1666
422	1790
403	1545
454	1628
448	1746
429	1615
380	1556
371	1463
386	1461
431	1508
464	1459
425	1439
413	1514
395	1569
424	1467
472	1420
534	1642
444	1601
461	1726
541	1851
430	1827
449	1762
433	1842
428	2094
494	1730
448	1797
479	1910
450	1883
424	1751
428	1492
414	1619
384	1713
454	1696
397	1450
427	1814
411	1464
366	1533
369	1392
437	1477
432	1431
436	1576
509	1632
414	1792
425	1684
353	1643
395	1867
397	1946
474	1967
421	1812
428	1699
387	1628
417	1625
407	1719
397	1640
432	1833
458	1791
413	1937
451	1995
414	2061
422	1971
409	1774
388	1918
424	1991
466	1834
421	1825
416	1694
445	1674
417	1675
453	1882
480	1764
494	1865
445	2060
417	2015
447	2004
479	2021
457	1726
405	2090
437	2071
447	2058
401	1830
398	1816
377	1718
426	1742
403	1835
415	1727
424	1417
458	1494
420	1574
450	1620
436	1616
432	1577
421	1609
393	1903
427	1563
459	1609
462	1524
478	1598
432	1591
495	1560
472	1413
421	1560
447	1728
387	1765
396	1645
425	1748
429	1764
422	1704
427	1634
421	1828
478	1630
525	1645
443	1658
432	1714
439	1623
455	1702
497	1565
385	1555
453	1733
436	1664
438	1797
458	1691
431	1751
475	1540
460	1575
449	1835
480	1877
427	2042
487	1756
443	1510
461	1554
455	1468
483	1800
466	1613
425	1660
446	1834
441	1687
466	1771
461	1625
443	1812
451	1814
395	1973
477	2026
483	1848
469	1801
393	1593
489	1695
420	1585
475	1722
485	1654
462	1536
477	1802
423	1843
448	1799
471	1860
441	1722
478	1801
370	1916
388	1773
417	1824
455	1542
466	1689
451	1706
427	1452
426	1621
430	1593
440	1356
438	1353
389	1513
432	1566
404	1500
459	1513
447	1529
442	1435
375	1544
428	1864
445	1858
474	1614
502	1718
421	1700
437	1684
404	1680
489	1271
440	1522
382	1671
452	1735
452	1845
447	1629
432	1703
382	1649
407	1647
464	1589
440	1566
467	1618
435	1679
452	1375
418	1565
457	1688
401	1621
438	1828
459	1845
477	1683
444	1605
428	1799
448	1774
437	1693
379	1808
378	1945
434	1758
430	1713
359	1781
420	1658
432	1556
419	1867
413	1590
436	1477
438	1537
407	1567
430	1306
402	1518
409	1574
417	1515
450	1594
415	1573
459	1621
419	1699
388	1601
428	1621
457	1448
411	1462
464	1657
422	1606
431	1555
452	1356
452	1340
433	1688
501	1529
465	1479
447	1465
431	1580
427	1495
481	1400
464	1330
483	1497
468	1530
486	1573
440	1354
464	1477
435	1661
456	1705
441	1515
477	1515
490	1534
483	1563
477	1447
479	1343
418	1470
433	1570
460	1596
478	1438
428	1616
438	1765
462	1784
443	1612
426	1468
418	1362
419	1459
483	1459
428	1444
403	1441
424	1589
421	1683
463	2270
408	2336
483	1656
377	1809
425	1705
364	1754
399	1776
393	1767
449	1713
392	1815
457	2636
483	2921
527	3090
415	2638
440	1946
433	2340
424	1741
433	2209
407	1823
448	1618
406	1905
454	1855
455	2159
501	3426
487	3494
487	2749
513	3405
601	5620
517	3022
514	1875
498	2220
432	1977
438	2200
418	2077
479	1871
395	2209
467	3111
453	3568
481	4178
526	4844
492	4412
546	4947
504	5678
602	6116
536	6692
495	5803
547	7777
501	6471
575	8063
603	9345
488	4799
450	2549
437	2021
404	1917
438	1982
395	2046
406	2123
435	2298
446	2823
443	2885
392	2139
444	1974
443	2048
417	2023
385	1814
401	1776
460	2252
471	2886
487	1950
473	2498
423	2315
417	1970
414	2092
428	1914
418	2009
472	2005
439	2051
437	1788
448	1745
437	1867
411	1950
407	1860
479	1763
465	1799
455	1769
429	1789
446	1823
448	1967
470	1810
404	1489
462	1699
457	1935
436	1869
445	1973
431	1954
435	1784
448	1853
463	1789
457	1892
464	1891
426	1628
475	1931
458	1800
428	1916
453	1865
435	1873
493	2027
429	1747
428	1816
429	1816
478	1757
494	1806
474	1835
476	1923
473	1747
485	1880
509	1887
418	1775
476	1770
414	1653
391	1959
466	2117
500	1933
487	2044
400	1992
449	2094
441	1954
381	1949
441	1877
421	1755
363	1614
402	1836
429	1833
404	1875
424	1702
458	1710
401	1887
399	2037
476	1841
398	1857
437	1676
444	1913
435	1828
438	1869
447	1784
466	1930
415	1920
394	1880
457	1843
405	2012
455	2072
415	2237
441	2091
404	2359
471	2161
418	2246
464	1889
480	1812
459	1800
470	2064
449	1761
510	1931
453	1869
484	1966
413	1702
441	1578
429	1654
453	1646
483	1678
476	1739
425	1615
473	1699
447	1632
453	1764
549	1689
545	1703
482	1918
490	2052
497	1966
457	1949
445	1749
443	1917
469	2081
496	2606
472	2520
454	2510
464	1905
483	1708
493	1669
443	1899
508	1956
525	1927
474	2113
456	2301
483	2609
509	3247
530	3146
483	3607
581	6598
548	6615
480	3363
443	2419
462	2436
501	2451
521	3682
535	4450
499	3165
487	2338
485	3468
465	4539
504	3859
529	5081
536	2881
457	3554
561	5006
530	6616
529	4565
496	4894
465	2736
468	3024
472	4296
548	6758
483	4550
397	1787
394	1808
448	1788
390	1946
374	2041
400	1960
405	2126
442	1795
401	1696
390	1634
406	1763
445	1868
405	2187
408	2112
403	1895
396	1912
386	1762
448	1837
398	1915
392	1795
398	1765
404	1709
432	1598
434	1708
362	1844
408	1971
365	2029
415	2237
413	2796
493	2848
412	2554
429	2606
494	2950
474	3208
467	2684
465	2312
455	2103
428	2392
450	2881
459	3146
470	2985
501	3097
477	4317
488	5075
564	5724
495	4905
510	4250
458	3538
451	3628
515	3935
477	3624
520	3657
488	3846
481	4245
470	3981
501	3954
502	4013
484	4058
538	4421
504	4028
533	4391
576	5837
533	5958
551	6525
540	5963
580	6821
543	7181
668	7736
571	6149
481	4574
467	3659
481	3622
457	3530
492	3053
471	2518
494	2261
440	2679
470	3208
466	3311
464	3237
449	3305
452	3487
498	3400
465	3800
504	3560
514	2948
404	2652
456	2540
430	2426
503	2175
436	2146
455	1899
442	1816
434	1652
444	1641
386	1799
448	1822
437	1766
435	1883
443	1787
420	1713
461	1772
434	1840
422	1750
461	1877
476	1793
474	1694
397	1708
413	1594
414	1728
445	1628
480	1798
485	1856
478	1848
457	1879
411	1804
481	1590
475	1533
442	1427
481	1651
508	1717
478	1673
443	1687
445	1804
450	1765
407	2131
456	1797
410	1983
427	1563
391	1415
397	1535
407	1586
520	1611
439	1676
468	1829
451	1850
541	1893
526	1791
499	1846
496	1817
464	1689
474	1632
499	1526
503	1644
542	1723
539	1799
523	1804
517	1652
504	1653
440	1585
459	1589
496	1564
516	1698
537	1377
576	1630
546	1478
601	1619
617	1536
693	1777
695	1931
681	1795
647	1617
642	1746
686	2229
782	2827
739	3372
756	2868
805	3180
836	4706
1141	5923
1179	5794
1006	4273
1055	4526
1231	4823
1358	4680
1502	3988
1406	3950
1308	3502
1412	3390
1641	3540
1718	3681
1568	3657
1658	4183
1638	3966
1974	3583
2169	3248
2080	3322
1886	3911
1725	4172
2015	3265
2363	2936
2360	2791
2236	3278
2172	3028
2466	2689
2969	2313
3241	2319
2982	2299
2981	2509
3260	2399
4023	2234
4086	2221
3650	2349
3459	2138
3643	2307
4486	2655
4631	2581
4279	2328
3976	2366
4246	2575
4673	2417
5061	2591
4697	2469
4328	2154
4129	2125
4610	2129
5183	2167
4858	2146
4596	2202
4642	2166
5071	2003
5348	2171
5707	2277
5981	2306
5919	2431
6575	2373
7521	2970
7747	3078
