758	900
752	716
758	713
752	811
712	929
756	817
766	826
761	787
722	769
765	786
704	775
696	830
780	744
700	927
784	840
744	658
717	720
752	725
751	658
693	724
730	780
649	713
763	778
751	982
784	968
706	857
745	711
755	766
792	698
775	898
718	1018
834	835
782	765
749	665
737	761
705	787
709	818
658	789
620	933
616	731
663	762
620	882
640	858
604	1057
693	972
638	885
628	789
605	713
577	605
645	873
595	790
655	780
639	981
695	796
644	686
578	815
575	937
590	903
533	990
549	855
525	733
541	752
481	770
549	849
559	797
516	1098
587	783
582	876
566	914
476	747
521	815
582	823
534	771
586	813
534	823
567	662
494	718
519	751
510	789
462	589
561	642
457	706
542	748
535	681
515	808
490	778
539	843
490	707
494	702
493	661
499	749
503	723
434	735
503	838
454	766
503	1025
530	933
507	791
433	827
497	862
522	968
415	832
540	855
464	715
505	920
510	819
500	764
507	664
505	699
497	778
449	752
461	693
455	803
549	640
540	594
575	679
535	657
537	679
588	665
609	747
643	881
569	801
610	619
633	739
610	819
568	644
603	719
616	692
592	734
604	704
626	750
562	791
567	791
515	710
555	880
551	865
573	786
508	812
567	778
499	849
491	779
490	778
522	1011
577	883
520	807
483	881
477	817
502	722
478	878
472	778
486	779
508	943
514	852
519	911
518	827
486	671
579	898
595	888
532	808
502	719
520	658
496	535
517	611
469	715
526	761
468	701
461	784
465	737
485	845
473	687
524	773
480	771
538	858
470	872
544	995
487	846
565	805
482	971
530	890
544	927
571	960
545	849
553	852
632	974
564	905
641	901
560	789
552	753
601	1037
522	993
524	895
554	797
556	724
512	567
513	569
494	701
513	713
535	855
572	893
530	976
545	940
508	773
473	864
568	706
492	764
516	859
499	817
540	943
509	884
611	779
528	759
532	767
504	821
506	696
538	687
507	848
494	722
473	804
488	806
513	782
519	850
468	727
541	790
518	709
477	705
475	748
510	906
465	836
493	814
533	729
522	852
473	719
518	673
486	775
515	713
556	813
507	662
435	683
447	691
471	649
518	766
526	967
591	1043
512	1014
517	925
456	948
524	908
504	657
480	791
468	733
499	778
441	722
460	865
511	886
548	799
482	686
463	689
527	760
475	693
536	785
551	765
471	788
469	946
450	816
526	709
560	862
471	859
527	874
503	853
494	1015
542	856
526	624
468	689
482	699
467	710
465	831
505	912
489	849
557	827
464	1094
488	895
507	730
548	764
501	997
518	1057
513	867
424	756
451	804
510	653
523	838
458	777
501	696
450	713
509	817
402	780
466	755
492	788
525	835
473	849
519	704
429	762
496	712
584	766
463	930
515	869
510	826
470	755
467	871
462	888
489	763
445	780
442	667
447	691
444	867
512	810
496	759
491	778
499	892
477	837
454	844
468	894
437	1021
475	933
530	790
491	767
455	708
518	754
494	959
494	903
490	787
458	748
442	1005
426	745
481	803
491	827
478	815
477	864
502	897
477	974
504	856
512	844
491	828
522	606
536	728
517	731
579	821
587	659
527	652
502	624
551	899
480	913
511	894
486	947
494	1069
519	972
544	947
553	888
507	1040
484	1013
436	1027
481	934
470	1051
484	792
423	1000
416	1107
531	840
464	898
562	996
532	878
432	873
451	806
436	914
477	879
465	862
475	766
437	852
521	820
467	799
499	1001
486	874
478	823
486	926
461	837
450	734
464	700
456	750
431	874
452	860
475	749
493	718
421	698
446	775
450	567
444	659
477	695
475	563
422	821
452	739
449	730
468	810
503	711
473	766
461	816
444	656
454	691
480	927
397	853
448	881
446	848
433	683
497	709
476	764
442	846
467	860
456	813
437	691
478	929
456	969
438	683
501	795
483	730
506	665
499	806
507	710
463	626
505	773
469	786
481	806
468	698
447	686
440	675
451	747
505	904
442	801
496	775
491	979
410	790
514	681
503	618
466	755
440	740
545	780
490	760
506	805
489	697
496	743
501	660
478	703
532	601
513	645
451	753
484	751
449	650
474	706
493	841
428	818
419	930
486	922
480	952
485	899
493	743
524	880
478	930
491	773
445	838
559	835
489	900
465	761
517	929
499	927
525	911
543	773
495	734
483	653
496	740
488	655
514	725
540	674
473	782
468	763
425	703
423	740
403	908
428	798
473	763
506	709
495	703
456	680
455	684
470	610
519	774
464	934
390	756
499	799
480	812
450	785
514	940
478	875
490	987
401	840
453	808
460	870
480	735
460	799
431	936
435	968
429	923
473	806
447	778
473	748
492	714
534	730
540	772
480	930
502	796
503	963
502	816
518	901
477	879
441	877
513	819
449	831
493	847
444	883
471	781
447	822
433	853
462	773
493	648
449	715
466	741
471	705
462	721
510	689
474	709
491	818
450	931
458	672
500	638
512	853
499	926
497	745
416	627
465	697
513	570
545	653
480	784
538	913
481	796
478	651
475	905
475	669
524	781
500	606
454	565
484	847
406	769
514	690
486	773
507	803
477	770
472	832
532	808
520	820
453	760
483	873
521	776
492	790
506	761
469	659
489	736
477	648
499	948
506	805
504	652
527	750
538	854
436	915
471	854
508	589
451	503
458	591
508	921
506	818
502	828
426	808
514	762
472	604
489	882
565	704
546	759
503	937
500	889
486	880
494	809
500	823
510	941
521	1016
455	1014
502	758
541	823
499	886
474	901
462	777
433	822
458	839
475	795
419	712
442	878
559	875
555	884
500	714
472	733
516	708
471	688
464	791
487	689
444	849
405	787
472	967
415	1206
462	1023
427	897
442	702
432	711
449	700
508	708
464	660
431	643
479	609
484	649
523	645
536	722
579	732
521	786
461	721
507	702
476	731
452	943
561	769
478	795
457	988
490	944
477	981
487	842
502	774
452	815
501	864
491	688
492	687
469	634
518	673
467	730
443	665
496	767
421	735
484	868
446	838
467	709
476	761
487	932
488	813
510	880
456	897
537	943
498	949
528	858
559	828
518	715
556	883
500	799
556	894
529	879
540	723
571	919
590	890
571	944
616	934
545	790
560	851
559	751
484	801
584	837
540	739
504	638
519	736
497	749
518	664
517	759
557	788
462	641
468	876
452	966
518	777
502	738
477	820
418	842
508	916
449	791
446	943
455	908
500	968
490	872
467	918
434	694
475	825
456	772
446	667
530	813
436	813
440	788
468	750
449	695
453	706
457	702
479	803
500	745
608	830
596	742
670	872
581	931
665	894
552	881
615	948
563	817
587	792
520	853
545	782
476	673
627	744
510	661
555	666
529	773
543	768
560	909
552	745
581	923
483	882
516	825
479	806
455	780
444	742
462	954
487	972
468	745
503	853
465	1005
519	835
471	673
461	694
492	907
461	904
472	842
462	842
465	803
435	796
459	762
477	659
456	873
400	750
477	1067
434	845
425	966
470	881
462	776
486	897
440	972
473	1001
474	1011
514	867
455	896
487	638
507	706
456	868
496	914
482	920
473	1009
470	775
464	832
480	711
455	814
455	715
452	652
475	754
498	895
401	763
464	741
429	660
452	788
511	747
447	568
462	612
468	606
524	640
431	775
464	846
487	976
471	789
487	665
425	713
451	679
480	713
476	737
414	744
482	810
419	954
485	943
472	830
482	888
413	833
431	764
462	680
513	790
441	652
498	666
433	750
526	811
468	566
485	734
485	630
450	873
493	739
534	802
451	753
457	805
504	925
469	849
530	694
482	735
465	839
505	891
489	772
471	789
477	818
465	1032
427	868
436	883
474	839
475	784
515	833
459	706
479	718
449	602
412	793
509	679
479	762
484	660
495	748
481	850
507	950
499	871
443	754
545	767
522	819
509	828
532	849
460	735
461	664
472	837
460	802
407	912
467	748
464	784
456	739
489	820
526	667
514	822
494	793
517	785
459	722
506	804
495	744
490	807
531	893
538	687
504	851
511	880
534	730
542	743
462	751
486	746
515	878
521	890
494	939
491	917
483	833
484	814
481	625
479	667
587	709
563	502
605	478
550	694
559	844
525	952
547	825
485	742
472	918
499	778
494	655
502	694
484	869
453	852
509	870
509	821
492	765
538	708
497	728
480	726
473	1012
506	911
479	951
471	909
518	902
489	809
503	838
476	1080
492	868
459	804
447	765
469	749
530	895
551	812
462	762
418	676
487	709
466	701
451	711
490	628
459	731
465	857
442	595
507	666
505	560
499	628
439	658
434	705
465	633
416	743
403	833
452	842
457	964
472	846
480	822
548	938
471	749
476	743
456	921
462	840
452	849
461	717
481	781
463	669
474	713
496	710
461	604
428	631
469	743
449	920
456	916
442	1028
436	901
429	898
456	1025
448	1148
415	1124
364	982
457	741
445	787
448	734
470	694
501	762
496	704
534	722
524	722
463	890
487	838
483	845
562	774
590	676
568	792
621	965
577	914
615	798
537	684
447	838
482	854
507	770
548	624
507	724
522	742
509	710
525	635
494	711
513	831
511	788
512	687
556	800
484	801
475	792
459	660
483	714
462	759
444	593
495	677
457	683
436	664
465	612
429	807
438	799
474	785
471	908
509	891
455	972
488	793
492	768
505	751
475	694
538	788
553	917
483	845
512	770
551	667
492	765
436	756
438	744
527	564
472	645
446	806
487	807
486	859
541	865
572	881
556	739
575	658
667	781
705	736
710	809
765	768
701	761
777	857
792	801
711	799
755	882
817	821
750	766
692	768
648	663
579	675
587	806
510	968
505	874
519	775
558	889
501	722
490	733
497	821
470	746
538	785
535	923
454	899
522	902
495	756
523	762
498	743
512	706
465	683
460	627
529	695
510	601
502	607
596	686
610	680
580	725
569	770
557	716
504	870
463	827
492	732
486	680
461	746
479	684
508	732
490	916
458	734
441	785
422	653
402	722
489	615
417	869
504	734
489	698
550	727
490	1056
482	804
501	957
524	945
487	912
469	871
514	837
424	822
530	655
460	768
455	776
492	666
491	727
479	657
428	706
472	761
430	732
467	749
489	910
478	1046
486	816
484	772
517	941
467	861
482	930
549	792
573	742
589	792
595	687
540	739
581	625
574	648
567	793
513	851
542	726
600	749
521	593
537	571
490	597
574	704
531	820
536	682
467	842
473	765
481	698
485	878
516	830
543	828
544	928
547	919
532	930
570	774
538	863
486	654
435	678
487	690
532	875
509	619
497	731
510	860
527	862
470	804
567	795
596	679
586	685
520	762
571	829
508	865
567	745
656	883
657	714
605	836
635	741
610	684
555	677
579	883
553	952
564	800
504	817
526	869
499	976
545	668
545	692
548	812
471	904
550	962
564	981
522	893
502	1149
492	927
494	840
477	949
529	862
474	853
403	679
431	793
442	753
495	817
439	798
442	844
477	966
508	1017
461	1018
468	946
465	839
412	791
419	560
439	732
441	827
434	801
435	986
402	1110
434	863
478	718
422	714
493	880
475	737
453	869
517	792
504	706
465	590
461	605
450	626
501	671
499	742
492	845
462	974
458	783
427	797
499	829
485	910
479	852
509	878
398	990
445	960
470	968
470	838
432	882
447	798
448	787
490	913
452	799
435	823
468	784
453	921
448	803
414	804
476	796
448	837
434	850
494	774
421	779
402	934
469	918
455	762
477	768
570	796
499	832
549	865
459	982
529	1000
585	1087
559	909
494	827
515	838
519	764
514	742
497	697
504	1028
508	960
410	760
515	796
518	907
475	992
472	1035
512	851
489	1012
516	832
572	762
487	707
511	753
480	725
480	676
493	832
577	1019
602	977
573	922
514	820
520	764
599	692
579	617
564	644
545	598
551	501
623	679
561	752
547	708
612	833
545	844
535	676
558	782
588	739
557	795
576	656
548	737
515	700
465	869
517	790
544	799
404	733
508	748
480	823
476	753
503	895
438	1007
506	819
495	834
487	709
504	805
489	779
527	585
483	698
514	661
495	694
482	595
523	742
500	818
471	736
537	736
521	880
451	745
496	784
475	702
552	895
514	929
449	917
440	992
491	957
528	964
643	951
533	1162
511	1033
506	947
443	862
458	941
461	902
429	787
435	724
452	965
496	1077
473	708
465	745
447	878
454	812
455	810
532	745
535	863
483	756
415	989
440	963
443	989
497	854
497	805
473	684
445	847
410	813
419	898
468	826
511	637
489	679
472	745
515	872
448	731
456	753
426	761
461	567
556	688
524	651
458	683
524	644
471	594
580	767
531	883
555	942
556	768
531	643
533	782
493	784
513	950
530	840
506	854
487	809
475	880
437	937
546	875
455	746
449	756
514	816
489	873
497	645
420	721
488	844
480	787
443	761
476	713
480	623
413	866
487	741
434	724
492	763
532	820
463	742
526	898
460	809
500	695
467	700
468	755
497	675
453	736
461	787
450	827
528	833
460	800
518	759
547	706
516	699
547	820
464	880
466	843
438	816
416	826
423	791
501	720
450	687
509	667
436	851
427	567
521	617
484	710
518	769
505	805
525	722
464	816
550	680
541	795
634	880
564	715
555	912
524	972
528	1047
554	871
479	802
435	742
470	777
429	1094
435	903
492	846
495	919
447	951
462	788
443	822
510	813
479	708
502	744
449	709
471	765
467	850
523	999
493	937
462	697
474	1067
460	830
475	793
467	862
458	817
475	931
472	782
394	757
402	721
435	748
437	648
423	742
458	804
459	773
450	787
468	749
458	932
422	724
500	943
469	631
459	733
433	811
408	931
407	892
405	779
456	723
465	639
436	709
427	819
494	840
514	856
531	755
531	1031
500	885
509	829
538	852
453	745
513	775
460	846
507	772
384	903
434	695
502	1004
495	852
496	808
444	776
444	785
438	727
445	671
504	722
475	618
544	609
494	691
448	601
476	647
472	683
509	680
491	794
453	766
507	724
461	665
471	679
503	700
509	712
441	775
418	840
446	786
470	765
489	885
518	853
476	858
411	912
414	827
482	827
480	924
490	795
406	731
462	878
424	697
441	778
483	761
441	825
522	945
514	738
510	691
492	775
496	876
490	861
484	822
415	939
499	791
498	724
475	815
523	715
472	812
554	895
477	740
428	1030
484	892
457	878
464	912
478	776
514	804
536	761
531	743
484	784
522	789
466	807
461	736
492	829
467	740
507	867
515	755
474	750
530	844
511	890
513	964
461	764
479	758
501	877
507	724
556	751
509	796
510	923
509	1068
534	880
536	855
433	743
495	772
511	864
456	897
466	879
486	858
496	674
488	722
550	650
607	795
475	806
545	720
544	593
555	563
534	756
546	760
510	625
451	708
461	687
492	631
460	661
472	745
480	644
512	801
476	754
491	744
416	918
452	921
499	770
490	846
520	807
534	746
508	772
486	722
556	688
519	743
484	648
460	691
516	804
547	827
596	665
502	714
494	849
528	853
519	708
494	861
525	958
516	968
524	892
545	861
564	890
474	693
493	723
501	658
485	770
511	702
446	604
426	756
512	1018
520	916
535	823
547	1006
543	801
508	899
510	853
425	704
452	738
476	833
457	836
497	809
576	853
468	839
510	672
509	785
543	766
487	719
469	798
501	691
481	767
492	713
463	743
491	702
482	763
464	695
433	770
426	591
470	504
458	654
574	778
486	673
471	784
433	687
462	731
388	674
467	639
460	701
496	928
457	769
413	767
467	653
419	753
481	736
435	687
502	750
469	761
449	670
433	624
457	625
403	650
440	708
466	828
476	650
465	516
474	701
449	662
444	693
458	811
480	804
462	830
527	822
506	677
481	874
445	842
471	844
467	758
447	636
464	731
460	615
447	745
492	824
449	721
441	943
455	828
425	859
533	979
476	709
445	721
447	872
476	858
444	834
427	965
505	974
474	985
524	1101
477	881
462	755
514	746
481	606
475	854
464	848
459	897
442	754
501	770
500	798
529	932
494	757
485	665
445	662
457	713
481	828
522	1036
528	804
497	755
451	721
456	861
501	706
533	735
495	863
528	1029
554	667
507	520
585	799
544	730
490	734
500	819
472	837
533	672
451	713
491	876
518	949
519	815
520	893
484	731
476	820
517	940
509	859
527	792
490	891
489	773
470	634
430	769
462	826
436	964
468	934
511	857
501	942
532	806
535	716
537	671
476	606
472	651
564	718
503	638
505	653
500	567
469	629
530	701
485	817
476	718
468	553
525	685
550	772
468	693
476	895
513	902
531	803
460	818
431	731
462	682
538	866
545	754
465	761
522	786
574	804
589	696
573	687
608	871
631	867
547	906
640	879
746	990
682	815
713	841
633	794
579	866
533	712
623	700
604	699
562	743
653	673
644	798
640	768
588	819
527	725
507	748
518	882
528	839
525	716
488	832
571	809
608	828
588	756
550	728
599	736
560	839
573	807
580	987
546	897
579	853
507	876
463	919
491	904
446	959
467	1180
450	852
519	837
505	865
575	796
551	785
597	880
498	704
605	679
605	887
618	770
550	864
546	789
538	655
552	658
575	678
556	651
536	706
632	593
561	767
580	874
530	901
600	870
629	751
637	909
588	774
546	708
643	674
626	845
662	743
628	702
659	605
605	599
622	720
630	846
630	849
605	838
640	823
602	928
609	907
651	789
653	938
597	906
596	942
601	762
622	773
590	832
674	1026
695	751
728	818
685	943
800	892
751	675
785	915
758	863
693	807
725	908
820	912
797	906
732	854
796	951
787	1041
804	778
850	798
846	711
867	800
850	807
896	993
871	944
903	930
855	811
805	860
857	846
942	764
1021	785
938	637
820	660
811	874
813	770
836	837
765	769
713	836
691	787
623	755
671	821
722	697
626	650
590	628
623	708
606	891
578	803
599	1107
570	1119
565	1082
581	1233
532	1200
548	959
498	908
523	720
474	864
553	752
535	850
478	843
496	925
539	815
510	830
487	931
441	926
451	778
520	795
508	873
493	706
547	830
566	770
475	683
543	681
556	628
485	669
486	726
553	766
511	762
495	719
575	838
490	917
460	933
518	1047
455	858
505	874
521	1001
488	907
456	941
476	801
526	654
520	725
542	730
476	686
490	720
563	742
495	718
501	1089
510	1064
533	916
528	793
556	912
534	969
488	937
485	938
455	822
474	655
537	602
466	699
468	743
469	747
429	753
518	758
500	848
509	974
613	907
509	790
604	723
496	807
543	832
535	842
462	883
476	977
487	733
539	856
508	869
475	757
538	940
533	883
481	735
491	734
494	763
511	807
500	627
509	675
478	734
518	859
540	1050
545	928
468	819
482	940
489	975
494	772
612	860
525	972
516	1010
501	1134
507	1003
442	794
475	909
450	822
470	756
558	637
503	760
564	819
500	900
482	802
499	957
477	871
501	732
456	830
498	852
509	926
531	1022
570	951
534	810
641	818
560	798
527	834
488	779
503	865
488	822
529	747
529	671
512	742
550	627
581	720
542	809
594	632
610	752
533	557
565	790
601	649
571	763
584	615
584	767
565	784
601	800
595	893
609	926
613	864
678	870
696	802
635	744
568	770
594	858
594	864
578	687
641	741
683	839
640	770
683	779
789	691
683	842
703	729
658	666
669	708
729	735
668	774
667	823
723	790
642	883
585	753
508	909
554	829
598	1020
554	951
553	755
498	837
506	802
571	918
619	841
615	834
585	957
614	1007
637	877
597	1026
557	811
589	877
593	810
572	778
469	792
509	733
441	848
446	863
523	1102
495	838
497	972
505	1335
535	1196
547	1228
538	1379
539	1231
516	1284
494	1356
474	1219
507	1202
493	1004
463	1003
500	961
512	1116
416	949
440	874
479	749
458	857
408	859
494	836
435	775
447	796
433	728
410	635
401	855
480	826
450	843
469	686
489	858
451	735
513	786
493	941
550	901
579	745
539	705
476	864
469	843
459	780
568	983
565	816
557	776
527	783
589	776
557	716
456	714
516	718
514	791
546	804
513	735
489	774
554	899
582	835
555	1015
614	959
704	924
703	1041
695	1073
713	907
827	933
809	901
728	852
688	878
654	975
688	769
621	885
573	959
533	924
575	939
560	877
481	857
528	717
561	808
489	806
522	784
485	712
461	652
516	805
466	688
582	682
487	696
411	756
441	912
453	772
454	781
488	659
453	714
511	663
442	859
461	908
463	754
443	834
511	771
501	778
459	693
477	751
440	682
467	831
563	700
553	728
537	666
533	779
471	804
415	749
418	803
394	697
487	700
435	683
494	804
497	743
484	669
452	599
489	710
511	694
505	671
491	809
548	952
555	845
497	893
509	1035
508	995
513	760
476	666
433	730
519	896
489	738
481	677
438	718
510	927
468	916
510	903
527	844
506	669
437	653
418	740
460	875
461	900
414	771
535	943
533	801
485	941
465	711
493	639
443	769
416	710
498	818
483	805
480	734
523	953
478	962
482	884
497	795
532	950
562	846
481	755
473	998
540	794
503	904
474	1077
428	823
478	719
439	879
539	700
538	805
523	901
556	786
505	866
445	862
492	901
539	866
530	950
553	716
507	789
495	834
502	847
493	1031
490	1116
454	1105
442	898
467	969
544	946
519	814
464	830
469	772
485	721
427	767
478	816
403	940
499	895
478	914
497	832
508	1030
477	1053
473	815
510	850
472	963
442	865
512	885
522	955
503	739
537	685
482	729
524	724
532	657
473	754
527	711
464	827
536	743
494	812
465	795
481	917
467	946
452	804
483	986
504	768
483	856
448	976
517	869
522	830
538	755
500	860
455	800
483	878
464	826
517	956
497	892
511	710
451	893
511	705
559	744
510	809
494	793
530	791
516	678
553	718
489	639
497	670
513	703
509	716
558	744
515	748
518	792
435	844
468	1111
483	914
560	954
522	873
479	773
513	892
532	916
523	979
503	1101
511	1055
541	875
482	849
521	792
558	828
519	831
559	663
481	769
491	774
485	695
545	882
574	757
490	912
494	835
560	848
562	687
516	764
525	967
531	781
511	831
499	723
478	596
464	715
482	659
506	673
423	763
477	968
443	826
407	660
465	771
526	713
541	729
474	746
469	1013
512	968
413	901
471	990
451	1191
404	896
426	783
470	800
457	908
501	872
538	773
498	751
451	712
461	803
510	808
499	855
487	913
436	785
497	748
456	662
444	795
441	685
503	564
513	535
468	664
486	619
514	628
532	694
564	722
559	705
455	690
501	814
515	917
518	1039
418	1100
400	793
412	827
421	827
458	866
448	854
361	781
476	862
461	893
402	950
406	1005
401	1014
446	973
430	843
425	834
427	915
501	898
454	680
461	789
423	651
468	890
463	927
472	685
483	502
433	548
483	664
474	856
463	731
438	785
475	833
504	982
507	926
496	848
505	712
449	685
488	856
509	896
491	941
480	833
507	1000
495	913
448	872
476	808
466	757
477	723
451	727
475	718
420	662
431	674
431	728
491	824
553	713
490	623
472	642
543	780
607	836
610	677
526	741
616	775
565	895
560	890
677	742
662	787
608	715
612	781
538	805
556	796
552	793
513	737
645	730
682	865
637	893
529	699
501	642
555	657
590	781
673	586
659	632
664	728
673	659
694	713
801	706
899	625
773	677
789	904
767	753
757	758
714	782
746	833
831	730
862	836
828	885
771	948
685	890
747	734
836	845
703	773
792	749
779	884
653	783
640	548
580	706
643	758
691	844
600	707
608	861
603	906
552	850
547	931
566	819
560	931
600	817
503	955
540	938
527	709
571	846
468	756
485	765
520	740
532	816
490	778
519	921
422	892
516	886
502	650
532	966
483	852
575	882
547	824
516	831
573	1064
504	1025
520	949
526	753
493	816
468	747
504	709
483	731
524	776
548	899
557	818
515	794
565	786
507	758
592	854
537	889
489	832
559	735
569	890
531	824
580	982
529	966
530	930
529	674
521	972
529	907
565	1055
515	983
578	929
562	804
565	848
607	897
629	881
569	830
599	733
535	835
540	745
531	880
460	777
566	793
502	695
592	820
510	761
547	931
606	846
585	856
527	703
547	847
447	884
493	841
478	831
524	783
495	841
499	856
510	818
493	869
496	1033
531	909
523	1058
560	882
496	822
531	911
524	859
529	828
486	925
507	869
518	806
478	861
512	999
516	997
531	906
474	907
451	979
440	856
458	758
468	642
442	557
465	656
474	746
471	667
523	789
502	649
483	759
485	782
483	765
484	737
539	701
454	712
491	732
510	778
541	867
526	753
520	789
499	720
516	745
523	758
477	707
525	824
462	804
494	809
454	694
509	675
531	923
554	733
457	805
468	848
486	1016
490	860
496	717
523	804
536	778
484	813
476	704
509	731
517	697
460	897
553	866
503	804
435	727
477	690
459	598
423	664
410	789
508	598
468	670
512	720
459	815
471	732
465	728
488	708
490	807
428	915
460	742
501	695
479	754
442	823
558	747
504	819
488	781
442	778
464	750
483	838
466	792
525	691
459	765
484	693
514	731
487	807
489	783
520	849
481	879
459	1107
504	933
455	870
501	717
438	679
439	599
401	609
452	677
488	916
472	818
472	735
465	867
474	866
489	818
473	1018
474	870
416	851
414	719
475	929
404	854
474	745
449	828
482	1006
414	974
457	702
466	764
439	896
422	1058
432	889
385	872
399	830
421	838
380	955
373	768
429	1049
378	920
443	968
463	949
502	784
457	865
443	737
464	855
502	674
472	890
451	909
462	825
476	822
480	877
472	965
485	816
554	820
623	906
542	1108
551	1273
559	973
564	805
616	953
633	909
556	818
526	884
534	935
510	725
532	671
554	710
521	652
686	797
588	825
575	689
533	892
566	922
608	848
570	730
522	722
568	797
531	630
577	762
614	848
702	759
744	910
678	887
656	789
589	847
513	813
563	800
622	788
643	774
577	796
590	652
522	670
570	575
468	658
481	772
463	761
415	829
401	823
474	745
504	699
444	799
519	952
465	680
467	573
478	677
426	633
408	796
430	786
493	687
468	706
445	748
455	754
450	935
486	766
444	703
367	831
369	753
420	729
480	719
427	804
495	973
412	896
462	796
499	797
460	752
459	736
521	750
535	741
488	716
467	837
488	682
473	729
517	645
533	803
466	731
438	839
460	1145
469	826
446	701
509	827
449	848
443	885
461	849
492	825
492	818
471	897
502	860
557	885
530	1000
429	784
452	856
500	984
505	838
455	673
546	822
531	743
505	736
501	791
525	688
552	685
430	609
517	579
465	619
462	785
469	751
501	801
502	826
507	798
389	694
457	730
420	706
450	801
382	850
520	873
415	1056
451	1022
505	908
467	940
513	963
550	863
537	1099
588	902
555	842
473	725
489	920
509	895
472	774
502	742
510	710
482	756
420	1106
405	937
459	916
404	842
435	996
480	986
482	1022
492	911
457	918
470	930
459	1053
485	1021
476	827
391	838
447	846
498	886
502	909
515	896
497	858
499	925
466	840
426	830
436	836
419	912
502	932
467	759
464	820
487	732
503	886
532	944
495	793
437	704
490	823
481	715
473	1007
475	872
512	996
488	883
513	903
473	675
435	728
487	842
440	806
462	809
427	875
459	936
406	814
461	750
460	766
437	936
485	981
461	818
429	795
444	824
435	798
467	730
427	864
422	825
474	1000
433	885
395	779
431	911
455	1018
426	1014
506	961
436	921
468	956
465	982
459	862
457	793
476	873
494	844
485	738
434	712
507	756
456	859
409	802
455	916
456	831
397	1020
460	995
479	958
457	1058
450	825
501	791
394	615
398	712
431	715
373	903
440	843
489	911
486	968
433	874
442	773
518	861
456	722
458	927
481	834
428	816
487	734
530	808
437	837
446	695
411	784
406	806
395	807
430	732
486	960
471	984
498	851
456	896
447	816
455	808
498	715
491	875
502	761
438	695
412	713
476	726
523	688
542	864
548	752
530	761
552	757
567	812
557	863
465	690
497	856
505	805
582	828
575	745
533	789
582	930
578	871
646	679
704	658
858	977
790	821
843	866
847	876
863	937
856	946
735	825
735	716
770	810
754	842
824	769
765	820
745	781
801	817
937	1162
876	1098
913	888
946	1022
951	1013
942	813
1021	831
896	953
841	1067
1010	1115
947	969
977	930
961	1034
960	930
945	1048
952	917
980	1037
984	1050
902	1007
914	1032
814	1034
824	890
766	855
835	938
831	1068
830	989
763	1003
766	963
619	807
654	881
681	847
545	809
539	915
504	902
556	894
489	931
491	1103
441	993
497	821
504	1015
506	833
527	788
491	862
516	911
483	859
523	886
524	789
464	709
521	847
490	731
535	875
533	824
515	663
496	663
455	622
506	627
423	707
434	678
447	677
506	798
494	792
457	808
520	1027
460	888
538	887
468	815
484	758
491	820
414	779
449	828
449	689
472	801
453	842
462	822
446	757
444	837
467	859
450	831
426	777
408	773
486	838
451	816
477	822
451	804
470	960
459	952
408	848
487	791
473	823
453	918
462	945
530	876
502	961
445	897
474	789
505	748
472	714
445	900
480	833
515	729
488	633
498	749
475	807
439	652
453	929
451	935
454	833
527	688
495	680
496	627
500	699
530	686
451	704
472	799
476	788
468	715
513	780
516	713
488	642
493	973
476	965
485	906
546	857
574	917
522	853
572	871
508	896
505	731
527	785
526	764
514	769
527	886
521	651
544	854
558	834
521	845
582	776
664	908
671	916
640	885
606	937
636	977
626	857
587	794
682	793
566	813
544	858
511	809
563	914
577	802
531	834
536	765
526	759
638	805
682	973
712	1006
765	833
824	855
801	799
716	728
701	820
722	864
714	970
662	939
697	910
633	983
711	846
643	945
689	895
731	850
720	623
717	621
762	676
682	738
685	986
720	971
728	859
780	838
837	965
865	762
788	962
838	1149
903	1059
834	1071
876	1222
829	1187
736	1069
847	1044
795	868
815	776
665	827
842	736
754	682
807	700
832	634
818	638
767	648
745	716
762	691
866	712
1036	669
982	777
1100	912
1135	1130
1185	1170
1378	1013
1350	783
1329	790
1368	723
1413	861
1477	867
1520	688
1558	689
1793	837
1974	847
1871	848
1820	887
1863	861
1792	848
1645	830
1590	716
1700	870
1734	864
1995	925
2112	756
1743	907
1545	867
1661	962
1607	960
1572	1078
1166	834
983	698
860	639
1009	784
1009	859
843	637
730	680
738	775
779	704
697	811
628	757
623	774
574	830
574	938
660	710
585	764
552	826
628	986
489	1035
511	863
550	1117
475	846
565	905
544	953
522	1130
485	1010
501	793
588	884
599	826
530	793
494	844
545	815
561	974
535	877
514	1041
486	1008
539	1050
600	907
642	896
652	809
625	848
708	908
914	991
980	905
757	858
615	811
686	948
722	878
716	752
723	910
821	865
816	790
888	952
1001	913
934	830
729	849
743	1026
717	895
865	1014
1050	904
965	796
732	774
862	787
1187	818
1383	944
1311	805
1529	969
1661	1045
2352	1138
2543	1314
2464	1112
2066	978
2228	1064
2626	1315
3226	1583
3240	1613
3289	1633
3389	1660
4048	1923
4092	1851
4202	2017
4179	1980
4165	1738
4044	1874
3372	1430
3168	1351
3145	1456
2958	1231
2816	1356
2386	1286
2324	1141
2488	1168
2685	1279
2682	1489
2582	1429
2511	1276
2752	1315
2946	1184
3161	1210
2865	1095
3098	1130
3219	1178
3339	1131
3264	1270
3078	1040
2609	996
2540	912
2321	952
2243	1041
1864	968
1426	835
1305	824
1279	758
1435	811
1345	836
1248	803
1089	742
1331	850
2026	946
1822	793
1043	715
814	729
778	961
938	688
1107	710
930	761
675	685
689	745
648	557
678	722
566	817
556	894
539	936
604	956
608	940
522	1042
491	849
543	1015
499	953
519	864
533	698
514	752
557	724
552	685
535	668
536	707
557	820
515	758
557	889
580	1023
657	922
586	1019
583	1082
670	775
676	781
600	898
605	781
619	872
570	751
582	759
593	1055
578	881
554	849
606	1079
616	889
638	788
618	940
583	916
620	984
717	909
666	760
622	872
573	829
553	899
547	871
558	792
557	872
543	850
558	878
563	887
546	1033
611	888
592	909
582	1055
578	1050
623	1035
549	815
628	951
569	897
503	819
507	752
518	798
492	927
453	975
532	1055
456	835
497	793
551	786
561	716
533	715
507	695
425	748
458	856
479	938
474	932
499	686
428	706
544	612
410	778
546	809
468	855
483	785
513	721
431	729
488	760
476	868
456	658
464	694
520	702
497	714
507	783
519	901
516	817
477	840
472	848
473	850
476	826
485	871
479	1195
561	1139
520	889
477	895
489	933
454	1017
390	777
467	871
421	890
483	930
453	980
456	853
467	986
466	837
422	679
532	665
509	596
472	631
467	722
456	716
439	610
460	563
436	677
453	730
477	741
410	623
549	689
450	716
519	615
465	757
509	798
529	1012
490	760
449	765
480	728
430	702
434	593
430	716
449	888
443	839
422	921
473	826
444	741
449	712
434	852
453	725
463	649
470	687
479	823
470	567
470	636
481	652
497	803
522	741
502	722
496	818
454	980
492	749
470	731
435	700
471	656
427	591
571	677
467	636
469	734
529	714
475	936
448	834
479	787
406	823
517	854
519	845
448	658
515	643
510	729
508	704
542	803
477	856
445	845
499	1007
486	946
459	864
444	789
463	721
423	896
469	1012
468	730
497	699
483	799
461	728
476	696
495	753
513	680
505	731
466	928
497	888
447	816
428	962
438	1142
425	719
467	635
469	802
497	897
498	907
521	852
497	881
546	792
447	911
470	1032
473	1086
434	923
422	942
460	766
425	721
433	816
411	756
430	699
390	791
438	686
445	912
432	796
450	782
502	727
499	724
489	818
461	856
477	858
468	892
521	1040
603	1032
532	989
547	930
563	812
555	921
573	892
562	900
491	843
513	795
560	889
658	926
692	910
693	1026
712	925
708	947
667	934
658	828
576	752
611	779
524	756
614	737
578	850
609	738
564	806
506	906
526	955
553	1109
492	857
551	863
528	739
508	926
462	911
538	743
488	975
516	817
400	804
401	687
428	823
405	905
409	836
439	922
428	865
466	1032
411	937
450	829
482	932
433	719
427	849
399	725
404	809
429	669
486	702
445	735
518	720
465	732
451	636
489	696
425	813
433	884
472	873
428	795
403	805
417	826
457	903
450	1049
436	1027
504	1079
535	1118
480	1093
473	974
482	779
490	700
466	804
454	815
499	758
489	904
420	1088
523	951
554	1072
524	1070
515	1168
533	1148
503	1154
475	1097
496	1101
508	918
494	841
539	888
452	970
464	998
502	880
455	997
509	986
411	933
476	851
400	871
454	814
448	717
466	743
506	771
467	812
571	706
490	800
517	1005
566	1066
470	829
478	828
527	1004
464	981
432	951
489	994
479	850
491	859
505	693
488	809
476	753
569	824
513	841
532	774
530	835
440	744
464	869
410	804
436	816
456	755
464	607
489	735
470	842
440	912
483	915
515	952
443	919
509	981
508	1209
465	995
449	987
439	1101
488	970
465	970
496	969
491	858
402	891
464	920
489	851
461	909
452	762
469	672
434	735
452	693
458	644
480	618
452	836
465	802
457	956
430	887
458	1040
467	934
485	816
437	831
427	1058
467	812
387	649
415	780
445	735
440	788
491	754
478	684
419	658
453	710
477	788
453	728
475	841
475	932
532	954
492	900
494	888
499	774
532	787
491	865
466	727
535	798
513	902
465	876
464	910
496	712
473	838
470	818
489	839
488	914
465	729
507	774
517	912
479	872
488	747
479	794
489	674
541	726
453	856
483	853
499	760
482	736
472	902
507	913
436	687
480	748
511	927
463	853
454	862
520	755
501	661
492	809
500	838
552	859
580	849
489	796
544	779
555	923
520	860
469	679
512	656
561	723
464	754
525	855
458	686
504	833
539	625
550	606
540	657
533	607
535	666
532	666
551	745
571	921
626	883
631	688
659	613
635	712
541	659
609	731
634	864
596	864
632	848
560	980
559	790
548	754
475	737
432	778
479	728
453	683
492	756
447	821
418	790
423	715
463	844
440	990
437	765
467	900
466	988
423	941
448	951
508	992
470	895
459	813
477	815
473	815
472	713
386	741
413	906
393	807
453	693
473	736
455	848
485	849
492	879
540	827
526	764
497	752
457	769
439	834
435	713
440	864
469	800
514	804
478	775
486	970
473	866
484	605
460	569
452	614
499	625
537	590
596	734
551	708
503	760
505	736
471	681
502	665
470	714
512	809
538	848
474	906
494	850
464	665
493	681
454	834
538	822
484	919
444	706
473	669
477	688
485	772
501	823
484	734
424	748
445	739
422	780
512	778
459	759
491	797
468	682
491	539
506	584
488	633
466	761
464	714
449	606
453	646
447	670
431	772
508	804
493	717
508	798
534	713
498	657
425	663
475	767
482	728
500	745
418	718
450	681
463	681
455	737
392	791
460	798
447	806
449	759
426	785
422	756
454	829
489	987
436	819
440	926
465	816
489	889
474	887
451	804
442	703
404	809
455	889
426	903
449	884
419	900
470	853
472	772
441	702
522	915
505	760
447	656
471	880
491	827
506	858
483	836
444	787
491	774
474	831
436	682
495	613
488	850
454	774
448	806
457	779
469	774
480	813
470	800
459	869
432	898
468	772
445	678
491	740
501	829
429	708
443	691
480	875
496	950
487	858
494	832
444	739
486	772
512	795
540	749
487	792
477	703
450	634
420	717
449	745
489	805
496	803
400	749
493	836
468	709
450	802
468	822
483	644
413	741
416	721
422	781
471	893
516	741
480	740
506	681
423	597
449	644
501	686
487	712
490	658
477	656
479	688
454	768
426	624
426	552
449	558
392	662
447	498
460	614
467	640
446	817
484	674
468	734
531	743
516	931
565	840
531	630
509	786
536	733
548	811
486	770
451	1044
447	961
464	834
411	682
490	658
470	798
471	719
439	726
506	805
563	623
587	852
544	703
451	894
468	720
491	728
553	930
555	717
568	601
498	608
512	684
426	739
486	732
525	725
539	614
509	644
479	627
508	622
441	734
437	793
421	795
427	862
391	727
409	718
492	626
514	547
435	593
485	509
469	601
507	643
527	577
442	622
446	693
480	756
511	759
489	693
480	627
498	607
457	640
441	730
389	500
434	493
490	580
446	620
431	622
412	604
430	792
450	822
533	629
501	598
414	649
431	742
452	623
440	953
527	813
572	751
498	882
463	801
474	588
487	538
439	712
439	780
495	685
543	665
545	620
477	679
521	627
532	493
527	622
511	594
560	653
490	699
492	599
538	780
590	585
621	670
572	576
575	616
569	681
500	813
570	724
500	672
471	624
470	707
506	767
527	580
527	643
542	834
478	864
549	709
566	670
593	702
543	750
614	708
572	630
529	786
557	601
506	592
523	755
528	801
530	613
592	590
533	761
522	794
462	805
524	920
575	792
558	748
539	859
495	935
516	912
590	934
444	749
543	846
480	829
597	895
547	792
510	821
449	788
487	782
527	825
507	654
496	713
504	730
468	725
457	896
465	709
476	644
447	878
497	817
494	621
473	656
479	709
505	648
547	626
467	878
485	831
443	766
437	845
505	778
464	868
441	778
475	701
457	620
462	874
461	698
505	789
482	692
487	734
448	805
461	656
482	679
452	878
469	785
419	777
458	822
450	634
412	877
489	998
498	827
440	743
466	782
478	708
503	792
456	752
464	665
450	839
463	753
443	781
485	811
497	679
448	625
438	683
449	732
532	730
486	690
467	645
516	653
500	769
508	946
539	885
455	798
532	895
444	1015
452	879
447	852
522	886
506	779
527	821
484	798
522	754
540	853
435	733
512	823
488	819
472	1045
453	956
451	892
428	813
464	606
482	774
519	869
492	724
461	689
461	724
539	779
505	734
552	893
517	707
561	785
508	754
587	789
565	679
556	827
565	947
517	839
464	714
491	746
522	832
493	875
523	678
508	714
465	904
475	1033
487	776
452	763
467	708
485	750
452	831
480	769
461	780
465	738
478	838
503	848
494	818
512	833
483	863
411	768
454	829
460	804
442	787
481	854
490	880
508	826
459	951
503	783
499	779
513	879
472	762
440	887
461	958
446	1091
551	818
548	1003
490	809
509	795
498	983
552	850
454	759
459	753
445	835
462	906
507	756
463	853
525	925
553	839
463	775
464	814
440	860
493	916
481	1021
470	905
459	859
497	1049
538	1124
530	969
455	810
415	860
459	736
504	708
459	753
510	881
477	1098
448	731
501	808
505	975
512	949
459	707
489	835
464	672
497	755
468	625
414	799
415	722
468	792
429	846
425	730
441	771
443	854
449	853
469	992
471	951
538	833
488	776
516	862
452	752
458	797
498	872
550	799
582	696
492	725
480	808
504	966
403	806
455	702
486	923
465	848
579	754
471	858
438	654
472	629
467	771
471	859
490	911
469	1006
489	797
520	768
454	686
482	888
464	730
439	824
457	862
437	778
511	929
498	819
457	839
451	897
493	834
541	846
491	734
604	807
482	731
489	745
468	830
533	662
517	613
565	578
545	720
503	703
448	740
500	756
470	592
519	689
526	648
492	618
472	724
436	812
464	682
534	772
486	777
461	754
488	799
430	738
429	660
491	560
424	693
462	751
434	862
477	791
542	692
544	870
506	776
514	757
508	719
463	721
506	748
505	739
487	822
477	712
442	863
490	838
525	669
475	713
500	667
459	803
429	960
507	926
454	789
481	861
441	836
454	946
367	714
433	871
491	930
492	898
496	949
501	1013
490	759
478	890
469	840
431	866
493	943
450	867
482	1034
478	955
461	810
447	807
459	819
468	834
521	807
509	1061
451	850
481	1025
490	897
446	782
487	717
426	822
422	901
483	775
473	893
481	896
505	844
517	812
441	764
481	745
439	766
525	700
433	523
434	672
487	684
491	779
462	780
472	596
428	631
428	703
472	902
498	1041
537	1045
515	1007
557	872
510	870
434	716
459	923
529	867
467	795
493	984
494	911
499	977
507	861
558	816
498	835
507	764
509	728
531	864
447	913
485	696
475	738
433	730
485	981
433	866
486	753
450	966
476	790
510	786
526	779
489	764
500	776
457	732
592	715
505	673
484	752
457	767
502	716
503	613
526	662
536	711
595	863
504	777
578	695
476	730
495	759
535	790
513	944
459	960
483	857
469	777
455	771
458	741
432	924
453	999
492	789
499	977
463	854
436	746
442	786
481	766
494	677
477	568
457	732
462	691
461	790
470	809
497	758
464	899
497	803
462	697
540	718
528	709
534	678
537	780
513	793
535	765
499	944
573	898
528	775
531	768
551	607
601	771
503	818
512	848
495	775
546	800
643	682
626	728
541	694
633	691
641	679
645	668
684	613
703	648
647	715
607	738
560	806
593	781
541	869
591	876
641	821
601	901
610	875
552	778
593	844
673	764
703	763
652	706
578	799
608	779
600	802
693	747
721	707
699	635
728	711
685	865
777	779
737	830
730	627
708	730
707	700
726	672
695	758
660	701
656	742
689	692
736	711
681	993
713	857
782	761
768	853
782	844
791	893
705	821
728	804
808	771
749	876
740	833
667	833
668	754
670	738
610	886
631	772
650	825
574	617
582	670
532	843
538	933
570	882
561	873
556	733
522	712
546	890
502	967
547	777
496	755
516	968
527	958
524	819
531	940
484	795
528	668
528	762
480	798
515	715
493	573
493	734
537	649
518	809
431	642
510	597
518	717
470	783
488	878
498	786
481	731
430	834
521	664
483	878
544	766
502	827
506	933
487	1079
577	779
593	684
548	704
662	837
569	876
525	761
543	801
522	741
582	906
587	754
563	861
607	1078
570	917
591	852
649	897
590	1165
624	926
602	737
529	741
618	864
621	854
653	1025
618	894
567	868
609	933
621	708
600	869
617	881
579	744
609	708
650	675
687	771
715	1012
685	903
651	824
682	791
698	730
656	825
648	797
620	693
671	653
695	742
656	719
632	658
622	743
603	727
628	704
705	690
680	623
664	641
713	551
700	681
650	661
636	665
677	729
589	876
584	901
595	791
588	857
555	1015
536	839
522	783
524	752
515	745
482	828
516	790
523	848
552	774
596	822
655	888
553	750
592	656
580	640
705	675
613	548
639	687
547	605
604	812
543	638
549	652
552	667
600	717
528	717
614	608
565	720
575	632
598	814
558	1010
592	880
563	855
549	845
528	629
554	698
630	644
642	793
585	807
648	890
557	763
620	807
536	895
566	770
529	788
516	699
533	838
540	682
522	675
545	623
524	739
558	651
539	752
550	840
534	698
552	645
506	818
482	715
522	765
532	831
536	784
596	777
548	926
561	875
545	794
559	802
617	765
518	890
553	784
598	737
575	774
467	793
474	639
518	679
511	810
487	809
543	704
508	828
473	618
484	686
547	715
499	875
464	912
449	740
428	840
518	855
545	847
536	741
533	742
536	738
479	697
473	531
468	620
479	627
495	900
447	780
462	785
434	743
459	706
442	756
480	780
494	800
537	891
459	880
477	771
454	867
453	751
505	812
476	768
475	797
475	694
485	743
494	907
464	876
466	814
466	766
491	644
470	657
471	886
407	825
414	813
415	758
437	762
451	750
449	840
502	741
459	683
393	773
477	790
443	776
416	782
419	848
460	739
418	704
412	757
390	661
442	722
487	862
413	780
374	832
386	764
444	801
450	838
483	736
470	776
466	785
396	715
439	704
480	756
435	701
427	671
439	773
385	822
449	811
392	684
435	774
425	1046
465	818
433	875
473	728
470	932
461	787
461	660
501	653
447	789
472	893
473	857
491	951
438	1007
476	952
478	795
476	742
562	891
480	810
438	749
407	633
442	607
470	815
509	935
464	710
442	837
519	912
518	1105
506	915
526	949
492	898
457	847
431	749
433	652
413	755
412	621
391	739
459	804
429	717
481	824
496	876
465	931
415	706
439	745
465	776
465	751
477	801
451	746
463	672
457	694
450	826
398	624
485	555
541	698
572	658
448	846
389	932
448	729
430	695
472	738
496	830
489	795
499	688
453	721
539	788
537	642
492	633
493	737
514	631
507	781
473	584
506	736
497	804
515	805
425	948
461	991
524	827
502	920
538	833
488	767
493	753
513	766
440	1024
462	778
461	584
446	710
487	743
473	666
515	761
519	809
514	780
492	848
434	669
535	800
483	807
459	720
466	715
477	635
477	584
505	760
438	730
502	690
469	836
432	761
444	822
437	856
509	790
432	727
509	751
496	754
419	626
451	851
465	888
437	825
497	744
371	745
528	865
517	756
496	843
428	705
454	650
472	867
456	745
464	732
480	612
511	712
499	799
506	647
483	625
549	714
541	935
503	870
483	800
533	871
441	745
443	816
460	785
477	813
474	909
457	926
439	904
506	937
487	727
514	809
508	753
544	636
483	534
497	598
482	630
464	786
500	770
513	790
445	701
503	768
477	890
429	768
467	778
422	769
446	780
460	787
439	773
495	891
488	944
445	889
481	917
480	972
506	804
483	669
456	651
455	712
499	845
448	803
438	918
452	994
520	847
527	682
417	712
484	718
472	915
445	863
462	1126
521	926
521	678
448	763
491	933
522	678
509	788
420	873
479	704
574	640
468	852
482	828
528	900
495	871
440	840
463	813
477	802
491	838
530	713
519	760
474	807
469	683
486	740
550	896
591	798
520	812
578	789
503	718
515	764
461	836
446	691
504	741
454	772
417	802
444	639
446	816
438	793
470	665
462	661
486	875
483	824
475	654
431	787
523	889
493	576
502	640
519	678
502	629
490	558
503	484
530	568
496	626
476	618
462	566
492	719
449	777
485	854
488	740
492	764
450	786
455	761
550	815
515	564
558	797
513	814
508	831
487	702
472	791
509	834
447	719
451	853
465	618
425	828
403	840
487	946
421	672
496	625
407	745
404	686
460	636
465	636
473	653
443	672
451	670
455	712
478	755
551	756
570	763
553	656
541	647
596	577
659	722
546	800
557	616
601	677
701	805
740	827
705	780
678	722
697	772
816	727
880	617
929	708
836	719
871	804
992	642
1078	575
1193	703
1074	627
1080	787
1132	626
1359	713
1523	749
1376	683
1377	695
1499	675
1692	691
1935	781
1858	586
1942	651
2087	721
2629	895
3412	1032
3854	813
3840	733
3801	976
4322	1066
4853	921
4922	1093
4404	1000
4340	982
4834	996
6170	936
6484	879
6655	803
6295	881
6253	832
6341	801
6812	831
6662	889
6656	885
6963	773
7360	963
7847	969
8247	900
8587	985
8559	1078
8138	931
8473	850
8403	921
8318	928
8186	1001
8228	911
8209	971
8554	834
8606	846
7997	903
7876	959
7623	965
7179	814
7379	1016
7559	977
7408	996
6784	872
6212	937
6043	855
6078	830
5863	783
5148	688
4404	817
4258	832
4475	829
4020	995
3197	970
2416	817
2154	918
2349	784
2309	768
2025	847
1758	705
1510	768
1658	676
1860	765
1734	678
1406	808
1128	796
982	752
1013	749
903	818
824	886
780	996
757	885
744	888
694	773
724	858
652	765
692	970
672	804
598	928
650	907
655	804
651	720
720	922
779	951
694	835
767	771
752	864
770	716
764	767
728	730
710	833
677	886
637	932
713	990
691	919
649	763
557	815
596	798
564	866
538	859
533	712
509	776
479	734
542	900
496	1206
519	1059
492	993
492	801
458	843
485	882
539	804
541	797
484	865
534	794
562	740
480	717
472	648
445	699
488	741
455	629
487	787
447	834
481	895
482	866
474	783
468	793
515	896
498	855
468	753
440	865
496	818
536	700
478	844
455	744
499	678
530	805
482	744
475	938
493	852
465	753
413	734
444	1030
484	745
486	724
474	780
390	874
401	829
478	691
419	739
460	712
512	696
500	785
485	832
430	859
446	671
454	694
457	709
456	767
521	808
498	660
535	699
481	871
506	889
528	792
539	870
552	831
539	898
565	967
533	1004
511	804
470	811
457	807
488	1040
462	1054
521	700
545	751
521	726
553	775
489	719
480	796
526	659
482	577
531	567
475	601
504	692
454	587
423	498
456	673
487	699
541	747
484	786
488	717
542	724
455	689
470	756
485	709
489	733
551	958
506	848
479	811
468	796
496	754
524	715
493	801
495	918
500	855
466	724
473	667
501	621
434	679
549	772
461	797
576	996
572	1072
505	1025
501	795
478	838
537	920
470	818
456	799
491	1012
533	909
559	993
537	844
511	720
504	960
476	797
449	879
488	974
515	825
459	845
480	809
474	857
492	753
504	907
509	967
537	753
477	757
469	804
515	861
539	902
481	829
580	804
466	725
490	851
459	679
485	743
539	835
507	720
489	817
462	767
547	658
568	820
514	706
510	794
585	823
490	731
469	597
512	636
506	799
425	713
452	680
548	748
427	586
516	527
455	625
501	574
487	764
495	635
478	852
443	788
519	790
461	756
460	766
531	951
481	972
452	734
429	633
454	667
458	818
486	893
545	592
455	645
522	841
504	843
513	880
472	720
544	749
510	813
452	795
426	738
451	861
414	788
494	894
482	880
466	912
528	903
457	1002
448	1063
433	979
476	934
479	932
480	952
487	906
468	714
429	914
457	681
420	763
464	804
429	962
488	985
462	876
447	939
499	722
483	703
470	724
451	734
425	678
405	664
532	664
444	682
534	822
469	767
434	714
470	755
509	647
494	675
388	634
465	750
439	842
490	826
463	826
415	713
461	745
484	753
551	733
549	625
490	823
480	831
495	855
550	653
535	750
544	750
486	778
537	602
475	691
432	888
456	809
429	663
415	696
486	756
492	766
527	870
473	834
424	783
535	944
461	804
469	785
440	759
516	775
471	904
490	898
423	806
479	883
463	1021
507	994
467	745
451	682
465	782
460	677
446	654
418	521
467	690
475	664
458	665
483	660
452	679
476	793
458	738
531	625
479	623
470	748
474	731
428	787
473	811
400	885
391	925
476	851
510	761
528	784
512	745
529	827
484	598
472	655
454	739
500	830
497	795
558	779
545	815
471	768
439	933
515	810
544	788
596	634
608	886
515	784
493	698
579	749
544	825
517	686
489	874
443	678
517	649
533	920
540	763
637	631
575	706
509	659
540	721
540	679
532	729
649	684
558	594
533	559
572	442
622	733
582	640
599	621
628	732
651	694
589	702
586	678
604	871
627	756
597	680
596	769
562	849
584	706
575	706
536	778
516	789
545	843
531	701
498	834
520	554
560	587
524	779
471	736
522	996
513	1020
531	1107
498	1092
485	1028
604	926
610	854
520	865
516	1054
516	781
482	715
529	1037
532	941
541	966
535	856
528	835
526	1030
612	648
517	909
537	770
548	798
542	751
598	867
581	859
487	819
519	725
486	897
491	878
545	804
451	852
458	910
480	866
455	741
476	880
524	774
516	866
521	749
515	618
460	635
496	756
497	734
465	766
469	658
525	651
481	623
554	648
510	525
575	486
550	622
527	782
531	714
484	679
530	629
553	771
485	608
532	601
501	638
481	714
499	610
441	786
457	928
505	732
473	670
437	725
437	752
455	700
485	944
484	766
447	696
481	646
456	659
511	661
551	574
471	730
514	825
493	853
545	739
488	712
506	720
541	662
511	741
474	630
538	537
440	675
495	911
445	981
472	814
497	733
536	760
481	880
459	795
443	599
453	770
488	790
525	822
568	910
467	681
505	740
551	705
496	700
507	767
529	743
582	826
514	706
541	678
602	714
596	878
581	792
551	840
584	686
630	804
631	862
608	819
646	815
650	841
599	849
609	664
633	616
659	918
678	889
655	793
653	817
629	853
742	857
705	623
772	660
686	849
749	746
868	830
869	866
911	972
856	733
941	916
1029	934
1102	880
1123	808
1115	894
1076	847
1099	945
1164	1011
1226	905
1145	922
1215	1046
1200	958
1084	964
1276	1008
1339	779
1278	750
1262	622
1353	730
1447	798
1471	880
1489	781
1325	817
1476	985
1586	948
1617	770
1532	958
1443	673
1561	816
1649	851
1708	899
1627	816
1604	800
1733	839
1669	919
1725	916
1590	839
1634	824
1542	707
1487	790
1450	893
1395	987
1439	740
1453	800
1428	955
1543	1200
1479	1092
1613	1213
1640	1127
1692	870
1728	1018
1772	861
1879	920
2047	836
2045	697
1835	774
1605	883
1486	978
1431	938
1363	957
1210	907
1186	764
1108	729
1010	726
1009	962
850	1001
772	765
810	853
787	767
867	651
873	838
814	684
839	737
832	731
845	750
797	769
814	708
745	644
877	621
789	595
897	632
738	754
656	984
669	864
686	825
730	810
632	862
655	833
644	761
640	836
634	886
589	903
639	812
688	769
706	792
695	774
739	825
712	775
715	697
642	844
643	852
647	735
698	790
733	778
695	883
685	1101
660	878
706	790
736	619
642	659
607	731
670	741
641	673
601	632
677	802
687	826
569	786
583	676
550	721
654	701
647	749
607	792
547	753
508	681
520	628
496	614
535	755
518	921
503	1012
543	918
559	840
580	733
661	868
617	675
579	784
509	684
492	702
466	753
548	681
621	785
542	782
557	606
588	628
539	575
490	669
509	704
616	832
526	707
573	798
553	749
556	807
550	814
498	905
460	857
461	789
462	869
476	904
489	766
516	837
442	819
495	923
448	835
464	737
536	684
504	836
474	791
530	869
444	966
543	769
426	713
486	797
459	894
488	942
438	760
443	727
478	789
465	789
559	908
554	903
551	988
511	794
509	708
472	992
453	735
449	883
526	915
540	968
498	887
537	1016
467	1163
548	1091
499	1201
488	1053
444	969
483	850
483	918
512	878
489	901
512	850
439	1053
535	1059
528	1019
507	869
479	905
481	853
486	819
451	889
509	870
534	670
472	810
501	943
462	849
429	966
470	1171
488	999
476	868
584	802
570	961
574	875
546	861
536	923
501	812
490	711
547	934
521	744
463	798
497	791
477	746
434	789
399	748
461	701
502	812
498	817
487	912
440	889
451	835
465	851
425	755
479	817
450	875
443	745
458	775
535	757
517	696
527	705
470	905
446	976
501	922
455	1126
464	927
490	825
492	788
499	732
483	773
485	756
453	664
512	774
454	849
540	849
454	887
519	818
487	708
496	840
475	778
470	771
516	1014
498	994
480	959
479	991
531	887
454	797
530	794
464	773
534	644
487	722
490	875
470	659
517	593
524	684
526	766
442	606
505	660
536	506
481	498
487	489
453	499
493	608
491	677
509	764
524	654
538	714
549	696
548	834
504	849
455	705
514	836
582	905
528	1035
557	881
529	945
446	776
463	842
513	813
463	687
489	693
475	755
540	711
485	714
498	725
461	813
536	780
549	780
511	636
550	662
532	754
524	765
447	877
468	664
458	716
556	770
542	800
499	664
589	645
534	766
592	721
556	767
513	736
570	803
547	797
520	954
512	938
482	713
452	564
462	559
472	734
453	739
536	816
527	595
503	794
482	745
483	660
533	690
560	577
519	727
537	901
489	875
461	824
443	771
491	709
551	838
531	746
535	887
545	802
517	861
564	843
563	758
585	666
531	728
504	866
559	941
556	877
560	857
548	859
600	833
552	852
575	779
560	809
556	884
535	757
530	813
506	808
514	805
558	808
546	759
558	771
573	712
541	715
530	717
534	747
519	650
528	781
520	648
497	606
595	588
519	652
471	678
550	884
508	787
536	806
486	769
521	806
509	949
483	826
538	660
561	724
568	785
512	816
586	732
575	724
562	772
547	617
563	731
506	653
569	819
589	706
554	876
551	844
555	808
576	842
553	848
583	679
558	705
606	685
535	745
625	737
557	721
575	689
565	706
527	710
563	703
578	752
610	894
628	788
584	616
611	696
643	824
603	866
605	904
615	845
577	985
582	888
567	784
611	829
564	736
607	884
582	923
586	848
585	739
564	597
650	703
615	652
659	849
611	809
631	771
665	721
608	772
625	822
672	875
618	852
582	692
681	736
652	671
608	695
630	658
605	749
518	915
638	950
648	970
590	879
667	848
650	797
711	808
651	990
669	905
628	1067
628	881
639	869
616	885
649	791
728	905
675	865
662	788
695	789
655	901
645	755
710	559
655	765
672	743
628	793
687	715
662	747
730	722
707	613
692	790
598	743
700	753
667	911
671	954
740	999
748	903
768	830
757	967
737	870
769	959
686	911
755	736
694	735
703	907
755	955
775	794
726	854
695	953
784	855
768	726
719	754
771	783
727	699
733	824
826	757
727	746
671	646
742	775
729	765
782	788
754	744
713	820
692	842
753	872
797	950
769	967
848	922
848	839
780	730
726	723
714	782
726	692
758	830
647	864
711	841
705	877
641	855
643	973
688	917
669	940
743	1010
745	967
721	837
768	1056
811	789
821	972
827	829
849	848
760	833
757	929
679	943
698	876
604	912
617	1073
606	972
638	1045
643	1054
647	922
657	984
695	873
703	959
636	977
661	954
665	761
682	791
644	785
728	705
646	747
695	833
694	741
717	693
659	661
625	732
630	692
664	612
683	838
676	759
678	989
651	966
642	821
700	769
679	661
650	692
662	719
666	740
677	754
717	695
712	734
717	787
695	747
799	792
661	768
627	688
610	777
639	796
646	744
623	718
681	732
674	852
743	690
709	789
665	908
638	962
589	880
626	866
593	875
674	907
797	882
699	859
631	1080
626	994
623	969
675	850
654	829
583	891
591	698
596	927
547	976
555	1000
564	850
608	826
600	801
629	872
621	809
563	819
601	798
588	791
565	636
604	648
605	727
588	705
588	623
625	761
559	985
579	905
663	948
546	960
560	962
541	775
499	832
557	836
500	779
571	751
550	823
507	617
505	610
585	822
560	955
545	947
515	625
550	826
514	764
531	869
586	842
495	843
587	892
544	982
518	854
538	936
535	772
543	707
538	621
536	814
536	653
599	770
577	832
535	737
483	768
514	706
510	725
593	764
542	749
538	812
567	801
578	887
561	758
501	798
534	901
459	980
475	1057
526	792
531	868
512	821
493	1000
498	913
537	1044
497	1028
493	1012
497	1145
499	1132
518	1201
578	845
504	754
474	788
503	761
471	800
489	863
472	872
489	728
528	761
512	790
525	865
456	866
507	675
532	606
480	659
505	655
506	710
472	661
519	567
506	661
539	582
562	659
618	588
577	619
546	665
501	820
431	716
597	580
472	633
454	707
464	721
495	791
475	658
493	596
460	705
432	913
451	843
464	787
543	805
612	781
484	733
527	587
521	617
519	748
499	854
500	725
489	718
549	849
493	902
550	894
518	772
479	638
511	673
469	805
474	979
506	859
512	915
496	808
453	826
474	675
484	838
453	1002
464	916
513	844
483	735
489	888
543	951
528	746
556	787
486	696
472	637
476	906
441	784
520	832
502	736
496	848
496	987
464	665
518	768
454	716
479	793
472	826
535	759
514	791
563	709
556	712
510	721
479	881
490	708
453	622
478	789
570	964
508	1044
574	1029
534	865
549	817
544	835
589	1029
556	792
530	648
499	729
509	748
486	791
513	821
485	644
516	685
532	935
479	1013
528	1017
458	828
560	695
471	702
506	697
509	681
497	750
513	783
475	723
462	722
433	779
525	650
411	566
469	664
439	749
469	680
487	750
550	810
457	677
495	760
484	589
441	639
463	646
454	685
506	748
468	824
526	926
510	685
538	897
465	786
475	731
506	882
468	762
494	873
528	904
502	877
499	881
497	791
481	915
445	803
524	694
471	805
516	736
538	725
472	696
482	870
512	716
538	610
476	568
529	691
506	594
516	596
530	754
445	698
450	748
491	763
456	813
441	763
459	582
436	654
499	764
509	866
468	756
527	828
503	859
532	904
515	958
494	764
468	807
484	766
485	647
519	729
608	895
538	760
504	877
526	686
584	720
561	822
582	888
561	925
568	858
536	763
542	851
617	758
575	768
581	895
568	780
663	641
600	758
654	754
707	713
625	763
653	763
746	770
691	722
630	851
666	852
641	917
630	811
654	768
714	841
731	716
745	807
786	803
761	797
819	757
779	653
772	664
846	663
837	706
852	610
806	791
766	600
822	831
849	693
831	734
882	812
901	735
883	723
909	739
889	813
909	749
922	738
860	803
875	855
944	787
931	784
863	758
879	721
905	721
1060	796
1036	800
956	910
1036	903
1049	1017
1219	876
1173	739
1372	745
1335	672
1339	792
1480	906
1541	672
1503	681
1366	697
1454	718
1531	754
1513	777
1504	895
1553	968
1621	908
1544	770
1611	813
1637	836
1510	873
1683	867
1666	782
1782	814
1807	667
1734	771
1794	757
1848	752
1889	915
2049	809
2168	859
2072	878
2257	780
2376	1018
2356	998
2414	1017
2572	1106
2487	839
2362	783
2419	806
2229	846
2034	845
2093	895
2062	948
1940	871
1853	915
1885	957
1864	873
1952	870
2023	750
2076	766
2278	835
2295	1044
2718	963
2823	924
2998	951
3015	1090
3000	889
2952	1001
2816	936
2545	860
2544	779
2375	740
2164	1022
1861	879
1481	835
1468	887
1468	843
1428	849
1249	829
1114	1037
1127	1064
1225	960
1280	928
1288	960
1224	1010
1127	908
1195	987
1297	1012
1155	997
1024	841
865	764
872	760
930	750
868	616
790	753
711	679
732	780
729	835
691	913
711	773
693	763
671	912
710	823
726	889
696	761
703	730
646	787
636	749
653	908
579	720
625	815
627	711
658	873
620	848
533	851
604	692
619	651
618	800
585	750
542	818
691	802
573	788
533	953
472	857
519	635
499	802
494	769
488	701
463	731
470	844
500	1036
486	1160
556	1018
527	1064
539	996
520	975
480	696
441	805
498	902
497	656
504	722
518	794
570	839
540	867
518	762
526	694
518	738
527	850
552	733
508	769
499	712
538	659
541	908
518	1051
478	864
488	679
508	850
499	878
517	812
505	755
490	754
488	883
436	767
424	936
484	929
398	979
403	738
389	814
514	892
498	917
505	882
451	847
449	779
443	798
467	901
402	804
419	743
448	750
461	778
533	785
495	819
479	840
486	843
482	920
444	820
461	792
466	866
500	807
476	718
467	652
511	699
482	669
519	644
491	669
482	737
453	707
524	801
520	746
524	779
547	905
473	842
455	830
474	793
487	723
526	739
582	877
503	835
542	832
508	840
536	688
631	810
542	721
524	785
595	732
551	846
550	765
570	895
555	729
527	752
526	673
511	668
536	735
563	664
545	697
545	893
584	892
568	810
538	885
545	761
567	639
553	756
575	807
545	727
531	675
497	570
511	733
565	762
509	626
509	721
539	696
575	705
530	783
555	902
487	755
465	771
456	745
445	720
461	705
544	693
548	636
554	750
466	969
558	955
529	1003
487	1033
523	982
477	1013
484	702
558	846
484	849
468	843
428	665
498	747
498	647
450	734
452	915
404	732
475	930
484	904
462	757
465	649
464	707
463	737
426	737
445	805
474	716
556	764
503	805
490	792
499	678
490	605
626	756
525	789
470	802
501	871
498	687
457	732
452	727
469	703
502	927
467	794
460	781
509	886
492	876
462	822
533	968
439	1013
466	840
427	695
436	813
438	833
477	739
505	785
535	761
453	735
465	750
479	777
499	696
472	745
492	866
587	753
509	674
472	776
509	682
470	727
515	772
570	713
591	702
570	766
567	793
599	817
551	944
514	808
612	840
618	650
609	845
548	867
644	744
707	860
831	876
891	983
894	985
906	923
899	795
965	843
1131	857
1008	937
981	1038
995	827
1066	880
1286	924
1144	1032
1174	909
999	1000
1466	1097
1951	1191
2223	988
2204	978
2183	941
2289	790
2445	836
2783	859
2806	994
2802	988
3021	938
3173	997
3501	1112
3650	1205
3401	952
3593	1021
3826	1129
3348	1005
2989	988
3024	951
2966	1119
2895	1183
2474	1059
2339	901
2247	791
2393	915
2216	884
1925	892
1807	956
1825	937
1950	820
1753	768
1200	829
956	888
959	886
1025	816
899	1031
873	1027
773	822
780	854
850	1114
1087	953
950	775
902	821
1013	921
988	755
877	863
677	864
553	1004
567	990
501	1047
560	774
522	886
533	946
534	817
558	819
557	803
568	702
540	825
557	741
581	757
508	758
566	870
573	920
586	749
590	907
599	1043
570	1073
630	1252
547	1183
622	944
562	874
662	733
642	791
745	891
767	822
722	878
727	1048
760	1047
776	1171
809	1079
764	790
744	877
693	1002
723	696
645	764
686	769
616	893
684	766
656	908
747	977
782	1013
841	839
824	948
923	864
866	893
920	851
902	832
819	742
861	796
947	669
888	742
797	722
788	763
745	671
821	755
805	750
697	898
753	1067
782	989
733	827
817	859
841	961
908	786
919	743
953	750
1031	851
935	995
898	995
911	918
923	902
908	897
889	934
823	707
856	787
882	815
807	709
814	791
812	710
828	687
757	828
882	909
921	910
987	702
1039	720
1098	703
1211	1038
1073	885
1116	963
1018	879
1032	852
934	811
920	926
878	992
912	752
840	860
790	844
755	928
745	844
767	800
888	789
836	631
815	726
902	692
916	602
1011	715
1004	779
1050	780
1013	811
1087	683
917	813
966	709
933	737
977	765
816	886
819	914
784	922
761	891
743	889
771	795
799	981
866	906
829	966
764	1006
760	899
835	1087
809	982
874	716
958	941
900	867
861	828
930	933
886	888
914	1008
926	846
783	832
779	830
806	881
834	809
806	901
757	835
765	887
764	857
832	928
766	871
707	937
730	978
703	1021
667	1055
697	853
710	829
692	746
627	696
656	596
665	667
620	687
620	683
617	657
632	612
632	782
608	755
602	905
598	921
584	799
559	936
530	896
590	962
596	893
606	888
553	754
561	738
588	722
532	794
589	654
566	867
550	930
481	781
513	811
486	790
540	699
529	867
558	1021
523	768
517	919
567	820
585	827
579	859
617	838
556	870
578	825
623	928
651	957
590	861
647	868
613	728
622	794
599	868
597	798
677	860
622	841
604	773
506	971
539	771
543	860
582	949
630	989
594	946
638	1123
633	1200
678	912
625	1004
646	745
714	794
676	845
646	976
646	846
668	959
655	884
607	914
574	694
513	724
523	697
575	784
539	775
492	852
464	715
531	987
492	951
454	782
448	862
482	973
473	859
480	835
460	726
437	670
371	758
429	740
436	752
440	762
430	718
386	796
419	828
480	704
456	821
433	732
428	844
427	863
449	913
472	872
444	756
480	858
420	778
430	783
430	726
508	761
493	841
414	831
465	880
466	823
419	801
450	823
477	924
429	858
473	746
471	833
477	780
464	801
444	647
467	708
439	658
456	750
436	747
431	976
403	979
455	1052
481	818
459	742
453	907
435	823
460	972
471	901
440	1060
488	969
456	838
468	848
457	881
440	837
506	861
434	950
422	884
471	705
471	831
434	840
455	826
504	953
560	910
590	914
513	980
543	877
487	815
470	759
488	601
542	741
521	738
519	744
496	930
504	854
497	761
522	765
472	1044
498	802
489	703
496	713
483	846
535	724
512	724
493	776
545	797
478	1051
461	799
449	804
520	705
499	886
511	875
539	814
594	797
577	872
613	762
614	783
655	882
595	818
647	829
597	1064
718	922
704	816
632	804
653	799
683	920
618	829
646	819
665	567
576	510
528	664
534	705
493	604
481	606
491	726
439	696
463	1011
525	786
495	899
492	871
561	901
588	1142
615	781
621	823
608	876
678	784
715	806
712	978
701	947
766	1004
759	983
754	1016
785	989
880	760
1024	758
972	739
925	740
1008	566
871	587
892	623
926	640
957	779
898	725
657	879
657	684
711	775
801	701
694	615
670	738
667	676
777	775
810	760
617	825
494	709
549	749
537	715
655	830
593	595
569	598
552	618
622	617
531	877
511	753
491	656
540	655
545	657
586	684
630	541
588	569
637	601
628	646
647	776
610	849
579	995
561	814
553	853
554	790
567	847
627	777
500	611
619	910
571	656
606	783
607	779
545	862
542	830
575	685
594	670
550	645
544	724
521	777
543	841
464	733
475	766
496	676
483	865
474	703
456	632
455	600
500	733
467	858
483	788
487	917
498	990
471	691
425	771
430	795
460	732
439	765
506	748
435	844
446	843
437	826
457	849
463	736
476	731
466	678
403	675
479	739
470	595
431	543
436	552
471	680
450	652
436	724
470	682
446	658
461	788
473	683
478	681
471	1030
508	923
523	877
478	645
495	783
484	717
496	662
542	731
514	861
485	744
503	735
536	643
583	663
492	909
523	876
480	977
569	799
486	920
599	781
580	814
619	908
536	778
522	761
445	796
543	788
480	765
526	843
509	943
516	745
565	682
517	692
537	636
556	515
576	630
574	614
570	597
597	674
590	664
601	704
486	781
537	499
536	559
551	645
522	572
503	615
505	579
542	609
502	710
543	829
540	711
540	603
520	706
540	674
519	645
492	672
510	721
508	699
556	822
539	672
529	712
480	754
486	720
498	606
498	662
512	700
504	676
484	617
497	598
498	690
513	793
530	585
445	597
470	640
498	786
564	748
557	1022
571	828
522	811
592	842
515	930
581	641
531	682
582	984
573	851
497	570
566	720
491	808
500	739
483	805
546	956
600	689
529	663
590	613
597	532
553	794
596	810
619	675
641	659
616	742
628	698
566	656
535	599
555	597
592	655
554	665
631	661
609	688
592	729
644	726
673	684
610	701
640	778
719	694
611	750
673	677
628	746
648	654
661	891
689	780
732	768
698	739
664	674
664	689
714	644
657	672
684	522
716	663
686	738
714	792
727	800
786	765
698	781
720	869
819	722
765	713
717	629
759	694
799	517
836	704
807	834
813	795
813	1028
817	859
912	746
948	672
933	823
924	702
925	899
943	852
1084	974
1057	1114
1066	999
1070	951
1178	928
1303	977
1213	902
1203	833
1350	900
1377	863
1418	748
1369	809
1359	792
1535	757
1637	694
1709	717
1624	803
1572	758
1451	635
1482	761
1410	772
1407	797
1468	672
1491	646
1590	808
1501	823
1623	950
1619	817
1758	807
1957	815
2120	1013
2241	881
2278	798
2320	958
2374	918
2509	869
2375	957
2264	899
2056	785
1911	799
1729	937
1605	927
1485	1083
1456	865
1413	718
1454	805
1537	851
1594	866
1711	919
1863	954
1826	837
2151	797
2223	781
2470	892
2435	1035
2511	843
2344	1051
2195	850
2167	959
2128	950
2020	985
2050	998
1950	887
1740	866
1743	809
1709	868
1712	1044
1799	838
1848	825
1972	736
2012	792
2060	734
2042	759
2125	943
2109	850
1995	794
2066	865
1884	906
1845	686
1801	921
1754	802
1660	841
1620	795
1593	734
1625	735
1544	800
1476	774
1479	688
1438	745
1439	711
1538	729
1521	830
1446	900
1441	935
1398	743
1456	702
1474	780
1368	795
1197	694
1192	711
1313	616
1270	714
1283	687
1207	750
1084	816
1217	825
1313	856
1108	739
1102	820
1115	874
1064	937
1096	856
1126	899
1083	896
1022	793
989	747
942	897
973	868
910	731
917	942
874	824
934	907
900	836
823	800
734	647
737	648
728	845
794	971
733	841
641	674
638	768
660	810
678	919
658	754
678	875
605	799
616	724
675	884
696	902
649	952
704	789
646	677
665	710
634	684
628	736
650	865
677	772
630	899
597	873
618	772
629	832
605	1015
615	877
598	850
535	764
634	758
653	633
645	805
660	786
663	896
772	752
693	739
775	787
796	716
764	790
798	780
798	974
729	743
737	787
691	966
696	1028
688	810
645	895
575	851
653	855
657	772
642	784
738	608
713	836
754	907
697	862
892	837
894	751
922	708
959	705
878	707
914	686
929	823
910	940
936	971
840	837
819	941
822	1003
865	1047
794	875
780	962
840	981
811	1020
937	1047
1003	917
1034	866
973	953
932	1038
901	888
954	926
909	866
901	855
850	843
752	825
868	820
791	691
802	829
839	688
759	731
773	748
741	589
720	608
684	690
749	654
674	749
703	749
739	753
731	806
690	762
686	639
668	613
678	636
682	652
666	655
631	862
637	817
616	783
686	853
575	742
650	873
638	697
606	585
639	767
643	737
629	898
615	860
588	790
626	685
617	564
614	605
556	596
556	565
587	605
628	654
598	987
507	867
522	1048
514	788
577	790
528	824
504	820
507	727
596	1070
516	933
489	1060
460	935
489	877
470	926
522	812
521	814
513	770
507	616
502	681
557	635
451	714
473	647
490	850
445	852
483	828
449	665
485	681
476	812
475	910
494	984
452	848
498	836
434	813
535	781
554	622
533	797
531	835
528	764
486	737
458	844
497	923
530	797
556	707
486	718
558	750
524	719
496	820
472	741
471	684
535	675
529	710
595	859
539	896
568	652
488	667
562	662
563	835
636	844
551	905
587	908
516	825
549	792
450	710
498	846
533	833
515	707
446	734
505	698
487	733
463	732
473	853
441	639
416	678
553	963
514	906
526	1086
512	727
484	680
527	693
541	667
514	537
492	766
536	781
533	621
472	724
519	724
455	670
468	706
486	877
516	784
506	701
519	730
474	730
491	847
505	644
464	709
498	756
524	548
521	614
464	682
477	779
491	736
542	865
557	862
573	803
542	696
569	763
506	842
578	719
525	732
495	696
542	688
537	574
468	655
472	663
466	608
454	572
502	757
525	858
518	690
473	826
497	755
502	831
498	711
550	695
523	831
600	721
558	703
578	684
538	830
497	678
519	726
515	804
523	740
490	714
448	569
498	674
472	686
464	766
483	778
519	817
483	694
534	816
539	978
496	772
437	929
532	686
508	594
480	637
531	679
504	721
470	819
495	989
566	883
602	812
527	853
508	851
502	911
472	828
455	870
541	887
491	836
490	856
479	809
467	824
475	789
461	900
448	961
471	925
547	866
501	812
475	751
480	809
489	731
446	900
499	789
478	683
537	738
508	678
478	762
500	991
493	783
481	874
547	807
522	700
519	806
536	738
539	838
523	800
501	871
584	1003
566	970
553	844
634	881
656	714
649	898
626	981
621	889
684	850
585	787
580	684
582	746
623	698
649	634
689	696
656	814
579	873
551	828
546	800
560	823
537	895
598	785
618	838
574	907
653	720
605	761
616	761
572	860
685	839
664	778
620	698
556	640
606	835
532	706
498	594
571	690
473	656
510	563
562	695
591	652
524	753
521	516
544	607
503	625
497	650
554	697
518	731
497	653
487	724
474	686
487	789
484	706
500	720
502	768
514	851
522	710
562	677
595	930
541	961
524	835
478	846
467	831
556	947
537	819
523	857
538	816
570	975
572	803
568	940
576	1013
562	970
565	891
587	727
583	824
505	967
532	890
551	853
452	799
582	834
539	803
563	819
586	801
499	798
512	748
458	655
515	746
532	652
479	650
538	631
495	690
543	694
495	881
484	875
490	863
526	948
586	857
483	778
507	1051
509	964
445	727
490	965
525	889
548	947
562	844
528	750
517	644
479	735
496	873
511	774
531	793
517	661
530	763
492	783
481	804
529	942
605	833
593	803
642	863
818	758
831	805
716	672
866	849
828	811
652	824
571	1042
618	1017
727	854
685	668
658	704
570	851
546	769
500	676
560	658
513	778
495	949
475	843
450	860
590	738
506	659
527	573
557	734
484	631
503	641
539	699
522	699
519	758
533	619
584	615
591	618
569	754
578	867
567	805
569	905
610	1102
597	1124
640	1025
602	1098
643	983
591	855
550	871
588	675
618	759
607	712
630	860
567	899
572	981
586	849
555	728
471	822
513	831
574	901
515	909
509	1077
537	1024
526	958
544	1003
495	911
568	770
602	913
542	751
600	739
648	760
598	782
607	702
597	666
610	753
548	715
615	749
580	891
626	828
643	948
611	1059
592	1004
561	906
592	810
596	912
580	772
551	1007
576	1021
503	962
497	765
519	703
574	686
516	614
542	597
522	649
539	594
627	639
619	706
547	1012
621	868
652	698
612	937
564	853
543	882
527	888
509	701
567	640
502	764
543	681
572	791
531	801
557	951
574	868
567	672
572	631
555	772
526	952
619	938
614	952
586	910
594	733
590	877
569	812
543	744
545	703
552	927
543	851
575	813
534	754
511	671
508	572
503	601
507	924
515	823
495	732
547	760
522	748
532	685
540	747
483	893
472	650
448	687
474	740
476	778
500	763
497	848
520	841
537	871
560	982
582	932
592	834
521	872
586	738
555	772
625	787
601	584
632	600
641	510
625	586
588	675
605	642
504	609
578	684
615	832
658	715
541	424
524	503
527	654
438	564
456	572
445	720
450	848
465	569
499	573
569	764
502	810
545	765
533	628
554	603
550	576
541	737
548	741
492	768
562	740
506	633
558	499
542	658
555	683
502	565
517	498
528	499
545	528
539	691
505	684
480	542
476	519
505	643
496	683
510	598
618	536
567	582
540	602
553	637
577	581
563	542
486	567
503	656
524	604
490	674
448	753
508	586
492	674
491	820
557	655
533	826
599	704
589	715
554	764
556	599
505	731
529	731
588	706
547	602
501	686
615	657
608	651
562	720
555	757
602	717
577	838
537	924
576	785
580	662
564	771
603	870
550	919
596	842
602	732
627	723
602	677
625	813
649	652
582	541
604	526
600	701
618	725
603	560
587	689
585	595
595	629
611	608
578	672
600	767
601	693
658	643
646	820
620	781
801	786
703	705
713	624
650	597
719	552
676	608
691	619
747	615
628	582
628	720
638	736
684	744
609	918
616	679
557	866
639	749
677	729
671	721
704	870
766	886
775	891
760	914
783	822
864	790
794	845
824	884
845	930
923	851
820	775
784	842
767	848
788	854
756	900
703	985
691	883
753	849
799	904
718	952
831	952
784	815
841	665
886	851
886	711
895	679
987	738
909	898
914	726
892	775
911	854
963	728
914	755
907	798
927	893
928	858
1017	799
943	984
973	839
951	989
986	916
1149	1027
1079	999
1134	882
1082	745
1176	810
1155	738
1224	747
1111	751
1106	570
1116	674
1183	861
1161	853
1043	901
1116	869
1019	907
1057	729
1085	741
1087	761
1015	813
1107	807
1195	832
1132	696
1200	839
1177	844
1199	778
1224	746
1208	727
1198	805
1138	943
1193	871
1167	834
1142	815
1059	761
1081	776
1043	630
976	675
1116	611
1073	763
1061	946
1078	871
1116	718
1085	758
1030	724
1223	613
1120	649
1078	767
1154	819
1078	822
1058	717
1099	770
1060	709
973	728
964	661
960	625
1010	749
1016	732
941	773
1004	768
961	769
975	809
1009	823
974	691
1043	912
1075	1020
1076	1019
998	740
1069	708
992	855
984	728
952	761
877	911
853	713
876	878
835	865
807	786
831	711
848	811
808	783
794	757
788	1023
914	1111
898	1055
951	933
856	816
898	922
835	815
809	755
873	739
833	601
774	716
726	797
887	892
770	785
690	846
632	743
739	683
706	742
754	654
732	670
687	703
659	624
630	746
632	757
668	763
656	746
607	638
604	763
646	744
695	861
691	706
614	814
594	727
583	720
597	836
618	816
651	722
602	742
593	709
601	775
636	749
635	792
864	853
798	873
782	796
687	736
785	754
710	812
619	791
649	688
575	763
605	612
638	563
560	691
611	872
591	794
531	685
537	637
523	647
532	833
562	865
527	708
494	646
527	777
520	577
547	625
497	621
463	677
485	588
476	603
434	598
511	619
492	710
450	654
517	690
532	865
577	707
549	891
486	884
460	842
492	765
550	737
573	746
494	638
520	539
525	590
528	709
503	574
494	676
480	780
526	721
513	727
529	797
544	745
503	896
555	857
477	717
520	710
543	746
472	722
474	770
471	950
470	735
521	674
457	944
447	686
490	862
509	757
495	733
466	687
527	684
513	903
472	983
491	691
635	636
562	635
567	749
477	682
538	703
600	773
537	822
630	840
663	1026
683	836
773	671
934	771
831	621
819	671
799	766
817	634
733	757
586	638
561	655
612	728
554	733
604	863
698	749
617	905
585	937
504	1093
531	785
580	748
524	677
521	701
518	804
553	664
520	611
542	762
570	778
595	758
543	905
478	737
541	742
472	739
486	837
519	790
515	1000
477	972
478	992
511	1019
491	825
544	736
593	875
502	765
546	676
574	626
563	635
509	626
534	734
577	797
504	946
481	579
475	616
544	590
553	769
537	829
544	729
542	752
517	791
555	802
560	846
547	952
529	794
511	662
481	713
575	727
538	852
520	758
444	749
474	685
503	778
501	838
495	935
516	1010
503	1004
514	892
521	815
503	754
463	826
453	751
516	750
462	533
536	724
487	600
432	752
454	879
516	727
483	721
483	653
514	791
438	724
461	647
475	717
463	555
433	620
428	751
408	664
498	707
487	901
535	765
558	1132
496	995
481	840
490	804
493	843
460	836
531	673
526	711
507	778
589	806
465	839
596	650
512	755
496	638
521	609
517	792
514	812
492	767
521	703
581	605
484	620
522	661
572	799
539	869
593	733
618	755
607	820
646	954
606	949
591	751
642	774
610	701
672	719
651	704
691	800
575	767
586	653
546	675
543	713
613	652
623	776
591	815
563	822
603	777
654	698
614	809
592	768
572	753
620	675
557	823
589	698
676	670
695	813
700	837
722	810
680	877
768	825
802	821
891	758
842	734
879	879
1306	950
1600	1165
1770	1249
1557	1099
1583	1009
1898	1041
2150	1300
2356	1251
2535	1354
2386	1404
2723	1361
3363	1431
3516	1664
3301	1533
3115	1377
2720	1310
2787	1282
2642	1145
2397	1164
2449	1114
2475	1008
2295	957
1903	922
2074	879
2440	1008
1682	923
1151	851
672	669
590	624
563	678
553	626
551	578
546	624
507	640
510	633
545	685
562	695
556	690
562	557
612	730
605	852
520	765
469	837
554	874
531	852
521	797
494	798
473	750
497	663
469	713
508	883
534	884
503	661
438	683
501	875
497	983
424	698
503	791
440	852
471	916
493	706
489	789
463	798
554	916
484	881
501	826
560	703
523	941
462	851
504	872
448	751
484	841
471	803
462	795
425	796
509	599
513	799
498	817
527	818
518	683
479	777
486	707
490	559
450	547
446	809
436	913
459	866
436	780
445	785
459	717
498	610
463	571
408	561
420	726
423	701
416	820
484	740
457	636
544	715
494	753
509	734
487	760
440	902
483	1025
494	904
477	976
527	791
508	711
489	904
501	694
531	691
595	753
527	674
555	914
528	826
492	769
552	823
477	818
526	858
494	827
550	714
565	623
566	883
521	975
544	739
447	667
535	681
468	658
543	778
502	752
481	822
585	756
516	605
530	510
523	530
485	490
505	583
471	549
498	542
453	519
457	667
493	660
525	750
496	722
501	764
460	716
484	618
479	616
493	713
442	810
496	713
523	636
485	577
524	711
550	559
475	628
524	692
528	678
562	686
548	683
542	697
538	773
555	849
536	685
553	689
517	691
482	878
401	874
480	885
524	729
493	714
541	688
522	700
546	770
456	814
536	854
504	898
502	948
555	915
490	1055
527	845
520	788
526	738
530	676
528	743
485	697
500	694
433	679
474	587
517	547
536	633
456	629
513	767
500	768
442	703
458	765
542	737
522	648
480	800
541	670
534	742
524	826
547	925
590	783
581	607
520	666
562	773
539	673
540	639
567	595
502	666
488	573
465	548
510	489
526	646
552	764
521	735
593	554
458	518
491	556
548	660
555	592
557	851
576	879
542	839
577	766
488	952
456	826
441	735
525	726
479	884
466	844
426	825
449	962
471	733
478	739
456	747
486	803
496	767
424	818
451	756
442	677
462	832
477	658
525	642
520	684
524	680
553	611
526	635
431	662
497	631
511	646
522	634
484	710
516	574
498	562
482	531
488	565
485	622
562	625
494	671
475	688
447	783
478	715
502	696
517	576
531	588
589	794
594	633
489	561
493	600
491	723
482	683
506	748
482	738
481	648
467	887
485	730
479	698
517	719
479	653
471	683
475	666
550	757
597	742
547	814
519	864
503	844
477	853
543	736
538	659
463	668
456	681
507	619
497	668
551	766
539	711
521	664
492	699
558	748
561	719
503	815
582	757
520	756
491	709
526	785
498	550
488	696
515	680
596	594
497	710
515	854
499	639
476	737
551	606
528	670
544	765
514	671
567	673
569	705
501	615
475	828
479	730
513	724
523	750
508	813
513	726
523	808
518	868
562	802
505	740
558	643
596	674
542	789
543	669
613	770
586	735
531	901
562	834
531	813
522	714
494	799
508	855
496	733
453	711
538	825
497	863
520	775
510	707
548	1038
469	1042
471	866
473	1038
470	996
448	825
440	751
448	829
447	887
459	1004
505	952
462	796
479	693
513	803
448	820
478	778
527	746
503	579
505	550
510	563
508	567
563	580
526	518
456	588
465	683
501	703
477	763
483	601
573	744
559	575
538	806
494	690
491	760
488	768
479	966
526	842
515	623
504	550
540	501
490	669
524	586
515	727
451	628
484	572
482	653
500	666
513	676
455	569
477	611
519	665
501	737
471	636
484	797
450	726
465	681
506	641
467	584
544	667
519	701
393	769
410	627
438	609
469	652
409	798
527	752
498	523
480	712
462	658
488	621
622	739
483	657
482	807
493	583
520	560
466	576
465	712
506	639
476	754
455	599
529	770
496	694
509	672
489	592
516	635
474	537
465	575
421	536
494	813
437	740
505	738
484	748
517	814
532	803
481	831
484	612
541	652
484	668
556	637
620	666
515	682
525	698
526	777
520	775
494	677
482	852
505	875
548	850
510	836
517	709
574	748
501	814
514	743
494	796
502	731
526	691
537	798
566	616
585	683
598	726
560	669
577	661
552	692
553	713
579	626
561	687
564	758
511	695
465	784
522	844
526	799
502	902
516	754
510	858
455	994
502	912
558	742
499	774
498	632
478	572
474	573
524	628
492	536
487	626
478	690
444	665
521	650
519	611
476	704
463	884
538	782
492	778
579	703
454	706
551	713
498	552
497	599
449	650
441	674
458	933
444	774
465	673
454	600
474	604
442	865
479	835
560	798
486	801
483	704
517	700
495	872
509	733
500	649
514	950
526	862
533	797
495	764
487	837
438	695
495	730
502	743
467	596
481	648
475	774
475	820
454	573
457	610
542	588
509	652
494	546
579	573
510	660
539	764
470	653
531	822
540	734
533	696
581	779
517	658
529	802
532	756
515	770
521	627
541	575
569	626
549	723
568	724
454	775
559	565
489	639
537	652
487	850
522	728
473	829
489	876
495	756
547	688
536	824
463	920
550	826
508	976
481	971
496	888
520	720
570	766
552	707
570	950
705	766
759	863
637	1026
618	878
568	695
695	776
749	787
745	724
697	558
752	631
789	656
981	637
962	640
842	765
933	736
946	740
967	906
875	989
975	758
946	721
920	739
980	639
949	705
1043	620
1086	673
1117	696
1129	675
1073	744
1076	780
1039	835
1053	739
939	802
828	660
808	605
800	815
795	796
728	699
743	713
613	851
682	906
736	742
810	715
722	803
652	833
677	795
633	582
596	835
610	788
561	908
554	791
523	924
497	829
585	650
516	566
518	672
474	634
519	617
505	645
520	686
504	806
454	730
512	808
563	847
556	846
495	850
558	669
552	591
585	692
560	779
534	618
582	564
550	515
518	672
577	604
577	655
557	795
530	662
492	746
497	835
514	706
531	576
559	720
486	649
452	539
464	764
481	764
513	744
506	652
588	652
536	699
520	773
518	623
540	655
527	712
556	555
548	720
500	803
523	791
562	1003
492	771
488	711
529	683
499	627
526	710
524	726
518	760
519	823
536	806
526	839
520	807
502	899
501	718
511	983
501	859
552	704
564	691
539	674
592	688
513	730
570	795
599	878
581	890
473	906
544	837
525	874
558	768
606	793
620	726
590	749
591	581
601	623
565	764
580	721
603	713
582	608
536	633
547	570
628	690
645	698
571	737
593	787
517	632
588	693
540	764
621	741
574	746
597	633
569	632
616	691
617	730
540	765
546	730
574	655
647	757
566	805
607	754
562	766
557	704
593	897
556	746
534	622
499	633
556	692
584	856
553	776
549	716
508	604
526	564
532	789
578	902
578	570
585	504
592	643
566	623
592	661
525	668
547	774
534	577
546	602
571	634
538	658
555	743
540	698
560	904
504	902
533	889
581	823
507	751
529	728
570	719
570	751
506	911
460	1064
490	848
551	684
508	725
486	802
540	700
492	678
520	806
468	798
555	771
518	689
476	727
469	703
498	684
554	719
538	771
575	846
499	883
481	929
523	651
472	809
502	785
533	822
468	829
500	802
498	902
539	908
529	741
468	696
552	942
511	884
473	649
517	834
470	825
506	680
501	601
492	616
518	619
499	742
502	926
493	718
504	827
520	662
486	733
540	664
498	715
485	814
492	798
502	686
529	662
449	804
474	716
450	543
512	766
523	657
452	676
484	830
530	820
479	800
476	734
527	789
473	687
490	752
418	755
513	767
537	848
480	828
467	739
495	712
484	757
510	580
457	867
450	802
471	709
582	1012
532	966
500	899
468	1002
465	942
558	855
581	827
568	812
536	835
487	841
540	801
563	847
525	804
533	772
461	764
492	759
508	781
477	825
491	789
519	677
515	718
493	704
436	780
446	723
438	646
498	769
508	773
450	817
454	936
480	736
521	608
516	548
465	587
532	655
495	681
499	828
542	908
489	604
480	583
508	690
470	713
484	780
490	782
492	751
488	695
558	708
498	595
508	519
477	645
528	749
590	914
496	814
539	827
481	807
498	695
529	598
555	671
476	577
530	563
519	664
481	652
502	685
479	526
520	626
508	604
460	635
488	793
454	813
512	818
447	827
431	667
424	850
454	773
446	736
509	771
433	769
458	716
516	771
487	732
557	659
522	702
426	552
529	706
511	734
513	739
496	833
526	780
503	821
505	841
487	770
481	776
513	774
491	775
533	719
493	826
448	796
507	748
529	803
528	826
452	875
534	1073
510	872
500	828
477	870
473	788
486	844
490	693
439	772
428	714
482	717
505	823
543	715
575	753
540	619
580	627
588	584
580	775
713	947
626	830
613	806
616	836
651	920
701	798
699	891
748	864
715	904
935	1008
1188	914
1440	1055
1161	989
1117	999
1688	1204
2222	1633
2138	1634
1879	1537
2004	1533
2683	1742
3497	1854
3381	1711
3209	1923
3241	2161
3235	2006
3269	1846
3019	1329
2961	1206
2596	1260
2526	1383
2338	1083
1710	892
1676	941
1993	1085
1945	1014
1410	900
1283	816
1066	800
1272	896
1212	779
953	671
736	888
683	918
773	863
717	811
608	701
635	817
665	630
623	586
672	792
728	688
800	667
842	661
751	655
887	614
806	622
836	711
921	879
771	649
760	841
668	785
700	790
794	898
808	736
743	835
844	740
830	628
791	755
754	724
700	713
809	789
792	693
852	830
811	814
