2597	733
2706	839
2739	868
2834	886
2974	807
2837	815
2713	725
2787	787
2807	732
3005	896
2999	892
2747	880
2409	730
2351	625
2389	856
2479	755
2347	684
2122	673
1993	670
1864	606
1787	585
1712	675
1486	684
1356	570
1393	740
1411	662
1266	621
1039	630
861	609
831	748
843	833
866	793
830	819
820	659
883	703
793	705
889	671
838	750
786	661
839	603
893	683
763	567
802	568
718	767
793	703
785	879
849	947
872	902
1086	1114
1508	1248
1954	1257
1989	1289
2200	1273
2687	1243
3207	1386
3763	1719
3854	1786
3819	1565
4032	1377
4312	1447
4627	1508
4288	1570
4277	1923
3901	1772
3932	1577
4344	1674
4867	1847
5104	1776
6122	2063
6620	2007
7031	1729
7006	1732
7050	1619
6782	1524
6685	1477
6717	1619
6878	1445
6706	1459
6710	1572
6622	1530
6464	1759
6335	1504
6725	1619
6909	1976
6915	1828
6291	1749
5718	1444
5939	1569
5863	1448
5310	1334
4504	1123
3906	1021
3147	955
3159	987
3205	767
3536	1002
3268	843
3204	986
3237	980
2880	789
2462	732
1950	759
1753	726
1630	703
1744	839
1361	876
1034	729
1107	735
1046	716
905	751
748	652
618	741
555	651
625	637
606	624
580	578
609	562
582	724
582	714
611	794
545	734
557	741
602	643
506	667
586	680
561	724
513	678
554	642
512	772
540	912
489	787
462	594
502	631
544	849
538	755
576	732
622	1032
553	1053
569	906
594	876
506	801
556	822
590	762
525	807
570	760
540	627
527	622
611	806
520	657
568	738
534	749
494	660
547	742
499	762
517	925
471	949
570	972
472	1005
490	835
523	826
516	840
510	967
480	773
492	652
490	800
463	736
544	885
564	846
537	958
475	861
471	807
483	891
450	784
514	851
498	832
491	932
505	815
476	778
488	689
430	646
507	665
505	773
489	735
445	707
538	755
458	862
492	705
467	592
456	632
453	649
486	733
489	828
536	753
471	682
490	769
516	629
465	844
535	724
489	652
446	576
512	532
511	648
493	587
490	703
457	696
500	752
558	795
512	739
520	589
528	566
546	753
555	668
582	722
546	627
574	725
496	743
556	921
550	795
524	671
514	701
556	687
578	853
577	816
587	927
575	855
624	779
611	784
503	561
549	754
579	660
627	568
578	587
603	736
565	694
507	621
544	571
495	703
457	846
482	791
462	897
476	833
487	891
489	857
543	887
519	631
564	628
521	748
493	864
533	765
516	686
484	588
516	674
574	708
543	632
606	725
548	653
604	691
589	735
523	771
638	783
585	799
548	844
561	784
576	712
492	859
538	891
563	904
668	836
645	976
664	1006
695	966
762	980
734	958
801	967
908	868
859	706
1023	679
1079	648
1006	785
990	804
945	921
866	961
811	951
710	798
714	902
584	704
636	717
587	832
601	893
562	624
661	906
676	901
747	830
801	730
764	743
685	668
700	606
636	691
672	636
595	707
551	831
543	941
572	760
626	815
581	905
637	910
621	1006
663	929
651	816
612	898
467	767
546	837
650	952
636	915
595	806
545	805
518	757
510	827
542	865
566	762
561	755
481	719
498	618
532	774
546	717
584	693
496	859
551	903
542	929
451	891
441	731
504	822
534	769
507	728
538	823
497	708
475	712
504	794
586	762
525	604
546	575
513	717
538	751
540	829
527	823
521	777
505	735
480	747
494	724
497	678
439	781
515	808
499	668
515	662
546	712
519	689
514	810
494	825
543	860
505	1020
509	1158
497	906
511	711
491	817
488	781
522	796
507	647
503	676
490	639
474	631
545	822
481	674
452	808
434	813
497	578
434	678
434	802
438	716
462	880
515	885
515	1111
491	946
494	745
492	738
475	684
479	737
455	711
493	622
484	657
434	808
470	823
398	665
424	747
455	625
462	709
437	690
499	774
559	682
518	597
436	655
454	751
474	669
462	573
527	692
437	747
451	744
465	801
501	656
387	804
446	813
434	833
409	708
457	742
500	853
519	665
469	583
562	756
528	876
528	864
567	827
546	879
515	739
498	659
491	738
521	684
496	834
457	712
541	683
601	738
564	561
480	693
521	690
519	862
525	719
533	792
521	718
509	860
487	768
473	860
499	718
532	782
480	765
592	752
569	665
568	812
561	961
651	857
607	734
521	552
573	670
584	734
460	655
448	639
548	583
414	579
456	776
471	683
485	605
517	818
550	825
488	843
428	898
460	971
499	737
483	802
544	838
574	962
517	786
523	815
459	806
487	775
512	633
451	690
488	560
464	717
481	622
504	705
478	871
463	689
524	747
482	703
493	587
490	818
492	901
511	706
505	647
454	613
415	787
447	611
470	566
488	691
466	928
544	868
520	714
464	777
567	734
503	785
507	643
485	571
540	700
504	677
487	573
504	672
514	626
445	783
483	725
551	743
518	842
544	666
501	632
498	703
588	754
636	706
529	613
500	803
491	747
523	726
530	746
504	636
551	615
514	634
559	598
541	567
461	686
490	721
522	601
469	621
518	564
519	664
475	761
519	791
446	950
518	983
484	1073
474	722
499	675
518	680
459	800
521	826
481	689
501	713
484	723
527	757
452	651
486	739
468	900
458	1017
532	902
516	798
539	763
544	666
437	737
496	763
524	744
472	747
494	751
438	695
436	794
462	791
517	894
551	890
482	747
470	589
537	663
473	521
513	654
513	667
475	801
517	673
526	670
488	679
558	649
523	749
542	662
510	650
578	693
503	673
512	893
461	818
536	782
544	688
533	670
548	650
508	627
538	748
531	692
526	733
565	686
599	785
538	683
531	764
562	805
558	850
563	851
582	836
618	824
553	883
522	740
493	806
592	743
526	723
550	768
530	756
511	779
530	758
578	962
574	848
568	772
559	913
505	694
573	731
521	618
457	757
555	716
516	686
560	763
560	770
622	783
530	821
592	769
565	725
584	752
663	797
580	709
618	785
591	677
563	595
595	802
531	732
592	737
539	656
612	795
575	794
619	698
558	699
593	789
579	706
587	609
552	600
532	638
536	627
574	783
511	724
581	696
522	534
498	654
523	707
547	859
496	832
533	863
549	626
520	755
518	666
495	722
522	582
542	701
502	691
553	766
506	716
529	730
525	699
551	729
614	708
613	833
518	800
601	834
632	881
636	838
575	787
657	837
679	848
631	720
637	621
623	725
628	596
656	650
620	777
670	734
700	718
690	699
719	702
726	674
807	737
724	641
748	667
798	803
664	794
691	741
682	631
706	574
670	510
667	606
623	680
696	733
694	682
654	728
707	740
696	925
721	901
743	712
787	674
794	790
894	904
856	704
857	619
795	599
887	716
855	671
952	612
831	824
859	888
945	778
1051	951
1077	952
978	790
945	633
1056	602
1078	834
1010	910
1057	813
1324	784
1301	571
1191	754
1053	637
1074	766
1080	766
1091	820
958	692
787	682
856	636
850	713
701	736
737	712
667	599
648	684
610	615
653	673
597	745
628	740
615	815
632	868
631	944
577	644
553	598
535	671
549	745
486	612
492	637
534	605
559	784
519	728
486	716
569	818
534	866
483	788
535	895
516	776
538	775
507	635
514	734
537	761
482	782
598	875
437	717
462	783
540	609
498	651
512	563
562	682
583	633
488	734
576	845
506	910
516	716
510	640
545	824
520	671
537	674
563	571
560	764
591	854
542	838
520	866
537	792
561	811
512	776
487	822
538	690
486	667
528	730
526	793
521	757
507	708
547	682
606	756
554	598
625	721
576	719
597	741
467	624
484	617
487	798
545	814
528	904
498	936
505	835
544	969
542	1034
583	1029
564	942
514	909
520	787
469	721
501	641
563	559
571	596
555	621
526	453
490	534
543	577
508	597
526	627
555	584
488	609
509	550
526	632
527	584
576	586
509	561
574	597
584	734
555	782
521	791
513	698
479	618
489	570
549	562
550	622
531	550
443	695
518	646
539	703
470	559
487	753
461	617
577	752
485	831
463	736
411	610
458	627
451	664
542	783
503	532
437	710
432	744
399	772
480	881
449	804
439	702
498	636
485	805
440	880
447	779
492	710
501	887
543	848
528	777
478	806
486	916
486	814
469	751
498	770
469	656
479	668
453	833
502	819
501	845
502	948
488	860
440	829
449	621
493	708
494	747
474	875
478	922
500	1099
455	822
516	775
465	731
437	800
516	813
447	857
440	924
455	781
434	794
433	803
496	794
473	741
465	723
489	738
458	727
556	668
490	682
557	755
510	731
433	698
463	682
473	649
451	650
447	793
457	797
481	752
453	764
415	844
447	1008
431	895
425	772
464	703
439	761
509	712
461	878
480	710
452	776
468	834
456	848
508	719
469	883
457	740
447	707
481	793
423	826
450	697
513	671
435	703
424	860
404	826
470	831
458	759
421	787
467	707
487	709
410	723
461	878
436	647
459	704
438	759
448	735
454	787
462	716
461	895
418	780
443	778
430	944
413	830
501	725
572	733
491	776
448	1074
444	929
416	855
475	655
485	677
495	866
486	803
474	756
488	788
453	768
433	797
446	831
438	845
460	843
469	1041
447	1052
472	949
499	1006
523	1248
499	1216
504	1225
474	1195
473	1081
491	1121
504	896
507	621
487	799
439	689
456	738
439	751
434	653
385	784
471	1013
411	1151
451	886
496	934
480	749
506	792
469	749
409	808
452	883
459	790
494	759
420	777
394	836
485	698
468	833
489	744
416	817
419	914
404	912
475	823
489	916
542	1005
526	819
507	753
486	864
528	745
463	709
499	697
442	701
512	657
488	667
502	653
462	672
443	708
491	667
465	717
472	930
470	731
456	719
423	683
492	782
476	727
454	738
477	638
442	658
448	607
476	675
483	660
424	606
475	750
424	741
444	600
483	743
451	573
514	768
484	781
473	921
442	753
537	722
522	628
470	638
416	702
490	677
468	634
448	622
481	658
474	771
478	675
432	598
418	632
420	780
479	887
487	700
494	647
477	1012
520	708
492	689
469	744
443	692
442	775
488	684
460	677
436	665
430	694
459	604
454	646
469	692
441	652
406	707
458	868
478	765
523	698
464	778
471	651
474	690
476	817
557	847
514	988
525	917
544	1035
537	852
575	719
506	695
491	780
495	863
461	967
501	951
555	881
505	972
588	865
537	690
479	677
532	654
532	621
553	846
467	621
523	623
497	723
514	973
494	654
572	707
569	791
553	767
497	685
533	913
521	895
514	832
531	930
517	919
512	862
564	739
454	589
527	703
478	735
479	739
476	768
535	745
505	751
459	692
451	746
475	711
450	780
520	706
478	873
536	715
592	548
645	682
552	814
606	714
560	714
552	686
540	755
551	644
461	689
523	605
525	623
515	755
573	910
628	883
623	835
641	859
686	978
691	850
631	713
692	789
741	672
702	741
578	637
519	654
524	769
507	776
550	786
579	675
588	618
583	596
570	657
498	633
573	509
556	560
486	606
515	579
541	587
553	593
547	631
564	677
458	551
451	532
486	688
488	680
487	599
486	593
503	725
492	892
467	752
455	624
527	653
506	745
529	746
506	680
496	594
537	704
528	872
505	737
467	795
445	701
465	627
520	706
463	792
522	673
507	707
470	664
593	669
470	723
452	799
527	852
492	834
441	734
494	831
485	906
488	700
507	657
494	707
522	703
505	798
557	677
536	606
566	756
539	877
533	836
530	776
542	729
535	648
607	546
548	500
550	658
583	720
554	666
600	706
522	657
542	679
611	709
632	860
630	774
557	610
690	563
709	539
819	665
766	748
906	746
1023	706
1030	710
1162	583
1185	723
1192	692
1268	713
1246	628
1358	566
1449	847
1624	607
1689	791
1519	773
1761	834
1984	882
2210	837
2201	849
2091	854
2119	896
2161	814
2145	905
2272	830
2206	752
2009	671
1696	746
1446	718
1380	827
1278	771
1159	933
1152	836
1156	809
1147	713
1162	737
906	746
710	661
603	694
535	725
637	708
836	660
988	626
1026	666
1084	719
866	612
697	706
657	630
594	658
569	714
545	673
654	714
538	870
532	718
530	811
514	700
519	862
597	828
546	731
576	677
544	684
549	710
578	617
466	523
471	638
464	528
448	632
474	743
432	819
444	712
456	691
451	796
541	843
483	752
452	741
532	777
497	789
419	743
494	897
498	942
528	822
510	665
495	869
476	924
490	957
480	905
479	680
549	704
497	638
448	767
451	755
476	639
476	772
445	707
457	790
456	856
475	708
425	865
480	831
454	1020
463	909
483	1055
483	874
471	941
460	767
480	867
411	911
432	912
491	752
459	933
485	758
463	810
508	924
531	823
446	864
472	757
514	695
449	637
529	658
524	667
541	719
494	705
488	637
487	756
490	697
478	823
476	883
455	826
415	825
464	738
486	899
482	907
511	836
454	757
484	728
538	712
537	833
494	857
443	686
562	722
461	685
535	621
545	792
509	764
523	810
474	755
462	758
529	698
509	728
525	640
529	658
527	618
511	734
455	725
490	791
487	920
493	1014
471	899
475	784
506	754
492	761
485	739
537	725
502	670
582	548
540	632
516	712
549	693
479	802
488	902
516	808
491	747
488	811
490	876
487	762
547	654
486	792
577	719
499	749
551	823
513	912
486	780
438	779
485	749
520	790
456	612
402	758
460	762
479	891
493	899
555	864
564	704
548	598
548	752
582	699
514	626
517	839
566	811
556	647
621	646
580	660
529	727
598	798
481	620
541	701
496	772
538	796
532	688
573	618
570	786
612	857
552	653
557	756
574	687
551	766
565	863
604	807
569	884
590	722
616	620
587	658
523	715
513	751
559	732
556	827
573	592
559	729
522	637
524	713
510	679
564	877
500	941
511	780
488	776
499	713
502	796
525	805
534	813
479	764
526	629
491	642
502	752
490	649
560	677
570	630
486	561
566	700
579	666
548	774
487	723
484	753
562	766
488	704
510	741
498	855
465	588
465	520
470	884
488	937
510	755
512	804
439	809
509	709
494	741
485	782
532	979
473	801
515	844
467	719
457	734
457	889
459	787
498	723
452	626
465	667
469	678
506	748
478	725
445	729
482	636
451	629
497	777
477	865
448	846
493	842
533	881
526	824
479	698
527	808
513	686
513	638
517	669
512	836
537	678
537	620
517	909
469	681
517	728
456	620
452	731
476	665
468	761
524	777
496	790
489	752
484	809
513	804
557	733
531	707
552	821
628	802
572	718
591	703
603	740
541	805
497	730
490	642
527	647
510	749
582	700
551	633
456	657
475	772
499	691
408	622
468	704
431	789
501	810
468	781
485	872
499	737
451	679
466	650
512	675
506	709
490	657
500	633
494	825
542	592
570	671
536	720
514	750
500	717
484	722
540	832
515	653
461	814
449	828
496	735
498	909
475	787
389	821
445	766
432	580
429	660
483	722
449	652
465	793
451	763
494	703
475	671
448	718
403	666
436	713
382	666
478	645
444	709
468	732
500	756
485	737
454	724
475	788
489	840
502	724
516	880
495	870
476	791
468	662
535	731
521	931
513	902
606	948
515	827
587	864
668	770
611	721
565	735
538	944
575	924
537	858
564	783
503	692
519	803
564	853
568	798
512	829
498	753
556	631
502	680
511	716
554	874
489	911
490	945
578	750
511	594
556	769
589	789
567	702
560	687
575	841
549	766
488	698
551	686
567	655
502	755
525	674
615	719
638	630
792	698
891	633
994	821
930	880
872	847
819	748
916	836
903	748
826	722
779	698
657	761
752	846
688	726
774	751
748	817
869	790
1228	941
1532	895
1741	1018
1899	809
2155	711
2329	544
2579	618
2830	575
2755	649
2719	724
3086	647
3440	776
3653	816
3803	747
3698	790
3919	875
4020	980
4277	1049
4215	969
4062	930
4225	1025
4411	717
4295	752
3953	937
3919	1040
3622	1063
3476	758
3545	844
3407	812
3524	903
3938	869
3970	807
4386	802
4578	888
4884	945
4697	892
4672	1003
4357	906
4450	903
4352	839
4517	964
4564	1042
4653	957
4448	950
4022	868
3618	1045
3526	930
3438	861
3496	888
3455	897
3476	836
3734	868
3691	838
3730	1015
3691	994
3531	954
3269	925
3088	834
2773	879
2332	1026
2270	985
2357	869
2224	811
2183	1047
2049	990
1874	914
1798	882
1686	818
1554	646
1368	745
1167	721
1200	725
1239	816
1138	742
986	864
877	889
813	727
844	520
791	698
739	807
729	731
693	863
651	822
638	866
579	764
546	860
540	769
570	904
521	901
522	899
476	922
550	1051
563	895
476	766
524	839
504	760
526	723
569	848
537	910
534	988
527	818
478	881
481	892
470	880
482	822
506	957
488	720
514	802
454	874
492	690
572	762
449	871
528	673
459	629
500	855
522	854
483	725
529	590
467	630
475	697
452	702
511	766
476	949
455	930
459	884
421	757
459	797
456	797
513	1007
576	850
533	933
527	801
482	708
498	785
478	858
541	813
561	739
484	603
450	566
531	691
514	711
454	631
519	643
568	557
581	693
541	708
506	712
463	774
542	672
543	636
574	682
581	670
527	584
584	624
661	808
628	803
607	733
578	694
581	751
578	555
567	555
604	509
562	582
652	739
579	693
610	664
653	746
579	781
635	838
557	863
604	832
576	930
552	733
576	851
599	911
535	844
594	713
562	751
602	666
564	501
541	653
598	804
567	874
608	768
558	594
511	747
487	643
464	589
516	615
467	709
513	593
476	793
437	798
452	732
472	598
518	669
505	724
515	740
492	909
571	690
563	778
606	804
595	688
571	645
562	652
533	613
565	650
549	619
505	647
523	776
589	861
573	803
581	697
538	765
587	918
624	803
589	811
549	811
536	863
571	787
603	853
680	667
638	806
568	710
639	806
662	865
772	848
788	835
818	827
980	908
1107	908
1320	780
1397	700
1406	787
1406	762
1437	844
1439	826
1460	854
1565	638
1516	644
1421	672
1314	684
1405	616
1353	725
1254	676
1417	723
1610	627
2014	737
2111	849
2006	785
2047	864
1938	896
1779	854
1666	846
1558	779
1641	825
1774	876
1800	804
1903	812
2012	688
2333	660
2404	613
2459	618
2449	676
2394	674
2519	870
2527	1060
2405	883
2292	859
2248	917
2247	845
2100	851
1832	879
1788	946
1677	1026
1878	843
1925	960
1890	905
1797	952
1672	931
1652	900
1600	825
1429	828
1341	731
1282	830
1342	998
1331	1076
1316	1206
1170	1160
1072	1125
1134	1183
973	1061
929	761
896	706
807	913
758	793
774	839
706	627
635	748
627	760
588	753
642	781
633	898
620	631
548	605
505	803
533	804
521	754
539	671
570	771
580	842
493	800
559	837
484	730
496	655
548	809
530	943
578	702
568	785
536	968
525	701
482	926
511	913
485	778
491	928
463	839
565	709
532	889
520	883
541	755
451	705
472	813
464	694
463	747
457	782
518	1019
463	878
496	966
466	773
425	793
495	770
467	761
514	721
522	815
497	740
523	762
470	749
413	668
428	729
445	873
462	839
446	835
545	820
582	938
529	834
481	822
515	926
479	830
508	756
521	695
496	771
511	578
527	615
496	702
500	702
498	637
516	716
598	830
543	904
516	926
566	937
564	816
497	836
519	803
600	792
535	838
579	663
602	795
586	801
586	778
505	898
535	877
445	832
524	811
504	855
502	713
526	643
545	648
464	691
495	885
521	926
478	728
519	719
514	840
513	822
515	938
542	986
544	809
525	744
522	738
484	861
545	861
606	823
573	815
517	631
538	577
559	643
562	571
545	759
500	801
531	701
512	686
506	682
536	756
570	800
542	824
544	892
549	702
572	767
511	663
522	662
505	478
517	640
519	758
476	749
459	747
490	751
515	727
512	646
592	763
568	897
630	811
649	752
688	935
659	1018
756	805
644	576
682	777
696	781
666	675
681	642
763	778
694	949
686	880
711	902
681	865
695	760
630	758
672	617
646	578
613	554
626	632
615	642
580	610
566	818
494	800
592	725
584	768
579	685
549	636
512	701
463	663
461	694
464	928
460	803
492	648
492	698
486	710
485	800
433	684
524	879
491	857
504	957
484	892
482	855
486	727
502	685
540	730
517	728
538	886
501	634
492	833
527	897
531	740
541	858
519	841
508	738
574	747
583	857
566	894
620	791
609	848
687	911
732	898
685	945
797	1209
857	1021
787	963
826	741
902	905
795	908
888	765
1026	751
1065	856
1080	728
1168	695
1141	821
1124	911
1209	820
1292	788
1249	791
1217	737
1279	764
1270	713
1250	771
1164	878
1124	849
1125	692
1179	669
1260	685
1215	646
1272	813
1321	830
1498	806
1750	716
1674	814
1867	832
1977	882
2132	736
2259	884
2392	871
2271	851
2306	759
2213	744
2295	843
2159	808
2150	689
2073	672
1948	704
1896	607
1895	671
1844	594
1860	697
1893	702
2030	819
2240	982
2431	842
2532	849
2904	915
2971	888
3101	756
3134	758
3046	825
2847	730
2614	870
2438	918
2372	822
2174	875
2119	1095
2266	924
2024	1058
1873	1024
2089	817
1906	782
1886	887
1762	691
1736	933
1931	804
2050	700
1866	785
1884	833
1795	758
1720	866
1664	835
1676	979
1677	1223
1590	851
1599	786
1697	835
1570	788
1287	900
1234	843
1268	683
1209	616
1177	817
1228	672
1167	628
1135	509
1217	639
1263	765
1175	632
1261	722
1166	861
1276	823
1236	856
1195	647
1204	598
1102	831
1083	790
1063	896
1102	817
1170	709
1059	703
1073	890
1102	724
1130	736
1019	721
952	631
1023	781
983	704
924	806
850	792
952	695
886	802
934	851
928	830
844	702
758	686
684	711
588	883
653	767
585	807
611	822
703	815
627	792
621	798
611	819
648	703
697	747
640	737
722	823
636	808
617	660
597	777
642	846
606	814
673	727
697	720
630	705
570	793
597	697
608	810
595	898
576	900
560	868
623	716
571	896
572	794
584	760
555	654
612	629
550	695
672	744
584	846
561	883
610	815
646	827
667	738
602	655
650	722
714	663
653	586
597	590
653	716
608	600
601	606
599	626
575	705
580	790
610	661
651	546
649	610
641	794
599	772
614	695
690	854
690	652
679	787
653	760
646	762
619	722
625	678
635	694
622	708
598	894
549	1092
545	1046
534	1019
498	779
560	795
560	871
552	895
566	897
540	692
576	972
573	998
582	972
609	890
557	711
506	591
600	743
624	766
564	673
537	874
593	893
578	804
515	977
559	961
567	930
564	773
607	950
562	926
591	958
612	813
629	711
588	824
575	804
637	777
593	674
641	875
618	719
636	739
605	718
580	733
652	709
567	884
648	818
612	717
675	726
596	772
554	648
635	677
650	673
673	863
630	723
670	638
642	724
568	612
704	674
576	726
600	645
581	657
622	718
630	612
658	606
610	596
667	776
667	979
651	753
655	889
622	697
639	807
640	807
627	683
657	773
610	723
669	548
661	662
617	930
674	738
690	690
694	800
691	721
679	760
687	737
651	800
653	900
719	634
674	688
686	775
697	751
740	723
762	934
739	882
725	909
747	813
719	794
694	784
677	844
686	858
838	901
787	694
813	753
735	591
804	674
803	735
769	792
739	797
801	712
744	571
763	567
789	726
762	703
741	778
806	846
850	698
754	579
777	660
794	666
754	612
819	610
784	653
814	618
828	629
823	624
954	631
998	602
983	791
973	875
1072	812
1069	785
1015	859
991	763
1008	824
1029	753
1076	805
1011	873
931	660
953	834
995	797
1005	814
1019	715
1017	792
1090	837
1112	798
1031	662
1211	699
1127	787
1265	656
1214	738
1235	763
1414	821
1396	845
1388	874
1338	727
1279	771
1208	799
1187	771
1190	664
1141	567
1249	606
1249	641
1236	760
1329	788
1391	848
1434	811
1470	798
1449	667
1474	707
1473	938
1569	784
1643	878
1602	865
1503	698
1477	806
1561	647
1360	812
1436	892
1420	860
1435	867
1467	999
1462	889
1463	826
1498	766
1419	823
1550	624
1565	685
1535	734
1625	852
1567	654
1738	631
1755	607
1640	600
1684	670
1692	637
1622	557
1546	679
1616	595
1617	735
1590	909
1668	826
1586	806
1660	750
1604	774
1695	717
1754	880
1790	852
1888	922
1854	749
1934	745
1961	765
1895	737
1896	702
1903	861
1828	756
1791	774
1729	793
1703	807
1751	928
1671	810
1722	688
1826	851
1768	757
1891	659
1901	753
1964	757
2053	668
1969	695
2114	710
1971	716
2001	697
2148	779
2111	828
1944	674
2017	686
2035	700
1876	714
2010	721
1886	656
1814	672
1880	739
1886	702
1876	883
1944	926
2068	826
2116	838
2221	769
2221	702
2072	867
2142	836
2281	827
2210	773
2279	848
2151	821
2100	780
2055	773
2008	745
2062	760
1873	733
2020	959
2064	846
2006	867
1964	743
1995	761
2046	698
2087	700
2082	878
2138	662
2216	727
2151	656
2273	703
2291	745
2231	584
2275	742
2125	710
2203	791
2188	673
2153	699
2085	634
1988	721
2080	663
2028	668
2038	650
2042	716
2133	766
2193	807
2260	722
2235	768
2292	806
2160	742
2345	1042
2402	940
2327	1044
2375	956
2236	942
2176	804
2167	970
2075	880
2038	686
2058	699
2010	966
2060	805
2017	839
2000	973
2069	785
1991	887
2089	937
2019	867
1991	878
2060	789
2094	628
2165	575
2123	610
2030	734
1989	624
1980	675
2024	655
1989	713
1953	750
1923	719
1883	749
1881	656
1873	720
1899	854
1899	758
1928	828
1869	798
1927	831
1835	1021
1856	853
1752	812
1784	945
1753	702
1769	680
1691	672
1632	627
1635	819
1681	835
1551	701
1613	700
1615	552
1426	633
1568	684
1634	744
1628	647
1525	728
1534	803
1511	715
1602	811
1545	574
1515	590
1486	681
1504	748
1407	718
1402	706
1379	648
1394	658
1305	616
1326	622
1359	574
1234	658
1317	790
1327	728
1291	737
1281	639
1227	833
1273	844
1179	711
1251	670
1233	602
1288	682
1148	681
1102	697
1151	748
1163	687
1211	638
1174	658
1083	742
1016	781
1048	748
1050	858
1032	799
1042	707
1037	736
1096	739
1061	716
990	674
1073	617
1018	581
995	679
1028	767
1032	728
990	729
1062	634
1066	658
1061	859
1115	1006
1047	949
1039	745
1041	745
1140	731
1110	665
1090	670
1024	617
984	743
986	712
996	721
1019	923
975	678
950	582
877	581
837	647
833	831
770	923
864	807
863	866
826	724
793	724
883	820
830	818
783	607
763	738
704	713
791	718
767	657
796	654
746	658
744	806
784	677
725	800
773	873
733	892
710	800
671	671
716	743
712	784
708	780
652	749
662	814
702	860
690	867
661	718
659	628
712	807
754	703
640	807
657	811
726	774
716	929
703	765
627	719
656	665
628	661
651	840
666	692
669	723
659	693
655	740
669	726
657	785
661	744
660	871
663	906
675	894
615	816
634	873
591	885
644	780
655	793
652	879
676	845
657	893
612	776
572	816
612	771
622	740
549	852
556	826
645	764
627	821
592	735
611	798
573	691
553	700
544	703
542	703
565	708
561	748
548	764
575	737
598	817
604	841
531	763
589	786
600	666
565	679
533	706
552	739
552	720
511	698
498	779
504	704
522	693
484	692
482	702
568	843
539	695
511	646
532	838
495	799
569	704
555	595
567	751
543	679
522	788
523	816
519	721
581	781
602	729
550	613
542	625
529	713
516	759
559	839
534	681
551	755
531	840
511	759
549	789
466	614
512	643
477	610
488	645
480	828
516	615
496	734
524	548
463	602
498	653
559	730
444	769
509	580
480	590
500	708
468	604
495	706
524	623
527	641
494	740
402	682
443	930
459	872
499	736
491	657
506	788
490	796
436	760
479	718
512	852
539	843
486	861
490	1002
514	777
477	991
506	714
495	683
478	753
540	897
486	776
507	893
509	881
475	780
509	803
468	791
507	735
471	694
495	769
480	628
582	742
550	815
522	866
485	867
526	813
500	674
491	693
496	791
488	745
461	690
476	594
436	705
493	648
495	806
506	866
461	962
490	850
560	873
466	935
471	726
554	778
535	835
474	632
571	938
535	847
531	854
550	856
498	860
581	826
501	847
569	1070
495	821
580	735
503	974
524	1063
478	891
553	805
527	729
488	708
499	768
505	715
485	762
444	664
587	677
530	654
518	677
517	671
557	691
496	699
483	784
476	728
528	766
540	650
519	700
544	709
513	765
529	808
533	720
510	851
537	773
567	804
491	682
555	769
490	885
487	773
504	773
536	665
565	813
519	914
541	914
560	710
623	790
546	863
598	914
613	841
579	710
530	830
500	722
555	671
594	687
562	835
591	810
616	784
516	661
473	799
553	966
558	830
614	983
616	1070
579	1024
630	1027
707	831
676	955
615	992
613	771
590	914
673	718
667	816
692	756
714	769
723	718
874	979
1014	1093
1140	1003
1248	1034
1515	1064
1932	1052
2209	1214
2421	1266
2405	1420
2501	1383
2932	1462
3496	1666
3440	1841
3296	1619
3058	1721
3192	1802
3529	1613
3961	1449
3866	1389
3803	1561
3584	1369
3629	1450
3381	1334
3043	1241
3087	1193
2797	1236
2637	1251
2582	1426
2736	1315
2758	1366
2801	1400
2970	1349
2698	1127
2636	1275
2516	1075
2662	1023
2543	1009
2343	1032
2221	1022
1953	985
1998	1037
2084	1125
1906	1065
1915	1084
1850	1046
1781	1046
1606	1146
1463	1171
1416	1297
1420	931
1280	729
1260	732
1347	780
1487	1196
1337	1000
1304	983
1291	1020
1470	1142
1805	1236
1977	1165
1750	1118
1638	942
1812	1034
1965	916
1862	903
1732	966
1604	953
1743	986
1524	998
1431	1075
1305	990
1221	959
1284	1200
1092	1027
962	1133
785	985
721	1022
688	1006
721	890
649	835
615	773
769	806
946	922
1111	980
1223	744
1164	751
899	759
749	763
659	775
687	863
644	830
626	823
693	783
619	592
648	542
662	690
560	788
557	693
485	804
505	816
543	822
492	754
563	607
588	594
560	681
514	690
545	811
513	789
443	767
466	750
432	742
481	770
459	783
481	818
522	797
444	685
513	675
561	760
537	987
521	793
516	689
554	666
580	617
614	576
552	676
466	596
466	588
499	658
603	559
551	710
547	771
585	1004
579	789
664	759
647	838
703	873
588	836
620	776
595	805
523	754
509	749
507	678
495	710
509	847
444	913
475	888
457	756
513	626
428	722
489	589
462	543
451	700
509	686
466	541
522	502
546	775
516	788
462	615
468	603
485	741
461	599
474	547
503	750
516	763
490	648
597	598
506	685
542	826
502	866
509	696
432	848
417	703
474	934
498	715
484	735
501	872
462	808
486	985
438	794
475	864
496	728
502	753
429	669
469	834
509	808
520	870
503	875
469	788
480	797
497	784
506	708
570	772
496	756
542	952
475	960
501	904
490	795
501	734
405	736
425	816
478	1035
488	728
416	742
479	754
447	927
467	790
426	691
443	692
475	743
491	719
433	799
524	829
450	709
514	630
520	663
460	776
471	778
546	639
509	844
491	834
518	735
486	588
486	634
459	620
499	620
455	742
418	922
469	773
489	865
544	770
590	762
564	820
550	759
534	634
600	688
616	851
555	715
522	697
517	677
536	763
498	662
582	619
538	588
496	674
531	821
538	871
571	669
710	718
667	787
803	645
851	782
974	671
958	765
984	568
1021	619
1045	700
908	724
839	678
677	536
583	759
628	901
740	760
875	674
974	726
1262	888
1638	878
1762	652
1882	753
1891	867
1559	732
1596	751
1643	661
1760	848
1910	867
2287	643
2560	630
2786	712
2923	816
3109	959
3177	966
3259	934
3349	801
3660	878
3613	833
3377	730
3019	712
2882	685
2312	683
2081	806
1607	779
1492	837
1337	727
1151	776
972	609
968	901
1125	928
1235	807
1252	930
907	712
857	797
886	689
896	643
1032	627
787	629
812	621
778	644
848	734
797	640
624	708
605	742
630	674
634	740
593	753
647	690
626	634
610	693
634	716
621	817
643	929
659	1015
632	865
601	911
705	1133
642	926
690	863
689	934
821	873
784	948
751	821
705	562
618	606
591	615
584	548
581	633
586	817
537	755
597	784
549	884
534	820
620	727
686	642
679	768
601	678
681	583
639	754
532	687
551	730
438	801
533	632
468	563
507	743
530	733
502	729
508	718
549	797
595	672
507	678
528	582
511	780
624	816
611	707
553	691
566	758
581	720
572	914
503	696
477	682
475	826
483	661
499	783
428	636
443	734
501	651
495	568
561	668
531	784
452	687
462	709
484	752
494	750
545	708
486	667
441	629
474	720
460	667
486	646
461	579
505	636
501	608
492	755
502	600
478	790
499	615
478	772
525	780
494	799
472	987
461	661
482	747
478	889
528	706
478	643
514	731
490	675
519	794
421	857
459	731
487	853
490	823
493	670
523	680
443	720
472	717
537	737
455	655
477	804
504	806
536	696
436	694
454	704
440	703
480	652
472	571
440	677
481	695
466	732
441	769
467	677
510	757
507	752
458	873
490	796
504	658
504	587
535	650
507	661
580	739
505	750
514	760
528	681
467	670
437	678
462	650
456	644
454	698
419	749
444	585
443	727
425	617
397	551
444	684
414	608
450	663
439	802
424	965
487	840
474	864
456	1051
428	897
450	766
412	758
411	722
455	911
470	853
463	801
430	640
519	623
462	782
466	900
463	839
494	868
409	811
426	695
412	712
416	822
436	787
465	753
459	851
450	677
422	670
387	776
438	754
409	746
429	735
474	987
450	878
396	839
471	740
472	571
437	645
450	625
478	673
462	537
482	665
457	875
444	1039
468	1005
446	1015
450	898
506	776
479	821
448	660
439	673
441	763
444	783
508	867
448	971
438	932
404	941
391	694
431	741
501	835
475	764
479	820
470	671
456	710
488	643
467	864
461	807
425	897
477	722
486	732
508	751
470	828
494	838
450	936
494	762
514	888
544	729
548	776
526	884
568	580
491	547
541	600
564	637
480	585
520	614
500	610
517	705
497	672
507	663
546	619
510	567
521	601
511	599
506	700
484	697
474	760
491	752
471	704
484	714
484	890
469	744
459	713
447	652
457	879
472	921
489	903
454	812
486	664
497	677
537	836
512	889
500	663
501	854
464	938
517	752
515	835
498	979
469	736
558	779
609	973
626	923
671	829
699	733
696	777
764	952
743	856
765	746
767	846
628	872
655	705
639	725
662	927
598	751
598	799
597	713
574	691
580	847
593	861
636	888
575	903
531	880
566	721
544	865
605	790
608	729
600	892
613	652
589	603
497	611
448	662
460	768
497	753
433	894
449	795
453	843
419	761
411	760
428	786
421	721
481	698
400	670
424	533
429	747
411	838
468	745
419	707
441	770
437	626
450	810
445	781
418	826
421	988
479	849
431	869
402	911
396	712
469	688
445	664
456	588
425	743
470	677
437	756
495	700
478	683
492	894
472	985
455	931
544	951
465	847
430	700
463	688
553	666
479	755
494	716
485	575
449	610
488	630
486	652
471	771
533	730
496	775
463	689
535	728
623	752
561	755
581	850
481	760
515	796
530	673
564	620
636	684
487	874
498	904
425	774
445	880
482	836
461	842
451	850
450	917
472	732
472	838
475	742
472	719
489	785
411	566
464	687
449	859
452	665
425	679
453	771
455	806
415	661
425	687
489	859
459	717
448	885
437	691
433	718
467	626
478	537
423	623
406	631
437	855
389	779
413	705
503	728
429	843
460	835
428	760
398	690
487	724
433	770
453	713
433	874
433	642
466	601
425	639
453	752
449	641
393	630
470	698
418	746
468	669
412	655
463	786
446	873
432	1057
438	888
418	895
491	883
495	1073
507	1164
477	996
468	1123
509	963
528	938
464	924
389	970
433	815
406	710
426	818
442	864
469	810
463	1082
507	1042
497	1077
456	832
483	825
454	980
481	941
494	965
459	786
425	741
455	712
480	651
459	848
459	839
521	907
516	735
470	668
420	827
442	809
462	787
443	800
442	867
471	1039
470	833
444	905
459	814
482	648
480	656
428	778
463	747
450	833
427	785
482	852
422	877
430	843
412	816
440	778
444	697
398	663
479	631
489	744
408	736
451	917
479	828
481	883
466	931
505	1031
482	918
466	866
473	993
470	886
486	1083
525	1041
516	1338
519	1109
528	1023
513	917
508	979
486	816
532	709
463	882
465	901
439	811
442	946
440	908
416	962
450	1029
424	856
432	723
460	637
419	613
472	719
448	796
454	716
498	753
457	796
478	832
409	934
420	764
485	774
386	850
447	701
434	747
429	666
472	748
498	772
467	756
450	775
540	773
472	699
469	769
457	739
484	662
524	739
495	815
499	838
493	863
503	795
436	897
383	678
397	660
381	780
455	677
447	728
437	746
420	587
443	641
451	571
425	795
427	822
428	725
423	829
471	848
420	793
447	832
501	823
498	844
516	883
495	832
482	680
450	726
490	774
468	703
471	805
511	939
452	1039
412	835
468	929
496	956
473	925
394	747
434	710
503	661
461	699
500	580
417	734
476	864
433	712
415	757
413	679
397	593
371	700
385	663
411	834
443	751
396	818
428	761
437	865
376	811
399	770
371	896
463	938
440	846
418	843
416	881
398	703
469	842
428	772
420	877
437	784
426	654
442	597
412	720
378	674
406	676
397	685
418	843
426	843
424	762
389	673
421	531
418	464
464	689
421	591
462	701
418	643
448	710
485	944
473	930
437	767
427	699
457	933
416	804
438	935
513	924
420	996
431	781
438	668
441	717
447	787
436	911
412	705
409	771
407	801
457	818
460	910
440	879
417	732
431	762
525	718
408	835
403	809
387	971
417	811
346	756
378	711
444	778
413	825
438	706
411	753
429	776
463	786
451	836
442	731
385	811
387	805
418	688
438	869
382	719
403	789
416	755
423	683
452	651
444	705
468	733
458	885
428	809
440	847
462	833
391	726
411	743
498	669
451	756
404	769
453	657
461	620
460	721
470	663
389	693
434	659
413	696
453	678
499	645
472	620
425	609
464	646
444	708
488	797
465	740
451	681
491	732
497	531
422	823
463	807
460	654
414	753
446	676
470	767
448	672
404	676
469	633
419	775
468	776
422	807
476	744
439	761
409	754
474	732
429	689
443	711
444	673
455	829
433	612
469	660
474	661
506	652
523	642
520	536
473	607
452	683
443	686
417	551
440	531
443	559
488	636
500	644
473	630
452	795
498	639
492	661
511	799
537	694
545	688
531	676
581	725
651	898
683	665
578	680
531	699
512	723
595	626
456	708
425	811
425	790
482	851
551	990
584	723
571	764
588	735
550	744
530	639
493	679
489	706
437	749
498	749
530	917
512	605
460	660
493	707
498	731
490	818
425	907
541	874
545	906
426	950
379	832
449	787
425	845
416	840
488	804
429	843
440	775
433	667
467	618
509	802
487	702
434	763
469	780
454	722
440	609
434	564
500	580
464	721
529	727
509	609
446	737
485	824
476	629
447	685
443	629
516	670
482	916
449	822
455	718
518	811
470	704
494	790
521	614
503	571
536	499
547	585
519	572
497	664
488	613
512	662
535	605
476	568
506	570
463	531
434	631
513	618
530	707
418	739
464	620
453	601
453	597
465	477
485	588
447	554
466	553
424	582
454	638
455	577
471	679
498	586
497	700
461	676
527	709
507	667
509	718
565	766
490	651
481	847
530	788
471	869
450	780
447	568
523	681
547	562
483	651
449	604
501	714
551	736
531	693
513	651
511	694
461	712
520	719
518	734
483	669
501	694
464	694
469	668
439	765
434	704
450	750
495	810
511	1001
432	954
482	874
451	765
384	917
485	897
474	790
504	668
463	867
465	1214
525	986
515	1063
480	953
497	1020
460	796
394	865
509	1014
484	977
477	865
435	834
454	751
458	890
452	820
531	731
482	876
472	796
491	611
478	771
529	572
521	597
522	787
485	722
472	746
495	770
484	943
543	861
494	1009
506	922
454	847
446	804
484	750
500	728
529	793
430	674
510	899
480	799
415	852
397	761
430	797
435	762
458	775
482	810
522	994
485	891
481	974
511	912
522	874
460	749
509	704
472	868
472	741
450	832
476	819
525	740
472	619
481	723
452	764
483	746
479	743
483	834
493	689
460	810
487	764
456	694
526	695
503	987
457	898
484	789
513	837
449	657
442	732
504	744
509	865
521	805
475	929
493	805
480	781
459	931
464	664
491	625
519	697
520	748
475	832
513	830
554	1234
536	944
513	758
500	866
516	930
465	889
506	804
572	651
487	812
492	813
493	878
532	683
504	787
530	600
494	802
525	703
513	683
481	784
506	719
481	698
545	825
501	741
541	721
614	787
572	729
629	825
594	789
600	769
612	818
559	750
521	599
513	686
508	719
491	737
514	933
462	955
493	756
482	731
440	897
473	944
447	614
479	629
504	629
500	791
522	812
502	701
548	803
511	791
500	666
483	697
447	651
402	616
459	607
502	757
557	631
504	732
488	716
469	577
509	668
491	745
481	575
540	788
485	679
524	769
499	953
468	841
461	727
466	679
470	702
564	842
492	1115
550	883
553	682
516	784
544	639
518	797
481	690
491	689
486	854
469	758
475	672
429	602
448	771
513	734
486	760
478	650
497	562
506	630
498	538
477	552
498	735
449	562
540	669
481	652
459	692
423	657
441	598
432	781
438	624
453	624
452	670
440	670
428	492
405	643
440	642
431	638
448	602
518	738
458	688
475	589
549	601
396	649
506	674
492	668
500	752
419	730
435	845
438	647
542	722
484	686
449	719
435	874
446	747
485	817
432	752
434	709
457	723
516	781
505	940
442	828
399	735
494	901
435	1020
493	959
481	756
432	628
460	598
444	869
451	962
467	854
460	653
520	661
500	623
465	699
464	573
454	533
513	577
478	699
453	815
446	850
427	687
387	674
465	654
497	668
515	681
541	707
485	655
433	659
455	660
481	723
481	752
504	826
446	724
471	752
497	592
473	699
466	738
405	605
424	702
460	640
492	694
497	835
518	868
509	861
490	890
495	785
517	686
528	803
556	624
517	594
514	650
462	812
483	774
494	878
499	691
473	797
451	813
448	681
452	602
489	645
441	761
466	685
484	710
421	581
461	595
468	618
471	551
423	642
466	534
495	623
489	606
439	710
509	534
473	705
495	517
522	633
504	563
443	548
441	654
492	547
457	644
457	846
527	689
542	518
463	770
450	688
495	819
426	651
455	664
481	658
537	589
467	719
470	696
496	881
509	811
491	832
437	818
506	881
503	802
498	788
503	762
538	832
522	893
537	991
539	1036
537	1114
569	983
589	951
570	844
559	758
497	817
527	950
599	896
542	888
530	776
499	809
521	796
487	701
489	711
535	785
491	731
513	878
514	836
525	872
496	818
452	878
451	883
483	920
469	852
403	804
451	701
536	786
525	696
500	745
441	563
470	652
468	665
487	669
492	677
484	706
472	725
480	659
493	692
484	765
464	676
479	704
477	679
546	672
503	875
425	807
416	761
439	728
435	819
487	767
451	797
442	808
492	820
491	939
472	868
485	642
442	647
449	642
483	727
458	685
449	700
484	651
440	755
465	645
456	703
485	701
447	683
491	681
452	862
505	849
494	859
495	840
464	837
493	736
448	781
447	747
422	700
439	837
486	814
483	662
446	818
457	711
449	855
531	963
471	853
462	781
450	820
453	886
420	847
404	889
403	852
413	730
448	677
420	628
491	714
444	726
423	726
453	712
488	891
478	878
401	995
438	797
414	764
433	967
483	832
483	752
520	726
429	789
427	979
489	960
416	801
460	915
472	931
536	821
499	927
476	685
497	904
540	1034
483	739
505	744
575	727
492	545
505	727
555	855
468	805
556	732
482	740
512	697
477	691
435	661
492	812
503	846
531	895
468	913
511	1001
514	891
515	1073
523	1003
461	1051
500	910
448	912
437	768
502	725
458	710
465	662
461	840
490	841
469	836
496	756
483	761
438	683
398	700
429	755
429	638
402	713
447	678
450	729
475	731
415	690
459	723
442	629
433	611
520	635
457	632
494	659
466	727
447	749
475	542
495	702
477	754
480	761
458	677
466	687
428	809
430	748
443	826
407	668
432	667
476	818
519	809
468	645
444	690
486	726
404	644
470	663
486	750
476	621
491	623
462	609
517	704
493	663
517	722
535	861
537	757
515	670
506	555
437	709
471	675
422	762
465	699
503	790
493	860
531	805
495	972
549	1155
553	819
457	765
472	832
501	743
498	663
510	669
497	772
438	861
516	778
495	784
503	789
533	878
498	856
409	857
421	1055
501	817
465	726
493	772
468	897
483	877
471	732
442	787
501	727
493	645
490	476
503	467
495	663
423	587
471	555
477	570
486	585
515	669
518	565
481	730
490	616
552	712
504	722
548	626
566	654
574	694
592	766
562	784
582	744
538	762
528	693
561	634
551	629
510	690
488	749
562	1039
570	1108
610	979
540	959
471	804
558	769
651	771
594	901
562	778
600	793
575	811
562	921
601	859
625	878
701	865
603	976
666	819
669	716
640	793
722	804
700	774
675	726
788	896
727	912
769	814
777	918
742	786
789	692
794	788
766	836
767	902
798	912
828	736
904	691
865	716
947	692
955	693
903	610
936	862
935	935
994	757
1023	803
1071	722
1134	711
1137	872
1077	865
1124	767
1026	753
1100	848
947	847
1027	693
992	718
965	877
911	705
1033	738
948	777
1009	783
1029	828
1072	813
1105	780
1028	863
1139	858
1117	770
1362	809
1336	858
1201	883
1192	589
1223	739
1130	808
1228	634
1052	681
1048	729
1044	716
1076	716
1006	709
1017	849
1052	814
998	862
1087	804
1188	900
1240	732
1227	739
1227	759
1289	746
1415	733
1382	746
1265	623
1159	842
1215	879
1217	862
1181	958
1059	788
1093	829
1029	857
1018	765
935	711
919	939
999	1019
1052	882
1075	855
1173	831
1200	899
1256	953
1338	1001
1452	1041
1483	932
1409	905
1325	827
1212	816
1175	750
972	640
999	815
862	762
824	718
819	747
878	686
699	595
724	577
717	636
764	745
800	688
758	644
853	640
970	678
1058	676
1114	660
1085	652
1080	639
850	681
870	733
849	634
733	677
655	624
646	754
640	761
700	976
659	776
619	652
616	719
706	741
694	689
775	612
878	655
853	606
895	670
918	663
998	795
800	799
761	796
769	733
738	751
720	724
681	678
693	735
697	618
602	710
596	699
693	765
685	737
698	742
642	860
681	756
653	681
562	726
577	809
527	767
584	793
499	884
530	855
575	878
536	963
585	766
575	904
535	831
543	857
566	762
551	779
594	714
597	681
552	731
531	661
521	754
558	647
555	709
567	811
522	890
476	785
441	649
527	702
489	660
445	707
495	920
521	856
530	652
543	785
486	642
473	674
543	665
495	556
478	686
525	572
485	520
540	502
557	414
461	570
498	666
472	614
436	665
459	567
485	585
417	655
459	661
468	612
426	576
432	737
423	581
425	642
484	708
485	615
474	651
498	733
515	765
458	697
503	651
504	620
482	716
458	681
412	727
486	827
484	821
480	623
478	674
522	713
494	745
519	994
587	932
692	754
798	706
712	741
679	741
645	669
626	711
706	782
680	937
610	1017
595	946
630	934
633	778
679	778
648	757
585	763
693	624
801	915
814	937
838	792
1052	786
1110	622
1263	645
1309	746
1296	718
1363	694
1429	738
1816	834
2024	857
2273	817
2089	857
1914	878
1786	846
1877	906
2355	907
2270	831
2113	764
1767	730
1695	706
1825	806
1819	785
1629	876
1301	935
1192	804
1030	865
1084	851
1297	719
1336	816
1414	774
1415	752
1310	790
1362	862
1270	832
1322	873
1056	760
898	736
932	654
979	718
872	813
849	609
779	588
784	764
668	865
573	915
484	827
439	768
438	725
487	721
503	862
498	681
438	755
515	864
504	980
537	774
458	726
456	738
417	701
451	686
483	671
424	681
469	843
412	962
413	954
414	869
379	692
412	730
470	840
459	894
468	949
452	887
419	693
441	752
456	625
448	701
448	806
433	841
453	736
397	764
457	847
473	778
453	755
441	800
450	681
449	633
452	808
466	645
430	817
413	820
431	828
473	786
411	708
422	795
435	669
440	658
440	769
502	810
464	717
453	810
423	763
455	692
513	745
468	986
519	763
538	736
505	668
488	725
574	705
608	768
565	854
605	852
524	859
525	728
573	763
611	922
550	833
527	826
529	782
563	686
560	715
579	769
557	837
591	770
583	729
558	849
525	757
548	665
563	875
543	917
507	872
525	792
499	939
502	731
563	720
567	677
527	711
564	832
507	859
505	834
562	806
477	733
511	716
509	638
513	609
461	638
477	519
443	591
517	642
487	597
491	626
488	637
482	617
513	650
560	643
584	698
451	735
463	778
442	747
480	726
478	674
506	613
513	619
454	640
489	687
466	645
407	561
489	657
475	673
425	697
489	844
498	725
457	647
428	694
457	591
475	693
458	832
437	861
418	940
388	846
412	789
423	776
438	672
479	676
474	676
469	755
480	761
452	734
449	710
448	883
458	879
458	732
455	811
486	797
505	624
522	705
498	777
465	755
450	833
486	700
466	843
506	785
432	753
393	752
420	628
457	609
470	689
432	652
441	724
502	680
462	558
487	572
495	653
518	649
486	653
471	607
470	632
486	618
538	649
507	543
481	601
489	687
467	688
466	592
434	606
476	782
502	756
526	688
556	612
565	608
667	663
528	638
560	677
540	687
636	779
632	682
694	670
613	742
686	915
716	726
725	693
723	804
700	744
780	637
690	561
632	556
594	632
560	778
561	841
535	816
475	708
494	701
425	562
398	806
495	744
472	577
462	728
430	676
479	586
470	594
444	756
415	818
463	723
430	672
404	651
423	618
416	744
401	697
455	635
490	716
389	705
395	604
480	549
475	698
458	826
510	681
533	647
556	666
617	818
582	736
583	739
576	671
623	600
583	669
565	706
567	711
639	873
598	722
670	704
576	806
619	594
618	831
710	885
734	849
702	922
746	924
672	923
715	682
665	736
687	786
590	814
547	906
585	798
537	648
484	730
579	850
535	920
500	660
504	780
452	691
487	635
548	657
563	687
488	744
482	633
503	808
507	618
448	614
496	552
518	607
497	629
502	584
482	609
484	661
465	724
490	748
404	691
483	732
420	825
451	696
468	751
449	645
447	572
465	537
505	759
497	700
496	843
438	860
504	712
485	508
507	698
525	670
499	750
540	650
455	692
500	718
464	769
506	641
470	648
518	685
493	751
512	765
533	823
517	863
430	799
610	691
499	745
484	773
512	738
502	644
495	559
472	736
405	717
458	657
435	667
525	629
487	728
565	774
513	679
561	815
516	630
557	677
523	660
552	767
556	707
498	658
470	624
480	632
511	623
466	742
521	631
496	631
548	768
484	732
576	774
528	735
576	860
522	801
520	688
470	791
443	691
497	817
540	1017
488	903
531	761
541	871
568	735
566	642
607	732
551	754
570	765
598	754
631	785
561	707
595	618
564	710
527	732
514	747
468	823
506	735
491	811
486	861
479	979
471	905
499	970
459	884
519	1020
459	1100
478	1017
503	898
464	838
520	774
516	697
482	661
463	778
430	772
412	734
512	742
467	682
480	795
421	892
474	790
407	836
452	707
425	705
482	854
464	672
416	660
424	729
479	713
412	700
415	644
494	840
450	877
460	966
440	1079
416	752
524	956
437	924
457	796
410	684
456	675
446	609
476	642
407	714
444	661
444	629
460	655
469	718
408	733
466	765
499	799
546	724
590	645
501	712
498	717
532	675
523	651
495	591
584	616
549	630
586	833
524	831
574	982
565	784
564	798
560	552
577	652
474	589
533	608
495	718
540	726
537	711
555	713
516	766
485	847
476	737
441	782
508	742
505	880
474	918
481	706
473	901
496	843
421	978
506	1046
463	1018
420	1027
457	882
438	844
432	887
438	730
390	724
410	821
427	876
382	826
441	790
434	748
444	763
363	661
499	647
460	614
412	598
439	611
384	579
459	452
507	622
531	654
472	759
472	830
452	791
454	783
451	715
478	734
451	736
470	766
478	792
433	690
450	814
445	850
437	844
545	881
461	741
493	781
452	1092
442	1072
454	837
467	769
473	917
427	875
441	886
497	803
413	660
436	787
467	749
464	722
472	622
514	778
527	826
471	844
477	868
469	766
399	956
389	969
415	899
444	754
463	766
453	943
435	884
430	840
484	784
537	946
489	858
477	845
507	751
441	760
462	797
516	944
456	895
467	821
463	831
475	793
489	818
563	821
469	776
540	871
552	832
531	983
505	1003
514	944
488	772
474	754
468	773
471	840
514	949
496	790
557	705
504	789
519	904
520	778
520	813
482	912
474	773
512	784
481	820
454	888
515	704
503	907
505	743
556	764
609	776
589	954
555	919
569	777
607	738
600	866
648	919
724	767
652	949
627	888
696	856
748	839
744	810
820	607
728	830
803	938
801	850
847	844
796	765
823	754
887	657
919	710
1087	734
1247	756
1177	703
1222	847
1242	921
1308	850
1349	832
1291	771
1435	783
1606	838
1776	969
1904	1045
1688	843
1488	824
1602	814
1721	908
1807	916
1859	1063
2173	920
2465	953
2730	1004
2768	1097
2751	1148
2490	884
2699	882
2661	1043
2674	1426
2656	1139
2837	958
2968	1013
2892	1063
2951	1169
2962	1277
2999	1083
2955	1106
2834	1252
2951	1450
2996	1793
3014	2067
2881	1877
2749	2101
2804	2211
2765	2001
2575	1711
2607	1785
2832	1749
2842	2161
3040	1777
3077	1476
3215	1285
3599	1361
3828	1455
3703	1257
3504	1320
2996	1266
2759	1418
2541	1324
2281	1092
2207	1300
2019	1176
1850	1085
1661	1036
1415	1099
1371	1015
1431	948
1588	961
1901	995
2399	849
2764	1087
2982	874
3474	959
3650	1006
3635	861
3655	792
3298	739
3194	806
2777	829
2380	833
1815	724
1490	768
1275	874
1157	739
985	776
1016	693
1083	692
1093	748
1277	715
1443	756
1667	865
2035	903
2244	820
2578	718
2737	884
2738	963
2597	1104
2458	938
2215	690
2030	688
1716	738
1498	696
1208	617
1092	607
1122	625
1001	540
970	709
974	815
1012	694
1043	744
1155	801
1536	846
1834	834
2319	1108
2732	1040
2576	837
2355	846
2150	769
2097	1021
1818	984
1546	905
1387	788
1156	824
1009	874
847	875
899	1073
914	1062
901	906
902	841
885	878
1043	922
1050	755
1084	660
1308	754
1345	827
1375	946
1326	790
1252	779
1065	645
929	642
946	913
905	753
744	634
767	782
668	885
677	848
713	901
658	800
636	769
639	796
724	791
765	864
725	806
641	782
683	782
773	728
726	801
619	866
544	737
546	670
597	720
603	631
522	560
501	738
461	703
511	826
494	697
518	732
514	606
490	743
489	713
492	833
496	678
500	852
480	793
541	701
465	704
481	671
450	658
551	654
405	801
458	856
435	803
435	755
436	773
497	827
471	795
496	945
490	784
458	720
469	723
513	752
447	926
446	824
498	729
494	706
485	841
518	707
515	645
463	770
437	626
438	815
410	820
537	862
499	717
480	694
513	847
482	777
439	820
426	697
494	654
476	624
473	593
452	622
479	757
482	659
492	634
448	789
454	546
412	596
438	640
462	770
481	724
499	577
435	587
516	601
502	678
464	679
438	799
548	870
538	884
509	666
473	718
519	769
517	764
505	743
476	778
477	805
435	716
474	662
544	945
465	759
449	771
523	815
496	734
474	755
462	662
481	723
488	686
525	883
510	664
480	738
488	753
538	723
477	821
469	835
463	708
494	782
531	751
469	675
460	693
534	845
511	678
460	770
456	718
416	801
430	807
440	839
413	699
426	804
462	762
544	610
541	671
513	693
522	683
487	639
515	564
508	645
445	630
451	674
466	796
402	732
465	644
472	565
472	828
441	668
443	664
394	646
382	809
475	817
465	794
413	850
459	848
479	940
458	880
423	681
421	750
423	615
474	660
468	663
396	602
460	533
440	627
449	728
447	791
446	658
435	582
423	674
440	783
406	750
427	690
457	673
488	831
495	763
458	744
401	660
429	600
466	645
493	680
468	721
441	664
481	682
503	610
458	570
504	738
440	700
428	742
449	831
455	825
460	857
438	756
442	770
451	880
450	706
479	814
465	775
434	820
482	788
462	872
484	921
449	948
479	844
433	792
396	937
416	829
393	705
475	697
418	768
441	698
420	601
458	738
492	912
488	858
442	637
452	745
512	975
437	793
457	884
490	739
497	780
487	799
499	778
469	872
508	804
585	925
513	815
470	763
457	847
449	739
498	780
451	732
464	735
468	851
446	796
474	771
463	738
519	883
454	915
462	832
425	892
468	796
491	819
463	732
484	632
471	790
510	913
489	879
494	894
544	923
554	631
488	646
499	615
525	622
512	728
488	512
494	493
491	426
487	557
499	574
439	636
482	654
478	598
446	517
458	595
441	604
458	631
485	817
498	755
430	647
501	701
476	709
506	742
505	571
488	656
526	762
477	660
477	761
511	830
444	648
437	607
449	686
493	648
420	674
460	733
461	868
489	770
509	781
435	735
473	839
482	673
458	679
480	622
489	643
473	529
457	640
520	536
522	583
460	578
445	610
483	651
449	659
505	611
468	601
514	715
496	755
494	794
574	595
477	756
521	707
491	663
468	745
493	782
478	659
531	592
505	811
456	757
514	911
531	1045
504	871
569	812
551	746
579	895
548	679
511	655
577	761
523	767
511	842
518	729
501	679
486	724
504	770
504	568
520	673
495	707
513	935
488	709
513	702
456	789
494	741
509	750
499	715
493	602
468	554
453	566
491	565
502	570
490	713
536	722
534	651
530	665
544	743
458	770
485	684
519	798
489	699
527	677
477	632
440	705
473	704
534	680
481	819
480	790
513	801
409	705
550	595
496	542
491	593
461	593
486	655
519	728
513	831
460	913
521	1008
513	849
570	902
549	792
531	720
532	645
540	753
520	585
584	664
570	646
579	724
574	662
581	812
595	802
618	809
655	697
571	760
534	719
529	697
553	907
529	797
544	868
609	799
595	749
564	649
636	725
524	832
666	754
639	807
601	753
598	722
596	692
584	697
602	674
614	813
653	888
664	737
573	696
607	748
656	709
726	723
769	728
683	600
651	582
656	754
685	705
675	869
729	870
654	971
601	1208
660	926
605	807
662	638
649	747
657	938
666	851
635	780
626	847
587	984
586	893
528	986
545	784
553	894
538	750
519	781
522	630
544	613
527	849
514	997
445	789
536	834
629	726
546	672
515	614
548	687
522	723
541	776
555	684
573	627
500	724
509	659
577	652
531	900
547	804
550	581
572	780
539	758
586	790
485	681
529	756
535	743
529	789
552	668
527	655
546	716
534	831
546	888
473	895
525	764
549	969
450	763
448	603
499	982
566	869
489	817
491	779
468	753
469	738
476	862
536	962
471	702
479	638
494	656
447	728
524	761
476	856
412	817
424	672
452	699
414	690
447	861
457	832
466	870
528	850
474	839
416	794
467	888
415	817
444	706
469	793
492	754
509	803
479	796
542	656
442	859
460	725
450	787
514	641
522	788
477	691
457	759
503	791
476	777
466	697
471	637
510	681
428	695
484	821
529	733
469	681
499	673
525	711
508	688
467	772
511	875
563	862
487	639
583	796
540	930
551	851
593	723
579	654
548	673
529	642
574	683
573	641
581	792
550	961
537	776
551	868
512	767
535	789
502	682
465	810
423	852
440	692
484	683
456	679
451	663
476	681
462	682
486	778
477	742
474	795
456	678
439	820
496	839
468	722
502	782
510	716
468	737
485	781
459	721
459	759
480	747
499	877
473	836
490	828
469	956
451	856
514	861
417	814
428	835
443	657
492	647
460	633
496	793
473	745
439	721
440	808
482	769
500	807
489	759
501	856
518	870
488	733
490	741
428	815
512	933
469	781
428	713
388	857
477	705
416	699
480	798
440	730
447	713
468	698
481	751
511	784
434	862
442	684
433	774
493	967
470	746
433	856
447	677
467	601
453	763
436	773
444	755
500	791
524	714
466	654
470	694
466	760
458	806
481	724
486	885
430	876
462	800
485	798
466	716
500	643
477	722
424	758
486	733
401	748
468	813
449	826
507	985
455	944
464	1050
523	883
574	685
570	752
624	816
596	765
592	827
540	728
598	776
696	821
570	655
615	804
580	941
595	906
584	819
552	893
568	870
485	871
542	896
489	991
461	1078
546	922
505	925
523	1077
513	850
501	671
499	786
498	801
536	672
512	752
529	669
514	774
490	719
463	792
493	818
455	872
423	889
482	987
483	839
466	728
477	739
515	741
482	782
440	696
488	533
494	657
479	685
467	695
472	698
495	661
481	684
540	595
473	675
482	590
493	592
493	626
464	720
459	700
534	608
474	679
462	805
452	708
478	706
506	835
456	862
468	818
500	767
495	559
467	707
480	682
440	681
440	662
455	674
454	773
430	622
472	703
465	575
438	706
430	612
437	717
468	807
535	726
481	873
502	919
485	896
531	923
503	830
541	670
513	717
487	641
489	660
500	596
490	687
492	683
449	604
443	583
527	648
564	684
543	766
593	746
492	744
520	716
472	638
487	665
481	676
481	664
523	736
487	778
484	843
529	807
450	708
502	740
503	747
537	749
568	859
523	833
573	748
489	1014
491	828
527	668
536	808
505	858
481	794
571	734
481	846
527	806
520	645
532	616
492	765
494	602
462	610
440	699
477	676
507	701
465	606
540	659
550	528
524	663
571	789
546	790
534	680
500	717
432	733
447	678
474	746
435	777
459	756
455	808
437	953
514	970
516	855
480	670
464	632
489	680
517	721
495	673
499	727
496	656
497	671
485	713
479	840
505	888
462	855
504	718
423	672
440	668
440	737
430	720
442	863
427	937
502	798
429	967
499	785
479	764
491	1041
416	810
431	806
438	838
434	730
446	743
434	860
505	817
508	983
501	829
455	700
465	863
421	822
481	712
446	743
446	733
402	814
478	836
511	854
475	781
461	831
478	711
485	745
423	747
476	821
487	676
464	679
499	853
438	987
452	894
427	984
439	880
486	872
547	864
490	765
497	765
494	696
528	724
513	662
489	602
453	595
452	636
473	671
415	834
486	661
506	758
466	752
482	828
475	585
471	487
485	678
524	681
488	642
484	569
500	641
468	697
505	729
478	812
555	734
552	674
500	1008
483	783
519	550
567	703
479	744
533	876
562	943
502	928
495	841
493	755
489	737
510	695
486	747
607	734
505	874
522	832
514	787
527	759
544	980
507	912
516	811
522	602
573	663
565	721
578	887
550	866
543	879
527	910
577	729
528	811
546	565
504	866
527	778
489	718
539	873
538	830
510	743
509	766
593	813
552	714
576	871
548	809
502	717
550	763
591	800
552	875
487	594
476	610
450	581
448	649
513	604
503	698
571	688
555	511
549	507
575	672
607	829
571	629
587	698
632	780
658	805
588	600
588	587
576	776
577	818
549	869
548	822
557	869
597	676
576	609
648	648
542	674
560	626
499	612
487	590
515	605
562	761
487	731
552	658
571	768
536	814
634	757
591	741
633	829
592	688
540	888
455	885
599	959
578	818
560	806
531	833
518	974
519	958
520	896
559	704
503	928
546	986
524	832
523	726
527	848
514	866
543	943
534	809
533	826
544	820
525	764
513	743
522	640
554	542
546	568
489	669
521	647
496	723
532	722
502	596
462	762
580	809
545	968
507	935
572	718
516	735
467	694
565	714
507	615
514	564
502	632
489	678
495	617
529	707
582	700
532	616
495	691
532	705
567	860
556	839
481	897
538	856
580	672
503	730
558	744
528	685
524	733
618	610
551	766
567	683
527	716
505	735
433	748
539	649
524	678
524	654
511	560
526	648
465	606
501	651
494	718
491	736
550	664
500	630
481	668
496	590
537	628
561	841
510	941
436	819
466	865
487	886
490	704
490	706
496	756
562	891
597	795
557	923
559	861
547	694
531	886
428	939
470	875
545	688
545	740
590	666
584	778
642	761
582	734
588	712
545	718
612	842
574	833
532	976
511	831
541	941
565	820
455	740
511	737
537	702
599	598
484	764
502	750
573	627
508	669
539	757
496	776
500	756
522	750
498	803
473	933
531	916
494	1021
478	926
488	765
426	754
490	642
527	602
607	680
525	733
563	775
496	667
499	1021
491	734
524	648
499	717
480	663
517	674
486	572
530	691
532	633
536	630
519	617
529	584
487	680
490	600
484	683
485	772
524	749
543	647
534	780
542	797
524	706
510	781
453	686
544	566
578	771
448	648
499	691
465	709
476	730
470	700
469	742
517	828
470	958
438	727
442	631
433	701
524	838
492	959
506	862
465	911
477	638
460	704
489	695
495	664
467	604
494	680
489	665
567	705
523	763
529	638
496	663
556	756
623	602
627	783
607	799
547	822
511	800
520	746
525	609
439	563
475	621
509	831
538	856
611	860
561	724
526	630
521	918
488	700
480	703
473	745
490	803
454	762
460	784
472	798
517	710
419	831
446	826
504	789
516	797
524	845
451	783
462	863
541	798
487	964
566	1013
469	787
480	667
484	732
471	623
445	673
490	701
521	736
533	832
510	821
443	682
493	660
474	747
490	1055
485	864
432	624
454	696
491	717
446	806
417	879
464	781
476	919
497	879
502	842
472	920
495	894
552	826
446	740
421	788
441	827
448	781
509	817
412	826
454	795
494	867
489	695
421	710
466	568
469	748
455	830
450	735
459	737
440	660
445	646
428	677
420	783
454	800
370	731
445	761
441	785
433	755
465	647
491	774
486	679
438	742
434	842
491	839
494	777
505	795
488	763
485	885
423	963
438	865
430	770
429	669
407	634
495	723
510	650
496	710
474	662
474	695
553	662
475	615
464	683
507	582
546	668
509	750
451	599
562	581
476	713
501	678
479	676
444	690
498	734
456	786
512	716
501	754
483	1105
493	795
485	723
518	871
551	658
523	754
516	854
503	667
474	606
492	675
496	900
516	977
515	731
487	679
483	747
519	707
564	663
507	587
540	742
473	779
498	659
522	592
482	701
501	823
533	733
545	630
493	719
508	887
496	704
525	603
515	740
448	617
494	618
478	642
521	754
445	761
514	743
476	743
456	749
523	677
490	737
447	557
519	627
513	844
458	890
452	914
481	701
411	683
440	785
481	732
549	834
464	652
479	656
467	671
465	693
511	730
528	807
479	724
450	667
498	774
502	885
444	1014
487	745
514	932
474	754
467	689
433	612
483	794
459	846
517	616
508	647
488	582
499	516
421	789
462	858
509	853
468	646
486	738
488	778
415	716
487	651
530	755
520	683
524	675
514	739
556	739
530	654
557	607
574	554
561	700
457	723
477	661
473	750
495	736
453	816
483	726
453	862
508	718
472	710
461	746
472	667
505	753
522	728
485	594
475	664
505	785
555	587
516	784
493	866
522	855
503	781
497	797
522	773
498	723
485	778
431	745
480	706
486	725
488	818
468	787
513	740
565	624
530	609
572	690
574	671
546	584
514	622
491	628
543	665
510	633
477	626
494	576
502	562
548	644
522	837
550	839
522	740
497	792
496	874
536	967
482	786
530	938
519	928
470	781
502	789
519	768
510	1162
517	967
542	722
499	725
507	766
504	696
494	826
484	769
454	759
506	882
521	758
481	881
457	796
482	857
473	649
500	784
522	959
503	973
544	690
423	753
512	602
552	653
469	680
465	578
467	585
456	746
399	786
512	626
488	591
489	643
425	586
480	677
501	643
556	835
503	800
491	581
536	634
510	784
434	593
464	646
495	688
530	518
506	634
448	617
478	705
438	654
460	530
436	584
511	581
490	573
577	549
540	633
610	813
533	847
548	740
544	542
515	515
449	486
499	610
459	545
407	651
518	545
445	582
475	508
495	709
482	763
432	616
484	640
523	728
523	682
478	604
466	738
449	690
505	558
481	567
493	673
440	807
479	897
448	908
483	765
523	665
466	989
453	814
483	938
460	747
453	828
449	726
457	733
514	735
462	772
425	684
516	738
461	750
505	808
432	838
466	746
486	588
499	562
498	510
494	686
537	599
539	682
531	806
475	856
527	1029
568	832
571	777
576	747
538	859
599	811
538	802
583	701
565	715
492	671
490	582
500	556
529	629
512	868
523	1085
540	783
511	767
547	855
539	731
549	787
577	831
516	587
487	648
572	732
516	644
529	725
511	825
476	625
501	973
479	864
531	905
515	809
452	783
519	728
545	732
537	601
620	843
549	822
555	752
545	752
494	598
530	711
527	632
520	718
540	636
591	784
573	770
532	674
506	709
540	698
512	625
546	687
555	719
588	810
504	869
603	840
605	684
446	760
494	857
475	819
559	742
447	808
582	643
569	756
486	836
562	800
468	691
468	592
532	657
551	618
555	702
555	715
466	667
508	627
498	645
521	648
506	627
481	697
504	531
531	738
451	674
476	640
485	625
501	675
481	833
507	843
533	956
496	847
530	850
529	759
518	672
570	749
595	742
592	892
511	1005
578	902
567	723
575	668
563	688
572	789
599	906
553	770
626	839
632	907
648	738
575	741
532	738
563	738
590	604
595	651
627	691
608	630
581	783
649	686
637	685
613	810
702	897
748	749
700	739
715	739
741	779
739	666
715	658
721	616
688	648
672	758
722	685
690	902
746	644
771	632
775	586
665	654
680	618
679	614
763	705
763	706
783	640
870	690
854	623
932	629
878	721
865	878
947	762
943	813
880	672
838	588
765	818
891	929
774	726
718	781
767	668
834	872
848	853
835	779
985	802
914	844
1031	825
1039	939
1143	818
1205	767
1207	817
1112	831
1090	858
1144	782
1090	909
974	669
1023	692
977	812
985	728
1077	758
1042	939
1071	914
990	1007
1074	774
1067	736
1233	847
1207	765
1326	752
1416	840
1521	840
1572	876
1583	792
1502	794
1592	688
1736	791
1885	788
1755	804
1753	828
1945	737
2023	693
2140	683
2200	828
2262	720
2380	713
2505	723
2518	687
2589	645
2594	757
2538	701
2471	659
2422	597
2562	665
2647	781
2708	762
2948	723
3088	816
3465	941
3576	819
3570	835
3898	985
4049	1110
4037	956
4101	1105
4071	1033
3878	869
3533	781
3274	860
3087	809
2889	819
2735	786
2542	770
2430	810
2494	793
2679	794
3070	724
3236	834
3289	904
3736	963
4080	812
4411	697
4139	615
3678	786
3635	877
3692	907
3549	761
2991	771
2464	764
2074	712
1935	754
1786	714
1689	705
1480	756
1384	713
1481	688
1554	638
1657	712
1710	783
1494	866
1425	799
1479	739
1614	826
1371	878
1118	772
1169	670
1213	657
1179	743
1094	794
1019	616
1088	687
1069	713
948	727
778	818
598	742
555	788
558	815
575	759
701	742
624	856
634	652
609	804
612	665
572	877
623	786
601	621
594	679
552	744
535	694
517	676
502	763
518	669
518	661
480	626
491	567
485	674
537	728
479	771
536	786
481	723
579	804
508	1159
499	964
498	860
567	828
550	918
513	947
528	1046
471	1086
498	994
427	937
430	778
512	847
515	777
506	698
539	650
483	633
482	667
537	548
492	654
522	712
505	631
481	706
532	842
493	763
440	883
547	682
483	646
503	710
520	855
517	776
502	699
429	735
484	745
478	925
456	1047
504	943
574	903
586	808
480	901
504	971
538	989
483	918
515	773
573	860
586	782
560	729
595	681
551	633
533	738
595	789
561	777
579	769
621	798
543	773
615	705
533	587
619	768
534	835
583	674
535	714
558	745
601	873
615	868
653	920
593	756
674	1061
585	975
600	878
580	816
603	892
587	917
589	811
571	1007
580	1000
575	983
545	1001
532	1115
602	1100
597	739
581	857
605	951
634	1043
563	777
591	1127
559	954
591	940
553	945
551	804
636	890
543	673
566	628
474	681
554	700
557	828
515	703
514	774
496	706
562	779
545	711
529	644
475	677
438	817
482	815
448	904
457	841
467	1126
458	986
444	883
499	802
484	826
470	753
530	753
529	684
456	735
423	747
461	913
482	787
479	739
495	838
511	590
451	614
483	646
451	722
542	850
521	995
546	674
515	785
468	783
509	678
548	558
459	719
538	720
466	724
477	706
468	801
469	722
498	815
538	718
527	736
569	777
542	694
498	648
505	698
466	634
470	604
430	581
444	604
495	519
497	568
531	659
467	646
532	854
479	989
462	946
443	960
464	980
476	946
408	869
516	896
527	764
486	788
521	840
507	938
497	889
490	802
494	666
499	657
515	566
482	594
475	648
529	751
490	711
494	779
568	803
455	766
527	678
460	852
502	803
551	682
538	565
533	669
477	745
472	792
442	675
541	630
496	706
523	817
547	748
557	712
476	650
466	649
512	843
500	715
557	756
550	954
564	788
517	741
573	753
466	803
507	850
513	694
511	713
474	613
453	915
443	805
494	676
534	710
561	670
486	957
490	755
500	807
568	813
540	831
527	786
539	864
537	813
541	713
484	742
499	781
519	853
534	826
560	644
516	687
527	700
465	727
596	783
595	782
595	704
557	703
539	833
486	729
580	774
535	819
531	843
551	874
572	968
542	1053
549	1180
542	1107
570	802
523	604
532	744
570	746
537	660
547	659
517	703
562	635
494	649
510	660
524	644
504	729
519	857
520	699
568	669
540	860
523	750
525	647
507	682
493	787
525	700
520	728
511	760
553	813
576	788
554	859
508	912
480	714
485	805
471	763
500	812
502	719
460	919
469	824
537	909
480	831
566	824
511	847
536	805
497	967
477	815
560	855
548	719
625	664
675	637
561	700
578	753
618	762
569	759
554	679
528	727
564	756
591	800
616	714
533	618
539	539
566	559
668	711
674	696
566	646
580	562
561	680
590	776
568	656
586	774
539	951
520	962
569	725
524	644
463	709
486	828
494	864
532	891
523	686
519	865
473	718
528	723
507	733
449	851
581	680
488	706
527	713
493	826
489	884
469	803
548	699
550	770
539	666
535	726
497	661
498	709
519	890
481	973
529	793
562	765
548	791
567	691
521	694
568	676
566	593
631	610
605	735
577	709
583	687
613	670
694	877
797	916
853	811
832	792
928	745
1047	683
1221	718
1498	932
1601	811
1677	753
1949	856
1922	951
1889	777
1880	721
1907	859
2184	707
2690	712
3332	681
3213	950
3197	874
3370	978
3257	878
3375	877
3262	908
3067	836
3683	811
4341	893
5129	980
5187	1088
5100	1057
5794	1155
6905	1121
7498	1174
7967	1093
7609	1087
7609	1007
6839	992
5869	755
5305	992
5824	1184
6022	882
5035	773
4405	739
3751	914
3676	1021
3857	773
3691	750
2892	653
2231	645
2301	623
2293	715
2364	761
1776	738
1469	774
1479	692
1502	762
1473	615
1362	679
1002	606
960	613
985	667
950	660
805	682
711	897
642	859
649	867
752	765
707	631
642	823
672	840
624	869
645	773
654	641
634	691
589	677
624	982
618	936
541	806
533	835
553	857
570	650
564	724
598	681
521	757
547	835
475	583
554	644
570	803
593	853
526	939
568	900
562	789
560	735
576	715
559	771
582	815
559	657
559	700
570	626
549	625
512	614
483	626
528	668
507	763
511	661
474	631
511	663
525	758
541	1003
542	942
508	922
514	897
422	743
513	757
523	686
551	811
497	893
528	874
546	884
460	802
539	767
533	1105
535	880
499	818
519	697
545	751
533	934
488	828
503	905
532	891
533	732
512	674
484	697
510	819
494	855
477	885
533	727
536	774
467	779
506	788
493	843
490	997
468	864
468	724
434	669
511	782
497	672
527	738
553	684
527	859
548	965
509	909
597	961
485	786
564	743
514	773
592	866
543	720
593	893
539	798
493	733
543	675
476	655
466	783
427	791
505	840
434	792
484	657
464	780
477	814
455	807
465	842
506	795
528	696
485	677
567	607
539	690
509	516
544	580
551	624
519	591
515	621
490	726
527	931
454	868
495	795
527	699
533	723
543	737
503	772
503	785
537	681
512	845
486	705
539	809
509	867
538	753
514	642
493	777
526	700
567	753
557	767
469	794
517	830
493	897
510	964
523	823
549	857
536	826
555	933
487	783
492	931
466	852
583	969
564	738
486	682
542	904
527	830
561	1002
552	1004
532	873
553	781
538	908
489	830
543	807
495	944
504	892
522	773
505	752
488	728
536	657
453	557
530	649
479	709
443	837
504	841
505	888
463	853
519	781
492	807
494	817
457	820
472	743
469	657
489	722
537	607
538	702
482	679
478	693
488	569
449	632
485	636
553	565
513	622
460	693
485	722
463	690
480	732
467	762
533	803
482	864
442	810
450	604
423	670
454	748
510	652
425	809
416	936
389	659
449	545
452	781
452	649
438	600
432	653
445	619
450	688
411	685
472	765
453	594
420	802
488	642
447	685
437	828
356	792
422	744
435	812
433	811
459	647
484	823
469	925
461	1105
513	1164
529	947
585	962
533	735
481	712
516	767
483	808
450	819
414	933
434	767
406	659
462	691
493	833
481	867
452	722
458	593
529	710
486	875
494	868
501	866
456	814
425	689
443	677
449	682
398	612
431	625
501	610
390	695
444	668
435	736
434	768
473	701
446	680
450	917
467	710
468	818
435	902
457	711
478	663
440	676
453	615
511	771
460	885
474	802
397	770
435	775
412	876
459	704
438	782
491	868
457	966
475	785
434	723
431	766
412	778
464	722
420	761
409	739
499	619
515	682
426	691
458	542
450	758
443	823
443	830
434	679
458	639
438	750
462	945
484	839
554	1060
493	840
435	703
459	686
479	678
460	701
451	890
449	917
454	1000
495	845
427	819
439	794
462	730
439	702
469	907
421	904
459	899
468	667
504	849
447	671
468	767
507	838
472	859
383	781
463	740
454	591
486	735
453	761
535	762
464	595
463	584
492	588
471	493
506	614
427	631
522	563
396	684
416	868
405	749
433	791
506	789
555	782
500	708
467	675
464	917
423	800
453	763
483	569
501	632
459	646
462	658
497	728
447	742
476	709
501	750
426	718
497	674
440	790
417	803
472	853
461	663
404	548
524	706
506	732
466	757
413	716
487	801
481	669
471	847
518	615
462	647
499	784
474	874
494	693
521	713
450	719
413	686
467	678
475	782
472	913
524	618
472	720
520	604
471	717
497	585
448	615
455	596
472	615
514	719
457	667
491	761
506	837
462	877
499	933
556	881
422	783
482	741
507	801
491	821
486	734
495	863
488	799
443	697
437	648
499	670
459	637
435	754
494	624
438	723
475	735
509	762
474	765
468	765
471	715
491	630
458	700
471	681
458	580
491	629
447	692
471	797
505	810
521	877
512	861
500	723
433	785
446	611
479	774
477	817
434	931
467	895
490	853
435	642
497	673
560	628
447	704
452	607
440	564
444	626
473	893
536	770
506	649
470	674
512	826
470	834
471	591
435	575
444	640
422	660
490	578
455	593
436	896
446	633
543	920
486	771
555	656
445	712
475	622
434	758
473	687
475	837
433	775
417	838
405	895
449	695
511	819
417	892
475	654
426	534
451	692
426	751
466	739
459	734
488	760
511	806
487	823
483	814
399	849
451	933
484	819
439	911
437	783
438	682
422	747
442	679
434	613
500	695
464	873
485	731
436	766
439	679
509	718
465	760
441	833
457	713
442	764
450	891
440	733
492	737
451	814
472	795
461	665
450	719
490	728
470	687
510	607
555	750
438	703
520	856
500	921
463	1008
478	837
469	883
569	819
529	818
584	784
622	724
562	716
507	689
550	796
478	653
481	746
492	744
579	865
614	919
596	887
598	772
564	727
637	670
611	751
563	661
548	688
657	702
691	741
702	786
625	712
675	760
598	857
680	800
724	873
701	897
690	821
564	788
571	771
570	805
541	826
532	711
622	676
491	742
462	817
505	933
562	675
528	657
584	768
539	731
548	859
586	742
590	743
619	740
522	794
545	724
544	664
536	677
452	607
528	706
474	717
546	785
564	974
556	865
577	854
488	967
569	897
545	793
538	875
590	876
496	689
508	795
493	725
564	762
537	809
551	853
548	731
583	745
626	834
594	752
630	719
616	720
626	724
702	648
682	609
690	710
662	714
669	634
603	638
681	644
685	658
675	686
695	778
712	673
722	739
734	539
773	731
734	712
725	767
695	757
686	733
774	722
793	682
797	597
770	661
879	689
982	832
1154	751
1147	699
996	706
985	714
1100	703
1090	608
1003	779
981	747
1157	914
1117	887
1224	671
1229	841
1049	618
992	715
1044	803
1061	718
1048	825
1058	770
1126	837
1183	843
1267	681
1321	763
1310	875
1087	984
1283	907
1480	728
1563	772
1449	879
1419	789
1372	754
1180	656
1191	708
1147	800
1090	797
1039	761
1052	832
1000	682
1015	671
1071	810
968	574
979	525
949	669
924	565
956	604
985	744
985	697
1014	720
907	916
975	921
965	848
907	770
975	833
895	817
877	691
829	663
835	794
859	917
756	684
830	769
817	701
773	775
781	886
848	654
856	637
796	486
854	709
819	779
856	671
869	672
800	967
830	746
883	669
909	654
892	669
897	677
847	656
756	747
862	927
816	780
905	901
956	747
891	688
973	641
1008	656
969	765
940	663
1065	722
1174	724
1142	588
1150	756
1068	695
1103	697
1116	748
1101	631
1047	777
1077	799
1084	930
1061	862
1066	813
1083	760
1141	682
1058	601
1157	577
1360	752
1361	749
1356	739
1436	814
1522	849
1573	801
1713	689
1829	884
1887	945
1781	755
1658	751
1717	655
1714	836
1582	866
1579	729
1490	723
1510	674
1491	719
1539	707
1524	748
1672	833
1806	704
2075	723
2102	809
2307	677
2451	672
2577	684
2720	707
2765	584
2517	728
2308	662
2090	700
1935	804
1915	714
1723	761
1609	732
1569	815
1649	862
1701	688
1816	668
1902	715
1954	852
2048	1039
2105	901
2205	810
2296	788
2349	744
2200	862
2133	852
2116	897
2073	938
1933	1007
1687	747
1629	715
1499	705
1482	663
1468	814
1356	663
1248	761
1273	735
1229	852
1298	851
1265	750
1211	666
1135	672
1177	705
1092	690
1080	622
933	556
903	684
871	623
939	750
863	837
890	721
795	718
860	913
862	948
885	802
807	722
786	658
718	617
747	777
683	818
714	953
609	732
616	982
729	1017
674	888
728	779
753	769
747	778
802	644
758	628
666	628
679	694
749	688
662	848
645	779
757	841
707	776
785	631
865	573
815	601
885	808
843	704
857	765
1006	734
923	616
891	804
974	656
978	526
880	687
952	589
902	664
819	704
818	781
869	846
871	776
949	865
888	987
671	794
573	768
565	671
557	690
598	788
604	716
584	676
601	753
560	779
580	724
589	728
566	853
547	860
527	901
531	932
517	862
462	733
513	696
553	869
508	723
456	759
482	786
454	753
499	690
520	559
446	525
466	524
500	642
527	560
507	601
507	515
512	500
489	660
502	712
461	859
483	662
459	607
450	639
486	666
530	696
498	766
456	655
468	790
538	781
515	790
486	790
547	881
519	771
520	907
496	732
444	773
490	817
484	671
480	639
509	600
488	738
472	698
539	644
515	769
464	935
529	803
502	701
538	761
456	787
467	729
411	850
405	753
420	767
422	682
431	664
541	617
523	800
423	844
464	730
459	801
418	827
467	736
482	748
484	840
474	780
432	848
487	729
452	726
465	916
511	769
476	823
494	765
475	752
532	721
458	686
511	712
457	610
542	632
498	721
523	720
499	793
552	717
535	771
508	741
507	654
514	731
496	785
571	680
508	909
490	847
506	816
560	891
501	684
505	697
583	858
577	929
526	894
488	892
525	949
490	781
466	767
526	603
581	621
499	694
503	785
543	524
565	551
576	619
506	732
492	565
511	644
535	540
562	546
531	656
436	859
470	829
534	808
544	864
608	719
593	675
554	704
664	725
619	825
618	741
627	867
635	766
587	758
587	800
577	886
621	690
565	855
593	832
600	661
517	590
569	797
565	775
536	870
522	1007
571	995
537	872
514	771
562	746
513	900
498	728
544	914
498	899
501	651
550	629
591	738
575	766
658	819
603	759
625	845
574	724
631	945
632	824
640	718
620	667
577	878
578	885
582	775
586	841
489	889
526	715
535	741
569	756
507	653
540	596
527	714
589	793
525	720
538	748
588	603
578	640
558	842
573	855
559	874
647	730
578	746
531	747
538	640
564	746
514	735
537	670
553	673
500	671
509	661
532	641
537	740
547	758
558	921
550	740
578	879
515	927
612	822
552	752
616	816
617	961
549	830
529	882
533	666
632	778
631	748
581	805
574	697
551	631
531	759
560	684
563	745
605	753
516	888
521	849
563	980
529	977
550	980
543	951
496	1000
559	786
589	862
571	854
585	739
543	791
555	662
608	784
588	761
526	789
497	756
532	687
529	642
547	590
490	625
533	678
500	532
508	710
507	655
506	676
490	662
527	670
563	743
576	784
543	782
556	794
449	861
557	808
517	699
502	688
568	668
499	700
507	630
506	816
521	764
565	858
566	820
522	908
567	923
542	848
519	788
475	592
502	658
577	793
535	747
556	776
537	638
503	713
544	681
473	748
506	921
529	857
502	830
471	618
449	751
478	967
527	866
563	758
565	736
507	848
520	934
476	849
472	712
525	781
565	742
484	738
494	789
482	732
515	741
523	812
520	683
452	644
460	651
531	565
470	626
503	644
520	651
489	577
535	667
492	853
479	840
480	815
513	777
454	880
472	558
505	749
464	635
483	626
425	667
431	710
461	706
463	747
497	839
457	941
464	781
455	651
551	728
433	730
477	580
504	648
477	722
443	737
498	650
561	760
507	828
543	777
556	800
471	716
567	708
547	597
555	777
551	726
599	585
513	739
578	661
475	725
514	635
505	705
474	598
548	774
530	833
527	750
513	592
486	523
548	580
589	609
554	725
631	711
564	541
643	747
600	661
740	949
674	821
613	747
725	719
728	783
753	716
721	629
793	660
753	611
795	715
781	640
809	581
755	583
771	514
845	586
795	630
751	766
840	750
813	639
800	736
754	777
813	643
850	741
858	898
729	837
747	777
661	818
737	759
638	734
650	717
616	773
683	835
620	943
626	777
539	708
546	911
519	592
518	682
549	796
548	818
554	784
570	858
590	821
552	699
530	903
471	974
547	890
565	885
636	767
536	747
611	715
512	663
577	598
589	584
626	716
585	917
548	817
540	643
523	631
584	547
571	675
591	679
559	688
605	658
534	670
568	674
623	645
544	728
570	617
552	731
600	682
535	658
591	596
541	593
571	756
578	706
607	768
569	795
601	632
607	660
564	719
642	723
634	633
595	702
559	777
567	643
615	587
583	617
555	581
666	682
632	656
631	797
634	791
556	770
596	754
554	711
564	698
522	793
535	826
621	611
606	590
498	816
562	772
598	754
544	772
590	737
587	669
571	745
559	890
549	776
621	737
657	751
637	748
583	893
575	837
555	684
630	782
591	660
677	676
670	866
650	839
584	816
539	854
655	904
671	677
660	730
681	640
589	601
621	679
637	665
618	775
662	656
609	655
577	622
621	668
610	680
654	668
695	628
651	643
641	572
589	581
642	700
703	636
796	729
761	582
665	646
663	695
641	588
585	552
618	628
667	591
639	628
718	617
643	536
682	518
632	708
655	803
641	847
645	726
603	768
556	673
590	611
588	679
638	762
643	727
629	798
634	674
623	673
580	972
609	816
609	707
632	719
567	665
602	625
589	817
599	693
630	822
598	703
599	801
589	682
576	707
616	854
626	892
671	920
630	849
616	694
646	714
660	786
682	846
668	901
734	984
646	831
702	630
784	848
716	703
781	675
832	883
838	862
892	735
1035	622
964	715
1106	793
1154	866
1212	809
1190	1090
1179	853
1089	775
943	874
809	689
898	685
936	646
980	736
1032	645
989	724
925	836
915	877
884	805
809	701
813	943
722	822
822	743
849	793
728	873
629	832
557	709
565	719
612	798
632	827
578	681
559	711
607	755
576	768
526	706
507	818
551	727
580	926
552	843
498	751
532	688
502	729
502	798
481	571
514	697
543	640
480	699
467	639
490	672
535	591
524	610
444	765
475	713
462	674
438	752
463	644
478	674
497	805
490	871
511	791
454	862
441	776
493	747
468	797
525	916
472	1024
450	884
454	786
431	724
437	694
477	543
453	593
480	654
488	654
466	645
440	672
486	573
447	668
461	667
452	756
457	801
532	661
485	760
488	815
438	974
490	717
479	730
479	536
496	618
542	726
539	696
490	859
497	616
493	716
468	728
515	728
486	976
522	962
547	931
515	847
547	925
593	862
596	853
559	798
500	742
491	639
554	770
547	755
560	865
513	786
505	753
513	640
491	734
524	720
496	868
510	915
512	889
503	767
502	808
434	780
473	734
458	735
482	707
493	725
436	613
437	589
436	683
429	592
434	652
470	885
431	930
505	789
432	929
380	918
376	678
392	768
414	698
457	671
433	741
456	674
478	978
454	833
514	779
434	673
410	576
427	573
493	531
463	671
458	657
423	621
442	557
364	646
404	591
381	581
472	712
464	694
468	551
511	539
505	640
525	659
467	689
496	666
442	698
583	679
512	638
465	774
425	746
454	861
526	699
481	741
522	677
512	832
519	899
469	649
420	620
484	578
457	627
460	697
435	783
457	756
407	727
442	679
417	759
440	881
521	857
490	701
438	672
424	836
507	697
490	658
493	732
494	674
503	743
468	825
445	683
402	661
402	833
428	767
524	645
510	574
438	774
519	669
469	574
408	741
423	906
548	689
439	655
469	548
451	584
448	721
476	657
439	581
462	627
475	533
473	752
472	800
533	630
535	697
478	654
466	761
480	830
501	785
477	600
526	599
420	636
464	775
493	851
426	793
492	713
455	830
544	683
480	710
450	847
417	761
512	672
426	698
443	898
424	803
430	924
485	804
545	881
587	666
569	902
493	770
520	571
557	822
640	802
588	967
573	834
570	709
535	694
560	640
592	693
503	749
547	790
536	811
578	718
589	740
551	792
585	847
675	1011
673	936
646	919
550	867
570	1072
513	1169
501	1022
491	742
531	684
492	695
504	761
478	729
509	705
439	700
566	715
494	576
572	676
507	782
502	657
494	595
450	597
479	717
547	811
521	835
466	751
461	645
471	635
505	602
463	580
427	596
442	747
465	677
513	651
502	631
469	729
498	676
455	612
459	649
510	623
488	837
519	701
593	700
551	717
528	866
483	818
463	739
528	624
484	641
484	656
494	770
472	691
482	641
543	782
510	861
517	1077
530	885
557	754
467	782
487	765
514	742
493	684
525	576
541	701
520	857
554	736
530	776
551	680
550	673
583	946
609	920
571	777
609	813
553	758
586	870
610	705
540	682
594	836
559	719
584	770
576	717
545	720
570	745
604	703
629	737
647	859
697	829
729	816
731	740
698	641
742	624
706	635
716	657
715	566
677	687
733	579
719	752
698	616
816	693
799	656
853	673
969	726
991	691
1008	684
1135	836
1022	664
1049	697
1037	745
1054	769
1100	759
1063	801
1108	830
1186	813
1243	729
1473	874
1695	764
1893	887
1861	793
1797	816
1949	801
1901	919
1841	920
1501	837
1478	752
1325	781
1205	724
1214	789
954	750
878	650
772	954
738	852
747	768
595	665
618	889
603	851
562	871
507	1008
503	694
493	814
493	732
519	777
486	767
519	699
555	696
479	855
446	974
503	857
554	684
615	705
543	663
593	704
536	682
541	715
504	619
565	663
560	652
545	610
597	799
591	785
558	725
545	737
525	708
592	724
492	842
494	715
578	746
529	603
543	727
528	762
504	810
506	845
484	781
534	769
490	898
496	873
448	823
421	784
447	789
485	773
515	680
473	906
508	717
452	757
453	700
453	578
467	641
505	807
545	722
433	705
498	657
472	723
466	752
464	967
454	899
467	924
480	815
460	719
475	870
523	886
524	718
480	635
522	610
524	636
493	669
459	623
513	673
566	658
564	622
509	687
488	585
571	592
541	638
518	606
524	540
541	656
498	725
516	771
484	662
505	591
534	583
549	842
527	629
488	588
561	855
552	585
511	663
508	593
522	558
561	712
499	749
491	630
453	575
485	739
459	779
439	773
497	682
465	898
468	884
483	720
506	862
478	790
480	853
406	723
422	897
472	911
537	744
502	703
479	820
462	793
451	960
391	874
457	1014
488	780
471	770
484	883
407	791
465	701
521	801
509	808
443	921
506	910
499	1049
401	976
465	833
474	782
459	879
460	685
477	856
527	714
489	689
570	824
468	806
451	665
491	629
464	862
451	984
489	836
524	999
459	815
541	825
604	820
637	789
634	651
671	629
590	701
684	811
561	795
608	645
677	647
555	886
594	785
536	827
537	743
541	712
519	730
465	875
458	823
515	684
442	649
461	887
440	874
488	777
458	729
461	819
508	796
502	859
460	831
445	724
441	750
425	786
486	659
486	591
496	602
517	737
493	1029
515	698
451	758
507	782
494	732
499	805
482	860
453	847
411	818
431	810
438	748
422	707
448	568
497	671
487	645
481	720
464	716
466	747
425	714
430	591
425	627
503	692
440	720
396	754
437	865
444	645
473	848
493	843
518	772
448	847
459	683
482	734
479	711
463	800
479	692
442	630
466	622
475	711
495	676
415	812
539	597
506	683
481	730
449	660
528	549
517	579
483	631
541	609
547	671
549	720
533	787
514	771
504	663
555	711
544	743
514	871
572	936
553	966
