533	689
540	718
551	725
504	903
588	756
533	1040
485	899
492	816
579	937
523	865
522	816
549	895
607	889
526	826
552	914
514	828
556	847
557	922
525	882
569	809
576	748
555	818
580	761
559	738
631	627
691	737
678	596
637	642
634	568
739	731
805	699
843	735
731	745
837	772
855	621
994	763
975	805
939	802
934	761
1113	894
1157	868
1318	770
1362	768
1343	639
1518	769
1597	788
1699	792
1797	652
1588	554
1654	649
1714	704
1825	779
1706	765
1774	676
1926	952
1845	838
1784	757
1859	750
1957	855
1799	999
1822	767
1926	778
2013	828
2345	894
2623	891
2384	890
2168	854
1959	928
1966	871
2143	916
2176	1038
1906	950
1399	946
1385	895
1293	883
1345	876
1201	862
928	883
1002	811
1033	738
1094	741
1021	754
779	720
795	806
741	700
876	737
700	885
611	645
584	569
601	644
532	654
635	705
560	634
533	582
629	560
592	544
516	608
548	646
572	783
531	819
527	892
542	876
566	857
608	722
578	809
538	901
527	913
520	788
525	866
533	788
503	717
532	676
530	752
533	850
602	837
586	792
599	945
527	866
611	694
561	806
519	852
566	754
550	743
550	706
666	661
661	615
651	605
744	722
742	900
877	760
862	790
917	855
850	1020
825	975
964	844
958	845
853	694
833	654
894	704
966	897
968	956
1170	953
1264	1045
1250	912
1269	1142
1161	975
1240	892
1199	829
1181	908
1144	847
1142	762
1137	899
1284	895
1267	860
1138	761
1051	759
861	768
1023	683
1059	665
1029	746
938	575
859	632
800	681
942	665
946	819
881	775
783	800
629	798
763	881
771	766
683	611
668	635
660	690
576	645
533	752
583	708
541	735
555	736
573	686
606	755
548	635
597	551
640	537
567	764
564	669
530	604
482	539
523	612
635	686
724	753
607	692
577	632
531	706
561	693
514	934
544	646
575	629
557	724
545	740
581	629
606	558
553	703
620	874
749	874
741	901
666	885
627	810
731	705
685	673
725	772
669	759
686	842
624	767
673	769
845	709
765	623
725	664
782	634
902	714
959	574
959	616
982	730
848	810
926	707
830	759
817	613
780	794
792	702
827	469
846	555
856	635
832	773
832	915
759	741
728	712
771	800
685	633
669	673
667	568
695	709
629	726
678	704
764	855
580	753
597	716
500	770
520	952
581	771
614	894
574	881
587	811
557	827
619	672
568	621
540	607
467	672
524	624
505	581
498	701
525	704
567	621
553	642
521	568
504	683
536	682
569	803
572	884
539	827
573	760
521	718
574	761
547	794
516	691
564	724
595	845
537	732
524	600
575	550
532	632
511	754
596	765
549	708
637	804
595	737
566	869
534	778
496	749
557	797
510	719
458	539
517	620
499	672
468	742
511	630
523	787
553	809
615	762
549	665
594	702
594	666
544	846
552	1096
455	698
520	775
496	669
535	632
549	662
577	615
490	562
548	717
562	597
555	540
549	669
529	682
577	677
655	552
589	519
612	588
718	592
646	779
711	801
811	655
798	713
719	806
742	670
725	639
610	724
560	651
634	648
568	669
543	538
548	595
534	612
558	498
528	552
563	699
503	586
468	564
547	632
489	525
553	565
616	609
569	765
587	589
568	673
557	714
518	612
496	543
506	767
500	772
522	546
563	589
576	563
585	634
592	804
531	743
460	642
534	697
660	685
613	600
522	777
535	674
519	549
521	542
509	760
595	687
537	758
489	825
562	634
547	686
556	580
427	629
535	589
520	727
529	613
542	601
545	619
553	567
538	763
500	701
585	770
568	793
552	724
522	766
546	762
602	753
560	721
576	716
580	792
650	832
560	793
607	831
589	843
563	745
545	787
586	815
568	534
583	677
605	670
562	800
560	812
590	785
610	837
494	730
537	761
590	964
605	864
604	857
540	845
592	800
556	740
631	880
618	832
597	694
585	626
552	658
541	719
545	669
621	577
525	755
644	742
576	808
546	842
542	804
558	733
570	841
583	783
585	609
608	639
615	580
624	564
618	539
526	515
573	487
542	535
506	533
534	629
528	860
590	703
578	695
574	636
573	627
619	878
624	684
711	838
634	868
664	838
662	827
638	788
664	796
657	682
616	792
648	718
657	590
653	651
643	666
653	665
641	761
688	736
682	791
687	825
673	836
637	731
660	764
767	777
800	695
781	692
673	698
753	799
646	656
649	686
722	697
640	650
646	704
703	698
661	725
712	753
665	743
697	920
716	784
645	718
665	710
576	620
688	651
682	637
654	681
737	767
688	784
721	721
734	798
708	761
691	740
751	941
745	985
727	976
637	1008
713	894
663	723
776	755
712	664
689	657
693	719
672	557
713	601
719	514
750	686
704	788
786	835
721	613
713	739
777	657
696	786
730	876
728	846
764	675
830	624
787	614
789	668
804	786
762	661
768	744
717	749
791	772
799	817
691	733
666	771
646	805
630	694
727	531
635	597
662	679
689	748
708	958
777	849
709	926
839	851
848	821
884	755
791	866
814	806
823	923
766	799
766	775
764	792
754	794
911	813
852	820
800	1045
832	964
755	780
752	846
826	953
898	770
797	702
743	736
848	795
796	642
825	788
882	695
796	704
732	660
726	784
653	659
692	645
658	854
752	838
756	840
682	750
657	793
676	824
684	1035
777	1135
772	996
825	840
782	798
736	897
810	764
744	717
689	811
680	824
741	894
759	767
686	896
758	813
691	836
722	688
665	709
731	725
605	840
681	954
647	732
673	536
657	530
681	497
616	545
596	627
695	676
731	823
740	835
633	655
748	662
639	800
613	677
603	797
649	850
588	551
715	633
637	643
616	628
609	695
636	668
641	619
740	597
655	524
682	575
662	550
620	529
586	589
647	535
628	669
679	756
736	891
739	825
631	754
652	886
582	859
656	879
605	711
610	543
558	751
608	877
629	764
555	774
632	613
605	767
635	653
568	626
614	818
683	774
632	697
701	720
716	731
684	766
648	737
619	828
568	647
565	717
636	709
654	731
616	718
612	749
702	780
609	685
641	790
637	731
633	688
656	683
584	635
620	615
584	605
574	603
614	681
606	698
581	641
549	690
683	641
636	673
564	808
576	746
591	671
635	767
547	566
627	711
551	785
571	696
631	615
584	637
629	749
616	750
572	757
589	859
581	632
560	656
585	706
573	813
603	678
609	632
530	621
591	634
600	683
630	669
630	752
601	664
669	624
628	543
588	675
594	637
545	593
590	525
591	605
593	627
606	752
649	781
563	817
581	935
588	654
550	661
554	710
560	945
532	990
553	1014
566	957
514	732
605	671
593	627
594	658
614	802
618	700
574	798
590	654
575	605
591	608
612	724
555	738
533	692
576	734
576	736
660	849
631	672
615	798
575	996
545	768
584	833
575	788
590	892
601	791
634	723
589	826
524	1074
541	807
539	849
608	656
567	656
573	691
599	690
614	611
587	643
575	533
499	606
483	611
669	597
640	688
612	628
636	773
621	828
635	782
573	797
596	595
595	593
581	560
606	614
578	609
553	801
601	873
612	803
568	814
606	663
580	668
590	729
563	722
524	725
526	751
563	665
517	801
590	724
554	652
606	686
582	891
603	952
543	793
629	740
605	728
465	707
596	678
548	730
529	676
527	768
514	804
567	815
598	867
564	801
493	739
571	752
522	706
514	766
541	648
547	734
544	785
589	844
627	843
568	842
643	823
583	805
551	783
476	634
535	733
607	692
599	720
558	849
476	896
508	862
519	750
554	790
588	757
555	810
553	837
537	668
513	729
552	813
582	929
588	766
533	654
561	846
506	866
571	980
547	813
608	897
629	761
541	744
540	699
543	870
530	1046
525	839
500	748
553	735
554	899
615	744
594	797
509	986
634	1012
710	1012
753	888
628	783
630	747
583	682
670	900
773	950
755	834
708	693
716	809
546	651
637	748
702	748
647	663
666	603
646	691
631	731
589	774
588	741
621	695
638	712
622	902
595	850
565	620
609	649
566	592
640	632
622	528
579	711
625	727
613	703
603	535
673	537
581	626
588	626
606	681
572	539
581	600
604	649
562	749
594	581
603	707
616	578
620	686
577	604
564	628
628	698
622	805
598	806
564	866
534	700
549	764
613	661
565	673
537	691
539	712
571	676
620	729
547	656
577	546
593	681
649	613
623	672
584	687
600	623
656	628
603	508
527	498
571	597
594	601
536	566
570	463
606	602
604	644
603	780
614	778
562	765
540	696
481	715
484	784
517	725
522	818
599	668
563	737
630	697
615	701
581	709
561	780
623	678
639	779
669	673
695	801
753	818
730	593
750	662
733	691
666	692
623	701
587	759
572	654
538	701
546	645
527	668
612	737
562	692
569	832
596	848
601	743
500	686
626	832
602	796
585	928
642	789
573	619
512	694
525	677
580	827
498	769
587	587
577	667
536	770
538	664
579	828
589	714
604	617
618	739
654	694
585	625
534	731
600	687
539	736
586	866
558	652
541	711
543	668
587	646
611	812
569	720
573	682
556	751
566	877
526	857
515	818
605	769
654	767
600	639
569	670
594	705
639	775
611	713
625	716
558	815
594	621
641	667
582	658
586	665
651	848
609	860
617	704
610	604
551	628
586	691
518	707
625	601
655	694
616	762
592	972
488	868
536	769
535	775
586	839
572	704
560	688
572	811
520	754
501	883
610	763
590	774
573	864
540	841
601	759
627	836
588	845
600	757
556	853
571	759
565	744
564	863
580	872
544	831
518	690
488	849
463	658
524	459
511	705
484	737
515	496
501	614
552	626
536	657
536	683
503	639
570	726
551	909
618	831
579	728
555	596
582	776
582	668
637	655
539	683
550	836
555	706
517	671
632	735
539	766
546	831
577	649
635	758
512	825
639	858
585	887
579	725
639	976
552	811
541	592
585	777
559	721
606	704
636	726
587	658
579	733
568	856
553	787
550	782
530	873
573	827
542	749
548	586
602	555
553	619
540	673
492	666
581	689
524	784
521	805
548	947
492	765
525	799
513	828
559	686
602	670
527	515
561	619
546	656
650	848
556	740
603	751
617	580
604	581
590	806
588	818
559	754
561	559
597	626
556	693
635	823
569	707
583	804
563	647
497	798
517	831
548	773
566	787
517	597
564	820
508	798
524	900
522	788
469	776
515	802
535	668
530	636
590	610
525	567
501	661
500	579
492	633
544	700
577	778
552	842
599	807
570	811
565	658
522	686
563	555
599	718
543	754
589	587
466	742
515	646
585	613
495	719
607	752
520	724
554	733
582	568
578	749
593	692
570	756
526	669
495	832
539	790
578	772
584	622
599	674
545	710
672	756
656	789
542	615
486	578
501	569
523	536
469	541
531	705
551	704
504	689
551	838
602	708
595	872
562	774
637	640
607	710
651	685
600	685
560	826
632	626
575	713
592	602
605	660
534	550
543	680
588	594
514	642
608	738
645	723
587	780
606	763
586	770
589	744
616	578
550	609
552	554
597	654
575	561
526	616
574	672
578	786
554	930
549	951
566	833
581	805
597	681
602	772
557	750
522	805
539	762
576	720
605	921
560	775
539	677
538	734
546	645
516	706
606	747
590	724
596	690
597	744
602	693
552	649
539	745
506	731
505	613
551	659
540	660
532	717
561	829
588	757
636	723
595	720
561	719
575	847
531	672
547	743
512	687
527	618
511	705
524	716
557	692
598	639
562	782
544	620
548	720
604	829
574	773
588	674
640	614
641	564
651	626
607	598
601	579
677	697
593	708
570	774
609	732
602	745
600	786
625	664
562	637
558	596
601	785
606	650
645	750
767	823
802	728
738	798
758	883
701	779
771	758
725	831
664	834
670	714
647	955
629	817
660	882
683	973
664	745
633	577
570	688
603	901
656	857
641	893
549	731
565	722
599	742
565	735
569	760
603	756
552	684
592	817
498	803
494	727
512	620
505	722
503	752
539	789
576	762
547	814
558	1082
532	903
524	702
561	700
610	811
511	735
544	642
558	791
557	1065
486	981
615	1003
512	879
585	792
549	942
558	1097
518	1074
518	912
612	1019
620	913
539	898
570	1105
610	832
628	1021
589	994
617	796
537	755
534	869
572	692
651	800
531	869
503	848
503	716
576	720
634	810
632	798
647	872
575	791
627	817
710	879
716	876
683	827
746	721
750	778
804	847
763	728
734	594
658	582
720	745
726	736
622	861
604	666
665	619
691	764
717	755
713	750
675	729
632	700
702	584
735	642
710	663
697	760
677	861
680	818
752	618
738	574
644	695
631	661
669	782
706	630
612	641
682	640
651	548
671	728
677	790
619	843
689	867
634	735
639	614
718	683
647	639
668	788
638	702
627	892
642	654
618	797
631	985
730	787
674	696
779	641
738	653
708	725
730	664
664	556
682	717
672	735
655	668
676	549
710	629
639	712
656	665
650	720
659	722
769	645
789	813
800	701
793	709
837	704
912	628
812	671
859	837
936	972
937	896
895	708
944	689
888	631
878	632
939	709
876	674
893	736
883	793
933	851
1026	736
1012	625
967	587
1158	767
1121	911
1161	919
1199	894
1165	799
1260	620
1216	725
1286	654
1314	915
1318	722
1366	666
1379	722
1367	699
1409	820
1288	757
1303	717
1204	708
1367	649
1333	664
1193	618
1298	592
1198	624
1283	732
1312	827
1276	741
1197	741
1304	828
1324	720
1391	714
1392	649
1256	737
1323	662
1375	713
1366	840
1218	877
1180	898
1029	659
1056	695
979	782
956	712
896	769
951	812
939	632
823	748
840	741
753	754
728	636
708	623
819	795
704	900
721	674
660	783
655	782
707	904
700	805
684	716
573	635
616	649
623	667
618	672
648	694
648	646
584	762
518	694
598	706
592	721
572	700
564	785
573	660
558	759
534	811
598	662
539	564
550	653
504	813
565	679
551	708
593	661
564	703
538	776
579	822
608	881
564	685
560	964
622	891
558	648
545	730
527	653
508	823
541	742
540	749
561	771
572	809
538	811
610	694
580	660
584	951
649	896
680	778
622	669
694	785
681	663
669	857
766	765
836	985
786	883
809	848
719	836
808	909
768	1180
747	905
736	944
779	862
787	851
790	797
741	986
712	759
663	844
682	810
678	817
649	936
729	753
668	827
645	860
650	761
562	707
580	800
590	913
608	746
550	839
528	735
535	693
585	769
565	855
557	897
513	806
616	759
527	777
561	733
575	785
581	858
611	734
544	710
580	742
564	897
569	891
568	821
584	779
567	875
569	774
540	656
583	688
639	662
537	701
586	787
622	1170
580	1095
576	773
570	723
537	700
611	857
609	732
511	865
546	728
569	830
522	791
529	710
594	732
614	930
586	939
563	932
551	763
474	935
541	906
564	767
541	680
590	666
560	738
561	640
590	657
519	664
525	807
508	543
572	656
545	830
526	825
536	766
532	667
535	731
544	798
547	883
570	781
576	902
527	843
510	784
550	946
588	761
580	1068
510	930
560	726
542	799
531	674
497	764
545	865
513	851
559	668
630	778
572	927
533	901
579	1014
561	794
613	824
527	725
600	997
532	1180
623	1028
579	1009
600	869
560	844
522	676
552	762
528	801
520	694
536	700
538	930
531	863
515	1032
527	832
556	684
524	724
493	756
500	735
577	789
580	676
582	635
528	690
464	864
502	678
567	595
601	561
546	606
509	646
569	602
588	707
615	629
661	690
597	733
589	936
563	823
614	950
622	791
615	878
590	957
603	906
591	909
612	886
634	883
604	653
629	838
661	789
603	787
569	737
556	571
556	579
619	729
613	714
597	702
606	634
599	574
692	669
586	749
608	731
600	616
605	667
545	824
552	658
607	835
610	743
649	653
621	773
613	649
580	738
589	826
667	856
713	943
646	632
645	734
647	650
746	693
659	805
612	543
640	585
603	597
540	762
558	792
582	849
583	800
542	897
566	781
643	872
520	673
504	479
589	596
538	820
552	551
524	713
570	848
586	624
616	623
595	609
612	603
630	599
549	571
584	864
582	741
608	855
554	777
579	738
639	692
511	668
587	829
645	825
630	672
644	712
608	784
638	805
601	896
491	796
504	687
524	693
526	611
503	681
481	588
533	671
567	752
526	656
554	778
510	963
490	795
547	788
570	736
550	725
540	725
468	606
544	658
457	453
524	773
499	644
507	815
476	858
489	635
521	766
578	762
511	637
589	742
550	684
569	665
598	778
563	740
567	781
514	810
548	632
522	668
513	666
597	771
500	709
561	711
476	578
490	745
535	629
553	596
532	633
553	649
560	619
630	648
601	797
571	800
528	904
557	761
577	819
559	713
580	572
605	686
561	659
622	702
584	730
583	820
572	811
596	716
539	838
601	790
584	726
571	748
596	847
644	755
617	740
659	711
528	637
600	739
591	893
580	688
583	728
612	834
590	595
582	743
677	817
672	921
639	773
571	645
556	621
586	753
575	885
549	890
567	883
510	761
504	816
545	716
538	816
536	740
546	754
571	842
612	827
541	617
652	784
630	890
559	719
634	727
547	597
538	648
519	625
508	572
510	629
522	774
528	658
414	665
524	754
572	756
452	829
530	827
515	738
499	735
521	671
487	667
489	812
560	835
592	908
555	742
484	772
478	715
561	813
484	784
506	705
522	639
451	676
515	659
554	594
577	564
554	533
562	519
574	616
538	556
535	682
510	546
480	535
478	656
557	524
553	649
627	650
557	706
618	757
588	809
532	737
558	699
600	738
595	614
565	752
567	877
518	859
478	740
564	841
646	821
627	688
558	784
539	655
537	842
560	781
533	784
534	730
559	568
609	485
578	535
555	590
555	693
530	683
569	747
598	686
498	770
543	761
566	751
523	867
549	804
527	733
576	728
537	749
507	846
557	860
523	850
536	773
543	802
491	728
502	805
521	791
558	722
551	907
511	948
496	952
511	757
478	633
444	631
520	534
524	589
572	812
544	702
554	707
502	667
492	605
486	542
528	633
526	695
505	765
597	794
587	809
540	821
545	660
637	801
605	906
621	721
573	798
534	640
510	681
457	552
516	601
550	600
527	645
480	609
590	562
560	642
608	537
593	690
556	621
606	745
598	867
620	808
631	722
617	664
619	652
596	656
612	842
591	650
610	647
557	752
556	769
605	763
750	738
722	676
669	675
764	683
802	786
978	923
1170	944
1179	863
1220	913
1124	681
1170	592
1137	569
1168	643
1237	713
1102	668
1046	692
896	508
914	614
958	648
836	608
762	682
759	679
747	646
774	770
787	840
739	672
742	806
680	780
656	711
715	742
662	737
602	824
723	986
686	912
642	692
620	692
624	702
665	693
658	716
682	730
654	612
596	672
594	674
632	613
645	523
663	577
582	742
579	592
649	634
724	613
724	542
700	753
731	675
712	531
704	647
787	693
706	845
725	720
735	783
773	823
751	759
652	897
727	860
761	856
688	723
694	691
750	748
805	885
740	881
716	798
614	795
687	858
750	859
765	894
721	746
720	764
701	708
738	815
689	700
715	703
784	738
810	657
753	679
771	616
930	643
871	861
857	742
928	755
938	838
878	731
943	900
938	774
815	922
816	804
773	706
784	701
803	867
736	800
754	713
698	766
776	787
801	897
844	963
1024	724
993	636
947	682
1017	630
1128	598
1084	628
1130	834
1144	937
1112	699
1029	835
1034	739
961	587
943	638
908	527
851	623
872	826
896	714
855	658
964	685
841	761
966	553
888	630
1014	604
1034	608
1104	714
1148	584
1203	777
1281	651
1178	704
1082	617
1062	702
1013	828
988	657
1013	572
952	715
769	747
818	825
763	842
753	799
734	799
835	804
753	686
830	795
892	1060
997	905
1003	944
1157	844
1104	829
1033	856
1067	753
1057	937
1059	904
938	802
962	749
859	747
834	898
778	822
742	768
694	787
682	714
688	760
782	677
723	600
689	691
622	631
653	600
645	660
658	662
605	700
618	643
685	794
664	877
720	757
609	933
550	703
693	733
603	647
623	823
645	969
576	921
572	855
667	930
653	1045
539	1054
553	959
584	830
580	638
505	657
540	674
527	851
495	833
483	767
564	854
562	759
592	750
558	726
563	745
528	629
510	633
522	617
470	645
567	596
509	620
488	695
535	646
527	702
505	732
512	555
437	547
511	709
493	671
535	679
494	657
463	760
442	786
456	831
490	825
509	684
534	624
473	652
510	843
537	830
522	803
531	817
532	812
558	735
575	857
562	737
579	760
511	864
496	727
523	751
565	635
531	710
585	722
540	753
527	839
510	714
490	767
512	905
542	988
513	973
557	954
504	969
501	931
492	989
499	1041
544	1007
510	990
569	1053
541	1033
501	845
529	704
500	667
520	845
504	915
488	848
470	822
517	804
485	757
476	645
535	795
581	721
527	729
526	738
523	720
519	582
618	678
527	755
524	721
486	736
530	766
470	849
511	914
521	813
560	767
499	715
513	870
493	823
431	800
540	668
500	840
522	906
496	654
468	689
452	747
502	683
524	720
533	672
514	742
548	892
504	762
519	801
487	836
554	759
589	727
550	773
470	762
486	669
497	706
509	743
488	698
532	857
579	684
507	669
520	719
486	652
541	589
553	555
558	544
516	658
595	756
521	647
503	673
513	742
416	715
471	717
488	765
538	673
512	627
542	641
506	671
495	741
509	852
509	690
500	581
516	518
505	642
451	681
495	763
498	741
534	786
554	767
498	781
471	852
473	778
523	658
501	605
541	593
460	670
508	754
485	675
498	799
465	703
521	692
570	724
548	722
569	821
495	770
511	734
486	987
461	775
585	698
573	760
539	826
602	683
590	927
550	756
518	827
482	842
452	700
454	610
491	761
462	650
508	769
483	588
533	652
501	676
522	647
519	713
493	666
502	804
595	744
590	738
578	847
572	811
557	653
520	610
572	692
566	738
562	593
527	666
533	628
589	726
635	740
578	658
563	849
515	786
517	566
542	701
509	668
489	743
474	622
490	728
490	819
526	635
512	650
466	769
494	648
504	653
539	625
509	700
516	799
536	807
583	681
576	657
577	690
566	793
545	665
493	699
537	664
558	686
464	918
507	979
529	845
524	830
547	707
558	695
505	716
541	819
568	884
598	934
529	933
441	747
532	827
534	756
569	758
593	711
523	509
527	487
548	543
555	776
503	637
585	710
543	857
626	679
600	719
492	886
556	685
505	739
598	779
576	675
625	679
558	680
542	605
624	593
561	692
523	788
520	616
574	661
508	758
574	706
513	643
512	763
511	612
530	629
558	686
576	666
505	644
475	648
518	594
553	721
602	657
489	589
501	643
570	641
524	534
614	709
587	725
663	607
615	634
674	529
638	477
670	565
671	571
700	507
735	511
749	553
735	666
602	561
702	690
646	599
693	608
716	659
589	649
650	651
724	660
715	712
647	724
606	810
677	772
637	644
582	769
676	1024
537	1052
608	880
601	798
621	704
548	650
631	729
564	889
564	706
531	704
578	984
542	771
573	735
566	841
488	757
487	651
571	607
475	593
530	495
577	543
512	681
587	606
552	686
549	685
558	599
523	725
578	615
520	719
548	874
555	967
590	840
560	816
533	808
493	731
585	695
524	779
527	758
571	788
547	746
557	816
500	693
553	702
561	825
524	744
534	667
534	665
621	859
566	832
578	829
614	776
589	709
504	742
495	789
541	733
558	667
523	695
529	736
516	663
513	672
471	702
494	697
520	767
506	777
536	693
509	620
516	667
486	589
506	691
543	774
575	1348
496	1167
490	1083
521	963
545	778
492	763
548	692
520	872
495	858
534	771
494	674
504	830
508	728
515	827
502	886
494	991
563	845
561	1264
572	1047
635	1031
627	929
724	758
665	699
585	811
572	756
627	643
696	745
627	821
671	886
702	790
610	788
626	501
599	650
531	587
578	626
549	728
536	724
568	760
544	744
529	826
570	751
612	697
552	782
592	802
570	850
606	896
559	795
583	719
569	691
517	792
580	728
565	645
554	843
596	912
620	914
597	774
533	871
600	807
593	897
617	1071
556	978
601	858
618	685
654	680
525	666
577	746
579	616
560	750
512	673
538	698
528	885
574	725
551	784
557	749
472	613
488	755
559	749
647	842
602	834
577	727
561	766
622	614
545	818
561	775
684	800
603	817
616	886
617	912
586	889
563	813
502	821
600	916
542	797
506	846
548	831
567	707
529	702
615	731
578	769
544	667
565	754
585	871
615	793
585	803
591	782
559	665
549	583
609	557
619	639
622	570
625	587
659	545
613	543
693	581
649	598
636	627
619	690
622	675
617	658
625	699
589	585
583	753
614	661
654	716
632	648
616	690
629	598
586	588
557	664
508	815
560	811
556	650
582	731
573	772
542	612
528	525
532	685
533	558
541	642
503	671
629	810
632	810
614	695
573	768
580	719
536	904
577	693
584	823
571	730
602	764
613	820
607	794
642	826
579	731
612	746
512	761
595	1010
605	726
565	650
580	701
524	730
557	652
497	741
526	853
480	872
475	701
500	711
478	556
492	687
536	844
544	737
487	722
505	721
473	813
477	760
483	714
532	637
508	699
581	690
557	721
554	798
533	682
543	936
474	782
554	487
548	766
554	631
497	645
491	592
523	648
515	626
483	665
559	662
540	611
516	480
558	555
586	645
608	546
575	635
575	748
566	752
548	718
457	703
539	764
516	669
506	707
562	687
533	718
533	670
484	688
514	678
584	853
570	806
632	812
551	696
510	620
513	654
550	752
594	839
570	636
584	599
558	585
683	558
599	518
564	597
572	729
624	766
617	818
610	833
599	784
579	621
469	656
514	598
518	587
560	584
571	621
547	660
634	711
592	636
607	565
598	529
670	633
653	772
690	853
681	672
770	656
726	756
732	826
662	740
855	876
942	887
1068	761
876	714
941	695
1031	667
1386	709
1715	662
1587	789
1751	1037
2174	1074
3030	947
3647	945
3289	806
2765	710
2873	767
3805	882
4403	837
4733	928
4559	964
4771	1010
5675	920
6637	1037
6847	1065
6587	959
6300	1017
6982	1004
7829	1082
7317	1043
6955	917
6661	974
6755	1064
7507	1175
7535	1029
7465	1003
7026	1021
6670	1147
6521	965
6043	895
5658	878
6282	986
5989	835
5719	854
5487	1034
5128	1048
5395	858
5398	860
4429	818
3643	908
3103	864
2481	833
2371	824
2174	676
1689	561
1510	653
1468	723
1526	636
1302	659
1153	739
1104	707
1142	681
1178	722
1184	596
1015	659
845	614
878	663
946	941
811	879
702	874
684	814
574	767
692	671
657	665
636	886
608	698
637	742
656	740
685	691
635	597
679	704
658	656
604	687
619	822
694	788
695	771
603	616
608	689
642	839
677	720
691	694
650	773
671	875
646	915
692	732
620	654
684	661
698	697
650	855
670	905
612	786
658	740
626	725
639	717
607	657
615	778
638	865
610	680
606	850
640	823
577	582
586	544
605	669
688	666
590	737
606	540
601	669
624	639
584	667
619	653
657	745
655	715
580	725
565	702
586	716
528	703
552	602
513	755
576	756
587	715
510	669
544	641
609	528
628	657
701	558
663	602
733	614
813	639
740	674
758	743
687	657
661	612
645	635
689	683
680	729
678	750
673	769
681	609
654	670
664	844
602	917
653	743
671	615
685	765
548	847
599	856
653	743
663	650
674	788
647	1046
640	870
634	789
660	823
595	895
662	936
715	757
618	838
729	881
680	875
693	901
555	674
665	652
616	785
709	647
711	693
624	647
648	599
665	585
675	710
678	767
655	771
589	723
598	584
639	530
612	536
659	629
592	740
590	712
564	558
660	638
640	781
588	771
676	737
589	643
602	770
573	699
598	790
609	724
605	645
603	642
618	459
630	611
616	799
613	646
604	665
602	791
573	694
580	797
548	683
500	726
572	689
571	550
563	595
517	655
518	595
532	609
627	619
588	705
567	651
517	797
591	696
587	750
581	704
570	753
580	782
570	781
555	805
546	702
504	719
523	821
484	895
567	692
513	654
583	581
503	578
503	605
490	601
548	684
523	981
593	983
546	828
484	804
539	939
586	847
533	900
543	808
545	894
565	827
576	683
627	739
609	884
614	870
667	760
593	552
595	600
627	555
635	589
680	692
820	722
723	754
757	864
729	808
937	773
1257	942
1505	945
1397	876
1377	794
1655	938
2026	1072
2337	1043
2283	1017
2365	1048
2348	1064
2768	1159
3058	1268
3088	1299
3152	1266
2978	1349
3162	1220
3217	1276
2932	1337
3126	1417
2841	1267
2464	1204
2247	1075
2049	1058
2067	1047
1939	898
1632	944
1263	741
1003	750
882	757
904	894
762	726
674	725
697	861
705	744
656	603
650	601
585	715
578	692
520	578
573	567
521	642
630	733
500	727
555	789
568	635
564	515
581	650
571	726
587	622
559	606
564	634
566	716
582	781
574	667
539	633
513	656
520	750
481	949
463	853
563	677
549	675
554	574
476	719
431	628
489	695
537	702
544	768
526	962
480	889
445	767
458	807
546	708
487	641
496	731
520	836
497	955
517	854
547	748
405	655
443	832
526	765
476	882
503	823
512	804
516	656
505	624
553	688
569	854
496	752
519	764
501	754
521	828
493	825
501	810
558	722
487	645
573	592
490	565
543	771
541	657
505	666
540	717
509	638
554	809
588	745
493	689
555	772
590	675
559	665
564	804
495	619
460	691
436	618
488	709
520	733
508	720
490	752
453	735
523	643
484	677
541	778
505	880
541	743
503	858
573	730
538	662
576	682
597	777
570	905
568	683
570	786
568	650
583	684
529	916
517	827
526	781
558	902
502	833
536	800
552	669
554	673
526	814
572	757
574	709
571	791
601	730
537	707
517	651
528	778
549	708
528	673
529	626
504	687
563	737
511	853
576	781
561	688
555	785
594	787
577	881
485	849
540	857
492	743
522	700
529	585
510	693
543	586
527	705
471	624
477	565
498	773
619	902
606	786
550	807
539	668
580	705
581	1009
529	1059
581	984
536	892
514	756
612	905
592	776
615	953
513	822
591	839
661	801
646	764
657	743
676	793
633	818
589	587
591	695
601	594
594	547
523	567
551	604
540	650
563	453
620	585
673	510
577	560
541	714
614	677
630	681
670	776
669	769
693	814
628	765
708	904
761	894
744	863
710	815
729	804
656	946
530	885
515	766
582	576
574	707
603	709
567	674
556	583
631	687
592	819
584	695
524	603
563	643
498	622
567	816
591	783
606	616
520	655
562	790
576	622
506	687
618	781
604	760
613	736
651	822
600	757
603	834
689	851
720	659
723	696
664	776
675	927
567	870
590	734
650	642
608	707
609	737
676	862
708	756
573	715
611	734
690	710
587	777
557	913
583	896
612	675
616	771
532	680
594	714
653	627
586	693
616	766
503	665
559	599
536	650
619	628
559	537
705	656
669	600
667	614
625	596
613	681
639	771
599	758
573	773
695	612
542	718
516	669
485	691
621	599
645	665
608	756
588	721
579	737
595	806
553	841
604	703
599	495
597	439
617	536
599	537
615	684
548	564
614	715
544	598
517	711
559	793
537	718
562	626
592	553
600	692
566	855
548	793
534	778
579	989
547	719
494	784
509	910
584	865
573	787
562	793
512	855
506	715
555	791
505	667
465	621
524	589
586	560
530	626
500	622
515	672
592	623
547	603
617	655
545	640
517	643
515	747
547	729
546	619
540	622
489	614
496	699
522	604
550	667
478	677
435	708
497	655
519	609
534	548
575	622
544	671
574	688
591	728
572	830
481	692
515	808
517	853
567	693
563	662
525	726
495	729
538	609
553	753
456	737
502	787
503	710
509	726
534	787
508	868
553	972
554	853
477	800
427	780
506	856
541	650
498	626
465	579
440	682
512	701
491	878
499	868
534	778
445	777
500	797
511	784
544	822
496	846
513	761
554	898
556	742
506	786
490	673
523	670
529	815
467	734
550	779
535	625
531	744
475	757
514	741
484	723
600	798
507	689
532	813
546	755
536	530
517	729
477	652
485	706
527	762
493	739
496	796
518	780
466	664
578	663
487	578
453	643
480	684
496	559
488	622
528	631
482	657
523	713
506	791
491	603
545	653
511	737
483	831
488	824
498	772
555	771
480	772
510	772
497	806
479	755
479	721
515	805
475	905
539	834
509	936
533	843
464	737
494	756
538	775
525	792
549	844
556	834
517	797
572	763
468	801
500	747
532	787
574	828
550	754
514	648
562	631
517	618
516	622
533	617
527	717
554	766
550	674
497	678
561	613
505	702
541	763
484	701
513	717
455	495
542	602
497	698
559	691
544	846
570	769
546	604
535	751
585	777
554	709
633	715
574	781
541	613
577	673
594	680
584	773
598	776
531	750
574	743
551	635
608	632
533	662
520	611
547	679
492	539
566	508
579	562
578	860
557	669
576	579
546	641
624	755
571	628
579	682
629	681
644	511
626	599
618	582
572	677
565	700
562	581
606	602
616	801
511	627
561	522
547	629
557	629
599	687
571	552
511	651
621	633
563	669
539	617
586	562
576	526
541	570
528	516
490	556
513	634
531	566
480	730
543	777
544	710
523	601
542	677
596	709
494	591
533	574
549	568
603	659
567	621
542	762
542	613
583	623
538	714
540	807
556	737
489	765
554	582
521	696
560	649
519	622
634	549
545	633
537	677
526	764
530	609
572	680
542	702
554	718
599	887
525	776
556	914
639	897
569	864
602	794
625	747
647	713
587	753
526	751
599	747
607	742
590	854
541	873
532	738
548	879
507	896
554	688
488	741
555	765
465	785
526	679
508	730
473	667
515	714
559	647
513	666
469	582
534	632
573	806
496	645
569	602
549	540
499	644
550	741
617	678
579	717
532	924
583	896
537	770
498	708
548	867
504	708
577	680
537	698
481	708
474	611
478	646
460	693
429	593
532	669
486	704
465	638
561	571
574	736
482	619
521	676
558	763
510	825
574	728
555	691
591	574
544	665
508	950
551	894
475	844
483	708
599	959
526	838
502	659
518	632
475	645
564	702
531	775
552	845
544	592
519	650
488	660
493	818
500	663
498	679
565	721
481	698
527	630
570	868
522	743
554	699
497	575
525	540
560	585
483	615
521	640
529	682
527	679
510	757
520	821
530	654
501	792
556	720
517	692
553	605
566	739
542	776
543	683
583	665
504	758
541	713
518	871
525	791
495	753
446	862
575	987
561	983
604	887
516	813
522	845
569	690
604	666
672	663
612	693
790	776
738	818
630	817
553	855
640	693
582	681
521	718
547	954
526	908
507	808
571	1083
466	731
502	724
521	726
518	925
546	748
513	755
507	729
520	650
541	694
557	699
570	664
536	589
512	868
469	886
480	778
517	686
510	760
504	737
473	635
452	647
460	811
532	705
514	756
500	686
583	831
582	763
522	734
614	719
570	669
555	639
588	633
592	737
706	688
847	545
863	619
883	490
775	617
686	649
573	687
540	604
526	684
527	622
522	532
534	609
573	710
488	721
551	741
582	717
492	672
465	670
472	696
458	788
461	841
500	945
531	905
474	722
548	785
517	803
544	683
502	763
534	759
490	818
548	795
558	797
556	821
605	727
576	808
573	767
552	820
557	905
570	1078
582	1009
524	707
497	631
491	635
537	602
628	573
696	639
614	612
613	858
615	624
596	539
646	603
709	604
599	678
609	750
594	746
623	769
622	695
623	665
641	728
602	633
538	618
644	664
575	739
595	797
602	738
587	604
599	608
628	706
610	643
533	709
539	732
545	663
555	702
541	632
566	618
556	463
509	726
552	696
541	679
566	934
533	813
483	649
537	725
585	631
568	736
549	711
503	782
583	681
540	644
506	608
583	802
578	678
517	698
544	646
563	633
548	662
556	624
596	664
612	619
553	650
550	755
605	889
572	967
549	913
532	908
657	1051
609	910
596	943
639	894
593	806
618	617
546	696
495	613
560	720
582	662
555	637
595	580
585	736
515	724
547	581
512	654
574	657
599	677
629	920
591	905
528	984
517	927
548	992
583	1052
565	794
589	698
649	725
612	808
615	844
558	953
550	680
551	886
575	750
568	648
598	646
596	654
601	617
562	581
615	790
596	800
571	759
590	774
599	768
691	742
726	720
705	832
764	817
843	755
640	680
694	684
673	650
699	816
638	615
552	620
569	712
600	702
621	610
648	759
597	777
580	624
623	564
634	563
646	563
602	623
562	595
570	519
552	642
585	702
636	647
616	593
585	640
608	588
510	727
514	587
586	633
564	761
618	784
515	572
578	610
569	641
560	636
596	619
562	652
588	741
554	896
577	882
546	977
542	893
609	751
616	863
575	650
548	707
571	712
558	684
571	697
503	700
552	698
545	590
571	587
576	684
556	695
502	734
532	742
479	715
538	863
535	883
526	809
542	721
498	736
537	740
568	810
539	937
540	762
516	690
567	802
533	852
556	801
546	734
530	723
527	721
534	717
648	675
601	642
548	706
613	679
573	641
604	762
558	792
535	711
528	749
554	832
651	710
572	751
602	692
604	692
531	880
613	815
606	823
602	995
590	759
601	857
543	863
611	637
574	777
510	773
511	876
548	789
528	777
562	998
597	982
545	859
536	789
540	936
506	892
490	906
522	959
591	987
607	1008
586	836
575	814
500	772
533	938
539	902
512	846
512	689
513	753
555	738
572	711
508	758
511	639
575	786
526	822
535	843
533	851
513	903
528	934
523	905
579	937
548	941
547	1244
515	1007
538	1002
541	826
556	663
518	658
527	623
467	650
531	667
554	614
502	717
493	800
478	725
525	913
559	801
580	684
598	732
576	768
540	732
526	787
530	732
521	781
658	941
622	810
601	981
630	962
604	1104
638	1221
596	1077
613	1012
513	764
494	898
550	838
608	855
578	690
576	834
552	802
527	824
536	773
471	604
543	725
597	854
550	900
484	840
516	901
506	762
522	873
562	765
562	686
577	624
500	703
543	730
522	707
547	791
526	858
551	644
548	757
535	760
595	721
540	699
599	777
602	927
600	662
588	664
538	729
537	801
576	814
543	795
569	783
566	967
585	778
572	666
604	798
529	734
546	725
624	661
580	650
550	781
551	769
603	759
593	851
625	818
586	834
604	672
571	581
604	652
634	682
640	835
628	660
601	605
563	678
526	819
512	661
597	783
615	621
625	677
527	664
610	568
625	600
568	576
567	529
583	547
605	608
485	655
542	732
647	677
547	666
554	510
538	721
645	736
530	715
581	744
630	733
604	621
603	648
585	756
572	711
512	724
546	777
604	632
561	613
577	864
600	712
519	672
532	788
588	1057
506	1032
562	778
496	745
527	743
541	737
516	722
536	737
534	766
533	668
579	591
558	655
485	677
602	687
538	652
538	730
540	936
542	823
508	856
572	741
565	798
537	740
487	774
584	692
507	702
597	887
552	975
553	858
594	755
509	893
510	883
456	773
550	737
510	649
493	885
494	1040
545	881
525	822
524	728
530	624
538	738
457	743
484	784
480	892
469	798
469	748
533	838
536	697
513	634
545	677
527	569
475	712
482	759
516	693
512	643
468	623
489	794
552	754
529	707
498	777
482	642
538	754
526	897
571	863
537	801
548	972
500	800
602	768
524	852
574	899
564	903
562	778
562	780
558	874
548	813
566	878
557	904
579	869
666	798
578	779
543	619
603	733
594	688
603	757
579	668
571	772
573	655
535	752
574	707
531	795
547	847
579	718
553	696
537	775
531	978
517	731
513	812
624	695
584	727
625	772
616	651
629	829
687	1038
620	1000
667	1027
737	1262
751	1109
735	1043
714	1079
762	1067
799	918
737	914
719	898
757	906
756	846
926	937
977	898
916	767
900	862
929	924
775	862
878	989
799	722
859	824
848	835
809	792
825	789
790	866
710	673
671	754
689	769
731	821
793	783
752	773
755	674
790	705
654	665
621	621
613	589
640	532
577	723
719	741
623	610
587	665
576	689
522	854
572	775
548	884
579	771
502	623
511	815
456	720
525	775
601	687
619	692
551	781
594	761
561	530
556	613
620	593
547	627
579	617
572	722
537	681
638	671
667	899
578	775
516	722
574	631
622	850
554	858
580	728
645	812
602	773
590	724
590	862
568	941
466	610
568	666
582	616
568	679
549	674
543	732
577	750
531	727
538	673
563	691
520	762
586	774
573	787
520	846
561	723
620	807
631	727
575	704
623	859
524	777
534	868
560	641
550	638
489	654
531	819
527	692
538	702
545	646
593	645
573	621
559	574
491	586
531	596
468	670
535	768
512	681
561	629
565	481
560	608
550	640
570	644
589	512
545	700
491	967
608	680
539	650
584	611
549	750
606	748
583	703
639	770
600	715
523	720
621	644
590	658
564	789
583	835
614	738
492	698
572	576
629	716
720	785
731	885
663	832
634	765
627	802
645	749
630	840
562	872
541	911
618	1026
561	1020
506	1075
563	856
491	905
507	854
535	759
477	717
507	667
540	729
547	652
508	753
514	760
554	842
590	823
562	840
510	878
517	795
502	811
496	632
543	607
498	726
549	682
615	610
577	604
557	711
498	616
498	585
436	825
484	792
519	641
557	583
476	695
503	689
561	853
533	879
526	779
497	725
542	827
545	794
529	722
486	588
540	687
527	652
524	683
643	517
548	669
638	766
575	666
529	666
562	761
513	654
514	505
491	677
569	761
574	764
578	805
504	583
545	598
499	583
457	721
473	569
513	463
532	467
490	739
505	758
583	807
534	690
565	626
474	612
575	657
561	846
514	688
585	712
525	679
539	812
544	618
552	559
495	536
499	616
488	757
485	558
487	718
535	810
569	926
600	718
633	656
648	758
635	717
601	726
569	794
617	671
561	684
551	798
635	643
524	729
570	622
561	691
598	638
647	574
590	746
555	813
633	579
627	602
592	541
529	636
559	609
473	589
552	662
587	667
516	667
523	724
488	765
521	668
583	663
635	697
639	735
521	581
555	1009
599	864
561	864
589	801
665	804
639	643
506	590
548	830
519	746
528	728
584	755
603	758
625	836
591	804
565	673
517	741
549	719
610	716
556	978
489	887
512	773
542	632
478	569
536	672
494	641
486	827
444	896
487	765
523	738
530	742
559	755
573	647
494	700
495	701
454	639
511	686
500	695
520	747
578	737
499	857
507	838
485	764
512	852
554	939
599	698
535	727
566	730
562	781
526	690
564	787
497	707
522	738
623	921
527	866
519	897
513	829
507	872
545	806
553	834
470	721
498	841
510	773
523	753
583	686
546	612
575	747
530	825
558	833
544	1006
571	902
516	931
564	929
530	729
528	887
523	821
568	776
581	757
558	823
494	878
551	778
593	702
618	642
655	728
639	689
540	633
591	557
597	612
621	710
575	828
524	790
551	650
608	694
618	693
556	797
556	846
589	821
660	985
662	910
598	954
606	745
669	801
655	743
659	810
650	687
599	697
648	732
666	658
620	689
661	768
683	812
624	602
607	499
605	497
633	747
628	666
688	716
721	886
707	781
630	810
715	818
687	804
579	733
653	732
765	1049
712	935
649	797
639	563
715	640
748	673
729	647
752	652
758	650
686	717
770	647
712	764
781	636
744	675
778	746
720	763
811	757
727	685
736	633
813	721
799	732
812	800
820	612
875	624
817	747
815	817
739	936
727	711
833	807
790	716
780	738
734	662
691	639
805	842
830	868
851	758
740	757
784	736
785	541
924	703
834	660
815	712
782	901
800	857
768	862
779	780
843	736
814	725
727	742
798	653
745	725
729	725
778	743
771	551
781	553
669	677
755	609
798	641
713	681
781	568
800	689
756	600
749	595
740	545
733	492
716	547
798	631
749	544
688	670
700	780
774	591
748	863
742	904
679	738
709	766
707	871
761	870
732	731
752	744
672	662
749	696
693	842
811	732
784	711
759	702
717	724
646	727
704	765
684	551
730	569
647	549
656	513
685	494
666	668
650	732
673	547
675	764
714	761
682	796
752	702
734	661
641	629
705	716
670	659
663	808
698	569
647	663
613	620
608	797
579	814
572	773
569	687
595	731
557	784
524	637
554	861
599	802
629	819
579	771
584	941
591	719
587	724
564	637
671	844
565	711
551	821
587	715
555	764
680	873
621	800
637	843
542	624
557	618
531	619
547	682
544	716
530	594
589	677
602	660
562	739
500	711
500	525
536	578
539	557
558	686
505	714
498	674
542	672
560	698
588	594
608	550
545	662
510	680
525	721
521	851
468	807
556	718
520	708
544	779
545	878
540	826
523	745
532	726
518	722
544	844
522	789
496	827
579	705
522	728
483	698
596	895
450	731
529	800
549	910
513	847
549	893
527	947
560	860
592	862
585	841
511	782
534	794
541	870
597	801
568	938
564	822
552	932
541	1046
510	870
464	752
498	702
514	712
535	805
542	654
484	635
479	683
512	700
573	649
502	772
549	657
567	797
555	728
543	717
597	772
617	936
634	868
543	859
563	687
610	822
547	832
482	754
558	794
555	845
614	822
636	835
635	847
609	886
623	979
608	855
610	665
519	610
519	657
615	710
610	827
522	820
560	805
574	770
622	804
548	799
531	721
554	796
534	706
569	608
532	645
576	676
537	670
476	746
558	634
511	641
529	620
593	632
553	647
538	640
540	683
518	601
579	747
563	753
514	707
649	815
604	527
596	486
639	716
708	537
858	724
743	797
870	842
769	901
844	877
826	658
806	636
870	789
791	796
737	624
704	603
828	668
772	595
772	548
762	559
797	766
676	681
640	816
601	857
568	707
591	761
500	684
612	714
534	727
536	749
539	870
484	915
534	761
484	667
567	703
553	704
424	714
483	919
462	867
543	677
482	870
537	837
565	760
522	596
518	768
509	711
493	830
597	704
555	651
571	700
606	692
611	650
559	557
586	636
554	725
596	672
512	691
508	701
531	678
568	655
636	596
552	717
537	886
602	886
640	918
595	1035
542	874
531	808
616	726
601	732
616	742
618	740
661	737
560	684
657	1062
622	940
608	768
718	801
645	1046
621	1029
573	1053
598	1006
653	1100
594	884
602	930
623	925
581	870
610	1066
513	915
621	919
637	943
600	918
609	893
584	839
699	854
696	870
658	767
659	834
641	788
668	912
638	740
629	810
639	836
663	655
563	654
628	646
604	535
622	652
635	730
689	701
690	959
789	824
717	806
736	635
773	635
860	607
962	685
891	707
816	616
870	678
1027	835
1153	826
1061	736
984	798
1053	676
1349	664
1741	741
1884	826
1597	741
1841	886
2617	908
3300	1127
3466	1119
3151	1101
3101	978
3268	1023
4098	1243
4398	1382
3833	1248
3354	1028
3923	1079
5064	1158
5896	1343
6173	1693
5070	1246
5364	1377
6025	1822
7213	1931
7572	1869
7194	1759
7765	1932
8614	2069
9539	2185
9972	2135
9704	2232
9370	2291
9539	2064
9969	2049
10086	1874
10222	1982
10199	2108
10231	1879
9892	1767
9915	1976
9629	1939
9556	1765
9159	1616
8889	1377
8755	1286
8374	1415
8132	1330
7620	1319
7331	1288
6912	1209
6229	1191
6240	1077
6455	1012
5813	1068
5200	1212
5138	1216
4972	942
4706	951
3976	952
3020	718
2110	560
1698	696
1520	642
1330	649
1117	640
953	570
1112	600
1346	593
1309	580
1212	667
1051	742
983	918
974	820
928	728
772	848
677	845
581	763
606	715
642	779
575	809
614	795
696	738
604	805
613	683
612	685
621	711
574	836
578	733
620	711
663	909
643	776
620	737
597	647
593	755
700	957
563	790
558	796
561	737
556	655
605	566
648	619
669	730
660	702
637	735
625	681
597	653
565	640
580	707
544	685
592	743
594	708
589	675
581	611
578	626
565	666
570	559
546	602
548	787
615	700
618	606
561	755
596	686
582	649
653	758
602	653
642	613
524	661
608	746
622	825
596	720
642	640
673	729
747	718
805	708
788	763
726	787
819	785
948	794
1016	696
1036	688
940	785
948	853
990	892
1229	848
1305	827
1317	863
1379	786
1432	816
1466	847
1506	848
1344	932
1305	628
1365	777
1487	786
1684	872
1643	863
1684	1000
1565	815
1933	691
2093	713
1962	705
1860	712
1987	756
2123	862
2209	871
2159	964
2033	890
2185	836
2215	947
2292	912
2169	816
2091	891
1957	868
2164	963
2026	867
2193	784
2170	866
1970	862
2012	855
2110	739
2128	906
2131	885
2124	805
2048	935
1924	957
1789	874
1685	715
1598	756
1597	861
1311	949
1103	769
1073	780
1164	754
1185	938
1079	842
1004	860
1016	908
1086	850
1077	819
971	781
889	745
798	641
752	612
837	775
831	678
758	731
688	679
773	673
800	720
709	824
734	839
640	698
699	821
676	683
631	661
583	678
583	903
598	1101
624	825
637	797
587	750
644	733
556	761
584	763
579	790
648	1017
652	892
619	805
618	731
600	656
604	772
593	672
538	783
556	721
589	680
497	745
573	745
624	853
554	822
602	658
569	700
631	678
700	811
711	611
658	705
681	730
716	612
747	756
740	750
750	945
760	749
691	699
685	720
650	661
634	641
660	584
582	607
547	713
523	663
501	677
526	591
468	789
583	837
672	870
672	678
657	941
700	805
730	769
830	819
970	917
928	655
917	776
1015	826
1283	800
1210	748
1303	872
1150	790
1209	977
1267	887
1358	819
1278	770
1009	795
1021	906
1272	756
1603	756
1732	737
1428	692
1427	642
1593	702
1964	632
2606	839
2590	804
2569	832
3049	919
4156	829
4763	1031
4724	1042
4380	915
4269	939
4544	1014
4824	1158
4645	1064
4524	1131
4830	1045
4744	1157
4329	1048
4221	959
4399	798
4362	956
4352	945
4720	1048
5030	1149
4762	1114
4681	1127
5066	1190
5838	1373
5967	1610
5794	1487
5459	1359
5565	1357
5492	1450
5534	1394
5420	1313
5056	1376
5176	1412
5183	1512
4617	1043
4400	1173
4528	1466
4435	1232
4212	1162
3310	1055
2588	981
2772	896
3306	1061
2840	833
1851	943
1581	943
1508	815
1529	839
1313	798
1014	737
992	783
1011	819
1036	879
974	643
1029	682
1004	826
976	771
908	728
902	610
927	650
914	757
803	833
762	814
826	895
736	841
694	779
760	871
733	794
724	799
770	757
724	607
763	775
796	693
768	693
789	653
851	567
752	660
891	541
879	720
882	682
884	705
848	820
915	766
861	760
883	621
905	593
888	772
949	950
962	813
872	863
908	769
985	619
942	663
1001	664
1001	635
1050	662
970	547
940	570
1005	566
973	619
967	640
971	593
1007	571
960	725
898	689
829	799
857	765
939	644
842	680
836	556
792	633
875	652
823	597
876	611
815	689
862	632
909	805
920	743
851	620
791	665
876	718
820	729
810	848
765	667
724	705
696	657
665	780
803	764
704	719
673	773
682	796
770	774
807	844
774	857
747	909
733	859
738	884
713	964
757	811
631	824
595	897
657	902
630	939
629	1004
583	984
571	744
587	843
544	852
572	970
576	864
635	832
574	882
570	780
567	841
540	739
571	719
578	948
541	772
568	780
586	748
555	779
589	831
610	588
566	655
584	697
556	735
564	805
567	837
564	773
591	916
590	899
571	694
545	782
583	921
628	857
617	803
566	680
569	739
611	897
634	797
594	789
637	847
663	823
633	792
616	783
614	970
671	742
575	818
557	792
577	800
627	773
648	830
641	811
620	835
641	860
654	783
662	934
733	822
636	825
641	700
625	665
604	754
668	781
633	713
626	884
666	822
650	783
657	785
733	649
697	620
581	767
666	768
725	692
624	629
741	600
704	742
712	650
697	743
700	676
762	694
658	728
723	594
683	667
737	650
686	673
670	565
704	594
713	589
774	514
831	520
798	714
746	767
909	821
844	685
788	627
851	750
784	828
847	853
869	854
898	662
786	652
890	596
927	631
972	690
930	786
906	777
1014	782
957	746
984	681
1002	670
1005	584
941	565
930	730
989	750
1133	841
1089	850
1219	736
1187	688
1234	677
1288	683
1225	795
1229	831
1269	771
1261	836
1225	697
1324	724
1210	749
1353	685
1469	593
1452	687
1529	757
1555	655
1524	741
1488	823
1642	726
1676	665
1674	575
1759	627
1673	713
1868	712
1778	784
1929	874
1903	879
1965	614
1888	800
1921	658
1927	653
1842	826
1758	701
1998	660
1920	784
2013	906
1947	667
1910	552
1931	586
2020	523
1956	682
2051	679
1881	817
1932	818
1944	714
1964	694
2075	789
2055	712
2075	750
2088	692
1996	749
2094	781
2084	841
2078	753
2039	688
2074	984
1968	702
2024	701
2105	809
1937	790
1956	802
1894	671
2001	656
1886	631
1836	752
1836	692
1912	641
1913	788
1882	770
1884	653
1785	673
1757	647
1738	572
1779	595
1693	600
1703	689
1549	661
1567	758
1649	733
1624	692
1618	691
1511	592
1392	643
1487	710
1492	710
1444	714
1408	769
1424	685
1355	711
1219	628
1289	653
1204	725
1107	692
1195	702
1241	722
1105	638
1173	697
1153	686
1154	707
1178	577
1204	685
1251	745
1274	726
1179	644
1197	580
1231	730
1161	706
1169	712
1139	737
1132	670
1149	833
1208	884
1189	754
1031	860
1042	627
1030	699
1099	907
1094	827
1105	876
1070	718
972	732
974	707
919	519
902	661
955	586
988	481
871	507
872	587
840	662
882	730
825	775
805	820
784	868
736	879
721	718
698	696
793	749
754	703
731	595
720	684
605	746
721	805
715	741
749	826
614	763
652	733
679	923
716	749
662	692
595	563
601	556
629	705
590	695
576	879
646	896
616	768
636	675
620	749
638	733
633	962
592	752
585	843
676	728
699	734
674	726
676	655
670	748
550	792
609	637
672	751
614	779
611	749
589	741
708	1060
650	941
661	927
693	909
673	834
561	716
583	850
583	802
577	824
617	717
623	732
541	653
646	841
585	684
633	790
589	751
567	710
587	742
601	966
613	1028
600	1055
640	867
638	841
673	861
598	844
622	953
620	943
686	897
612	767
627	722
604	889
702	800
659	834
620	922
650	851
683	1001
746	978
675	1010
732	837
691	951
630	764
594	637
615	816
618	812
704	693
641	687
664	692
718	789
726	810
727	891
723	784
737	617
704	633
647	688
623	584
637	682
755	643
721	757
720	886
659	866
637	714
608	734
678	811
644	758
655	696
745	633
675	620
601	655
594	722
681	699
580	698
634	723
559	833
599	705
547	735
640	681
563	757
567	676
581	647
627	647
591	655
585	714
584	665
556	612
612	637
563	645
614	597
591	631
564	534
593	647
591	652
689	552
695	601
589	551
539	579
514	659
516	757
648	695
591	770
590	844
625	840
534	884
615	729
621	801
552	761
632	617
588	705
610	643
564	544
618	717
615	798
552	593
564	638
508	689
507	592
577	740
537	771
572	690
518	737
524	623
498	686
605	679
599	860
537	703
481	680
568	850
515	630
482	677
540	805
512	774
542	825
511	693
531	638
506	786
565	863
511	932
517	698
562	530
607	618
539	678
619	724
493	645
501	693
542	711
590	754
599	727
602	583
606	598
603	585
597	555
599	607
614	808
583	939
497	761
590	814
583	885
607	855
526	794
511	763
539	1015
586	845
603	661
500	645
519	605
572	888
560	922
551	813
679	824
590	767
571	663
526	715
551	715
571	923
543	909
546	945
559	881
578	831
547	975
572	895
575	837
566	897
545	960
600	882
524	924
557	936
564	820
553	798
561	812
549	792
531	799
628	684
565	621
571	681
639	697
645	780
646	850
694	788
691	622
670	804
712	1010
708	950
825	814
798	881
759	1000
844	740
990	810
1154	694
1088	776
1009	719
981	892
1085	874
1111	845
1112	760
1129	641
1129	733
1197	787
1351	679
1463	794
1711	936
1931	827
2013	836
2268	890
2396	946
2422	813
2328	813
2051	892
1868	839
1730	845
1561	846
1488	802
1433	771
1455	863
1499	1078
1549	815
1497	928
1512	911
1668	991
1927	958
2089	997
2284	928
2626	885
2853	990
3020	801
2928	789
2787	824
2749	965
2537	878
2331	974
2132	884
1943	819
1810	778
1748	733
1729	829
1653	821
1531	866
1637	948
1625	1031
1625	1069
1630	1075
1688	896
1665	1110
1803	1087
1720	1015
1466	1089
1320	1036
1336	951
1327	855
1159	805
1227	800
1125	832
1124	828
1047	717
1092	759
1047	852
909	846
949	806
1038	854
994	763
836	805
829	832
848	912
902	869
929	834
778	671
744	725
731	838
853	735
765	801
681	924
670	902
656	1013
634	863
693	822
647	795
632	714
580	624
564	672
607	813
652	941
580	880
575	987
537	1056
565	1161
519	1193
550	1174
588	1017
622	1277
626	1061
594	1025
581	1039
551	902
502	906
627	880
610	738
586	815
614	754
522	1073
538	953
579	1001
572	961
599	775
587	775
581	885
526	554
530	714
574	806
515	861
533	804
509	743
489	642
535	686
537	668
559	633
595	806
574	654
536	698
570	656
520	764
552	761
514	684
526	710
489	903
512	918
493	848
491	801
504	844
512	841
530	857
538	833
532	891
568	748
555	765
598	916
630	885
640	754
589	869
581	822
602	775
660	869
706	880
626	832
623	805
714	861
808	822
809	921
828	879
758	663
761	785
794	855
823	806
746	794
711	919
747	951
659	1014
649	900
616	787
603	713
533	721
630	706
605	635
721	777
600	860
576	795
580	729
545	653
575	609
593	659
628	724
584	685
587	678
582	693
560	696
633	703
591	707
636	814
598	759
569	688
707	634
621	688
540	689
572	764
583	734
561	759
548	706
587	717
558	707
593	691
538	732
523	770
529	647
520	632
569	704
597	625
569	587
526	630
543	695
507	681
528	635
608	505
633	608
530	646
549	657
534	730
534	587
537	725
490	558
479	628
560	607
526	605
521	606
440	709
493	817
522	609
516	690
549	681
526	657
520	813
541	730
566	814
524	1032
515	879
462	850
520	608
512	552
548	743
601	719
548	643
523	914
528	852
506	893
498	813
518	718
583	838
505	697
554	904
454	808
535	851
593	929
604	898
539	727
472	736
548	847
553	921
529	780
476	732
491	719
506	606
519	620
516	747
555	575
522	678
529	750
606	785
551	783
599	823
543	886
648	903
552	697
518	773
531	677
547	618
514	692
519	671
527	736
561	697
589	709
595	630
583	685
603	623
595	539
549	530
581	636
631	670
692	549
663	626
648	566
663	771
609	640
597	767
589	681
602	672
613	813
563	760
575	553
613	607
591	592
534	589
541	658
512	645
551	639
566	763
594	793
488	894
541	748
549	651
520	898
595	815
497	845
488	989
506	1014
517	911
524	923
493	753
507	827
559	714
452	757
519	866
444	863
496	785
513	838
542	784
589	734
554	771
541	708
509	734
538	798
519	651
509	677
614	840
519	838
610	924
656	763
581	890
611	733
544	816
569	800
582	1014
575	905
571	1026
484	931
589	947
582	807
580	847
581	720
591	688
614	922
595	843
597	852
621	779
546	910
569	851
506	889
572	874
555	896
589	846
508	739
625	743
573	795
543	675
570	676
506	667
513	650
569	762
580	708
635	848
612	903
646	714
606	670
624	717
593	788
626	827
579	828
706	804
631	750
611	654
568	629
623	576
601	622
637	614
706	761
707	826
666	770
642	825
710	776
655	646
681	577
646	546
677	525
675	635
644	792
680	735
675	805
688	709
706	707
684	652
674	698
700	838
649	873
657	752
632	778
698	608
630	757
700	714
781	687
824	650
833	680
805	798
843	859
796	652
847	593
895	597
932	534
967	590
908	742
839	718
846	675
933	768
857	659
895	632
740	634
659	805
709	971
795	856
780	742
790	812
727	822
714	705
817	763
838	681
878	667
770	641
775	674
761	653
830	663
738	697
726	805
736	792
779	608
782	622
825	743
1012	795
1029	797
1027	815
820	751
1052	783
1021	792
935	799
985	885
981	920
943	796
943	850
998	909
1041	850
1218	969
1177	887
1344	756
1605	764
1756	907
1502	768
1607	757
1825	776
1986	779
2079	704
1997	650
2037	690
2284	754
2508	909
2578	959
2710	953
2646	833
3009	930
3433	937
3739	992
3571	888
3725	1027
3588	1166
3489	1121
3491	1007
3464	997
3012	976
2992	980
2851	981
2670	909
2684	902
2712	1117
2725	1015
2756	871
2718	897
2735	1077
2706	977
2833	935
2604	893
2387	891
2175	948
2269	1094
2157	988
1957	997
1815	1023
1468	799
1542	928
1459	892
1446	940
1198	822
1116	861
1024	831
985	871
866	726
723	876
700	1089
769	837
773	860
768	836
819	845
718	826
696	793
666	834
640	832
668	705
629	615
684	618
676	672
626	559
679	689
674	688
632	897
633	813
630	840
632	834
585	758
588	763
619	756
650	598
625	589
518	657
535	733
576	706
562	730
562	899
553	870
597	881
638	953
631	882
637	983
746	947
808	762
852	746
877	628
791	695
806	697
977	739
1127	758
1203	703
1236	719
1300	887
1262	929
1303	933
1513	827
1557	718
1397	565
1400	645
1405	628
1366	557
1267	683
1269	827
1059	758
951	779
898	814
908	874
913	690
959	741
1019	762
911	712
805	719
790	676
759	706
714	776
780	793
740	783
708	777
751	905
698	793
689	675
738	787
716	828
721	941
761	671
697	694
563	712
547	606
602	707
588	814
563	768
627	730
611	725
707	586
689	630
602	536
547	818
593	712
624	681
530	639
539	607
582	556
651	750
594	826
604	739
574	648
625	761
595	591
590	766
594	595
540	696
544	681
530	737
616	729
590	760
591	662
633	647
619	683
703	912
651	738
690	702
763	964
756	879
734	917
770	944
671	777
705	751
719	808
772	880
798	821
900	643
948	614
1027	606
1096	632
1054	630
1071	630
1105	666
1142	598
1226	580
1090	636
1188	707
1217	687
1310	659
1569	507
1662	644
1612	636
1650	802
1958	680
2151	932
2119	758
1924	778
1964	896
1852	929
1714	889
1699	856
1698	691
1675	931
1755	989
1818	997
1849	1032
2205	789
2327	872
2384	858
2735	919
2727	873
2917	954
2920	1048
2728	1000
2725	978
2531	1051
2250	937
2016	883
1848	787
1816	758
1763	850
1631	856
1515	681
1611	832
1570	755
1628	765
1509	866
1672	828
1635	722
1757	778
1803	608
1752	797
1966	732
2039	829
1992	767
1787	823
1549	744
1461	807
1462	1058
1448	826
1289	883
1144	804
993	722
1030	772
1100	827
1089	943
992	920
931	813
961	859
883	853
855	725
890	622
947	695
970	667
980	785
949	705
968	771
1006	931
909	738
808	696
830	858
846	981
832	901
752	662
803	718
829	974
811	860
889	816
883	702
813	770
884	801
936	1031
976	967
1076	907
1109	738
1095	686
1008	741
1118	785
1298	750
1318	939
1223	793
1249	797
1367	854
1325	874
1403	900
1442	792
1516	870
1453	751
1423	857
1271	840
1326	967
1260	672
1088	742
1027	843
908	930
973	1006
916	800
909	737
879	748
804	870
727	825
705	697
744	714
722	876
714	772
678	871
671	780
614	734
656	780
652	722
681	655
731	717
705	708
735	712
692	704
749	674
707	674
700	747
780	793
794	801
870	894
810	878
830	713
853	715
969	750
985	993
1008	947
977	790
987	777
1016	645
1015	719
1004	816
1034	1102
1010	940
1048	1104
1095	1220
1029	1097
1106	1051
1051	970
1032	780
1032	827
1153	739
1150	843
1013	723
1144	750
1249	645
1222	884
1292	879
1323	744
1345	755
1322	695
1211	720
1160	693
1216	644
1180	773
1183	774
1157	814
1167	896
1170	801
1174	804
1171	782
1094	764
1057	812
1082	657
1106	894
1139	762
1118	693
1054	669
1009	722
1030	684
1089	589
1045	612
1072	627
1019	618
1038	666
903	635
857	658
853	653
850	904
870	969
849	996
832	831
772	883
830	824
883	790
856	709
830	719
938	720
885	807
891	746
951	797
799	655
891	743
837	917
903	1047
933	895
985	845
977	831
920	804
907	853
986	827
1017	857
934	917
967	847
925	889
922	793
897	873
876	696
1018	768
952	693
886	715
944	844
928	871
896	896
1002	669
895	662
876	940
834	783
808	725
860	988
886	1035
967	712
872	719
881	829
864	811
809	850
808	819
907	855
810	702
852	791
854	608
801	549
813	689
762	692
798	903
814	836
895	682
793	863
885	736
876	928
901	851
902	798
912	844
788	708
852	674
776	785
809	774
818	675
798	747
753	827
810	664
732	688
765	654
717	681
769	846
799	862
673	814
820	691
704	505
691	497
715	538
684	482
764	557
737	656
693	658
754	807
713	900
791	843
672	822
620	747
672	717
655	673
707	751
713	741
705	820
644	799
688	728
655	828
659	825
643	731
654	698
615	694
628	702
582	697
595	693
682	652
658	604
610	961
578	819
634	884
642	772
663	735
647	658
621	703
630	772
588	734
653	758
639	662
550	610
614	709
611	533
591	639
580	647
600	715
643	623
652	591
563	630
601	578
556	591
637	624
571	737
622	613
617	718
611	765
638	692
602	832
589	686
537	724
556	898
616	875
531	733
610	746
678	662
607	822
619	778
614	913
576	808
622	889
609	970
677	709
623	650
695	627
621	846
635	938
692	773
713	587
689	663
735	732
670	683
660	758
661	735
631	749
684	961
671	873
640	653
591	680
621	720
633	757
591	912
629	870
582	804
639	724
593	918
565	834
621	638
613	635
671	699
605	886
597	894
544	904
568	834
594	758
564	718
559	829
559	825
546	775
528	612
599	694
562	733
547	526
474	636
539	689
592	683
629	650
693	780
548	731
505	952
572	818
556	648
514	756
534	719
505	647
489	790
472	698
597	779
594	690
562	685
569	788
542	699
562	806
566	740
529	712
621	686
562	649
672	709
676	657
832	799
956	714
843	778
782	660
965	765
1072	787
935	736
869	860
820	696
896	741
783	795
722	902
613	803
706	790
634	840
555	940
511	1003
565	941
619	858
515	739
528	829
540	639
572	748
532	670
556	648
562	646
548	674
573	624
596	614
541	648
563	722
576	702
574	707
608	667
514	898
525	901
572	963
586	929
592	791
612	854
559	879
546	880
488	841
555	766
530	724
535	851
560	803
582	1022
533	1030
576	1006
566	906
649	681
633	589
586	724
599	810
631	836
580	738
566	743
614	819
570	589
566	787
542	958
524	852
653	747
586	948
519	982
556	898
540	961
561	823
555	736
614	746
539	783
551	641
573	771
554	796
525	791
525	788
591	690
609	713
617	701
570	618
531	731
542	684
564	737
552	680
608	683
543	558
586	603
585	703
530	774
611	824
616	751
607	631
588	794
586	730
636	774
648	644
588	670
618	719
608	666
565	618
659	692
633	800
674	780
659	722
663	728
642	760
600	878
684	759
678	667
702	700
759	758
747	836
672	727
695	849
710	880
693	746
752	955
781	875
645	826
697	829
682	808
737	733
629	860
669	874
694	757
761	758
682	996
714	1004
646	789
768	822
765	794
786	839
811	731
793	877
757	853
809	831
808	715
827	1124
771	975
745	1006
661	1008
701	974
674	914
717	744
697	767
663	685
660	681
712	898
701	940
774	888
741	800
733	727
749	796
744	596
758	745
709	746
725	746
693	788
713	691
642	658
725	648
745	629
640	713
695	691
715	821
741	747
689	701
706	663
711	608
677	690
691	751
723	700
692	758
710	692
700	617
692	550
685	831
676	709
650	656
677	742
648	673
694	804
726	980
668	805
654	792
645	908
656	801
697	792
727	711
712	614
662	775
775	709
707	570
682	716
711	761
664	795
688	922
655	778
609	824
576	847
599	811
574	682
552	724
597	683
621	547
655	751
615	693
583	733
622	837
587	884
622	671
637	610
614	731
588	878
569	753
599	767
640	863
598	645
558	726
631	643
747	738
662	634
644	717
715	884
738	711
679	766
682	831
725	784
693	908
781	1113
678	882
669	856
686	704
749	656
715	705
662	624
630	682
658	695
613	674
636	719
642	734
609	668
624	760
732	614
735	598
675	827
578	746
612	754
636	792
579	846
568	850
609	804
606	773
664	660
621	698
655	776
601	1036
609	904
602	732
581	633
644	748
641	838
582	876
566	835
523	943
591	738
552	784
496	650
566	576
580	633
538	749
522	671
518	773
544	842
565	982
584	989
558	779
602	896
539	879
573	847
544	886
540	829
550	849
492	724
470	738
519	661
503	861
510	616
486	749
543	726
552	881
568	851
628	738
577	746
535	805
502	749
508	806
538	907
542	733
558	814
564	661
571	907
623	1019
544	920
555	719
579	678
563	669
641	686
601	650
529	735
533	693
539	639
589	699
549	670
545	774
608	855
570	800
606	776
604	859
504	746
572	844
552	890
516	985
507	1047
502	760
553	793
477	942
517	806
581	845
601	920
560	912
506	754
593	773
543	685
514	696
522	742
566	696
607	710
638	701
575	770
697	845
589	738
572	754
518	759
493	590
549	600
608	638
576	784
551	613
603	635
596	958
628	801
644	850
564	681
624	528
640	458
687	606
591	589
673	594
533	649
595	604
598	677
643	645
608	572
609	619
622	612
618	613
630	771
607	803
623	717
562	758
592	631
616	630
585	621
572	722
574	772
576	812
660	878
605	928
591	680
590	834
623	1102
580	733
613	785
549	723
676	676
620	878
687	767
658	703
569	772
572	721
595	622
541	714
560	771
510	711
521	629
530	685
553	638
520	715
485	655
491	702
572	636
494	602
511	617
594	645
608	666
584	780
546	886
571	759
568	639
553	684
542	723
565	774
560	897
551	654
523	703
515	673
557	622
533	606
648	659
632	745
561	840
524	828
477	726
498	631
497	667
530	742
527	870
541	976
552	835
558	742
566	839
566	823
567	545
589	611
625	767
604	709
550	741
474	937
542	907
595	837
524	691
535	779
602	790
517	962
530	979
530	821
511	852
462	673
501	809
541	795
499	786
472	699
527	601
613	918
522	704
603	773
608	824
554	842
578	849
537	734
501	800
566	767
560	785
623	805
602	869
600	1069
584	729
664	859
576	842
533	707
593	717
522	864
552	657
606	913
578	843
609	661
614	665
595	762
576	670
626	778
663	662
607	776
604	738
615	977
716	809
775	701
787	574
945	843
1020	887
995	866
988	588
848	576
864	611
904	660
738	729
683	787
627	941
568	812
608	831
635	771
610	889
583	831
638	759
592	624
563	619
631	610
621	592
583	652
651	949
600	714
650	819
607	877
689	722
681	718
630	709
618	876
681	708
652	659
661	877
625	688
628	701
649	675
567	772
627	764
558	687
586	691
622	794
553	820
506	888
606	714
590	745
618	632
645	673
598	648
673	638
570	744
559	690
670	813
620	653
633	705
612	709
616	746
660	731
562	744
572	789
597	611
589	828
555	867
621	703
536	774
603	785
599	684
675	741
581	799
659	780
586	740
592	722
543	775
487	771
541	798
516	875
599	732
578	662
583	666
555	621
523	620
531	595
518	562
499	769
471	626
532	603
551	764
575	723
520	554
524	580
531	608
554	530
450	544
481	533
503	605
451	564
519	565
439	577
534	619
518	687
534	669
536	735
509	778
511	747
539	620
540	533
514	626
552	620
539	626
564	632
505	721
509	609
553	585
459	566
481	512
464	572
563	545
566	533
550	590
529	626
485	696
439	624
529	591
518	656
526	681
511	831
549	709
545	687
519	624
574	741
593	695
612	682
509	630
544	635
536	749
606	661
544	744
529	740
603	794
560	796
511	805
589	664
648	635
567	667
522	731
603	807
552	613
581	653
576	649
578	645
573	672
528	743
495	818
596	678
495	878
495	638
486	721
532	694
548	702
581	578
472	582
530	688
529	559
556	658
528	623
550	549
537	652
487	751
555	744
537	558
493	580
494	712
501	666
476	792
483	689
474	654
495	767
530	756
537	699
468	685
548	685
540	750
524	876
572	818
521	916
566	962
623	1025
508	1045
520	963
545	1102
486	858
530	939
571	849
493	771
482	721
537	752
493	697
458	679
506	802
469	818
479	692
525	701
544	843
547	893
547	898
600	925
576	795
548	799
571	810
559	880
581	787
533	710
520	820
531	863
522	942
530	913
514	860
497	666
560	769
576	779
559	839
479	699
485	656
538	722
545	760
505	681
580	710
532	685
522	809
580	839
514	671
501	552
582	661
605	601
547	675
505	742
507	744
573	756
568	672
612	813
588	612
529	508
521	661
480	631
506	654
489	707
514	639
493	829
455	771
528	720
562	724
583	630
657	626
641	627
596	569
558	597
599	639
546	623
553	715
503	816
536	651
500	579
534	517
475	551
499	650
555	684
516	783
515	668
537	646
583	719
560	724
509	683
460	709
528	711
528	691
534	614
526	668
603	819
563	583
543	617
584	788
528	934
558	735
492	719
515	729
452	822
512	785
545	808
569	860
504	950
576	783
512	834
501	757
519	673
577	772
588	689
571	778
505	810
455	807
561	786
474	863
492	799
564	883
543	779
591	683
584	686
575	605
614	595
608	624
574	509
649	601
626	586
520	675
560	731
461	729
500	648
487	515
512	535
471	687
530	604
538	710
471	765
496	838
517	685
483	652
511	835
501	824
455	815
449	784
503	744
577	748
568	675
609	570
574	676
620	647
615	700
562	581
509	618
586	662
603	623
572	629
478	598
514	617
529	721
519	710
497	788
546	883
562	693
604	714
665	686
584	609
546	565
523	713
506	648
500	649
562	658
548	705
525	693
524	716
525	744
437	834
558	860
512	912
514	817
520	670
509	743
500	800
563	985
491	957
499	795
507	793
524	889
497	805
497	873
520	941
528	813
597	700
505	848
562	758
520	879
532	759
555	763
546	759
548	903
583	905
646	833
582	957
536	871
480	724
513	759
542	805
522	772
579	700
573	610
579	675
608	894
497	908
540	889
528	748
617	845
583	748
522	1004
552	877
557	765
592	851
502	995
537	809
592	785
552	760
496	910
485	882
495	756
563	830
518	964
499	980
461	1014
555	981
479	1048
473	1028
549	955
497	789
525	891
490	706
496	736
561	680
524	727
521	810
501	561
476	670
520	609
492	576
434	648
535	736
567	854
566	703
482	758
510	801
497	785
530	759
483	695
517	729
497	951
515	729
528	750
600	846
589	724
535	723
553	669
539	739
628	840
613	885
598	618
591	669
546	710
497	681
550	826
569	771
545	742
533	765
495	799
512	650
507	729
556	954
501	674
582	632
555	738
573	706
575	794
577	748
545	740
526	769
558	663
548	675
551	783
564	735
584	821
560	764
596	900
590	836
552	823
566	840
610	693
593	884
589	632
662	809
639	768
648	610
682	725
764	667
712	574
847	709
933	668
879	682
872	628
917	669
952	806
991	723
1044	750
1013	783
1080	609
1119	627
1235	660
1285	784
1296	769
1306	598
1508	777
1700	932
1838	946
1724	954
1637	918
1786	658
1782	837
1685	897
1766	927
1729	816
1798	858
1833	760
2014	823
2190	801
2181	1033
1977	853
2211	899
2340	968
2425	957
2425	997
2336	871
2308	789
2483	829
2316	1203
2463	917
2429	908
2557	865
2902	943
3005	1004
3098	837
3203	827
3502	858
3664	845
3778	926
3788	1010
3786	978
3530	996
3702	807
3852	905
3770	824
3483	909
3480	999
3413	922
3274	1026
3240	1052
3116	1009
3372	1194
3427	1090
3399	1099
3328	929
3421	983
3685	1010
3559	958
3131	823
2904	923
2847	900
2774	784
2742	615
2403	713
2230	805
2231	813
2061	850
1983	831
1923	832
1931	684
2039	665
2019	665
2101	742
2118	738
2138	663
2146	814
2241	710
2275	917
2401	850
2437	803
2406	809
2293	713
2236	615
2153	621
2142	708
2239	728
2040	822
1910	710
2017	800
2191	737
2170	799
2140	820
2219	799
2509	873
2442	706
2261	781
2321	713
2514	893
2385	903
2111	764
1857	678
1775	671
1676	784
1721	763
1522	747
1307	817
1293	821
1127	725
1303	706
1135	828
1086	903
1118	738
1107	818
1063	780
1027	872
1005	879
880	790
942	769
959	818
944	793
807	596
787	775
716	757
669	749
713	720
705	770
678	740
707	788
694	770
644	702
726	606
669	677
708	872
672	664
649	656
618	654
587	518
603	561
579	641
674	700
651	734
540	692
561	635
490	723
654	805
552	699
547	845
534	887
570	660
586	717
625	821
660	721
549	712
594	780
590	523
557	530
534	619
511	755
562	944
582	862
663	748
660	723
662	753
571	755
563	613
577	619
563	631
554	713
525	748
561	669
580	736
545	866
546	713
556	728
568	802
591	981
613	886
606	1037
569	922
539	1010
568	848
613	864
549	693
573	960
573	800
561	919
546	820
603	734
609	852
557	764
579	830
558	659
621	705
643	860
655	664
583	651
533	725
510	631
535	560
456	777
481	706
545	836
609	741
610	619
472	706
576	645
560	748
547	758
592	732
619	615
482	668
551	523
594	676
535	658
585	690
521	724
555	737
537	564
580	602
517	601
576	714
594	839
610	774
578	620
583	614
542	685
526	725
566	680
594	637
630	578
608	675
573	660
483	757
528	811
488	734
511	750
545	787
511	694
524	735
541	608
532	729
534	733
551	692
567	688
561	633
469	686
497	792
520	722
533	662
513	801
546	817
539	702
483	666
531	702
536	670
538	604
532	599
502	571
503	664
511	668
524	596
514	730
482	794
561	755
478	829
505	597
588	804
579	829
569	831
583	758
568	736
634	793
661	823
722	983
814	765
771	743
741	859
689	946
691	734
661	890
655	813
769	905
728	872
784	959
802	851
888	830
872	938
930	870
948	761
813	792
830	869
805	926
773	900
733	800
704	969
624	939
606	850
653	836
647	676
654	748
609	720
568	798
562	865
579	891
583	777
519	602
569	778
507	596
547	600
572	753
498	776
529	607
578	613
496	684
563	602
544	695
524	837
533	741
491	706
581	648
558	768
467	765
567	720
552	836
529	874
568	861
560	731
476	759
514	728
511	782
554	873
515	749
514	723
499	624
469	772
519	690
531	710
626	705
554	707
600	660
614	971
560	885
624	816
591	676
530	642
625	707
564	678
643	796
581	599
637	628
594	605
596	731
662	634
611	749
592	719
626	539
751	545
827	767
803	699
778	709
788	684
952	828
965	689
906	713
1030	710
1034	669
1132	636
1508	797
1489	786
1394	811
1209	935
1498	879
2113	849
2117	877
2118	869
2712	864
3717	963
4432	956
4749	984
5535	981
5708	1106
6371	1165
7371	1445
7833	1272
7564	1418
7149	1316
7438	1367
7727	1729
7673	1798
7459	1854
7153	1913
7065	1693
6596	1940
6204	2115
5490	1826
5492	1901
5522	1822
4637	1652
4331	1454
3720	1262
3895	1530
3633	1358
2793	1191
1691	914
1353	964
1036	773
955	997
994	802
874	734
839	738
819	765
730	756
771	810
777	754
782	693
715	850
747	911
794	939
725	902
778	987
777	834
751	946
853	855
802	814
864	836
843	807
870	843
774	886
775	799
753	778
892	769
827	689
875	802
907	843
889	723
835	618
852	707
843	720
806	903
779	615
853	766
837	785
832	721
847	720
886	698
824	741
897	818
809	762
799	794
846	818
873	770
898	782
912	886
892	906
922	847
890	780
935	834
813	755
902	831
862	1001
869	926
896	739
953	752
903	686
980	751
985	657
955	853
986	717
989	573
952	728
1001	797
1060	751
1104	866
1067	786
1098	857
1114	769
1145	665
1259	617
1190	684
1186	746
1231	720
1337	774
1292	897
1221	796
1262	652
1237	628
1260	686
1253	774
1216	710
1148	825
1240	829
1069	806
1119	698
1120	658
1136	730
1137	689
1224	770
1177	986
1142	1023
1172	923
1172	720
1118	787
1205	752
1254	865
1188	1052
1166	831
1092	769
1037	734
968	728
942	677
966	694
931	745
910	638
840	644
806	525
783	688
849	588
867	902
851	978
853	921
857	846
892	862
881	757
858	781
802	765
775	902
807	717
796	781
778	767
726	821
779	898
668	902
722	685
760	701
697	848
689	881
786	873
734	1097
727	820
695	732
674	569
581	824
657	787
582	861
665	916
654	761
632	809
593	765
642	778
663	824
635	681
627	605
634	667
649	763
591	830
629	815
590	685
591	728
660	766
588	680
620	914
632	787
596	776
646	740
629	756
619	728
666	841
688	770
629	789
631	683
654	779
640	723
632	655
616	801
735	673
662	770
657	746
730	749
719	882
714	778
779	642
755	753
747	756
686	578
700	745
734	706
743	829
852	802
849	642
731	595
784	555
854	607
959	790
987	671
981	604
1090	751
1632	818
2390	908
2843	867
2971	767
3019	1019
3970	1174
5344	1552
5986	1366
5473	1249
5606	1320
6052	1396
7060	1481
7711	1422
7633	1483
7846	1394
7961	1562
8343	1585
8592	1934
8638	1920
8428	1897
8764	2277
9354	2454
9246	2574
9654	2395
9443	2491
10097	2577
10050	2783
10021	2599
9651	2466
9311	2285
8480	2070
8111	1935
7391	1707
7089	1647
7253	1765
7055	1818
7030	1728
7220	1444
7241	1460
7018	1423
6868	1507
6723	1417
6727	1319
6977	1609
7114	1691
7306	1739
7566	1802
6986	1546
6308	1452
6111	1439
6285	1497
6551	1375
6109	1404
5424	1402
5096	1232
5294	1216
5200	1170
4867	1208
4451	1163
4035	1301
4016	1317
3851	1160
3721	1177
3430	1321
3445	1284
3583	1248
3641	1301
3971	1416
4033	1283
3829	1274
3783	1319
3877	1361
3814	1345
3044	1128
2546	1067
2181	1003
2059	982
2217	1109
1556	974
1206	805
1017	1003
1018	874
998	731
890	886
884	1013
750	790
737	773
719	719
706	668
636	691
666	683
613	749
603	854
611	738
585	867
647	732
597	731
580	664
573	523
569	581
625	621
584	674
545	590
631	605
626	636
688	701
698	674
655	689
632	738
659	815
682	688
644	739
608	923
576	1009
596	935
575	775
642	803
560	789
668	673
568	677
649	686
612	661
617	587
591	753
661	768
558	646
560	562
604	650
543	705
681	701
644	959
610	654
584	696
574	835
545	808
607	760
613	721
563	697
607	585
584	706
566	747
539	799
657	746
613	906
591	772
555	833
594	761
531	830
629	977
558	953
604	883
608	718
630	744
648	751
560	811
570	734
540	747
540	772
532	709
542	588
549	622
560	582
617	782
520	708
551	698
545	803
543	837
521	749
536	667
623	769
620	860
585	913
575	709
620	806
619	799
555	768
544	754
595	687
509	664
511	844
539	901
596	1001
616	938
605	827
578	687
571	668
615	682
498	763
627	800
645	750
671	765
654	907
720	894
788	700
826	725
872	589
793	632
735	745
792	689
811	759
823	591
733	717
768	897
653	732
591	667
502	842
601	833
608	1059
613	691
620	707
569	700
561	726
587	698
516	738
556	713
563	941
618	828
561	737
543	710
490	802
538	795
533	917
595	815
551	824
512	698
493	664
480	703
559	692
493	532
503	515
531	566
498	742
503	687
503	628
580	631
498	734
547	722
494	801
510	697
566	842
498	665
622	631
563	667
653	656
629	694
663	703
617	746
570	726
552	742
593	1005
519	697
523	745
532	881
483	855
525	883
493	822
575	862
521	774
603	678
553	739
543	815
504	701
444	565
551	627
499	623
510	627
573	618
558	681
527	673
483	736
518	830
568	786
535	768
531	859
546	862
538	784
575	826
523	950
455	773
549	795
569	693
561	788
537	848
586	714
568	741
541	673
626	859
561	925
539	901
570	722
622	782
563	724
626	726
520	731
571	775
523	795
514	850
538	723
555	665
602	566
620	679
613	825
519	687
556	615
556	801
586	835
545	672
605	740
547	744
638	753
551	781
597	685
487	676
609	772
582	683
594	723
545	605
565	701
615	713
499	697
514	711
545	856
547	806
472	765
553	923
485	910
513	924
571	781
544	741
543	744
528	738
475	764
559	747
530	732
531	707
522	691
541	806
527	751
484	751
517	768
540	661
584	790
573	727
578	785
560	806
481	717
592	687
511	626
573	612
523	682
487	859
551	856
629	849
529	752
537	803
506	789
452	651
462	735
455	874
485	876
568	988
589	975
556	736
527	698
511	593
509	597
516	636
520	565
561	546
469	640
445	720
470	680
553	736
514	870
621	639
523	629
577	702
491	669
550	657
594	760
579	784
580	914
541	750
575	672
543	566
544	638
590	683
529	733
574	648
555	659
635	579
614	664
542	675
701	771
740	725
688	613
661	768
696	890
737	1121
704	934
693	607
705	621
722	553
770	587
724	600
691	681
687	713
741	701
675	834
721	897
762	771
861	861
770	942
816	843
748	861
725	725
648	801
696	736
736	630
695	839
681	792
724	706
666	784
647	835
605	813
559	775
655	810
554	873
626	781
534	783
568	844
499	874
526	697
482	830
584	761
538	733
525	922
593	898
548	892
569	697
511	718
527	768
569	790
530	664
579	778
527	714
591	749
570	702
606	768
681	769
587	602
598	607
617	919
592	694
608	756
662	676
661	658
641	596
612	814
627	623
641	743
623	730
551	662
612	671
607	649
568	658
565	693
582	711
519	730
580	718
545	614
497	724
631	838
517	815
496	931
565	908
551	846
557	783
470	780
550	664
583	622
497	595
509	503
534	607
501	678
515	739
510	927
547	623
534	628
497	582
584	695
577	706
563	659
534	804
526	798
586	744
622	675
609	567
540	695
529	631
573	701
527	534
573	795
582	830
642	801
614	745
596	637
622	825
582	772
588	743
556	806
556	740
514	892
559	677
584	730
552	849
552	716
620	617
515	687
530	701
626	971
529	624
549	654
554	692
558	627
493	639
548	618
558	610
520	603
518	606
545	591
502	651
517	737
545	786
571	598
519	634
540	722
531	504
644	474
688	602
557	637
577	654
581	660
558	636
646	701
611	674
659	684
684	592
671	635
709	785
646	632
698	706
681	584
668	744
656	707
655	499
648	636
694	887
679	792
633	759
688	863
687	772
679	768
727	882
665	919
647	852
707	684
650	764
670	665
623	716
692	760
637	784
698	708
630	729
596	829
707	1082
641	986
548	744
602	811
600	748
584	698
557	673
556	582
621	634
622	673
548	721
613	625
587	655
638	607
583	685
629	732
620	758
652	742
572	699
616	840
567	776
541	807
546	853
553	997
618	830
593	764
531	723
551	714
561	610
636	652
679	713
624	633
601	642
546	762
568	834
603	909
617	654
549	606
613	696
570	690
541	702
588	741
558	663
583	562
578	610
547	710
568	862
501	827
580	887
514	768
653	824
604	819
587	900
535	679
493	693
571	746
561	878
619	886
585	839
552	685
637	656
540	642
539	617
585	614
568	646
558	756
546	656
558	646
596	735
488	651
541	699
565	534
570	636
540	767
614	745
570	768
592	644
603	619
561	861
619	849
584	868
615	722
558	755
551	549
520	643
587	453
565	629
591	631
536	620
581	739
582	720
575	592
524	580
555	655
554	547
530	664
533	642
525	677
492	806
517	867
523	691
531	713
569	822
567	899
576	807
575	771
586	672
554	777
587	793
549	705
639	607
525	798
541	617
562	858
573	722
542	575
512	688
576	866
537	699
604	774
588	805
546	680
619	671
579	771
606	762
636	732
686	770
701	791
624	935
606	978
648	734
633	616
704	691
632	712
673	603
595	711
599	558
621	710
630	801
592	717
668	692
581	570
647	695
669	727
681	911
690	858
647	813
744	840
833	863
685	713
703	867
672	938
848	922
872	948
930	854
857	742
971	769
1007	813
1129	729
1161	788
1172	860
1285	921
1396	908
1723	869
1726	859
1938	849
2252	718
2379	818
2850	859
3037	918
2874	871
2874	872
3260	963
3986	921
4339	929
4296	783
4451	1060
4537	955
4799	917
5003	1019
4920	1056
4832	1069
5568	1047
6112	842
6308	999
6532	1103
6530	986
7170	971
7652	1159
8348	1262
8597	1171
8655	1127
9262	1101
9610	1123
10339	1226
10605	1228
10523	1293
10335	1312
11163	1340
11335	1158
11935	1156
11563	1251
11720	1286
11934	1295
12838	1225
13566	1261
13812	1249
13546	1231
13987	1353
14723	1207
15443	1370
15907	1416
15964	1500
15940	1508
16406	1567
16876	1749
16706	1999
16423	1767
16574	2105
17047	2365
17165	2315
17386	2489
17300	2635
17342	2429
17243	2618
17494	2858
17584	2952
17630	2790
17593	2827
17942	3014
18574	3612
18705	3827
18676	3683
18379	3759
18354	3589
18188	3624
18388	3646
18428	3691
18364	3610
18235	3423
18257	3304
18078	3099
17815	2751
17919	3136
17766	3013
17514	2816
16950	2334
16800	2233
16517	2172
16627	2157
15947	2023
14920	1605
14258	1564
13210	1481
12492	1496
11073	1269
9860	1156
8508	1022
8995	1104
9475	1073
8691	1157
6932	871
6179	910
5458	980
4929	882
4645	908
3955	874
2953	886
2571	789
3067	842
3125	900
2424	1016
1808	829
1833	675
1608	975
1740	927
1524	924
1344	853
1181	793
1176	887
1183	974
1210	825
1072	816
1031	1055
845	1095
881	1064
877	1018
809	753
873	915
897	889
854	849
853	854
770	758
776	762
707	709
715	741
740	675
669	636
648	776
622	976
678	1022
651	745
587	743
681	943
638	813
620	861
574	759
564	711
569	829
601	817
556	821
578	826
544	740
560	644
543	735
551	823
520	813
515	734
583	891
558	777
575	747
578	801
594	802
553	736
541	750
541	692
555	645
588	819
603	801
584	747
620	747
585	815
595	781
631	605
659	652
681	786
648	872
606	825
607	677
579	722
585	752
683	807
649	849
627	895
608	971
633	949
592	769
591	753
588	698
616	886
531	801
726	953
584	765
671	759
561	811
570	795
552	746
529	853
570	688
606	637
621	771
623	948
634	860
589	714
563	805
619	698
624	869
589	923
583	759
599	837
534	802
576	696
566	685
569	677
548	812
583	921
554	774
605	797
580	599
587	702
526	659
564	753
518	789
466	866
562	884
521	896
504	855
517	992
508	1037
566	905
555	1126
612	1113
518	980
552	933
537	1135
557	1104
536	1118
588	1081
598	964
588	811
585	965
517	834
568	756
566	792
503	756
539	701
483	845
522	853
475	841
557	767
517	949
474	833
539	848
546	779
475	890
521	616
569	635
612	883
616	900
612	875
600	836
588	803
515	734
518	888
533	812
496	768
517	884
550	804
559	874
585	1018
522	863
578	798
561	796
540	785
494	856
476	832
514	746
462	751
479	876
445	780
403	681
431	884
465	768
467	819
487	827
525	779
487	881
516	970
527	831
534	670
604	703
527	596
550	683
533	805
488	818
553	636
563	670
589	661
546	1009
498	1063
606	857
581	800
573	778
587	957
652	744
601	808
544	765
569	627
543	592
523	544
501	741
529	771
557	733
434	683
532	667
540	780
515	832
525	872
487	701
499	616
527	679
551	655
573	652
548	729
583	832
541	781
533	821
546	690
527	685
501	674
541	632
549	662
502	647
591	849
513	967
519	851
535	767
500	952
509	861
554	871
596	882
560	1008
496	957
469	792
530	798
618	808
523	756
567	605
581	735
582	652
617	759
630	744
597	803
604	797
555	661
587	799
598	748
559	639
592	515
596	541
598	595
596	670
593	726
591	697
691	839
791	732
865	679
810	697
833	856
769	705
741	877
747	774
851	588
792	561
723	655
670	607
691	821
637	686
667	764
697	825
615	761
696	758
706	694
722	632
769	738
721	720
707	716
670	738
722	637
656	608
715	791
657	801
662	735
634	720
640	697
749	642
695	643
637	766
731	699
768	702
747	807
755	758
749	785
759	743
794	731
779	754
816	733
775	651
782	581
765	676
780	689
837	800
784	844
797	895
757	772
783	627
801	601
705	681
811	597
753	612
818	807
795	926
801	861
711	721
730	903
733	885
704	735
726	674
668	796
761	808
682	830
744	853
728	997
732	875
712	680
728	793
802	719
821	642
768	645
746	621
702	677
700	721
728	623
729	637
689	611
599	665
610	666
689	617
669	615
696	683
695	925
708	778
665	783
663	832
623	786
600	868
580	740
577	800
625	794
561	755
528	644
579	629
615	717
509	750
498	829
544	715
478	673
498	655
536	639
486	840
511	866
496	782
503	779
619	753
576	745
600	788
529	793
612	825
546	709
521	814
564	831
520	785
573	795
667	877
647	674
582	682
587	602
520	604
558	662
587	702
600	653
518	715
547	702
597	771
611	648
539	857
600	732
553	690
567	737
550	563
569	672
486	642
530	770
565	733
589	747
568	736
545	864
570	665
619	809
627	769
634	715
548	726
558	789
604	694
566	718
583	744
552	728
578	574
596	852
567	784
526	905
563	804
526	1022
570	975
617	893
662	858
660	798
644	810
577	760
551	638
542	829
625	722
608	928
563	797
637	891
579	895
604	1090
568	1038
557	998
591	1039
531	819
535	695
632	648
610	651
581	682
642	932
637	861
615	637
669	623
771	761
770	693
694	716
652	822
686	695
694	658
659	646
667	734
726	691
770	680
744	761
761	798
718	833
748	764
794	718
841	785
839	769
895	872
1003	887
956	982
971	836
958	824
871	856
861	889
864	1157
801	829
741	758
740	764
722	764
857	852
791	718
755	747
707	817
674	780
678	864
737	830
684	792
727	850
649	712
658	656
649	663
684	662
639	754
674	766
642	704
692	801
592	836
638	764
589	801
545	670
620	642
580	770
568	771
604	653
609	753
604	682
655	691
686	770
709	682
689	803
700	679
690	833
663	724
670	854
668	694
603	494
662	559
687	787
653	828
678	708
648	729
653	823
684	711
637	725
774	727
709	791
686	734
762	835
759	862
720	970
702	825
729	699
662	806
749	701
700	720
641	744
631	781
655	752
616	649
675	688
721	735
684	625
716	619
725	552
723	666
709	555
732	511
770	520
808	741
731	682
728	635
750	827
735	690
779	790
811	647
846	639
