640	837
597	728
499	642
586	481
536	636
599	735
607	734
679	517
701	682
641	624
731	637
752	645
608	620
629	494
631	523
641	489
579	635
653	627
641	775
621	664
621	581
627	579
685	627
822	760
695	794
686	776
713	643
680	678
757	702
770	686
765	537
690	516
734	569
693	551
624	526
675	693
740	681
634	734
670	716
623	616
640	720
672	549
729	709
751	571
646	547
708	677
724	679
717	721
732	718
775	638
700	728
659	740
635	735
758	643
691	719
733	747
737	820
742	726
745	650
694	696
752	775
805	723
776	623
786	714
771	689
715	737
762	656
742	704
745	657
648	903
723	804
708	636
784	568
705	753
657	736
658	720
675	593
654	618
694	605
703	596
726	564
692	573
839	544
800	704
815	813
869	632
832	714
769	698
773	673
776	517
775	607
730	789
692	659
702	837
700	750
669	757
718	785
628	745
672	776
623	746
620	670
697	690
715	790
791	740
706	743
694	764
675	633
642	716
727	763
670	683
612	659
711	604
706	620
593	637
641	632
677	586
629	688
587	664
599	632
596	794
637	766
644	797
650	660
678	667
620	497
600	492
615	517
653	574
596	535
627	571
587	608
611	650
614	584
580	609
561	598
552	774
621	703
595	594
577	661
616	683
629	726
663	664
645	649
668	584
618	627
661	499
592	660
640	640
559	529
586	598
515	575
543	606
529	588
602	596
587	708
593	724
637	836
590	788
557	657
637	745
612	598
602	676
553	622
600	679
568	571
499	658
584	526
616	556
554	654
545	616
518	704
516	797
544	574
608	714
600	521
521	621
519	587
536	640
570	534
589	617
623	720
642	619
577	686
600	789
529	648
556	753
573	617
542	621
523	822
563	732
517	710
565	694
594	1023
601	872
603	1003
585	835
617	697
633	769
600	870
633	752
638	829
701	798
699	760
643	814
600	681
565	726
570	592
599	532
583	583
576	665
526	585
607	602
607	552
576	632
599	727
565	719
663	718
637	602
575	569
654	685
663	573
579	593
571	559
529	694
590	632
641	797
580	772
633	624
594	717
627	611
662	581
648	593
627	606
744	752
706	925
706	761
628	805
621	941
693	846
776	731
732	781
737	629
707	770
670	903
829	684
732	590
711	707
774	821
797	768
890	723
838	700
863	681
924	769
934	702
913	786
937	738
989	764
929	771
973	813
969	674
1037	769
1072	1102
974	929
915	865
949	789
1133	804
1133	809
1183	921
1225	815
1340	872
1610	824
1839	846
1754	725
1667	938
1623	936
1607	687
1721	572
1790	603
1685	657
1833	756
1968	829
2149	688
2333	601
2002	595
2016	676
2145	613
2420	565
2542	670
2412	749
2349	824
2465	816
2654	636
2473	736
2407	663
2164	692
2172	791
2348	770
2230	633
2067	620
2145	690
2221	937
2337	832
2309	767
2194	796
2118	664
1931	892
2087	654
1914	588
1984	701
2017	687
1791	719
1906	713
1811	710
1854	593
1718	710
1896	901
1845	712
1923	763
1714	715
1641	754
1640	834
1601	707
1540	567
1412	594
1379	645
1308	700
1280	809
1294	776
1179	799
1011	733
979	791
1075	712
947	643
879	675
873	751
843	743
880	728
771	751
696	836
618	681
637	671
718	642
632	754
671	852
608	714
588	717
629	706
638	767
596	816
637	909
628	759
584	807
597	803
582	654
572	710
548	777
574	666
616	622
586	659
525	721
458	487
517	539
550	488
558	457
564	689
539	576
509	696
520	547
555	596
512	568
494	569
499	569
517	746
513	653
586	606
565	782
542	809
506	789
488	809
545	734
538	775
603	874
562	793
535	651
478	526
602	653
555	864
552	896
503	901
465	847
523	990
552	991
552	751
547	863
570	758
565	722
505	736
532	486
546	652
584	660
556	717
495	714
583	636
626	801
581	827
628	822
588	799
551	804
562	711
611	793
597	699
527	711
593	593
531	733
607	719
537	914
686	777
701	908
732	675
693	631
663	768
736	813
706	752
781	750
740	663
741	664
827	628
875	650
1017	735
951	811
956	861
967	836
970	635
1051	789
1061	642
1030	589
1038	658
1134	722
1216	746
1199	749
1208	647
1220	781
1340	850
1390	757
1536	890
1554	1038
1535	1079
1591	918
1712	861
1761	958
1653	935
1621	927
1565	897
1534	724
1507	785
1498	811
1486	751
1422	761
1547	698
1513	778
1547	679
1557	731
1677	766
1649	708
1663	719
1624	613
1844	828
1778	766
1803	814
1823	773
1698	777
1622	683
1671	626
1610	555
1453	725
1475	730
1457	717
1398	777
1354	864
1379	815
1242	844
1139	699
1391	710
1437	633
1590	752
1596	666
1610	659
1607	633
1692	704
1667	692
1478	585
1400	625
1421	679
1339	707
1234	902
1042	851
1001	754
1012	675
945	687
909	658
799	644
855	614
845	588
822	648
756	649
762	755
660	761
703	732
687	652
736	642
680	651
668	600
608	672
678	674
585	678
631	760
545	606
551	628
600	648
561	865
569	684
586	710
558	735
573	753
514	712
539	678
553	611
578	646
528	674
575	780
536	793
624	705
601	718
555	749
573	626
629	782
602	683
608	799
532	733
564	789
548	718
467	633
504	713
538	733
527	832
588	715
526	737
524	666
505	692
534	735
522	695
491	775
478	745
513	682
482	702
541	698
528	646
607	771
498	753
528	756
422	803
522	732
493	877
518	732
562	634
535	648
523	531
485	575
562	597
553	752
486	668
551	641
531	602
493	533
437	638
495	528
496	711
494	820
479	807
459	704
478	809
569	854
570	820
497	832
478	664
484	926
456	928
529	767
505	854
536	848
599	917
499	638
474	593
471	626
534	584
481	586
489	753
504	686
484	700
501	701
519	711
524	789
566	658
502	765
555	636
522	674
573	636
567	766
596	830
639	678
557	613
554	567
498	649
535	669
515	649
682	670
583	649
584	655
620	621
547	593
635	599
633	758
571	669
646	696
576	768
590	753
658	774
613	747
566	639
551	627
583	669
628	746
589	831
536	804
580	662
545	776
541	779
550	839
616	845
614	746
605	896
673	799
653	726
566	813
565	779
576	663
661	824
690	724
707	650
650	587
597	690
551	678
566	617
519	539
599	629
666	657
645	700
677	823
700	643
736	704
734	653
715	511
641	572
627	609
589	558
619	573
552	511
574	542
663	595
620	748
624	708
583	636
608	641
635	689
618	682
683	621
623	612
641	667
700	700
659	543
699	526
653	542
694	594
654	635
597	537
581	526
586	555
611	521
600	561
642	571
596	606
623	483
685	595
681	616
650	717
638	754
639	769
666	663
657	628
729	507
573	579
646	645
646	668
643	602
677	619
597	581
718	652
667	724
687	651
707	676
709	720
717	793
711	754
679	735
761	743
779	674
731	817
643	624
695	554
723	624
738	575
655	572
726	576
675	534
716	640
732	626
761	644
683	677
714	541
659	588
697	563
648	607
686	626
649	659
679	642
727	494
672	534
653	600
717	593
665	658
650	692
674	652
709	690
662	783
655	679
705	659
709	609
772	606
772	627
703	604
774	670
847	721
801	663
794	824
787	739
774	815
748	595
776	628
671	658
800	825
731	896
705	844
722	720
727	664
735	770
794	732
692	706
782	753
730	723
696	657
730	714
797	659
788	760
787	554
815	548
880	650
872	726
880	777
875	701
768	715
861	603
803	605
729	619
729	609
673	607
663	583
730	536
782	654
724	614
742	688
770	550
799	533
752	628
823	703
856	710
848	633
887	536
847	569
820	817
733	700
812	845
818	888
759	978
810	795
722	749
834	791
677	692
820	650
714	761
719	590
781	633
855	709
789	497
687	604
838	680
741	574
784	693
807	827
841	774
831	699
750	919
764	909
751	755
797	707
745	759
734	892
703	612
712	827
737	724
710	913
677	1013
670	758
761	748
778	774
751	617
742	692
719	630
759	615
733	670
786	625
714	552
644	567
734	577
694	699
634	660
615	604
674	610
715	705
683	769
664	612
694	699
691	650
648	649
684	514
673	762
611	743
690	767
696	706
646	548
659	760
692	726
736	663
837	571
770	787
852	820
849	800
1190	808
1213	682
1243	661
1112	756
1136	792
1351	816
1608	925
1492	889
1517	880
1398	873
1600	782
1927	764
2016	763
2138	755
2257	916
2718	877
3137	886
3463	927
3303	843
3106	804
3252	817
3212	772
3157	814
2728	685
2545	742
2329	664
2243	605
2318	705
2458	654
2628	739
3136	725
3570	724
4082	790
4637	697
4928	808
4944	811
4804	916
4546	907
4412	932
4253	967
3998	922
3494	858
3047	877
2666	900
2616	883
2585	878
2404	900
2052	831
1833	742
1975	781
2185	814
2306	763
2051	886
1855	1023
1855	967
2028	963
1942	974
1515	793
1235	757
1101	795
1188	763
1124	723
1043	845
980	824
852	725
929	770
936	762
815	679
838	642
674	560
706	619
840	668
710	695
679	693
644	812
618	681
594	839
662	809
574	892
610	876
614	644
561	798
553	744
552	686
559	800
583	928
636	848
660	830
603	746
579	749
654	831
622	739
557	689
584	672
581	638
568	685
666	570
631	577
598	671
597	612
517	632
576	507
519	788
576	661
547	624
630	688
542	619
611	604
552	573
569	629
615	669
573	671
542	666
599	720
577	738
633	711
662	669
660	815
597	702
667	714
607	591
604	639
568	586
611	768
640	886
678	701
560	667
515	697
528	580
519	772
577	535
571	564
560	659
591	707
624	686
587	746
651	786
696	706
591	608
572	755
580	888
554	860
615	579
505	633
605	701
552	694
635	529
586	580
484	508
579	540
585	630
626	683
605	648
584	643
545	634
544	766
544	650
534	572
600	643
576	740
566	806
582	896
524	998
615	728
571	797
535	777
548	671
606	692
605	701
563	695
535	751
516	869
524	906
513	710
533	708
584	683
596	693
575	798
545	740
509	746
518	779
526	906
513	802
450	773
548	721
520	642
496	734
529	599
536	620
564	544
568	637
559	640
592	637
526	683
619	705
623	708
523	675
529	768
540	721
555	720
556	551
632	757
630	750
651	709
631	607
595	764
593	786
520	777
538	860
543	839
575	872
532	709
582	660
492	784
498	874
492	771
555	718
607	791
559	723
545	824
555	666
550	715
581	821
528	777
548	848
546	797
550	726
588	781
622	804
520	670
546	670
503	671
558	563
571	698
549	703
578	713
506	723
519	770
553	801
571	812
586	833
577	762
571	735
550	732
634	736
609	657
588	663
669	816
624	835
635	706
673	804
660	740
674	647
700	647
693	508
731	516
740	638
618	708
638	743
575	642
647	792
660	720
648	620
717	718
643	847
621	822
750	828
779	887
800	885
713	867
807	689
785	702
889	654
817	695
873	659
933	627
837	690
797	751
724	894
655	739
715	776
688	734
683	592
682	658
662	594
610	665
739	550
714	642
749	666
713	708
705	634
679	682
755	569
806	537
837	552
768	662
789	766
771	726
769	732
785	738
748	759
694	758
717	667
649	617
730	678
711	690
807	654
803	774
803	741
819	842
893	682
860	818
950	828
959	774
885	716
783	603
940	560
913	688
856	746
690	781
655	705
612	696
634	833
671	682
638	843
610	905
573	991
671	766
615	749
591	702
576	899
627	913
616	912
602	817
595	667
669	602
675	781
638	855
670	815
682	857
630	736
680	849
614	853
564	620
610	603
553	583
604	598
580	792
526	621
553	753
525	810
499	802
564	730
513	579
567	872
564	877
488	756
473	665
536	700
518	679
501	804
533	683
502	702
477	729
484	677
579	636
516	547
544	761
528	946
477	915
566	810
548	772
593	760
535	668
572	634
518	651
543	584
498	649
558	563
539	524
556	560
599	581
552	568
573	500
546	597
523	715
564	602
501	555
594	711
552	673
537	673
574	708
522	765
505	718
489	625
447	621
520	689
529	696
502	682
472	639
530	712
532	911
588	736
488	788
471	744
558	796
560	712
614	679
618	890
503	704
553	654
581	718
559	630
582	673
563	553
551	641
527	666
511	681
503	707
574	773
545	932
529	880
513	755
538	715
565	653
612	850
613	764
556	719
519	673
484	730
491	783
557	853
554	820
483	717
580	740
561	812
561	768
553	787
536	705
569	750
518	622
563	704
542	709
521	659
482	610
462	669
555	705
481	702
507	611
533	679
517	655
535	674
585	623
584	693
569	693
503	732
596	793
607	864
576	699
514	839
505	898
516	714
500	844
529	763
630	711
555	746
597	790
619	710
665	790
642	869
601	674
663	693
592	602
606	609
613	823
606	807
586	819
557	1026
560	794
605	761
560	758
484	738
517	812
490	651
575	683
519	632
601	654
595	595
520	640
460	586
540	619
586	587
510	546
549	599
575	656
570	588
552	600
564	711
597	680
580	647
550	658
570	710
564	616
589	553
635	527
476	555
537	565
565	707
555	691
512	672
510	632
527	714
543	674
542	724
510	805
540	623
509	548
484	716
561	689
573	807
552	674
469	686
506	782
506	704
540	675
537	587
534	602
591	486
554	646
578	620
555	600
555	716
558	544
593	655
588	598
608	594
650	587
562	700
583	685
588	662
641	620
548	591
549	509
569	617
626	567
625	642
625	733
635	596
668	573
766	649
1004	596
861	606
806	705
838	632
1006	821
1040	610
1028	630
1058	670
1098	630
1346	623
1442	721
1476	702
1502	584
1650	596
1917	596
2290	669
2219	668
2159	752
2095	622
2028	740
2001	674
1730	556
1499	915
1321	912
1171	891
1148	669
1108	691
1238	706
1483	714
1354	708
1348	737
1175	611
1229	590
1240	693
1054	686
932	629
897	629
789	617
778	638
796	779
782	727
679	569
622	595
593	643
636	597
627	659
635	619
596	614
544	582
645	511
625	678
638	553
648	482
614	607
547	549
582	667
571	634
533	684
595	656
632	606
635	533
609	667
525	542
516	605
583	575
608	567
624	578
577	506
525	571
558	569
560	424
577	484
572	635
562	560
551	593
521	513
575	435
486	546
583	506
526	515
468	567
486	646
493	473
540	554
551	671
514	589
550	540
568	605
583	636
471	845
538	587
545	463
565	445
539	571
555	554
544	630
539	554
550	635
575	816
546	675
540	717
545	696
508	725
508	697
601	808
545	758
565	614
535	580
585	787
605	742
551	786
498	744
516	710
507	831
502	817
599	637
523	759
579	792
552	695
544	707
597	746
521	683
572	716
581	695
552	635
645	680
552	548
635	690
608	575
616	601
559	667
568	723
568	633
559	656
622	638
541	517
504	656
523	548
624	606
562	628
553	669
542	746
517	881
539	699
531	682
565	738
542	645
556	548
521	622
533	622
437	804
547	737
526	785
519	836
527	869
567	770
589	703
590	608
543	620
553	708
540	563
592	641
624	582
592	543
584	541
653	744
763	607
576	624
622	704
592	666
692	646
640	631
676	677
606	719
647	676
613	636
561	621
725	673
727	745
721	673
670	572
635	610
630	613
678	704
680	629
689	566
622	607
573	576
549	634
575	751
506	702
536	499
515	524
451	597
460	639
550	630
506	709
622	592
565	501
562	548
546	452
473	544
604	689
578	603
609	529
566	529
620	604
514	554
493	612
503	623
572	671
567	682
541	672
592	707
633	649
625	487
573	488
557	565
611	575
560	687
584	606
622	667
692	687
641	664
601	789
552	850
578	778
525	832
525	814
535	655
484	694
501	678
506	708
571	701
518	699
549	570
552	638
547	624
636	595
530	639
538	491
570	539
605	609
630	762
594	819
610	660
569	682
546	678
536	527
619	585
578	520
583	496
514	559
527	567
572	594
588	628
560	678
607	557
534	578
539	587
594	520
579	554
630	691
578	710
632	756
629	760
579	840
583	769
636	796
569	824
691	899
675	896
588	869
612	771
614	786
576	668
585	668
535	673
491	760
493	726
600	691
625	742
596	743
600	713
539	858
512	782
522	760
590	771
585	799
679	749
614	728
546	764
594	895
549	576
536	642
540	763
561	898
584	966
567	850
672	845
668	749
521	796
635	785
655	752
640	720
697	752
620	768
619	752
539	693
530	795
484	735
587	918
520	856
545	928
569	912
561	936
577	859
515	941
540	859
535	795
526	830
501	766
578	665
537	731
536	684
542	662
510	832
608	776
559	719
585	699
575	604
585	586
571	743
534	703
569	773
553	782
626	636
652	691
628	716
601	643
634	623
569	787
588	799
595	705
589	717
661	717
593	759
589	820
535	716
569	616
575	619
527	657
548	609
535	632
553	638
617	661
585	665
648	599
617	647
622	798
592	770
519	672
614	689
574	682
542	685
542	518
569	690
584	578
531	613
549	732
539	864
554	781
562	801
474	725
563	730
565	627
521	717
601	692
588	654
569	695
642	647
596	638
631	667
619	632
685	721
716	749
527	789
619	582
654	568
615	530
634	530
608	663
590	490
592	731
573	648
618	739
616	789
637	672
636	774
721	702
730	814
556	759
608	739
570	896
519	1032
566	875
510	652
562	753
647	710
582	733
586	560
557	506
659	622
654	671
561	771
569	792
618	708
648	926
657	932
598	848
696	666
675	768
633	816
639	789
617	679
602	583
613	602
579	609
561	629
521	624
553	617
600	639
524	715
527	705
566	612
525	594
487	702
536	899
606	1005
603	911
588	952
481	799
535	717
555	808
618	808
544	739
573	726
567	759
573	639
560	619
530	715
523	832
485	681
486	938
533	918
581	788
590	781
494	779
505	711
535	551
562	770
583	800
515	735
574	939
540	723
512	801
616	705
624	768
639	737
663	688
752	752
661	745
691	845
720	877
602	869
658	986
634	1151
626	936
677	817
722	924
748	882
783	897
834	762
863	654
818	809
711	803
646	654
706	745
812	803
703	794
670	830
538	635
579	708
578	676
494	709
477	750
560	728
509	751
472	621
514	665
545	735
594	694
539	773
448	712
471	664
506	776
483	754
512	710
612	753
560	609
600	630
515	703
588	711
573	527
515	745
538	794
542	796
526	849
586	663
575	899
572	887
591	856
605	546
589	649
600	544
551	703
577	802
616	864
594	715
521	884
549	906
514	822
548	805
531	760
484	963
493	1007
532	756
504	771
511	680
561	743
565	754
528	767
501	695
523	774
488	739
523	733
490	887
469	674
560	758
480	709
552	746
498	851
509	756
518	599
495	698
514	652
514	648
534	574
493	670
523	708
510	637
497	622
492	681
451	587
460	558
550	649
527	741
522	630
546	762
642	850
544	680
539	567
556	619
575	651
536	880
555	707
514	686
524	774
496	776
477	779
569	883
528	896
515	868
561	1061
590	1095
591	814
667	719
565	765
482	810
521	795
560	741
550	852
530	887
515	864
569	770
571	832
595	788
581	729
619	618
653	673
555	718
591	818
573	833
556	794
648	730
594	681
665	605
654	790
590	692
510	800
513	745
536	676
592	612
519	590
576	590
523	846
507	755
465	639
544	741
499	873
567	1016
520	836
537	870
552	1001
563	792
595	614
515	832
534	879
514	729
481	803
562	848
582	932
553	630
466	599
529	682
535	577
546	695
548	681
534	858
557	724
501	806
505	809
538	696
526	755
478	770
551	751
530	711
531	557
615	642
591	601
590	562
515	631
592	658
578	561
454	620
501	714
546	604
495	862
522	521
609	651
560	792
490	724
521	667
458	748
526	703
502	591
568	617
548	603
590	661
556	771
565	706
558	646
661	620
483	609
566	740
546	535
556	619
536	801
507	736
657	651
605	839
627	910
650	762
554	703
552	741
605	646
547	607
624	652
566	678
622	682
602	772
610	685
592	653
601	696
612	695
582	666
549	760
518	718
566	696
514	725
520	643
582	687
573	603
568	610
557	569
547	585
576	622
604	629
496	656
630	571
595	600
552	659
565	840
502	804
585	730
655	866
653	748
624	766
628	762
657	559
686	741
644	871
656	786
680	816
679	619
659	631
747	669
739	664
714	694
728	913
768	999
823	848
789	868
641	765
745	865
718	803
748	875
774	912
757	904
765	831
714	951
663	774
717	719
759	847
779	730
729	843
686	792
680	808
656	801
718	865
665	713
679	736
589	601
641	638
626	625
628	659
608	612
584	574
606	676
592	724
633	759
601	797
588	785
630	932
618	814
561	717
602	763
544	806
633	682
551	631
555	614
568	625
559	589
510	667
556	751
546	789
547	752
532	570
624	668
647	681
571	666
631	609
559	641
607	824
579	971
593	940
562	719
559	624
555	658
552	706
590	637
547	809
555	767
629	771
573	676
598	679
586	669
598	677
554	751
543	960
592	767
550	764
584	819
679	538
604	562
598	729
587	722
589	640
588	605
648	768
654	789
647	990
708	810
640	807
617	735
648	765
569	635
540	735
539	697
577	640
573	803
588	892
589	640
576	678
568	596
588	797
662	882
608	848
626	797
659	690
582	766
599	850
585	935
583	838
665	827
551	787
612	900
643	829
680	813
641	707
596	664
648	669
612	734
576	668
594	744
573	637
535	695
581	709
549	698
551	796
574	771
527	731
530	763
536	749
582	711
542	727
515	699
561	702
538	629
656	674
634	655
584	779
567	874
531	779
571	811
531	737
541	832
495	825
517	889
539	880
531	676
560	582
514	578
520	723
542	753
595	735
485	863
516	849
529	806
570	834
581	922
650	769
610	843
568	829
563	842
504	778
526	769
509	773
520	775
521	746
587	968
615	911
545	941
559	953
559	1006
565	839
502	797
526	794
560	748
506	728
554	719
548	772
586	895
689	842
604	721
606	672
623	771
595	705
625	721
642	759
591	526
575	636
572	744
595	766
515	757
524	669
593	818
585	752
569	859
540	849
580	819
642	919
602	805
562	701
600	810
627	651
576	601
597	536
636	629
556	604
523	542
520	573
508	678
481	764
539	860
557	950
548	939
563	759
528	665
563	733
567	664
556	609
526	658
559	597
565	517
542	610
544	676
512	681
514	522
527	547
545	566
499	632
540	749
583	647
560	756
571	636
610	633
551	554
550	852
618	693
578	829
573	738
573	733
557	695
600	816
620	733
624	750
625	848
636	967
628	775
638	829
609	734
627	873
635	927
626	675
590	741
579	783
578	631
570	625
536	679
587	600
600	818
628	745
615	679
613	797
681	810
689	787
693	748
644	662
664	671
623	653
608	651
735	707
696	745
666	707
687	786
694	575
749	605
660	681
683	689
739	669
660	776
661	744
604	784
570	732
648	712
608	856
673	949
652	670
609	780
703	846
661	834
713	948
649	915
671	934
652	793
662	748
659	744
635	773
673	685
664	652
656	754
569	559
586	671
605	644
658	686
624	599
601	548
666	589
582	588
624	596
673	651
661	754
627	783
613	809
706	693
609	637
646	748
648	758
703	794
732	820
653	742
653	642
614	791
604	770
563	860
620	775
539	979
611	981
595	1023
625	804
617	1018
641	1098
617	832
608	625
601	877
634	1008
633	827
612	960
586	743
601	791
654	895
640	799
670	903
647	701
619	868
601	873
569	922
569	745
517	695
579	932
571	812
559	617
598	687
580	771
543	970
547	1124
537	1075
595	1017
603	990
595	909
531	1072
556	958
550	937
534	840
558	815
621	878
566	910
578	858
605	873
583	912
625	884
673	746
581	713
538	695
560	704
583	612
557	725
531	774
527	611
507	725
526	671
573	850
572	752
593	796
531	861
540	765
573	787
619	793
573	954
525	854
604	958
531	850
549	772
554	759
547	717
541	608
514	528
606	553
642	730
539	629
598	687
562	679
598	702
581	846
604	868
526	747
564	704
583	690
566	719
528	790
546	856
556	695
550	814
602	925
542	866
513	835
561	788
522	811
591	791
588	604
570	743
614	762
586	685
634	749
551	881
591	876
550	539
521	741
514	813
578	694
575	744
549	645
571	686
606	694
593	635
531	864
575	816
587	915
572	979
569	730
561	761
496	873
544	708
647	775
616	765
544	817
558	776
559	841
508	684
563	817
502	652
477	718
487	767
547	639
418	755
506	640
461	674
511	818
465	758
483	623
483	872
562	584
512	536
504	579
503	576
502	644
535	599
506	695
529	696
545	776
528	923
579	845
559	826
596	777
484	762
492	753
593	718
562	748
553	638
563	695
539	570
545	633
518	703
496	523
535	577
532	694
572	787
562	774
605	647
495	725
544	849
511	742
572	665
609	849
573	974
587	763
545	708
528	556
540	644
557	656
510	790
604	658
565	735
551	638
565	662
539	702
543	755
503	636
556	748
534	714
462	653
528	831
530	624
513	709
544	724
565	745
509	708
509	753
558	786
551	735
507	554
529	649
593	711
606	891
516	781
501	565
551	714
577	835
600	616
473	496
517	653
510	765
528	843
529	889
525	782
550	786
604	848
580	907
543	746
536	666
503	698
504	714
521	743
548	652
577	816
547	746
539	786
640	760
565	635
540	780
521	926
481	808
487	793
511	775
480	709
482	718
495	681
528	663
532	718
543	635
528	858
569	927
553	840
531	654
506	658
518	599
532	820
548	783
539	596
523	604
503	641
552	586
473	624
489	574
602	503
517	616
506	652
526	740
541	865
599	861
546	783
559	784
568	804
550	672
560	596
506	696
491	688
484	701
541	593
568	830
525	782
569	789
582	824
517	764
582	611
586	692
560	774
560	718
499	615
574	610
629	573
532	646
518	632
527	696
566	549
521	493
568	561
590	530
470	548
505	577
554	618
575	550
617	668
578	555
559	601
657	618
665	476
631	464
618	575
509	549
522	596
534	568
512	654
610	648
537	833
552	602
609	796
626	833
635	997
616	1016
591	853
587	679
638	678
644	562
660	663
642	656
677	779
634	788
617	762
611	769
701	932
647	914
621	978
654	1124
622	921
704	835
638	742
636	776
657	940
594	843
658	831
633	840
645	871
585	859
544	733
559	799
578	777
552	800
536	1028
555	881
572	720
582	874
608	829
582	780
493	660
545	775
547	798
568	672
562	740
538	752
515	822
512	772
568	821
560	799
560	753
516	693
545	864
492	766
503	1044
567	872
562	849
510	751
538	791
561	820
497	702
526	690
506	770
473	881
566	709
555	773
589	642
580	710
615	699
572	690
506	791
578	808
550	725
574	757
562	768
540	796
533	671
522	823
547	808
594	989
649	979
610	845
581	742
555	771
600	823
667	887
529	782
583	722
587	651
577	732
592	655
537	579
548	828
530	748
489	651
504	580
456	589
529	654
524	728
483	673
519	599
587	533
582	714
581	701
561	740
486	714
515	778
654	760
566	833
539	708
533	811
600	761
545	868
605	1073
677	754
591	791
658	678
707	758
696	763
728	743
677	784
653	673
795	826
774	774
785	800
768	649
843	701
989	763
1057	905
1086	727
985	710
871	605
856	702
905	898
1015	647
1016	692
969	594
1110	648
1195	739
1270	632
1360	724
1440	635
1308	678
1321	759
1351	718
1259	707
1231	836
1229	829
1147	771
1135	707
1055	676
1030	710
985	808
1010	819
963	785
899	717
845	752
928	754
775	639
776	848
720	794
795	820
666	672
716	899
625	843
658	932
645	980
617	877
690	881
652	997
582	786
589	813
632	769
549	651
593	811
598	694
565	977
540	699
560	753
538	765
584	790
581	868
593	1066
568	968
630	1180
557	943
552	868
575	988
540	700
563	649
577	701
515	754
536	854
537	622
605	563
565	624
620	773
610	713
657	838
559	1011
619	885
656	774
664	732
706	754
674	769
679	628
645	547
600	704
545	770
604	915
642	912
693	852
630	686
687	656
670	531
654	577
684	666
666	666
669	970
698	804
657	830
678	755
684	895
641	763
665	701
674	723
739	760
759	837
779	689
738	689
721	698
803	758
787	590
819	691
865	810
885	703
860	745
887	849
1003	1020
943	936
1007	969
993	840
1016	686
1085	827
1059	841
1060	817
1174	832
1219	856
1295	1003
1452	830
1327	760
1425	816
1424	773
1343	792
1229	805
1090	811
1020	1045
970	911
1045	933
937	793
956	751
884	685
937	773
913	776
898	925
870	931
886	906
851	1003
820	710
745	829
737	835
703	883
667	1147
678	984
742	922
619	991
641	736
773	842
622	941
608	863
564	880
608	766
598	928
601	907
586	672
474	771
529	824
547	851
592	601
527	757
540	662
532	801
536	683
607	595
587	698
595	729
524	658
558	698
504	649
534	694
493	658
502	665
593	910
495	865
460	714
467	830
528	756
517	644
510	666
501	755
520	711
540	710
551	748
540	772
502	750
517	754
543	847
518	663
532	684
603	680
536	775
501	734
477	685
484	728
506	618
561	552
497	491
496	579
454	546
492	679
562	671
554	694
538	674
569	819
551	1011
494	842
496	653
552	865
562	869
559	944
527	1004
543	834
575	828
561	854
505	716
491	690
462	634
497	696
470	679
518	746
547	629
490	846
516	711
589	804
554	756
484	579
542	625
526	709
474	650
528	616
467	682
565	724
599	760
597	591
614	759
609	675
588	632
485	615
496	767
593	787
577	742
518	743
576	694
515	869
534	820
496	816
569	726
527	697
561	882
531	869
535	934
547	728
517	645
511	748
508	752
542	820
502	831
529	764
577	656
515	692
499	825
599	720
526	774
509	670
505	680
544	769
493	857
506	1058
499	1145
476	1117
550	983
517	710
585	735
494	758
571	770
546	786
521	644
551	639
461	673
525	724
585	760
569	910
517	778
516	789
511	650
542	688
614	715
560	703
537	911
573	904
571	777
557	606
546	775
581	924
528	970
610	779
570	836
566	653
576	773
613	812
678	730
648	670
678	733
669	567
610	758
602	614
526	627
571	681
574	569
609	667
528	600
490	650
536	681
554	649
504	893
504	895
500	697
549	754
426	748
517	766
533	819
462	730
528	798
475	812
458	872
437	764
528	745
517	603
544	692
527	724
518	604
489	613
503	661
566	670
604	744
601	743
548	565
540	711
539	736
592	759
527	640
535	676
629	708
571	792
698	699
621	721
722	755
726	887
729	819
833	754
745	690
760	596
805	654
831	702
958	796
938	826
970	734
1048	723
1177	766
1441	889
1611	908
1686	848
1772	795
2159	812
2427	839
2727	910
2755	882
2920	837
3292	749
3739	856
3815	804
3731	772
3723	860
3749	925
4090	960
4054	907
4200	761
4231	847
4109	861
4071	868
4120	802
3853	758
3894	782
3909	837
4058	875
4283	960
4347	886
4376	927
4584	961
4618	913
4857	1098
5280	1002
5321	975
5476	1070
5794	1167
5911	998
6000	1019
6073	1059
6173	1086
6092	1133
5951	1042
5734	1155
5668	1107
5745	1193
5716	1084
5311	1134
5180	1104
5235	1107
5073	1038
5005	1024
5276	1144
5573	1210
5660	1206
5891	1143
6211	1108
6173	977
6210	895
6402	966
6228	1097
6055	1000
5630	959
5293	853
5031	922
4835	902
4825	902
4460	902
4234	875
3698	938
3573	885
3620	797
3334	795
2864	876
2716	743
2718	854
2715	818
2868	906
2606	845
2300	808
2115	685
1996	724
2102	759
1753	801
1507	750
1375	900
1405	866
1407	880
1153	685
932	864
911	824
958	746
1047	755
938	669
926	827
795	754
772	738
915	718
717	484
685	555
703	633
597	706
627	727
632	850
588	895
644	973
615	837
549	853
572	709
557	664
606	705
634	719
575	834
660	750
548	675
616	848
647	820
621	756
693	640
578	877
630	629
663	697
683	691
621	659
722	608
718	445
671	544
715	592
707	635
731	681
761	626
748	678
788	632
718	643
741	661
663	768
728	630
804	614
744	646
711	641
681	723
627	641
560	704
569	824
594	916
612	956
537	744
568	665
610	731
618	640
668	737
678	730
708	655
813	768
693	750
742	672
574	604
609	549
628	657
578	629
577	659
652	574
547	533
576	570
599	534
563	659
626	594
532	670
537	699
529	600
557	670
610	566
584	529
586	694
615	805
540	639
591	711
553	814
559	828
571	679
512	651
507	566
532	486
587	523
612	609
532	763
525	746
514	695
517	542
509	554
578	667
547	811
561	708
512	661
548	700
632	601
592	662
613	569
629	600
628	739
678	706
574	866
604	685
628	790
596	734
553	688
605	711
684	607
580	557
579	676
569	762
592	697
547	765
553	875
518	784
503	878
552	749
606	849
586	738
547	710
509	767
551	879
519	984
554	1009
606	891
534	898
482	915
490	893
549	661
495	662
540	689
523	644
583	866
595	876
534	807
591	903
595	780
660	776
689	749
610	976
684	911
825	838
871	695
871	722
919	713
1003	610
1255	706
1445	726
1350	855
1318	750
1463	709
1536	764
1568	1007
1589	926
1487	905
1652	995
2294	731
2816	771
3045	897
2857	894
3412	808
3688	787
4119	932
4129	825
3680	919
3399	793
2925	721
2765	771
2491	905
2397	748
2216	965
1915	998
2008	918
2045	952
1971	822
2097	892
2300	942
2615	817
2706	921
2803	935
2758	982
2586	883
2631	1058
2414	888
2237	941
2140	843
2147	917
2030	1011
1848	971
1748	913
1785	872
1590	943
1392	561
1193	567
1097	581
1103	626
972	542
978	602
866	707
771	804
756	837
763	756
731	851
644	754
624	813
557	723
578	725
544	715
571	774
553	926
532	852
590	691
526	809
540	814
662	743
617	589
595	684
495	613
518	629
512	585
487	655
525	699
480	787
512	605
461	568
536	705
442	741
460	736
533	690
565	586
511	642
520	671
491	781
508	796
494	609
483	626
536	613
518	730
600	667
484	657
585	758
552	803
512	803
517	645
513	664
517	651
571	671
595	690
613	725
527	615
516	580
495	744
521	637
526	703
509	686
569	780
533	1013
559	1066
491	855
542	879
510	620
528	697
542	618
540	729
518	893
529	760
505	783
507	798
496	823
527	728
570	807
483	579
554	687
516	707
564	609
553	613
531	705
508	622
564	664
532	530
546	579
495	699
551	773
527	628
545	832
527	763
589	683
568	714
507	797
575	742
504	899
508	901
505	871
501	877
520	809
496	772
521	720
564	816
583	855
559	825
508	828
527	710
611	768
552	780
506	638
491	735
558	701
564	938
567	905
510	791
540	793
531	675
514	632
507	748
515	878
473	842
527	767
531	805
505	681
518	645
499	816
519	768
474	839
473	760
579	780
524	757
529	999
563	904
557	866
565	733
541	730
548	915
500	748
525	911
488	781
556	753
544	841
494	862
471	867
476	833
559	846
559	809
557	875
495	906
516	898
558	886
613	861
597	880
586	962
504	857
498	920
598	1004
592	1006
540	797
496	904
491	790
521	968
518	870
510	636
514	559
567	621
585	602
534	716
502	726
497	820
566	851
539	757
449	809
497	713
524	532
495	507
462	664
513	610
503	682
508	720
420	822
484	884
494	749
491	586
478	646
490	585
552	612
490	581
474	682
515	704
592	724
624	727
757	805
690	762
729	764
737	707
796	769
894	967
829	840
744	971
910	1217
1027	1140
1220	1300
1349	1162
1392	1083
1176	1089
868	947
1070	962
1179	911
1345	855
1697	944
1540	910
1190	880
949	752
1054	804
1016	762
964	855
884	900
711	904
728	745
640	626
555	570
553	528
580	629
560	603
542	566
585	797
524	920
518	634
532	653
551	765
551	672
417	607
482	552
481	651
527	583
515	722
508	788
494	713
443	731
447	675
466	622
511	542
515	735
554	855
516	847
608	970
528	762
516	926
544	898
567	630
574	808
557	729
509	667
493	750
471	694
600	639
601	613
506	674
511	671
506	768
529	610
547	547
473	709
508	829
549	782
581	678
589	703
640	752
590	680
603	675
600	607
557	669
529	614
557	753
540	688
598	648
585	693
451	749
499	794
488	720
522	679
522	658
566	689
630	612
628	575
573	632
606	608
567	751
533	879
567	696
628	722
565	723
574	875
492	814
553	705
598	730
580	868
563	830
583	625
526	557
491	529
533	731
597	619
567	663
621	718
673	659
723	676
651	638
665	688
666	679
646	665
702	582
628	635
604	832
626	634
641	626
580	747
591	688
549	530
490	611
539	599
579	851
630	677
596	690
580	685
547	656
542	592
544	672
511	720
515	812
548	683
531	611
503	638
541	550
518	679
533	718
543	621
527	601
498	561
552	615
552	693
534	740
566	950
547	902
580	870
575	946
558	761
539	694
559	766
569	673
523	705
567	624
547	756
556	835
500	787
557	778
594	701
577	651
577	693
591	684
577	858
585	728
575	744
536	687
543	759
596	852
533	810
538	909
559	749
503	638
485	767
565	684
525	668
592	697
545	601
540	575
524	439
492	620
531	551
496	619
608	541
550	645
591	584
639	650
594	625
564	737
599	648
586	628
614	772
615	839
643	781
617	814
563	796
530	668
622	636
527	655
545	753
616	754
583	704
554	670
624	787
546	683
523	802
591	733
524	795
493	800
564	790
521	912
516	910
539	822
525	766
491	749
488	665
549	750
492	945
579	1062
515	947
525	804
515	800
531	874
569	676
512	761
522	692
473	701
480	630
473	715
540	724
538	711
553	832
530	675
517	679
469	704
442	770
476	723
577	643
494	710
540	677
463	771
512	731
593	742
495	504
463	605
447	582
516	692
488	800
515	746
486	757
545	827
532	719
508	543
519	502
567	531
530	460
522	569
528	561
567	509
544	606
575	632
564	611
481	579
548	607
557	540
484	579
524	727
479	838
519	816
518	758
461	705
524	686
554	620
462	661
554	731
580	772
519	642
505	660
484	608
476	624
472	777
548	710
454	774
552	741
435	610
461	743
527	749
493	745
485	607
498	646
485	686
493	700
514	649
499	628
554	690
515	806
567	874
502	813
588	902
562	815
518	879
567	778
594	984
521	920
518	696
476	621
509	672
542	609
489	585
578	698
619	670
534	821
532	869
584	765
562	765
598	659
603	746
510	589
536	782
555	602
588	690
590	650
619	643
632	733
639	609
601	531
563	609
540	574
573	580
551	694
558	695
572	636
534	540
535	547
505	612
634	732
619	793
586	707
557	694
581	625
617	749
605	754
562	923
547	790
565	742
583	693
498	655
531	594
507	678
588	744
560	706
528	652
512	720
511	681
488	677
510	569
452	456
424	564
492	661
557	685
509	670
577	857
584	837
603	764
643	705
658	666
574	615
654	635
671	608
596	714
563	723
514	801
487	897
548	761
576	802
551	799
666	826
602	934
625	817
510	767
529	741
558	743
627	660
559	702
569	782
609	744
571	755
627	683
611	588
616	716
634	747
538	644
582	748
505	812
529	852
431	869
452	779
564	842
518	711
520	807
495	960
557	745
514	684
529	554
614	702
535	714
572	550
627	681
554	744
562	746
513	695
557	644
571	844
621	647
623	748
692	591
673	835
754	847
677	885
642	776
673	776
579	890
573	669
588	702
565	831
517	850
580	719
507	616
554	931
544	742
537	866
558	641
449	676
458	612
472	666
544	664
587	614
605	648
560	601
515	548
648	532
566	705
532	579
550	648
515	703
484	726
469	757
527	943
487	931
513	938
521	767
545	839
538	689
513	630
517	712
545	863
589	711
576	822
536	668
488	791
491	759
508	655
544	731
525	767
524	753
531	676
551	649
588	681
639	751
570	650
502	654
621	533
591	525
564	571
540	656
569	502
567	598
587	613
585	634
639	596
539	616
559	668
538	621
561	602
552	535
556	610
525	676
560	643
482	550
582	626
508	667
523	817
523	799
514	856
491	767
550	872
605	881
513	913
497	744
613	759
535	796
594	768
620	751
532	722
572	823
629	807
654	823
676	810
651	979
646	878
674	677
750	690
653	779
780	979
750	988
757	1139
760	765
709	834
719	847
702	845
718	985
741	784
709	771
721	839
774	782
745	791
680	992
707	828
639	828
668	773
696	857
697	741
710	838
657	733
673	832
649	771
649	707
757	859
761	719
706	804
747	846
824	934
752	862
753	799
719	831
758	762
795	773
827	818
888	802
805	774
776	713
826	658
902	643
859	647
960	585
879	734
835	658
917	676
882	653
962	638
919	610
863	604
973	576
918	555
904	604
933	683
921	731
911	670
952	808
913	786
785	639
830	604
864	578
862	565
792	591
889	592
913	666
879	602
820	744
748	730
729	612
778	644
779	619
668	516
684	552
565	483
586	535
615	720
600	700
653	860
675	945
605	835
627	895
612	755
596	540
674	664
684	701
709	752
627	761
604	643
570	621
586	621
564	533
625	739
614	740
682	710
644	752
653	716
590	707
619	861
715	811
718	779
699	614
647	636
651	766
652	838
680	1048
720	869
622	955
542	829
606	667
661	815
718	702
633	789
636	834
664	728
606	778
594	657
665	609
648	696
581	760
558	822
564	691
565	554
633	596
641	792
546	690
672	868
610	694
662	803
753	685
614	938
588	811
654	953
622	638
584	766
603	848
619	769
542	720
532	948
591	967
552	817
563	825
486	676
520	652
569	570
526	772
477	667
507	698
536	758
468	765
492	740
478	592
533	687
506	676
549	759
566	605
504	634
533	646
491	752
561	818
511	806
493	696
474	755
502	724
434	802
481	754
472	649
446	643
437	616
501	662
477	662
526	633
536	641
472	590
560	772
553	645
455	541
504	678
500	786
570	742
536	760
555	684
490	676
534	725
530	677
564	722
583	692
495	701
567	742
561	896
508	822
537	716
549	584
522	530
570	528
524	761
507	820
541	722
568	673
667	764
646	726
568	757
604	676
599	593
568	633
589	613
581	568
582	633
640	610
671	797
589	787
528	697
537	606
537	729
604	768
541	874
628	753
585	755
505	604
521	624
515	601
483	791
486	756
518	807
490	696
509	678
494	676
617	642
490	673
491	745
514	636
511	604
478	608
557	671
601	794
575	696
604	593
589	682
589	606
539	702
665	695
550	589
591	675
508	707
512	707
535	760
515	797
566	925
510	771
545	912
567	829
535	792
503	693
610	672
536	642
563	811
495	837
502	788
579	612
602	631
575	660
497	755
532	742
549	681
535	704
539	779
553	700
579	670
510	722
476	805
471	678
502	711
531	743
553	812
528	863
563	848
556	701
527	650
505	699
531	773
481	877
525	667
526	728
485	907
496	622
500	650
559	663
551	691
540	762
564	742
536	735
556	674
570	679
552	743
543	703
579	869
472	722
506	815
551	764
599	662
551	806
544	965
494	983
497	850
534	795
511	850
565	687
586	660
638	770
599	818
688	951
571	928
664	844
601	697
710	611
731	706
774	624
782	644
863	733
910	812
894	774
799	732
753	829
832	788
774	861
797	819
664	751
615	747
628	743
613	806
685	699
617	550
658	685
620	739
637	703
625	701
549	632
601	618
517	689
562	560
527	589
557	753
541	648
562	733
526	723
489	696
581	671
522	595
544	585
590	737
553	662
557	588
511	655
518	618
532	646
514	594
531	652
485	712
513	736
509	662
554	662
535	712
568	856
536	762
581	670
529	860
547	688
562	840
551	759
513	833
540	928
561	946
551	789
528	824
564	647
574	665
581	797
507	793
523	790
530	774
595	669
614	829
652	674
594	709
643	675
592	595
544	597
598	699
620	960
635	886
620	886
620	846
715	730
722	538
632	562
658	688
670	838
632	894
609	973
610	903
541	626
586	650
669	713
572	803
618	857
614	825
480	759
534	729
576	746
599	805
491	809
592	753
566	790
622	1074
626	1010
523	874
600	806
573	786
571	810
631	942
590	941
633	852
561	684
618	702
567	691
598	975
614	785
629	708
557	821
522	777
537	793
554	839
532	799
517	677
579	659
581	667
552	683
505	680
521	695
563	661
547	567
547	603
589	700
620	777
572	759
609	780
608	854
608	743
534	895
552	645
556	619
579	691
568	842
573	832
555	745
545	569
553	609
584	623
628	591
637	948
626	652
601	706
627	794
570	710
549	531
658	703
582	940
641	707
589	865
554	846
582	787
570	834
667	1029
520	551
607	540
680	646
630	546
613	545
629	732
532	627
591	928
551	814
604	817
578	683
557	649
571	687
567	669
556	655
561	581
616	590
580	631
730	805
668	761
717	709
614	758
648	671
631	690
656	627
646	656
582	711
670	632
855	820
963	877
799	705
795	627
809	808
927	876
948	819
824	765
801	670
607	789
773	691
747	845
721	763
792	720
721	655
737	530
712	674
780	720
783	650
757	768
824	804
835	735
752	848
832	787
870	739
938	846
886	812
883	864
861	598
894	767
868	676
905	678
801	561
826	533
841	687
832	566
894	673
852	535
914	683
924	575
1003	534
1097	710
1122	641
1223	686
1284	706
1272	804
1344	733
1482	624
1487	645
1608	794
1595	718
1531	710
1552	748
1597	802
1477	787
1567	672
1548	724
1502	682
1648	776
1640	811
1681	836
1675	799
1723	753
1938	884
2029	944
2164	840
2152	705
2226	880
2361	790
2587	936
2688	875
2800	810
2843	785
2971	746
2969	873
3158	851
3151	732
3316	843
4005	1021
4989	1039
5466	1047
5496	1080
6259	1091
7577	1219
8594	1374
9243	1627
9119	1541
8961	1429
9205	1573
9905	1759
10205	1383
10076	1353
10229	1438
10391	1230
10776	1381
11067	1265
10632	1498
10365	1484
10890	1549
11333	1638
11879	1676
11848	1780
11849	1831
11629	1489
11990	1655
11470	1585
11359	1611
11409	1492
11129	1616
11347	1473
11884	1485
11997	1667
12144	1725
11894	1554
12039	1579
12370	1594
13090	1666
13083	1618
13358	1695
13830	1972
14145	1956
14172	1992
14023	2237
14209	2314
14307	2335
14529	2119
14350	1985
14182	2027
14188	1945
13709	1883
13901	1844
13599	1977
13544	2050
13315	1792
13087	1770
12710	1508
12343	1506
12350	1366
12197	1264
12300	1329
12427	1299
12277	1437
12162	1355
12868	1531
12793	1360
12617	1314
12925	1248
13269	1202
12962	1204
13064	1208
12818	1190
12667	1028
12153	1119
12230	1074
11913	1135
11826	1059
11705	1132
11723	994
11727	1104
11752	1005
11346	887
11712	932
11919	915
11864	1005
12289	989
11986	1022
12058	884
12125	1056
12121	1016
12213	1084
12205	1156
11781	1130
11589	1117
10899	1104
10776	1142
10412	1034
10401	952
9787	884
9769	1024
9952	1190
9788	1027
9893	1277
9806	1009
9028	998
9162	1043
8900	1066
8801	1083
8676	904
8432	919
7972	970
7727	958
7795	926
7505	1024
6855	941
6285	902
5909	855
5755	835
5593	903
4862	908
4102	770
3870	722
3661	735
3829	883
3458	705
3186	713
3055	898
3169	734
3254	875
3085	866
2803	773
2742	871
2536	712
2479	770
2416	742
2071	717
1947	771
1977	694
1967	824
1887	866
1954	870
1827	889
1780	926
1851	796
1727	931
1684	693
1536	616
1524	588
1553	564
1610	629
1507	813
1455	689
1272	697
1436	735
1297	862
1312	671
1282	660
1181	616
1219	711
1151	587
1183	769
1110	727
1058	770
1017	815
1098	812
1083	690
1019	635
975	590
1016	604
1002	677
1015	680
881	572
908	676
1001	767
1026	630
1065	850
1043	638
855	772
868	701
852	678
881	786
942	770
854	781
917	767
799	895
857	890
811	829
806	818
824	770
778	756
755	704
688	771
722	651
643	756
697	812
688	802
769	708
706	910
629	819
610	832
561	851
670	722
663	713
653	681
651	747
607	778
620	825
655	666
685	611
633	728
691	733
705	849
614	847
622	808
553	894
576	932
565	897
564	1027
618	764
517	693
611	760
659	692
664	684
625	686
606	577
622	663
645	698
595	798
594	806
641	847
619	807
633	700
678	659
661	570
575	719
644	721
535	583
613	633
595	772
601	775
564	751
600	649
594	710
634	770
572	643
648	841
632	641
593	814
623	773
593	690
549	823
578	882
619	814
534	903
546	863
601	938
590	826
582	636
572	552
638	629
616	964
633	995
660	892
630	963
662	981
649	866
701	974
790	904
674	798
569	777
638	770
682	736
640	747
547	653
662	803
634	743
573	821
528	874
515	855
564	768
573	746
556	917
544	1038
600	906
626	1061
632	937
578	804
635	754
635	804
682	746
567	778
613	747
664	793
559	720
580	867
565	891
621	676
543	811
564	1034
542	790
661	845
626	895
576	718
573	743
525	857
551	871
572	786
534	742
537	754
538	638
558	691
614	866
569	818
602	720
599	743
580	779
532	811
520	749
547	753
613	842
630	709
552	743
581	822
585	768
527	680
606	771
589	718
610	695
550	1047
505	840
520	885
562	876
544	857
612	877
592	778
549	762
571	810
646	976
598	1051
606	773
633	790
541	809
578	795
552	826
521	962
591	917
523	978
561	772
540	697
603	628
612	682
610	667
600	558
602	717
608	614
592	626
552	829
641	776
599	813
594	838
700	867
620	910
597	762
607	669
687	689
587	745
613	818
591	705
587	603
615	487
614	529
638	509
608	429
612	496
617	613
616	590
588	760
635	766
690	936
657	744
707	805
651	780
620	917
574	701
608	829
604	738
583	664
584	663
559	653
616	650
654	666
658	650
780	671
710	827
620	489
578	579
592	465
596	463
515	537
541	553
530	534
638	617
635	689
610	864
706	659
689	590
723	681
717	768
697	746
628	697
555	625
572	828
550	745
587	647
585	726
689	590
616	691
609	616
649	756
635	697
587	553
605	784
576	723
604	755
606	843
607	802
632	761
576	769
633	789
596	749
572	712
608	626
597	695
577	671
570	607
572	602
593	709
559	835
596	885
637	875
630	810
592	723
586	737
582	825
631	678
681	750
599	661
606	646
645	650
660	759
698	828
599	781
596	789
619	803
678	741
645	794
627	738
603	719
654	637
593	662
628	800
639	550
645	514
655	482
635	499
571	486
644	508
551	629
601	621
614	796
598	488
608	602
661	746
562	725
600	676
595	700
525	729
632	840
604	918
581	624
582	661
582	660
570	744
601	1016
644	881
658	765
569	978
625	847
586	788
665	931
677	822
610	764
631	742
587	776
598	837
580	790
608	820
653	635
579	824
663	732
624	847
593	745
599	771
594	696
629	673
585	632
550	635
579	571
699	663
700	603
632	643
576	607
566	601
574	642
530	694
581	688
571	730
561	686
565	676
473	501
580	516
514	591
596	541
648	558
642	684
667	713
601	710
647	706
613	684
612	766
671	684
627	747
611	789
723	649
656	661
614	573
718	644
732	626
716	717
734	793
664	719
663	738
725	703
728	682
813	840
690	575
672	619
691	614
731	684
719	700
647	591
601	746
634	731
642	497
608	573
637	614
643	662
554	640
574	626
595	590
632	659
630	764
643	612
581	720
655	718
623	597
490	742
563	845
560	693
579	766
591	750
577	881
562	774
601	844
585	739
527	698
504	622
525	779
518	694
551	755
550	1014
537	808
607	830
560	764
594	781
492	767
577	788
519	740
493	736
486	885
541	799
508	785
513	821
458	718
591	789
525	808
498	780
524	774
583	938
536	782
534	815
552	746
616	671
587	679
544	691
515	714
538	976
597	760
574	812
548	878
570	750
554	902
597	731
597	762
492	678
532	597
561	659
540	645
471	540
477	515
506	566
512	508
595	470
556	500
549	569
538	635
566	477
513	535
532	641
557	674
575	580
624	701
677	830
564	1043
608	852
612	827
552	814
623	828
551	831
578	835
595	773
575	676
587	781
604	909
575	820
538	751
513	669
563	571
529	736
547	668
549	589
531	587
551	591
588	713
613	594
588	572
588	625
570	609
514	676
516	568
601	675
597	474
609	475
675	621
772	650
653	675
622	572
770	734
769	607
790	601
751	658
718	629
790	514
765	632
846	555
913	676
957	589
1025	651
1036	689
1075	693
1012	714
994	683
984	654
920	783
1015	740
1059	636
1121	656
1174	677
1229	617
1215	591
1199	761
1228	693
1292	685
1245	905
983	859
917	742
873	679
968	665
939	722
882	652
767	735
801	750
723	767
740	837
757	876
678	786
610	583
640	747
693	582
676	530
608	562
567	697
614	891
646	939
661	1016
602	690
618	662
567	607
607	604
583	717
592	680
526	744
564	744
478	722
530	679
548	749
503	708
548	720
447	874
461	758
474	876
496	881
514	736
632	876
474	842
570	770
596	832
545	897
542	1006
619	1081
610	983
581	927
601	899
632	1035
609	1022
612	903
597	929
569	964
621	956
568	851
570	771
513	892
542	764
593	754
523	718
545	664
532	700
547	920
519	806
510	789
574	663
494	730
578	655
644	759
509	819
539	620
537	740
539	621
491	747
563	704
534	918
486	881
541	825
528	650
540	673
521	690
527	768
495	897
570	932
511	809
513	913
509	891
491	793
446	624
489	622
516	634
537	730
535	783
492	632
502	664
541	728
481	821
500	858
511	759
499	751
565	714
582	759
570	640
565	665
497	837
510	868
570	899
557	885
594	825
582	703
590	806
621	727
598	663
598	902
628	1020
595	868
705	766
752	928
714	1128
605	822
669	898
675	771
596	791
622	712
655	827
572	841
545	808
568	831
565	741
546	931
564	924
604	961
583	888
536	801
568	738
587	898
500	653
541	711
546	618
560	777
610	765
567	916
549	916
542	994
547	859
556	860
523	714
574	912
521	902
492	824
533	930
557	866
572	769
556	693
639	753
580	802
532	704
511	727
550	736
587	787
619	679
636	734
633	833
615	738
598	748
602	801
607	848
593	799
608	870
647	754
645	766
657	551
618	696
630	724
670	773
646	811
629	750
624	741
664	622
757	724
726	900
748	777
796	689
768	691
800	781
775	729
848	908
874	751
827	762
882	688
835	694
881	584
774	637
815	529
866	751
852	648
886	703
818	572
805	713
779	635
729	757
768	624
777	702
755	533
666	713
750	936
716	877
665	872
696	799
625	875
627	799
669	774
600	926
585	1038
663	925
646	785
656	940
747	973
665	796
725	1036
658	1063
630	1061
638	843
577	848
551	737
512	663
547	591
481	581
577	696
561	792
593	966
520	988
539	774
527	752
549	774
580	853
525	859
546	902
562	891
576	819
558	714
520	792
498	644
520	718
476	851
525	750
493	588
580	638
509	640
526	745
520	630
536	620
549	636
533	624
601	597
567	698
596	535
633	722
625	628
575	631
605	559
560	719
555	608
600	720
546	709
549	667
485	727
528	523
547	526
572	544
573	520
576	549
576	687
548	583
529	576
594	698
603	658
583	654
578	588
589	624
590	591
635	560
678	665
722	683
715	559
730	710
874	858
1119	751
1218	805
1193	825
1232	956
1322	1058
1672	988
1765	913
1780	830
2028	821
2063	930
2311	1020
2464	918
2402	869
2457	1088
2557	1060
2973	1004
3378	1151
3470	1106
3339	1054
3775	993
4165	1034
4524	1122
4488	1110
4435	1106
4551	1032
4909	1128
4786	1510
4780	1322
4679	1099
4414	1014
4431	1243
4027	1196
3988	1158
4008	1047
3999	1045
3688	965
3419	980
3215	1032
3123	1029
3162	1039
3174	1253
3157	1065
3059	944
2981	1016
3014	1030
3223	1098
2984	1115
2762	1137
2403	896
2486	918
2446	921
2073	908
1773	886
1530	972
1732	845
1636	904
1481	1050
1269	851
1074	733
1053	714
1026	671
910	640
828	608
822	695
727	639
751	633
772	685
798	789
734	631
699	577
741	565
719	596
773	607
723	919
719	646
699	559
693	535
668	616
658	748
639	601
595	730
570	616
596	698
540	730
543	698
587	664
640	718
588	747
673	694
585	789
598	742
625	770
678	822
712	837
699	950
714	761
649	896
635	877
594	873
645	868
689	771
639	836
634	722
509	783
563	841
544	753
555	615
607	681
592	712
602	720
601	772
593	785
621	803
574	677
619	657
628	706
608	680
607	530
568	645
599	580
597	648
625	612
572	603
585	577
575	593
607	693
585	723
585	774
592	621
510	631
549	712
518	686
502	636
530	723
474	875
542	648
466	745
566	688
595	680
543	688
535	826
572	715
551	1013
503	903
494	899
518	791
527	668
498	852
444	811
488	702
589	761
576	724
475	676
587	838
508	742
525	760
553	770
547	830
490	748
557	707
560	541
513	589
470	636
490	690
508	809
501	763
536	681
538	792
546	868
516	618
547	840
604	754
559	674
544	863
537	920
549	898
581	816
580	707
578	723
562	769
522	852
505	699
469	769
500	787
502	685
542	656
532	710
559	564
560	655
493	572
598	625
526	574
547	733
543	694
536	678
548	684
510	606
528	586
614	572
543	699
530	763
532	661
611	796
539	599
525	634
537	642
477	594
527	756
524	636
532	767
501	662
562	751
485	834
451	801
457	747
541	759
518	644
483	658
493	648
561	664
502	641
502	644
632	595
561	693
645	727
634	773
622	828
575	945
501	697
524	622
497	688
531	661
541	628
597	713
528	625
503	526
520	662
506	615
497	766
495	665
561	651
532	758
543	773
497	699
489	836
523	698
498	802
505	776
504	752
568	782
513	919
507	795
504	707
476	694
488	657
476	645
469	902
535	793
471	855
455	848
549	758
521	698
510	715
453	688
559	663
558	765
591	649
521	715
611	893
499	795
523	645
554	863
493	622
579	631
543	691
533	752
531	738
596	766
572	737
537	671
506	725
561	750
528	744
522	708
509	738
543	547
586	662
568	648
561	766
518	725
520	768
528	808
482	648
509	720
490	1166
502	1055
530	803
472	765
466	817
509	879
503	751
507	891
470	782
477	802
465	776
520	716
478	839
454	782
474	745
535	755
500	758
536	808
509	832
489	874
499	840
530	707
505	700
474	876
496	883
541	781
507	634
552	787
528	790
530	791
556	730
551	816
516	756
515	839
555	692
576	787
581	758
544	836
523	798
546	785
596	835
526	706
520	815
522	772
589	887
512	932
553	713
496	805
512	703
494	660
490	554
475	672
463	622
473	708
528	563
524	738
528	797
553	730
587	575
541	672
564	720
437	843
480	894
462	768
508	800
457	765
492	792
449	850
528	756
569	909
567	750
617	757
535	828
536	679
576	842
599	785
524	817
529	741
582	844
585	942
568	830
567	725
643	643
586	729
536	862
531	868
591	872
579	845
582	1032
593	970
630	723
536	826
555	838
546	702
551	747
576	804
604	852
620	673
605	584
529	584
483	719
554	615
535	476
625	485
558	493
588	609
552	674
613	709
577	766
602	801
556	709
549	828
629	736
689	793
597	874
650	710
627	740
586	903
589	674
647	833
642	689
685	676
653	563
660	565
675	716
709	664
684	598
743	565
722	662
673	880
724	717
646	681
673	743
667	757
709	712
756	603
670	743
740	639
739	616
692	645
710	583
678	809
727	620
738	560
732	655
782	741
740	633
825	589
741	639
732	534
813	600
842	689
824	816
785	902
767	698
808	655
850	816
842	729
870	712
874	760
912	866
863	813
862	700
827	661
815	714
881	897
876	763
894	819
929	795
813	848
819	641
807	744
786	712
764	602
781	575
789	627
801	811
718	721
814	714
765	634
795	686
771	708
758	935
706	734
761	743
725	694
727	674
737	724
750	764
741	658
674	836
647	841
713	998
738	999
787	825
737	833
646	831
631	742
625	723
665	718
614	669
645	717
676	725
568	728
607	632
558	651
695	764
624	573
631	573
557	808
630	674
613	680
539	719
604	711
579	753
622	711
632	885
614	749
651	654
571	578
573	663
614	712
641	760
603	655
588	828
544	737
623	657
628	717
626	807
614	732
654	771
542	793
665	878
644	801
618	750
613	987
736	963
680	793
747	759
749	756
692	746
664	768
685	798
681	796
675	789
689	660
690	679
638	707
627	606
666	841
645	829
619	845
617	859
638	825
681	678
634	857
594	662
581	670
626	719
656	840
601	900
538	900
541	695
540	708
517	678
591	757
567	659
575	554
559	642
582	716
544	714
509	782
512	770
529	951
680	856
599	788
637	659
545	763
530	848
542	681
545	640
557	603
573	588
534	479
542	619
669	672
685	604
689	575
579	694
647	758
581	705
554	779
626	813
606	900
618	649
647	704
632	727
639	669
647	789
639	712
568	625
622	590
531	619
598	643
533	691
540	759
600	816
563	747
647	719
592	710
622	816
581	758
608	751
644	775
702	660
647	748
595	728
637	939
624	1108
585	887
585	1010
613	848
599	788
506	716
532	789
605	719
670	782
561	642
583	775
585	775
509	767
612	841
533	771
542	846
607	954
556	775
556	747
588	847
590	818
484	753
557	727
561	757
558	720
544	713
627	910
545	780
496	795
562	855
531	753
518	811
556	698
525	727
508	703
572	727
585	820
624	633
575	636
556	699
646	622
581	808
617	750
653	758
573	635
588	643
570	626
590	592
539	549
556	584
602	709
570	758
614	607
627	636
623	744
604	573
657	704
673	665
755	717
697	709
761	780
711	684
756	750
787	763
673	581
703	588
787	568
906	636
970	649
1009	699
1024	644
1077	705
1235	720
1367	788
1382	699
1296	819
1256	727
1361	797
1554	847
1635	756
1528	800
1598	854
1846	847
2062	724
2354	781
2427	908
2439	799
2595	840
2907	808
3170	639
3281	726
3244	748
3248	758
3760	805
4157	734
3919	719
4043	925
4317	805
4720	813
5202	848
5477	925
5434	863
5367	894
5749	845
6133	970
6106	1134
6249	932
6219	984
6343	1021
6403	1142
6387	1066
6259	1063
6170	948
6208	837
6367	996
6174	1003
5990	969
6217	936
6215	894
6062	763
5984	647
5914	768
6027	883
6007	788
5869	907
5737	955
5857	859
5710	904
5399	865
4938	932
4770	939
4633	1004
4706	996
4580	775
4656	801
4691	724
4476	751
4771	877
5001	904
5373	891
5978	894
6472	811
6657	846
6289	954
6532	910
7547	1138
7803	1552
7923	1321
7929	1143
8010	1093
8240	1098
8603	1052
8394	1016
8094	1003
8145	956
8128	1060
8063	1294
7935	1036
8274	1153
8107	1144
8109	1117
7832	999
7620	969
7582	834
7563	937
7609	953
7464	983
7723	865
7817	823
7773	976
8200	854
8675	942
9034	949
9835	974
9674	1092
9475	1033
9957	1140
11081	1124
11342	1167
11694	1361
11497	1245
11959	1180
12278	1212
12622	1418
12862	1405
12708	1580
12814	1527
13605	1499
13632	1729
13645	1732
13978	1691
13848	1815
13850	2272
13977	2161
14374	1955
14019	2191
14312	2302
14030	2288
14075	1999
14023	1775
13931	1885
13830	2050
13472	1813
12978	1657
12516	1827
12192	1801
12570	1746
12320	1763
11850	1823
11225	1900
10733	1720
10608	1539
10040	1496
8100	1273
6762	1026
6088	926
6401	1196
5833	1077
4575	1098
3527	1043
3234	1000
3518	897
3562	957
3237	1089
2558	1077
2216	904
2524	974
2588	878
2233	940
1592	775
1278	820
1095	899
1037	686
999	683
834	569
720	561
763	682
714	624
729	645
690	680
679	701
700	812
725	732
681	650
650	698
641	828
669	957
616	1063
731	875
703	760
661	856
632	750
608	759
628	677
641	743
592	745
608	781
588	816
618	920
656	816
572	876
583	779
615	671
580	701
625	666
604	542
508	636
539	692
536	740
526	765
578	755
517	645
595	610
541	706
537	694
552	767
570	690
563	683
615	585
521	648
590	643
570	774
541	841
510	655
463	748
540	809
496	770
503	741
540	707
585	872
483	686
513	709
538	757
497	709
526	810
459	591
522	598
485	577
550	703
512	630
527	697
533	687
522	670
532	692
603	731
584	920
543	804
526	839
594	824
525	787
543	703
498	805
505	828
508	748
561	844
557	696
586	609
547	545
599	655
646	821
567	637
621	697
623	834
764	757
658	868
639	782
617	796
627	715
619	710
628	543
642	628
666	697
714	753
677	865
626	887
665	845
604	909
612	881
538	848
578	771
622	891
570	800
559	699
600	795
520	717
525	645
517	701
531	560
478	715
502	609
601	576
559	687
569	785
543	739
508	665
488	915
497	858
503	764
520	924
566	774
563	751
598	838
513	800
655	757
597	641
552	698
473	715
528	816
582	786
497	774
547	714
464	719
525	767
521	702
449	841
577	768
517	777
506	870
562	853
536	702
603	869
517	953
498	898
549	727
468	666
531	704
617	858
540	764
525	880
494	790
459	788
515	752
443	746
559	755
541	758
572	727
538	732
536	787
542	748
521	702
568	682
552	687
529	921
545	788
576	778
530	767
598	839
600	1066
594	883
583	1065
555	912
584	901
540	911
507	908
583	853
523	759
581	749
611	799
624	776
582	685
599	736
539	675
618	710
619	849
605	951
639	697
635	619
637	688
649	869
687	636
644	763
636	830
564	661
686	787
699	960
660	804
692	778
619	753
631	820
646	772
678	737
670	748
667	637
628	766
574	1004
562	949
564	730
640	689
695	726
672	641
673	605
675	605
744	681
719	742
711	681
691	872
742	695
809	1004
873	906
740	803
731	781
762	754
823	877
844	890
816	895
871	900
1018	939
1017	905
978	863
928	895
887	837
824	852
940	735
862	739
803	707
742	825
755	843
746	745
691	906
721	888
621	718
608	788
660	814
580	683
535	786
655	650
577	604
607	759
603	776
641	757
601	654
501	724
572	661
547	865
580	715
534	734
573	676
515	775
533	691
555	735
433	750
511	597
490	633
492	784
506	691
518	808
504	680
469	666
458	586
468	781
457	721
481	633
454	968
424	812
450	862
447	821
407	893
446	980
454	877
473	679
468	696
455	862
542	789
448	720
507	800
486	788
489	904
473	765
470	756
545	748
555	712
495	695
507	716
510	797
523	655
525	803
569	846
590	838
527	840
562	665
551	609
561	807
551	845
471	840
517	817
585	728
523	793
537	879
496	921
538	898
525	718
553	675
578	745
516	687
549	737
588	767
491	721
469	775
558	809
512	874
582	904
645	840
573	1034
569	784
588	629
536	790
591	943
523	922
600	795
578	777
558	714
560	806
545	829
572	759
501	880
503	1083
526	861
529	922
490	978
521	886
548	851
553	1209
596	1015
592	972
586	634
548	698
605	928
519	967
532	804
517	931
540	752
529	661
510	746
482	766
463	683
510	728
489	756
532	809
564	881
554	839
479	797
498	905
523	933
517	708
500	750
484	756
495	692
496	648
536	603
499	645
507	763
542	763
526	729
578	631
528	704
462	577
547	627
542	766
520	822
549	788
604	781
603	992
745	895
852	846
796	855
822	794
932	833
1032	913
961	884
938	709
1032	702
849	743
658	738
569	698
547	740
563	832
506	823
632	800
550	725
542	648
594	639
550	658
593	712
602	647
590	761
574	734
548	613
569	718
531	711
533	848
470	811
497	725
529	896
562	868
527	754
547	843
530	720
612	566
694	597
597	752
576	663
538	651
540	677
574	647
640	685
663	698
584	701
637	695
587	531
668	785
675	818
692	697
739	827
723	729
762	740
881	866
887	748
891	718
939	744
888	665
971	749
967	757
912	838
941	926
1070	889
969	898
1063	793
1052	1022
1113	927
1097	822
1198	904
1157	923
1087	982
1057	952
997	711
987	789
923	790
954	820
898	833
868	839
847	792
854	801
869	951
760	851
756	878
805	712
780	878
809	905
764	897
710	791
638	754
624	748
730	657
726	788
671	954
615	770
682	858
614	819
664	916
616	779
613	860
573	786
609	793
579	895
608	777
566	722
540	691
550	840
503	819
547	657
548	841
531	856
552	744
491	737
552	694
586	635
574	859
628	734
662	737
573	776
590	769
650	843
623	682
661	674
620	1063
621	814
591	799
625	650
714	753
631	768
674	788
585	661
585	691
591	654
582	581
616	683
595	620
588	753
589	758
565	755
519	815
510	696
565	722
615	661
593	695
576	704
589	827
577	942
543	858
619	672
574	677
548	673
589	732
547	675
595	615
634	877
611	744
683	656
646	694
631	650
589	717
636	679
589	669
546	585
605	655
602	734
570	623
593	745
649	792
619	825
686	752
674	869
681	877
681	626
610	749
669	688
702	751
682	727
715	673
724	640
715	786
633	613
642	788
688	765
638	624
594	573
599	607
583	715
601	854
556	947
573	644
630	696
579	806
601	750
665	762
585	751
673	701
608	709
577	554
517	605
549	615
552	882
602	756
607	590
573	590
484	738
532	732
497	698
564	655
519	813
540	787
550	762
543	738
564	674
542	742
534	714
588	612
570	686
487	738
543	836
544	882
518	751
517	648
584	734
511	718
570	746
589	709
581	788
554	756
581	758
547	833
571	754
592	684
552	785
493	938
517	710
573	720
526	612
514	687
551	739
549	833
569	720
527	696
650	771
630	767
627	594
592	767
568	763
541	692
622	729
566	585
662	548
600	731
594	751
541	752
513	881
555	897
543	856
546	833
596	888
538	709
590	657
510	887
506	844
496	732
496	638
563	619
541	716
493	844
518	777
465	652
464	822
517	747
483	607
471	735
500	641
529	593
530	633
559	748
543	769
490	659
498	774
510	753
504	624
453	849
494	834
451	679
452	546
399	606
495	712
475	793
528	798
505	840
582	716
493	733
470	758
479	723
443	843
497	779
551	658
506	748
553	622
534	625
505	716
512	690
540	731
495	755
450	648
452	708
523	675
485	681
499	740
530	837
518	734
529	617
585	666
593	678
560	743
546	712
485	715
572	819
579	868
536	886
564	848
520	752
564	777
599	753
577	807
533	895
527	792
540	744
530	774
606	820
584	673
583	732
493	834
575	866
524	678
493	703
487	768
494	855
519	767
587	788
561	659
570	687
511	733
576	787
566	745
475	743
482	636
443	667
557	785
516	714
542	750
532	755
565	842
535	714
455	725
484	756
457	733
538	710
477	750
548	662
513	789
526	735
554	699
574	713
536	775
467	858
512	683
495	628
504	686
478	824
562	781
556	730
457	778
507	785
562	725
558	839
605	799
528	707
504	721
518	612
483	738
504	678
476	617
401	615
511	744
476	596
521	601
533	569
535	613
481	766
468	672
489	923
468	761
454	836
466	910
498	754
563	781
461	708
567	614
510	531
561	831
542	699
460	703
500	632
447	679
487	648
540	679
458	660
529	691
567	609
520	595
512	663
495	619
486	606
563	564
532	533
597	540
531	798
559	804
474	902
549	935
535	831
575	727
534	778
510	719
516	672
504	665
515	688
445	598
470	607
496	762
484	992
464	710
509	736
509	801
521	760
562	833
534	695
563	831
518	999
522	1054
551	889
560	795
599	824
586	767
567	675
564	733
651	879
656	953
711	914
759	906
947	875
994	913
1047	692
1056	758
1152	723
1165	810
1275	795
1532	841
1492	758
1789	1063
1712	960
1826	930
1677	773
1703	786
1643	713
1680	838
1848	871
1551	756
1258	815
1382	921
1347	1108
1237	876
942	783
810	773
658	873
644	860
624	846
629	833
581	818
561	801
588	758
532	804
502	732
527	747
545	840
611	897
566	888
502	800
473	857
545	763
524	801
514	790
522	690
558	788
616	706
559	883
541	627
571	580
492	667
539	703
480	714
564	773
526	970
508	950
525	887
520	1014
538	858
566	747
560	639
502	749
450	771
500	700
506	785
506	823
515	683
479	717
504	687
555	768
599	684
568	749
662	842
619	906
533	818
582	675
625	797
602	700
577	679
652	614
620	795
658	673
641	746
675	784
638	948
558	823
611	888
490	845
582	989
513	784
525	835
512	779
521	918
563	897
480	834
534	808
504	742
454	941
483	921
473	831
534	873
516	773
534	1013
535	793
529	681
561	749
564	782
550	720
521	697
529	842
581	727
504	666
551	746
598	771
559	699
476	680
507	898
533	765
517	798
530	788
514	803
534	852
493	828
535	814
558	921
560	620
475	733
487	647
506	770
550	667
523	615
501	724
491	715
544	591
509	634
534	600
627	806
541	767
516	704
548	709
562	702
518	770
529	869
531	766
547	748
503	745
564	747
538	676
573	795
587	708
566	872
526	906
518	801
480	599
544	734
481	706
489	671
527	706
475	812
495	886
467	771
492	781
455	877
458	757
507	726
465	691
471	847
515	700
534	708
471	722
549	687
488	655
479	739
524	799
517	878
505	846
487	869
529	735
482	825
480	724
504	757
544	742
508	971
538	871
503	846
549	798
558	824
561	697
521	733
496	562
527	625
626	755
618	1048
501	883
559	862
577	845
597	904
581	973
627	793
630	861
618	842
625	942
591	757
698	654
674	597
674	803
673	613
650	641
697	817
669	711
686	809
635	1080
645	944
637	786
629	901
654	862
703	848
650	792
609	761
696	917
655	932
624	846
636	812
669	666
656	756
705	795
633	869
600	707
638	667
660	644
658	811
653	833
631	872
626	876
654	746
642	661
683	679
673	540
702	567
625	593
593	609
730	622
647	615
610	699
663	727
664	777
667	912
616	920
549	830
610	869
707	762
635	858
584	871
622	795
627	835
597	736
598	823
633	829
590	640
623	663
694	633
647	753
666	765
641	946
645	849
675	757
686	833
643	713
676	762
640	684
571	702
648	623
650	516
558	578
629	640
588	796
671	868
656	838
744	897
697	986
666	1025
692	844
666	830
687	818
736	712
769	596
724	572
684	655
665	666
733	746
596	745
573	805
595	628
671	690
710	796
655	614
658	809
704	958
709	893
780	751
771	661
775	670
779	781
745	671
756	676
836	796
780	790
869	828
781	961
732	993
721	881
757	756
624	648
658	770
713	695
730	578
701	635
718	602
705	856
723	672
751	654
694	658
728	734
715	660
708	748
707	810
653	700
639	651
656	602
713	678
627	746
564	648
608	666
665	764
612	716
569	876
558	825
577	738
532	715
544	798
640	714
582	726
575	696
600	717
575	649
605	646
619	639
585	719
604	742
586	741
599	650
536	599
558	592
546	720
555	817
575	765
530	642
581	606
515	603
513	618
578	721
603	638
599	737
588	663
591	610
607	771
694	726
562	731
610	708
576	842
594	639
615	704
574	620
567	672
624	644
650	647
600	878
614	821
608	869
579	842
551	705
646	696
642	660
590	757
621	856
593	722
604	857
659	904
614	793
527	814
604	790
584	750
626	928
612	959
606	808
578	788
595	764
567	709
605	788
560	924
558	802
573	987
582	989
561	867
563	949
556	972
635	1001
548	932
582	860
590	899
509	917
613	870
567	835
520	863
538	826
549	984
553	802
553	749
479	623
517	723
577	820
588	617
560	590
603	725
527	610
495	675
530	779
605	817
558	661
518	634
552	632
536	676
575	756
559	669
614	684
517	741
568	685
649	753
580	750
550	638
537	797
587	645
573	685
630	788
543	635
577	580
657	627
589	752
582	654
683	719
724	694
665	785
637	834
583	714
603	725
571	613
573	615
592	831
726	881
829	869
807	752
688	798
682	725
727	812
657	900
603	747
726	845
718	724
864	715
964	767
976	793
824	786
684	758
623	625
699	651
620	738
602	730
729	752
650	702
687	834
692	835
574	675
603	827
619	701
581	646
567	762
573	736
592	845
548	786
536	707
532	633
600	701
568	781
561	605
571	712
592	649
606	662
567	881
574	863
546	771
532	902
492	851
442	877
475	850
514	695
550	705
586	812
553	857
543	803
603	673
582	796
596	848
577	813
520	1062
514	803
472	689
505	659
489	660
462	768
505	719
552	631
479	617
475	677
488	621
523	818
516	746
523	650
498	816
513	770
485	598
491	664
559	977
512	962
518	774
518	743
509	694
540	690
569	977
581	749
511	682
522	702
592	815
534	794
503	846
522	639
513	860
581	691
614	729
562	900
563	831
561	980
566	945
701	812
844	883
822	718
797	692
865	856
1022	732
1142	843
1232	749
1365	645
1438	777
1592	770
2147	978
2065	886
1825	958
2001	992
2463	1114
2237	1178
2253	1188
2288	1121
2167	989
2058	859
1626	779
1402	930
1523	992
1419	862
1394	799
1107	796
926	796
890	801
741	904
805	756
827	1005
812	1094
743	1037
789	1348
798	1204
766	952
717	855
813	762
736	674
648	714
718	702
665	684
718	614
639	617
615	822
604	693
619	703
690	766
709	854
762	743
763	768
799	733
757	902
653	752
630	765
713	745
667	739
577	684
547	850
588	764
611	779
543	729
540	884
513	969
471	810
518	800
540	864
496	744
433	667
530	821
646	897
604	610
646	745
692	883
761	954
665	823
763	829
905	888
1005	939
911	785
990	716
944	757
1011	759
1085	589
1169	691
1220	649
1101	670
1198	771
1453	797
1505	665
1540	647
1515	646
1458	665
1744	747
1837	801
1859	728
1917	718
1896	873
2086	918
2203	760
2288	765
2333	751
2263	875
2614	773
2868	768
3103	748
2942	693
3162	795
3303	787
3516	705
3601	765
3600	663
3291	740
3353	801
3415	826
3574	1071
3485	1044
3596	1065
3428	1154
3787	996
3652	896
3752	910
3917	880
4113	921
4442	818
4948	844
5119	941
5211	858
5245	1012
5567	949
5867	789
5547	868
5569	998
5342	846
5367	832
5770	818
5856	712
5779	836
5765	881
5715	815
5691	792
5827	841
5816	883
5738	796
5826	845
5918	788
6064	767
6274	808
6331	801
6294	880
6478	1037
6516	1013
6685	890
6740	888
6686	829
7219	909
7351	1045
7387	915
7420	928
7131	1012
7157	1141
7402	1128
7244	953
7348	1058
7090	1066
7126	895
7360	1038
7172	1075
7185	1042
7166	949
7121	945
6968	1007
7217	1019
7257	1039
7497	964
7644	960
7655	968
7508	1051
7586	1150
7669	1171
7732	1001
7933	1038
7815	1153
7920	985
7710	1026
7405	1061
7319	1208
7523	1235
7655	1157
7535	1040
7593	1107
7382	1138
7164	1306
7210	1089
7068	1057
7071	1089
7009	1193
6468	1145
6205	1139
5527	1037
5320	1075
5435	1212
5133	973
4784	1021
4540	1168
4341	1061
4854	928
4566	1060
3849	925
3774	1022
3527	1225
3571	1093
3427	1056
3079	911
2749	1018
2638	1048
2758	1224
2490	1137
2262	924
1985	925
1954	899
1888	870
1992	864
1869	1079
1663	850
1634	686
1530	793
1497	770
1537	835
1249	757
1066	918
1194	767
1225	835
1197	1003
1068	835
1053	809
1040	831
986	748
1020	843
957	777
986	773
1022	897
958	780
882	775
810	810
764	779
721	727
767	806
726	869
748	856
730	787
758	638
741	735
791	875
719	781
751	657
777	623
687	637
787	778
762	869
818	810
783	779
766	741
726	854
708	767
734	646
723	673
757	698
750	753
748	715
803	729
802	909
793	925
818	797
747	813
729	893
781	889
767	1003
764	931
778	753
653	632
721	729
665	852
617	804
607	722
588	626
654	670
671	736
666	918
679	910
690	593
769	709
749	786
775	851
741	760
724	736
700	1042
696	875
745	801
710	740
681	754
759	661
706	701
744	787
728	679
694	659
769	704
729	664
673	628
752	750
718	713
736	831
733	862
689	786
739	871
759	774
759	797
723	713
694	727
671	843
654	750
603	796
611	777
623	764
637	806
578	1003
635	916
573	619
621	583
622	619
613	815
672	783
620	735
571	686
598	762
607	627
580	671
617	643
557	529
551	664
535	666
614	625
611	706
587	802
607	610
534	627
538	547
480	759
569	709
616	654
548	557
580	693
566	760
570	702
536	807
558	745
509	709
566	758
570	748
525	877
511	1081
527	807
494	860
502	856
514	819
507	642
524	824
473	735
512	706
479	819
514	909
499	824
517	682
518	716
487	701
530	610
525	603
567	663
551	665
528	795
533	781
521	662
551	729
515	709
569	681
594	926
588	866
554	877
516	744
526	692
494	740
489	692
518	663
569	541
516	597
558	596
566	654
599	795
586	697
561	643
529	748
569	829
474	996
584	997
508	783
602	624
535	815
560	786
601	725
645	767
554	766
573	757
559	941
602	964
529	746
547	717
568	1014
614	623
592	647
515	770
497	910
477	771
516	805
552	812
527	925
524	768
532	896
548	665
605	894
518	727
621	858
573	826
508	801
475	682
428	738
529	748
542	854
528	1048
576	989
494	899
499	629
464	688
442	770
538	704
521	818
491	879
464	929
418	710
449	800
419	644
487	752
499	774
505	801
553	831
540	847
533	753
496	873
539	785
538	653
522	706
537	801
449	768
554	782
520	524
473	597
479	609
489	636
543	646
507	592
542	639
558	730
527	649
501	698
501	646
499	774
554	825
571	791
568	791
577	782
478	676
512	642
552	530
492	634
560	772
528	763
520	761
485	799
514	685
526	914
530	736
504	780
461	605
479	745
468	744
529	720
512	756
523	715
577	560
537	644
558	707
531	672
597	720
573	768
566	823
556	714
537	775
567	762
552	597
579	571
564	648
560	656
529	751
568	932
532	786
537	676
554	606
524	598
467	831
514	876
561	861
540	884
580	806
532	652
529	740
529	923
573	829
571	764
537	883
460	1005
530	807
545	787
521	726
515	667
576	826
568	856
521	971
526	856
525	764
594	797
556	854
518	806
495	804
499	854
532	944
531	828
470	826
539	665
506	624
496	799
507	725
482	878
466	750
526	775
497	1000
509	883
551	1072
569	844
514	856
514	885
502	980
504	882
505	918
460	1010
501	936
530	958
509	873
488	786
476	778
484	786
464	738
469	867
508	962
565	1018
578	902
510	836
554	721
530	755
544	747
588	882
536	892
575	837
527	765
609	889
566	792
576	716
540	708
597	771
594	722
513	689
538	754
491	609
480	656
561	742
534	826
523	766
513	682
503	780
527	789
579	809
585	840
564	881
485	754
525	832
562	901
567	906
600	793
575	706
591	930
581	970
657	1095
645	958
626	916
563	746
521	722
609	716
596	792
601	776
512	651
519	732
535	866
569	863
509	741
596	899
579	768
616	889
553	805
600	882
523	800
503	931
596	954
613	870
553	818
559	805
557	835
506	727
580	728
518	838
528	1162
578	1068
585	1126
577	1004
477	996
559	890
570	928
493	939
505	731
568	747
528	822
611	840
619	790
534	977
536	787
593	990
606	951
597	843
551	704
553	677
528	738
588	804
637	776
642	771
578	755
562	837
580	776
495	875
484	771
513	663
452	757
499	669
572	733
655	761
584	823
541	713
506	791
516	755
475	737
465	868
509	686
485	668
535	695
536	755
530	746
506	709
498	717
542	789
602	797
474	762
456	663
494	586
468	613
631	715
554	797
572	690
501	583
514	753
473	720
525	862
539	963
495	869
505	707
506	734
512	761
467	814
554	785
428	696
501	721
467	636
404	534
449	637
440	698
491	599
471	628
531	666
489	669
473	756
504	606
464	623
515	715
465	728
504	727
492	682
537	648
500	693
487	752
486	626
525	719
472	757
504	701
524	677
568	713
538	720
533	854
627	769
559	628
480	750
521	738
574	715
596	637
604	716
623	705
578	709
575	861
506	767
563	763
575	868
612	846
647	698
669	748
649	718
668	667
701	715
691	680
664	586
654	731
571	742
616	725
592	637
553	762
652	725
567	663
516	672
602	684
601	714
559	608
611	774
574	800
576	803
523	868
543	974
570	861
541	901
607	933
544	969
520	875
564	826
594	780
498	803
452	817
476	795
515	790
447	848
472	725
511	777
452	805
488	937
562	662
474	682
549	840
501	833
522	872
557	984
497	984
448	882
439	859
516	994
534	1163
515	1007
468	846
477	1115
509	1125
520	764
513	794
519	728
547	735
563	766
541	881
542	848
517	652
543	707
598	760
578	1218
580	877
551	703
516	727
555	723
568	702
504	594
560	678
596	697
508	845
518	862
506	750
497	690
596	647
481	693
463	670
529	664
536	717
587	774
590	720
517	699
465	649
468	586
485	569
533	794
479	770
482	706
539	729
558	806
587	897
564	779
473	833
612	852
558	918
613	1018
538	929
531	777
473	852
436	880
520	759
509	1009
512	905
487	678
542	648
474	751
476	719
500	625
506	641
497	651
475	679
578	705
547	753
476	710
431	773
436	961
485	847
521	989
615	824
487	708
524	795
460	859
490	828
490	989
506	736
484	908
471	801
480	961
475	767
500	713
493	731
468	817
494	824
500	659
501	603
478	535
447	621
499	619
486	658
481	700
556	625
497	800
505	696
527	787
491	670
455	692
474	753
419	673
524	679
525	793
526	744
446	885
437	863
468	815
489	848
498	857
520	756
520	721
448	760
523	827
471	848
527	711
473	674
522	778
475	741
506	839
493	842
519	918
506	896
535	855
612	658
493	678
492	727
501	681
483	780
508	912
443	770
491	713
496	865
500	817
519	721
463	843
514	1117
486	904
550	767
474	951
529	885
561	920
539	797
489	707
498	652
488	707
560	695
518	731
466	962
563	800
560	791
491	813
485	726
444	698
574	662
565	707
564	738
590	747
542	923
507	925
518	797
590	676
519	786
506	664
489	607
467	705
548	583
559	584
505	671
492	735
580	805
566	676
473	838
529	788
524	718
496	774
452	1007
500	1008
482	927
524	1008
522	960
541	769
530	700
470	753
534	914
519	934
508	816
463	713
504	787
511	882
501	763
541	703
537	832
505	826
523	770
523	861
476	922
496	833
438	793
534	707
510	820
534	783
599	960
496	891
504	892
499	934
496	696
477	691
525	672
454	702
501	930
502	1025
528	936
539	870
503	852
487	869
575	916
474	676
529	815
518	820
534	838
545	775
586	881
580	803
501	746
453	890
502	762
536	798
527	831
558	768
540	769
532	765
568	965
517	956
523	694
521	679
532	680
506	735
546	682
516	740
498	790
603	790
506	843
539	863
572	786
504	768
486	701
555	654
578	583
571	625
595	810
549	903
453	1040
522	989
491	931
459	899
494	731
522	606
556	756
517	788
505	789
499	657
585	776
576	888
581	654
492	808
536	841
572	977
583	704
558	832
535	675
538	745
534	813
491	747
534	781
551	698
513	797
488	667
556	804
536	799
538	832
604	837
641	838
677	861
555	876
635	671
714	766
763	886
716	1092
665	945
755	848
826	722
918	788
959	854
848	830
786	891
859	823
762	781
729	809
707	825
643	1009
618	904
571	782
569	755
551	833
547	1100
547	954
631	971
544	928
607	793
563	703
608	889
628	984
505	869
582	772
541	810
523	739
502	742
527	658
531	597
513	638
525	612
529	720
557	726
555	733
551	662
518	811
583	799
556	740
568	868
610	880
546	967
625	616
555	719
543	860
616	730
631	677
594	751
568	609
581	648
544	775
544	733
547	873
553	748
549	688
520	635
589	711
539	750
540	751
588	902
590	940
541	937
502	645
506	671
593	729
528	886
560	979
588	806
633	672
603	655
585	762
607	739
620	804
596	722
586	763
641	736
647	902
603	918
616	859
614	830
651	958
680	728
643	685
605	575
622	670
606	758
647	762
625	837
615	809
644	817
610	785
586	810
562	927
615	854
617	1032
663	765
700	709
686	641
630	625
715	592
689	643
763	742
803	712
849	665
794	687
814	642
791	782
796	854
783	762
781	693
757	758
835	775
935	625
872	679
968	655
1043	696
1016	807
1093	647
1041	718
1071	687
1201	615
1149	630
1314	737
1146	744
1256	680
1269	723
1442	734
1463	803
1544	756
1557	987
1632	810
1734	579
1721	692
1891	851
1859	824
1751	836
1707	782
1815	885
1889	785
1874	628
1884	697
1861	574
1892	690
2117	681
2170	724
2271	755
2421	832
2629	768
2939	879
3197	848
3247	882
3367	969
3457	794
3595	934
3690	828
3708	1035
3540	1041
3515	1102
3629	1250
3626	1045
3598	772
3377	1009
3414	872
3608	678
3599	776
3751	897
3644	826
3776	895
4130	873
4349	780
4342	848
4389	680
4553	814
4535	976
5045	1118
4975	970
4923	1048
4906	1038
4863	941
4875	912
5074	763
4957	909
4986	1003
5030	907
4961	886
5214	832
5075	813
5086	901
5398	915
5697	924
5555	1095
5478	1063
5415	922
5174	944
5115	1071
4926	994
4691	808
4759	799
4658	927
4669	835
4787	780
4867	894
4945	872
5183	820
5178	821
5387	734
5840	838
6216	828
6328	933
6482	875
6165	815
5971	947
5914	734
5657	758
5619	916
5084	930
4872	945
4378	1033
4264	991
4093	951
3975	880
3985	903
3949	787
4159	790
4328	829
4225	999
4122	959
3987	1011
3904	973
3609	1116
3295	1052
2817	1038
2593	951
2412	953
2222	863
1999	720
1813	691
1500	644
1425	811
1478	892
1451	919
1194	802
1097	921
1100	803
1022	789
1054	751
1000	777
942	636
903	672
857	746
844	909
792	770
758	788
700	758
744	674
705	750
704	925
783	904
786	807
781	916
824	861
809	650
743	681
747	686
685	664
790	813
761	662
724	700
701	756
759	1046
626	899
655	839
636	797
595	806
590	924
635	1136
629	911
587	771
588	840
562	662
520	658
537	661
553	672
583	702
557	749
614	824
560	667
548	784
530	808
523	667
551	684
527	710
549	787
551	866
543	698
533	560
594	796
558	887
538	827
635	757
621	885
642	775
662	670
640	851
706	869
645	775
617	592
681	641
679	749
554	738
626	710
600	683
689	687
602	694
566	672
563	613
536	692
541	578
627	627
637	724
620	635
551	783
557	601
562	575
617	665
603	691
566	725
567	698
615	695
559	693
493	829
463	665
542	656
552	698
519	690
625	764
595	867
547	749
551	836
516	713
522	621
557	771
552	923
535	785
497	874
492	690
521	745
511	741
514	679
537	823
579	730
588	792
536	925
615	959
583	885
572	794
559	850
550	735
624	927
546	818
587	803
605	912
607	937
585	866
518	839
545	882
551	1096
523	885
566	1032
486	1031
534	1009
531	1044
484	843
511	1048
520	1045
457	1072
537	1006
510	796
490	584
509	649
524	729
530	970
514	760
521	811
612	737
539	798
537	854
564	702
601	924
533	795
531	624
520	746
483	839
523	777
563	815
619	778
539	687
562	766
560	883
550	886
571	788
542	700
534	794
526	755
534	671
519	838
523	924
500	963
567	956
547	902
538	1084
506	734
546	832
553	893
544	926
548	1094
602	921
612	827
664	993
673	967
625	871
583	976
557	697
543	728
635	677
691	622
727	610
689	619
627	529
620	681
677	782
839	751
805	648
826	821
732	802
736	995
704	897
634	849
660	810
611	897
545	767
605	833
626	772
598	730
622	820
646	782
630	738
643	731
581	834
574	702
573	739
547	769
497	743
497	767
472	691
574	788
513	671
530	617
578	738
599	581
546	540
510	793
585	766
589	845
551	679
551	682
504	699
507	667
535	638
516	687
530	751
565	815
610	704
570	678
581	809
562	838
629	928
661	852
627	780
619	780
622	880
560	682
488	824
564	799
478	790
538	834
562	814
551	884
625	882
604	893
570	891
521	699
521	797
526	774
516	756
505	719
535	686
536	658
474	662
450	661
451	734
449	834
557	821
553	803
478	781
495	832
488	861
494	680
473	839
533	803
580	881
551	920
512	785
509	726
519	841
605	880
548	746
579	686
586	634
535	727
555	907
588	910
562	957
580	795
551	705
580	693
505	809
527	835
513	714
492	708
523	768
492	830
497	1008
584	860
500	685
568	820
509	803
554	790
564	773
573	722
599	699
561	848
558	784
584	695
544	777
549	945
566	982
556	854
551	936
455	1108
486	942
484	896
531	1002
536	770
549	892
557	749
561	704
471	741
508	887
498	814
529	777
536	871
533	758
550	754
541	750
460	611
526	682
534	773
535	831
606	816
544	672
559	648
539	572
537	745
570	650
583	647
487	660
550	590
490	628
478	653
458	672
472	751
495	781
480	775
445	804
507	772
567	734
484	687
448	713
590	596
689	744
676	877
702	1042
522	824
619	759
685	732
650	575
694	636
694	823
648	806
644	702
568	785
532	716
532	710
474	863
518	773
487	776
494	915
522	1007
534	724
596	878
527	687
544	747
534	644
574	661
586	858
574	700
565	726
551	698
478	716
581	708
586	592
485	654
559	723
509	634
496	524
462	653
556	860
540	837
504	787
542	714
473	737
472	674
497	505
440	586
508	667
504	588
509	613
482	673
561	735
509	626
523	601
477	519
578	498
537	577
541	473
543	692
534	619
471	616
529	479
572	602
478	534
493	496
446	709
493	695
454	642
403	625
495	632
547	631
521	687
462	639
561	697
564	687
588	800
529	918
521	762
559	871
550	840
571	886
539	806
568	814
598	658
539	703
587	703
501	771
548	867
450	703
548	832
530	825
584	816
618	695
554	931
610	779
576	732
491	822
538	792
469	678
522	773
502	843
480	1034
520	815
497	835
527	865
507	857
508	779
436	825
513	734
547	918
455	818
481	694
509	774
517	714
558	734
556	676
510	755
503	861
525	864
547	987
511	796
516	751
523	862
559	807
547	726
575	815
525	856
618	699
553	823
488	737
480	703
507	778
505	637
530	685
571	593
527	706
584	645
570	880
552	690
552	823
631	808
594	780
571	968
657	837
578	897
563	759
597	696
566	799
566	935
614	1000
675	764
651	842
494	854
622	922
688	979
652	689
644	670
605	814
596	690
568	1015
649	856
587	841
581	893
545	892
551	824
620	804
679	851
708	953
648	948
606	787
671	957
675	871
689	962
599	977
602	866
592	811
564	780
641	748
610	805
573	742
620	628
582	825
591	792
545	683
579	792
682	764
587	702
545	665
572	775
637	934
603	1086
585	905
513	762
553	769
595	825
595	1016
648	907
604	822
631	755
590	863
673	833
609	789
595	808
612	857
594	723
587	708
675	754
575	760
618	807
653	863
733	793
649	727
666	790
729	861
766	864
659	909
753	906
778	794
904	1073
1001	767
996	757
969	787
951	893
1001	930
1038	818
889	760
929	689
1044	685
1047	624
1063	827
1084	783
1103	683
1105	660
1196	648
1272	705
1184	838
1251	745
1395	716
1540	807
1637	716
1787	792
2001	794
2175	868
2314	896
2363	887
2361	855
2127	912
2077	997
2143	881
2288	941
2187	868
2131	899
2068	840
2100	988
1951	920
2102	831
2224	1029
2283	1025
2264	1058
2247	1043
2359	1027
2443	1096
2396	1009
2469	974
2390	997
2588	1018
2456	919
2513	943
2593	779
2382	695
2381	851
2319	919
2430	847
2311	741
2440	910
