1003	1828
1040	1642
963	1567
975	1512
977	1468
1080	1300
1075	1318
1215	1452
1190	1581
1108	1580
1248	1437
1355	1425
1369	1512
1418	1473
1570	1621
1634	1571
1661	1606
1688	1578
1812	1711
1803	1749
1875	1821
1857	1610
1750	1460
1838	1697
1767	1544
1707	1532
1733	1555
1716	1565
1754	1538
1631	1555
1693	1588
1662	1646
1705	1565
1792	1653
1927	1619
1865	1567
1862	1840
1857	1870
1877	1840
1908	1782
2056	1888
2178	1711
2122	1871
2053	1918
2218	1957
2107	1878
2075	1709
2076	1723
1963	1674
1943	1737
1977	1717
1877	1773
1838	1757
1795	1662
1751	1564
2003	1622
1918	1587
1857	1628
1740	1684
1744	1660
1686	1528
1741	1543
1728	1606
1500	1592
1530	1652
1435	1595
1337	1578
1264	1462
1145	1600
1121	1391
1053	1174
1060	1383
945	1508
904	1300
889	1262
1031	1230
1007	1169
924	1062
835	1188
701	1061
783	1197
727	1276
672	1051
576	1136
587	1214
594	1319
648	1313
668	1191
625	1313
589	1169
574	1182
626	989
552	1163
515	999
507	1007
542	1137
479	1082
470	1133
455	1082
496	1055
539	1041
532	1069
496	1144
507	1112
509	1144
458	1097
448	1150
439	1298
514	1353
455	1361
433	1294
469	1193
467	1227
510	1168
461	1142
447	1104
462	1170
458	1147
436	1129
460	1171
538	1238
450	1153
457	1062
453	1022
435	1041
463	881
443	978
480	951
425	943
476	1073
452	1146
444	985
474	1170
451	1072
536	1121
499	984
577	1119
512	991
567	859
494	1108
470	1149
525	1178
502	1239
489	1141
465	1044
493	932
472	1015
468	978
503	1100
479	1087
522	853
474	935
509	994
530	1012
516	895
482	1040
503	1080
503	1072
532	1134
498	1048
477	979
527	1045
531	1077
495	984
456	1054
529	1110
504	1259
497	1080
505	1019
492	836
452	920
456	1155
479	1158
451	1116
461	1155
481	1243
458	1094
471	1069
569	1003
457	1125
451	1025
438	1004
425	940
465	1135
527	1060
472	1035
477	1038
495	1043
503	942
520	975
521	881
587	1083
483	905
513	898
561	963
591	933
518	960
521	947
497	1051
557	1057
518	1102
565	967
526	1068
527	1114
499	956
461	1084
472	1096
469	1192
498	1493
491	1240
517	1009
536	2422
557	2875
554	2703
604	2464
650	1993
603	2137
556	2344
675	2970
781	3790
768	4304
750	4432
799	5808
731	5530
759	6127
965	7111
827	6030
859	5484
1041	6591
1252	7947
1589	11058
1617	9850
1553	9754
1550	7985
1706	6906
1786	5309
1671	4906
1684	6197
1670	6406
1775	5776
1825	5493
1790	4593
1515	4042
1498	5191
1624	5567
1993	4933
2097	4739
2008	3910
2237	6976
2482	9673
2743	6786
2947	3572
3229	4111
2827	4724
2833	4881
2791	4769
2999	4163
3074	4085
3132	7062
3394	8400
3197	6072
3379	3774
3720	2844
3684	3113
3747	3414
3947	2413
3395	2050
3343	1898
3123	1928
2952	1790
2795	1862
2864	1840
3068	1812
2962	1678
3125	1781
3214	1808
3279	1838
3280	1569
3208	1618
3266	1789
3486	1851
3525	1663
3346	1639
3174	1586
3105	1417
2918	1609
2713	1408
2380	1408
2092	1424
2077	1400
1957	1291
1892	1232
1680	1155
1573	1225
1553	1336
1551	1115
1537	1129
1560	1177
1554	1255
1828	1242
1805	1288
1834	1443
1853	1464
1754	1557
1697	1671
1660	1770
1576	1692
1405	1784
1337	1651
1211	1613
1197	1448
1150	1390
1103	1299
1123	1172
1051	1176
1000	1260
1024	1297
1020	1307
919	1181
835	1175
762	1467
771	1350
727	1434
666	1481
558	1386
633	1447
543	1278
584	1412
578	1476
587	1399
618	1289
621	1306
626	1404
679	1318
641	1237
619	1282
615	1189
612	1227
613	1165
601	1266
657	1382
643	1317
576	1413
576	1396
587	1291
622	1199
586	1203
557	1247
544	1129
590	1173
608	1097
620	1132
678	1023
580	1166
546	1275
583	1229
530	1415
523	1426
566	1279
560	1108
535	1182
585	1389
569	1337
607	1327
621	1347
608	1326
620	1352
543	1220
649	1305
590	1404
554	1376
575	1368
550	1199
580	1296
569	1442
558	1268
574	1093
568	1067
569	1091
601	1142
671	1115
589	1215
594	1429
581	1160
658	1356
654	1504
697	1505
631	1344
667	1388
616	1454
557	1378
583	1431
618	1547
560	1652
594	1629
607	1768
603	1961
543	1503
648	1496
670	1781
628	1479
577	1543
604	1522
572	1451
611	1358
568	1405
578	1255
609	1377
588	1739
560	1559
610	1685
626	1887
633	4318
734	6850
664	3357
623	2017
609	2126
574	2495
643	7114
699	11344
763	9291
620	2180
608	2699
606	5796
807	13468
1004	16377
944	16172
897	15416
1247	18175
1394	19058
1123	16276
870	13139
770	12559
1129	16425
1133	16571
1071	16072
945	14985
939	13618
859	12012
802	11059
831	11030
890	13682
1141	14695
889	11750
793	9753
635	5225
785	7957
840	9217
715	3124
541	1651
576	1353
556	1454
522	1357
475	1476
467	1381
541	1267
543	1520
455	1524
557	1499
546	1390
534	1461
528	1311
487	1383
513	1222
484	1094
522	1084
545	1445
523	1365
480	1309
544	1442
451	1491
463	1595
486	1270
449	985
477	1016
524	967
486	1047
433	1094
551	1263
453	1245
506	1202
477	1072
455	1255
468	1185
504	1055
514	1183
583	1166
506	1164
488	1206
484	1199
493	1004
452	1043
528	1299
473	1221
471	1136
518	1273
439	1170
443	995
481	992
471	1126
425	1025
408	971
485	1188
456	1245
480	1170
446	1411
517	1398
472	1665
492	1685
424	1243
419	1293
496	1312
489	1445
483	1388
504	1084
415	1131
496	1177
503	1430
444	1349
462	1258
418	1245
437	1437
482	1686
491	1558
458	1418
415	1302
451	1243
445	1159
470	1586
431	2374
493	1619
472	1373
452	1591
490	1843
451	1608
492	1299
509	1495
486	1237
523	1308
466	1257
481	1261
397	1272
487	1364
473	1225
458	1236
433	1318
414	1378
431	1353
424	1334
469	1486
450	1425
456	1447
435	1616
415	1339
459	1285
421	1201
433	1137
421	1063
468	944
486	1235
418	1307
473	1151
472	1102
445	1033
443	970
451	1008
403	1104
445	1157
471	1310
417	1333
476	1297
438	1188
501	1312
422	1249
489	1167
473	1270
445	1314
418	1356
417	1172
438	1255
487	1290
463	1252
430	1248
467	1210
444	1248
440	1326
507	1486
491	1422
466	1751
446	2155
492	2002
451	1713
505	1435
504	1534
492	1539
500	1729
492	1686
505	1597
432	1221
462	1385
503	1301
451	1317
465	1469
447	1513
420	1412
494	1402
469	1530
465	1403
402	1313
431	1651
480	2047
513	2593
485	2480
474	2143
477	2002
523	1957
455	1778
469	1652
458	1397
477	1351
450	1350
435	1465
456	1254
427	1301
440	1525
503	1498
470	1485
458	1455
449	1683
479	1603
443	1465
410	1441
469	1435
426	1248
484	1190
447	1078
439	1040
462	1056
464	978
481	977
439	941
485	956
429	991
448	978
482	1024
467	955
445	1083
455	998
458	852
480	990
573	1058
513	931
509	1031
453	928
504	1065
551	1113
495	1041
530	1084
559	1024
538	895
490	883
511	834
494	949
512	1048
540	1021
523	1214
518	1241
527	983
557	1138
557	1099
563	1009
539	1099
548	947
625	1020
601	1137
648	1185
636	1163
594	1201
650	945
642	976
717	1138
690	1148
708	1171
753	1285
955	1162
1087	1119
995	1140
942	1246
971	1090
948	1138
945	1154
840	1038
937	1150
938	1164
905	1424
873	1414
889	1458
851	1453
857	1596
827	1657
835	1689
740	1661
695	1517
745	1474
620	1455
644	1447
645	1433
657	1553
666	1299
658	1268
642	1162
636	1207
650	1051
672	1090
660	1161
651	1298
703	1467
641	1389
671	1280
637	1298
618	1193
568	1299
640	1222
546	1103
556	1241
573	1112
527	1165
466	1145
510	1285
539	1107
589	1199
529	1435
568	1641
573	1782
576	1855
560	1670
557	1528
513	1512
552	1486
474	1315
488	1404
495	1329
507	1256
419	1232
478	1348
488	1339
436	1317
469	1625
413	1413
462	1401
432	1288
484	1492
512	1478
458	1584
473	1466
429	1566
520	1677
527	1749
508	1630
467	1785
485	1875
488	2022
426	2039
528	2335
507	2817
475	4345
573	5444
488	4080
478	2548
535	3551
601	4188
562	2766
532	2209
525	1513
473	1540
448	1597
462	1686
455	1726
474	1943
481	2130
560	1891
574	1772
522	1916
459	1659
455	1425
432	1534
473	1589
475	1545
399	1481
470	1446
492	1411
511	1463
480	1469
534	1505
494	1585
469	1455
461	1483
473	1395
464	1407
463	1372
486	1321
512	1349
536	1387
453	1529
490	1449
508	1491
440	1412
442	1572
442	1390
500	1367
550	1461
494	1266
505	1261
490	1429
517	1360
485	1390
518	1384
492	1408
500	1281
425	1302
455	1190
426	1118
466	1189
463	1114
427	1121
426	1417
467	1397
481	1260
558	1195
488	1101
462	1132
462	1065
517	1229
464	1134
442	1210
452	1160
485	1326
470	1101
459	1250
492	1242
483	1147
452	1287
457	1321
499	1338
429	1226
434	1197
503	1193
519	1300
433	1319
483	1223
492	1412
463	1695
442	1442
502	1407
500	1361
467	1294
473	1335
457	1392
419	1122
490	1171
428	1057
460	939
491	1154
503	1054
438	1163
451	1117
461	1144
450	1112
454	1360
440	1311
437	1245
446	1087
399	1151
428	1172
454	1238
485	1049
525	1054
478	1066
517	1185
478	942
477	999
461	1097
416	1312
450	1196
475	1087
520	1078
477	1073
455	1246
444	1043
460	1077
446	1237
492	1059
419	1178
415	1080
455	989
452	1006
479	980
466	1110
409	1157
416	937
426	1082
460	1245
493	1252
452	1143
460	1214
432	1246
441	1153
445	1211
428	1265
430	1517
413	1246
458	1281
469	1337
483	1207
511	1130
516	1126
476	1099
441	993
464	1143
450	1210
432	1169
434	1010
474	963
422	886
459	1094
426	1223
472	1058
484	1044
462	1200
457	1172
440	1071
396	1025
479	900
458	1214
460	1130
413	1011
447	1203
445	1162
493	1108
491	1014
501	1112
431	1071
539	1009
463	1114
449	913
486	927
430	1021
453	1133
486	1121
521	1167
484	1297
415	1080
445	897
478	946
430	1039
453	926
452	995
498	1124
529	1150
511	849
478	976
489	1125
554	1276
464	1267
476	1409
517	1396
428	1386
405	1181
385	1212
482	1114
419	1149
492	1305
489	1155
461	1007
450	1058
502	1080
467	1098
497	1161
509	1263
461	1238
457	1244
469	1293
457	1370
429	1768
535	3046
552	3902
576	4931
506	3353
464	1912
481	2460
491	2735
529	1864
503	1287
480	1549
535	1804
492	2229
516	2294
561	2805
496	2787
478	3001
660	3435
594	3094
551	2923
583	3027
518	2477
495	1748
533	1653
522	1848
487	1491
496	1485
532	1577
466	1796
524	1421
495	1357
530	1742
518	2089
567	2544
556	2294
618	2505
515	2092
515	1584
540	1908
473	2023
477	2282
536	1936
487	1680
492	1973
468	1826
497	1880
529	1678
471	1352
498	1225
485	1191
505	1104
495	1480
473	1732
526	1782
497	1979
495	2328
516	2290
473	2273
531	3113
588	3799
550	2845
518	1630
481	2180
491	2595
543	1895
515	1583
507	1575
511	1925
515	1936
502	1997
446	1674
518	1535
484	1409
500	1297
536	1549
509	1313
504	1401
565	1179
558	1105
580	1187
561	1277
460	1607
503	1365
530	1274
487	1312
460	1250
511	1244
496	1317
494	1403
510	1518
515	1535
456	1373
464	1055
503	1325
552	1171
542	1114
550	952
541	1050
561	1120
547	1118
537	941
488	989
538	1251
541	1261
482	1545
474	1858
492	1853
470	1594
471	1977
522	1859
482	1065
488	1121
501	1256
493	1054
480	1068
549	1034
528	1175
498	1166
500	1091
475	1114
485	1134
494	1098
540	1008
505	1170
455	1139
498	1164
518	1313
530	1305
512	1131
461	1063
530	1121
485	1118
498	937
533	1174
519	1211
555	1128
573	1331
531	1167
542	1236
540	1194
597	1392
537	1287
555	1272
527	1105
585	1177
556	1224
573	1040
514	1073
583	1154
606	1192
570	1089
629	1031
561	1199
612	1130
590	1133
640	1214
594	1097
551	972
544	872
574	827
550	907
539	941
550	1065
619	1235
608	1326
544	1308
555	1176
578	1173
545	1269
583	1133
526	954
555	1075
608	1018
562	1179
587	1183
563	1153
594	1112
515	997
644	1018
626	1079
658	1237
646	1168
636	1203
608	1109
596	982
614	1037
606	943
589	1049
595	926
595	943
549	1116
529	1289
513	1145
553	901
592	1066
510	997
633	918
580	1124
596	855
651	1112
640	1016
632	845
686	980
686	1044
686	1272
668	1238
636	1230
588	1376
636	1419
580	1413
541	1325
542	1235
549	1024
564	1198
568	1122
624	1116
586	978
525	1009
517	1086
586	1084
613	845
564	856
607	914
578	978
598	971
573	970
567	1325
621	1403
583	1425
546	1563
558	1530
564	1352
539	1248
556	1422
514	1126
571	1133
585	1337
577	1366
565	1379
573	1387
535	1723
633	2200
621	2526
670	2357
595	1933
585	1571
565	2082
516	1846
607	1661
542	1613
516	1641
510	1222
543	1231
508	1372
526	1103
536	1153
529	1162
487	1250
509	1352
541	1347
576	1221
591	1124
531	1200
553	1169
593	1292
579	1600
606	1398
597	1121
539	1204
458	1167
524	1163
485	1280
546	1151
486	1184
577	1016
505	1292
473	1069
569	1113
517	1036
581	949
569	1115
599	1036
592	992
553	1101
604	1084
586	1081
599	1231
662	1209
660	1245
648	1045
680	1113
790	1217
893	1409
1065	1421
1066	1286
1065	1179
1274	1368
1419	1385
1400	1330
1292	1421
1232	1297
1132	1355
1514	1604
1998	1548
2277	1700
2346	1706
2749	1849
3359	2294
4072	2403
4146	2412
3887	2204
3992	2245
4247	2675
4685	3138
5056	3144
4723	2898
4568	2848
4528	2959
4479	2883
4226	2822
4101	2668
4295	2732
4082	2364
4505	2774
4648	2815
4797	3087
4764	3000
4588	3047
5123	3348
5267	3738
5438	3559
5376	3232
5414	3361
5481	3524
5868	3577
5750	3368
5871	3403
5955	3537
6088	4052
6827	4186
6808	4789
6701	5074
6750	5377
6856	5826
6987	6219
7054	6139
6910	5823
6767	5569
6883	5114
6945	4795
6783	4804
6725	4449
6602	4396
6159	4113
6049	3889
5940	3676
5806	3666
5788	3825
5681	3713
5655	3254
5239	3224
4940	2977
5174	3258
5156	3363
5212	3040
4618	2771
4106	2498
4560	2757
4536	2789
4387	2947
3582	2516
3207	2612
3228	2369
3514	2648
3349	2916
2977	2436
2651	2186
2758	2146
2775	2139
2653	2213
2195	2089
1899	1857
1694	1834
1699	1875
1677	1945
1321	1660
1178	1741
1174	1520
1326	1362
1192	1553
1217	1343
1150	1398
1190	1299
1176	1426
1289	1521
1122	1661
1058	1468
968	1291
936	1335
816	1142
761	1403
625	1188
678	1193
686	1184
680	1199
708	1281
712	1467
739	1314
659	1222
682	1113
620	1140
577	1053
503	1169
491	1050
544	954
478	1053
554	961
561	1079
481	1163
517	1126
471	1132
502	947
516	1015
485	1186
511	1091
505	1105
464	1088
514	1070
520	1100
520	1100
470	1005
557	1112
539	1095
443	1056
464	926
436	1167
515	1183
441	1211
492	1165
531	1031
497	1105
512	1066
508	1054
490	1135
500	1269
496	1114
482	1349
443	1217
515	1100
526	1353
478	1357
482	1412
493	1244
517	1214
519	1137
468	1295
552	1361
536	1301
540	1447
539	1652
583	1453
513	1424
508	1488
586	1513
544	1454
558	1489
585	1144
535	1507
524	1431
434	1308
480	1669
518	1795
445	1533
509	1420
474	1184
576	1256
609	1280
539	1223
515	1222
502	1313
513	1335
590	1207
547	1246
514	1172
535	1319
502	1295
573	1008
586	890
432	1061
516	1029
552	936
519	1064
522	1175
545	1260
558	1221
558	1410
609	1564
551	1744
556	1683
550	1691
543	1542
491	1346
475	1673
547	1753
506	1428
554	1787
523	1934
515	1808
446	1578
538	1149
519	1081
491	1127
518	1023
539	1022
532	999
509	1026
519	1134
543	1161
504	1144
463	1149
463	957
525	1101
546	972
509	986
495	998
475	1189
477	1153
473	1292
492	1603
506	1515
522	1471
537	1299
599	1317
637	1193
552	1037
501	954
565	1039
608	1206
606	1126
529	1116
618	1146
590	1137
589	969
579	1002
589	1220
519	1111
562	1006
525	969
563	1098
495	1080
498	995
481	866
465	1063
525	1129
500	991
429	1040
434	1377
458	1380
429	1242
439	1173
447	1253
453	1199
446	1079
516	1226
446	1046
500	1123
442	1079
429	1074
409	1023
431	999
432	927
407	1041
426	1184
444	1099
479	1266
424	1084
436	851
432	912
460	919
492	942
499	1022
482	991
504	957
455	1059
492	1067
461	1106
406	1146
423	1218
402	1133
481	1158
432	1068
458	1045
466	1157
439	1021
435	909
479	1066
467	1059
497	1218
530	1283
490	999
495	1212
446	1114
486	1247
424	1204
479	1032
481	1285
514	1402
444	1365
458	1284
455	1372
488	1257
470	1247
472	1370
482	1300
500	1297
475	1310
427	1292
405	1249
492	1199
511	1153
452	1166
454	1583
448	1760
475	1876
505	1577
437	1409
445	1432
478	1472
407	1232
434	1029
417	1138
469	1225
481	1276
465	1423
460	1393
438	1280
453	1496
546	1455
549	1551
502	1761
464	1673
452	1408
529	1481
512	1556
516	1449
488	1588
568	1568
502	1309
558	1182
545	1231
495	1355
474	1140
419	1099
510	1143
516	1134
534	1202
502	1122
484	1039
476	1209
504	1346
609	1375
595	1122
598	1137
587	1139
637	1144
648	1192
638	1053
669	1072
591	1109
620	1067
587	998
586	992
632	1103
618	1091
531	1239
627	1074
498	1133
575	1180
565	1204
507	982
587	1115
566	1032
508	1137
544	1370
551	1105
532	1280
559	1134
558	1220
487	1183
482	1217
507	1235
589	1280
548	1271
532	1117
537	1081
496	1050
551	1216
528	1193
514	1132
544	1045
529	1126
557	1036
539	1343
565	1296
523	1222
481	1226
527	1329
540	1183
507	1069
527	1144
490	1156
549	1211
548	1147
491	1127
519	1151
566	1175
536	959
509	1066
517	1114
566	1108
530	1199
573	1229
571	1022
557	995
525	949
557	1099
621	1245
567	1294
495	1144
531	1049
582	1098
606	1167
520	1135
540	1132
533	994
537	1134
518	1029
589	1277
518	1183
577	1187
540	1273
561	1131
560	1293
546	1284
564	1159
599	1119
557	1121
553	1262
515	1150
463	1145
490	1132
568	1094
578	1128
533	1091
559	1127
507	1225
547	1359
515	1000
525	1059
506	1047
525	1012
488	956
463	941
499	973
489	947
490	1044
469	1030
490	1046
513	1043
476	1136
482	1130
506	1054
506	1054
443	1193
521	1060
528	1195
493	1186
434	1223
510	1110
485	988
539	1208
491	1383
539	1143
600	1134
506	1237
561	1278
507	1216
551	1173
533	1228
478	1152
553	1294
585	1293
562	1287
538	1010
492	1376
538	1308
515	1180
567	1145
525	1143
559	1158
526	1225
519	1129
496	1350
558	1317
572	1307
575	1266
671	1188
488	1059
489	1069
539	1019
550	957
588	1139
596	1080
586	1138
653	1177
695	1077
599	1110
637	1208
746	1085
760	1188
758	1153
791	1109
856	1187
880	1242
868	969
798	1082
725	1118
770	1110
800	1189
734	1239
722	1098
651	1112
636	1074
667	1306
655	1180
614	1228
581	1068
699	1046
634	1236
649	1162
561	1191
544	1348
598	1260
540	1177
661	1530
642	5196
649	6631
633	6021
559	3678
590	2959
610	2921
595	2117
573	1797
549	1765
573	2519
550	2456
615	2618
595	2629
618	4586
712	8612
764	10320
677	8087
748	9294
695	8426
828	9710
807	7673
943	12316
1235	18395
1337	18905
1274	19113
1568	20804
1382	20155
1390	19073
1357	17418
1180	14946
1180	13647
1282	13330
1262	14949
1154	11477
1143	9419
1207	7840
1259	6894
1383	2347
1540	1899
1860	2057
2119	2917
2279	3950
2204	5357
2123	7744
2184	6732
2235	10734
2038	8052
1686	3328
1465	2924
1330	1994
1274	1787
1332	2640
1305	2749
1161	2285
1084	2393
1109	2223
1091	1781
1218	1742
1142	1587
1149	1604
1225	1568
1224	1483
1287	1834
1389	1490
1593	1446
1737	1410
1675	1428
1489	1338
1551	1589
1508	1285
1298	1175
1291	1739
1187	2036
1092	2022
1066	2305
1155	3064
1086	1752
1137	1979
1237	2674
1202	2250
1268	2267
1383	2410
1458	2232
1469	1757
1399	1475
1357	1747
1390	1978
1361	1663
1342	1307
1250	1695
1136	1598
1195	2583
1227	2676
1098	1738
1076	2649
1112	2614
1129	2362
1126	2727
1240	3324
1344	2279
1570	1600
1795	1795
1677	1887
2024	1825
2444	1423
3226	1663
3754	1599
3420	1772
3249	2196
3138	2278
3417	2314
3361	2249
3516	2237
3190	2344
3230	2429
3640	1744
4260	2036
4780	1975
4838	2155
5153	2081
5814	1691
6776	1723
7030	1940
6987	1656
7504	2118
8048	2536
8379	2473
8481	2739
8122	2365
7759	2372
7488	2313
7261	2063
6854	1951
6644	1744
6171	1710
6362	1604
6558	1662
6805	1839
7142	2069
7582	2240
7509	2223
7139	2309
6701	1918
5890	1947
5851	1885
5772	1963
5312	1788
4952	1473
4513	1328
4658	1435
4387	1468
4358	1508
3680	1451
3358	1364
3284	1323
3130	1229
2926	1143
2926	1293
2939	1292
2922	1397
3064	1229
3252	1281
3704	1138
4135	1247
4350	1106
4294	1071
4572	1200
4736	1235
5121	1462
4895	1353
4589	1392
4343	1280
3841	1263
3764	1362
3531	1335
3339	1463
3270	1519
3523	1312
3417	1346
3339	1712
3588	1737
3920	1619
3978	1666
3350	1682
2664	2052
2458	2317
2360	3204
1965	2680
1567	2829
1322	4329
1279	4611
1292	5261
1398	4334
1086	3427
896	2967
803	2848
914	3332
974	3970
923	3677
820	3427
862	5474
838	6400
808	6505
725	4209
674	4466
616	2680
669	2660
679	3557
606	1731
611	1274
558	1323
548	1279
620	1284
546	1263
561	1242
555	1201
581	1099
554	1136
522	1084
569	1092
507	1114
491	1193
521	1075
500	1115
496	1055
491	920
510	927
547	1178
524	1200
563	1080
593	1228
561	1087
589	1205
606	1002
563	1039
692	1100
704	1194
666	1280
657	1174
654	1189
676	1105
617	1208
581	1377
600	1370
616	1430
609	1688
679	1607
569	1572
597	1475
650	1834
628	1794
574	1864
645	2004
460	2279
571	2656
468	2472
514	1779
598	2145
556	1937
636	2104
598	2062
600	2097
600	1786
594	1450
547	1430
551	1233
571	1426
528	1462
496	1235
587	1272
547	1174
525	1268
488	1415
521	1351
565	1411
525	1489
552	1365
566	1261
553	1333
536	1351
531	1200
542	1201
534	1149
536	1081
518	1081
538	1079
483	1067
441	1043
531	1042
536	1010
527	1126
541	1019
519	880
510	1173
528	1215
561	1284
614	1140
530	1361
553	1285
550	1139
516	1196
521	1086
563	1117
543	1166
520	1105
572	1338
541	1332
531	1441
547	1411
547	1393
507	1468
523	2104
632	3029
537	1274
515	1077
566	1069
518	994
521	1209
559	1206
551	1148
549	1164
524	1203
537	1211
553	1176
519	1087
490	1120
534	1120
498	1181
535	1123
507	1272
548	1198
484	1103
481	1249
511	1221
475	1116
456	1133
458	1136
536	1083
471	1082
499	1233
568	1180
529	1115
554	1228
551	1188
561	1056
570	1058
488	1174
543	1370
475	1238
489	2066
606	3821
584	2943
534	2423
505	2890
516	1589
495	2192
525	2837
521	2655
496	2865
559	3921
544	4642
537	4070
532	3481
582	5614
542	6827
595	6625
566	2941
534	2341
528	3028
612	6463
582	3950
613	5968
709	5360
656	3984
590	3756
585	2812
565	2977
582	2628
567	2511
567	1695
549	1361
471	1211
449	1435
468	1515
535	1303
582	1514
531	1570
571	1407
535	1292
509	1453
473	1661
584	1473
512	1548
521	1480
558	1390
488	1336
528	1216
528	1124
572	1211
543	1284
507	1259
512	1400
526	1249
486	1228
484	1415
567	1239
505	1288
483	1346
510	1448
534	1345
486	1372
499	1427
475	1376
487	1309
488	1252
491	1517
517	1375
454	1287
490	1336
454	1362
491	1278
486	1081
433	1135
509	1065
515	928
496	1037
511	1173
545	1184
462	1609
489	1492
506	1424
502	1284
474	1331
450	1218
494	1195
437	1323
453	1568
442	1180
473	1188
483	1115
500	1363
436	1146
426	1448
468	1173
430	1299
417	1298
431	1356
442	1362
445	1160
511	1197
531	1408
552	1426
487	1270
462	1300
468	1223
492	1161
518	1138
474	1201
485	1079
454	1150
499	1110
512	1064
492	871
506	1002
525	1050
480	955
438	1175
481	1182
463	1178
519	1344
548	1437
560	1202
558	1223
508	1214
486	1295
504	1129
567	1112
554	1058
589	1097
570	1151
650	1155
745	1228
741	1199
805	1256
745	1270
801	1161
1074	1078
1272	1194
1463	1181
1524	1100
1518	1318
1838	1493
2352	1936
2541	1968
2027	1772
1789	1750
1650	1542
1596	1301
1430	1367
1342	1393
1241	1419
1300	1512
1404	1431
1517	1341
1588	1490
1682	1586
1956	1759
2280	1723
2739	2009
3026	2092
3137	2088
3279	2186
3313	2552
3080	2185
2921	2046
2741	1936
2522	1932
2247	2156
2011	1941
1905	2237
1941	2044
1840	2276
1840	2200
1897	2130
2107	1954
2199	2025
2449	2181
2390	2320
2456	2148
2368	2068
2471	2509
2757	2815
2664	2663
2606	2374
2367	2111
2313	1897
2357	1933
2173	1827
1954	1545
1947	1511
2025	1295
2131	1443
2245	1564
2128	1522
2213	1427
2169	1487
1940	1465
1707	1458
1525	1420
1382	1316
1299	1276
1098	1383
1107	1313
1093	1313
1185	1541
1307	1315
1358	1373
1539	1431
1685	1529
2162	1578
2462	1618
2873	1828
3074	1836
3258	1873
3184	1873
2828	2404
2568	3044
2148	3039
1831	3455
1661	2715
1490	2295
1219	1719
1215	1667
1188	1262
1170	1323
1427	1284
1533	1112
1748	1421
1959	1375
2130	1449
2411	1452
2545	1555
2560	1761
2689	1585
2504	1779
2306	1726
1936	1397
1616	1257
1286	1288
1248	1333
1095	1339
1008	1533
977	1322
977	1000
1034	1097
1007	1059
1038	1288
991	1247
1036	1263
1103	1197
1147	1476
1100	1348
1158	1132
1087	1118
1027	1128
930	1243
967	1193
896	1319
883	1532
831	1735
776	1818
798	1916
761	1841
705	1569
774	1611
760	1628
752	1804
715	1988
750	2149
776	2720
771	2680
830	2567
937	3037
940	3657
917	3682
806	3058
814	3220
847	3712
786	3623
808	3448
725	2781
653	2352
590	2000
620	2031
686	2360
614	2413
614	2551
646	2270
666	2588
623	2773
665	2802
715	3728
745	4135
655	3952
651	3803
654	3647
602	3247
663	3155
697	3057
691	3694
683	3513
691	4657
735	3764
619	2865
582	2605
632	2606
606	2623
610	2572
600	2811
531	2193
662	3333
655	3528
683	3804
690	3313
670	3356
646	4590
645	3886
695	3256
586	2510
646	2630
638	1800
614	1997
588	2058
641	1856
649	1893
630	2412
626	2088
600	2305
668	2565
621	2135
664	1980
707	2365
636	2102
646	1988
682	2258
652	2171
735	1983
697	2513
746	3003
642	2503
708	2000
694	1695
707	1333
674	1502
627	1511
630	1504
581	1371
574	1382
619	1411
661	1342
641	2234
592	2994
644	3743
613	3725
587	3684
639	3669
589	2970
626	3029
582	3261
612	2667
653	2863
627	2698
637	2439
620	2342
577	1980
594	2133
565	2262
588	2390
594	2418
589	2589
562	2102
570	1731
496	1427
566	1456
535	1194
558	1384
514	1242
536	1144
589	1102
547	1142
580	1005
542	1200
547	1248
531	1407
570	1302
520	1377
545	1457
471	1293
525	1248
522	1197
481	1200
481	1269
509	1060
509	1026
577	1015
515	1080
508	1195
468	1016
485	1025
525	1126
535	900
563	1041
537	1097
508	1127
559	1320
552	1197
531	1051
528	998
512	1167
449	962
454	993
528	961
467	1058
530	1011
531	1171
507	1181
539	1055
526	1108
548	1194
536	1148
554	1352
526	1309
491	1209
491	1156
490	895
469	868
507	1002
525	900
570	1015
544	991
551	1093
627	1004
589	914
614	909
607	1085
614	1248
554	1021
595	1078
590	976
561	1050
614	894
667	972
749	1144
761	889
656	1066
774	1126
740	1162
707	952
650	964
649	1068
608	1045
533	1083
599	1053
573	1070
576	1216
543	1244
569	1390
581	1270
477	1075
528	1167
570	1120
475	1340
505	1259
504	1153
527	1224
541	1123
548	1101
511	1052
485	1166
509	1105
574	1101
474	1117
461	1352
504	1247
448	1219
480	1134
460	1027
534	1288
477	1303
514	1044
563	963
578	1123
478	1189
515	1006
497	1063
459	828
478	852
521	901
479	986
520	1010
517	1262
500	1241
521	1228
505	1200
567	1163
549	1068
530	1321
550	1605
487	1442
541	2291
520	2042
527	3110
588	6384
683	9128
857	12199
790	12062
830	11218
807	9354
792	8383
680	4667
692	8458
665	4531
651	4194
613	3890
579	3167
578	3077
551	2618
538	3512
582	4663
613	4775
575	2024
561	1723
540	1832
683	4909
774	6058
677	5898
806	9002
632	5548
630	4692
576	2927
544	2255
546	2650
559	2559
546	2599
545	1214
504	1600
524	1753
526	1405
484	1355
476	1194
496	1113
565	1229
482	1214
539	1056
528	1096
500	1033
512	1105
547	927
511	975
513	923
564	1034
581	1138
510	964
525	1081
553	949
482	1054
547	969
520	926
533	973
567	825
531	846
527	998
479	1010
469	1082
417	1054
434	1056
524	919
508	1234
474	1009
423	1077
491	923
502	990
456	1010
521	938
525	964
476	1129
469	887
428	1045
493	1024
504	919
489	1061
485	946
482	913
516	1008
494	935
494	960
490	907
511	1069
538	1020
573	1065
495	979
478	1013
498	878
490	1036
549	1033
536	1214
509	1021
517	992
500	914
510	1041
479	943
552	978
482	942
511	909
526	876
487	1089
490	1013
497	1118
522	1081
493	921
552	1071
510	1002
428	930
474	866
448	1062
520	1249
487	1266
534	1184
537	1367
434	1270
535	1258
499	1227
500	1210
502	1340
487	1104
516	1267
457	1338
491	1261
476	1291
437	1170
519	1158
516	983
540	1009
471	1018
510	1012
514	1052
450	999
530	1029
469	1061
506	1243
510	1000
467	1051
496	1061
534	954
536	1038
500	1182
505	1035
490	1100
515	1012
609	1273
576	1406
455	1300
489	1295
537	1137
533	1215
601	1227
509	1248
492	1069
509	1107
555	954
566	1002
543	1110
530	1008
490	1018
498	1192
463	1254
569	1170
495	1258
513	1153
516	1078
558	1035
543	953
567	1208
526	1057
576	1197
573	1332
566	1522
574	1257
529	1281
529	1266
574	1221
497	1145
513	1303
493	1336
493	1207
496	1186
495	1262
552	1135
494	1122
517	1337
562	1465
723	1430
801	1316
657	1399
662	1226
684	1280
739	1240
730	1226
695	1235
679	1227
701	1395
762	1666
660	1942
692	1619
586	1944
627	1852
661	1564
659	1785
681	1420
727	1424
858	1098
1025	1187
1241	1143
1330	1168
1365	1168
1578	1218
1286	1349
1114	1207
1082	1307
877	1225
707	1195
644	1082
623	1355
570	1343
589	1103
628	986
550	1014
540	1176
541	1208
538	1152
559	1113
551	1047
674	954
695	1024
681	1141
624	1202
625	1078
576	1107
591	1047
556	1109
582	1105
545	1085
500	1182
515	1161
561	1153
471	1284
521	1002
541	1262
554	1101
559	985
465	1046
472	1103
532	1196
461	1084
511	1028
463	1098
498	1011
435	1091
491	1084
505	1051
487	1099
587	1290
529	1221
478	1074
478	1061
459	1041
407	1022
463	1083
475	1138
473	1166
481	1072
462	1122
483	1167
495	1154
451	995
512	1057
472	1092
514	1224
467	1166
587	1233
534	1251
472	1091
476	1162
503	1352
459	1233
484	1198
446	1091
494	1191
477	1269
470	1522
462	1628
427	1521
490	1291
492	1192
452	1194
484	1111
463	1222
528	1345
473	1214
506	1200
459	1421
536	1451
471	1617
515	1851
546	2107
580	2201
587	2353
597	2512
581	2297
523	1723
523	1331
525	1182
478	1340
493	1263
557	1130
449	1100
484	1203
442	1381
454	1308
473	1339
505	1355
490	1401
490	1686
509	1517
431	1332
459	1152
496	1300
493	1351
541	1382
554	1685
490	1732
528	1728
441	1660
462	1475
462	1190
474	1137
475	1299
467	1532
454	1668
439	1361
478	1691
495	1520
498	1172
492	1054
493	1091
471	1209
525	1023
483	1049
448	1040
494	1244
486	1093
474	1100
468	1046
462	1140
499	1203
506	1159
504	1087
447	935
476	935
525	1016
508	991
504	1099
474	1190
443	1002
449	1187
529	1318
533	1138
529	1105
496	1183
499	1206
543	1138
497	1293
476	1247
506	1240
529	1387
544	1257
487	1093
547	996
520	1103
571	1152
507	1098
457	1078
464	995
455	1115
452	1170
471	1176
515	1057
457	1173
426	1030
464	1012
482	1137
422	1054
485	974
517	1087
554	1201
491	1316
525	1268
566	1164
545	1201
467	1223
411	1199
497	1216
430	1161
508	1063
525	1088
599	1146
554	1160
546	1264
622	1315
586	1213
609	1357
619	1195
603	1264
618	1137
621	1170
537	1077
531	1028
529	965
498	1100
512	1087
532	1050
474	1029
518	1161
549	1142
653	1014
686	1033
892	1178
794	1229
801	1269
782	1413
755	1361
743	1176
581	1164
544	1190
528	1363
660	1413
669	1511
704	1499
636	1460
708	1719
623	1515
611	1441
666	1429
590	1251
647	1173
692	1206
657	1347
640	1418
656	1220
692	1200
667	1127
670	975
578	974
653	1078
598	1270
556	1213
578	1286
513	1141
524	1150
474	1186
460	991
525	1038
514	1007
560	1160
556	1265
580	1296
582	1333
532	1358
506	1281
568	1247
466	1467
522	1266
561	1198
512	1129
461	1124
484	1243
495	1150
516	1195
456	1453
412	1412
515	1527
523	1463
473	1572
524	1503
513	1334
532	1498
460	1533
473	1401
516	1299
477	1012
456	967
459	1127
469	1256
444	1266
424	1163
458	1014
419	1079
477	1220
478	1214
452	1096
426	974
470	1057
452	975
523	1137
450	966
442	949
505	955
479	948
477	1010
453	1047
525	1066
539	1130
532	1101
484	1116
458	1036
499	1128
502	1112
475	1162
534	958
482	1120
443	1040
514	943
550	952
494	978
487	925
495	936
528	1017
479	1059
484	1191
514	1096
470	1224
512	1317
505	1287
528	1144
522	1237
549	1181
481	1041
577	1089
509	1324
536	1194
528	1256
496	1250
553	1298
533	1436
532	1180
562	1240
511	1187
488	1155
441	1074
500	1104
465	1132
503	1302
517	1193
509	1188
482	1058
514	1035
544	1217
572	1021
556	1020
502	1081
515	1096
541	1311
558	1235
566	1275
524	1106
501	1099
493	1127
481	1078
540	1164
526	1109
527	1237
516	1216
519	1228
541	1228
481	1232
516	1207
477	1202
504	1040
485	1081
550	1121
492	1117
471	1138
457	1093
512	1112
483	1203
502	1180
491	1075
484	1074
503	969
514	1116
516	1114
454	1175
477	1138
510	1195
473	1111
512	1115
473	1126
453	1046
538	1010
509	1139
495	1265
435	1087
533	1029
465	1327
496	1405
443	1096
436	1133
513	1089
481	1224
506	1191
441	1205
445	1124
481	1123
536	1291
500	1134
470	1229
511	1105
473	1224
479	1223
465	1130
442	1129
494	1053
442	1074
526	1028
441	1240
451	1381
485	1230
492	997
487	1246
490	1243
524	1289
493	1250
464	1131
464	1033
480	1082
441	929
534	1294
469	1265
511	1213
558	1043
483	1018
458	1047
500	1135
533	1169
456	1276
481	1102
454	1073
459	1140
484	1239
523	1356
496	1336
515	1374
490	1199
491	1150
456	1069
476	1072
473	990
422	1119
533	1267
454	1107
483	1039
432	1151
467	1260
455	1249
463	1174
522	1344
487	1137
447	1120
522	1046
579	1071
505	1161
465	1023
522	1006
502	1138
434	1104
441	1073
459	1057
470	1076
481	1089
500	831
517	977
447	954
467	983
512	997
533	1187
446	1216
489	1254
452	1220
472	1142
484	1239
561	1274
540	1320
533	1440
538	1161
479	1142
520	1135
606	1186
513	1010
528	922
560	925
489	1234
516	1377
515	1184
596	1294
557	1246
559	1381
509	1305
521	1165
560	1226
558	1218
535	1294
553	957
574	977
535	1121
543	1185
587	1315
545	1775
592	1247
549	1143
533	1521
520	1221
607	1199
505	1142
543	1130
537	1165
566	1308
540	1071
525	1221
588	1381
520	1383
592	1273
552	1419
590	1468
591	1338
625	1270
567	1588
567	1413
652	1419
593	1323
634	1187
579	1249
561	1369
599	1241
666	1211
668	1392
641	1427
649	1366
580	1353
636	1061
664	1005
674	1128
662	1148
654	1119
625	1045
701	1021
724	1165
703	1321
685	1308
721	1153
722	1261
736	1240
736	1304
826	1296
757	1406
785	1269
787	1259
848	1166
915	1123
936	1242
951	1289
983	1081
1111	1184
1081	1294
1028	1254
1045	1316
1253	1206
1205	1330
1243	1303
1164	1315
1305	1370
1319	1379
1452	1489
1531	1551
1678	1562
1657	1699
1818	1826
1983	1899
2266	1863
2264	1556
2168	1418
2124	1460
2178	1528
2028	1621
1871	2009
1820	2059
1864	1974
1655	2168
1655	2137
1538	2491
1498	2241
1608	2595
1740	2684
1706	2603
1867	2272
1850	1940
2148	1647
2180	1732
2198	1601
2228	1528
2121	1514
2100	1454
1921	1969
1740	1865
1607	2159
1535	2517
1501	2724
1292	2475
1245	2483
1152	2366
1165	2436
1133	2464
1233	2518
1063	2639
1031	3045
1135	2644
1188	2761
1183	3075
1082	3209
1037	3872
911	3635
944	4036
971	3475
883	3305
864	3078
813	3097
824	2125
776	2562
857	3274
843	3320
783	3124
679	3333
767	3551
701	3449
720	2815
592	2462
643	2558
596	1946
639	1702
529	1700
528	1305
601	1763
639	2538
607	1943
613	1952
567	2025
711	1923
611	1542
639	1373
634	1680
608	1513
702	1588
672	1964
618	2210
613	2520
605	2779
730	2794
635	2523
691	2917
648	2812
624	2179
668	2224
657	2497
618	2375
624	2420
634	1578
601	1371
700	1500
671	1595
609	1573
663	1331
671	1257
719	1229
698	1267
721	1328
723	1088
753	1042
792	1096
791	1101
827	1139
926	1092
909	1226
939	1174
885	1063
892	1273
897	1158
891	1165
837	1283
797	1447
732	1314
710	1248
754	1276
709	1074
726	1045
663	1204
744	1181
698	1170
721	1032
614	1069
667	962
620	845
615	969
662	1000
696	1228
620	1274
640	1245
635	1235
687	1156
678	1256
758	1141
774	1312
697	1479
798	1460
734	1161
742	1247
760	1319
771	1253
721	1297
709	1205
717	1334
701	1236
652	1161
666	1367
570	1344
652	1316
632	1657
615	1478
664	2300
721	1714
773	1502
788	1309
906	1163
790	1150
821	1087
778	1073
815	1130
767	1224
677	1237
671	1028
673	1060
672	1195
576	1366
633	1829
608	1936
720	1748
633	1684
624	1447
648	1274
681	1465
658	1182
738	1360
745	1347
717	1163
730	1022
745	937
729	1053
752	998
750	890
635	1111
665	944
660	1038
656	1112
624	1236
607	1200
624	1368
553	1230
571	1473
610	1379
603	1503
622	1251
683	1301
723	1226
771	1231
755	1071
702	1114
665	1096
718	1240
711	1327
685	1330
643	1576
577	1601
589	1543
570	1526
592	1484
682	1417
593	1397
544	1495
569	1344
574	1434
594	1533
623	1548
640	1446
625	1534
688	1465
636	1271
669	1511
609	1425
648	1593
649	1698
625	1842
663	1854
660	1949
628	1879
609	2099
606	1957
599	1548
592	1681
582	1849
573	1986
566	1745
606	1495
548	1353
622	1556
628	1856
598	1523
583	1521
531	1289
669	1606
603	2697
683	2785
663	2163
581	2400
582	2163
652	1689
616	1337
566	1328
594	1422
597	1742
591	1942
646	2998
624	3700
687	3743
718	4177
799	4903
648	4439
685	3264
573	1759
601	1738
651	2239
554	1534
585	1793
649	2029
577	1801
631	1935
555	1567
571	1820
557	1653
575	1704
574	2137
553	2529
684	3016
576	2321
541	1304
566	1177
521	1025
529	1147
546	1136
527	1544
631	2845
670	3176
637	2191
555	2023
579	2182
558	2721
571	2273
558	2409
502	2682
549	2807
604	4229
691	3927
680	5719
673	5619
674	5640
632	5147
590	5660
651	5342
605	4737
609	3297
637	4142
636	2883
574	2760
580	2407
544	2169
530	2322
530	2282
477	2299
432	2342
516	2558
492	2547
575	2936
619	2463
584	2786
557	2619
543	2460
536	2056
577	2417
662	2996
623	2094
606	1619
591	1973
501	2087
497	1968
471	1741
544	1615
527	1517
502	1432
525	1664
493	1529
474	1427
492	1734
469	1371
486	1173
477	1103
494	998
536	1038
521	1099
453	1266
519	1143
549	1126
535	1250
529	1482
509	1393
444	1367
464	1213
444	1151
443	1295
379	1159
471	1182
466	1155
427	1132
490	1406
512	1453
465	1330
458	1444
533	1584
429	1382
511	1287
496	1283
479	1418
510	1300
506	1293
509	1500
514	1444
480	1484
502	1338
488	1399
482	1311
526	1146
490	1225
510	1280
485	1264
508	1321
462	1254
453	1121
499	1184
463	1147
539	1226
520	1087
444	1196
519	1242
539	1196
465	1253
519	1367
467	1438
481	1470
482	1245
511	1363
511	1498
543	1474
542	1642
514	1737
506	1542
529	1358
546	1414
551	1357
541	1207
523	1239
536	1356
495	1297
524	1248
470	1402
454	1268
482	1254
557	1295
501	1146
533	1159
452	1288
459	1144
439	1062
433	1238
469	1301
472	1185
455	1259
448	1318
498	1240
515	1209
497	1062
488	1319
555	1222
540	1235
470	1303
524	1379
534	1185
565	1168
574	986
575	974
673	1076
701	1145
719	1091
689	1121
734	1087
913	1140
973	1287
881	1190
872	1126
916	1036
1320	1319
1627	1285
1864	1497
1919	1550
2025	1433
2358	1588
2482	1566
2268	1448
2051	1501
1990	1387
2113	1496
2423	1510
2719	1491
2906	1522
3207	1610
3693	1676
4056	1903
4082	2242
4262	2301
4274	2173
4119	2263
4181	2181
3744	2014
3917	1997
3713	1838
3454	1469
3099	1426
2707	1483
2239	1460
1967	1388
1772	1420
1728	1425
1732	1327
1693	1293
1984	1382
2187	1483
2131	1521
1851	1333
1515	1428
1397	1448
1317	1344
1231	1245
1026	1420
960	1319
1001	1274
1317	1463
1198	1517
982	1329
951	1574
823	1675
928	1829
980	2471
948	2193
917	2899
881	1740
811	1838
804	1807
700	1733
610	1920
607	1685
590	1751
583	1647
586	1515
553	1624
544	1593
533	1470
595	1766
571	2192
601	2645
585	2798
605	1583
609	1574
644	1543
658	1421
643	1289
592	1106
559	1284
546	1285
549	1146
547	1162
594	1346
557	1355
559	1283
529	1277
607	1248
650	1243
727	1234
646	1183
675	1194
761	1251
839	1279
913	1390
898	1309
993	1406
1170	1397
1317	1575
1264	1474
1283	1495
1355	1637
1531	1910
1785	1826
1606	1882
1408	1681
1516	1586
1627	2051
1643	2297
1737	2116
1613	2022
1783	1884
1891	2674
1850	3902
1858	3502
1852	3192
1937	2972
1547	3347
1398	2828
1187	2278
1030	2475
1307	3204
1071	2022
883	1503
737	1119
771	1253
792	1079
741	1098
670	1160
767	1134
683	1076
672	1082
613	1173
541	1155
631	1192
637	1255
610	1224
585	1328
622	1183
642	1169
587	1037
604	1158
575	1072
550	1138
533	1171
529	1137
506	1154
511	1007
566	1082
598	1154
536	1150
506	1166
550	1249
534	1134
549	1217
585	1306
542	1278
531	1280
592	1321
555	1134
603	1081
551	1091
599	1008
533	1080
489	1034
523	1146
523	1019
534	1034
575	1081
557	1062
518	964
546	1020
555	1188
548	1356
619	1160
590	1035
633	1181
592	1088
582	1268
573	1115
619	1232
675	1230
683	1250
637	1053
647	1003
618	976
669	1048
717	1019
660	1195
664	1174
728	1312
698	1323
773	1324
781	2084
741	1607
762	1660
749	1512
693	1213
628	1277
632	1246
627	1119
593	1054
627	1232
636	1171
581	1163
551	1195
534	1187
571	1128
521	1225
507	1203
522	1122
574	1286
561	1248
566	1284
519	1358
574	1299
599	1261
600	1318
589	1196
571	1257
607	1310
606	1498
552	1368
561	1422
534	1167
528	1106
631	1091
578	1210
567	1118
601	1207
504	1058
502	1128
537	1112
524	1199
559	1210
549	1109
547	1203
526	1107
593	1170
522	1080
533	958
571	1009
501	1120
496	1139
567	1144
521	1203
517	1043
491	1026
561	1187
583	1117
554	1086
523	1104
518	983
530	1111
545	1199
559	1472
575	1243
636	1257
550	1256
568	1411
603	1269
604	1164
566	1065
623	1399
645	1208
602	1289
517	1199
572	1105
497	1062
500	1213
605	1079
556	1435
614	1452
629	1514
701	1464
660	1533
632	1574
604	1384
605	1337
587	1180
618	1246
602	1323
640	1493
669	1489
583	1619
670	1637
645	1670
745	1489
754	1631
715	1816
760	2130
657	2288
639	2264
688	2247
665	1939
632	1552
653	1876
623	1587
604	1732
654	1362
633	1335
628	1484
587	1685
588	1874
602	1644
585	1676
592	1652
622	1594
612	1748
600	1699
628	1984
695	2115
657	2386
661	2413
683	2459
680	2192
704	2190
842	2191
797	2173
792	1722
719	1755
765	1929
871	1706
869	2177
875	2403
1022	2120
1267	2013
1632	3657
1974	5671
1974	4085
1737	2968
1829	3086
2349	4035
2707	5258
2524	3776
2230	2750
2622	3553
3021	4199
3547	4148
3709	4009
4001	4753
4308	5560
4636	5047
5460	4552
5240	4382
4974	3381
5046	2549
5415	2112
5990	2070
6206	2204
5804	2220
5999	2258
6367	2429
6943	2788
7044	2578
6597	2391
6219	2080
6328	2231
6847	2477
6983	2723
7007	2684
6841	2474
6843	2632
7208	2670
7018	2530
7033	2714
7050	2439
6765	2564
6861	2490
6370	2414
6057	2565
5973	2579
5996	2539
5327	2426
4848	2596
4410	2573
4280	2625
4535	2539
4082	2832
3434	2540
2703	1993
2527	1769
2626	1833
2571	1710
2277	1801
1928	1874
1940	1927
1856	1875
1679	1824
1349	1685
1068	1978
1106	1780
1068	1686
1144	1631
1157	1419
1094	1481
955	1472
991	1563
998	1613
850	1295
857	1413
857	1475
862	1532
802	1515
840	1414
811	1385
774	1412
756	1427
723	1493
782	1453
773	2136
820	2850
871	2737
927	2349
870	1860
851	1512
903	1510
846	1358
850	1528
834	1419
847	1410
813	1313
773	1262
853	1590
803	1565
756	1558
808	1724
802	1904
791	1859
723	1666
783	1260
826	1228
913	1244
905	1310
889	1362
939	1234
898	1302
929	1477
905	1334
946	1365
900	1313
904	1215
894	1368
876	1310
791	1288
799	1317
737	1268
765	1213
731	1245
776	1124
785	1162
787	1185
882	1242
879	1172
881	1212
964	1139
888	1315
921	1223
859	1232
918	1231
925	1113
787	1133
784	1196
758	1386
678	1202
743	1288
693	1334
762	1236
771	1474
799	1614
728	1758
836	1378
798	1302
800	1163
794	1109
818	1399
884	1511
893	1486
844	1622
832	1531
770	1825
749	3636
768	2117
693	2981
715	3659
636	2244
609	2389
627	2450
628	3260
706	2944
713	2196
783	2429
745	2880
767	4575
807	4345
713	4541
722	4015
698	3287
737	4393
758	7022
741	6626
652	4991
726	3587
670	2608
689	2235
666	2246
690	3968
668	4409
715	4430
674	4102
705	4424
726	3852
742	4258
703	4123
650	3133
645	2650
667	2691
590	2296
659	2846
647	3170
574	2642
565	1821
600	2103
674	3891
610	3009
639	2359
691	2552
652	2843
680	2614
640	2602
611	2942
655	2322
639	2510
630	2949
700	3396
630	2809
664	2374
623	2385
619	2512
659	2343
592	2374
520	2315
590	1989
550	1876
607	2347
653	2949
613	2549
625	2087
626	2031
574	2210
602	2153
625	2401
614	1993
598	1923
591	1662
521	1507
536	1358
587	1691
541	1648
592	1652
556	1515
599	1631
535	1624
562	1430
623	1618
594	1331
586	1414
540	1421
543	1577
506	1428
534	1429
574	1470
528	1541
572	1651
555	1562
514	1531
505	1719
562	1798
529	1877
503	1707
600	1686
567	1643
533	1768
538	1552
572	1623
477	1330
505	1355
502	1289
497	1512
477	1520
505	1523
488	1502
523	1386
516	1414
516	1204
525	1444
550	1274
569	1452
480	1258
555	1320
525	1322
518	1331
495	1251
510	1361
571	1358
518	1292
555	1223
523	1634
583	1541
645	1381
719	1428
737	1308
744	1295
775	1314
798	1405
969	1384
949	1340
988	1411
983	1267
1127	1411
1160	1434
1195	1434
1293	1319
1159	1302
1388	1535
1484	1391
1567	1302
1493	1363
1503	1381
1506	1463
1700	1431
1735	1395
1862	1413
1722	1361
1912	1335
2220	1475
2479	1463
2579	1594
2581	1613
2832	1753
2995	1968
3391	1871
3365	1848
3265	1695
3271	1732
2948	1742
2651	1689
2345	1697
2198	1436
2007	1340
1933	1462
1963	1506
1996	1562
2144	1372
2283	1417
2546	1516
2859	1589
3555	1731
3640	1834
4005	1769
4182	1823
4251	2093
4030	1904
3747	2063
3447	2126
3192	1985
2813	1705
2353	1555
2230	1515
1840	1640
1734	1927
1674	2189
1517	2543
1502	2353
1656	2900
1609	2159
1702	2100
1681	2049
1679	1572
1740	1569
1732	1604
1784	1678
1596	1629
1445	1530
1471	1593
1363	1754
1313	1742
1096	1588
1069	1524
1036	1489
1047	1584
948	1365
952	1359
957	1436
872	1509
892	1246
953	1314
911	1366
865	1407
870	1325
834	1256
864	1232
864	1364
868	1203
845	1231
794	1225
817	1153
831	1297
874	1268
863	1241
962	1294
942	1226
1035	1320
1101	1150
1110	1236
1136	1113
1175	1239
1094	1255
1106	1329
1055	1446
1002	1268
904	1469
977	1416
946	1467
911	1491
946	1624
926	1583
1024	1553
996	1295
1066	1301
982	1323
1101	1428
1090	1101
1099	1301
1059	1126
1111	1207
1074	1228
1038	1213
1060	1245
988	1262
1004	1255
905	1310
888	1377
878	1435
904	1542
888	1371
821	1357
908	1314
840	1395
929	1331
924	1484
940	1400
929	1348
893	1327
852	1274
860	1345
848	1326
886	1334
813	1432
781	1334
647	1372
696	1435
642	1334
627	1330
564	1311
587	1342
612	1486
573	1421
611	1316
613	1336
661	1138
601	1366
675	1304
571	1070
610	1079
570	1098
575	1299
564	1534
576	1502
533	1590
573	1381
513	1269
498	1425
542	1280
551	1347
539	1361
534	1176
477	1110
507	1096
442	1164
489	1371
537	1397
491	1310
489	1169
481	1209
567	1034
519	984
520	1215
494	1355
562	1157
533	1190
560	1171
636	1049
618	1046
558	979
533	1135
594	1390
538	1317
571	1276
588	1187
548	1213
562	1142
549	1203
478	1071
590	1136
518	1179
544	1176
535	1110
556	1192
532	1224
509	1150
496	1052
493	1242
523	1092
537	1193
514	1090
558	1118
556	974
587	1122
647	1184
558	1111
530	1351
549	1200
516	915
553	1018
545	1029
541	1095
573	1057
617	1190
586	1189
585	1211
542	1175
517	1200
478	1147
551	1028
500	1241
554	1170
581	1453
512	1282
576	1271
478	1322
455	1084
485	1021
463	1060
488	992
465	1042
488	959
492	978
476	1037
468	1140
480	1154
460	1287
497	1164
455	1133
516	1035
490	1121
499	1282
527	1335
558	1479
507	1416
447	1227
501	1214
504	1306
484	1231
553	1265
502	1148
546	1355
572	1112
517	1291
512	1205
522	1234
482	1274
484	1190
515	1408
508	1187
499	1085
481	1252
520	1243
520	1086
535	1022
490	1090
496	1010
462	979
515	1002
509	944
505	935
491	962
489	1137
497	956
518	1019
545	1054
597	1052
491	999
486	1108
528	1124
509	1194
507	1077
519	1187
510	1169
500	1417
582	1466
539	1259
546	1295
503	1311
571	1416
513	1194
546	1191
527	1267
608	1290
591	1363
586	1705
531	1212
599	1299
637	1292
686	1315
630	1268
548	1357
666	1293
673	1297
674	1281
673	1374
662	1404
597	1361
651	1333
669	1375
718	1424
665	1531
687	1601
685	1815
687	1806
743	1858
737	1854
708	1356
707	1273
706	1186
766	1141
797	1179
763	1218
716	1304
795	1222
866	1294
902	1162
831	1181
873	1291
927	1338
1039	1177
980	1277
1027	1282
1144	1357
1262	1132
1380	1291
1304	1227
1230	1302
1273	1205
1259	1322
1313	1261
1336	1212
1296	1270
1210	1128
1203	1153
1355	1237
1384	1264
1340	1288
1533	1233
1596	1274
1838	1260
2005	1307
2112	1179
2205	1358
2208	1420
2233	1505
2025	1591
2013	1619
1939	1450
1883	1378
1805	1304
1812	1246
1784	1393
1624	1410
1680	1376
1794	1538
1964	1485
1911	1690
2135	1587
2319	1480
2450	1465
2706	1474
2809	1449
2797	1448
2811	1504
2861	1517
3072	1882
3049	1858
2760	1716
2758	1725
2664	1585
2811	1686
2671	1442
2685	1573
2757	1670
2735	1578
2840	1464
2869	1656
3076	1692
3268	1979
3402	1856
3421	1933
3463	1780
3435	1718
3502	1679
3399	1667
2992	1762
2720	1571
2566	1319
2554	1397
2494	1829
2333	1815
2136	1499
2020	1499
2000	1361
1887	1297
2043	1481
1994	1633
2073	1436
2175	1354
2239	1531
2316	1512
2207	1311
2128	1286
2228	1465
2105	1265
2025	1419
1877	1358
1784	1339
1731	1477
1726	1205
1607	1188
1521	1182
1338	1443
1448	1323
1306	1284
1408	1372
1426	1333
1422	1272
1448	1320
1465	1285
1585	1405
1573	1350
1554	1505
1488	1634
1347	1658
1331	1588
1319	1588
1294	1526
1184	1800
1225	1554
1243	1636
1174	1620
1171	1527
1105	1549
1165	1615
1141	1777
1156	1446
1109	1405
1091	1420
1041	1525
1055	1703
1081	1883
1043	1562
895	1541
985	1746
940	1832
946	1735
985	1773
964	1461
879	1499
935	1113
885	1343
1148	1487
1041	1483
885	1398
894	1182
895	1202
928	1251
904	1112
810	1189
799	1197
832	1285
853	1164
795	1238
789	1291
867	1384
773	1191
809	1210
826	1225
926	1101
772	1075
896	1082
878	1299
906	1251
927	1126
900	1325
913	1254
836	1210
874	1265
823	1546
946	1236
828	1379
882	1411
838	1183
906	1215
852	1312
888	1323
959	1251
974	1183
980	1032
989	1133
897	1127
925	1343
928	1348
913	1373
849	1316
842	1371
825	1136
911	1177
936	1262
973	1371
1010	1310
1092	1337
1135	1451
1212	1670
1152	2101
1209	4454
1147	4062
1174	4431
1161	3412
1065	2538
1033	1487
927	1297
914	1285
901	1246
856	1197
862	1474
888	1422
775	1394
854	1357
954	1484
858	1516
1000	1462
1018	1645
1010	1747
958	1804
963	1790
1008	1790
1042	1683
1006	1793
1035	1876
935	2011
903	2193
742	2051
864	2438
826	2230
809	2026
776	1955
873	2773
816	3662
870	3067
882	3312
929	2713
970	2054
902	1683
910	1778
983	1712
928	1620
964	1714
883	1718
917	1828
816	1658
801	1406
809	2055
807	1875
828	2053
818	2168
778	2275
771	2866
753	1884
743	2016
714	1846
782	1924
638	1557
731	1506
678	1501
745	1439
738	1422
772	1533
742	1457
655	1522
714	1394
653	1626
676	1355
671	1227
622	1042
686	1242
729	1160
709	1264
599	998
585	1008
604	1151
597	1233
647	1308
646	1283
605	1179
612	1313
603	1252
596	1166
600	1075
623	1204
611	1031
586	1298
605	1106
616	1287
584	1043
522	1276
538	1414
560	1374
544	1191
608	1265
594	1210
520	1225
518	1155
542	1170
464	1219
511	1098
562	1227
543	1277
544	1296
521	1204
519	1317
529	1274
491	1046
474	1244
514	1192
494	1403
517	1243
516	1323
474	1480
556	1583
506	1733
520	1332
527	1325
500	1340
555	1291
538	1285
544	1347
517	1379
568	1296
490	1363
491	1309
529	1300
502	1152
525	1209
528	1170
525	1410
547	1342
535	1247
529	1249
510	1205
556	1246
482	1323
489	1528
508	1479
528	1345
506	1059
433	1151
515	1224
546	1094
475	1085
481	1009
493	997
502	1043
507	1131
501	1065
486	1116
573	1078
514	1461
572	1454
527	1427
526	1468
515	1555
491	1717
540	1969
477	1534
466	1901
516	2312
552	3063
549	3067
557	3100
561	2474
499	2977
522	2916
552	2434
489	2299
490	1876
540	2113
710	5476
708	4628
659	3418
599	2126
573	1861
543	1373
577	1454
554	1533
547	1363
572	1164
520	1230
497	1347
545	1408
604	1231
584	1179
504	1287
513	1243
514	1014
524	1000
508	1115
494	1250
526	1248
571	1236
597	1331
548	1184
554	1275
555	1328
546	950
552	974
567	1166
572	1192
509	1082
519	999
543	1217
573	1212
527	1132
537	1070
571	905
511	910
605	1237
580	1185
565	1192
548	1164
580	1035
591	1132
566	1123
631	1198
589	1250
583	1331
572	1373
547	1134
518	1163
556	1234
543	1197
560	1256
472	1084
504	1178
627	1210
507	1029
629	1167
549	1199
616	1084
590	1245
601	1309
628	1215
649	1070
601	988
617	1130
581	1042
573	1127
579	1087
543	1078
528	1232
545	1139
505	1137
511	1225
561	1032
499	1111
591	1226
561	1417
579	1294
607	1160
550	1257
571	1127
534	1213
616	1215
565	1343
588	1364
595	1278
612	1268
536	1301
601	1331
532	1286
502	1180
517	1218
556	1113
556	1349
554	1062
551	1201
512	1289
524	1215
514	1257
516	1192
563	1309
525	1156
467	1391
480	1371
559	1178
455	1262
463	1111
485	1266
447	1487
499	1318
463	1198
465	1176
493	1252
472	1198
472	1210
466	1244
475	1153
479	1110
474	1137
499	1149
511	1169
485	1133
566	1161
494	1225
502	1226
571	1467
510	1183
575	1202
477	1071
443	967
470	1039
525	1129
531	1102
483	1192
510	1590
543	1179
532	1120
531	1222
571	1450
574	1208
492	1163
619	1184
521	1106
526	1595
552	1235
522	1094
541	1266
496	1182
459	1342
521	1296
515	1150
525	1244
527	1269
577	1384
530	1217
530	1351
531	1179
496	1101
514	1139
475	1255
497	1477
488	1681
486	1799
543	1701
574	1499
591	1294
535	1469
477	1447
470	1299
529	1493
545	1315
501	1421
583	1471
471	1299
544	1449
538	1509
551	1733
554	1522
565	1579
585	1771
484	1820
501	1651
454	1752
520	1323
558	2016
618	2252
523	2191
516	2365
572	2494
575	2230
532	1413
514	1514
515	1652
514	1435
569	1616
534	1749
565	1854
519	2215
525	2327
505	2212
513	2058
504	1865
489	1743
502	1620
515	1511
534	1542
541	1443
528	1634
539	1691
522	1752
553	2061
614	2868
727	3665
832	3814
825	3990
823	3514
783	2968
714	2298
802	1992
798	1942
757	2029
703	1826
712	1879
682	1680
628	1427
634	1491
710	1541
714	1388
759	1487
771	1482
838	1361
871	1398
876	1282
934	1144
988	1136
907	1245
971	1190
975	1219
1008	1241
1080	1251
1051	1401
1227	1506
1238	1437
1311	1482
1525	1426
1559	1354
1404	1389
1526	1418
1438	1288
1444	1493
1555	1635
1658	2343
1557	3015
1720	3905
1829	3271
1926	2826
1822	2700
1883	2561
2362	4176
3052	4397
3484	4969
3706	6635
3480	6979
3261	6227
3336	6712
2976	5426
2600	3987
2610	4018
2509	4314
2516	5011
2613	4744
2474	4142
2498	3499
2398	2583
2516	2524
2386	2297
2351	2517
2434	2947
2407	3646
2715	3439
2851	2857
2981	2434
3203	2589
3157	2384
3271	2400
3181	2758
3059	2753
2817	2881
2681	2615
2429	3072
2496	3404
2313	3371
2379	2638
2228	2293
2217	2020
2150	2191
2040	2283
1928	2247
2123	2199
2036	2319
2007	3110
2128	3824
2409	5227
2631	6728
2796	7963
2842	6456
2907	6773
2698	7606
2479	7568
2269	7635
1836	6934
1644	5069
1382	3106
1348	2689
1346	2139
1294	1766
1254	1665
1224	1984
1288	2173
1247	2013
1139	1810
1206	2339
1334	3446
1542	5093
1522	5937
1616	6499
1507	5745
1314	4757
1268	4014
1212	3145
1234	3684
1144	2746
974	2275
1037	1411
924	1557
867	1403
846	1224
789	1277
775	1346
755	1395
748	1411
742	1781
682	1726
732	1801
716	2493
716	3295
737	4106
763	4545
700	4948
622	3654
649	3134
668	2905
595	1844
585	1635
556	1325
600	1490
581	1439
584	1374
566	1489
630	1468
563	1280
582	1381
610	2118
623	2929
623	2616
624	2908
558	2887
553	2800
608	1959
607	2015
603	2050
648	1899
618	1567
539	1286
611	1446
570	1287
566	1364
601	1703
645	1817
568	1777
584	1861
626	2017
632	2170
586	1868
588	1420
553	1249
612	1290
558	1287
599	1112
576	1068
632	1139
678	1271
672	1521
675	1674
640	1719
615	1772
582	1620
578	1742
575	1543
641	1469
604	1265
605	1182
609	953
658	1140
727	1281
747	1287
853	1150
820	1246
770	1312
789	1136
735	1216
694	991
632	1426
669	1265
684	1316
647	1303
667	1285
723	1419
632	1437
644	1366
658	1314
657	1241
691	1299
683	1496
774	1421
841	1356
850	1197
945	1337
802	1200
833	1279
820	1333
730	1191
792	1192
722	1327
735	1450
768	1432
801	1481
861	1186
799	1273
831	1466
824	1267
761	1338
836	1278
918	1510
919	1588
972	1517
985	1373
978	1133
901	1254
888	1435
817	1403
762	1380
771	1313
667	1241
650	1209
703	1070
632	1109
646	1208
659	1238
579	1275
615	1253
609	1326
622	1155
593	1211
648	1192
646	1158
711	1042
707	1243
708	1296
696	1310
726	1525
627	1293
639	1090
623	1135
572	1196
565	1143
563	1020
553	1300
532	1324
496	1459
538	1360
545	1286
663	1257
658	1297
602	1267
583	1320
594	1249
588	1221
574	1153
535	1158
593	1325
613	1167
565	1106
527	960
509	1022
480	1061
511	1214
558	1046
577	1159
544	1094
446	1136
488	1038
524	1134
465	1099
513	1163
566	1141
509	1310
511	1214
489	1230
469	1053
504	1169
534	1089
437	1215
519	1068
511	1111
504	1246
625	1207
642	1167
643	1324
636	1276
590	1043
575	1109
547	1155
569	998
562	1170
619	1186
751	1121
789	1187
817	1334
813	1410
840	1495
858	1241
900	1155
916	1262
1042	1311
1098	1176
1286	1262
1246	1118
1295	1234
1418	1323
1524	1292
1472	1216
1599	1363
1537	1483
1443	1223
1355	1161
1443	1235
1440	1285
1624	1247
1728	1168
1830	1215
2521	1407
3381	1728
3038	1742
2715	1792
2754	1933
2978	2116
3037	2501
3211	2717
3251	2728
3366	2529
4090	2954
4733	3595
5372	3150
5291	3030
5171	2623
4886	2885
4790	2756
4886	3570
4826	3776
4735	4620
4739	4865
5360	6996
5456	7869
5339	8880
5425	8917
5645	8540
5282	7606
4792	5255
4232	3746
4170	3877
4063	3544
3979	2705
3727	3085
3265	4288
3383	6866
3099	10356
2308	10843
1742	8673
1377	6339
1259	6467
1241	5424
1005	4627
895	4835
678	3017
673	2547
666	2588
714	2433
669	2257
587	2459
541	2382
537	2192
561	2059
535	2026
473	1790
523	1335
456	1497
480	1565
442	1127
474	1268
468	1265
509	1145
473	1142
429	987
470	963
513	956
469	1108
540	1168
489	1266
480	1228
439	1274
519	1280
524	1173
472	1098
429	1147
498	1187
441	1255
478	1212
499	1314
509	1240
481	1182
453	1253
487	1084
479	1316
390	1312
490	1277
460	1214
427	1077
475	1191
517	1342
476	1110
492	961
481	1108
520	1179
544	1269
527	1319
465	1846
503	1764
477	1388
513	1269
458	1208
486	1246
513	1262
478	1235
493	1332
477	1463
507	1327
456	1410
420	1374
454	1470
453	1168
511	1505
565	1451
549	1338
525	1401
470	1191
468	1095
519	1217
475	1406
537	1426
458	1329
516	1472
485	1334
486	1440
414	1435
476	1309
494	1336
458	1267
519	1375
504	1412
513	1193
513	1079
492	1075
488	1146
452	1091
518	1178
467	1089
461	1151
435	1166
456	1258
518	1323
457	1168
501	1111
453	1233
495	999
520	1150
466	1237
480	1236
410	1298
480	1284
460	1242
473	1201
499	1238
498	1418
518	1346
386	1360
444	1346
489	1127
489	1146
445	1076
500	1195
415	1093
438	1117
435	1233
463	1174
444	1217
452	1280
495	1255
502	1356
488	1293
472	1399
505	1349
511	1295
447	1267
475	1509
499	1248
429	1442
480	1266
441	1249
462	1317
408	1563
456	1663
534	1440
475	1244
493	1200
499	1329
523	1399
491	1467
469	1401
507	1287
475	1568
488	1294
512	1455
504	1360
490	1503
500	1357
463	1198
488	1271
439	1404
469	1234
508	1416
497	1481
467	1513
477	1383
512	1601
485	1399
501	1558
588	1645
633	1301
522	1164
538	1316
504	1178
506	1215
535	1152
506	1017
464	1156
498	1223
505	1210
553	1184
505	1086
596	1157
483	1006
497	1117
532	1149
553	998
526	1071
507	1310
503	1195
504	1036
485	965
479	951
524	1092
487	1153
451	1153
432	1129
429	1119
440	844
496	1027
413	942
512	1157
466	1270
448	1058
428	1002
400	976
402	955
450	1158
440	1001
417	1171
477	1028
434	989
462	1056
485	1058
479	944
533	1055
494	1135
493	1117
463	1123
439	1109
432	999
416	988
440	979
434	1049
486	1211
474	1119
422	1008
449	996
436	1088
464	1003
478	975
477	1054
444	1062
454	1026
463	999
479	1091
511	1115
468	1062
484	917
450	963
493	929
439	979
441	1001
412	828
401	958
494	1125
479	898
484	1029
472	953
466	1020
423	1053
470	1013
496	940
436	1012
439	1021
464	1089
479	999
478	938
522	945
474	982
515	1059
504	1168
490	1040
476	1131
511	1320
452	1231
467	1154
489	1193
493	1197
518	1242
540	1354
536	1000
535	1005
498	957
531	1206
548	1161
465	1216
445	1124
475	1135
465	1151
407	1120
438	1199
465	1306
423	1283
445	1147
514	1115
431	1245
401	1266
424	1241
455	1016
455	1098
383	1118
471	1095
507	1318
437	1185
500	1238
465	1053
442	1157
485	1078
505	1232
392	1062
458	1001
413	1151
506	1208
492	1235
463	1228
479	1377
450	1383
486	1275
440	1130
419	1206
489	1144
462	1201
460	1286
443	1157
446	1190
494	1128
475	1067
514	1231
518	1227
478	1350
476	1262
473	1430
511	1310
506	1445
541	1079
529	1167
532	1195
511	1034
530	954
536	1049
508	1119
545	1177
541	1119
534	1088
565	1096
542	1081
546	1013
499	1014
519	984
553	1114
611	1151
585	1122
581	1021
528	1178
491	1167
453	1189
455	1209
531	1124
491	1229
474	1317
467	1227
545	1367
555	1317
463	1303
511	1126
578	1301
535	1255
509	1310
553	1218
472	1227
484	1262
510	1283
538	1139
545	1009
531	1054
505	1139
446	1075
551	995
517	908
500	936
533	1137
495	990
547	1132
530	1189
554	953
545	1044
518	1124
450	1075
538	1178
601	1164
503	1080
566	1151
575	1100
556	920
498	871
510	1009
594	1149
589	1122
597	1177
555	1202
603	1235
567	1073
539	1196
502	1175
548	1077
567	1051
624	1144
548	1212
588	1250
555	1282
539	1218
521	1375
561	1314
579	1136
596	1263
573	1210
493	1150
556	1275
572	1035
560	1100
521	1071
524	1153
507	1126
490	1256
548	1252
473	1288
569	1222
553	1181
538	1066
501	1144
516	1051
493	1178
532	1104
544	1167
502	1223
457	1045
486	1058
509	1161
511	1115
506	1075
541	1117
538	965
530	1073
514	1105
523	1098
492	1101
516	1345
494	1165
510	1197
420	1298
568	1379
472	1251
496	1120
478	1103
483	1114
433	1119
490	1239
479	1063
497	1101
501	1182
531	1007
577	1222
556	1166
494	1283
458	1424
470	1301
504	1159
475	1190
473	1267
515	1168
496	1290
543	1302
519	1424
574	1573
497	1407
485	1125
490	1268
497	1356
493	1226
488	1205
466	1184
477	1327
475	1507
417	1271
449	1050
467	1244
471	1308
432	1167
443	1435
432	1433
476	1362
449	1248
492	1255
478	1317
459	1248
436	1314
486	1189
453	1303
476	1229
486	1248
504	1168
510	1182
447	1103
431	1268
489	1133
491	1111
532	1161
459	1281
515	1132
521	1233
472	1194
454	1100
481	1203
409	1180
485	1085
444	999
488	1075
489	1144
467	1024
473	1210
468	1356
468	1213
532	1175
499	1382
498	1254
493	1331
538	1411
499	1461
544	1282
491	1229
548	1234
449	1230
455	1302
454	1111
541	1104
584	1087
485	1068
463	1030
556	1059
538	1324
439	1310
463	1339
538	1232
558	1126
478	1138
511	1271
467	1330
463	1259
470	1232
468	1092
499	1170
492	1134
517	1152
473	1080
480	1102
516	1131
462	1140
451	1274
443	1301
446	1173
445	1020
491	1191
479	1116
466	1287
457	1353
486	1210
436	1353
506	1343
547	1302
506	1297
576	1510
564	1438
511	1163
518	1382
506	1197
511	1218
522	1222
572	1177
520	1177
517	1069
577	1179
576	1188
532	1304
487	1164
498	1079
466	1056
502	1052
463	1010
457	1152
413	1049
500	1058
509	1164
428	1220
462	1265
523	1212
442	1172
509	1175
459	1280
519	1130
529	1067
514	1068
522	1104
522	1043
503	1132
614	1071
551	1210
627	1237
508	1148
512	1186
521	1607
595	1482
600	1484
582	1521
606	1502
647	1178
592	1299
685	1311
627	1120
630	1194
608	1265
697	1178
626	1367
601	1193
622	1475
591	1410
630	1367
555	1192
535	1387
570	1364
509	1381
556	1387
520	1276
571	1461
527	1522
583	1358
573	1529
575	1462
626	1426
636	1525
621	1548
557	1669
574	1428
598	1484
560	1220
560	1094
509	1081
519	1180
507	1267
548	1302
593	1510
628	1668
679	1862
753	1821
770	1861
806	1833
848	2070
786	1975
901	1783
1057	1770
912	1588
991	1488
937	1430
848	1366
1027	1365
1039	1443
1090	1449
1481	1483
2007	1262
3206	1632
3898	1797
4360	1977
3986	2156
4282	2009
4573	2241
4817	2096
4550	1959
4426	1970
4578	1886
4414	1819
3921	1814
3469	1766
3315	1552
3321	1757
3010	1617
2622	1630
2800	1735
2965	1537
3027	1602
3337	1847
3688	2096
4023	2207
3826	2017
3417	1856
3073	1646
2474	1666
2328	1887
2386	1826
2508	1776
2443	1772
2432	1900
2478	1516
2709	1672
2525	1912
2272	1836
1664	1961
1405	2214
1389	2167
1512	1926
1641	1794
1535	1722
1378	1656
1265	1309
1174	1547
1131	1564
1063	1476
943	1379
1049	1219
992	1242
1010	1318
863	1204
797	1257
716	1242
631	1455
596	1614
562	1269
559	1444
471	1207
544	1348
519	2112
493	1726
599	1566
607	1762
633	1664
680	1374
727	1588
775	2260
827	1914
764	1308
654	1351
700	1284
659	1037
697	1151
687	1399
702	1171
637	1227
580	1075
592	1077
587	1214
588	1042
487	938
582	823
507	977
522	1030
521	1165
563	1136
517	1228
526	980
515	975
467	1044
492	1174
478	1220
478	1098
522	1169
474	1087
486	927
484	1170
490	1095
468	1139
487	1112
477	1079
508	1091
478	1034
458	1093
463	1197
453	1221
487	1264
478	1198
533	1049
526	1128
457	1292
461	1289
482	1405
522	1167
507	1207
484	1067
442	1108
519	1221
442	1186
476	1240
467	1193
529	1282
468	1158
533	1262
508	1183
468	973
488	1154
489	1055
493	1030
484	1096
498	1315
468	1141
465	1285
514	1186
462	1166
535	1229
522	1144
463	1366
464	1172
481	1204
554	1320
504	1329
520	1220
523	1506
523	1800
546	1449
560	1626
535	1818
533	1639
538	1517
444	1628
483	1726
487	1560
497	1555
502	1468
514	1422
490	1488
501	1320
444	1206
503	1415
546	1474
518	1258
476	1318
514	1263
527	1341
571	1061
517	1296
585	1244
517	1090
549	1882
683	2258
743	2197
714	2655
678	2533
867	4272
854	5532
989	8789
761	4491
611	2048
700	3477
740	6987
517	2721
588	1423
596	1292
592	1636
596	2652
538	2041
549	1255
539	1383
551	1219
500	1020
520	997
517	1102
492	1090
508	1141
494	1092
529	1151
489	1128
519	1265
574	1152
517	1182
631	1086
544	1147
544	958
554	1147
557	1165
586	1234
576	1188
579	1668
533	2030
545	1172
559	1122
557	1202
545	1302
517	1155
527	1191
509	1053
524	1163
541	1113
558	1221
569	1200
522	1298
518	1531
506	1495
495	1426
538	1870
535	1574
546	2128
521	2206
473	1931
496	1977
459	2036
521	2329
556	2067
529	1870
514	1812
470	1729
482	2031
544	1222
487	1097
517	1206
507	1114
519	1169
501	1018
490	968
458	1000
499	1136
471	1137
489	1214
449	1096
476	1118
474	1328
506	1567
500	1485
515	1192
492	1148
436	1080
500	1099
507	1041
482	1074
490	1184
482	1164
474	1128
487	1134
535	1179
504	1208
457	1180
473	1084
469	1031
545	1054
461	965
468	1117
529	1278
460	1301
512	1052
464	1214
438	1353
486	1213
565	1328
494	1206
396	1144
443	1035
506	1078
532	1072
476	1108
494	1065
528	890
496	1016
489	1159
470	1115
448	1131
490	1082
573	1263
514	1027
489	934
544	1050
520	1026
569	1020
544	953
515	931
479	919
565	974
578	1047
552	1189
552	1274
526	1146
572	1096
574	1178
568	1166
553	1188
610	1080
567	1106
608	1209
558	1322
462	1288
527	1050
559	1077
544	1267
541	1432
575	1205
477	1152
475	995
585	1230
532	1096
492	1086
546	1021
499	1010
496	1160
540	1249
532	1301
474	1282
506	1079
518	1210
501	1202
431	1054
521	1184
447	1134
482	1049
456	1043
498	1139
464	1122
408	1120
431	1246
543	1145
484	1209
474	1329
492	1375
526	1344
440	1383
453	1236
460	1084
444	1053
480	1069
492	1085
491	1059
557	1071
468	1037
489	1034
486	812
447	956
492	1053
483	999
515	1009
497	1096
518	1286
514	1264
491	1256
490	1266
501	1124
497	1235
574	1336
500	1159
555	1175
519	1411
493	1491
492	1192
526	1289
582	1342
465	1220
536	1178
539	1140
578	1255
610	1229
557	1088
623	1187
546	1148
529	1001
546	995
526	1016
598	1098
553	905
559	1018
512	984
521	1078
566	1007
523	898
575	1070
571	1014
550	1317
559	1240
543	1311
436	1223
499	1317
482	1377
535	1256
496	1211
553	1168
524	1194
561	1018
526	1038
577	1140
546	1144
539	1115
506	1377
507	1320
566	1126
516	1417
511	1369
463	1261
485	1361
473	1207
500	1255
499	1127
535	1064
451	1056
519	1286
436	1266
510	1264
438	1035
492	1009
505	1015
500	972
485	967
480	887
445	1274
473	1151
481	933
457	1247
465	1266
445	1323
453	1401
473	1382
496	1441
479	1522
414	1970
498	2038
491	2499
445	3118
476	2211
474	2245
523	2294
488	1743
437	1747
457	1729
475	1727
509	2262
529	2817
548	3279
534	2708
531	2396
527	3318
512	2928
515	3052
552	3011
582	2302
570	1908
539	1871
518	2143
467	2109
498	1957
466	1688
544	1748
509	1511
570	1817
543	1686
543	1271
642	1141
529	1182
602	1239
587	1188
604	1487
538	1313
553	1163
565	1269
634	1454
582	1687
554	1492
664	1826
757	1729
799	1757
881	1696
1003	1599
808	1511
754	1473
651	1666
625	1419
605	1489
604	1481
657	1587
545	1283
611	1427
558	1442
573	1370
584	1530
602	1491
612	1515
595	1485
594	1582
552	1631
580	1337
521	1316
499	1409
459	1434
471	1603
530	1306
555	1277
526	1455
517	1525
477	1415
516	1589
523	1466
569	1355
510	1371
600	1382
494	1497
485	1293
478	1337
503	1403
519	1318
494	1576
469	1452
477	1478
531	1424
506	1279
520	1362
528	1533
528	1567
454	1346
535	1570
491	1497
510	1523
527	1272
544	1332
569	1428
495	1286
495	1448
592	1193
588	1454
574	1603
584	1487
544	1570
571	1628
612	1561
706	1615
807	1783
728	1971
718	1651
811	1440
1228	1707
1258	1763
1215	1833
1283	1681
1572	1659
1757	1733
1911	1825
2015	1906
1907	1918
2244	2283
2581	2345
2697	2477
2413	2186
2340	2268
3061	2384
4885	2939
6086	3196
6439	3491
6146	3594
6016	3286
5982	3278
5856	3377
5944	3414
5897	3136
5930	3376
6157	3484
5850	4507
5818	5096
5839	4997
5827	4818
5560	4220
5179	3929
4858	4099
4580	4290
4501	4010
4255	3308
3693	2779
3148	2478
2785	2402
2720	2304
2774	2596
2424	2253
2149	2179
2005	2217
2141	2054
1932	2050
1470	1619
1060	1183
939	1347
1039	1291
1038	1286
1009	1348
821	1321
787	1197
732	1122
780	1234
779	1394
718	1251
697	1361
721	1217
679	1086
680	1051
696	1158
670	1152
651	1155
690	1255
641	1162
652	1541
671	1376
638	1323
598	1278
662	1413
600	1499
703	1519
829	1330
705	1279
823	1384
1075	1559
1307	1584
1669	1824
1979	1749
2089	1737
2000	1652
2266	1677
2439	1485
2568	1542
2826	1566
3444	1839
4013	1935
4459	2200
4796	2457
4709	2556
4537	2676
4702	3464
4581	3283
4303	2965
4287	3225
4031	3025
3570	3309
3320	4118
2742	5382
2666	4595
2684	4003
2480	4595
2151	3287
1976	2265
1947	2105
1951	3530
1913	4204
1971	5096
1769	5571
1700	6436
1900	7188
1684	4613
1476	4640
1338	4260
1365	4668
1402	3508
1336	4758
1227	3004
1176	3510
1180	3778
1251	2815
1106	2821
1021	3388
940	4442
876	4253
666	1797
637	1400
567	1342
642	1147
594	1237
506	1108
567	1206
600	1377
566	1396
566	1166
574	1227
600	1061
592	1085
556	1288
600	1471
584	1942
621	2064
589	1952
565	1879
604	1778
592	1807
568	1791
570	2651
623	2139
629	2842
571	3613
592	3484
558	2292
570	1978
543	1642
633	1411
555	1502
594	1331
550	1154
526	1382
514	1244
574	1215
491	1685
504	1365
578	1366
457	1355
503	1177
444	1069
516	991
511	994
520	1183
541	1144
569	1117
521	1177
542	1149
521	1171
501	1112
517	1048
565	1122
530	1096
527	1294
489	1237
570	1344
490	1148
528	1111
513	984
540	1146
491	1069
526	1164
508	1122
488	1133
503	1050
458	1100
440	1245
510	1284
468	1263
510	1321
568	1274
505	1088
506	1134
479	1158
493	1190
510	1390
519	1242
511	1427
525	1328
498	1225
513	1180
497	1109
539	1051
495	1039
532	961
504	1157
502	1323
462	1605
435	1638
462	1280
552	1512
491	1140
485	1204
450	1940
497	1734
499	1574
499	1682
525	1661
502	1308
581	1326
527	1478
499	1783
534	1800
587	1824
568	1707
471	1288
618	1505
613	1375
510	1118
495	1178
490	939
503	1044
511	1275
496	1554
497	1604
483	1527
553	1582
531	1414
509	1296
550	1512
620	1736
543	1990
524	1752
477	1202
569	1286
524	1256
545	1452
470	1196
556	1263
521	1341
517	1341
514	1217
628	1151
504	1143
517	1034
471	1045
451	1217
455	1155
520	1629
481	1591
562	1603
566	1563
554	1597
573	1577
511	1388
516	1204
509	1301
540	1322
542	1468
525	1805
570	1726
511	1688
476	1416
518	1770
567	2113
523	2036
529	2061
545	2073
539	1784
562	1712
581	1631
545	1370
519	2137
524	2456
567	1955
535	1967
515	1512
518	1495
509	2043
499	1625
493	1562
540	1389
512	1320
575	1346
568	1474
497	1395
515	1416
504	1347
533	1306
503	1338
518	1261
546	1485
517	1486
536	1414
559	1953
514	2310
525	1685
520	1348
519	1453
491	1535
538	1411
524	1387
540	1399
536	1296
569	1399
553	1326
599	1306
515	1334
568	1551
571	1373
548	1201
484	1177
503	1342
543	1290
546	1240
547	1152
545	1222
593	1311
588	1240
537	1104
538	975
517	1092
539	1178
540	1206
535	1104
516	1050
578	1109
542	1207
534	1125
514	1141
523	1069
528	1186
537	1268
541	1559
510	1428
493	1500
579	1374
519	1202
581	1303
555	1261
469	1233
535	1404
552	1230
530	1214
552	1250
515	1177
526	1058
557	1078
524	1072
547	1276
557	1325
595	1180
579	1201
620	1351
510	1390
559	1339
532	1210
530	1159
580	1200
564	1234
576	1239
550	1210
520	1056
539	1225
494	1131
527	1216
562	1267
540	1180
490	1337
547	1069
542	1144
568	1030
588	1181
564	1100
609	995
554	1019
610	1126
568	1018
558	988
586	1159
551	1335
573	1409
626	1264
602	1272
513	1234
571	1129
562	1152
557	1184
562	1103
543	1279
537	1430
508	1272
527	1333
595	1411
592	1162
667	1160
589	1145
586	1199
566	1280
525	1200
549	1109
491	1185
578	1096
543	974
571	1027
613	1259
607	1099
601	1298
593	1223
580	1230
598	1182
613	1200
577	1056
560	1122
568	1142
578	1228
550	1156
640	1133
588	1240
582	1287
528	1356
582	1231
547	1145
528	1184
582	1273
564	1278
520	1280
613	1064
643	1494
592	1335
586	1457
565	1210
584	1261
541	1121
578	1180
596	1241
611	1352
575	1283
582	1352
588	1154
609	1319
557	1290
615	1385
628	1258
577	1266
583	1312
536	1221
554	1131
594	1215
578	1222
669	1218
690	1189
657	1243
627	1284
653	1205
662	1239
630	1224
660	1214
585	1320
590	1343
584	1516
693	1417
610	1359
546	1417
616	1323
602	1411
586	1340
652	1374
611	1189
637	1310
618	1232
608	1236
619	1403
563	1284
680	1209
710	1336
629	1584
649	1746
623	2015
659	1675
625	1364
705	1466
666	1287
638	1179
627	1222
667	1260
577	1184
662	1314
633	1346
608	1200
610	1446
595	1284
646	1225
640	1101
552	1225
604	1225
604	1135
594	1298
586	1014
559	1231
553	1324
581	1249
620	1186
574	1197
564	1334
605	1324
571	1205
608	1372
572	1377
524	1381
586	1624
526	1292
572	1272
604	1180
543	1133
609	961
544	1137
543	1176
590	1278
592	1199
629	1159
596	1064
608	1213
625	1168
586	1356
585	1331
592	1373
606	1428
643	1367
647	1304
569	1418
596	1317
568	1522
551	1301
525	1202
494	1218
521	1102
471	1157
540	1324
604	1315
544	1222
580	1181
543	1387
564	1201
536	1182
522	1247
533	1248
571	1118
566	1270
628	1152
531	1113
533	1194
487	1003
565	1052
487	1255
516	1218
528	1214
567	1240
579	1151
565	1209
523	1371
543	1356
558	1328
579	1174
537	1290
540	1284
514	1339
485	1243
540	1326
497	1147
543	1241
470	1289
541	1430
495	1205
560	1126
505	1142
504	1279
518	1232
474	1203
488	1272
540	1337
493	1185
501	1274
500	1304
458	1235
515	1302
520	1480
476	1432
507	1286
477	1267
505	1091
491	1311
559	1435
562	1594
493	1406
460	1415
539	1487
585	1399
535	1099
540	1224
570	1350
532	1298
477	1214
538	1250
533	1454
551	1305
501	1413
485	1313
482	1623
437	1356
480	1181
483	1314
490	1480
530	1371
553	1586
451	1241
437	1400
464	1375
496	1703
515	1797
552	1574
501	1388
547	1304
480	1385
435	1596
462	1966
464	2048
531	1802
549	1749
538	1771
511	1515
463	1770
511	1888
506	1859
552	2927
652	3805
561	2897
730	7329
664	9018
754	8637
916	11810
597	8026
592	4821
1028	14112
1219	14195
1171	13275
1112	12687
985	9256
852	7733
548	2566
661	4217
707	4595
554	2274
682	4171
544	2960
467	1264
509	1320
474	1197
495	1327
490	1245
466	1253
495	1382
495	1474
497	1232
475	1259
522	1191
536	1101
512	1291
465	1410
529	1469
486	1174
465	1333
570	1139
547	1166
539	1270
546	1142
545	1231
561	1205
562	1132
579	1183
601	1173
547	1187
536	1242
494	1137
481	1295
533	1022
540	963
604	1132
548	1207
588	1162
570	1121
604	981
563	1072
652	1077
653	1066
538	1273
622	1398
521	1490
558	1547
585	1581
576	2543
588	4298
589	4645
619	6189
628	5548
603	3467
660	5875
775	6142
823	6793
735	6360
734	6658
736	6727
850	6421
879	6327
849	5983
795	5629
729	5088
816	5618
855	6652
822	7747
910	7680
898	7655
852	6157
785	4425
789	5403
820	5658
754	4772
770	4599
655	3931
759	5610
761	5934
722	5934
736	5183
736	5221
686	5163
665	5809
790	8044
1014	13366
927	10187
871	11579
886	12948
735	9864
811	10082
677	5240
550	2610
651	5030
780	7954
681	4228
734	4554
629	2305
639	1616
628	1838
620	2077
581	1686
654	1754
597	2327
589	2696
607	2419
507	2408
559	1502
504	1334
567	1299
552	1460
521	1309
566	1346
583	1427
567	1298
537	1284
562	1342
575	1271
618	1335
538	1151
529	1207
567	1208
548	1367
480	1373
571	1523
500	1336
475	1264
528	1317
530	1298
577	1193
544	1132
544	1686
514	1576
440	1212
495	1179
443	1003
526	1012
488	1071
517	978
522	1207
517	1352
533	1175
538	1360
537	1397
518	1520
561	1375
475	1033
470	1150
473	1285
512	1106
512	1140
459	1213
559	1143
494	1275
490	1239
495	1082
468	1215
511	1057
540	1359
490	1097
518	1095
490	1015
447	1290
462	1225
472	1228
487	1170
466	1269
450	1232
483	1089
449	1031
477	1200
453	1210
525	1105
462	1138
464	1086
436	1098
505	1034
435	1047
443	1031
441	970
409	989
405	965
454	1140
504	1067
507	1261
495	1100
517	1083
523	1225
534	1101
533	977
488	946
440	970
531	1050
510	1020
506	1022
546	996
536	977
512	1341
477	1237
467	1132
513	1051
518	1148
441	1171
512	1219
544	1231
489	1110
450	1050
463	1130
531	1132
493	1052
507	1033
498	963
545	1093
496	1172
528	1073
554	1119
553	1095
481	1007
551	1095
496	958
461	939
494	1059
457	935
466	828
471	1045
502	1290
572	1217
549	1261
628	1075
581	1261
518	1089
506	994
571	1060
543	1159
577	1206
511	1228
558	1172
526	1206
566	1162
563	1090
585	1087
518	1063
506	1093
592	1115
560	1148
600	1151
519	940
622	973
588	1126
550	1076
592	1118
591	938
554	1130
548	980
495	1035
540	1154
561	1153
527	1167
626	1192
544	1188
475	1207
499	924
518	1045
465	1134
546	1097
482	1167
541	1064
532	1012
523	1184
568	974
633	955
620	995
698	1120
692	993
609	1028
479	1030
513	1154
509	1176
520	1384
554	1320
466	1198
457	1358
471	1329
427	1052
465	1251
448	1140
528	1150
516	1290
493	1219
502	1103
519	1173
535	1276
517	1186
515	1088
457	1201
501	1062
524	1131
538	1139
521	1164
524	1332
484	1165
530	1191
544	1269
615	1210
584	1140
630	1290
701	1293
690	1184
592	1285
623	1434
607	1478
648	1489
597	1251
527	1159
564	1419
588	1395
598	1404
516	1252
566	1448
625	1371
561	1174
610	1331
573	1277
525	1219
507	1315
529	1164
491	1280
569	1372
528	1188
508	1313
560	1373
494	1436
542	1289
552	1258
517	1147
520	1193
525	1205
509	1325
451	1260
472	1128
491	1099
486	1199
525	1282
531	1347
460	1421
499	1437
558	1470
502	1323
496	1361
458	1345
472	1337
454	1299
498	1270
423	1295
483	1075
510	1139
525	1048
532	1104
563	1144
460	1184
467	1088
526	1200
535	1125
519	1210
556	1140
457	1122
515	1199
515	1359
547	1120
464	1181
535	1362
575	1344
537	1230
573	1317
546	1365
530	1238
466	1341
435	1383
520	1395
498	1326
512	1304
550	1200
484	1137
486	1282
495	1252
539	1194
457	1337
495	1319
461	1149
465	1550
482	1463
484	1350
477	1437
474	1086
440	1334
442	1295
476	1402
429	1286
495	1296
489	1306
486	1455
471	1326
451	1214
470	1281
487	1343
478	1309
481	1253
498	1201
456	1187
427	1186
476	1168
451	1225
461	1294
441	1310
485	1228
467	1207
584	1333
533	1265
501	1137
508	1246
461	1122
528	1174
489	1455
496	1778
494	1838
426	1514
467	1311
469	1386
454	1422
493	1417
496	1303
551	1261
528	1511
552	1300
527	1312
503	1198
504	1393
524	1255
453	1082
516	1186
520	1176
504	1217
488	1385
506	1346
513	1148
512	1380
486	1405
516	1284
464	1454
504	1317
502	1228
512	1185
485	1146
533	1222
520	1259
507	1184
489	1189
474	1171
524	992
556	1305
506	1379
542	1389
523	1312
524	1201
545	1141
490	1088
577	1264
540	1319
536	1111
527	977
578	1225
558	1213
527	1192
536	1277
530	1197
544	1159
497	1264
504	1408
525	1528
517	1420
538	1273
524	1341
522	1230
532	1312
532	1274
560	1404
512	1263
517	1221
478	1010
511	1076
552	1156
530	1084
518	1189
488	1079
473	1082
460	1174
505	1313
492	1213
468	1119
477	999
490	1032
455	1006
481	973
491	937
469	895
482	1034
495	945
472	1036
413	1054
467	1110
477	1054
520	1333
477	1505
541	1810
525	1563
482	1503
502	1364
545	1671
518	2037
534	2469
533	2238
570	2221
541	1680
469	1377
532	1525
491	1536
548	1573
560	1600
503	1605
525	1615
594	1639
660	1874
646	1510
646	1632
604	1788
616	1568
757	1439
789	1673
727	1530
692	1630
647	1762
626	1944
597	2154
524	2159
568	2294
572	2726
578	2292
524	2348
521	1944
540	1610
517	1934
484	1894
516	1616
515	1596
582	1932
481	1826
524	1735
580	1641
558	1454
494	1495
491	1647
468	1890
546	1843
472	2120
531	1997
520	1692
529	1535
544	1275
581	1756
515	1985
536	1874
499	1764
490	1660
469	1168
481	1076
473	1388
517	1397
485	1290
536	1160
506	1324
498	1169
429	1346
483	1257
517	1317
501	1519
472	1401
440	1262
560	1358
527	1186
534	1465
486	1788
500	1871
536	1548
539	1590
527	1690
485	1237
460	1339
485	1344
395	1330
465	1180
449	1091
440	1441
523	2165
555	2110
540	1528
453	1160
513	1349
447	1307
504	1320
452	1288
521	1170
525	1241
537	1261
497	1053
523	1086
533	1106
508	1222
511	1495
516	1465
497	1365
499	1411
524	1438
513	1534
485	1753
455	1466
475	1534
488	1676
468	1285
518	1461
500	1578
520	1331
488	1515
565	1547
543	1269
503	1200
546	1322
538	1327
546	1418
483	1425
600	1493
499	1342
535	1259
581	1289
531	1186
482	1105
521	1095
499	1078
449	1048
553	993
530	1059
527	1137
489	1157
504	1111
502	1074
495	893
546	1009
555	1022
528	1148
537	1058
525	1018
512	1009
537	1161
582	1034
521	961
536	1028
544	880
568	917
548	942
505	1110
586	1182
531	1122
557	1159
536	1226
531	1200
545	1332
545	1397
577	1474
656	2533
563	2246
629	2174
630	1865
627	1085
658	1229
616	1076
616	1113
619	1053
597	1118
648	1179
664	3067
657	3036
671	3788
695	4149
667	3744
609	1518
627	1255
666	1375
581	1436
673	1351
691	1670
660	1569
564	1236
565	1206
593	1227
630	1180
592	1107
576	1153
590	1321
564	1299
598	1143
700	1133
598	1117
599	1171
611	1007
635	999
715	1252
657	1341
597	1257
596	1215
607	1042
654	1225
667	1228
638	1141
657	1197
616	1054
636	1183
613	1103
707	1147
667	1209
623	1215
642	1072
653	1126
688	1176
673	1140
650	1260
636	1204
659	1171
660	1480
723	1042
695	1129
692	1234
762	1177
800	1147
808	1286
782	1181
758	1288
807	1262
747	1132
719	1203
724	1313
737	1216
724	1175
709	1345
705	1249
670	1052
730	1250
749	1255
687	1087
723	1375
763	1299
754	1491
677	1277
652	1433
627	1391
633	1293
661	1119
575	1142
581	1284
603	1137
599	1202
617	1144
568	1169
600	1125
612	1201
584	1119
622	1176
578	983
590	989
557	1105
526	1273
617	1185
551	1179
568	1270
558	1392
597	1369
604	1426
573	1382
531	1243
570	1258
637	1179
568	1168
572	1026
579	1297
538	1198
588	1202
656	1202
612	1154
666	1018
522	1162
580	1042
547	1186
606	1349
623	1264
676	1335
572	1272
688	1347
610	1315
636	1119
672	1263
596	1210
591	1258
529	1299
585	1301
602	1322
558	1129
573	1222
602	1171
619	1218
595	1173
553	1253
529	1317
547	1272
592	1281
554	1155
559	1132
575	1162
539	1275
580	1156
535	1124
537	1104
583	1099
606	1071
572	1268
605	1310
521	1312
559	1058
580	1186
540	1210
507	1095
497	1079
634	1263
534	1217
542	1260
540	1327
509	1216
554	1220
577	1114
511	1174
507	965
550	1162
526	1293
546	1410
503	1319
458	1231
559	1272
588	1404
452	1208
542	1238
561	1090
524	1153
616	1209
544	1143
533	1253
571	1320
574	1286
575	1329
501	1297
521	1181
555	1166
482	1186
505	1076
519	1189
563	1265
549	1236
531	1189
523	1312
551	1190
538	1041
522	1081
480	1226
526	1083
547	1095
535	1324
538	1352
562	1138
523	1177
583	1149
619	1205
596	1270
543	1138
564	1201
596	1246
567	1343
585	1156
573	1283
579	1147
628	1114
674	1182
660	1279
701	1261
671	1088
706	1066
707	1122
739	1145
810	996
752	1165
786	1152
833	1182
822	1412
863	1336
838	1453
894	1468
933	1298
924	1337
1054	1219
1092	1374
1094	1514
1090	1461
1265	1242
1375	1424
1388	1323
1292	1353
1397	1262
1450	1057
1317	1147
1461	1137
1376	1379
1326	1376
1468	1450
1587	1368
1568	1417
1606	1324
1654	1290
1708	1320
1812	1517
1652	1304
1776	1341
1794	1359
1686	1337
1725	1376
1713	1248
1614	1336
1527	1383
1464	1485
1377	1381
1374	1564
1428	1580
1357	1511
1445	1476
1305	1198
1324	1291
1400	1338
1445	1375
1554	1222
1546	1175
1518	1079
1497	1053
1551	1206
1554	1319
1513	1274
1521	1081
1410	1173
1515	1209
1479	1353
1408	1280
1314	1358
1166	1185
1078	1078
1169	1099
1165	1262
1003	1136
1067	1215
1025	1390
1119	1419
1084	1279
1148	1263
979	1105
876	1160
805	1109
911	1156
879	1435
783	1240
759	1271
792	1041
856	1232
787	1073
754	1151
775	971
722	951
647	1063
601	1012
624	1216
618	1264
521	1298
615	1215
636	1275
603	1152
582	1049
541	1081
573	1083
517	985
538	1193
543	1349
521	1320
585	1356
585	1469
624	1453
590	1276
596	1266
554	1423
549	1158
540	1071
554	1154
522	1178
560	1139
531	1349
503	1488
569	1314
556	1320
529	1199
507	1159
553	1336
558	1421
542	1433
551	1178
542	1164
557	1010
458	1017
494	1203
527	1295
485	1231
510	1232
539	1208
528	1183
583	1285
569	1176
560	1344
567	1516
624	1286
558	1207
537	1238
540	1389
524	1608
536	1443
489	1415
537	1152
515	1296
576	1446
615	1492
536	1277
537	1427
512	1470
589	1559
575	1218
535	1168
522	1473
569	1463
603	1405
531	1165
581	1216
561	1187
566	1113
519	1212
498	1278
476	1138
466	1075
498	1133
573	1113
513	1136
464	1023
482	1090
460	1298
520	1060
481	1136
415	1071
459	1182
469	1143
483	1202
508	1191
489	1106
523	1045
532	1105
540	1015
497	1037
473	1171
482	1099
514	1050
510	1219
483	1225
507	1149
488	1388
488	1379
489	1345
491	1532
497	1551
479	1284
531	1271
503	1366
534	1338
491	1460
541	1497
481	1388
535	1710
526	1704
496	1436
522	1580
491	1684
543	1851
528	1695
511	1296
481	1340
560	1493
475	1273
447	1116
514	1325
546	1280
574	1272
586	1409
568	1319
531	1299
568	1324
501	1194
603	1384
544	1203
601	1047
575	1407
572	1308
738	1231
791	1198
819	1179
872	1271
968	1149
1178	1391
1534	1303
1696	1286
1682	1254
1913	1338
2404	1294
2786	1182
2988	1322
2885	1254
3045	1262
3597	1485
4383	1507
5174	1609
5520	1625
5323	1594
5219	1498
5479	1624
5790	1672
6382	1755
6028	1779
6237	1696
5889	1599
4980	1475
4456	1551
4612	1476
4383	1419
3589	1499
2929	1514
2534	1462
2633	1346
2321	1462
1999	1376
1570	1317
1355	1203
1210	1202
1148	1411
1118	1301
844	1560
852	1334
811	1408
793	1212
725	1496
638	2105
613	1975
653	2239
717	4165
702	3044
560	2823
570	2746
585	2149
588	2290
616	1761
525	1229
546	1259
442	1139
509	1129
488	1187
429	1155
506	1134
534	1062
467	1183
492	1218
467	1134
518	1115
545	1168
552	1200
559	1223
518	1394
532	1470
467	1177
548	1172
520	1020
528	1288
466	1226
477	1076
421	1362
502	1229
467	1355
508	1451
518	1559
507	1932
486	1870
495	2046
554	3465
580	3807
559	3416
575	3202
522	2755
536	2416
486	2128
480	1645
493	1470
456	1570
478	1408
473	1294
489	1234
501	1309
473	1290
468	1070
445	1030
564	1178
538	1310
496	1300
506	1180
529	1382
545	1115
517	1185
501	1106
543	1075
558	1102
538	1094
567	1058
448	1053
529	1208
535	1222
575	1270
561	1161
563	1179
623	1135
649	1108
663	937
734	1053
627	1208
675	1167
714	1355
642	1186
624	1138
640	1338
601	1488
555	1327
558	1331
546	1454
542	1590
549	1615
570	1299
548	1269
573	1315
598	1218
558	1021
529	1206
483	1175
451	1371
531	1667
543	1995
557	1726
521	1780
519	1911
515	1709
519	1892
535	1717
551	1465
552	1648
525	1511
495	1483
521	1460
511	1578
495	1581
557	1608
526	1562
481	1815
505	1879
520	2033
456	1935
531	1914
570	1921
554	1877
517	1302
471	1138
515	1364
498	1372
523	1313
530	1188
597	1206
590	1259
552	1410
558	1339
537	1403
508	1540
540	1395
569	1170
577	1310
518	1350
574	1471
615	1628
526	1585
613	1777
573	1640
607	1444
610	1374
583	1317
587	1121
600	1311
563	1436
577	1459
665	1298
690	1283
647	1396
608	1385
619	1276
608	1446
658	1463
646	1356
670	1396
655	1523
659	1566
606	1323
548	1155
633	1084
600	1189
597	1271
662	1199
659	1166
683	1226
685	1345
691	1475
683	1582
727	1700
682	1480
747	1386
719	1804
691	2848
809	3789
830	3592
756	2460
782	2639
844	3943
767	3699
821	3102
820	2243
814	2519
867	5216
993	10681
1050	10823
899	6059
1048	6823
968	4168
1009	3150
992	3092
926	1560
970	1429
853	1408
855	1214
917	1252
864	1303
870	1294
909	1305
891	1377
974	1394
921	1143
959	1199
1015	1416
1100	1152
1124	1014
1079	1175
993	1336
986	1255
1164	1445
1233	1313
1205	1411
1194	1359
1160	1365
1318	1275
1840	1384
2114	1366
2078	1301
1811	1271
2047	1372
2619	1375
2955	1327
2903	1331
2765	1371
2752	1405
3312	1317
3565	1318
3900	1268
4140	1429
4511	1611
5312	1428
6013	1611
5953	1612
5911	1605
6091	1910
7081	2214
7462	2470
8037	2524
8245	2561
8087	2658
8434	2840
8298	2802
8271	2893
8117	2964
7640	2656
7022	2334
7008	2319
6801	2696
6586	2534
6230	2429
6428	2538
6788	3324
6435	3814
6597	4214
6632	4186
6407	5151
6048	9248
5188	12180
4810	12236
5230	11550
5156	10861
4615	10138
4155	9749
3745	9251
3675	8136
3467	7534
2939	6177
2139	4391
1508	2601
1504	2905
1550	3373
1468	3099
1172	2334
1010	1809
1084	1739
1051	1754
1069	1595
854	1423
808	1392
747	1400
710	1336
682	1162
631	1133
690	1242
627	1357
723	1325
656	1301
653	1397
555	1489
587	1445
593	1443
595	1532
587	1332
539	1354
552	1232
570	1299
530	1348
527	1315
582	1274
563	1306
481	1275
551	1404
510	1240
592	1474
483	1517
578	1257
577	1502
535	1351
474	1181
530	1230
536	1578
462	1501
533	1257
539	1270
557	1356
558	1348
544	1209
557	1219
599	1286
552	1319
522	1089
525	1134
521	1226
540	1357
528	1466
513	1403
583	1225
537	1209
566	1162
551	1057
551	1094
507	1145
535	1187
438	1261
570	1294
480	1345
509	1404
508	1216
490	1093
562	1248
498	1346
477	1373
489	1684
540	1413
462	1322
547	1255
549	1369
560	1425
504	1195
502	1147
507	1232
575	1197
564	1199
544	1108
491	1155
486	1260
525	1108
486	1266
526	1124
540	1273
553	1346
524	1345
536	1335
511	1311
516	1227
538	1259
522	1319
470	1126
511	1153
468	1217
468	1119
487	996
553	982
421	1158
509	1272
449	1205
506	1369
468	1293
470	1291
483	1216
471	1204
523	1300
505	1118
536	1079
494	1157
468	1095
490	1012
474	1124
462	1148
476	1046
512	1211
545	1285
476	1300
551	1340
517	1209
575	1315
525	1210
549	1279
522	1109
543	1166
514	1157
499	1133
482	1182
486	1177
483	1102
477	1050
500	1052
501	1069
488	1117
501	1236
463	1150
474	1209
446	1032
506	1160
468	1182
531	1282
520	1204
494	1310
432	1237
475	1306
514	1327
487	1198
537	1163
530	1105
451	1109
471	1016
496	1262
564	1173
599	1344
480	1435
568	1490
536	1690
522	1514
544	1425
557	1504
561	1328
544	1273
515	1101
528	1239
505	1178
461	1169
500	1209
520	1256
499	1246
529	1321
537	1384
510	1230
552	1319
532	1287
558	1318
594	1192
558	1038
591	1244
589	1104
619	1005
678	1158
631	1162
573	1109
592	994
557	1103
598	1125
558	1178
599	1142
605	1173
578	1165
607	1120
561	1122
581	1201
738	1068
643	1244
607	1094
669	1226
663	1177
684	1170
685	1321
593	1088
619	1241
606	1179
563	1059
522	982
565	1070
573	1204
528	1184
506	913
485	1134
492	896
518	1084
506	1169
461	1291
518	1126
454	1268
466	1057
467	1123
465	1085
476	1253
466	1271
482	1242
470	1176
457	1125
511	1329
483	1133
442	1254
540	1271
503	1204
509	1108
480	1211
546	1239
480	1218
471	1243
546	1146
466	1174
459	1161
505	1181
439	1168
456	1439
439	1094
439	1016
442	1030
441	1019
505	1177
428	1110
468	1137
472	1344
445	1402
385	1404
487	1343
506	1376
593	1424
488	1636
475	1238
469	1328
448	1408
481	2100
499	1655
504	1381
464	1208
487	984
495	1144
492	1142
450	1149
451	1138
524	1234
485	1249
459	1554
507	1195
484	1271
470	1304
461	1077
497	1338
439	1146
442	1104
469	957
460	1171
488	1106
478	1118
478	1186
478	1063
468	958
440	1086
451	1037
455	1090
497	1023
466	947
462	1008
455	1144
461	1087
468	1251
478	1064
478	1185
473	1217
503	1205
480	1280
494	1132
450	1201
501	1039
488	1138
459	1169
478	1091
459	1192
450	1200
467	1054
454	1204
464	1368
457	1348
516	1317
455	1071
495	982
394	948
370	1016
414	1174
517	1233
500	1175
490	1136
475	1082
461	1270
477	994
536	922
544	961
507	1073
511	1065
478	1051
561	1010
500	1051
500	1189
543	967
431	1044
538	928
521	1020
510	942
546	1000
530	940
530	1045
559	946
605	1058
591	1072
573	1365
606	1292
616	1095
679	1044
645	1151
578	1294
569	1641
612	1291
629	1316
612	1110
614	1063
662	1108
721	1799
778	1898
791	1643
759	1717
769	1515
783	1847
795	1148
767	1119
761	912
797	1009
768	1175
791	1243
835	1283
962	1109
806	1220
815	1213
789	1003
796	994
845	1038
717	1136
680	1094
722	1066
774	1082
775	964
750	1128
809	1190
730	1202
740	1127
672	1087
674	1078
761	1135
683	1048
713	1070
676	1081
724	1149
654	1047
660	1172
583	1170
674	1113
604	988
613	1087
625	1081
592	1277
610	1161
575	990
547	1186
617	1167
552	1196
513	1178
494	1194
516	1183
542	992
587	1227
547	1136
611	1084
566	1323
530	1189
598	1238
501	1256
519	1087
502	1296
513	1313
595	1649
559	1403
574	1620
588	1575
600	1503
549	1316
550	1345
526	1582
526	1554
543	1594
495	1672
526	1819
534	1596
513	1805
562	1755
528	1464
526	1373
501	1390
469	1458
541	1849
535	1750
484	1996
485	2183
525	2160
490	1944
452	1809
458	1562
418	1630
493	1591
441	1684
491	1967
536	2046
546	2019
525	1844
494	1759
470	1523
486	1468
468	1574
435	1666
424	1854
465	1587
482	1481
493	1687
459	1639
486	1732
459	1590
459	1510
473	1734
499	1644
417	1795
486	1693
505	1524
555	1696
509	1831
521	2269
503	2464
485	2407
481	1896
537	1425
490	1637
461	1401
461	1472
444	1406
468	1448
525	1390
487	1469
409	1684
501	1835
455	1942
537	2432
564	3090
524	2538
454	1720
533	1571
493	1536
482	1456
516	1459
475	1247
452	1358
465	1378
463	1344
463	1206
440	955
444	1074
506	1128
486	1076
458	1365
441	1379
510	1220
449	1288
515	1391
504	1091
469	1413
471	1369
562	1598
456	1387
518	1486
495	1385
467	1172
478	1111
522	1199
516	1276
464	1127
462	1201
453	1329
469	1221
420	1191
452	1011
451	1075
546	1255
464	1172
536	1111
503	1169
467	1287
443	1288
462	1291
475	1067
428	1311
497	1293
501	1158
500	1219
497	1251
468	1086
439	1133
459	1153
455	1181
507	1148
510	1826
443	1373
479	1083
486	1210
490	1434
452	1464
457	1308
490	1255
500	1112
526	1131
447	1076
420	1038
523	1123
503	1203
471	1136
478	1295
445	1157
548	1219
491	1158
498	1340
481	1254
511	1252
558	1362
525	1360
518	1435
500	1402
575	1223
574	1309
549	1334
469	1377
510	1126
475	1004
517	1283
520	1139
480	1338
476	1157
483	1340
488	1195
460	1243
476	1493
471	1383
523	1313
502	1385
530	1544
494	1507
503	1593
533	1577
516	1571
518	1245
534	1447
484	1357
476	1522
509	1232
495	1219
536	1234
501	1343
513	1042
563	1174
503	1256
617	1429
575	1423
531	1342
498	1681
550	1972
525	2039
536	1943
583	1879
532	1793
520	2167
573	2470
555	3668
548	3691
583	4710
553	4069
485	2783
464	1522
480	1345
530	1410
506	1712
503	3264
517	3416
539	3074
462	2935
510	2854
543	3851
529	3843
543	3907
491	3905
572	6781
567	8347
551	6798
668	11482
862	15614
891	14252
637	8528
686	6824
709	7254
600	5476
549	6230
544	4179
500	2622
532	1978
458	2288
497	2171
522	1447
455	1520
494	1448
456	1340
447	1144
453	1230
493	1066
491	1074
522	1062
491	1255
410	1196
440	1440
462	1151
444	1225
473	1321
504	1386
457	1297
512	1318
492	1415
542	1493
508	1646
510	2034
525	2443
529	2541
540	2706
536	2193
535	1985
569	2270
533	2176
513	1556
479	1163
412	1359
510	1398
436	1458
437	1466
464	1666
487	1394
468	1516
475	1381
482	1327
471	1386
554	1532
543	1310
537	1322
552	1428
531	1774
488	1407
519	1425
533	1111
470	984
424	907
458	1176
492	1033
495	1154
526	1049
508	1115
572	1093
525	1130
536	1105
499	1071
479	1115
517	1180
514	1157
530	1209
528	1026
501	1065
517	1036
523	1186
517	1038
525	1159
436	1052
404	1103
475	1009
548	966
530	1107
476	1262
474	1101
443	1000
436	1189
419	1060
485	1086
435	1258
543	1209
517	1233
488	1295
486	1220
434	1173
524	1147
473	1173
489	1270
454	1051
428	1079
467	1025
432	1234
486	1185
457	1218
478	936
448	1188
448	1160
479	1175
509	1082
459	1115
482	1106
502	1142
404	1174
500	1262
498	1078
478	1175
510	997
457	1099
516	1045
501	1174
505	1088
502	1324
507	1322
543	1402
530	1217
521	1274
482	1298
479	1425
491	1094
480	1164
446	1303
510	1229
467	1233
444	1385
435	1186
494	1286
476	1240
462	1131
446	1068
537	1275
488	1192
464	1097
505	1224
478	1289
458	1385
512	1402
478	1389
520	1475
506	1112
494	1218
439	1186
450	1052
408	1304
455	1241
508	1427
463	1575
421	1376
422	1218
433	1253
496	1140
474	1255
395	1196
435	1227
468	1137
459	1248
463	1263
452	1212
484	1143
498	1117
518	1090
466	1069
497	1082
482	1078
503	1153
404	982
503	983
437	1080
462	1170
450	1191
447	1107
482	1003
446	1005
496	1004
482	1024
464	1131
546	1216
497	1220
534	1092
481	1194
519	1315
602	1072
538	1180
530	1415
496	1264
489	1237
514	1191
538	1074
541	1087
503	1232
452	1134
494	1182
485	1317
512	1228
486	1329
490	1334
475	1119
523	1289
550	1304
525	1285
566	1267
522	1327
542	1159
618	1172
676	1105
642	1070
652	1118
