179	970
169	965
193	898
167	962
175	901
172	1053
180	1058
188	984
143	884
141	809
162	778
167	930
165	924
192	856
212	828
188	811
207	877
213	917
192	1097
216	860
189	819
198	830
184	801
186	795
175	831
155	771
206	879
177	1070
177	1072
214	1253
158	1415
189	1398
155	1413
171	1183
192	1092
180	805
175	801
207	949
153	930
205	963
162	949
178	928
197	1012
178	1027
157	870
155	844
161	885
185	957
204	809
162	858
171	971
174	1152
190	1021
207	1043
188	934
187	897
178	1137
198	1080
159	1156
186	1212
197	1057
168	849
181	824
170	887
181	828
153	755
171	736
167	809
162	939
201	941
184	819
178	871
173	1022
159	1072
170	952
144	1040
143	920
158	1026
151	1079
135	1122
124	1146
147	945
135	981
167	1042
174	1092
130	1093
207	1134
167	1213
170	1358
144	1402
131	1321
185	1094
201	1079
161	1060
185	1040
160	1116
172	1173
174	1104
171	988
150	1094
160	1181
143	1026
152	1008
135	747
136	809
191	729
202	731
272	843
228	854
253	744
221	1076
216	1099
227	897
187	978
168	912
178	881
204	932
174	849
164	732
160	801
162	797
147	978
163	843
157	929
145	778
159	902
161	753
141	769
132	886
166	798
156	865
151	733
163	857
167	817
187	830
164	1090
156	1059
177	1130
158	1083
157	957
145	972
134	1021
136	992
155	1115
192	958
147	903
153	956
157	924
172	976
162	974
150	766
181	855
180	1054
149	1019
133	1164
141	1033
169	920
165	957
160	971
153	887
208	957
220	1098
163	980
173	956
161	1032
139	939
164	809
218	985
161	996
163	1006
170	983
210	1136
184	1193
193	1076
184	969
206	1049
189	878
186	876
181	740
177	812
202	809
173	947
209	788
206	925
208	867
201	905
208	923
217	737
207	753
222	722
232	891
178	856
186	811
197	873
191	746
202	884
200	839
190	1116
174	933
169	975
184	795
162	928
179	878
187	918
179	901
171	872
177	840
173	758
148	1046
177	939
176	1025
198	893
167	854
180	834
176	901
187	686
200	813
168	779
150	827
185	878
159	923
174	865
188	745
181	659
206	733
192	838
168	810
172	831
182	873
143	1048
187	899
164	933
153	790
159	724
200	776
215	942
200	952
168	804
164	852
168	768
166	718
186	856
185	841
192	828
175	817
157	731
138	683
167	813
168	727
185	764
203	936
172	995
208	890
165	830
167	876
160	788
177	968
155	1022
183	1028
184	841
165	812
165	880
175	785
170	722
164	802
150	945
160	951
140	946
189	1023
181	1026
193	871
206	898
167	830
195	741
182	804
163	766
174	765
170	838
190	849
174	808
159	864
192	723
224	921
258	796
242	984
262	1046
334	866
341	1004
291	812
257	788
325	845
312	824
344	846
286	830
234	673
256	877
304	895
342	816
352	635
355	690
350	650
430	592
424	718
511	790
473	788
590	785
711	906
847	905
875	942
957	815
912	889
1016	857
1230	847
1335	881
1335	989
1226	864
1432	849
1475	714
1488	949
1406	915
1224	795
1277	795
1486	846
1712	923
1577	897
1567	773
1517	873
1715	1021
1733	1103
1893	1068
1902	785
1930	988
2024	1054
2314	1135
2484	1013
2354	960
2480	915
2439	974
2707	862
2840	964
2939	1037
2967	1010
3026	1079
3350	1023
3546	925
3435	1067
3215	959
3116	1069
3147	1095
3276	900
3299	1182
3316	1087
3339	1073
3438	894
3260	996
3136	956
3119	954
3040	927
3208	979
3172	1009
3185	974
3178	932
3265	946
3220	1086
3205	1068
3491	1153
3544	1204
3503	1140
3486	1149
3774	974
4134	1100
3969	1246
3851	1018
3859	1141
4044	1153
4186	1025
4354	1024
4241	967
4185	927
4138	1206
4442	1117
4164	1103
4035	1048
3958	1019
3802	987
3334	1041
3156	1031
3038	1141
3242	1222
3269	1146
3032	1110
2855	1167
2626	1056
2953	1029
2932	1128
2340	1108
1733	1124
1572	1156
1424	1126
1547	1282
1319	1217
1172	965
893	960
1097	1012
1023	1149
825	1107
653	1016
564	1139
579	905
704	1138
678	1200
495	958
473	1015
404	1058
391	979
382	931
305	871
300	912
280	890
290	972
302	929
301	1099
360	1103
367	989
366	912
333	1084
402	1076
388	1165
428	1043
384	1096
366	1254
463	1191
537	1081
579	1295
545	1229
537	968
597	1084
648	1256
691	1035
679	1006
632	873
619	841
595	992
632	1150
596	1172
588	1201
693	1068
694	1323
628	1250
672	999
653	933
737	778
740	984
739	1240
614	1171
739	1163
830	979
857	897
924	1023
838	1082
835	1062
771	990
777	975
698	987
621	992
610	915
712	956
678	925
600	1062
465	941
457	962
536	999
516	987
483	959
414	851
330	819
441	1032
420	767
321	784
308	777
334	915
338	960
309	948
260	924
254	957
213	897
220	962
199	1073
227	842
227	843
203	865
238	828
188	786
196	798
222	771
195	864
208	978
181	892
165	747
211	1086
239	1411
221	1244
204	1053
254	943
215	884
193	1044
213	1036
238	1038
182	1090
215	1020
222	964
189	1177
205	1014
229	993
222	1010
177	931
172	1057
191	1035
209	846
191	854
217	928
192	963
184	970
201	1087
194	905
207	1031
198	1096
189	1071
188	1064
195	954
217	1064
186	1222
163	1030
151	1077
187	1191
184	1041
148	1076
149	902
155	992
185	1002
138	1041
190	1002
200	941
156	1018
126	1271
198	1254
167	1022
176	945
193	1099
166	962
162	958
175	852
198	856
159	928
149	913
162	858
148	888
133	1057
125	993
159	1132
190	1267
189	1088
160	943
168	864
151	824
137	821
155	756
165	664
140	718
184	840
166	824
136	927
160	920
171	840
189	780
179	806
177	859
145	863
140	898
173	925
199	904
163	1001
134	849
146	810
180	804
167	974
196	1205
162	1120
170	1136
179	845
189	885
187	868
177	830
142	950
157	725
157	785
154	877
162	874
182	1108
175	1157
153	892
185	855
144	833
165	929
185	932
172	958
221	867
173	971
176	1015
153	944
189	933
152	965
183	1003
182	1083
162	991
170	844
175	917
155	879
148	986
174	978
187	1094
172	1130
208	875
193	1025
194	897
188	1089
179	837
217	789
181	988
143	946
191	1034
184	1004
204	888
181	1008
167	829
163	897
187	972
204	954
215	900
180	1232
203	1006
195	912
190	826
195	762
197	890
206	786
185	914
195	910
227	1107
205	1050
224	931
241	965
255	915
220	812
237	936
238	878
269	833
279	831
317	803
337	910
325	904
354	954
429	894
462	968
420	830
385	851
404	791
408	850
443	876
511	869
452	1047
523	1186
579	1165
663	888
702	868
627	828
664	948
669	1014
757	974
825	1013
844	942
827	1000
910	900
936	964
1081	850
1163	880
1046	965
1082	1010
1250	949
1481	1034
1438	927
1386	841
1477	818
1625	794
1731	789
1767	878
1554	967
1510	944
1667	888
1834	732
1807	902
1755	1008
1651	913
1755	851
1963	823
2243	920
2407	905
2573	877
2748	895
3329	1062
3719	828
4019	878
3812	953
3901	931
4172	849
4354	812
4378	858
4027	942
4017	1106
4104	1036
4390	1123
4569	1155
4376	943
4251	911
4526	840
5350	912
5862	1003
6025	1092
5927	1137
6632	1108
7527	915
8483	1061
8547	1340
8436	1246
8520	1185
9164	1072
9345	1182
8962	1204
8359	1080
8158	1040
8354	1129
8491	1094
8244	909
7943	933
7881	1048
8211	1013
8650	1102
9387	926
9689	843
10211	918
11179	975
11924	964
11932	1047
12287	1181
11731	1055
11699	1044
11503	967
11222	1000
10976	1158
10472	1172
10268	1193
10128	1154
9959	1342
10051	1248
10362	1160
10437	1185
10649	1208
10803	1304
11118	1159
11162	1108
11295	1133
11205	1375
11113	1397
10966	1328
10462	1249
10171	1289
10097	1333
9585	1131
9011	981
8664	1095
8674	1059
8559	1089
8606	1173
9144	1160
9524	1064
9826	1006
10402	964
10806	1103
11592	1221
12003	1274
12364	1210
12098	1340
12086	1305
11788	1431
11353	1233
10773	1165
10035	1153
9539	1132
9100	1042
8689	1082
8336	1031
8093	1170
8017	1094
8646	1119
9222	988
10063	1020
10455	1012
11336	1227
12444	1216
13265	1377
13557	1558
13685	1353
13479	1357
13284	1588
13156	1456
12897	1174
12389	1363
11623	1278
11035	1095
10432	1041
9834	918
9411	969
9020	926
8667	965
8771	1114
8918	1021
9213	988
10010	1037
10874	1108
11789	1450
12085	1365
12334	1235
12472	1482
12389	1519
12210	1519
12419	1848
11977	1915
11610	1906
11038	2365
10302	2646
9701	3030
8982	2682
8444	2527
8337	2249
8022	2280
7787	2238
7573	1833
8197	2526
8795	3175
8852	3994
8992	4667
9015	4095
9227	3472
9507	1702
9566	1441
9414	1198
9148	1351
8675	1136
8416	1136
8121	1248
7549	1905
6829	2717
6588	2639
6439	2673
6284	2859
6096	2823
6206	3629
6267	4696
6722	4344
6835	3820
7111	3688
6918	3488
6958	4535
6998	5734
7162	7020
7151	8506
6891	8934
6720	6499
6667	5552
6428	3656
6269	2558
6475	2503
6546	2740
6693	3034
6422	3619
6199	3674
6653	2766
7311	1543
7683	1469
7774	1883
7829	1928
7971	2017
8385	1853
8527	1780
8424	1614
8237	1601
8239	1601
8282	1682
8010	1590
7593	1592
7336	1491
6970	1206
6516	1160
5939	1220
5610	1077
5185	1111
5392	1178
5627	1153
5319	1319
5326	1440
5131	1740
4899	1747
4144	1549
3148	1186
2330	1393
2499	1239
2706	1309
1815	1331
1137	1024
947	940
1079	894
1302	979
1337	850
1108	813
965	684
910	747
1055	812
902	799
594	793
440	820
395	778
343	853
283	737
379	764
310	839
277	939
253	954
259	911
262	750
215	793
214	627
235	757
240	750
247	890
293	819
259	913
256	855
241	968
202	916
228	844
215	750
188	917
160	1035
175	1078
170	914
158	884
165	887
173	861
169	801
162	710
198	776
181	907
193	891
190	977
237	847
218	932
199	857
192	781
181	735
215	780
201	764
178	836
189	869
176	961
211	905
182	913
130	860
161	928
149	759
178	884
156	853
176	784
177	936
181	1020
180	794
146	707
181	666
181	827
197	883
161	887
193	754
193	1007
180	934
207	962
212	811
194	881
181	855
162	937
185	881
184	815
155	957
157	790
176	930
210	848
170	920
153	1001
160	1008
197	896
162	880
172	748
189	960
153	792
176	747
138	717
185	777
175	947
145	935
192	1032
154	894
161	1030
157	1261
191	965
185	1132
166	1050
179	980
159	1041
176	1199
178	1268
198	1037
147	993
162	812
193	798
186	795
137	891
175	894
162	855
157	880
191	998
168	1075
144	1101
191	946
187	889
161	875
214	1172
203	915
178	817
223	833
168	860
192	846
197	851
205	820
182	699
160	842
173	898
157	818
184	756
157	739
143	788
144	861
168	873
167	833
141	789
138	914
161	943
158	825
158	812
163	868
161	904
148	867
133	784
141	965
181	818
159	924
196	804
176	825
148	830
175	894
163	959
177	1160
183	985
179	954
176	1013
170	977
167	917
141	823
158	723
136	1017
177	928
185	877
183	1007
174	934
156	1013
180	1002
169	1061
176	843
172	832
195	932
168	849
165	875
155	864
137	859
175	883
157	804
137	824
164	701
156	844
167	990
150	1079
151	921
184	908
180	966
195	1011
173	1004
161	901
169	827
169	775
132	796
145	836
153	881
189	718
187	909
171	968
162	939
142	1061
164	1161
170	906
176	918
176	842
158	909
167	801
163	682
148	911
133	791
176	865
155	775
142	749
152	740
144	710
110	776
166	787
140	951
139	797
117	834
135	941
153	742
189	838
193	844
172	802
158	857
163	728
157	649
196	793
155	815
150	677
189	741
157	827
169	918
171	782
164	723
150	643
129	602
171	782
189	947
142	949
162	917
183	953
180	850
155	851
152	787
147	805
157	850
150	1018
130	775
192	802
189	844
151	865
216	859
157	883
181	1012
162	1080
170	1022
166	983
147	928
156	925
141	945
154	779
126	996
133	988
169	1011
181	1131
139	942
152	860
166	897
168	796
154	741
170	867
178	988
165	857
158	983
174	777
149	800
158	701
154	830
161	795
163	763
160	826
143	827
142	859
131	989
165	868
179	1011
177	848
181	904
172	976
186	1090
204	888
164	928
162	919
162	767
210	712
176	747
163	687
156	921
195	835
176	824
151	815
164	819
177	777
153	863
157	1084
158	954
157	954
193	845
140	768
170	844
145	935
143	877
163	884
140	848
141	905
130	852
151	918
144	927
190	882
138	837
177	745
132	782
163	963
167	981
158	1031
154	723
176	734
147	805
154	1028
154	781
160	727
134	780
130	733
142	917
147	922
137	939
168	1061
147	1014
161	897
173	1178
158	1098
182	1032
147	1028
146	924
160	1039
130	1028
152	1107
137	1234
144	1215
158	1046
178	1000
155	1206
162	1167
155	1184
156	1039
157	958
141	976
132	906
178	860
153	820
151	1041
177	1100
151	1048
139	1123
150	929
137	840
171	686
166	796
173	902
179	976
178	875
151	921
167	974
159	1317
170	1051
169	1017
177	1131
147	841
164	963
169	848
180	937
171	1183
162	1320
157	1280
148	943
131	895
161	980
158	1074
152	975
156	1243
152	1082
155	890
174	1073
161	1031
145	1090
187	840
130	891
165	972
168	851
160	863
112	898
123	907
150	1017
154	951
140	905
145	796
133	873
140	679
170	894
125	934
127	889
139	940
133	917
145	947
164	979
137	675
129	779
152	875
129	824
158	723
136	766
149	759
148	767
155	950
124	883
146	700
133	677
160	760
151	983
180	1063
113	1051
123	937
122	812
172	725
156	767
173	760
168	800
155	967
138	1111
143	966
162	897
153	1041
153	937
177	998
146	983
157	904
142	887
146	801
189	940
156	903
151	1034
156	1110
133	959
134	970
147	1049
161	882
152	764
170	929
158	807
145	950
152	866
130	785
132	865
156	949
181	1099
151	957
157	930
172	1107
168	1132
176	984
160	932
150	818
171	814
142	913
162	948
149	804
174	1004
153	914
131	855
110	796
118	707
145	839
151	699
182	745
173	775
153	839
133	825
120	975
136	905
133	845
137	890
130	860
137	728
151	738
137	831
149	889
151	799
193	988
192	1072
207	801
184	953
167	996
191	958
181	1041
199	940
170	918
194	786
177	662
174	751
160	814
148	854
132	700
126	680
144	784
162	789
148	872
144	872
137	846
145	976
166	1002
154	896
123	822
171	841
183	904
159	880
178	1032
129	1079
152	991
138	1199
132	1114
151	1142
128	996
158	954
154	1047
124	956
154	1024
155	1000
141	1186
140	995
165	1020
141	903
168	867
196	1138
175	919
159	657
145	781
145	791
183	830
183	955
195	1049
193	1014
204	1007
191	904
164	942
138	722
160	738
177	784
193	723
145	776
119	754
134	943
182	1274
152	965
175	808
191	1112
181	1043
184	975
163	1060
129	901
169	990
151	864
135	606
149	658
172	721
203	950
189	969
143	759
152	752
133	838
157	958
149	773
131	865
165	1078
179	1013
139	890
166	1047
139	1030
157	1189
162	1035
145	1024
140	959
149	842
134	869
166	912
152	1070
165	875
158	990
146	1086
155	789
156	790
151	1006
141	989
156	801
148	858
147	1140
143	1252
154	1181
156	977
134	814
148	816
177	878
162	936
161	774
126	798
155	898
154	918
155	1046
147	1006
137	1030
138	1019
157	993
140	1139
168	836
161	842
175	919
152	823
164	1228
135	1042
132	925
145	949
140	867
156	713
144	831
177	699
197	771
183	784
144	890
146	843
154	723
135	810
138	777
127	836
149	1129
159	885
147	959
143	1101
142	987
132	955
161	886
139	992
163	890
166	910
171	805
139	830
142	707
117	840
144	932
131	1036
139	1003
115	1161
136	895
159	797
165	965
169	881
161	822
170	790
154	877
141	911
179	781
127	981
164	931
154	815
146	966
146	802
171	817
145	904
125	883
143	924
141	814
142	832
147	733
140	705
137	806
151	893
176	858
152	787
165	826
167	883
182	918
155	781
145	812
156	708
192	748
175	968
158	802
187	1014
147	888
177	817
191	790
182	688
160	830
169	715
138	694
165	783
166	699
168	716
153	764
144	798
141	779
152	967
196	1000
155	869
173	1050
153	960
122	942
150	903
154	1114
138	1062
180	895
156	852
151	796
128	1004
147	1095
171	898
154	923
172	978
170	921
142	788
145	771
150	735
142	816
169	913
137	792
159	889
151	915
177	988
156	818
142	854
131	817
116	915
139	849
130	774
150	825
137	946
155	813
164	878
157	1015
146	1066
154	1020
154	1049
145	974
143	910
120	1043
152	876
132	908
135	865
173	865
166	820
166	861
147	752
127	655
163	884
142	842
145	822
178	907
144	903
135	892
131	714
138	625
120	819
145	797
143	896
144	824
157	1002
150	839
155	874
177	859
161	949
156	1107
171	967
159	985
173	963
163	1129
139	1137
156	1281
174	1020
205	840
153	912
146	878
168	914
136	1021
165	951
170	1126
188	1232
214	1158
210	1036
193	950
174	911
187	1071
188	1049
195	912
184	966
175	763
156	900
141	861
172	834
201	797
145	949
129	804
133	855
184	699
195	828
175	829
178	865
158	891
175	1002
161	703
148	771
151	715
161	824
150	882
170	981
122	1062
153	924
116	812
174	768
145	887
173	834
146	846
120	899
157	919
174	795
185	855
152	734
175	858
158	868
150	852
157	723
139	744
147	751
131	889
140	902
156	948
149	1002
144	895
156	962
155	924
154	850
147	897
183	724
175	885
159	738
139	798
165	780
171	800
164	648
150	701
141	754
161	754
161	779
165	874
153	760
152	834
135	878
151	972
167	956
151	907
140	884
155	861
187	766
170	619
146	656
151	799
161	642
151	786
188	720
159	746
162	775
141	787
152	1040
163	775
159	880
143	936
155	857
166	855
151	833
151	744
155	778
143	878
122	782
127	930
139	863
127	783
138	739
135	629
129	814
149	758
174	658
147	624
164	673
163	856
192	895
194	989
165	1107
168	819
168	919
137	871
134	1015
151	963
214	972
180	789
150	809
189	914
181	764
179	859
186	869
187	885
170	649
156	816
165	789
162	731
134	900
158	1001
174	929
156	851
116	735
137	652
162	690
112	841
136	800
134	673
149	668
139	725
173	847
150	931
124	805
167	902
155	947
153	654
175	698
146	650
189	709
154	722
151	700
169	744
177	631
171	639
163	654
174	615
179	689
169	898
164	851
163	825
162	866
149	729
150	659
173	763
143	731
155	758
131	775
173	841
139	761
160	685
145	938
165	775
146	876
150	966
179	1086
147	748
160	917
155	937
173	838
155	760
176	738
151	604
142	857
154	883
189	849
170	921
181	822
144	910
127	878
161	753
135	875
150	862
138	843
119	760
141	946
155	985
161	830
132	713
172	945
156	839
150	751
162	1205
174	996
131	793
152	830
123	936
162	897
163	761
159	622
166	915
166	893
177	838
150	709
156	739
141	668
156	807
136	937
152	944
152	873
144	961
152	870
157	881
196	1085
156	890
121	762
141	700
204	640
157	641
160	725
187	752
160	879
160	791
178	896
159	953
152	971
132	823
173	784
143	826
162	768
163	735
145	824
133	890
139	871
164	863
125	804
140	912
134	829
157	948
185	1002
169	891
155	768
170	695
176	727
175	738
152	643
166	778
136	747
136	758
155	821
160	825
182	812
193	709
162	622
156	733
144	813
192	884
159	773
169	883
137	722
154	633
140	636
161	607
158	636
164	588
161	648
141	839
155	889
150	790
140	899
120	884
125	830
124	1043
161	990
181	1009
190	847
175	813
151	812
158	649
154	715
137	677
146	667
131	694
153	627
129	763
147	867
131	805
151	1064
146	1023
179	1101
157	1109
189	1068
198	960
179	1025
151	1009
155	956
142	1064
161	1215
164	888
140	1001
167	1041
189	1198
188	1046
174	1048
178	857
157	824
162	746
148	796
199	1165
169	990
162	841
135	728
131	894
173	874
148	950
132	696
152	740
140	707
130	613
155	877
160	891
141	860
168	835
165	924
139	988
176	991
177	1142
152	1072
166	1127
167	1215
184	1076
143	743
138	895
155	841
159	1158
156	1031
168	983
154	808
163	927
152	948
147	664
141	752
170	704
173	772
161	975
145	612
133	722
130	800
148	862
154	730
169	839
185	916
178	1169
150	1061
181	1020
127	973
150	909
173	761
180	760
181	757
171	982
163	928
158	1033
145	949
160	962
167	856
173	956
186	725
159	733
170	898
179	736
159	822
129	820
151	751
155	829
193	907
159	996
152	1007
160	750
151	916
169	798
163	713
144	754
150	673
155	787
164	883
167	816
173	872
155	914
158	738
167	906
166	961
140	894
161	821
170	763
176	938
141	861
128	875
136	705
155	767
143	773
150	981
145	959
147	812
171	787
152	916
153	749
148	717
165	732
154	708
163	973
133	781
125	795
138	963
157	906
154	1024
167	753
193	790
180	749
139	805
149	827
138	743
138	785
135	745
137	838
187	1001
171	1016
166	872
165	873
192	776
180	846
155	820
164	878
160	811
152	838
173	906
127	876
167	1026
142	847
178	852
134	863
159	875
165	930
139	951
150	827
144	748
166	807
143	819
173	1046
163	896
166	758
194	934
198	1058
137	1165
168	1028
162	950
159	960
170	964
165	848
186	668
112	692
163	767
128	755
157	939
163	966
137	1022
159	946
160	778
132	883
160	813
158	842
133	865
146	769
147	859
139	910
165	936
128	866
145	875
151	1021
153	804
154	807
137	823
153	866
134	740
183	822
145	749
149	818
155	868
152	899
156	867
178	850
178	776
161	847
156	871
164	1017
168	899
177	975
156	974
165	996
160	1018
165	931
195	947
144	976
136	898
166	818
140	790
157	939
149	907
174	842
157	887
164	788
151	847
150	935
174	939
158	927
149	792
161	898
170	981
184	1069
129	1086
148	1173
150	1028
159	946
140	1019
149	1013
154	1096
178	1119
159	951
161	903
173	973
149	864
161	913
179	844
193	841
180	864
174	988
156	964
205	906
198	1095
187	916
198	998
186	986
169	950
165	1146
133	1056
157	866
164	1025
158	1128
161	1116
164	1012
150	1037
142	1003
194	914
155	910
157	826
168	878
148	872
122	858
164	922
166	1078
134	1094
151	1005
136	923
169	955
154	930
186	970
164	984
152	875
159	829
152	695
154	787
188	763
131	816
176	1026
178	948
153	1054
156	874
141	786
141	825
166	853
135	821
151	822
163	672
162	821
134	793
135	647
169	812
180	836
156	879
143	909
166	863
168	992
170	849
202	842
187	934
196	842
143	790
163	959
163	975
152	898
178	773
183	714
167	909
134	979
159	907
136	1025
162	1010
157	1025
138	1106
144	939
129	950
152	1270
170	1338
167	1043
152	963
158	920
129	954
165	991
165	991
171	969
155	794
147	873
189	947
164	902
162	799
169	896
172	817
137	880
154	936
185	947
205	946
160	986
154	879
144	811
169	833
133	919
147	897
149	887
169	967
170	862
150	955
161	1014
184	1193
181	1119
179	1070
141	1023
140	1153
151	977
169	975
177	870
155	986
151	946
137	814
135	919
137	814
150	860
190	919
163	735
142	872
166	1026
191	805
152	744
155	795
144	905
160	820
155	827
136	680
164	862
180	985
171	762
158	740
178	760
172	803
177	765
158	712
132	840
175	844
136	1002
155	886
151	853
174	860
150	718
177	701
128	750
156	784
150	914
185	843
137	834
148	823
154	805
155	696
131	831
153	942
163	805
160	722
176	934
197	897
148	843
149	720
166	662
158	855
190	835
167	786
135	732
161	766
150	872
170	795
172	917
187	926
155	869
172	922
165	893
152	984
146	815
137	730
167	839
153	767
166	744
165	805
134	761
109	749
158	720
144	755
150	729
146	1070
152	898
146	811
136	918
144	711
142	972
175	1043
172	814
180	892
178	982
144	925
141	809
139	753
140	942
161	816
151	1017
140	1023
152	949
139	989
165	1472
178	1682
149	1098
168	980
134	852
118	912
135	859
138	859
135	901
135	1088
133	1206
150	1255
153	944
139	947
150	1354
151	1334
139	1027
129	847
137	849
155	771
140	789
115	636
158	746
147	682
145	587
174	627
155	765
158	1031
209	1041
155	1169
155	928
141	874
135	698
136	712
122	825
153	799
151	910
156	765
144	858
145	871
129	796
120	782
139	766
164	808
148	826
136	763
141	740
144	707
177	738
170	755
193	851
191	996
139	655
151	805
123	995
153	1055
177	928
155	964
149	819
186	854
178	1055
180	1010
145	1004
163	1109
189	1062
151	973
161	778
161	857
181	867
157	951
148	903
142	885
159	882
165	945
199	848
156	1022
150	798
151	681
139	841
164	867
147	774
155	1005
150	1088
153	1001
141	797
127	680
148	905
146	846
120	807
139	704
159	802
124	935
125	768
128	783
117	656
144	746
141	800
147	686
155	763
135	880
182	967
115	837
130	967
124	906
148	939
131	944
147	795
126	813
126	864
134	1029
145	1083
106	868
133	885
175	781
130	840
136	982
149	929
126	768
129	703
155	648
137	801
158	923
127	975
136	870
135	794
118	749
142	778
144	829
156	931
142	855
147	933
180	1023
139	925
136	858
153	952
132	982
153	887
178	755
136	721
134	621
144	905
148	814
155	840
149	716
145	741
161	764
170	887
150	980
154	897
140	945
145	990
157	888
114	955
154	857
151	833
166	1040
135	965
145	904
159	879
134	784
126	769
185	918
177	1013
151	896
132	768
142	932
164	868
162	864
159	781
143	890
146	925
134	792
159	855
172	899
179	964
160	1056
138	1177
181	1027
154	923
180	988
138	986
152	890
147	969
122	889
126	944
164	918
166	875
177	929
142	864
152	866
162	834
148	853
155	838
178	1025
150	1148
163	1533
181	1687
167	1532
160	1649
183	1380
161	1357
140	1321
138	1162
135	1155
180	1213
194	1306
186	1022
181	1040
197	909
182	936
161	1664
145	1722
195	1424
245	2005
230	2476
251	2949
210	2752
175	2445
176	2156
196	2307
214	2397
206	2037
189	2446
186	2127
188	2277
210	1901
149	2254
219	2156
193	2140
231	2934
267	3629
256	3259
276	4139
206	3464
231	3286
186	2026
164	1173
184	1277
160	1258
155	1323
162	1190
159	933
175	909
149	940
188	856
195	853
199	731
192	924
168	910
179	816
183	720
165	714
165	589
165	754
173	666
167	596
102	609
109	701
118	651
116	648
140	780
149	850
164	949
147	977
139	913
180	912
201	995
147	1130
163	1180
125	969
162	888
158	739
181	905
153	813
147	926
172	829
163	765
193	902
192	764
155	749
192	750
178	836
168	865
153	750
145	820
151	905
159	691
143	666
161	749
144	773
154	648
182	756
178	694
160	699
170	674
160	699
165	745
155	679
147	686
156	831
171	686
138	739
122	789
173	714
165	842
160	727
135	909
149	777
151	692
165	865
141	786
150	702
181	655
155	697
181	721
196	669
194	658
180	790
162	662
236	739
295	855
301	749
359	755
347	774
318	683
199	835
199	686
179	914
177	923
155	1021
157	799
171	874
144	951
159	844
130	848
142	958
170	942
165	870
128	833
157	987
170	941
181	896
130	817
133	693
167	789
167	941
123	937
157	1080
167	1358
168	1313
139	1148
152	1002
150	1097
153	1122
140	1184
158	1121
162	1147
123	1085
149	923
184	1171
166	1077
188	874
138	779
116	808
150	852
111	859
152	844
134	965
169	1053
124	886
148	1036
131	1123
152	1182
153	976
168	928
155	900
175	877
146	796
148	879
119	697
166	589
177	737
173	794
168	686
158	929
124	789
180	714
163	864
169	919
182	901
155	906
187	994
163	965
145	770
155	813
147	784
157	730
130	639
126	750
145	838
143	804
146	926
160	783
157	795
171	919
162	853
142	771
156	778
145	730
136	777
167	735
164	804
153	741
180	592
150	573
153	608
158	564
173	619
162	750
153	661
166	833
148	798
113	856
146	790
142	783
135	785
156	728
146	833
165	904
168	993
156	878
185	808
155	813
159	804
160	903
174	1041
159	1060
155	1073
202	872
155	1040
138	730
143	713
159	746
116	677
146	739
151	918
128	925
169	968
142	994
153	780
168	995
150	893
146	930
170	1067
152	985
151	1019
175	847
160	810
131	774
142	884
141	945
132	1059
115	930
138	803
130	953
120	827
167	838
155	873
149	758
119	786
150	694
152	712
147	827
162	710
179	727
151	665
149	762
166	797
147	846
185	869
185	838
157	1029
173	825
133	916
137	1003
125	1055
133	1013
142	846
132	773
151	869
132	996
149	868
156	833
125	846
126	798
107	716
119	691
142	812
141	881
148	860
139	740
140	1027
154	1008
165	993
141	1043
144	1071
136	894
169	799
150	890
131	809
124	872
140	1060
147	1129
158	1091
110	1124
139	910
135	866
152	1085
164	911
136	734
138	807
131	911
165	936
114	712
160	762
146	781
157	735
173	800
177	746
128	709
170	793
161	870
191	839
151	924
138	756
156	783
146	776
165	772
165	854
155	674
134	745
154	748
147	789
137	795
130	734
167	780
164	754
145	924
177	882
196	1032
142	824
137	671
152	761
150	833
144	857
163	866
187	974
141	865
153	1022
178	952
165	886
183	1058
170	1129
124	864
133	1091
143	918
125	975
166	775
142	1005
161	842
175	934
166	1041
159	906
160	956
143	1025
135	1005
157	920
154	762
181	754
159	707
134	732
145	947
140	830
153	863
154	802
162	911
191	1574
196	1787
175	1407
178	1073
189	1413
166	1471
178	1540
143	1052
180	970
175	926
162	906
138	757
175	973
134	984
134	1082
147	900
148	882
149	877
169	727
151	706
198	997
156	943
190	901
186	957
176	962
192	1026
141	983
185	979
173	1023
151	1001
164	904
189	1063
134	1032
149	907
181	947
152	972
157	1139
151	1005
183	1062
166	1151
159	1010
139	1165
173	1199
138	1067
155	892
153	875
179	947
138	875
141	956
135	801
151	907
146	916
141	796
167	881
157	762
175	789
168	921
201	1121
159	886
135	877
158	737
157	783
142	684
177	799
151	732
144	811
182	876
144	973
143	906
118	967
149	891
159	836
158	810
179	875
167	873
171	771
175	666
160	788
150	836
174	878
160	723
160	693
144	817
144	1043
121	937
175	779
148	943
138	1006
134	853
123	855
162	912
158	813
153	978
141	856
163	946
161	1020
168	884
171	805
183	847
162	811
167	881
148	813
154	794
148	730
124	915
149	852
154	839
161	1014
160	1083
170	1105
175	911
143	851
159	925
151	985
164	1081
146	1041
186	903
172	941
141	948
166	1011
166	1035
141	930
169	1212
215	1221
161	1065
146	970
157	1105
160	1054
153	1231
144	1111
141	894
160	830
152	720
154	817
152	852
150	800
136	785
121	741
181	914
162	1203
162	1168
142	1184
167	1229
147	1270
143	907
117	1071
148	1117
145	846
145	1015
143	1149
142	1068
159	1005
163	873
184	855
150	934
139	1050
157	855
149	791
131	734
142	844
173	744
158	808
175	697
133	747
160	733
142	804
163	883
181	922
177	848
167	871
145	889
141	856
148	951
155	841
167	895
139	725
143	738
141	839
121	759
141	678
151	716
164	881
146	831
181	821
152	857
161	834
129	875
130	834
133	830
149	646
146	923
157	869
136	905
142	934
152	796
142	713
153	928
146	768
146	770
160	945
148	845
133	905
150	832
162	901
135	934
145	809
137	849
164	976
175	772
171	662
157	881
132	964
177	1190
194	1137
174	964
168	961
187	792
155	785
157	921
155	1009
139	1013
157	866
145	770
185	900
151	883
138	995
140	998
194	965
190	943
152	925
160	718
191	649
176	735
169	772
167	776
177	955
158	900
191	804
190	814
182	1031
177	669
154	630
181	695
179	643
221	791
178	735
152	885
172	731
182	785
152	759
172	842
170	910
188	916
164	736
162	728
198	915
175	795
196	867
146	765
146	859
171	933
161	854
156	906
178	823
164	748
178	854
178	788
161	821
158	663
163	650
147	733
161	752
159	691
168	646
155	624
136	566
162	612
159	697
174	791
176	773
177	734
178	789
161	789
182	776
181	809
188	894
153	783
161	745
173	709
207	874
206	856
213	761
152	839
206	841
173	905
192	1057
164	1027
144	998
171	693
166	943
176	807
179	807
163	764
172	678
157	770
166	885
188	879
179	956
175	935
154	808
171	898
172	788
170	889
183	888
164	619
190	723
154	773
142	912
201	844
189	784
161	827
231	721
184	700
152	751
206	888
180	808
167	876
155	830
152	800
191	822
168	805
149	763
177	882
160	877
171	945
187	856
177	762
163	978
170	973
164	829
163	980
174	1123
176	1056
166	1128
159	1113
155	901
156	1066
174	876
134	915
175	1021
170	1016
154	981
171	1036
171	1164
148	1090
157	927
182	872
149	785
181	914
196	870
147	759
155	769
159	863
167	975
145	1025
192	952
186	962
157	1164
176	924
162	882
186	762
181	764
184	1005
193	916
159	840
190	881
209	754
173	817
205	858
198	766
168	743
184	1001
206	1195
163	1225
189	1154
193	1098
197	1211
184	1174
215	1327
169	1399
207	1330
177	1417
164	1126
154	1396
162	1323
174	1063
181	1026
179	1050
154	797
189	846
177	698
177	794
171	903
131	901
157	1147
159	1028
194	1171
140	1036
201	1028
138	1047
148	961
143	1277
166	986
209	839
201	806
233	850
181	818
189	845
202	1062
186	987
177	833
210	869
187	773
199	830
178	648
154	792
174	845
183	766
135	747
156	922
187	780
158	745
199	735
175	725
149	799
180	663
172	719
152	720
172	756
142	727
172	935
172	898
160	843
139	892
148	818
175	865
132	805
172	812
172	682
165	717
189	804
164	814
167	1009
163	781
188	829
207	902
183	782
190	793
180	761
167	648
163	814
167	784
181	775
173	808
199	832
167	789
217	888
183	889
165	977
187	1071
185	978
213	903
216	782
194	925
203	1045
201	1076
180	807
159	746
173	779
164	802
204	969
176	946
188	873
171	878
195	859
172	808
153	672
163	658
159	586
162	684
185	910
180	872
175	935
185	833
182	798
198	782
203	697
215	853
151	876
163	843
177	817
173	854
198	643
165	685
143	751
164	908
168	808
155	800
151	790
155	883
161	902
177	859
198	801
201	989
137	791
195	800
140	719
148	717
173	805
201	1003
146	840
162	896
174	849
141	692
175	824
196	874
154	700
191	791
174	1076
147	1000
179	822
161	717
149	948
160	905
165	830
138	802
168	684
178	779
204	887
177	865
186	749
184	740
158	659
160	736
130	752
142	650
156	661
153	754
141	729
157	753
149	701
168	772
127	798
142	817
157	960
141	785
109	911
155	934
137	1021
155	1135
167	1061
148	1001
144	1204
146	917
152	806
171	833
167	888
172	804
180	847
148	766
166	839
159	741
132	779
153	701
143	669
127	739
158	782
150	832
165	763
143	681
165	861
185	750
161	737
164	846
173	784
160	843
144	924
141	782
185	785
174	745
175	768
164	888
153	881
161	943
193	882
143	920
156	778
164	686
118	609
141	642
164	886
187	917
191	864
168	935
186	843
184	690
189	800
163	927
146	957
148	801
160	903
177	979
138	994
142	954
140	816
137	801
182	865
193	872
154	756
134	753
139	799
184	713
191	660
211	737
168	752
240	652
253	660
214	829
210	794
200	801
221	773
198	834
179	811
184	788
191	813
169	878
176	821
172	757
167	876
159	796
153	792
154	829
151	860
136	748
164	882
155	993
181	878
143	796
151	819
166	1104
160	1025
163	1109
174	941
169	883
190	853
183	1043
167	876
165	933
177	1036
126	1013
153	911
161	981
203	961
180	822
215	874
213	903
150	921
206	913
199	915
227	1133
212	935
185	1017
217	1024
212	941
245	923
302	916
217	874
262	835
242	743
209	765
245	825
243	911
190	953
217	813
226	744
246	732
282	865
271	887
250	881
295	868
358	828
321	769
259	861
255	878
294	861
296	885
320	897
311	964
311	907
307	992
234	867
282	897
305	907
280	813
312	961
293	912
281	745
248	863
303	881
276	899
281	916
269	1017
262	1136
272	1000
254	941
243	829
207	862
204	734
193	714
174	787
205	842
164	807
168	768
161	767
187	762
189	863
161	784
181	672
188	680
169	750
199	766
193	850
179	780
156	822
171	768
139	696
110	689
161	701
155	745
121	672
115	754
113	740
156	920
174	800
152	781
122	744
127	926
123	893
146	756
144	822
146	865
146	993
160	970
153	736
147	684
134	792
148	893
167	824
157	941
182	819
171	833
162	715
153	837
194	848
170	915
172	1015
167	771
186	784
148	708
218	812
181	813
186	736
190	897
172	975
142	898
162	793
201	763
173	794
171	704
155	809
193	902
181	827
162	875
170	893
181	860
172	866
159	726
181	729
161	879
181	864
120	940
142	981
154	756
143	779
139	775
146	804
163	837
162	885
119	880
120	848
152	949
131	986
152	1000
177	995
153	851
155	685
189	630
173	699
173	834
144	997
155	945
130	973
130	734
143	824
151	840
150	943
129	966
136	975
142	971
160	855
146	849
150	786
143	906
143	847
145	947
155	770
127	797
146	715
137	1023
162	920
147	978
153	924
124	1030
144	865
137	838
138	879
137	996
147	1194
156	1080
130	1075
138	832
135	934
153	963
133	878
132	1006
158	905
128	728
133	672
152	863
142	867
120	778
137	865
109	874
160	759
138	895
146	876
131	1014
148	975
171	960
139	754
106	880
122	839
132	881
130	884
146	918
127	791
112	726
151	660
177	766
129	811
148	862
154	922
152	824
155	794
152	1005
116	896
150	855
139	871
136	958
141	848
135	949
155	1034
133	943
133	930
145	904
153	969
150	967
157	935
128	827
152	778
147	741
130	696
160	757
170	823
134	917
138	995
149	949
158	1050
150	941
126	941
129	931
161	835
137	773
122	825
133	953
143	966
170	934
118	1007
138	1218
122	1561
153	2031
151	1805
182	1846
168	2719
178	1437
178	848
132	1080
143	1174
158	1112
171	861
168	995
154	1066
148	1109
129	987
155	892
130	917
129	876
151	1048
142	1404
143	2339
138	1300
166	953
142	1310
163	1132
166	1183
157	865
143	885
136	943
118	819
175	1056
188	874
175	801
159	768
159	683
200	847
162	756
144	724
147	678
124	693
143	680
137	754
139	984
163	971
123	879
128	907
119	782
132	760
151	742
136	775
146	899
171	809
173	889
136	915
173	1017
140	803
174	759
142	687
147	669
152	760
158	844
119	724
137	910
152	924
173	879
153	730
166	861
154	719
140	732
151	836
171	1106
141	945
157	775
125	753
165	835
140	787
133	942
145	905
158	904
168	901
175	1011
177	944
166	962
153	1030
154	937
150	757
173	745
129	736
138	855
174	814
127	608
101	674
131	786
139	935
156	900
160	997
131	1018
143	852
142	806
129	955
153	1002
134	1099
151	1009
129	910
110	759
163	961
152	897
137	876
130	625
159	704
118	820
152	893
160	795
140	787
125	730
162	751
143	760
211	781
168	964
130	871
136	883
183	800
168	804
144	813
139	858
147	959
141	758
140	765
120	762
151	660
150	701
164	662
156	793
170	722
144	830
133	657
162	845
164	887
155	821
156	853
193	902
146	1025
145	943
150	891
136	928
126	869
135	848
148	917
178	968
163	1018
146	918
149	1149
152	1007
159	995
146	707
135	674
154	589
129	855
162	685
150	788
133	805
123	766
157	1054
160	954
142	1254
169	1155
144	888
154	832
118	704
146	798
120	764
134	734
118	925
103	838
123	921
133	889
124	942
158	738
166	872
131	669
181	901
171	661
145	759
130	963
149	839
150	905
134	868
147	823
144	763
124	926
146	1052
118	865
140	914
159	1069
167	909
167	956
111	1065
131	1105
128	1083
146	797
112	745
151	775
142	864
135	1005
158	1000
156	1136
141	964
143	768
145	837
110	918
114	993
115	1063
131	1007
162	941
134	840
158	986
126	1020
139	889
133	958
143	1038
142	1159
139	1012
169	1027
183	1027
176	1160
189	1006
175	1071
178	1200
185	1117
165	1117
160	1017
131	1023
123	826
138	769
161	742
135	776
158	995
189	963
163	786
195	911
144	865
153	949
148	976
144	918
149	992
133	984
152	871
152	756
132	898
162	873
174	992
157	968
152	872
166	956
147	914
165	836
167	899
172	913
158	1013
148	997
191	963
202	838
162	797
190	812
155	749
151	816
143	817
143	725
183	665
171	881
149	695
165	667
143	849
134	901
175	854
183	926
152	982
160	1079
176	933
135	955
150	886
174	1041
171	1074
150	801
141	978
149	984
152	813
149	866
170	1051
174	1128
149	864
160	995
144	1123
169	1044
136	991
148	885
139	927
145	969
136	974
139	1044
130	933
158	989
130	987
162	972
124	1220
159	1178
153	1058
123	832
124	1282
134	1267
139	1110
153	1232
159	1133
167	1084
155	913
157	766
178	859
141	744
146	768
126	810
139	801
159	895
160	968
119	863
134	738
124	696
140	758
124	727
152	884
164	871
162	1071
161	996
153	871
185	805
173	839
179	876
132	938
153	885
179	749
182	900
192	1000
156	995
147	815
147	795
182	857
157	946
169	931
178	906
158	822
147	859
124	839
123	889
124	934
146	1110
159	1108
159	891
164	747
138	822
120	862
115	860
115	840
134	1006
131	1005
121	829
105	863
128	769
102	880
131	826
138	791
145	672
112	644
147	668
142	762
120	751
151	819
143	838
162	774
133	827
145	783
127	760
167	940
137	719
157	699
146	680
152	637
162	587
155	669
158	656
179	714
147	865
156	853
179	958
137	897
139	803
144	828
123	854
131	853
148	797
142	888
132	810
132	795
130	723
138	941
134	816
143	717
124	946
145	1035
169	953
159	946
151	843
142	815
135	861
153	804
150	758
175	815
164	722
120	779
136	859
152	875
167	784
130	780
159	862
207	992
164	898
173	959
154	905
138	900
124	807
146	732
182	804
150	912
167	815
152	788
124	856
154	808
131	823
152	985
159	1045
138	993
135	946
115	921
159	846
136	1072
177	1009
160	1128
118	1048
150	1033
150	1033
146	967
158	1136
156	1258
153	1205
135	1101
179	945
187	1037
201	1094
164	1013
155	1041
157	1048
170	1108
166	869
171	943
172	947
172	848
192	937
167	1001
145	885
158	963
157	886
162	787
217	915
163	887
174	1068
198	1100
153	987
139	800
116	902
145	758
146	831
153	850
167	993
171	961
173	810
141	883
161	829
166	857
160	980
155	1082
170	1092
183	1062
164	828
201	865
170	909
153	908
174	909
162	859
187	864
169	780
182	776
165	846
176	956
160	849
170	906
175	1082
142	850
190	989
147	1052
158	956
173	1045
185	824
162	735
146	828
170	996
170	1122
149	1078
149	1062
169	1133
165	1008
200	870
192	881
178	814
182	993
201	979
189	887
153	893
174	809
167	1015
179	945
193	911
154	829
193	932
173	864
158	895
142	775
170	883
183	996
176	910
153	946
150	840
143	867
170	757
170	841
146	888
159	875
171	798
202	815
148	762
172	799
169	906
167	874
192	957
175	791
200	772
208	806
219	886
177	802
170	826
143	822
152	910
190	964
198	927
186	819
214	883
203	932
184	943
202	743
194	662
184	857
199	916
211	939
179	873
189	805
176	689
201	780
199	785
180	900
249	922
187	977
210	748
185	853
184	872
220	940
243	874
227	981
232	1125
235	1305
337	3411
394	4772
286	2385
266	1819
240	1621
246	2040
263	2264
287	2039
244	1259
198	931
219	988
234	794
236	910
247	941
229	976
222	882
241	873
222	991
216	1081
243	954
222	953
217	975
232	1104
209	914
204	938
252	1095
217	988
232	1099
225	967
223	936
273	829
236	855
243	876
230	996
210	739
234	795
239	738
258	782
224	792
199	792
235	719
208	770
221	810
237	669
201	659
197	671
236	760
217	964
230	1066
261	1094
252	975
249	975
242	886
254	927
268	895
283	813
256	940
271	1011
264	988
252	1050
232	1392
232	1023
226	1220
219	1001
260	971
253	1208
223	1115
263	1020
244	808
217	906
256	988
204	972
234	822
226	788
291	943
243	992
234	983
244	816
217	820
223	877
203	843
202	837
234	964
194	942
211	897
226	992
216	945
182	1003
256	896
218	953
198	1010
177	991
208	1044
209	1131
222	1159
202	1165
192	1200
231	1313
216	1202
234	1163
255	1203
219	991
219	1081
212	1052
233	1017
233	924
206	854
204	846
202	976
211	1140
196	966
219	863
182	989
246	993
229	1020
269	1201
209	909
232	890
192	1001
184	997
202	1178
183	1122
180	1065
214	847
198	982
171	924
246	878
198	888
199	857
193	903
206	843
243	859
221	916
194	1044
183	908
161	822
178	760
198	801
153	767
162	819
174	829
174	935
184	719
182	654
178	640
214	752
216	871
215	796
204	847
220	907
224	1107
223	1054
227	846
187	910
206	922
230	956
201	838
198	734
197	735
224	825
190	880
148	642
196	731
193	830
203	1003
194	881
192	926
185	923
213	1025
201	897
191	937
201	833
200	901
205	956
220	956
202	1067
212	895
191	928
169	838
182	882
182	903
175	948
164	858
187	858
180	948
185	1180
189	1037
219	1008
183	1063
177	882
209	1095
165	1057
178	948
204	964
174	1020
172	785
165	874
167	751
190	759
207	877
186	894
197	1074
165	1059
186	1045
165	914
168	907
179	828
195	986
223	1374
225	1814
211	1619
219	1790
231	1604
194	1408
170	1115
229	1205
180	1296
201	1258
185	1161
165	1120
141	894
179	834
164	993
187	1155
202	1232
168	1070
161	1165
175	1023
188	1072
164	983
134	953
147	878
168	837
144	864
208	859
171	987
163	909
137	1023
176	890
170	1050
131	1008
164	1007
127	1105
150	830
141	743
145	756
156	767
165	806
187	870
180	913
139	908
171	869
140	721
155	691
155	699
132	786
141	879
159	865
176	911
156	854
186	933
190	872
190	850
152	936
142	991
171	943
162	992
142	923
197	834
167	828
180	973
163	783
182	968
163	945
173	714
148	939
166	863
159	993
165	949
155	862
160	1003
125	1066
159	942
115	933
178	1027
177	888
176	957
178	1031
149	902
140	835
174	844
147	929
147	921
182	888
160	1005
163	1053
154	1065
160	1131
183	955
151	975
135	1062
190	855
166	964
160	1073
170	793
193	840
174	904
181	1177
205	892
174	1460
157	1214
213	1229
210	1305
170	2771
264	6468
225	3513
199	3737
250	7828
233	4965
202	2056
200	1494
178	1729
179	1563
199	1432
185	1371
156	1080
144	1035
153	907
126	845
172	905
156	907
157	1033
160	1024
139	1133
159	1214
165	1219
164	1043
161	1016
156	953
163	898
122	869
141	1100
125	982
168	904
129	888
161	843
169	796
135	849
150	887
156	912
141	863
128	837
129	915
163	1983
167	1686
160	1370
145	1599
170	1294
151	1225
166	902
159	1120
141	1179
161	1994
173	1344
162	1224
166	1157
144	1101
160	1170
165	1454
179	1417
201	1137
148	1093
151	1003
151	851
137	871
185	761
168	788
184	841
178	822
183	730
156	843
167	851
138	778
172	787
158	1088
169	1082
161	1122
156	1042
156	965
135	1026
129	942
125	890
160	898
164	914
178	941
156	979
144	909
122	882
167	923
129	878
157	1052
145	987
172	1293
184	1556
166	1108
157	1015
149	937
144	912
151	875
150	931
176	914
150	908
150	868
181	888
152	925
164	868
170	1060
171	1001
149	988
170	967
161	955
168	1174
156	944
155	1080
165	1014
159	1159
178	1241
190	972
149	847
143	840
136	1111
143	1247
152	924
132	903
175	928
163	914
164	1012
156	962
150	777
150	819
153	1014
122	992
150	846
157	732
171	661
143	883
140	1034
144	1023
154	1021
162	753
134	925
133	895
134	872
118	796
123	984
127	961
125	915
144	768
147	817
145	884
138	857
114	808
162	807
138	696
138	919
152	861
144	980
164	935
163	907
138	923
196	904
165	892
145	857
141	866
139	960
124	912
147	1075
133	1032
132	825
139	844
156	899
161	1028
141	765
140	732
158	700
162	800
153	824
160	805
150	729
168	680
140	868
176	983
141	1088
144	1200
165	822
155	1000
156	1180
157	1021
183	939
173	1028
189	1129
177	1145
196	1063
181	1045
204	991
188	1104
158	864
190	964
155	854
160	999
141	921
159	675
105	793
149	892
167	1023
136	930
158	849
167	737
147	703
141	843
149	934
161	957
158	937
134	1028
156	1009
123	965
163	960
169	937
151	867
144	784
129	875
152	740
147	878
172	883
122	863
116	951
146	945
128	790
132	854
132	846
137	1123
157	1143
136	1115
152	784
159	852
137	813
135	801
165	870
162	835
146	872
158	897
153	1001
139	871
138	853
138	986
154	886
144	1014
124	934
127	1016
160	1030
134	795
142	707
133	861
156	989
152	990
153	826
159	928
167	1006
165	994
129	919
145	887
155	827
183	981
137	953
168	1158
172	1233
138	1123
145	1060
121	1095
153	1072
155	1193
189	1024
170	1125
165	979
136	901
157	901
139	819
131	950
126	830
143	1025
126	933
131	758
138	844
136	810
145	887
162	902
161	818
176	717
153	744
157	776
140	735
140	752
160	831
148	816
147	857
138	860
147	934
174	851
163	929
174	909
135	951
149	866
119	878
160	1273
136	790
135	831
147	873
175	1112
183	1090
158	979
160	890
155	928
157	822
172	929
176	817
172	901
151	946
136	866
127	764
147	1021
147	957
178	822
172	774
124	892
156	818
144	826
153	881
122	947
150	858
142	1006
136	897
143	996
148	884
156	981
150	864
126	791
139	672
154	895
165	978
113	736
144	870
158	950
166	877
131	828
125	698
125	859
121	914
160	880
153	1041
145	1014
167	915
175	898
152	925
154	855
163	862
120	868
161	804
161	773
141	809
139	867
177	972
152	839
147	758
139	763
112	839
140	858
140	970
153	909
137	810
150	891
158	775
163	947
138	827
133	919
142	927
147	830
147	938
163	1050
148	971
146	1168
149	1191
142	1007
166	883
190	947
151	1067
151	862
145	842
199	857
158	758
185	838
194	805
169	809
165	904
178	894
175	865
145	1039
162	931
148	907
171	949
161	844
150	812
146	848
120	848
163	765
171	993
127	983
136	970
137	971
149	1069
144	827
135	791
159	810
123	724
141	828
128	817
130	816
159	978
134	1009
156	955
154	725
151	930
145	815
135	731
123	930
148	1113
150	967
108	793
140	857
138	748
160	758
155	830
162	861
127	928
149	859
141	842
166	938
194	742
140	796
177	871
153	796
158	956
119	863
131	961
127	877
128	981
135	859
151	787
119	652
113	709
154	756
142	878
145	834
146	898
152	932
152	787
146	808
165	999
163	936
122	863
154	901
146	819
137	769
136	708
115	846
143	769
127	707
144	787
125	802
160	790
161	758
153	745
136	676
139	767
131	790
126	708
115	658
116	752
114	772
150	881
155	764
139	898
117	806
145	735
136	725
130	760
127	654
141	902
171	869
153	1097
130	1037
182	1122
129	974
189	1167
177	1292
156	1019
143	859
134	892
152	935
142	894
133	969
140	1003
155	952
157	911
188	913
184	851
141	1019
157	1091
134	782
160	922
144	946
133	1022
143	1131
156	957
162	826
145	858
151	1017
131	1005
153	962
126	1012
142	994
154	895
159	901
124	906
176	1067
133	1041
142	875
108	869
136	928
170	947
143	946
166	863
190	774
136	864
179	813
181	992
156	713
146	874
145	746
131	853
136	883
147	922
167	1057
157	1049
148	878
143	955
176	805
175	750
156	813
141	842
165	834
143	846
147	916
151	889
153	1067
174	884
200	1131
177	979
197	1076
147	933
122	881
134	1043
129	909
144	984
161	1063
136	945
142	970
147	878
157	1063
148	1119
117	1167
126	1163
164	1053
134	1295
111	1134
163	879
132	904
134	1098
129	1203
154	1061
168	1029
154	835
145	792
149	720
179	903
195	817
146	846
134	944
141	964
157	865
153	1121
158	806
171	841
165	841
153	890
137	928
162	886
129	902
157	915
154	842
159	699
157	725
147	863
121	611
130	813
152	833
119	697
147	865
171	793
157	907
166	782
139	711
143	776
143	752
144	939
146	839
114	913
97	714
149	741
147	777
153	914
140	960
179	819
124	843
139	827
155	731
146	864
127	841
167	941
174	988
173	910
153	951
164	842
141	743
129	773
120	878
153	852
192	837
187	821
168	783
140	1038
179	909
175	1071
177	881
179	761
169	838
136	922
149	928
139	874
169	909
162	882
133	809
135	876
138	919
165	1039
186	1067
158	747
135	783
149	849
164	1019
150	910
164	854
136	852
159	719
134	916
145	1065
135	739
123	701
163	928
162	681
135	819
179	977
175	994
127	911
145	754
146	773
158	910
148	989
172	822
132	846
131	765
151	961
118	1016
160	985
153	877
143	716
131	768
164	929
138	896
149	921
171	867
182	779
187	850
158	805
138	767
164	808
128	1016
135	1120
148	1226
128	1007
136	865
115	917
155	960
162	859
125	722
155	800
134	841
142	907
134	891
129	793
143	789
129	899
145	828
141	970
126	811
132	862
122	850
142	908
170	1025
188	913
212	797
164	751
174	749
156	900
180	860
158	829
159	1093
160	1266
175	1068
170	697
169	874
154	1207
179	938
159	824
161	791
131	765
169	1022
159	1060
165	1020
140	828
142	905
147	1087
165	1148
174	1180
150	992
139	1019
124	1129
150	1171
150	1150
148	1173
146	1112
142	1325
158	1221
176	1178
163	1185
166	1175
140	1156
139	1119
158	1246
158	1268
140	988
148	831
169	871
144	1027
177	801
166	792
208	1135
163	1129
210	952
159	1048
162	1063
175	1138
131	905
179	937
181	897
161	1069
126	980
137	754
136	856
150	902
169	922
138	891
166	933
143	992
137	943
128	992
150	1095
178	2887
240	6418
263	9437
296	8853
179	4114
275	5292
226	3164
214	2142
194	1339
161	1097
145	1066
130	953
143	1063
147	1058
162	938
149	1301
169	1286
157	1109
138	1021
133	914
153	886
157	980
158	981
183	1003
162	946
145	997
187	1016
163	938
164	995
155	998
136	858
147	741
135	799
137	669
139	718
207	867
120	1140
136	940
141	773
134	818
105	885
133	967
164	868
127	866
151	863
141	810
146	844
164	952
136	1091
128	809
145	807
150	818
146	788
122	592
147	676
144	611
142	721
138	754
118	855
135	697
135	725
142	781
149	810
152	886
147	874
127	985
157	997
172	1066
159	873
133	864
154	960
149	995
165	992
135	879
142	1009
133	732
139	676
145	898
178	877
136	863
143	977
134	843
118	812
118	829
146	902
134	861
150	914
185	1067
127	886
144	1011
160	1014
139	918
139	959
103	912
143	964
148	1037
146	1025
125	915
158	1025
152	1113
141	1188
139	1008
140	1049
128	962
142	1125
167	1492
146	1268
129	911
172	916
155	1645
197	3355
194	3757
183	3188
214	3720
215	4473
205	5384
272	5683
247	5646
199	3669
154	2877
165	2903
160	3248
204	4475
173	5209
159	3752
216	5962
270	7566
275	7059
200	4375
140	2825
142	2453
151	3090
142	2036
122	1629
151	1226
135	1150
112	830
115	955
127	980
118	1058
149	1162
152	1480
146	1168
124	1126
137	1110
146	1186
158	1296
171	1223
150	1068
125	1110
177	1091
168	884
169	1020
147	1207
113	1228
151	975
159	933
138	1015
129	870
177	1006
176	935
164	1058
162	922
136	1192
152	1289
148	1608
166	1858
141	1658
145	1323
121	1231
115	1119
144	1083
133	1010
149	1122
132	1226
201	1244
139	1069
136	823
130	828
147	1020
133	940
147	858
128	862
151	935
154	946
171	846
160	817
151	795
175	821
157	760
155	715
135	857
163	877
161	853
173	853
187	830
143	835
168	758
162	836
168	785
142	796
148	875
149	915
144	1010
120	944
109	865
116	893
153	780
141	757
141	760
134	801
172	936
144	831
143	865
148	818
153	1041
150	924
123	907
158	833
135	853
141	837
139	914
157	845
151	783
156	832
114	766
118	734
135	805
146	956
126	1012
171	1039
135	962
176	966
163	905
155	900
139	830
142	882
136	1055
159	933
191	871
174	861
140	1051
192	1009
168	896
164	903
156	656
163	779
160	849
157	944
158	1076
152	941
156	957
143	842
173	950
184	957
169	940
132	896
137	861
161	857
131	918
130	1030
181	1143
171	1055
143	1196
154	960
165	921
140	954
127	816
138	856
154	858
165	873
165	801
167	616
159	579
176	603
150	673
160	735
160	861
149	664
145	844
170	828
151	920
131	955
140	993
138	1150
130	1194
152	1123
137	1245
134	1359
164	1305
170	1055
146	1012
180	1141
158	1302
165	1124
169	973
172	1064
180	1030
150	920
147	1075
162	909
115	924
141	846
130	1049
145	846
150	1039
144	979
142	860
139	1007
163	897
153	798
139	833
130	887
126	1109
154	1004
159	977
156	1026
142	897
149	851
153	759
169	938
152	1047
118	1000
161	1091
123	890
129	733
116	942
139	943
130	898
174	816
142	932
157	972
140	1043
159	979
135	1023
136	1001
138	920
152	848
166	759
174	806
149	865
165	727
132	873
139	771
127	836
167	937
124	871
144	911
144	754
169	829
148	799
180	886
173	801
176	762
177	739
218	858
158	868
160	903
154	967
161	888
133	950
154	969
133	1089
126	876
159	651
158	757
153	807
145	785
168	772
164	739
146	808
127	801
144	975
135	929
123	1038
139	1089
152	1111
119	920
132	1020
127	916
120	823
148	671
144	871
141	854
151	741
128	765
144	832
134	701
156	906
141	865
179	750
133	727
148	811
137	790
152	949
123	950
169	891
202	1107
179	879
149	947
156	1107
169	1043
163	1137
139	980
146	1123
166	1204
128	1098
139	1026
136	868
183	1018
158	1019
179	876
163	944
164	870
154	902
132	850
146	914
152	813
155	1007
123	958
146	961
150	918
103	878
116	902
159	1095
144	965
145	902
165	1059
153	959
138	862
138	916
137	873
137	1136
128	1234
123	1394
141	1184
150	1062
144	915
118	1123
112	987
159	915
181	933
141	1011
173	988
163	1000
179	972
176	962
153	1117
173	1096
169	1098
156	1093
118	1003
130	1030
149	894
135	984
134	924
171	976
154	978
162	1013
130	993
161	1095
151	1134
128	910
165	1018
164	1037
154	910
156	901
146	993
149	921
157	1010
185	961
164	1054
147	1003
197	1031
168	981
187	839
129	720
181	778
158	824
155	831
159	799
119	1006
156	1033
135	897
161	1073
170	896
132	807
140	818
156	837
138	894
131	918
126	1027
170	1035
141	1050
153	1056
147	1007
137	1218
123	1126
140	994
155	1001
160	921
141	912
144	973
146	1016
133	990
167	960
127	981
172	1021
161	1065
167	980
189	968
140	956
152	906
165	939
168	1026
138	895
159	1042
144	997
149	773
169	786
197	957
168	1116
148	1048
146	1002
174	979
129	1067
145	1025
135	916
120	971
171	887
191	947
171	944
135	997
154	1052
148	1314
147	874
163	932
171	1039
173	854
159	841
127	812
157	1122
169	949
173	1088
169	884
172	879
156	948
170	944
164	634
185	846
184	799
156	918
147	850
152	792
139	867
178	793
129	850
140	907
179	860
131	815
159	808
136	902
143	928
121	1042
146	1190
150	1212
180	1160
204	971
190	1080
159	970
187	916
248	905
233	1009
250	954
240	1147
235	995
252	949
207	1152
212	1089
197	990
222	953
212	960
198	1099
200	1001
176	947
191	919
166	804
179	845
168	742
174	936
144	996
146	1046
151	982
150	1193
155	1184
168	1281
149	1142
162	914
146	902
168	939
168	937
157	1041
138	1035
144	1261
148	1146
127	973
108	925
142	1087
123	894
139	962
122	1016
132	1014
141	1023
107	893
104	867
128	798
139	779
112	876
115	770
167	798
131	902
139	851
147	1029
143	838
151	799
147	714
128	627
149	646
148	890
137	803
127	715
139	851
142	806
170	859
153	799
128	817
120	965
136	844
165	968
137	1041
141	1033
174	733
164	753
170	928
140	841
150	679
171	719
178	791
189	937
177	861
153	969
163	1026
127	828
131	661
194	712
143	639
147	797
152	931
132	801
146	874
174	667
169	754
170	760
164	781
135	750
144	779
131	851
127	830
155	701
156	751
142	952
149	898
181	1050
129	820
136	891
136	745
126	916
132	748
150	634
139	600
170	657
167	913
168	903
129	837
130	900
103	686
141	827
153	772
143	729
139	749
160	729
157	915
182	713
154	808
171	800
150	833
151	964
137	900
158	713
155	840
148	769
169	786
120	804
132	715
143	853
163	836
171	752
137	782
167	766
154	850
159	911
182	1066
142	759
143	778
160	679
153	774
160	901
171	1041
164	815
158	748
134	803
124	930
143	836
142	1024
143	844
118	790
114	831
146	817
133	850
130	819
107	919
146	901
156	949
133	953
138	1041
133	1127
130	1158
143	1078
139	1091
151	901
144	762
129	817
132	702
138	729
143	635
150	914
131	738
155	827
156	997
151	741
148	916
157	887
155	898
126	1009
142	891
157	908
162	863
162	840
180	925
142	853
131	926
130	983
135	949
161	801
130	872
158	876
143	821
131	748
138	729
148	936
143	1030
147	890
140	1049
134	971
144	901
130	810
157	1012
180	1058
131	957
152	1015
141	1114
124	804
146	925
125	882
156	928
140	991
160	957
123	919
127	833
148	862
146	878
172	798
186	917
165	894
138	824
167	795
173	866
128	711
146	687
127	794
169	694
165	715
145	812
136	745
165	828
133	823
133	877
148	641
152	732
163	793
148	713
137	818
109	973
161	788
140	1000
155	1005
140	926
126	900
136	972
128	899
179	839
162	793
138	937
136	796
145	821
122	916
136	740
165	721
144	759
144	879
139	908
131	927
153	963
166	921
167	894
155	1032
135	1031
165	979
154	1016
147	918
178	715
177	871
163	1018
149	1030
177	894
172	1002
159	956
170	919
152	870
145	778
148	699
163	712
155	828
140	1070
140	821
146	1173
167	877
173	1046
186	1168
194	1170
161	986
158	1193
154	1284
155	1105
158	913
213	1083
166	1195
162	1212
167	1234
155	1199
155	1086
181	1124
149	1175
176	1197
140	1025
183	1048
158	1055
145	1113
163	1038
154	1361
194	1140
150	1037
163	1090
149	1024
153	1118
125	952
164	981
140	1220
157	978
171	965
179	819
153	815
178	716
135	768
145	795
190	931
166	938
165	994
138	832
152	972
142	995
142	951
141	936
181	886
145	911
156	968
175	893
182	928
166	780
192	851
167	1135
192	962
167	951
145	1068
192	1050
159	1002
166	842
167	990
139	1087
150	906
172	1138
214	2159
187	1997
205	2387
228	1773
193	1681
226	1900
213	1651
195	1415
198	977
162	796
161	782
153	877
176	993
130	827
170	914
171	1037
163	1264
152	1016
196	949
163	1110
165	1048
150	831
155	766
140	842
182	818
120	725
154	948
159	978
149	815
159	1007
141	1038
148	886
159	922
144	764
147	802
147	732
145	755
180	890
176	990
174	983
157	1049
150	937
189	900
160	915
148	902
164	804
176	1071
141	927
179	949
189	1088
155	992
164	939
171	1100
142	963
176	876
145	1007
164	972
137	1010
174	938
159	1060
152	909
189	929
176	691
165	665
154	756
141	861
162	802
165	966
172	1008
165	1130
155	875
144	986
159	993
147	890
171	822
155	870
128	944
143	814
154	848
135	742
127	763
131	764
144	924
167	977
161	915
159	842
139	769
176	680
151	766
157	944
165	997
173	1114
131	920
124	833
147	808
161	827
147	1171
142	1123
137	890
143	951
164	981
144	935
138	991
137	965
146	1062
161	1011
143	989
150	961
156	885
164	877
166	877
166	952
139	1085
151	1012
162	1109
169	1506
144	1149
157	1129
141	1075
124	914
144	1329
131	1187
157	1106
166	881
126	941
161	907
154	1043
148	1084
138	1089
176	970
165	883
147	1046
212	1316
189	1291
189	1037
184	1229
173	1124
161	1440
151	1522
156	1564
169	1191
186	1361
178	1129
200	939
164	936
139	869
138	938
131	865
134	1220
133	1257
145	1022
125	1119
163	1609
178	1357
165	1068
172	1512
173	1515
156	1767
181	1399
134	1388
153	1111
175	1043
150	975
167	1148
140	1140
168	1074
153	1064
160	916
156	851
167	890
166	1244
184	1038
154	805
174	781
143	860
139	814
141	861
145	974
133	936
135	777
158	847
155	939
147	820
163	1024
138	784
171	953
174	873
153	740
152	852
174	962
142	792
180	950
155	689
155	754
149	740
151	956
156	1017
122	878
106	779
127	901
137	976
124	928
114	814
129	756
144	930
156	643
145	760
155	777
120	803
144	818
163	767
145	883
171	1210
137	968
167	1133
173	1049
177	1353
149	1210
168	1257
168	1085
172	994
153	933
177	822
148	958
162	1009
168	999
161	892
155	855
145	899
159	878
142	959
172	734
126	828
152	756
124	657
134	789
147	846
132	874
167	854
171	794
170	1047
157	889
140	717
147	729
133	738
154	910
137	946
131	831
135	761
131	778
182	1144
154	1030
161	954
157	984
161	859
130	1013
132	903
168	895
167	782
164	926
149	894
153	880
120	775
162	889
142	863
136	883
150	949
136	822
150	764
132	837
151	893
133	822
163	791
127	954
131	875
163	970
163	992
115	1107
127	997
156	957
139	871
148	871
159	855
134	758
158	845
123	842
181	980
188	752
152	658
160	626
133	574
158	654
179	770
194	747
162	844
149	847
162	968
187	986
184	950
174	880
167	773
168	831
228	1014
218	836
220	865
222	774
304	840
311	774
309	1009
294	926
337	875
307	758
315	763
304	757
284	866
291	973
246	880
265	936
277	1144
217	1028
220	1074
244	998
226	989
226	852
197	885
265	1074
266	1086
288	1006
201	883
179	716
199	616
208	700
199	688
180	783
182	769
146	612
153	666
173	705
201	857
173	922
132	792
152	701
147	955
152	1083
145	832
183	741
157	807
161	864
156	905
163	872
195	822
152	712
178	862
184	1010
149	762
166	911
179	1065
163	1012
169	1012
146	984
173	977
188	940
154	791
160	834
140	910
159	916
145	923
189	939
157	1023
151	816
140	851
147	765
174	750
186	881
199	984
160	1006
148	1015
147	1059
166	1061
170	828
174	946
109	852
123	809
120	767
144	909
129	913
139	898
142	1001
178	946
135	1102
139	756
160	697
155	872
152	850
121	698
132	928
174	902
148	792
180	669
159	705
128	674
185	755
152	710
122	718
155	862
168	832
137	887
136	905
145	921
118	840
134	703
130	858
130	838
139	1020
122	931
140	760
165	957
165	1041
171	893
132	778
148	778
150	880
188	773
166	649
169	876
166	804
195	839
186	1061
148	989
158	874
174	1098
174	1170
146	999
152	827
154	959
185	900
153	1038
150	1085
152	941
142	1129
151	1471
160	1210
147	1102
170	879
147	961
180	1015
158	1205
146	1296
145	1091
165	988
138	1040
161	1074
181	1323
151	1249
147	1182
169	1674
175	1134
143	855
167	721
132	785
143	757
145	819
144	980
122	797
129	763
141	672
123	729
136	665
139	748
170	881
164	867
149	1007
164	866
167	816
175	797
134	839
165	965
124	1013
164	961
136	837
139	855
164	848
148	730
142	787
163	792
163	827
167	1048
171	791
158	853
208	823
174	921
163	905
177	923
162	1087
144	873
147	1088
153	948
172	794
179	810
158	833
151	960
167	958
171	946
152	872
150	1029
137	1015
139	1167
158	1156
133	1161
135	1093
166	905
165	1080
147	940
177	963
137	901
137	860
140	935
137	1059
159	1161
151	1426
144	1549
128	1572
195	4541
187	2888
148	1451
165	1266
173	2870
161	2780
165	2127
164	2018
178	1368
153	1283
139	1755
154	1771
187	2618
123	859
151	817
151	827
150	882
140	789
133	1004
149	830
140	1085
137	865
146	792
150	880
125	872
151	840
129	814
128	732
143	841
154	828
153	797
149	777
139	691
138	790
192	789
172	923
148	1150
149	784
142	851
165	826
132	763
171	738
149	866
156	766
137	941
150	795
149	731
169	705
139	773
141	667
134	761
152	781
168	897
154	938
179	921
183	851
190	910
124	687
149	892
116	858
136	871
180	927
176	1074
156	885
122	817
115	815
138	928
166	953
141	948
157	852
169	796
140	890
156	911
146	820
152	940
151	832
172	837
153	795
151	958
137	730
131	757
164	737
146	952
127	821
150	943
145	939
101	821
123	961
159	1038
138	949
156	775
163	827
164	852
167	928
154	831
156	885
164	945
169	947
115	970
155	786
165	848
156	938
176	1001
169	848
143	1011
151	951
133	935
169	1025
144	874
143	1230
132	944
131	883
188	908
142	946
148	1156
167	963
147	709
185	725
178	961
134	789
152	884
175	928
163	870
140	750
163	815
164	766
143	839
139	886
156	832
152	868
156	948
130	805
154	860
175	723
150	762
142	900
170	858
150	864
173	977
170	965
157	899
135	1020
166	849
176	887
171	970
152	741
153	1007
191	847
184	976
171	986
168	1050
201	833
153	852
139	1024
177	826
157	745
144	817
146	834
174	877
162	792
151	887
158	952
136	902
151	990
190	991
161	892
169	849
172	695
186	757
150	825
150	754
164	788
155	787
141	829
167	840
160	1012
170	936
157	1204
177	1187
132	1029
151	1144
185	1315
161	1344
161	1379
174	1144
180	1171
162	1235
203	1294
188	1303
178	1153
169	1116
143	979
131	1065
148	787
141	813
131	900
143	983
161	1003
130	823
136	897
160	793
159	1057
148	1076
120	951
198	787
194	984
149	1001
180	1039
168	1136
159	1032
161	1019
184	1104
168	1068
191	1068
168	966
158	1007
168	1030
182	1038
150	896
174	853
206	962
158	910
173	839
172	1048
154	854
119	920
136	999
135	961
145	872
138	970
136	814
167	913
169	942
147	915
178	981
191	995
165	938
150	978
182	842
155	851
184	969
160	1041
184	867
159	1039
162	1094
163	1006
138	938
159	898
156	835
131	867
125	697
176	763
166	777
159	911
164	962
141	1147
153	1018
176	973
168	794
148	804
159	971
151	870
180	1037
174	1028
174	904
159	961
158	875
171	1085
161	1033
172	893
147	873
159	697
152	639
143	840
155	1056
148	1132
169	1004
154	964
180	1027
180	1373
179	1143
145	814
167	919
149	897
143	1058
150	1179
165	965
151	815
139	703
147	814
155	890
154	893
175	905
144	896
190	953
175	1010
154	834
130	1078
131	1095
151	901
171	901
192	1022
174	1008
146	1011
151	820
166	689
160	753
143	948
158	893
160	997
170	888
159	789
141	911
140	1104
139	866
157	681
154	803
126	834
168	806
178	930
200	971
153	1011
160	1113
194	1200
158	982
150	844
150	801
141	717
165	832
190	1025
121	1315
164	836
168	889
162	803
144	734
144	753
161	792
140	687
138	910
134	1062
190	2177
185	2612
199	2017
196	1766
202	1233
214	994
183	1491
236	3962
184	2230
205	1965
172	1679
205	1454
163	1700
183	1736
127	849
142	806
147	866
131	911
147	857
185	755
149	729
175	886
178	751
180	692
204	924
159	924
166	989
166	840
137	755
168	808
147	836
186	831
138	887
140	808
163	823
161	782
163	829
164	917
151	946
190	935
176	989
169	855
180	957
164	995
151	1158
141	1095
121	1018
143	961
167	1008
161	934
160	809
202	813
144	835
187	883
142	955
128	1057
142	833
158	969
163	873
154	816
149	828
151	738
164	851
162	878
161	941
144	928
156	740
173	871
173	852
194	914
168	795
183	736
166	813
147	1073
150	1100
173	965
166	753
148	818
165	803
163	878
173	968
194	1008
161	859
144	874
153	946
156	904
155	864
156	977
166	1031
159	1043
164	985
180	924
166	997
167	1090
139	1015
163	984
179	728
141	824
156	803
154	868
141	908
166	902
221	1154
176	1128
174	1018
200	991
120	836
149	980
162	938
141	865
162	1074
166	967
142	1052
172	964
179	862
170	869
141	1010
166	918
170	801
162	897
188	893
173	787
184	814
156	969
201	1158
170	1248
159	1009
199	968
144	994
168	1139
152	1166
166	1191
160	892
155	817
169	895
177	947
192	1042
158	1140
154	1062
122	832
167	872
170	1187
175	1202
171	1092
154	1099
155	943
166	873
158	893
173	822
170	950
182	910
183	1008
188	1148
165	908
166	842
148	855
161	998
160	890
156	1008
156	1031
184	849
183	994
188	962
166	963
201	1009
161	865
179	994
178	1056
193	1011
181	1005
140	913
211	1057
175	895
166	886
217	889
161	870
145	975
161	981
166	967
176	935
150	1020
140	883
156	901
140	884
149	895
165	720
139	802
142	896
155	821
136	727
163	776
167	868
154	846
173	990
157	1162
134	1078
181	1160
204	1176
144	971
170	854
147	979
139	949
170	1061
143	948
122	915
170	779
157	872
178	1065
176	1073
158	1281
171	1066
175	1251
171	1283
165	1441
189	1472
166	1896
165	1760
184	1340
165	1447
189	1518
182	1262
169	1339
163	1329
171	1264
167	1174
185	1139
171	1127
153	1050
170	1138
146	1397
154	1134
172	1125
162	962
167	929
187	849
189	812
171	1161
153	1088
167	944
165	1013
151	920
167	1062
155	927
195	1214
170	976
176	1095
194	1213
173	1145
159	1131
194	995
175	1095
167	1072
178	1209
184	958
197	1103
180	887
193	923
172	951
176	987
186	964
168	1073
149	992
167	988
159	1123
147	1119
173	901
196	775
165	743
142	818
171	923
177	894
198	1117
179	1136
197	1119
180	1111
180	1013
180	1338
195	1105
189	1353
185	1260
207	1137
166	954
176	902
164	796
179	1101
223	1126
175	1079
159	1140
164	938
154	862
145	890
161	935
148	803
153	1069
160	903
147	772
163	815
164	911
163	871
144	795
163	760
150	805
173	710
143	775
185	886
148	975
161	950
176	980
185	1080
165	1050
159	871
170	1131
139	925
177	944
154	980
161	865
186	925
150	1074
139	1064
181	1005
140	1059
152	1110
146	1028
151	1113
145	1062
145	1020
138	945
166	894
180	822
169	1117
146	923
155	966
158	939
159	887
188	1133
188	1126
163	1042
148	835
133	922
146	1008
180	892
140	1052
186	964
191	1008
176	947
176	892
178	909
175	909
178	1101
216	1204
180	946
194	899
175	954
171	988
154	848
161	878
176	865
193	824
190	875
215	937
177	879
154	791
172	818
176	925
150	944
208	885
187	863
175	833
126	932
173	1015
175	973
189	886
187	816
186	914
191	903
164	892
216	933
167	771
186	859
180	1039
171	893
181	823
163	835
174	920
125	855
143	784
156	985
165	916
164	909
163	879
188	952
166	1104
171	1093
174	1025
153	1048
212	1046
157	815
141	908
167	993
160	907
180	975
186	805
155	872
201	930
168	713
204	794
243	857
228	935
169	749
169	823
175	944
164	966
161	955
178	898
155	961
159	927
160	909
174	865
182	981
170	1079
150	956
167	1007
181	1044
165	1027
200	953
152	1009
179	848
179	896
165	966
175	1006
166	918
184	920
196	915
181	1027
215	859
188	787
212	834
191	956
195	829
170	901
156	952
164	876
161	1061
167	974
170	1073
189	1189
191	1170
157	1184
191	1405
202	1225
222	974
204	1066
194	1052
182	968
184	1109
177	1076
143	1058
189	1225
166	976
181	1042
155	1015
197	967
202	1096
182	1047
173	1017
190	1114
154	1113
140	996
172	1162
165	946
175	912
189	1038
159	990
151	1113
192	1024
182	1030
188	1120
184	1126
153	1081
188	824
159	1164
152	1229
156	997
174	1022
159	977
177	937
141	789
189	830
192	850
196	842
182	940
184	1040
172	1181
168	845
178	921
196	789
158	893
181	922
212	873
182	859
183	909
154	753
199	917
165	912
166	971
182	970
173	862
191	801
170	918
166	857
198	719
208	977
196	1135
158	1147
155	1067
137	1206
140	1099
168	1037
169	954
167	1103
180	1970
205	1765
193	2115
176	1781
156	1556
178	1350
157	1295
168	1476
174	1562
162	1861
230	2455
183	1964
197	1708
227	1752
211	1725
169	1250
173	1365
165	1182
149	1001
157	969
172	1079
159	1300
195	1039
146	966
165	899
190	981
194	1137
164	1029
179	909
184	1049
194	1296
207	1423
177	1186
178	1068
179	1112
173	1050
180	1176
171	1198
205	1142
215	1137
175	1230
190	1065
218	983
189	1008
186	831
164	986
171	807
177	946
195	873
141	929
144	1095
165	967
139	983
146	940
145	953
133	810
141	824
157	862
159	926
169	810
144	873
159	819
178	830
148	998
165	1070
164	1031
162	942
183	971
157	1050
185	997
210	1186
179	1123
161	1296
196	1275
193	1321
175	1500
193	1684
213	1303
211	1576
243	2001
184	1921
213	1823
163	1400
194	1703
214	2348
192	2327
185	1721
158	1578
185	1297
156	1373
163	1329
162	1136
176	1125
162	1265
159	1401
186	1377
185	1332
182	1132
185	1001
161	917
175	947
160	992
168	1048
166	988
154	966
151	968
172	1077
157	999
149	1253
144	1015
172	1000
152	973
165	891
153	975
162	902
176	1020
173	949
153	1151
175	1016
163	1357
195	1519
171	1272
157	1385
162	1142
155	1073
138	1026
163	1010
166	1224
205	2095
119	1401
148	1051
155	1128
144	914
186	994
147	935
131	785
168	730
184	850
168	935
160	896
159	857
158	838
155	772
171	789
156	875
171	904
168	996
200	927
164	850
172	827
148	781
158	1065
148	1014
182	963
171	854
181	1011
175	972
176	1067
173	880
145	773
176	902
162	772
158	764
167	956
187	808
175	947
153	953
151	1035
172	911
160	856
163	1004
166	891
142	952
149	1047
195	872
181	767
179	688
149	749
149	865
149	825
149	909
163	757
172	665
221	894
182	830
194	663
167	623
179	733
191	740
189	694
193	658
198	860
210	811
196	863
205	803
184	831
198	885
190	828
179	816
176	829
162	908
206	780
184	837
181	817
178	721
193	829
234	978
199	932
214	844
217	963
240	779
245	966
208	769
211	983
258	1167
218	928
238	935
282	924
246	937
286	1016
238	969
232	1008
226	1039
273	985
253	870
234	822
239	921
219	888
219	910
222	1019
277	1117
237	995
263	918
241	927
259	834
261	783
226	963
250	808
257	758
263	956
237	924
216	922
179	989
219	856
217	924
215	1108
192	1240
176	906
219	805
189	931
234	829
217	823
203	969
213	1024
188	1076
180	975
203	1024
183	1016
200	920
189	851
202	984
176	977
198	880
167	962
176	892
176	932
167	935
158	873
192	962
184	717
156	736
177	777
188	884
185	933
176	1042
162	972
180	833
162	1066
181	1137
219	1137
190	1098
194	1132
181	1410
183	1156
147	1168
128	941
175	997
195	860
183	1099
193	1024
175	1034
178	1136
155	1184
145	1016
171	1035
183	1778
184	2279
183	2396
188	2398
171	1855
195	1738
200	2205
199	2005
162	1663
193	1693
141	1769
212	3575
218	2755
179	3033
227	3602
186	3496
194	3378
197	2387
214	2716
355	4508
326	2628
347	1865
353	2020
355	2022
266	1521
209	1101
243	1464
239	1694
256	1766
238	1914
239	1851
224	2297
240	2043
217	1508
218	1389
201	1117
164	1197
169	1154
194	1251
234	1379
268	1501
217	1269
174	1385
184	1503
191	1728
215	2537
208	3244
231	4184
213	3780
198	4149
247	4314
260	5176
257	4802
263	3853
216	3546
217	3440
206	3305
250	3239
230	3330
249	3426
210	3159
233	3510
210	3914
224	4096
269	4899
233	3996
244	3971
254	3515
246	3410
200	3039
196	1963
174	1553
192	1719
211	1479
204	1289
159	1060
184	1254
174	1175
175	1145
196	1079
172	922
169	889
156	1124
184	1009
188	1005
190	976
161	968
131	873
154	1067
147	1002
169	987
147	850
144	983
183	1112
159	997
173	1082
166	1188
164	946
158	878
165	997
155	1071
178	946
176	938
143	846
166	797
141	852
154	799
166	1015
151	1057
174	1024
148	976
177	1009
151	968
147	934
180	863
147	984
147	922
149	1010
171	954
144	955
144	1022
143	1019
115	995
136	894
147	1131
184	1012
140	1012
148	918
141	745
147	917
185	907
181	783
172	775
158	889
165	1023
162	1092
159	1282
162	1361
143	1079
143	1143
195	835
175	942
171	899
156	858
175	919
150	896
156	1225
174	1218
192	1384
170	1510
176	1884
170	1589
174	1175
150	1144
157	950
193	905
174	1052
188	1025
167	890
144	933
143	1100
175	1319
172	1239
149	1208
187	1229
167	1021
169	842
151	866
206	875
210	1097
238	889
163	687
209	925
158	874
159	808
185	788
175	784
179	902
163	810
170	734
158	786
152	829
163	952
184	798
152	913
130	869
148	857
154	807
209	963
173	822
188	890
192	893
181	912
196	1107
195	841
186	943
203	921
167	872
158	824
169	996
148	789
156	804
181	704
148	772
193	818
198	964
171	949
183	1129
191	873
219	873
196	1013
193	1213
185	1336
199	947
194	1370
171	1211
152	1253
138	1004
152	1016
130	972
146	888
159	747
177	871
156	717
156	901
161	801
147	886
168	813
217	937
184	960
207	1012
169	890
192	933
167	876
169	1007
189	855
178	922
164	814
173	768
177	986
167	855
188	924
197	876
167	786
209	804
176	905
152	930
172	907
208	1027
195	923
202	891
172	941
166	925
194	730
202	822
175	938
202	1142
199	1360
159	1055
194	760
134	940
178	879
194	823
190	1261
250	2475
225	2724
193	2581
182	3758
216	3061
264	3499
200	2407
272	3661
248	2978
200	2370
206	2029
221	1505
195	1338
175	875
147	834
177	1005
181	851
181	900
193	1005
135	1060
171	933
166	837
164	947
155	795
173	929
177	791
199	854
176	773
184	892
162	818
179	913
171	1057
128	826
216	912
186	957
166	867
173	884
208	835
146	886
163	848
178	936
150	805
161	870
160	980
165	996
169	1224
197	1310
150	953
187	833
198	808
163	965
155	854
176	764
186	883
178	773
176	834
163	1010
226	919
184	968
183	1079
130	1063
170	1017
167	985
181	1061
161	891
180	901
208	885
207	913
195	1040
169	1002
180	887
163	984
151	753
170	869
181	880
179	953
147	897
134	758
194	896
172	985
189	1068
143	1038
173	1083
220	913
169	898
171	850
168	857
184	1147
161	1101
199	754
174	802
199	814
178	838
185	978
170	1120
196	995
177	1075
199	948
174	904
158	855
149	953
222	918
175	963
193	873
185	861
209	964
186	849
172	1073
181	1025
194	958
161	815
171	823
182	839
155	865
170	933
166	1062
167	1066
158	1137
163	930
170	917
141	873
137	1011
134	1157
133	1119
126	912
134	878
154	884
134	810
155	837
124	868
158	896
153	951
160	848
173	1108
126	986
137	905
143	903
170	855
148	812
144	918
148	816
173	813
159	988
149	832
166	871
180	921
206	973
206	1021
167	989
202	1036
186	1040
169	1044
170	800
140	846
157	995
129	934
150	862
154	754
164	840
137	894
188	895
161	885
153	773
163	774
154	848
180	875
177	1103
204	1057
178	1015
176	1090
178	941
166	914
179	970
178	844
213	944
203	876
190	936
174	1029
166	803
170	777
145	911
152	956
164	779
146	885
180	954
178	867
150	751
145	819
164	844
135	712
145	881
144	934
184	972
179	917
190	903
179	791
194	977
197	732
171	855
167	841
178	853
164	874
128	666
117	762
168	827
142	806
152	989
133	987
159	993
165	1013
170	933
176	1020
177	1005
170	1251
149	1278
140	955
145	816
172	800
165	1030
172	985
149	929
131	905
156	964
163	1117
143	1143
158	1143
169	1102
169	1105
164	1162
153	1053
159	1092
157	1034
157	1058
160	948
138	954
177	966
154	868
167	926
181	995
157	1058
163	905
190	1017
201	863
189	995
185	849
185	751
199	836
205	765
174	782
159	785
173	912
177	995
162	946
139	961
173	1036
166	872
127	813
146	928
159	852
175	919
155	846
181	999
119	818
187	803
125	744
149	935
155	860
105	898
166	1013
152	1182
169	1321
172	1172
133	1367
149	1178
168	1056
154	1121
155	920
126	894
167	927
175	1220
159	1336
219	1155
149	961
181	1047
184	863
148	927
168	1032
145	1083
207	1720
227	2711
185	1636
192	2128
190	2184
180	1841
197	3169
219	3369
205	2496
140	1206
165	1614
175	1519
164	1154
136	1105
188	1186
149	1037
162	1018
140	1321
165	1373
197	1773
167	2191
217	2920
187	2044
166	1747
176	1489
186	978
170	919
150	947
169	1007
145	992
157	886
143	915
159	1026
177	1057
180	1000
169	1106
202	1065
163	948
138	911
153	1023
150	1049
151	889
189	960
173	999
179	870
170	899
181	962
154	855
144	1028
129	999
176	793
139	921
169	872
161	823
160	779
193	779
148	675
184	665
150	821
120	1029
132	994
146	877
160	910
153	906
165	900
152	945
176	947
164	1081
151	932
152	1015
152	940
158	835
165	958
163	954
139	1286
171	1178
187	1131
183	925
179	971
192	1022
176	1109
165	960
157	857
172	914
189	1141
142	941
148	880
189	923
180	908
176	852
170	861
175	899
161	787
174	813
160	824
150	833
152	835
159	899
169	967
149	1115
165	1056
165	1035
182	1079
170	1000
158	987
165	992
134	993
184	1253
172	1270
152	1403
181	1181
189	1637
147	1348
172	1313
148	1100
162	1113
195	1220
165	1380
198	1134
184	1061
133	1015
162	1483
178	2357
195	2109
169	2113
224	2371
203	2531
226	2460
159	1711
148	1541
181	1625
152	1626
169	1674
176	1344
154	1402
155	1473
168	1842
174	2014
179	2516
160	2048
166	2022
200	2812
218	2399
154	1985
148	1280
154	1297
166	1598
168	1904
172	2382
147	2483
159	2409
171	2468
208	2505
235	2383
215	2020
179	1563
215	1870
189	2116
201	2258
213	2488
195	3152
275	4459
220	4129
191	3321
172	4041
191	3794
216	2873
167	2420
170	1767
152	1397
147	1443
158	1665
177	1311
178	1147
150	1006
154	1180
197	1240
171	1215
156	973
150	1149
184	1295
201	1361
179	1277
149	1082
171	1021
164	905
175	1102
202	1118
166	1044
169	1022
145	1006
209	1068
183	1065
203	1021
187	1072
168	1064
154	932
135	901
183	1014
187	995
185	985
183	928
132	934
133	893
150	888
180	936
135	1035
161	914
175	1109
166	1032
173	888
180	1007
160	1119
175	1065
193	1064
195	1067
171	886
170	933
136	992
179	909
184	989
170	978
160	748
181	1059
165	1044
174	953
155	871
160	748
144	842
149	847
146	977
175	1043
140	958
184	890
187	838
188	980
169	677
209	791
161	866
180	935
158	966
189	910
156	910
152	942
156	1050
192	1035
211	1073
171	1040
185	1031
148	1163
166	1037
198	909
176	1074
209	1079
182	1040
179	950
200	1157
204	996
185	1095
173	951
196	1352
226	1171
210	1305
199	1134
231	842
175	1082
174	1054
166	1002
173	893
197	1054
152	1002
166	1092
176	1034
207	968
190	1184
199	1125
174	982
179	1127
180	1121
195	1292
173	1238
205	966
212	1117
184	1227
202	1204
189	867
202	993
211	1089
166	1027
191	974
222	901
199	1014
167	937
182	876
185	1030
203	859
167	957
149	857
182	898
166	1054
172	1016
165	1149
186	1148
159	1032
169	1148
155	1205
197	1323
190	1156
184	908
178	942
176	872
164	1160
151	1132
180	964
184	1028
174	882
179	877
185	824
150	935
172	783
167	779
170	776
159	718
174	953
166	906
158	964
148	902
150	750
176	872
178	796
179	1050
173	956
154	963
143	922
192	919
147	942
170	863
189	872
185	883
157	799
148	807
151	968
176	926
175	880
179	941
172	946
146	878
177	833
167	877
188	819
175	897
203	802
158	1012
189	977
158	911
145	996
138	1011
132	1010
144	848
134	863
145	859
177	937
151	1154
155	1003
159	924
165	979
150	997
150	926
161	960
165	1065
111	955
153	1016
155	1931
204	1868
192	1525
173	1602
195	1675
185	1447
161	1097
177	1522
215	1546
203	1756
196	1709
196	1644
178	1384
189	1333
215	1934
179	1360
167	1678
173	1737
207	1761
221	2076
169	1626
162	1195
175	1311
189	1074
151	1140
183	1108
167	1067
167	1111
148	1194
165	1098
171	1269
172	1276
153	1218
177	1272
192	1265
207	1135
182	992
164	918
184	1090
168	1022
155	925
158	1005
157	984
208	1062
198	925
195	933
184	935
192	1015
193	938
174	861
220	976
218	898
218	927
177	844
161	900
195	832
145	943
170	886
180	977
176	999
191	962
168	871
167	1006
203	972
177	938
168	793
146	769
171	888
186	980
213	1040
179	1028
151	1122
201	1107
191	1122
175	976
180	888
196	776
175	970
188	1107
168	985
149	861
163	994
176	940
147	1169
128	949
159	961
151	1157
152	1010
173	900
142	905
167	1192
162	1130
162	1149
160	997
167	1064
140	1015
187	1105
169	1109
189	1040
218	1221
177	996
175	975
178	1176
182	1058
193	1079
173	1159
175	1046
177	1171
188	1110
190	1069
161	1068
164	1342
160	1387
141	1115
163	1157
136	989
179	1087
211	941
175	1056
157	1127
190	1053
189	915
191	928
220	898
184	1120
178	1150
200	1110
194	1245
179	1402
204	1368
157	1165
164	1033
160	1060
181	949
179	1062
205	1183
180	1395
161	1282
185	1282
184	1062
160	1168
172	1053
204	1019
151	915
151	974
184	1148
163	1098
159	1003
156	1083
183	1114
167	1073
156	1171
177	1334
161	1141
198	1032
166	1088
173	1261
150	1134
192	1219
155	1085
162	940
160	835
157	869
180	1138
170	1118
163	1048
155	1035
184	1062
183	1118
170	1084
158	1037
158	994
149	959
160	1077
168	1289
139	1341
143	1131
171	1217
182	1258
173	1063
168	994
182	996
156	1043
186	1039
227	1153
173	1286
208	1126
162	1095
195	1174
194	1247
193	1555
172	1629
211	1466
214	1332
195	1209
186	1563
206	1478
179	1307
154	1075
203	1098
184	1402
227	998
227	1168
197	1209
218	1211
201	1168
212	940
154	1251
208	1364
231	1054
213	1082
204	1175
209	949
210	950
212	1054
200	773
176	776
174	794
164	864
196	1203
186	975
172	983
163	1020
185	1119
206	1165
190	1117
184	1020
196	959
176	1013
183	1034
182	917
166	991
174	999
174	1028
165	1057
153	917
165	915
179	876
214	907
187	953
183	1132
198	1084
192	1049
174	1246
184	1303
165	1017
174	1053
184	1153
191	1119
181	1126
174	1172
192	1136
176	1062
184	1155
210	1095
220	1129
186	995
200	844
167	875
182	1159
195	1007
218	1082
223	1343
187	1455
197	1556
175	1272
172	1218
221	1511
173	1150
194	888
181	1014
179	1148
203	1067
214	957
161	926
204	896
195	765
174	855
178	941
189	917
180	886
174	868
157	804
170	855
177	970
201	989
228	1144
219	1019
188	1090
214	1170
228	1106
204	1294
162	1066
170	1048
178	1093
178	1260
152	964
166	1000
148	1080
181	1124
152	1106
142	1050
162	1097
191	1026
186	917
151	929
147	690
124	790
132	930
151	922
145	784
172	895
148	760
153	754
131	746
169	839
167	910
144	738
188	886
179	851
162	784
181	929
199	893
215	908
194	837
194	912
187	1073
197	1041
150	936
170	879
180	985
172	889
202	889
168	860
162	1057
181	1214
196	1073
150	1044
192	979
183	816
167	955
167	852
157	852
194	725
172	859
214	883
215	978
207	823
180	803
191	906
189	926
196	869
181	965
175	952
184	1091
186	824
158	933
189	972
186	1062
193	869
198	931
177	869
206	802
219	729
176	784
177	1038
185	996
173	785
189	654
186	668
189	902
214	967
158	879
163	832
184	983
164	784
172	949
160	857
145	820
164	880
191	824
163	896
185	947
179	857
180	836
200	851
194	927
184	864
179	817
169	717
180	740
157	813
192	883
165	760
171	803
167	820
167	810
157	869
165	941
144	1011
141	912
162	1052
200	994
158	1029
160	1077
195	992
197	1089
178	1134
195	1141
175	1105
187	909
179	1247
191	1192
167	1149
178	1018
156	1111
147	966
180	1047
181	1009
193	1042
175	860
185	895
186	900
155	987
155	1124
156	1072
179	1172
177	1328
199	1036
190	877
159	1111
163	882
141	964
165	1071
196	1136
177	1043
198	1014
190	1016
150	989
145	996
170	1000
181	717
200	857
201	832
198	972
184	976
187	1038
163	996
179	1009
167	1160
178	1051
152	979
177	947
140	941
152	1039
159	1046
151	972
176	987
170	1053
205	1011
167	1165
154	1049
149	943
159	1103
178	1143
167	1084
180	1327
173	1195
192	1069
175	988
178	1116
150	1139
201	1023
179	790
185	948
160	992
200	921
205	1027
174	1028
178	791
199	983
226	1048
226	1023
181	1246
169	981
167	969
148	802
155	888
168	889
163	802
191	864
174	967
167	985
181	990
173	1037
183	1031
155	822
163	989
179	948
210	1010
190	1094
163	1005
213	1040
170	1022
184	995
169	865
176	980
190	1085
186	1129
218	1055
174	1050
202	1096
170	1189
195	1115
165	1166
155	1272
177	1094
155	1101
181	1117
190	1136
185	1049
189	1082
164	1278
199	1167
197	1197
177	1200
183	1106
165	992
180	911
187	996
169	923
165	1016
161	938
145	854
159	866
208	1128
151	1036
154	1104
156	1217
184	1127
223	1281
172	1396
152	1251
143	1337
188	1667
168	1915
181	1646
168	1540
165	1309
162	1148
204	1367
197	1085
197	1152
187	1150
153	1064
164	1335
166	1057
158	1657
177	1491
151	1072
165	1006
151	928
180	1077
183	1211
180	1183
183	1111
142	1021
163	1038
197	1009
164	1068
153	968
153	1107
179	1115
168	958
155	1233
180	1262
179	1162
213	1177
186	1005
167	876
173	902
181	957
174	792
183	949
189	909
224	857
203	1011
201	816
178	917
177	934
157	889
167	898
181	890
169	886
199	825
189	764
190	902
219	754
187	808
155	743
170	800
161	810
165	863
184	838
203	996
168	786
183	770
173	840
154	814
176	751
161	750
166	759
179	694
157	792
162	797
157	900
186	827
182	677
200	819
177	904
169	882
175	919
165	871
182	791
181	903
176	883
141	883
183	986
176	1071
161	1206
136	1280
182	1087
159	983
160	893
182	976
190	881
182	881
171	1124
178	1075
166	1006
196	995
188	954
190	979
174	944
206	972
200	1004
152	969
178	1215
203	1281
206	1099
169	1152
153	999
208	877
129	903
144	963
174	961
160	770
176	992
208	922
186	1015
143	854
174	793
175	817
192	1006
175	919
196	901
204	667
201	884
192	929
186	1042
162	913
130	833
187	928
175	1026
182	819
157	751
160	825
212	916
165	945
207	1005
201	872
151	981
184	988
182	968
184	855
179	854
168	778
155	847
193	932
167	824
150	769
167	776
173	705
151	856
185	863
175	868
193	889
198	825
161	876
183	652
164	667
179	801
163	830
179	908
182	1082
206	1107
169	962
167	1115
163	1214
195	989
210	1100
185	1161
173	1006
197	1026
202	1083
206	1006
166	1111
202	1310
158	966
174	1058
149	1038
156	1067
193	957
197	997
166	1075
190	981
202	955
183	903
209	941
163	851
215	876
178	954
176	958
206	909
179	979
188	926
196	912
190	983
175	931
198	834
217	1150
182	899
152	932
197	1121
148	1116
197	1010
151	974
189	1157
152	1056
152	999
144	874
177	871
144	776
159	869
193	1090
175	1082
185	929
189	808
203	979
139	902
187	936
160	916
167	1041
162	1014
189	910
201	876
187	868
175	974
190	1086
148	907
161	837
154	855
154	1007
176	1139
176	908
159	1135
160	1098
175	938
176	948
175	746
169	866
158	775
154	1051
163	981
170	899
197	1002
185	854
168	912
164	945
228	892
182	885
189	1070
201	829
193	943
209	821
230	982
201	1067
212	910
232	1017
194	932
213	998
166	738
194	780
153	796
204	1050
203	1074
186	1117
197	1088
213	1024
164	1104
153	880
184	1041
204	873
168	916
182	892
139	957
213	894
170	820
198	909
192	718
200	1004
188	984
146	800
138	844
158	862
160	856
224	1050
220	917
201	982
182	1051
161	994
