494	1021
460	1233
538	1362
532	1062
491	1091
536	1153
537	1016
486	938
482	938
533	864
551	1129
534	1035
495	1077
498	1122
544	1243
561	1105
547	1237
565	1083
523	1189
524	1253
551	1384
557	1194
521	1123
566	1241
546	1312
555	1244
528	1228
542	1227
519	1235
523	1255
503	1100
498	973
523	1086
550	978
534	980
494	1014
498	1048
524	1051
552	1097
516	1001
553	1104
591	1278
564	1216
534	1258
498	1396
508	1315
585	1497
509	1530
539	1606
593	1682
515	1656
554	1564
509	1351
568	1575
571	1795
608	1576
548	1793
517	2052
530	2350
555	2333
672	2277
643	2072
575	1840
546	1796
531	1882
572	1986
559	1957
524	1765
587	1705
539	1630
527	1651
483	1570
508	1527
566	1528
501	1616
606	1482
541	1504
555	1727
538	1552
511	1533
590	1701
505	1364
477	1494
535	1354
514	1392
530	1426
575	1573
529	1470
483	1246
507	1300
606	1203
503	1196
514	1193
500	1203
479	1259
544	1389
509	1401
525	1422
479	1369
519	1333
509	1455
477	1135
508	1144
536	1092
528	1341
487	1155
503	1218
520	1034
484	1175
497	1085
488	1295
527	1479
494	1159
475	1105
503	1154
498	1272
523	1546
590	1518
519	1429
535	1287
531	1167
514	1315
571	1171
481	1092
428	1180
500	1441
496	1404
473	1523
485	1417
455	1329
475	1257
516	1194
526	1171
532	1291
528	1101
475	1109
478	1105
498	1167
511	1433
574	5336
632	7028
652	6439
587	5897
557	3654
582	2390
513	2521
513	2459
508	2637
520	1867
514	1382
579	2091
525	2176
504	2493
518	1315
517	1154
504	1335
556	4607
711	9112
607	6226
545	1327
543	1156
472	1252
484	983
493	1198
466	1176
506	1090
458	1023
455	1187
482	1118
448	1214
497	1371
534	1188
549	1114
603	1327
542	1233
513	1189
534	1276
554	1331
538	1222
537	1097
518	1094
546	1236
561	1048
496	1186
529	1107
569	1122
569	980
525	1097
529	1143
599	975
574	1071
537	1192
489	1266
520	1342
534	1351
513	1222
522	1318
532	1208
499	1393
501	1319
509	1397
526	1256
522	1207
524	1183
538	1313
575	1241
511	1344
535	1163
496	1023
534	1132
529	1106
519	1085
524	1032
568	1154
501	1576
506	1352
541	2472
519	3528
563	3171
544	2833
443	1431
500	884
444	832
430	1124
533	1055
502	1096
587	1240
549	1130
493	1119
555	958
587	1237
547	1493
502	1456
553	1418
521	1532
558	1667
573	1586
521	1367
549	1015
508	984
525	1257
510	1433
546	1299
489	1128
512	935
515	1165
557	1175
489	1291
553	1218
505	1312
511	1248
525	1352
588	1178
508	1258
499	1339
541	1119
497	1287
486	1459
527	1297
462	1155
512	1395
509	1494
493	1272
564	1151
509	1198
536	1265
529	1261
530	1294
437	1460
534	1237
540	1214
489	1027
509	1186
553	1380
536	1190
550	1071
469	1260
450	1259
533	1365
511	1062
496	1130
410	1170
490	1124
559	980
463	1023
471	1036
485	1237
456	972
501	1081
483	964
475	940
538	1150
514	1164
494	957
464	954
494	1070
467	1194
506	968
523	1066
512	977
479	1066
503	1023
505	1059
465	1030
489	1010
439	1036
496	946
469	967
575	1039
521	1073
507	928
501	1075
527	1227
556	1045
491	913
465	860
497	1013
461	1021
511	1206
522	1076
509	823
487	966
482	1032
486	1063
547	1113
542	1070
542	802
490	896
490	869
498	1058
471	1001
489	973
537	1189
529	1069
486	1205
536	1121
552	1185
510	1086
474	1170
469	1052
456	1040
465	1288
520	1156
497	1182
484	919
511	1053
530	1192
470	1232
469	1122
475	1095
566	1222
511	1069
503	1136
566	1115
520	1172
480	950
507	1029
494	1198
471	1340
456	1246
446	1086
461	1221
448	1206
426	1083
461	1194
429	1241
465	1270
461	1455
490	1242
461	1212
468	1382
533	1228
517	1214
480	1288
495	1348
469	1451
508	1330
443	1371
447	1510
448	1271
491	1168
494	1259
519	1096
505	1229
501	1147
495	1098
493	1389
480	1732
466	1850
477	1799
551	1542
436	1405
500	1140
517	982
488	1093
546	1079
481	1023
520	1328
483	1227
496	1199
533	1122
442	1074
511	1290
491	1459
504	1166
540	1015
504	1114
486	1374
482	1293
518	1244
508	1028
495	1141
440	1153
499	1058
508	1178
503	1138
518	1399
490	1304
525	1309
493	1102
458	1225
464	1267
515	1337
517	1097
488	1006
501	1022
450	1052
467	854
480	1045
448	1450
458	1366
519	1209
475	1127
560	1193
483	1128
459	1025
465	1216
434	1307
456	1207
448	1147
488	1115
530	1108
491	1111
515	1052
462	1141
525	1079
504	1043
492	902
477	1099
430	1086
479	1113
426	1153
503	1066
444	1091
461	1209
431	1190
442	1136
483	1260
536	1241
453	1062
514	1223
481	1029
514	1113
461	1092
413	1087
468	1238
470	1292
452	1218
466	1119
481	1091
448	1101
514	1276
481	1326
486	1207
449	1057
470	1177
498	1204
465	1082
437	1092
507	949
477	1141
526	1184
519	1138
488	1186
455	1131
452	1263
491	1202
490	1047
523	1229
531	1205
511	1165
473	1220
482	1239
493	1217
492	1189
478	1232
477	1206
469	1239
483	1167
480	1180
458	1158
471	1118
488	1143
462	1136
452	1070
473	1010
486	1148
498	1139
505	1261
512	1144
517	978
564	1145
561	1229
524	1070
473	1163
441	1074
493	1295
437	1325
498	1334
467	1120
458	1061
493	1160
522	1306
463	1097
539	1112
459	1080
499	1343
480	1316
526	1299
500	1205
530	1249
490	1130
517	1213
550	1321
500	1232
465	1197
474	1247
472	1354
511	1544
512	1326
584	1333
479	1314
474	1190
516	1162
553	1272
567	1123
580	1271
549	998
546	1130
600	1254
568	1162
552	1505
540	1381
558	1261
534	1053
533	1254
612	1247
591	1320
546	1080
559	1100
549	1216
615	1129
615	1343
561	1210
509	1135
595	1271
599	1498
506	1417
529	1355
559	1353
571	1629
531	1538
529	1263
487	1129
456	1232
489	1089
488	1099
491	967
477	1114
513	1164
526	1216
502	1077
515	1233
542	1288
478	1216
500	1470
453	1401
450	1213
479	1480
499	1336
526	1494
443	1582
503	1619
431	1563
498	1688
502	1755
506	1608
501	1755
453	1423
453	1387
498	1475
471	1634
514	1700
444	1651
509	1879
501	1616
464	1705
438	1825
458	2148
483	1834
458	1744
449	1762
525	1961
495	1548
479	1280
452	1343
441	1281
455	1311
430	1237
445	1237
467	1362
449	1326
430	1175
384	1151
429	1087
452	1096
468	1129
422	1102
414	1082
455	1009
431	1126
433	1027
474	1092
468	1183
427	1248
469	1130
496	1069
446	1261
497	983
434	971
485	1013
458	1020
419	1087
468	1020
476	1041
509	1106
471	1235
485	1220
507	1148
452	1286
450	1326
458	1382
441	1356
447	1174
444	1166
518	1409
541	1146
508	1440
495	1471
457	1424
490	1638
520	1482
487	1424
466	1879
477	2177
472	2215
514	2843
511	2182
521	2261
520	1917
524	2010
531	1966
524	2101
491	1264
500	1447
457	1337
510	1779
531	1645
477	1436
499	1312
523	1342
529	1476
523	1570
565	1517
549	1614
540	1873
544	2093
548	2287
569	2360
524	2518
517	2083
496	1604
555	1633
547	1552
513	1511
534	1297
501	1228
500	1325
569	1330
493	1391
548	1165
505	1337
557	1163
513	1134
547	1231
480	1181
464	1056
505	915
488	1078
524	1146
510	1120
466	1086
453	1068
450	1074
507	971
492	1047
481	1050
503	964
508	902
508	1094
482	1219
480	1028
478	1109
438	1041
475	1002
459	1045
395	982
446	1068
458	1069
488	1042
436	1104
440	1078
449	1027
487	1008
493	982
489	1155
453	919
455	1011
478	1017
496	965
507	939
478	965
526	897
477	1009
449	1070
495	1053
508	947
431	1010
461	1565
514	1880
526	2055
483	1847
525	1753
567	2105
518	1979
512	1959
490	1366
443	1492
466	1868
492	1204
491	1127
475	1102
459	1427
503	2682
567	4205
554	4923
535	4403
542	4183
494	2370
488	2059
481	1615
480	1571
520	1451
491	1623
472	1827
550	1777
488	1940
510	1969
457	2055
502	2298
461	2144
442	2593
507	2728
572	3230
536	3227
527	2062
535	1848
594	2603
534	2411
526	2189
466	1941
484	1690
471	1630
440	1523
482	1741
524	1978
509	2024
538	1933
499	1719
483	1345
512	1358
538	2042
580	2379
505	3121
484	3313
541	3097
635	3287
530	3199
552	2829
514	2895
482	3051
451	2697
528	2868
620	2752
505	2690
507	2789
475	2126
560	2753
537	3028
556	2867
626	2468
533	2003
509	1887
497	1815
550	1850
544	1806
521	1880
586	1770
507	1818
553	1788
499	1877
635	1648
694	1681
604	1747
542	1362
538	1150
605	1296
672	1411
645	1287
586	1420
662	1371
651	1430
650	1251
688	1437
572	1287
620	1336
587	1445
585	1245
579	1287
633	1468
669	1350
573	1310
583	1260
669	1234
581	1257
566	1418
558	1413
595	1336
578	1245
533	1214
515	1150
534	925
491	1160
558	1122
486	1409
590	1358
505	1174
615	1111
607	1116
600	1131
611	1184
673	1295
574	1257
656	1403
698	1305
631	1355
582	1316
588	1216
556	1203
569	1118
601	1203
507	1185
554	1213
571	1137
557	1112
542	1189
567	1222
601	1169
614	1082
676	1067
668	987
651	1072
695	1199
668	1162
677	1120
633	1175
687	880
642	986
682	1213
589	1134
576	1050
601	1102
603	1238
642	1240
678	1482
553	1393
601	1472
592	1502
603	1173
626	1270
660	1141
662	1140
629	1047
694	1042
722	1175
638	1035
680	1192
644	1252
702	1129
675	1399
650	1322
596	1224
629	1015
591	1119
727	1030
745	1094
836	1204
807	1242
777	1239
761	1162
705	1142
700	1140
724	1056
698	1056
640	1181
645	1069
657	1187
657	1063
649	964
614	1118
621	1061
606	1171
598	1213
605	1014
612	1026
664	1121
638	1274
602	1244
641	1170
636	1138
545	1186
571	988
549	966
529	1068
507	1207
493	1126
548	1084
554	1064
521	1063
553	1094
491	1198
602	967
616	1120
567	1049
564	1105
577	1113
598	1070
576	1170
578	1033
583	1262
601	1175
657	1000
594	1030
568	1032
586	1268
610	1151
566	1017
545	1128
564	909
586	1049
588	936
560	985
560	1006
522	1043
611	1061
603	1091
594	1194
618	1324
594	1186
640	1271
573	1074
595	1083
638	1069
644	1192
670	1212
676	1135
665	1068
750	1061
881	1228
887	1078
928	1135
967	1164
956	1251
983	1231
1171	1257
1236	1180
1147	1223
1160	1270
1333	1182
1588	1181
1582	1280
1454	1253
1421	1397
1457	1442
1293	1689
1238	5044
1179	5235
1107	5022
1005	3628
1058	1879
991	2274
986	2988
987	1966
1153	3149
1402	2407
1640	1594
1877	1456
2020	1755
2112	2343
2112	1457
2234	2000
2075	1923
1761	1390
1475	1393
1297	1477
1117	1263
1149	1152
1043	1179
1004	1203
990	1108
1094	1061
1169	1240
1246	1260
1303	1212
1499	1220
1515	1348
1442	1284
1489	1271
1557	1281
1532	1319
1441	1365
1316	1286
1268	1462
1282	1468
1276	1328
1279	1169
1305	1264
1388	1282
1342	1314
1290	1174
1229	1108
1321	1436
1136	1481
1101	1342
1163	1241
922	1240
856	1169
801	1156
716	1168
720	1109
713	1259
759	1235
927	1211
958	1217
1104	1223
1195	1189
1269	1311
1326	1293
1415	1366
1444	1281
1590	1336
1547	1294
1432	1251
1347	1219
1380	1226
1290	1261
1303	1166
1350	1345
1245	1248
1219	1149
1102	1169
1082	1173
1131	1051
1218	1134
1328	1234
1386	1117
1494	1110
1602	1245
1558	1554
1377	1328
1375	1437
1278	1357
1261	1382
1347	1501
1501	1280
1574	1407
1621	1237
1551	1165
1312	1098
1075	1082
1155	1177
1215	1298
1117	1373
968	1421
837	1273
1087	1584
1270	1648
1318	1794
1256	2053
1175	2291
1149	2394
1116	2563
1117	2411
1049	2178
822	1684
768	1502
832	1450
815	1406
701	1112
638	1143
762	1205
693	1208
703	1106
611	1232
647	1281
644	1529
565	1590
546	1353
591	1468
587	4996
767	10589
989	12857
909	8210
982	11772
888	8851
637	3011
521	1223
525	1383
593	1985
550	1566
616	1133
577	1180
511	1232
561	1385
545	1110
572	1056
557	1027
528	1281
533	1315
523	1331
526	1258
491	1301
545	1438
516	1374
565	1181
512	1392
529	1347
539	1432
592	1212
582	1147
541	1035
545	1180
573	1256
554	1263
554	1318
596	1327
570	1219
542	1145
528	1474
639	1550
554	1464
584	1624
582	1693
555	1416
570	1466
519	1395
588	1189
514	1190
605	1110
609	1066
542	1254
549	1182
613	1317
608	1441
569	1208
521	1267
574	1246
653	1107
654	1240
640	1336
655	1308
609	1184
647	1197
628	1349
660	1305
638	1274
660	1068
646	1210
609	1280
666	1335
622	1296
630	1200
581	1336
655	1415
646	1386
660	1200
728	1114
737	1093
729	1136
713	1377
854	1188
843	1131
910	1179
959	1318
963	1267
924	1379
834	1209
777	1252
816	1242
867	1219
755	1289
772	1063
828	1065
801	1071
984	1151
863	1201
911	1340
989	1276
1077	1082
1357	1308
1479	1379
1418	1590
1498	1496
1750	1395
1925	1350
1843	1395
1792	1549
1783	1451
1707	1390
1445	1001
1343	1168
1279	1136
1243	978
1056	1082
1068	998
1092	1115
1012	1138
1121	1285
1097	1576
1019	1578
980	1464
1017	1685
1043	1729
1039	1679
1144	1769
1428	1731
1590	1730
1564	1652
1476	1479
1542	1434
1702	1307
1681	1177
1451	1222
1262	1174
1401	1166
1563	1190
1732	1274
1830	1307
1954	1435
1984	1740
1921	1744
1937	1657
2002	1466
1820	1397
1464	1392
1196	1740
1038	1825
988	1771
1068	1687
999	1411
968	1209
916	1057
876	1089
990	1229
1039	1260
1030	1276
890	1143
875	1249
795	1064
813	1066
875	1255
761	920
660	1120
641	1076
650	1189
595	1167
597	1117
573	1244
556	1149
570	1135
678	1034
565	920
540	1108
534	1100
555	1348
566	1255
589	1052
601	1110
620	1243
540	1156
547	1294
588	1063
489	1053
557	1181
585	1279
528	1247
557	1164
616	1301
527	1309
532	1495
588	1461
565	1248
561	1281
606	1284
630	1243
610	1359
571	1295
595	1188
564	1355
574	1130
581	1312
533	1403
600	1270
557	1249
627	1255
576	1261
591	1230
600	1311
590	1305
596	1198
561	1180
588	1213
572	1106
499	1127
585	1148
549	1114
508	1086
479	1082
535	1206
545	1105
512	1261
522	1206
501	1111
493	1188
495	1296
564	1249
554	1316
538	1207
542	1232
570	1130
530	1154
602	1272
605	1445
620	1376
528	1474
559	1445
550	1331
541	1277
505	1057
555	1658
650	2009
707	2212
607	2047
644	2182
569	1892
587	1942
547	1553
560	1190
601	945
633	1060
681	1194
730	1275
621	1288
699	1406
691	1317
787	1309
880	1281
842	1400
798	1449
749	1585
673	1404
656	1374
602	1216
574	1176
588	1138
573	957
626	949
680	1072
675	1137
577	1100
660	874
631	1100
686	1066
706	1052
758	1168
796	1242
881	1221
818	1051
805	1164
687	1122
722	1053
664	1090
634	1095
654	1213
690	1128
666	1182
642	975
622	1086
627	1336
723	1112
751	1179
741	1220
797	1219
861	1232
877	1201
975	1452
963	1316
940	1210
994	1290
911	1251
884	1198
796	1058
855	1226
920	1195
842	1321
926	1233
934	1361
994	1434
1249	1532
1420	1581
1258	1511
1217	1388
1447	1348
1373	1390
1400	1445
1278	1403
1222	1340
1172	1307
1249	1288
1358	1296
1394	1258
1535	1418
1621	1387
1790	1468
1767	1426
1686	1613
1926	1604
2101	1634
1781	1685
1514	1547
1428	1443
1429	1406
1459	1392
1336	1133
1059	1151
1062	1309
1053	1201
1039	1248
989	1189
908	1278
840	1220
888	1212
849	1202
858	1068
785	1266
775	1238
741	1112
778	1305
858	1326
746	1438
809	1502
747	1365
714	1242
663	1328
669	1212
620	1317
591	1071
575	1089
648	1134
553	1033
633	1070
609	1200
622	1103
639	1050
612	1192
618	1248
634	1179
679	1204
570	1278
530	1106
508	925
579	943
616	1024
571	1094
510	1198
584	1176
559	1432
518	1240
538	1443
610	1321
609	1217
572	1226
507	1482
558	1303
577	1150
577	1159
555	1236
570	1152
579	1139
534	1264
595	1240
597	1276
611	1166
579	988
566	1061
533	945
536	1039
614	1021
609	1149
660	1250
637	1106
590	1098
660	1191
753	1126
670	1168
663	1189
724	1194
825	1134
828	1348
899	1074
946	967
908	1019
863	1019
777	1014
781	988
704	1073
703	858
625	960
675	1272
597	1116
675	1228
695	1186
623	1099
649	1046
646	1115
587	1148
639	940
643	1019
618	931
611	996
643	937
672	1099
631	1187
556	1179
568	1092
632	1259
588	1105
555	1213
618	1190
578	1061
560	1017
677	1032
559	1081
608	996
621	906
639	1080
638	1022
592	937
632	982
579	1001
553	1042
564	1214
682	998
647	1023
613	1033
628	1047
584	1105
587	1067
651	1200
603	1040
660	944
679	1117
606	1157
554	1026
577	1208
623	1217
621	1111
579	1093
576	1103
530	1168
676	1162
625	1237
562	1193
582	1129
626	1220
727	1331
722	1319
700	1321
652	1191
684	1184
686	1104
728	1241
643	1120
642	994
639	1118
581	1173
658	1126
646	1157
666	1195
623	1013
625	1257
726	1221
696	1228
698	1133
692	1118
662	1035
668	1009
691	1072
701	937
729	925
677	1145
693	976
728	1030
702	981
708	1142
743	1153
799	1172
789	1207
805	1298
706	1031
804	990
794	1014
864	1050
776	954
776	1023
751	991
722	1237
845	1094
828	1157
783	999
812	999
800	1230
891	1147
831	985
856	915
850	981
841	968
852	987
939	1097
943	1066
970	1093
948	1164
981	1033
986	1171
923	898
823	1015
980	1112
958	985
1006	1059
927	1182
963	1130
945	1197
976	1291
1094	2041
1175	2729
1135	2841
1133	2723
1116	2730
1270	2497
1287	2406
1205	2467
1174	2560
1215	2772
1347	3374
1291	3819
1196	2495
1048	1750
1136	1754
1277	2732
1362	5250
1422	6674
1345	5733
1406	5091
1511	5825
1712	6709
1789	5957
1913	5212
1884	5869
2188	6738
2294	7887
2495	7831
2466	7663
2218	6899
2172	6514
2289	6111
2208	4462
2024	4224
1964	4517
1937	5406
2055	7045
1963	6789
1948	7025
1919	6763
2030	6457
2048	5508
2308	4136
2390	3787
2512	2864
2705	2388
2858	2348
3017	2419
3116	2720
3168	2580
2962	2560
2796	2617
2649	3328
2410	3351
2275	3707
2229	4640
2199	4939
2135	5858
2161	6450
2195	6652
2188	7060
2263	6688
2397	6242
2326	5557
2394	4858
2347	4508
2533	3673
2423	3196
2417	3094
2424	3765
2295	3535
2217	3841
2064	2757
1958	2247
1840	1715
1941	1610
1811	1446
1827	1473
1720	1416
1704	1355
1602	1408
1740	1475
1769	1564
1764	1607
1781	1617
1798	1797
1858	1823
1873	1725
1748	1702
1752	1478
1601	1610
1514	1563
1329	1369
1149	1596
1162	1474
1087	1254
1096	1149
1073	1178
1007	1017
897	1049
868	1103
881	1213
888	987
828	1282
724	1305
693	1354
684	1196
695	1059
684	1141
633	1063
587	921
609	941
608	1062
617	1077
618	1042
583	930
583	903
644	952
577	875
624	881
553	923
546	1028
587	999
594	1041
563	1040
560	1159
583	1257
569	1440
553	1086
537	1306
538	1176
500	1139
562	1580
560	1296
593	1259
603	1203
596	1186
591	1195
551	1027
598	1121
587	1156
609	1083
577	1036
589	1281
558	1185
560	1225
599	1193
582	1232
643	1229
576	1108
562	1182
600	1217
534	1077
573	858
561	924
542	889
581	874
550	859
548	1047
551	1015
589	1037
651	894
526	960
514	1130
583	1110
562	1060
571	1144
550	1123
576	962
542	1215
554	942
488	976
570	948
541	1052
580	1152
526	1084
529	1130
545	1092
540	1245
576	1038
602	1013
600	961
575	1170
588	1202
573	1103
546	1254
563	1261
608	1124
636	989
647	942
580	975
580	1111
627	1288
680	1112
670	1045
690	942
744	982
739	1217
773	1126
811	1041
853	1060
770	1137
835	1344
879	1002
888	1022
873	1043
876	994
876	1077
784	1044
732	1011
762	1099
775	1160
714	1121
731	1028
638	1073
676	1269
683	1154
619	1122
704	990
639	1032
665	1108
706	1219
664	1163
587	1162
634	1237
629	1407
714	1228
652	1276
650	1112
655	1324
670	1444
632	1557
728	2369
776	3087
746	2760
817	3046
792	2712
742	2562
809	3279
828	3908
802	2726
758	2429
840	4315
831	4856
818	4507
783	3312
855	3766
888	3310
823	3606
770	3197
723	2104
659	1251
694	1488
799	2259
719	1983
672	1341
679	1328
723	1131
711	1209
739	1257
723	1447
721	1400
626	1392
624	1319
646	1514
687	1736
673	1515
659	1324
643	1452
680	1663
707	1961
724	1416
730	1222
781	1127
774	1158
749	1282
749	1330
734	1228
769	1313
813	1419
714	1501
729	1463
701	1376
688	1254
708	1245
651	1101
600	1020
607	1235
629	1014
585	1340
634	1192
559	1271
645	1457
662	1294
691	1289
704	1146
724	1314
717	1292
745	1002
778	1182
723	1107
716	1141
720	1130
701	1298
706	960
693	1101
681	991
685	1042
636	1084
661	1007
688	1027
686	1112
656	1153
641	1133
631	1164
605	1063
607	1217
652	1041
623	1287
648	1104
685	1276
701	1240
638	1136
648	1227
621	1110
650	1170
693	1059
668	1235
626	1347
634	1323
576	1253
592	1251
625	1316
632	1237
626	1303
621	1092
656	1228
656	1086
576	1049
608	1040
630	1043
589	879
553	914
573	860
547	1116
573	1211
544	1085
512	1088
574	1190
642	1170
543	1129
615	1243
617	1167
586	1150
565	953
566	1209
618	1192
610	1042
525	1049
564	1087
597	1139
585	1011
596	1075
591	1152
578	1227
550	1107
575	1017
552	1165
527	1208
526	1032
537	900
559	1267
599	1214
614	1173
604	1138
585	1081
600	1193
577	1117
574	1238
572	1216
615	1129
574	1091
625	1182
572	1080
592	1107
578	926
626	942
642	1052
578	1080
509	1109
592	1209
606	1274
635	1468
607	1321
580	1307
572	1319
550	1781
605	2448
641	2683
628	2659
627	2568
644	2172
582	2171
606	1790
593	1637
642	1442
645	1555
604	1382
677	1955
681	1454
754	2227
840	1935
825	1812
848	1239
882	1161
821	1153
818	1366
771	1340
595	1439
620	1152
587	1250
484	1451
510	1266
577	1169
527	1230
564	1209
587	1249
596	1122
557	1165
555	1118
597	1071
582	1149
590	1080
612	1169
722	1013
743	898
798	1307
763	1109
750	1163
842	1065
870	1154
787	1184
729	1188
740	1002
687	1205
619	1239
589	1067
638	991
548	1011
568	1082
537	1307
549	1139
519	1202
567	1224
581	1060
609	914
604	926
634	875
650	969
630	950
720	1060
661	1123
599	878
618	962
568	1028
574	1010
584	1060
567	870
600	1053
573	1095
561	1261
573	1286
567	1212
561	1197
596	1144
561	1061
581	1029
627	1052
590	1037
566	1187
583	1137
524	1254
602	1067
531	994
520	982
547	1026
532	1092
568	1052
563	943
530	1001
494	1027
535	1069
524	901
480	939
513	1133
514	1143
514	1228
559	943
529	963
485	985
538	943
534	1172
535	1194
630	1231
531	1029
575	1353
595	1054
612	1250
586	1254
579	1085
551	845
559	905
517	1087
513	1008
547	1014
592	1180
547	1195
532	1094
533	973
545	1084
587	1067
642	1052
625	993
583	1111
591	1265
602	1457
649	1405
653	1207
637	1308
656	1128
590	1179
644	1208
624	1281
611	1156
612	1020
531	1071
634	1138
595	1041
581	995
577	1037
569	1087
594	1079
620	1236
657	1487
686	1544
677	1556
664	1270
734	1232
689	1970
810	2350
836	3543
717	1287
696	1190
684	1284
700	1856
665	1165
668	1392
656	1649
747	2913
697	2047
654	1756
664	2346
673	1317
763	1283
826	1242
813	1141
783	1426
830	1562
878	1475
833	1373
775	1284
703	1112
742	1316
674	1182
636	1204
672	1192
724	1104
685	1154
619	1241
621	1200
699	1280
683	1233
689	1029
730	1311
762	2983
724	1677
735	1650
790	2008
768	3367
833	3882
655	2764
695	2775
692	2123
656	1679
635	1281
599	1299
607	1051
563	1398
565	1701
672	2005
631	2360
625	2057
584	1630
571	1597
607	1284
608	1127
558	1156
557	1248
547	1260
621	1075
529	1123
609	1351
561	1136
488	1259
513	1270
532	1415
577	1306
512	1401
475	1442
468	1398
514	1696
475	1818
533	1355
567	1297
540	1331
522	1529
542	1457
572	1752
493	1529
581	1410
536	1391
522	1303
563	1304
523	1538
468	1353
529	1289
522	1358
586	1272
505	1133
487	1241
491	1211
495	1054
501	1197
494	1274
459	1154
473	1072
490	1285
494	1090
513	933
506	1154
540	1020
470	1094
414	980
425	980
507	1023
469	1040
396	1021
411	962
468	1017
476	987
453	1028
429	1038
490	1126
445	1098
466	1163
500	1029
396	1060
471	934
482	931
493	1120
502	1042
503	1097
405	1087
421	1000
418	1030
490	1117
433	1123
503	1094
458	1118
492	1084
486	1040
502	1018
487	1188
454	1211
457	1066
471	1059
474	1120
465	1048
517	1144
490	1213
474	996
459	1033
453	1093
503	1048
510	1182
496	1210
534	1171
501	1267
503	1086
446	1159
483	1192
507	1261
432	1147
415	1124
430	1298
432	1947
454	2152
490	2123
525	2437
460	2509
599	4172
600	4112
718	7767
563	5059
579	3648
556	2879
466	1686
494	1107
515	1205
511	1108
489	1089
511	1398
546	1275
539	1401
488	1523
527	1912
482	1652
511	1857
613	2518
514	2121
475	1821
547	2269
527	2169
532	1522
493	1790
513	2522
609	5649
862	9697
708	6267
736	8039
678	5521
608	3660
601	3259
612	3015
566	2791
579	2908
604	2823
614	3579
589	3463
563	3976
562	3695
586	3343
543	3284
594	2847
621	2719
540	2795
513	2489
515	2422
476	1351
481	2103
510	3031
527	4166
506	4001
503	3621
492	3096
506	2523
563	2491
494	2118
512	1700
517	1651
521	1533
423	1250
503	1197
511	1213
544	1208
536	1085
535	1176
515	1164
515	1009
560	1229
491	1002
520	1090
466	1323
475	1280
490	978
489	1053
464	1073
580	957
533	1131
514	1141
511	1291
510	1254
533	1240
486	1063
472	1069
523	1182
522	1087
518	1156
577	1080
544	1365
504	1320
542	1364
568	1235
503	1264
497	1278
474	1156
491	1422
492	1214
503	1158
561	1119
530	1290
499	1170
505	1243
499	1248
570	1243
518	1221
532	1421
555	1413
593	1242
499	1122
487	981
496	1133
548	1115
488	1135
507	1170
520	1278
503	1174
454	1059
551	1098
542	1151
469	1149
457	1148
516	913
492	1040
481	1087
444	1116
467	1045
502	860
453	1128
476	1212
491	1225
492	1049
493	1114
460	1102
436	971
443	1177
488	1093
496	1169
451	1082
478	1057
494	1074
498	1249
538	1294
507	1166
457	1358
451	1387
484	1406
501	1431
495	1349
473	1289
497	1207
480	1157
519	1225
508	1344
553	1287
492	1275
469	1354
515	1267
500	1361
538	1276
524	1316
561	1231
520	1105
510	1061
507	1067
488	1159
461	1157
455	1156
465	1123
526	1302
507	1170
513	1393
431	1232
558	1192
442	1127
474	1125
466	1106
496	1253
539	1171
551	1163
576	1053
464	1077
536	1131
511	1043
501	1201
470	1096
497	1110
475	1015
472	1361
482	1335
460	1247
494	1001
447	1177
437	1205
488	997
522	996
504	1056
522	1133
500	1101
544	1169
511	1474
460	1328
499	1173
527	1236
524	1286
533	1480
505	1159
538	1295
500	1121
488	1272
461	1254
558	1460
516	1101
501	963
532	1029
457	1063
459	1064
507	1204
514	1207
524	1206
502	1007
553	990
517	1128
538	1090
530	1245
559	1047
508	984
491	1252
517	1229
477	1089
434	1104
490	1188
489	1122
492	1153
473	995
535	968
549	927
491	1036
532	1076
524	1045
542	1016
536	1129
511	1286
547	1143
492	1015
551	1204
583	1099
576	951
567	1090
572	1095
579	977
619	1103
697	1156
649	1073
615	1167
659	1215
748	1183
857	939
867	1085
804	1176
788	1133
863	1280
996	1451
932	1241
911	1208
1064	1481
1619	1614
2057	1818
2092	1898
1973	1582
1756	1351
1807	1366
1895	1704
1891	1714
1816	1535
1865	2107
2252	3600
2710	6028
3003	4686
3134	5012
3405	4396
3731	4278
4175	4053
4522	4455
4645	4181
4464	4380
4343	4160
4290	4156
4392	4078
4109	3655
3912	3536
3592	3149
3495	3259
3355	3141
3367	3079
3372	2772
3735	3343
3840	3427
4157	3015
4178	3685
4521	5434
4846	5421
4529	4504
3608	3738
3237	3992
3149	3174
3386	3071
3237	2808
2624	2105
2476	1983
2370	2075
2510	2447
2344	2278
2035	2165
1491	1573
1382	1413
1387	1394
1525	1611
1519	1678
1250	1580
1108	1203
1129	1256
1189	1441
1054	1330
825	1061
703	1112
771	1165
820	1130
735	1000
678	1079
673	1124
719	1016
761	1038
754	1031
681	1038
689	1084
641	890
709	997
703	1110
691	1325
558	1168
608	1098
675	1009
618	987
602	992
556	955
555	1114
560	1118
650	1016
535	1176
513	1209
621	1141
533	1060
601	1204
637	947
553	1213
572	1096
576	1218
606	1262
552	1189
633	1177
669	1225
636	1147
627	1162
580	1264
688	1209
634	1262
582	1302
608	1313
586	1303
583	1192
568	1259
651	1267
609	1227
583	1192
602	1176
659	1192
709	1275
711	1332
723	1316
724	1076
716	1257
935	1392
1009	1380
1016	1308
1068	1209
1155	1246
1170	1252
1203	1124
1115	1171
1072	1211
990	1393
1140	1289
1344	1289
1268	1375
1098	1326
1270	1258
1421	1326
1602	1312
1695	1382
1619	1252
1563	1289
1505	1264
1391	1300
1257	1266
1190	1208
1165	1190
1138	1176
1204	1182
1211	1442
1130	1458
1299	1380
1409	1298
1709	1369
1917	1291
2315	1437
2561	1325
2874	1448
3350	1446
3195	1475
3103	1351
2642	1473
2262	1302
1946	1194
1660	1499
1442	1488
1132	1384
1088	1250
1013	1298
1060	1361
1065	1231
978	1249
1074	1343
1253	1490
1527	1371
1770	1388
2152	1320
2497	1450
2668	1662
2559	1807
2343	1867
2203	1962
2184	1865
1873	1523
1619	1628
1407	1559
1165	1383
1146	1362
973	1142
971	1208
985	1267
984	1291
999	1164
1014	1052
1059	1340
1042	1356
1088	1549
1083	1672
1232	1488
1329	1700
1281	1819
1164	2042
1118	1769
1049	1577
1001	1491
851	1503
804	1078
786	1059
865	1303
882	1522
768	1359
747	1246
731	1329
735	1213
751	1145
757	1123
656	1180
691	1073
634	1121
620	1121
656	1037
600	1414
594	1339
580	1347
554	1254
570	1166
623	1280
627	1060
567	976
556	1135
615	1018
579	878
608	1095
643	1097
598	1104
510	1321
540	1126
621	1216
567	1248
590	1234
591	1464
597	1337
514	1197
574	1240
547	1132
522	1071
583	1237
565	1565
557	1830
569	2011
531	2602
636	3215
662	3415
657	3191
643	2875
624	3467
600	3555
1127	13018
1287	12831
1046	9313
789	5710
671	3102
681	3464
537	1964
657	3287
576	4313
747	6046
553	1304
670	1153
638	1222
601	1230
555	1298
644	2154
699	2820
682	3290
664	3642
611	1573
618	1358
633	1226
621	1229
610	1633
818	5648
733	5446
897	8006
844	6031
779	4266
856	5908
807	5055
837	4985
690	1505
604	1599
635	1752
625	1746
709	1540
673	1138
599	1114
586	1249
573	1372
543	1581
564	1587
582	1402
576	1167
472	1253
534	1297
533	1246
595	1198
530	1131
522	1185
481	1265
535	1268
505	1288
473	1229
485	1320
557	1434
486	1126
491	1315
488	1329
537	1431
562	1450
590	1538
577	1535
510	1474
462	1427
534	1453
597	1384
564	1612
495	1541
501	1430
540	1405
535	1255
490	1184
506	1243
547	1214
520	1134
543	1316
524	1322
522	1507
515	1385
472	1518
562	1524
605	1747
594	1664
569	1553
523	1815
536	1738
577	1727
536	1459
499	1254
510	1102
544	1254
524	1220
514	1227
540	1209
558	1182
512	1068
523	1275
544	1343
500	1156
496	1128
544	1339
508	1443
512	1390
458	1257
517	1121
514	1103
522	1270
486	1150
524	1157
513	1199
467	1182
532	1255
511	1190
477	963
592	1144
510	1052
554	996
487	1026
557	969
615	1216
583	1207
556	1199
569	1171
519	1010
591	1077
556	1290
569	1281
606	1245
594	1343
609	1345
584	1179
661	1120
643	1252
540	1293
630	1294
601	1180
601	1117
528	1261
542	1131
596	1067
589	1245
614	1416
572	1322
611	1285
556	1345
596	1222
667	1270
606	1283
611	1304
608	1419
575	1297
564	1332
607	1356
547	1274
596	1302
592	1308
656	1346
647	1395
644	1300
638	1464
699	1319
750	1420
777	1627
740	1456
737	1277
746	1177
731	1141
731	1156
728	1168
753	1149
649	1039
612	1169
691	1154
658	1110
634	1072
689	1065
690	955
635	1126
661	1170
639	1173
635	1322
675	1294
721	1318
685	1270
743	1318
784	1138
876	1074
877	1090
758	1103
782	1078
695	1162
756	1083
756	1165
722	1164
677	1198
648	1195
580	1261
669	1052
634	1005
648	1195
615	1284
641	1233
689	1213
739	1120
775	1110
753	1233
805	1391
891	1373
938	1253
850	1311
882	1120
817	1081
790	1218
841	1040
795	1053
770	1149
679	1248
764	1204
699	1238
640	1178
698	1176
699	1091
678	1108
712	1242
692	1436
750	1227
665	1150
693	1042
674	1010
752	1217
693	1295
650	1104
636	1338
706	1058
653	1167
696	1158
666	1105
667	1192
711	1208
685	1159
727	1003
792	1080
804	960
815	991
757	1024
816	997
721	1112
702	1134
648	1214
624	1433
618	1261
600	1220
582	1351
511	1444
614	1247
546	1239
546	1225
545	993
582	1214
605	1372
579	1229
687	1281
626	1324
721	1406
716	1520
722	1407
710	1354
734	1388
698	1274
600	1115
649	1000
641	983
618	1187
559	1225
561	1103
614	1293
567	1303
518	1187
570	1072
599	1284
555	1248
596	1265
571	1427
588	1272
643	1207
614	1220
599	1377
603	1138
634	1179
664	1247
597	1191
558	1205
570	1167
536	1112
514	1286
578	1360
566	1301
525	1132
563	1332
564	1225
549	1230
501	1363
556	1305
505	1192
559	1375
572	1299
525	1222
439	1417
527	1178
554	1494
542	1226
535	1247
532	1433
512	1525
530	1493
539	1283
512	1309
497	1288
508	1299
497	1297
473	1264
632	1301
515	1243
495	1242
534	1265
461	1265
574	1276
504	1307
555	1170
549	1227
517	1338
464	1258
505	1065
488	1147
492	1118
455	1172
489	1126
503	1091
463	1129
494	1011
499	1092
484	1140
462	1212
494	1148
530	1116
461	1143
499	1054
449	1115
552	1122
534	968
533	1141
549	1186
495	1047
552	907
500	1027
524	1062
573	1087
504	1089
506	1153
510	968
456	1071
571	1130
528	1095
514	1126
517	1197
506	1038
499	1169
561	1195
562	1084
532	1166
549	1132
554	1165
516	1242
534	1183
615	1166
556	999
563	1265
634	1230
539	1221
600	1230
638	1223
598	1167
613	1140
518	1018
569	1012
559	1167
485	1017
565	1010
489	1053
576	1089
565	1153
622	1560
576	1276
542	1120
564	1351
523	1697
593	1913
583	2322
672	2399
659	2307
628	1848
634	1620
613	1387
581	1315
588	1469
563	1498
567	1545
585	1378
611	1463
580	1730
586	1309
546	1388
534	1536
614	1189
634	1260
585	1531
575	1488
631	1806
607	1974
616	2067
593	1957
689	2946
618	3219
693	3011
676	3281
654	3299
694	3214
687	3264
736	3458
652	3609
694	3403
690	3237
733	3586
712	3538
630	3730
678	3645
674	4021
780	3970
766	4245
790	4426
683	4010
759	4220
752	3993
826	3924
778	3875
786	3865
768	3958
663	2913
595	2388
698	2309
670	1969
626	2066
667	1823
635	1833
590	1790
660	2191
666	2563
677	1984
654	1991
731	2432
659	2294
677	2423
685	2699
746	3357
703	3515
740	3348
733	3150
724	2983
679	2318
658	2068
604	2006
673	2027
622	2102
701	2038
599	1861
551	1997
651	1835
630	1853
627	1925
632	1901
643	2133
690	2723
726	2610
700	2566
710	2259
757	2313
732	3285
699	2884
730	2649
697	2774
757	2569
741	2430
700	2367
742	2350
661	2248
608	2205
667	2152
716	1999
685	2048
658	2091
675	1901
653	1723
699	1873
688	1887
644	1900
650	2204
695	2301
687	2295
678	2687
734	2409
704	2075
699	1772
726	1884
732	2038
747	1960
685	1713
667	1623
705	1568
637	1861
598	1283
612	1096
590	1149
572	1193
661	1285
649	1384
631	1459
676	1355
609	1216
644	1090
663	1149
633	1112
624	1227
616	1262
602	1429
639	1313
598	1255
593	1132
593	1056
602	1166
638	1437
635	1789
596	1667
579	1352
518	1401
622	1331
627	1423
602	1332
576	1195
600	1172
556	1070
552	1061
598	1065
595	1321
599	1377
595	1173
557	1187
621	1219
599	1166
554	1043
508	1119
545	1197
598	955
530	1223
520	1208
490	1107
495	1255
495	1122
509	1105
455	1133
503	1131
512	1079
490	959
515	1079
516	1100
524	988
486	1106
527	911
532	998
567	1026
504	946
487	1145
469	1222
477	1165
510	1310
512	1319
540	1076
517	1142
510	1016
520	1026
578	1213
460	1142
587	1324
540	1170
536	992
462	1080
470	1303
474	1090
466	1236
458	1391
542	1680
533	1390
491	1402
488	1180
486	1229
508	1121
499	1354
527	1403
505	1295
425	1184
477	1150
490	1231
460	1299
496	1310
503	1392
498	1377
512	1318
523	1334
469	1422
492	1427
465	1167
450	1035
504	1104
516	1342
520	1323
522	1169
565	1270
564	1196
516	1088
477	1098
474	1115
508	1151
493	1257
493	1149
425	1148
483	1150
473	1211
473	1025
506	1104
487	1096
483	1007
502	1179
560	1317
502	1293
507	1228
443	1296
480	1201
484	1222
498	1113
501	1152
499	1243
464	1140
501	996
503	1142
480	1117
479	1081
490	1188
518	1229
518	1293
531	1230
513	1333
470	1229
431	1230
503	1154
419	1199
478	1104
489	1171
448	1146
468	1112
429	1179
499	1083
508	1036
494	1194
495	1105
483	1083
493	1033
499	1158
487	1000
513	1130
477	1003
467	865
480	945
526	881
468	937
494	970
501	1217
481	1022
532	1035
517	1225
482	1306
494	1131
548	1118
576	1117
529	1169
487	1066
533	1026
520	1070
484	938
529	950
533	1018
542	1069
498	1054
515	903
482	1078
496	1087
522	990
476	1103
487	790
461	819
533	898
564	841
518	883
542	863
537	951
484	1046
495	1065
492	1090
514	922
557	1014
550	1111
566	1041
546	1204
606	1214
562	1217
574	1074
579	1104
594	1084
604	1101
584	1228
615	1130
654	1295
608	1134
760	1285
768	1173
839	1083
961	1155
1219	1181
1596	1118
1556	1341
1874	1443
2535	1688
3068	2009
3372	2016
3332	1857
3223	1833
3353	2109
4316	2602
4866	2898
5015	2840
4589	2665
4539	2523
4634	2336
5078	2848
4999	3057
4703	2914
4573	2526
4440	2372
4490	2183
4639	2146
4562	2269
4683	2448
4774	2534
4833	2707
4785	2692
4842	2681
5354	2857
5252	2828
5002	2692
4706	2753
4908	2678
4826	2740
4449	2612
4117	2305
3573	2088
3146	1873
3003	1644
2721	1685
2450	1525
2079	1696
2041	1458
2086	1449
2107	1416
2164	1365
1858	1508
1831	1607
1817	1465
1824	1873
1590	1754
1323	1745
1079	1974
1153	1911
1229	1729
958	1669
791	1612
652	1507
656	1423
615	1424
630	1329
749	1523
815	1227
956	1078
1031	1221
1032	1385
1096	1308
1068	1490
979	1249
876	1243
819	1300
733	1566
659	1719
594	2102
580	2931
632	3955
717	4829
694	4341
579	2765
562	1899
571	1747
561	1697
592	1465
544	1242
589	1154
614	1178
716	1305
704	1180
700	1272
668	1160
742	1194
713	1202
722	1107
658	1136
635	1236
587	1114
655	1299
597	1294
582	1062
577	1099
540	1210
553	1125
530	1271
543	1192
588	1356
634	1135
589	1152
673	1179
513	1190
563	1078
583	1108
607	1174
592	1040
582	1252
548	1222
625	1307
547	1068
608	1093
538	1029
539	1130
547	1069
548	1183
619	1038
606	1027
620	1140
685	1060
741	1230
705	1024
704	969
689	1123
641	1784
602	1896
579	1729
635	1727
565	1856
550	1537
558	1252
574	1054
544	1146
547	1257
564	1210
565	1193
550	1045
577	965
546	1114
619	1187
645	1172
571	1151
536	1240
572	1229
532	1110
513	1220
573	1116
496	985
601	1080
540	1126
609	1147
585	1231
544	1237
584	1217
616	1175
516	1113
566	1108
578	1035
686	1255
620	1163
641	981
641	933
644	1002
590	996
670	1019
616	1094
689	1208
538	1198
576	1010
566	1173
533	1310
526	1139
610	1133
631	1187
592	1098
563	991
595	1124
632	1022
569	1108
602	1277
652	1323
649	1310
677	1295
704	1501
688	1564
663	1428
656	1266
611	1506
611	1355
620	1255
560	1187
559	1208
607	1277
627	1313
606	1296
643	1325
631	1108
610	1300
656	1472
582	1316
615	1178
698	1210
683	1118
710	934
722	1084
646	1093
654	1111
582	1278
578	1215
653	1112
532	1246
552	1535
608	1315
632	1248
638	1356
594	1482
536	1291
694	1373
642	1393
641	1497
631	1430
576	1293
638	1331
624	1472
641	1530
660	1668
606	1758
593	1469
674	1444
703	1235
622	1350
644	1246
607	1410
605	1348
712	1263
625	1465
701	1534
640	1272
590	1226
643	1299
698	1438
633	1235
619	1600
613	1778
658	2186
638	2066
604	1543
607	1392
574	1499
672	1420
631	1749
576	1347
595	1425
628	1300
586	1298
574	1265
665	1205
683	1532
651	1668
676	1759
633	1638
628	1614
625	1906
638	1760
620	1693
663	2294
660	2443
617	2668
631	2500
644	2095
721	1649
630	1632
702	1750
722	1768
708	1932
700	1569
673	1521
667	1684
684	1612
705	1801
666	2086
696	2312
764	2506
718	2469
714	2444
783	2365
776	2412
688	2226
720	2371
791	2152
694	1684
727	1614
764	2704
853	8017
792	3507
793	1919
806	2310
900	1827
753	1865
885	1909
818	1868
766	2164
862	2366
842	2631
905	2657
862	2572
790	2611
859	2697
848	2093
793	1665
881	1521
833	1269
927	1265
952	1490
813	1462
870	1391
887	1445
967	1562
952	1431
878	1416
864	1460
783	1727
832	1584
840	1956
915	2130
963	2214
873	1762
828	1676
853	1302
897	1504
960	1594
976	1406
968	1401
920	1335
933	1365
1001	1484
945	1424
954	1354
923	1333
888	1720
925	2234
791	2614
782	2141
761	1586
796	1287
803	1320
788	1302
788	1333
777	1392
804	1521
813	1567
847	1838
862	1703
852	1477
783	1381
780	1382
808	1456
789	1390
771	1272
711	1309
723	1169
711	1184
755	1104
656	1102
780	1191
804	1215
801	1098
711	1061
767	1143
777	1374
757	1176
722	1149
670	1166
665	1301
693	1298
679	1205
670	1409
596	1360
659	1199
733	1325
744	1293
765	1217
702	1431
806	1434
809	1259
842	1270
854	1230
824	1454
871	1343
917	1466
834	1229
794	1367
727	1377
728	1467
788	1221
870	1275
939	1962
944	1612
1067	1142
938	1317
940	1282
960	1229
981	1163
953	1148
964	1176
999	1148
1134	1264
1090	1169
1039	1195
1048	1112
1017	1034
975	1157
992	1149
997	1054
1056	1237
1182	1146
1309	1035
1210	974
1217	1034
1179	1032
1152	1118
1173	1157
1073	1146
1025	1248
1167	1236
1196	1105
1063	1285
1146	1230
1133	1213
1136	1196
1013	1380
994	1109
991	1190
955	1126
949	1064
982	1139
928	998
908	997
823	968
905	1047
874	942
902	896
912	806
869	970
896	875
923	1190
969	1223
938	1024
926	965
905	873
1037	888
834	865
841	1013
838	1005
790	1015
842	1137
820	1253
819	1272
851	1306
746	1183
786	1173
733	1262
712	1289
739	1067
768	1041
672	1160
799	1050
791	977
759	1254
760	1151
739	1140
714	1212
628	1342
675	1270
726	1224
689	1283
685	1240
685	1095
656	1042
766	1180
660	1269
674	1326
666	1096
676	913
665	980
674	1190
699	1189
714	1315
747	1289
752	1116
759	1266
734	1090
696	1222
701	995
776	1099
764	1209
723	1150
691	1160
715	1231
660	1038
700	1087
621	1054
604	1263
649	1189
672	1312
745	1378
708	1248
625	1154
680	1178
717	1170
700	1029
755	1193
751	1121
732	1245
721	1282
742	1173
835	1140
915	1171
986	1174
904	1187
893	1047
881	1098
933	1285
835	1002
898	1193
957	1169
988	1245
1035	1115
1115	1273
1002	1147
972	1135
1052	1120
1089	997
982	1030
907	1011
932	1171
929	1216
934	1066
925	1222
854	1176
909	1232
813	1243
792	1121
805	1114
801	1248
845	1392
829	1232
835	1213
786	1309
827	1089
830	1162
837	1229
868	1150
766	998
826	1039
757	1139
669	1161
630	1156
663	1232
688	1156
699	1282
633	1318
557	1342
568	1279
580	1079
584	1116
615	1079
577	993
527	1017
541	1069
580	1023
538	931
556	1047
583	1119
585	1073
579	1022
586	1014
596	1070
519	1062
505	1239
559	1093
526	1074
516	1037
527	912
516	1065
549	1292
525	1157
599	1122
537	1284
571	1260
554	1201
517	1252
495	1129
508	1032
463	1175
474	1142
475	1169
478	1172
459	1062
543	1149
466	1057
499	1002
492	944
504	1211
458	1044
450	1075
487	897
427	957
532	900
434	928
478	953
513	1090
525	958
478	1014
467	807
494	801
526	898
515	1045
471	1032
534	984
502	766
464	967
446	1055
472	882
493	981
515	922
503	1042
486	967
452	1053
469	946
520	1039
506	969
485	879
494	875
473	931
504	990
549	1057
487	1071
487	1079
467	1138
491	1322
407	973
514	1002
488	1164
517	992
438	903
504	1036
490	992
497	955
483	1021
484	1158
496	1260
447	1285
499	1316
510	1108
484	1141
480	1238
426	1123
511	1041
543	1262
478	1216
424	1241
493	1025
463	1014
468	1081
473	1113
485	1351
492	1172
528	1354
562	1091
469	1245
428	1156
479	1012
491	1124
552	1131
521	1101
498	1172
399	1067
499	956
513	1158
449	1172
449	940
455	1213
449	1157
463	1148
456	1298
523	1154
402	1289
508	1347
440	1223
488	1360
470	1174
466	1113
493	1199
463	1125
461	993
488	1259
524	1281
434	1246
479	1228
493	1244
490	1319
481	1263
493	1262
467	1308
489	1268
520	1003
480	1101
528	1032
555	1038
512	834
530	881
507	939
477	1084
531	1059
511	1168
537	1106
520	1106
539	1357
521	1264
539	1296
463	1424
517	1500
498	1225
485	1285
491	1254
483	1398
506	1270
457	1490
514	1427
560	1092
536	1272
443	1293
448	1148
485	1110
476	1091
460	917
482	1245
499	1070
504	985
489	1134
472	1240
468	1183
471	1123
507	1174
470	1447
472	1203
546	1210
466	1196
433	1100
422	1177
441	1255
441	1211
520	1089
501	1133
495	1165
470	1078
450	1112
474	1211
456	1360
518	1138
522	1234
540	1345
479	1044
466	1132
473	1051
516	1170
498	1041
460	1121
468	1037
447	1069
469	1164
436	1053
480	1073
437	1026
472	931
440	1033
616	1070
532	1043
546	1193
464	1135
486	1044
518	1056
478	1166
484	977
519	868
494	841
462	843
456	922
469	825
514	903
468	900
446	961
460	947
455	992
509	1119
497	1142
530	1057
516	1001
443	1145
450	1057
501	1051
541	1154
454	1078
454	923
531	1022
466	1151
427	1034
458	1128
449	1164
542	1327
500	1138
448	1053
512	943
494	1053
522	1105
492	1337
571	1279
495	1309
472	1313
465	1287
480	1209
464	1197
494	1021
518	1266
553	1320
544	1376
459	1244
474	1116
512	1116
558	1036
495	979
506	1171
506	1217
495	1145
536	1185
565	1142
585	986
549	1126
495	1115
458	1176
493	1032
472	1077
556	1068
495	1078
566	1193
503	1309
480	1240
515	1380
543	1557
523	1547
455	1418
490	1500
500	2284
484	1651
495	1141
473	1094
509	1173
508	1266
493	1413
499	1480
498	1618
583	3195
564	3147
572	3119
584	2059
566	1682
545	1247
426	1175
512	1070
546	1078
534	1038
491	1064
542	1054
552	1140
491	1172
535	1084
521	1035
619	1019
575	1139
510	1108
566	1013
568	929
499	938
517	1021
543	966
578	908
594	1118
630	1209
648	1121
559	1004
604	950
640	1165
712	1191
660	1135
656	1272
692	1221
788	1237
877	1206
899	1080
838	975
935	1209
1191	1494
1198	1674
1290	1569
1312	1968
1275	2053
1356	1772
1492	2996
1625	3684
1647	2897
1676	3361
1734	2687
1948	2941
1895	3284
1773	2111
1727	2157
1669	1918
1553	1656
1491	1535
1429	1340
1540	1413
1450	1075
1438	974
1392	1113
1393	1298
1352	1070
1500	1106
1621	1091
1624	1150
1680	1283
1816	1217
1824	1275
1982	1115
2009	1078
1932	1316
1825	1147
1642	1286
1670	1265
1673	1151
1545	957
1549	1067
1566	1188
1407	1076
1428	1366
1321	1131
1336	1171
1338	1128
1515	1194
1403	1241
1372	1041
1393	1305
1437	1182
1382	1295
1368	1378
1295	1343
1262	1441
1218	1259
1193	1372
1144	1212
1025	1332
980	1341
966	1127
809	1157
867	1181
813	1287
757	1195
753	1353
805	1238
816	1311
750	1401
775	1201
728	1362
794	1209
787	1305
670	1201
578	1177
663	1113
616	1014
610	984
537	1115
601	1001
542	1161
548	1328
541	1212
533	1179
460	1028
503	987
457	1289
515	1160
476	1153
510	1064
459	1131
487	931
501	1068
519	1132
494	1182
498	1162
579	1117
487	1257
570	3081
494	1519
575	1763
701	4487
732	5590
696	4726
644	2610
826	1545
988	1313
725	1306
650	1381
618	1200
812	1443
791	1415
771	1486
717	1379
699	1337
709	1296
693	1125
662	1187
721	1150
746	1099
672	1070
681	1110
669	1047
781	1147
732	987
649	1062
576	1102
540	974
573	1125
477	1090
493	1029
507	1123
510	1061
516	1181
515	1205
572	1111
512	1146
525	985
463	983
535	1125
534	988
525	1015
541	978
569	990
554	1010
536	1097
556	1048
499	1010
524	985
547	899
520	946
479	899
520	985
484	1151
456	1017
511	1022
489	884
497	1065
581	1132
570	1303
555	1202
563	1260
524	1442
501	1140
508	1120
515	1247
471	1237
548	1406
508	1070
462	919
484	986
462	1082
479	1109
469	1106
543	976
541	956
461	878
499	1060
595	2137
470	1463
463	1110
501	1228
535	1348
559	1885
553	3201
603	3008
590	2354
528	1920
571	1500
521	1021
537	1120
614	1512
525	1419
554	2132
554	2824
626	2400
579	2727
571	2907
539	2343
572	3141
550	2282
474	1703
577	1859
499	1810
509	1629
585	1432
513	1465
508	1529
569	1560
506	1666
521	1747
533	2324
536	2277
560	1971
560	1680
501	1618
585	1414
541	1426
609	1525
585	1472
543	1673
617	1725
607	1674
550	1372
541	1402
575	1622
514	1323
544	1158
518	1031
553	1129
568	1110
566	1305
602	1201
603	1019
583	1024
587	1190
552	1534
542	1544
515	1401
553	2068
521	2155
552	2343
572	3742
578	3714
518	2681
550	1716
568	2105
542	1678
539	1624
538	1843
504	1205
545	1659
525	1381
583	1367
611	1758
546	2253
538	2058
583	2241
670	2527
636	2266
637	1619
612	1429
600	1228
648	1322
623	1719
670	1619
543	1717
617	1674
591	1560
559	1557
516	1496
584	1630
522	1537
553	1209
525	1106
514	1289
527	1396
570	1273
562	1490
558	1318
606	1181
598	1236
553	1165
561	1185
569	1238
618	953
617	937
558	959
573	877
535	881
578	847
542	997
539	1147
560	1081
575	938
492	879
607	842
549	856
572	952
584	939
522	983
560	1045
580	931
568	937
504	1139
565	973
598	966
530	1131
519	992
498	922
496	866
512	797
501	993
493	991
520	946
563	942
541	1100
497	932
517	958
497	1010
496	1045
533	863
466	947
535	1059
469	1088
448	1030
461	1032
499	886
467	1097
509	1014
530	1034
444	974
516	985
517	1112
473	1095
478	1132
487	971
492	1093
444	1092
461	967
471	1102
507	954
492	973
498	1061
489	1093
498	1101
505	1074
595	1242
487	985
502	1113
578	1154
530	1156
606	1208
511	997
495	1130
509	1145
485	1210
517	1142
490	1310
452	1409
504	1492
569	1257
472	1222
528	1394
493	1241
477	1095
498	1121
508	945
444	949
399	1037
465	1226
437	1969
463	1236
462	1070
423	1061
515	1095
578	1403
568	1906
550	1645
506	1286
493	1360
488	1099
493	1092
485	1116
499	1159
438	1235
515	1156
427	984
393	995
476	861
478	920
448	1045
495	970
490	951
456	1131
479	1274
489	1517
509	1124
569	1390
483	2009
491	1965
475	1184
468	1188
462	972
474	1157
513	1218
438	1361
482	1144
489	1197
541	1333
495	1161
433	1057
470	1014
413	1262
487	1213
520	1200
454	1233
470	1529
532	1148
461	1017
455	939
542	1035
482	1221
511	1021
506	1022
577	991
522	1063
446	1078
502	1015
540	1070
526	1004
494	1120
504	963
531	943
519	1163
608	984
578	1171
557	1018
603	1089
600	1294
645	1552
579	1745
601	1769
564	1367
550	1039
704	1084
617	1291
639	1039
648	917
587	1000
697	1004
712	847
722	964
730	1108
730	950
765	981
804	1142
733	1031
704	1049
782	1073
737	989
745	942
717	975
768	967
777	941
836	1038
830	1113
843	983
807	1083
848	1155
818	1105
812	1070
833	1106
777	1161
780	1317
841	1389
803	1564
823	1814
811	1688
875	1937
824	2005
893	1874
945	1757
824	1390
918	1293
952	1124
1017	1301
1030	1373
989	1218
948	1138
891	1286
853	932
711	994
706	1051
700	1261
728	1512
793	1398
705	1640
689	1626
751	1942
735	1869
725	1662
809	1511
826	1141
823	1238
808	1156
833	1127
869	1185
804	1211
800	1302
788	1257
739	1200
734	1114
635	1108
711	1303
676	1132
673	1059
677	1007
597	963
575	1045
611	1046
607	1088
670	1101
627	1187
682	1192
649	1174
687	1190
717	1199
717	1229
710	1396
704	1179
654	1125
654	1168
620	1091
602	1045
590	1080
625	1221
593	1285
516	1020
537	989
563	826
589	1028
531	989
556	1102
517	1026
521	1190
528	960
576	1093
538	1071
578	1155
553	1217
523	1084
568	971
550	985
492	922
594	1091
524	1131
547	1136
536	1077
563	1051
579	1122
551	1104
509	1020
580	887
576	953
600	1017
546	1015
501	948
497	909
522	980
575	980
488	906
469	1073
473	1196
447	1023
453	1014
434	982
488	1058
519	874
535	804
484	817
502	985
535	924
564	966
522	968
531	920
486	950
512	917
557	881
489	919
464	906
454	957
477	1095
491	1094
464	1115
503	941
505	1033
477	964
471	1035
464	1177
488	922
488	1242
475	1507
503	1478
518	1033
498	951
471	1142
515	1238
468	1451
465	1357
458	1432
506	1947
511	2094
513	1446
439	1174
463	1191
496	1247
534	1239
603	1336
535	1869
552	2132
529	2120
568	2049
600	2683
540	2404
520	2031
556	2283
532	2507
540	2458
494	2051
518	1322
469	1388
523	1305
532	1395
462	1212
430	1434
489	1334
476	1407
602	1308
591	1465
581	1769
548	2069
620	2376
628	2510
608	2349
604	2024
585	2298
589	2442
544	2672
588	2439
577	1880
561	1665
522	1580
541	1268
542	1310
544	1462
564	1324
564	1485
578	1991
603	1993
575	1750
601	1507
570	1294
615	1227
621	1218
618	1098
595	1144
551	1243
591	1345
576	1328
492	1240
558	1418
528	1726
604	2123
625	2073
562	1925
645	2265
634	2454
584	2354
579	2185
577	2073
573	1532
585	1501
623	1142
657	1052
561	1006
649	1200
608	1143
624	1425
575	1195
563	1001
538	819
521	976
548	1132
568	1250
548	1178
568	1094
524	1362
545	1112
629	1214
614	1144
575	1047
675	1017
653	1056
630	1033
626	1099
662	1068
564	1056
586	958
617	1092
623	890
557	1038
502	975
525	894
531	881
505	944
583	966
517	857
527	1025
575	1156
549	1013
548	1028
577	1237
499	1209
550	1338
514	1242
488	963
525	1103
516	1094
531	1189
490	1042
517	1085
514	960
460	949
513	1061
485	1063
522	1042
439	989
470	1016
505	911
531	907
466	933
462	1022
488	1114
415	1143
543	1353
480	1159
517	1211
517	1034
457	985
447	1102
492	1016
485	1140
553	1512
526	1397
503	1341
454	1200
484	1161
504	1175
521	1492
499	1452
480	1518
518	1243
505	1329
499	1382
459	1485
535	1193
491	1303
517	1110
466	997
552	1244
499	1154
554	1023
499	1102
536	1238
498	934
482	1044
525	1196
482	1138
542	1095
491	1104
554	1223
556	1312
547	1432
519	1404
497	1080
468	1368
445	1420
493	1183
510	1205
609	1155
660	1039
572	1067
576	1008
661	971
853	1205
879	1149
860	1260
888	1318
1115	1320
1288	1259
1388	1076
1311	985
1107	1039
1219	1063
1336	1168
1362	1116
1538	1185
1499	878
1661	969
1871	1061
2144	1075
2179	1287
2447	1438
2445	1259
2252	1517
2154	1315
2021	1318
2024	1275
2075	1133
2018	1110
1836	1139
1678	1248
1788	1214
1869	1163
1676	1273
1438	1382
1364	1256
1406	1160
1380	1060
1247	1155
1030	1040
903	1211
886	1088
991	1112
886	1020
775	917
708	1051
707	1055
738	945
810	1044
719	1242
693	1147
641	1105
661	1174
737	1164
710	1180
689	1104
594	942
613	1095
549	999
549	990
573	1087
605	1120
518	1015
573	1031
528	931
485	1067
618	1060
556	1154
564	1237
506	1109
458	1167
514	1030
464	1404
515	1406
527	1627
518	1360
564	1233
540	1146
518	1202
529	1144
553	922
491	1174
562	1076
431	1243
462	1238
463	1152
506	1132
446	1117
448	1093
431	1071
433	956
495	965
531	1090
509	1116
530	1079
512	1070
513	975
521	1184
536	1199
519	1041
474	1115
489	1040
528	1030
511	1120
585	1130
555	1140
548	950
550	925
515	1047
551	1081
573	1210
565	1261
484	1097
510	1008
554	1102
495	1211
501	1173
474	1098
443	950
477	908
533	971
457	930
471	974
504	1010
503	1054
545	1174
526	1099
526	1004
579	1121
526	1178
512	1044
550	1056
517	963
511	1173
548	1176
485	1308
532	1274
554	1408
459	1262
527	1085
513	1192
585	1283
564	1155
546	1074
562	929
477	1188
460	1174
519	897
511	1035
544	1066
471	1056
508	1108
506	1095
492	1032
487	1007
489	998
508	1228
547	1022
503	1062
520	1149
544	1065
535	1179
461	1086
461	1024
569	1190
535	1126
476	1024
512	939
462	1029
489	1060
514	1080
498	1065
468	1031
507	1022
477	1218
498	1041
529	1006
536	1022
553	1042
570	1070
720	1091
789	1110
741	1073
781	1186
699	1239
746	1242
637	1230
589	1030
607	1066
594	1072
578	1169
573	1361
541	1397
535	1337
559	1352
548	1392
456	1311
546	1110
578	1086
508	1217
523	1101
532	1144
611	1058
559	1177
574	1193
545	1293
518	1240
499	1335
527	1189
496	1189
475	1068
516	1215
569	1095
492	1204
542	1379
509	1177
536	1197
570	983
580	1108
595	1249
655	1150
714	1053
634	1177
605	1114
610	1140
598	1103
574	1019
553	864
568	881
577	849
521	904
562	975
545	1068
479	881
507	961
494	896
533	996
570	1166
593	1186
510	1238
513	1122
504	1059
506	1016
489	1146
511	996
537	1042
542	980
566	1099
563	1004
518	1088
557	916
562	953
527	1132
553	1159
542	1057
545	1051
518	1010
530	987
504	1011
540	1012
523	900
573	956
511	1000
516	1041
490	1196
474	1141
497	999
495	932
505	920
459	1040
488	1032
515	1072
543	1142
517	1101
521	1087
541	1071
535	980
566	1023
625	1106
604	1032
530	984
548	1000
551	1064
508	956
581	996
568	1018
595	1088
611	1087
661	1011
665	1043
625	1127
675	1120
605	1114
585	1372
642	1147
622	1018
644	1008
578	887
641	1028
557	921
522	964
567	1084
578	1022
627	1161
633	1204
602	960
568	1060
583	1271
584	1050
580	1040
628	1079
670	1043
604	1104
563	1094
598	1031
608	1063
617	985
600	1040
544	945
573	944
537	915
616	968
531	1002
635	1195
590	1025
579	1010
606	923
545	1006
612	988
578	1065
562	1049
617	1073
611	1137
561	993
560	1081
587	1002
610	998
573	1035
582	1171
646	1208
612	1226
598	985
568	916
558	1019
601	1040
546	1074
627	966
645	1032
626	1003
563	1125
648	1016
589	1082
637	1048
639	992
602	1080
640	1216
608	1156
627	1023
560	1106
654	938
620	1098
680	1074
629	986
580	944
633	887
617	956
613	885
600	1002
586	1009
592	1033
645	1012
658	1103
600	1225
617	1036
603	1002
547	1143
618	1131
647	1025
686	1201
626	1214
618	1222
616	1084
624	1136
668	1025
662	1175
646	1168
603	1110
655	1101
646	1270
626	1164
651	1103
689	1109
649	1201
717	1236
638	1365
623	1295
640	1183
678	1026
658	994
657	915
631	1092
675	1196
689	1210
588	1174
637	1126
658	1151
705	1160
613	1000
642	1058
637	1036
680	1009
704	1097
579	1020
635	1013
683	1013
707	1135
680	1046
685	1164
631	973
678	1162
735	960
773	1026
732	1191
684	1080
667	957
733	1078
688	1042
720	1187
691	1063
727	1105
654	1177
630	1108
680	1038
651	988
688	1009
734	1107
730	1163
636	949
697	988
762	1016
776	1094
781	929
851	932
831	882
794	963
755	881
749	976
842	1013
772	1260
802	971
812	975
811	896
790	879
821	894
761	996
870	929
843	978
878	1055
841	1028
789	815
820	977
845	956
967	976
1002	1093
885	1068
818	1067
910	1050
913	1048
939	1134
846	1016
815	1082
959	1310
956	1544
922	1337
1081	1123
1002	1626
1034	1852
996	1158
1063	1114
1067	1255
1013	1254
1110	1151
1087	1164
1043	1186
1083	1134
1081	1075
988	1192
939	1255
1114	2216
1101	1688
1078	1513
1156	934
1104	1094
1130	1094
1252	1201
1216	1218
1143	1182
1204	1102
1124	991
1089	970
1086	1019
1084	1133
1116	1395
1102	1182
1070	1121
1075	1170
1109	1173
1182	1092
1249	999
1234	1030
1285	1105
1266	1078
1263	1160
1129	1163
1274	1123
1273	1145
1280	1257
1165	1132
1204	1115
1215	1255
1222	1133
1216	1093
1155	1187
1169	1091
1199	1301
1256	1143
1330	1010
1368	1019
1289	1162
1355	1108
1356	985
1417	1158
1278	1106
1401	1192
1337	1034
1315	1039
1307	1050
1275	1351
1308	1361
1301	1521
1263	1403
1225	1249
1258	1244
1241	1143
1187	1085
1171	1354
1243	1395
1257	1212
1250	1230
1270	1171
1337	1211
1234	1336
1345	1220
1317	1158
1252	1280
1219	1131
1318	1161
1173	1244
1143	1315
1211	1127
1138	1160
1170	1162
1092	1035
1202	1093
1115	1119
1072	1074
1078	1278
1136	1177
1100	1131
1162	2290
1223	2339
1303	4878
1201	1731
1101	952
1113	1363
1169	1395
1136	1255
1120	1112
1147	1247
1068	1352
1116	1392
1000	1321
1026	1186
1052	1287
1023	1342
996	1246
942	1316
1062	1232
1013	1390
1009	1396
1024	1374
1128	1526
1068	1853
1078	2320
1069	1682
1035	1524
1102	2021
1027	1878
1002	1208
1011	1202
1097	1761
1078	2547
974	4291
932	1643
968	1258
918	988
888	1453
990	1561
881	1260
890	1033
943	964
1035	1123
982	1064
1008	1052
1085	1110
1094	1226
985	1208
1118	1319
1045	1182
1005	1016
1054	1265
918	1166
887	1125
840	1049
731	1124
831	1189
753	1140
840	1203
841	1265
834	1299
845	1274
867	1286
815	1189
944	1160
940	1268
870	1292
849	1240
868	1251
871	1127
898	1315
825	1434
878	1301
846	1351
789	1161
817	1265
870	1156
1003	1170
993	1186
978	1172
967	1156
964	1132
1061	1174
1028	1157
1030	1165
1067	1125
996	1132
971	1064
978	1211
970	1116
1126	1106
1068	1195
1036	1289
1087	1145
1200	1180
1119	1124
1094	1160
1030	1130
1034	1253
1060	1088
1026	1158
1090	1149
1081	1498
1034	1383
970	1572
1010	1404
990	1246
896	1388
934	1477
914	1129
952	1295
952	1430
884	1347
921	1578
866	1507
873	1406
860	1451
856	1417
827	1419
858	1467
818	1411
777	1304
751	1218
737	1240
791	1359
739	1343
714	1146
751	1142
764	1043
796	1173
720	1114
708	1140
749	1154
685	1038
729	1345
768	1342
692	1482
642	1279
671	1289
643	1307
700	1224
717	1249
698	1264
676	1125
761	1261
678	1147
687	1025
706	1148
678	1020
748	986
656	992
712	1156
691	1102
698	1234
609	1090
608	993
597	1068
545	996
663	947
582	946
616	1161
545	1031
624	1095
571	1036
613	1093
597	1080
709	964
667	1031
667	1083
648	1010
644	1101
643	1197
613	1115
623	1266
594	1089
643	1130
701	1126
644	930
591	1070
612	1088
583	1097
637	1185
601	1178
656	1123
655	1234
597	1182
589	1156
591	961
640	1016
650	1057
651	1229
678	1132
580	1167
639	1013
635	1123
663	1141
667	1180
610	1094
663	1042
575	1084
561	982
599	955
658	908
637	1030
635	1108
580	900
539	857
598	1092
607	1102
547	1072
627	956
602	1034
552	1053
539	1122
646	1222
582	1159
537	1048
495	961
500	1009
487	1203
498	1046
500	1302
528	1045
519	1088
487	965
457	1068
524	1045
455	986
517	981
513	1131
489	1151
463	1065
557	884
509	976
476	980
481	1002
507	1180
544	1023
509	975
466	927
498	954
524	1093
483	997
435	1091
529	1119
495	1072
473	1052
511	995
538	884
497	939
476	951
475	934
466	999
475	1028
437	1018
470	1040
550	1143
485	1131
495	1115
485	1182
466	911
490	873
483	970
520	892
527	886
548	877
499	922
507	855
553	995
534	1076
482	967
528	1091
531	1030
504	1028
457	1033
569	1114
484	1027
491	908
438	925
479	1009
537	1100
467	1063
524	1051
518	909
572	963
544	1053
583	1071
633	1073
614	1176
564	1125
685	1055
609	1000
679	1003
646	961
625	1083
679	986
713	938
782	1046
834	1055
770	1148
866	1182
1012	1147
1031	1288
1031	1099
976	1247
899	1160
993	1165
980	1253
1040	967
1054	1113
1059	1196
1211	1159
1354	1164
1307	1226
1324	1142
1402	1304
1419	1331
1405	1241
1441	1201
1412	1266
1289	1076
1299	1330
1282	1114
1214	1166
1192	1046
1249	1053
1250	1128
1359	972
1393	1142
1384	1099
1425	1205
1532	1221
1586	1409
1690	1339
1757	1171
1767	1171
1825	1340
1882	1296
1843	1325
1938	1343
1739	1223
1676	1194
1676	1166
1589	1089
1501	1039
1511	1128
1483	1084
1375	1011
1544	1186
1438	1104
1521	1095
1628	1261
1689	1142
1752	1282
1805	1248
1844	1332
1904	1452
2037	1231
1904	1189
1874	1392
1777	1381
1740	1155
1635	1069
1507	988
1401	1136
1344	1078
1289	1125
1292	1069
1263	973
1189	1168
1230	1149
1209	1090
1328	1195
1366	1165
1226	1167
1300	1217
1339	1221
1434	1296
1363	1144
1205	1411
1158	1337
1084	1203
1067	1314
1010	1305
883	1174
893	1028
802	1030
831	978
854	1077
801	991
714	1204
692	1154
677	1022
657	1058
545	1103
593	1231
511	1040
504	1211
500	947
519	1109
624	1104
589	962
515	1026
557	1058
543	1235
486	1178
500	1152
551	1132
522	1049
490	941
527	1005
461	1031
459	1034
538	1219
500	1264
497	1111
465	1041
528	1210
510	1512
491	1236
499	1232
488	1180
490	1018
504	986
488	1020
504	1122
504	1071
503	1134
510	1081
470	1139
507	1278
469	1118
501	1034
451	956
525	982
487	1021
463	1013
490	1085
460	1049
461	1006
467	1049
480	861
465	1030
458	993
483	1262
447	1058
491	1129
429	1064
453	1215
429	1320
483	1183
455	1009
448	967
487	1020
462	1094
502	1091
480	1159
428	995
459	993
475	1040
416	1020
420	1007
482	1057
480	981
442	868
497	1040
497	1023
484	838
493	1129
447	1026
450	1034
499	1184
462	1005
532	1046
447	870
541	858
473	900
462	1021
463	951
519	947
506	882
490	1003
524	1096
504	985
435	943
513	904
474	953
490	929
476	943
497	867
495	875
564	1080
553	1134
500	1015
509	1044
457	1013
562	870
519	1112
462	1095
498	1093
516	1174
485	1233
497	1063
487	1167
467	1029
538	1022
503	1188
569	1029
484	1152
518	1079
513	1034
529	960
515	1329
490	1223
507	1188
516	1145
500	1222
564	1283
544	1099
532	1231
541	1275
577	1145
611	988
587	899
492	979
545	1087
560	992
539	1009
563	1196
559	1070
609	1069
635	1181
667	1163
668	1042
665	963
698	1102
688	1083
657	1121
598	1236
688	1124
624	1144
627	1020
638	807
635	928
675	953
619	1016
627	1100
581	1102
626	1141
555	1006
526	1130
592	1274
538	1070
678	1229
597	1171
679	1109
612	1201
597	1193
627	1110
620	1095
666	1046
652	1038
696	1063
697	1123
681	1091
662	1262
691	1300
677	1139
647	1122
655	1041
636	1114
619	1089
588	1013
715	1035
587	975
636	1071
672	1009
551	1172
637	1087
656	1146
663	1141
654	1082
717	1086
695	1103
688	1160
684	1047
684	1034
676	1052
643	1039
570	1023
592	980
570	886
596	956
627	878
586	876
606	1089
535	919
663	984
579	1073
591	1094
573	955
583	1211
560	1175
665	1257
561	1310
580	932
643	837
605	946
609	1042
604	989
566	1013
613	961
515	991
483	957
501	1003
534	969
518	804
529	937
574	879
497	888
557	864
555	793
545	1068
536	1170
544	1063
539	1186
561	1081
483	1006
531	1328
505	1054
463	1045
487	1109
561	1023
542	1095
550	1265
481	1190
570	1082
527	1144
583	999
554	1132
551	1164
497	1003
551	1130
546	1116
570	1077
572	1231
510	1274
475	1275
536	1180
607	1080
527	1186
598	1165
560	1283
526	1227
501	1341
541	1195
558	1342
527	1126
516	1008
554	1174
498	1384
505	1108
520	1316
563	1161
572	1201
575	1447
527	1500
558	1826
520	1472
543	1441
531	1338
522	1056
562	1251
534	1161
509	1139
515	1309
502	1214
490	1196
521	1211
493	1086
550	1098
501	1065
549	1129
514	1176
501	1138
480	1134
466	1085
516	998
504	996
488	981
508	1108
562	1146
552	979
458	928
530	1112
520	1010
520	902
550	991
493	822
560	948
489	1072
498	989
499	987
478	1037
504	1257
457	1396
464	1414
421	1246
481	1143
464	1128
461	995
487	1091
484	1094
506	1107
535	968
572	966
562	1022
526	917
530	907
554	977
589	969
550	927
562	830
534	1044
494	1012
498	1112
493	1044
512	1012
492	980
523	1019
487	1066
447	1093
443	1032
509	973
395	886
477	1137
539	1103
516	1040
493	1129
493	1318
455	1170
481	1012
480	1173
482	1003
491	1156
456	1259
528	1076
535	1155
490	1113
512	1093
459	1215
453	1081
462	929
447	895
480	1107
505	1077
482	1017
483	1127
539	1095
520	1190
523	1116
509	1047
487	950
460	939
525	928
508	1048
500	1126
486	1103
527	1181
497	1167
514	987
507	990
507	1005
478	936
459	1059
468	1201
504	1026
458	1077
472	1008
444	974
483	1015
469	1103
511	1015
467	1023
547	1076
467	945
454	1055
474	1104
433	1042
541	965
492	930
572	844
532	842
548	917
538	1033
519	915
554	1046
540	833
602	1011
564	1065
551	1061
544	1125
595	1155
618	1167
615	1155
615	1450
601	1185
557	1127
656	1046
707	1045
697	1142
699	1143
769	1024
767	1057
849	1083
798	1090
809	1083
793	991
820	1054
912	1186
859	1250
842	1278
829	1126
827	1117
906	1099
1049	1063
1008	1188
1036	1072
1077	1117
1187	1075
1175	1210
1164	1164
1188	1110
1075	1118
1119	1161
1043	1133
1073	1214
1057	1302
1062	1204
1163	1201
1179	1007
1427	1003
1419	1122
1578	1144
1648	1283
1762	1544
1847	1627
1823	1321
1887	1461
2011	1436
1729	1230
1602	1158
1466	1262
1371	1043
1095	1256
1017	1115
993	1189
871	1050
910	1093
1081	1026
1097	933
1252	853
1427	1022
1524	1124
1708	1243
1725	1330
1815	1353
1899	1375
2016	1406
2110	1504
1883	1232
1680	1173
1451	1314
1352	1478
1182	1527
1154	1261
1016	1145
996	1278
894	1257
881	1132
862	1227
903	1345
907	1442
808	1316
796	1545
758	1705
687	1712
665	1485
701	2116
733	2480
750	1979
619	1599
644	1859
621	1653
682	1518
671	1382
600	1203
610	1078
590	1054
546	1309
554	1077
640	1164
680	1283
732	1378
869	1414
760	1345
817	1333
981	1200
1053	1131
1112	1161
958	1283
866	1120
1090	1156
1330	1222
1530	1230
1332	1242
1365	1393
1413	1741
1585	1489
1522	1618
1456	1530
1556	1454
1909	1602
2648	1676
3029	1789
2938	1660
2712	1763
2521	1751
2833	1854
2717	1888
2683	1593
2704	1624
2817	1792
3201	1976
3410	2403
3573	2272
3773	2614
3717	2705
3684	2321
3563	2531
3569	2432
3673	2198
3506	2265
3372	2181
3180	1845
2904	1840
3015	1904
2755	2019
2730	1917
2514	1752
2631	1609
2672	1631
2927	1698
2948	1701
2814	1840
2520	1630
2264	1659
2259	1496
2016	1290
1811	1422
1573	1420
1430	1182
1552	1294
1628	1377
1476	1204
1191	1122
1206	1283
1078	1326
1160	1447
987	1341
915	1222
865	1135
840	1163
843	1440
885	1526
826	1715
733	1422
627	1589
720	1692
694	1595
678	1475
685	1545
664	1519
587	1155
658	1271
735	1364
639	1121
597	1257
652	1433
622	1653
594	2009
620	3377
578	2751
603	1344
639	1338
621	1633
638	1929
579	1738
602	1909
575	1744
574	1645
591	1644
586	1616
556	1389
544	1260
601	1365
642	1433
612	1285
572	1340
624	1471
533	1256
618	1265
586	1450
647	1499
572	1489
615	1998
519	2236
549	2346
532	1821
527	2080
636	1752
548	1725
592	1518
560	1247
546	1194
575	1066
568	1222
595	1110
616	1219
552	997
505	1144
529	1185
495	951
559	996
554	1075
552	1144
611	1228
524	1118
579	1214
582	1142
483	1215
570	1361
583	1323
535	1288
596	1252
544	1196
574	1194
510	959
465	1062
464	1124
502	1048
505	1217
493	941
547	1300
527	1150
469	1009
502	1010
518	1163
524	1022
540	1164
509	1046
532	1101
565	1159
520	1151
458	1098
522	1122
537	1123
477	1015
479	902
505	953
531	1032
503	1136
530	1095
479	1309
495	1308
541	1302
481	1570
486	1604
500	1671
461	1554
504	1504
469	1534
503	1549
505	1458
449	1393
457	1416
451	1403
492	1548
465	1635
484	1643
495	1483
485	1408
538	1562
491	1800
511	1644
496	1552
442	1316
510	1481
484	1419
471	1295
481	1221
509	1393
510	1425
500	1329
471	1454
527	1554
535	1459
541	1383
468	1499
477	1410
449	1396
558	1736
495	1619
543	1504
544	1610
529	1547
472	1483
435	1277
465	1692
558	1805
521	1678
536	1548
539	1627
492	1679
539	1839
543	1885
528	2029
513	1890
490	1897
457	1805
480	1737
507	1938
490	1940
516	2456
526	2330
498	2020
522	2283
477	2281
563	1713
538	1717
556	1708
491	1333
511	1623
466	1461
556	1876
560	2047
640	3115
650	5053
604	5992
600	5112
654	5753
553	4391
582	3908
563	2800
488	3193
551	4418
554	5601
609	6453
565	5528
491	2351
536	1609
513	2197
518	2173
485	1837
437	1646
548	1843
555	3151
648	5846
597	3756
505	1974
572	1719
510	1665
527	1543
441	1600
454	1529
460	1378
427	1438
490	1434
517	1556
514	2088
542	2073
509	2481
546	2938
530	2866
562	2757
537	2921
557	3075
530	2187
490	1331
548	1002
502	1059
547	937
489	1064
462	991
478	1126
476	1022
527	981
503	1139
547	1060
497	1160
557	1344
465	1079
501	1171
555	1543
542	1826
542	1930
587	2506
585	2192
548	1916
546	2197
519	1832
512	1770
518	1820
509	1791
476	1564
606	1587
554	1740
510	1922
554	1935
547	2201
601	2567
508	3112
512	2550
496	2010
499	1856
538	1476
500	1143
521	1197
521	1251
606	1400
576	1671
564	1603
533	1484
545	1459
552	1469
510	1287
503	1261
495	1410
474	1107
495	985
463	1121
473	1059
544	986
553	992
501	1087
494	1032
558	919
460	1197
566	1048
484	995
537	1077
569	1127
552	1052
554	1091
488	1110
567	972
499	966
496	1106
525	1200
518	1261
512	1356
481	1119
532	2030
713	10649
658	9477
562	5992
847	9615
751	8525
614	3982
505	1412
511	1520
535	1451
487	1294
538	1310
610	1303
540	1115
526	1225
530	1202
510	1198
524	1146
577	1284
570	1106
541	1245
531	1143
518	1036
496	985
503	1039
432	1211
462	1082
483	1043
528	1200
522	1062
519	1092
573	976
571	1106
588	1127
546	1210
602	1125
515	1076
563	1009
488	1077
539	1213
508	1037
483	1141
562	1229
535	1083
539	988
524	922
571	1015
565	994
524	981
533	996
559	1213
521	958
502	982
432	1127
489	1050
517	1090
486	1055
477	961
494	1080
493	915
462	1001
528	970
514	1011
534	925
469	1097
451	1148
498	942
502	980
493	948
486	899
519	1004
449	903
485	971
486	1116
529	1063
587	1191
532	949
519	1022
538	1041
566	972
570	989
561	1136
586	1105
555	906
581	950
579	1060
567	1092
627	1283
574	1321
576	1325
556	1315
507	1447
609	1389
523	1284
559	1334
515	1341
579	1251
623	1242
541	1276
589	1387
639	1466
632	1656
582	1558
546	1437
652	1598
672	1432
644	1361
674	1444
626	1512
604	1308
635	1502
659	1553
686	1534
683	1494
622	1558
653	1259
676	1330
700	1460
667	1394
612	1307
629	1275
660	1494
748	1674
786	1613
759	1512
709	1577
780	1724
847	1890
862	2209
892	1898
892	2013
845	2300
916	2644
816	1979
883	2181
829	1845
963	2106
1013	2200
979	2269
982	1897
968	1925
1114	1824
1220	2296
1329	2583
1508	2591
1313	2470
1337	2593
1483	3074
1523	3546
1558	3582
1553	3429
1438	3498
1505	4434
1546	4405
1495	3624
1414	3505
1339	2820
1348	2819
1297	2570
1424	2249
1431	2199
1502	2485
1566	2588
1857	2799
1885	3059
2002	3582
2196	4338
2350	3752
2638	3493
2666	3179
2682	2828
2656	2834
2479	2667
2483	2240
2510	1791
2364	1736
2049	1751
2235	1875
2447	1671
2790	1691
2965	1649
3143	1988
3191	1850
3445	1873
3873	1984
4083	2026
4153	2117
4253	2394
4492	2274
4625	2378
4477	2141
4521	1882
4304	1996
4109	2083
3900	1712
3921	1712
3573	1572
3261	1460
3218	1543
3159	1514
3321	1399
3287	1354
3666	1471
3803	1526
4264	1654
4651	1480
5068	1609
5330	1564
5516	1602
5800	1733
5774	1648
5354	1580
5200	1460
4812	1627
4333	1433
3644	1496
3429	2047
3195	1718
3197	2265
3090	4767
3197	5619
2945	6050
2788	3095
3043	3580
3173	4334
2971	3457
2839	1730
2837	1423
3010	1418
2903	1522
2808	1346
2801	1430
2755	1536
2753	1310
2745	1249
2496	1187
2357	1232
2182	1201
2032	1104
2154	1337
2022	1061
2033	1144
2052	1125
2136	1128
2202	1158
2440	1231
2570	1332
2692	1133
2911	1228
2784	1135
2872	1114
2969	1202
2862	1130
2815	1162
2697	1101
2503	1157
2400	983
2089	1010
2068	1114
2104	1212
2012	1112
2012	1169
2006	1381
2041	1311
2048	1358
2174	1290
2296	1393
2130	1264
2143	1137
2025	1340
2114	1527
2087	1452
2029	1334
1823	1367
1667	1303
1569	1335
1607	1196
1338	1329
1298	1154
1266	1100
1262	1147
1304	1187
1150	1130
1082	1108
1010	1150
1066	1081
1024	1089
985	1051
983	1162
840	1152
882	1143
906	1059
799	1062
809	1087
712	1056
664	1228
735	1134
729	1013
624	1063
654	1119
629	1222
656	1299
666	1158
566	921
524	971
585	1001
547	912
554	1005
556	1056
575	882
526	998
565	939
545	1104
522	940
574	911
543	818
542	862
563	870
564	932
567	1021
598	843
510	968
566	1048
553	1106
475	1023
477	1010
539	896
533	880
504	1011
510	940
545	980
476	966
492	936
497	1006
508	906
472	847
523	820
488	929
554	912
501	759
477	897
499	1010
558	999
521	919
476	932
503	1109
537	919
548	987
521	882
464	887
534	1052
502	1208
457	1141
479	1271
507	1169
479	941
533	1026
538	1191
502	1156
519	1172
515	1196
434	1139
517	1182
533	1099
470	1024
555	970
495	939
530	1015
543	1040
549	1143
501	1151
500	1105
531	1283
495	1102
465	1109
531	960
495	1123
448	1053
485	1038
474	1060
500	1195
446	1037
477	1009
488	970
439	1070
485	1000
479	994
394	1089
475	1161
499	1178
409	989
511	945
535	928
470	1032
487	1113
476	1130
478	1276
476	1101
486	1139
521	1119
585	1054
444	1102
470	1189
464	1115
398	1189
478	1111
434	976
486	942
511	856
521	972
478	932
514	1109
484	962
522	948
449	1023
524	1053
491	1100
512	962
467	1126
438	1176
503	1073
517	1052
489	1066
480	1050
437	1080
451	990
456	886
548	1087
471	1232
443	1088
498	1104
509	1276
471	1218
496	1054
502	1140
453	1210
506	1081
452	1139
544	1178
547	1118
575	1004
633	956
577	1117
555	1139
631	1002
663	1126
690	1174
762	1023
771	1271
1084	1286
1153	1282
1435	1145
1400	1262
1418	1644
1469	1373
1534	1218
1718	1073
1909	1313
2020	1509
2139	1458
2483	1536
3120	1674
3338	1641
3002	1535
3348	1607
3129	1538
2675	1313
1822	1162
1302	1040
1019	950
963	1030
966	1218
901	1074
1002	1159
1035	1307
1141	1192
1308	1357
1876	1197
2487	1542
3020	1529
3602	1453
3644	1585
3423	1651
2998	1503
2989	1422
3079	1485
2671	1263
2318	1321
1875	1296
1723	1046
1293	1125
1113	991
1065	973
992	969
1087	1024
1201	986
1379	1028
1303	1116
1277	1164
1133	1192
1077	1208
1027	1070
958	1064
783	1085
716	1173
672	1038
656	1038
623	996
618	1058
528	1025
518	1092
628	978
563	1100
640	994
603	1116
674	1097
575	1052
650	1152
723	1099
759	1288
639	1204
581	1229
524	981
594	878
521	1051
573	1170
672	1088
662	949
622	1031
548	1191
575	1125
515	966
517	1086
596	1017
574	1137
580	1179
561	1101
520	1229
529	1163
523	1144
598	1288
538	1043
518	1332
547	1040
541	1091
555	1014
560	1006
578	1080
499	1001
524	1163
507	1046
511	1092
544	1080
518	1046
482	1156
537	1175
524	1038
548	1131
566	1063
569	975
551	1142
557	1232
535	1132
586	1248
552	1207
540	1209
542	1218
517	1189
540	1018
544	1166
545	983
483	1062
463	1153
515	1100
482	1106
524	1154
517	1131
525	1100
494	1093
467	963
486	1002
579	1143
511	1081
501	1009
504	1117
508	1242
549	1250
555	1255
521	1311
534	1549
577	1383
549	1386
521	1448
535	1354
511	1214
529	1066
544	1125
563	1082
537	1008
544	1084
512	1134
552	1147
532	1110
536	1252
520	1122
482	1009
514	1115
480	1102
484	1055
530	1085
549	1141
589	1165
509	1098
547	1239
487	1112
529	1104
504	1193
502	1190
506	1231
518	1269
499	1231
473	1420
530	1316
489	1298
469	1234
476	1213
475	1253
510	1211
475	1131
528	1238
549	1239
555	1267
543	1151
578	1157
591	1136
553	1202
504	1229
469	1175
519	1065
435	1313
513	1316
551	1049
570	1215
579	1121
529	1079
504	1061
525	954
538	1001
497	1090
475	1218
526	1086
512	1112
490	1150
484	1186
506	1089
506	984
523	1125
575	928
496	1067
508	1203
557	1208
537	1303
507	1163
471	1033
503	1040
457	994
509	1053
482	1053
454	1089
498	1142
445	1280
520	1164
500	1185
483	1220
536	1244
544	1367
490	1507
472	1286
494	1265
483	1221
505	1346
504	1336
436	1399
496	1455
515	1348
482	1468
510	1409
512	1346
568	1419
520	1455
498	1471
515	1522
511	1510
480	1184
489	1216
570	1348
427	1397
519	1357
568	1330
531	1381
515	1412
485	1409
511	1298
527	1401
537	1496
509	1384
495	1359
549	1420
562	1332
499	1181
583	1491
601	1519
511	1469
569	1570
544	1614
494	1330
486	1296
497	1284
524	1277
491	1315
424	1376
462	1420
455	1256
468	1136
477	1260
492	1305
503	1324
510	1302
481	1532
482	1524
501	1237
521	1393
490	1295
484	1247
471	1284
512	1295
510	1458
493	1378
593	1320
574	1230
522	1157
520	1174
486	1308
515	1166
555	1134
523	1190
567	1336
563	1397
561	1187
516	1356
566	1167
556	1158
519	1227
544	1320
492	1220
598	1314
493	1304
571	1331
609	1303
494	1267
528	1256
564	1200
631	1497
568	1388
592	1457
595	1262
600	1219
614	1137
585	1156
596	1023
570	1148
609	1135
539	1281
513	1099
563	1264
631	1371
581	1418
594	1398
561	1322
561	1430
622	1358
680	1397
641	1335
566	1566
605	1603
625	1553
596	1554
644	1500
631	1470
674	1450
634	1388
566	1549
668	1667
644	1571
677	1298
611	1404
639	1384
590	1551
572	1420
556	1424
584	1267
630	1364
644	1346
627	1224
560	1221
595	1226
561	1298
586	1223
516	1305
514	1253
517	1168
545	1182
523	1224
476	1131
541	1427
563	1347
556	1327
592	1279
522	1252
550	1169
496	1212
573	1040
537	1106
570	1162
472	1213
550	1151
592	1188
510	1281
505	1387
572	1400
547	1479
527	1473
507	1359
503	1712
514	1372
558	1362
545	1266
538	1297
527	1338
599	1182
648	1146
582	1104
626	1266
654	1225
674	1350
731	1348
687	1338
750	1494
737	1575
784	1852
768	1668
735	2337
675	2296
838	1316
793	1270
740	1327
760	1430
741	1342
818	1535
833	1565
810	1462
837	1386
861	1366
848	1418
917	1247
903	1221
995	1263
1061	1155
1012	1158
983	1068
1040	1281
955	1343
939	1318
894	1095
806	1088
806	1112
829	1061
764	1265
803	1156
727	1218
693	1080
761	1074
745	1027
731	1238
764	1214
747	1120
807	1240
810	1174
935	1220
821	1186
752	1202
751	1139
816	1155
703	1249
721	1153
635	1108
653	1223
642	1075
636	1169
690	987
595	893
675	1135
655	1167
656	999
642	1113
580	1161
683	1038
604	1115
626	1130
549	1106
570	1089
589	1057
535	1087
494	1154
513	1074
550	1188
566	1215
494	1248
490	1130
494	1127
519	1107
543	1050
532	1068
499	1137
471	1211
487	1128
504	1131
530	1605
517	1654
475	1722
544	1674
509	1350
552	1389
524	1313
488	1319
489	1030
494	1012
505	1056
489	1077
463	1049
461	1182
523	1135
477	1055
475	1265
446	1199
471	1232
409	1211
461	1358
501	1444
520	1975
614	2494
551	2482
559	2472
659	2627
629	2395
612	2149
597	1671
571	1894
597	1695
581	1889
643	2105
666	2335
560	2185
551	1990
602	2152
536	1709
482	1216
526	1150
554	1255
558	1581
552	1731
532	1822
553	1283
492	1076
456	1107
523	1247
499	1204
524	1122
509	1164
464	1078
508	1067
437	1027
435	1113
447	939
461	1058
475	1040
482	968
517	1250
479	1169
478	1160
509	1168
503	1137
509	1087
468	1110
542	1327
562	1180
475	1092
507	1022
503	936
501	1087
572	1208
577	1310
569	1103
578	1142
590	1154
625	1154
583	1098
604	1098
565	1055
675	1185
577	1323
534	1247
581	1104
512	1196
480	1054
449	989
490	1069
488	1068
510	1135
495	921
477	1073
484	1103
519	1035
533	997
520	968
546	1051
526	960
543	1094
552	1188
499	1190
563	1170
583	1039
599	1178
622	1125
544	883
531	1156
633	1212
655	1168
648	1069
567	1130
653	1135
620	1119
714	1207
564	973
562	1215
582	1138
613	1104
590	1098
612	1222
625	1202
568	1208
546	1199
580	1110
608	1111
546	1095
568	1059
649	1225
568	1100
588	1057
609	1074
603	1160
555	1185
601	1128
590	1274
649	1232
618	1275
596	1310
607	1334
655	1124
608	1156
614	1181
657	1138
675	1132
669	982
690	1106
623	1049
673	1057
704	1009
668	1097
727	1077
657	1116
650	1078
718	1148
732	938
668	984
656	878
687	914
667	1026
690	1022
623	1015
688	1024
657	913
734	977
751	1044
745	1025
720	1144
732	1164
782	1193
778	1173
816	1259
851	1168
899	1196
807	1017
862	995
915	1116
839	934
838	1099
835	1114
864	1134
823	1243
920	1558
940	1681
910	1807
950	1326
1020	1212
1028	1182
958	1154
985	1046
1094	1175
1187	1227
1232	1160
1175	1299
1182	1374
1160	1238
1205	1118
1199	1271
1195	1191
1208	1095
1231	1067
1313	1158
1472	1212
1459	1449
1443	1355
1442	1355
1526	1332
1658	1281
1694	1398
1737	1561
1755	1546
1827	1618
1873	1438
2001	1388
1897	1398
1994	1244
2165	1312
2271	1296
2522	1321
2487	1194
2417	1174
2310	1179
2464	1297
2569	1479
2665	1405
2727	1266
2786	1236
2966	1273
3421	1359
3743	1696
3834	1460
3851	1541
4068	1637
4289	1594
4410	1621
4680	1548
4267	1647
4277	1620
4182	1557
4103	1484
4118	1373
3846	1588
3902	1398
3915	1447
4142	1465
4137	1473
4284	1430
4492	1608
4857	1546
5194	2011
5650	1887
5804	1792
5891	1769
6091	1914
6095	1902
6095	2076
5904	2423
5878	2340
5469	4344
5108	5250
4887	5104
4834	8095
4729	7546
4405	5710
4386	5886
4309	5116
4536	3932
4711	3868
5164	2634
5656	2435
6295	2048
6707	1527
6954	1664
7036	1650
7180	1569
6936	1417
6765	1436
6176	1402
5632	1420
5376	1274
4830	1332
4480	1384
4226	1470
4042	1679
3981	1449
4030	1314
4034	1296
4264	1423
4744	1409
5074	1316
5525	1373
5694	1368
5881	1388
6113	1558
6278	1487
6171	1686
5951	1643
5449	1635
5077	1446
4976	1355
4403	1448
4213	1275
3790	1180
3675	1352
3549	1370
3504	1358
3476	2355
3677	3097
3733	1685
4039	1798
4285	1370
4534	1380
4652	1348
4759	1534
4980	1336
4831	1442
4708	1399
4329	1289
4154	1219
3920	1323
3539	1190
3287	1181
2952	1260
2866	1230
2868	1226
2635	1172
2727	1204
2631	1339
2720	1276
2651	1233
2670	1257
2661	1245
2619	1168
2551	1250
2802	1373
3012	1374
3061	1196
2768	1220
2489	1243
2388	1219
2370	1239
2190	1190
1874	1234
1794	1145
1632	1176
1630	1286
1568	1304
1629	1312
1537	1206
1608	1265
1601	1486
1522	1470
1565	1374
1508	1286
1432	1263
1362	1254
1440	1446
1351	1417
1272	1367
1235	1456
1118	1297
1187	1161
1031	1216
1148	1264
1067	1158
991	1119
973	1186
934	1293
978	1290
855	1245
797	1317
878	1514
758	1283
764	1264
644	1355
711	1276
657	1329
723	1292
654	1363
672	1110
649	1117
677	1116
622	1235
618	1268
674	1118
624	1074
622	1200
643	1217
617	1112
560	1193
543	1306
555	1186
552	1379
540	1296
578	2374
626	7850
698	7706
627	4878
543	1952
631	6785
649	6045
556	4201
614	1876
562	1470
512	1475
485	1311
485	1440
457	1494
488	1335
478	1199
504	1475
480	1315
559	1394
518	1299
551	1298
574	1470
526	1180
543	1446
474	1315
518	1221
542	1440
514	1109
515	1123
483	1189
500	1213
555	1032
574	1327
591	1260
606	1226
547	1337
491	1069
540	1300
445	1174
508	1213
586	1240
534	1458
571	1361
486	1287
514	1317
539	1418
567	1387
532	1319
587	1478
571	1403
502	1406
558	1394
501	1302
527	1319
549	1364
518	1204
553	1090
543	1264
467	1123
488	1165
532	1065
491	1079
462	1226
497	1188
486	1332
456	1115
463	1191
501	1208
454	1142
471	1170
489	1225
497	1138
541	1161
502	1201
534	1371
514	1183
478	1180
465	1120
445	1088
464	1277
487	1183
540	1192
478	1168
501	1087
495	1025
528	1090
474	1025
433	1057
529	1239
493	1242
569	1108
552	1146
497	1132
514	1260
545	1091
457	1131
538	1244
503	1281
567	1208
546	1052
519	1019
527	1133
487	1090
465	935
505	962
545	1078
478	1194
488	1211
492	1124
477	1056
498	1271
490	1151
512	988
452	1114
479	1097
492	1257
435	1124
486	1005
558	1035
555	1081
558	941
510	1084
530	1084
543	1173
484	1109
454	1112
506	1114
451	986
526	943
510	1028
494	974
557	1075
486	997
446	914
517	1009
478	1067
526	1103
545	1194
491	857
495	972
552	994
532	1072
485	985
455	956
496	1038
528	1032
460	946
558	989
551	1102
487	961
537	1073
515	945
485	993
475	1069
505	1226
467	1239
467	1057
436	1084
459	1131
550	1169
474	1143
444	982
485	1023
509	955
519	921
462	1037
471	1039
505	994
504	999
521	1015
478	1089
511	1111
524	1037
521	919
498	952
480	1140
520	1223
512	1017
506	984
495	1395
497	1829
549	1618
487	1429
554	1415
553	1393
574	1413
533	1466
557	1838
584	2530
622	2747
574	2685
604	2315
597	1999
569	2105
536	2167
590	2537
574	1896
579	2197
559	1998
552	1630
511	1419
472	1475
475	1434
537	1153
568	995
520	1131
477	978
566	1032
556	1188
516	1290
529	1261
576	1087
480	1191
526	1200
520	1260
480	1261
515	1245
491	1123
438	1126
418	1133
445	1364
458	1226
482	1335
520	1260
523	1133
443	1328
471	1522
522	1172
505	1256
538	1174
510	1220
495	1004
502	1059
474	1091
520	1279
480	1203
472	1165
579	1380
557	1645
557	1771
542	1482
514	1514
508	1250
531	1129
497	1008
474	1057
490	1134
480	1007
473	1125
483	1174
464	1206
513	1199
463	1309
508	1079
467	1119
520	1247
494	1280
517	965
497	1040
498	1154
466	1102
488	1133
549	1171
567	1298
528	1151
527	1124
481	1086
527	1064
490	1058
565	1130
580	1072
499	1113
534	1084
529	1088
547	1070
572	1055
537	1495
566	1539
545	1432
535	1349
528	1224
547	1349
542	1444
524	1298
533	1081
558	1120
603	1139
555	1018
578	964
514	1176
573	1301
548	1265
575	1581
571	1534
480	1370
539	1420
603	1436
603	1388
580	1196
582	1049
555	1316
581	1449
621	1367
574	1111
638	1056
729	1192
706	1086
714	1285
755	1231
827	1211
830	1214
856	1207
757	1057
822	1160
843	1124
880	1278
943	1098
981	1038
964	1076
1074	995
1413	1318
1486	1371
1425	1179
1754	1430
2110	1392
2454	1530
2573	1546
2563	1553
2410	1422
2494	1384
2652	1371
2638	1301
2458	1309
2384	1179
2586	1360
2810	1303
2997	1367
3201	1396
3400	1499
3747	1736
4452	1874
4806	1966
4969	2003
4945	1978
5001	2094
4841	2061
4732	1821
4454	1822
4308	1789
4264	1627
4004	1496
3962	1470
3326	1529
3332	1285
3160	1299
3224	1417
2963	1252
2755	1197
2609	1243
2473	1259
2360	1275
2416	1059
1977	1158
1928	1152
2022	1067
2029	1143
1921	988
1613	950
1401	1123
1406	1086
1281	1139
1245	1107
1114	943
987	1177
951	1185
866	1332
820	1101
795	1349
689	1493
638	1477
672	1391
731	1231
617	1377
561	1829
567	1532
540	1194
545	1176
523	1337
524	1378
535	1177
475	1250
509	1047
506	1121
437	1194
481	1245
537	1154
512	1086
503	1113
511	1241
535	1360
489	1366
437	1434
490	1515
441	1379
478	1335
503	1143
484	1254
441	1123
462	1207
494	1393
472	1145
436	1175
452	988
473	1003
462	1306
510	1279
419	1117
531	1161
524	1121
483	978
464	1049
459	1054
460	1201
469	1129
516	1046
507	1105
513	1215
527	1231
461	1193
450	1156
530	1142
477	1115
488	1112
455	975
505	1031
546	1202
487	1231
500	1037
472	1050
445	1088
505	990
503	1053
491	994
490	1339
508	1284
568	1227
476	1129
533	1270
521	1171
499	1054
569	1039
595	1005
562	1212
604	1531
582	1260
658	1252
621	1115
591	1003
575	1002
616	938
666	1021
645	1136
736	1205
738	1103
742	1087
720	1161
815	1266
952	1310
909	1134
810	1106
808	1003
883	1154
847	1160
840	1015
777	1006
837	1199
865	1369
886	1115
966	1043
1037	1017
1065	1167
1259	1319
1379	1111
1406	1039
1279	1091
1286	1192
1393	1373
1332	1168
1253	1223
1171	962
1144	1077
1077	1175
1001	1265
950	1294
959	1290
931	1203
1038	1240
1034	1257
965	1184
1194	1340
1284	1295
1261	1166
1371	1384
1340	1192
1492	1210
1459	1258
1391	1222
1327	1084
1225	989
1176	935
1048	1130
1049	1193
900	1108
866	1253
892	1179
870	1093
815	1203
888	1167
725	1051
827	1155
891	963
887	1005
1063	1098
994	1156
984	1052
959	1020
956	1032
1022	1018
920	1157
808	1077
761	1066
678	1053
683	957
618	836
602	940
605	994
590	1141
690	1083
678	1098
644	1014
628	1001
572	1175
529	1232
572	967
574	908
481	943
558	928
506	1029
525	1118
503	1107
483	1053
498	1007
496	1198
463	1090
469	1138
509	1026
514	976
559	998
491	899
512	960
504	986
519	1054
518	1044
498	1120
488	1188
528	1151
496	1148
440	1154
494	1134
527	1117
461	1181
484	1284
506	1191
505	1129
444	1185
452	1078
460	1077
509	969
477	1329
486	1315
433	1203
482	1206
494	1139
533	1065
519	1164
490	1160
516	1388
532	1243
480	1166
495	1208
527	1469
477	1192
507	1294
532	1414
508	1280
484	1160
520	1306
528	1312
467	1432
493	1157
464	1247
432	1143
527	1188
462	1130
552	1051
585	1198
563	1219
508	1230
543	1062
584	968
559	1073
528	1219
589	1153
654	1310
584	1150
683	1045
616	1030
583	1023
611	1086
598	869
539	951
572	1136
612	1223
601	1244
646	1360
636	994
664	1119
639	1215
564	1247
600	1694
635	2503
651	2500
646	1669
700	1267
660	1478
741	1323
696	1566
677	1656
750	1803
790	2169
702	2514
715	2480
717	2541
639	2112
611	1820
716	1873
652	1879
616	1566
648	1660
701	1886
741	1989
775	2303
787	2790
798	2753
844	2409
838	1496
868	1595
960	1433
975	1374
1008	1486
956	1244
849	1191
893	1130
943	1174
829	1112
815	1125
833	1091
763	1175
753	1019
759	1123
735	1153
809	1072
894	1066
928	1084
985	984
1020	1100
1075	1222
1234	1337
1206	1211
1200	1192
965	1159
1017	1294
925	1356
842	1415
833	1431
832	1201
806	1259
757	1230
764	1194
816	1172
821	1206
818	1221
888	1296
956	1817
1013	1941
1119	1356
1028	1348
1094	1216
1190	1283
1107	1185
1044	1164
1069	1125
947	1112
975	1193
903	1225
929	1143
837	1118
832	1039
823	975
833	1017
724	981
668	999
866	1079
824	1125
899	1086
926	1027
965	1031
950	1033
1040	938
1059	1012
950	1056
902	1089
1005	1121
883	1154
806	1018
847	1153
834	1062
741	1032
762	987
786	1215
785	1080
774	970
768	1251
795	1103
822	1168
826	1225
796	1234
819	1334
791	1299
769	1123
731	1245
683	1512
709	1335
791	1365
651	1236
726	1404
672	1380
656	1418
722	1387
599	1276
605	1770
610	1915
707	1695
614	1712
711	1953
659	2097
698	2135
688	2043
606	1785
621	1990
659	1786
613	1724
629	1600
715	1771
603	2091
618	1987
678	1715
636	1576
626	1779
623	1586
620	1152
637	1228
542	1341
582	1804
529	1716
567	1704
525	1369
593	1441
548	2036
536	1516
508	1341
557	1171
552	1187
508	1167
552	1261
562	1008
582	1195
594	1094
559	1245
529	969
515	1111
607	983
576	1141
607	1060
585	1059
552	1000
568	977
649	1095
546	1117
585	1058
611	1182
533	1302
550	1403
525	1345
488	1240
456	1232
453	1173
526	1163
507	1128
507	1186
537	1238
546	1159
557	1382
521	1296
528	1257
540	1178
509	1044
602	983
595	1091
566	1026
550	1066
619	1074
526	931
527	941
543	1094
544	1010
549	1185
505	1189
480	1129
524	1198
487	1224
495	1090
524	1256
441	1142
499	944
573	1098
523	1062
558	1078
581	1143
517	1074
530	1188
536	1031
556	1172
484	1047
498	1077
538	1133
558	1102
543	1143
525	1067
529	1130
487	1197
554	1224
494	1088
541	1246
568	1215
624	1246
594	1149
580	1261
613	1029
609	971
584	1031
616	980
646	937
643	967
705	1110
710	1091
754	1039
676	1210
831	1053
1003	1232
1117	1322
1094	1339
1034	1410
1220	1288
1425	1349
1416	1256
1391	1249
1304	1089
1438	1184
1599	1220
1670	1046
1601	1159
1553	1281
1591	1265
1770	1270
1780	1287
1838	1384
1875	1245
1925	1434
2278	1478
2353	1387
2424	1284
2504	1263
2465	1328
2142	1360
2235	1363
2210	1296
2125	1433
1969	1313
1948	1338
1629	1427
1681	1276
1763	1185
1693	1159
1749	1258
1640	1327
1662	1374
1690	1434
1998	1571
2109	1599
2187	1615
2064	1669
2194	1703
2148	1697
2026	1639
1915	1682
1856	1706
1598	1452
1472	1625
1390	1464
1271	1408
1204	1218
1085	1216
1133	1223
1076	996
1004	1019
960	1228
940	1347
953	1289
1001	1126
880	1245
839	932
791	1110
779	983
769	1115
666	1000
599	1083
647	983
676	1083
635	1198
631	1075
539	1087
571	1099
644	1060
550	1086
519	1154
540	1149
472	1205
520	1149
477	1199
485	1261
458	1068
529	867
529	864
518	913
502	1008
500	1002
519	1068
486	988
498	820
430	972
507	1085
445	1092
561	1011
504	1044
547	1174
547	1148
459	1079
512	1071
524	1033
557	1340
510	1097
594	1160
543	874
519	1197
524	1034
540	931
488	928
560	933
571	907
546	912
575	903
598	959
624	944
648	1170
620	1268
541	1232
544	1022
704	909
830	1002
880	894
902	901
917	994
930	1174
916	1097
907	1203
776	1100
698	1102
657	1193
723	1162
668	1124
562	1150
595	1142
613	1293
562	1218
630	1276
769	1281
820	1228
823	1209
736	1253
633	1214
611	1191
620	1116
598	1064
523	1128
569	1141
623	1190
598	1097
590	1143
527	1447
540	1556
538	1363
527	1286
556	1090
567	1047
508	1146
569	1065
509	1100
564	1383
555	1200
524	1010
535	1115
559	1085
522	1408
566	1307
529	1227
566	1165
575	1211
535	1152
538	1130
511	1141
555	1315
518	1356
577	1324
553	1124
559	1165
528	1366
573	1219
518	1208
558	1346
567	1176
535	1238
558	1331
548	1464
526	1223
527	1137
554	1158
530	1281
521	1148
499	1005
496	949
543	1038
596	1079
524	1221
545	1285
536	1020
531	1200
477	1188
554	1299
531	1211
552	1152
534	1159
526	1184
552	1089
501	1199
554	1125
556	1333
533	1308
571	1239
535	1167
564	1090
550	1185
557	1231
530	1416
529	1467
547	1367
548	1259
575	1279
629	1281
574	1096
587	1070
551	1232
551	1233
555	1118
588	1210
587	1288
546	1017
622	1072
560	1034
525	1162
588	1071
518	1021
520	1039
553	1154
532	1247
570	1258
546	1219
535	1081
463	1116
535	1237
599	1144
579	1127
572	1228
528	1247
563	1277
604	1231
512	1165
565	1064
546	1228
560	1124
562	1115
566	1129
548	1173
558	1219
537	1237
543	1170
558	1234
564	1276
542	1289
557	1288
624	1307
636	1166
557	1304
585	1317
578	1137
619	1342
618	1425
566	1529
514	1301
560	1260
507	1309
607	1051
550	1059
555	1144
551	1103
533	1061
584	1076
567	1255
545	1352
547	1255
471	1266
581	1212
492	1017
454	1128
570	1098
547	1080
535	1236
565	1180
530	1352
563	1314
577	1130
497	1180
521	1084
532	1080
589	1213
541	1160
523	1122
573	1417
524	1211
511	1221
509	1327
564	1146
490	1266
543	1290
503	1305
522	1239
543	1322
510	1268
545	1299
455	1356
531	1160
535	1184
509	1193
498	1084
497	1190
486	1127
514	1225
565	1117
529	1063
511	1094
522	1083
557	973
555	1026
549	1061
536	1145
536	1207
500	1195
500	1336
461	1190
479	1125
538	1146
526	1061
504	1121
475	1269
500	1320
533	1252
523	1297
477	1251
527	1265
481	1158
443	1136
509	987
567	1243
535	1222
505	1096
571	1196
523	1117
501	1383
575	1227
485	1269
517	1153
524	1107
493	1007
498	1222
528	1144
541	1233
542	1193
504	1219
492	1097
502	1211
498	1213
476	1167
530	1178
464	1159
515	1201
536	1196
542	1318
494	1173
575	1315
576	1214
531	1155
495	1042
617	1207
584	1190
560	1029
580	1038
571	1027
602	1346
573	1210
476	1129
565	1070
590	1119
599	1169
579	1177
585	1114
553	1207
571	1180
542	1215
565	1069
619	977
581	921
558	1007
627	1072
604	1189
514	1141
536	1187
553	1176
514	1041
495	1079
594	1169
554	1124
558	1057
573	924
597	1009
536	1034
577	1077
610	1177
575	1148
642	1129
575	1054
600	1260
633	1218
607	1114
555	1187
565	1255
597	1131
613	1208
598	1223
670	1162
592	1243
578	1360
631	1341
546	1116
537	1088
441	1139
521	1151
549	1523
540	1156
596	1161
582	1209
647	1366
574	1667
627	1522
636	1571
629	1668
573	1509
587	1353
657	1314
569	1039
579	1127
599	1122
527	1081
569	1133
554	1111
538	1105
451	1150
484	1101
519	1041
543	1260
531	1089
528	1196
542	1173
594	1325
559	1260
546	1166
549	1103
602	1129
538	1187
590	1224
565	1518
527	1193
527	1338
528	2021
514	1709
479	1606
512	1329
563	1417
506	2636
572	3068
617	6286
612	6903
564	2827
503	2103
591	1679
567	1768
536	1587
541	1858
610	2138
674	7681
781	11137
808	11478
626	6661
602	5621
597	6357
604	5772
587	4694
660	6607
665	6995
653	7075
669	5977
645	2105
670	1769
779	2165
773	1937
877	1746
885	1593
868	2789
836	2096
798	1975
937	2014
824	5138
755	5445
702	3922
699	3270
695	3778
643	3712
654	2555
620	1971
663	1385
611	1586
570	1522
577	1360
586	1301
560	1254
660	1333
644	1140
563	1153
586	1373
657	1536
633	1587
545	1410
581	1300
631	1166
576	927
648	971
568	1021
559	906
521	994
540	1051
603	1110
534	1174
518	1036
515	1300
497	1028
495	1328
539	1290
554	1141
525	1125
548	1106
562	1205
583	1380
592	1505
530	1298
499	1111
519	1189
454	1397
496	1852
518	2280
508	1734
523	1789
507	1691
528	1874
532	1348
545	1292
575	1392
503	1501
508	1113
484	1136
473	1061
478	1101
459	1109
525	1060
574	955
523	1261
468	1187
477	1214
485	1222
480	1369
470	1290
488	1172
480	1389
492	1409
515	1245
518	1322
526	1269
509	1895
537	1984
530	1828
474	1452
525	1374
530	1383
515	1252
522	1407
528	1282
559	1164
545	1255
538	1324
545	1296
616	1545
581	1349
583	1301
563	1297
539	1358
511	1250
527	1160
468	1270
493	1058
462	1071
513	1105
526	1224
534	1289
532	1217
495	1155
485	1118
473	896
566	1104
517	1113
459	1151
491	1159
459	1223
505	1372
519	1158
553	1179
542	1418
530	1369
545	1099
566	1132
499	924
591	978
547	1002
540	937
599	1018
626	1039
498	1097
517	1015
532	968
569	1155
493	1154
507	1158
