175	762
193	733
212	698
195	739
196	667
228	707
199	748
184	689
221	734
203	750
218	890
248	842
201	888
216	812
240	880
229	953
268	912
247	989
229	896
260	960
283	1090
288	1099
291	1057
278	1017
245	988
274	1096
343	1197
288	1169
319	1144
305	1163
349	1233
305	1314
319	1342
315	1348
324	1423
351	1499
326	1577
371	1508
381	1557
373	1552
359	1646
394	1738
443	1892
403	1905
404	1764
388	1783
386	1718
400	1731
390	1639
383	1621
373	1777
401	1826
429	1924
432	1967
450	1981
443	1949
441	2025
463	2067
412	2096
480	1951
419	2005
444	2040
446	2026
492	1969
455	1982
439	1934
450	1994
416	2045
398	1957
398	1867
379	2083
446	2079
422	1971
418	2152
501	2045
429	2153
456	2006
525	2158
482	2084
470	2163
489	2235
436	2149
434	2047
457	2305
481	2196
432	2217
454	2136
455	2168
502	2307
498	2184
516	2317
519	2296
485	2304
496	2316
510	2281
545	2321
508	2355
510	2386
536	2412
574	2361
554	2552
553	2376
554	2318
552	2245
654	2325
586	2233
568	2300
547	2173
575	2180
579	2488
574	2727
563	2592
544	2462
601	2579
611	2768
661	3107
588	3141
667	3066
606	2956
604	3381
660	3386
670	3517
626	3360
631	3523
621	3438
655	3442
619	3321
616	3453
553	3328
580	3211
600	3342
606	3547
604	3501
608	3243
608	3386
712	3752
639	4116
661	4346
666	4036
725	4306
656	4701
694	5258
667	5247
654	4952
611	5026
600	4967
612	5051
599	4908
568	4772
512	4585
608	4697
550	4403
529	4431
568	4444
603	4563
588	4614
584	4585
615	4648
616	4741
683	4604
658	4785
608	4656
586	4700
602	4518
608	4371
596	4333
574	4134
565	4100
541	3985
577	3887
547	4042
577	3901
551	3824
519	3820
560	4005
528	4378
557	4218
593	4306
610	4325
587	4227
579	4228
597	3992
589	3921
558	3686
544	3747
522	3656
522	3498
536	3492
456	3124
441	3072
486	3166
482	3024
407	3033
467	2951
446	2981
465	3015
435	3044
467	2908
429	2680
453	2530
453	2540
424	2700
417	2553
430	2401
407	2467
378	2548
430	2602
410	2626
388	2616
378	2512
401	2319
401	2361
406	2550
368	2534
415	2248
418	2243
396	2118
401	2265
388	2325
407	2270
385	2388
384	2303
407	2197
373	2278
393	2268
387	2284
398	2171
373	2043
421	2040
376	2140
357	2139
354	2099
368	2096
331	2017
320	2087
367	2220
344	2190
362	2207
363	2314
355	2152
332	2256
376	2102
307	2061
318	2082
336	2056
322	1997
319	1880
303	1817
298	1806
348	1749
336	1689
262	1711
309	1612
335	1613
334	1592
316	1617
302	1650
312	1461
280	1502
311	1473
322	1401
303	1374
305	1383
309	1368
314	1394
281	1341
286	1287
292	1250
307	1268
297	1238
272	1309
292	1235
285	1396
309	1433
270	1533
306	1540
304	1541
250	1523
291	1324
305	1194
323	1176
285	1260
280	1205
292	1101
269	985
272	1042
278	1102
288	909
314	929
283	1005
253	1076
235	1004
301	803
290	894
279	818
296	802
228	735
240	795
257	873
287	851
315	902
234	868
279	894
303	936
323	902
290	954
283	955
293	851
291	798
299	907
266	785
272	717
300	736
259	743
264	838
278	832
300	853
276	923
270	971
294	1111
273	1076
296	1140
272	1109
292	1101
268	1073
259	969
329	1062
311	993
278	959
305	891
287	902
270	919
265	866
279	915
283	912
272	925
305	877
300	879
264	942
255	862
282	907
260	841
273	874
287	874
273	833
292	761
305	803
289	792
259	726
258	769
259	756
229	739
243	700
239	843
252	843
293	794
256	754
268	820
231	836
287	756
295	793
223	863
252	856
272	793
252	857
241	813
296	798
293	771
275	750
257	741
262	738
257	726
265	713
266	760
227	759
234	771
272	708
253	818
252	697
256	819
295	812
323	824
269	873
298	877
295	906
266	855
260	892
308	923
267	955
244	870
256	842
248	838
229	795
254	785
245	783
240	699
250	709
234	705
242	708
225	751
236	692
268	843
225	835
238	822
247	949
254	903
263	842
277	891
226	840
231	857
234	834
216	882
241	795
233	840
237	799
283	834
256	831
238	841
234	865
242	810
268	766
262	825
254	838
245	849
244	814
228	803
234	766
222	876
224	940
244	811
226	767
244	744
235	806
225	805
256	801
234	815
277	765
218	829
211	802
258	755
217	836
242	782
239	811
238	870
240	815
233	795
251	762
233	803
252	822
244	756
224	861
221	817
233	725
223	792
237	769
249	821
242	797
246	832
264	841
253	853
250	837
225	910
241	843
229	868
251	860
227	855
254	888
251	781
213	753
241	762
197	739
212	743
225	684
222	731
225	721
249	760
240	748
231	674
226	755
206	786
248	836
226	835
245	821
238	868
242	860
223	877
231	756
218	726
232	713
244	806
245	718
239	645
246	640
203	672
234	647
240	671
214	658
249	741
281	641
240	714
252	786
268	693
290	680
290	736
280	772
282	669
315	736
388	709
329	729
335	703
323	641
339	672
348	675
337	669
352	677
341	593
353	697
325	696
330	751
411	704
401	791
397	824
364	789
386	847
368	872
382	788
342	820
372	808
324	818
352	759
358	800
314	691
324	768
314	705
321	731
294	664
339	720
363	707
292	638
319	645
314	601
331	671
300	651
269	704
255	591
291	686
287	658
277	642
292	620
224	583
250	524
267	585
241	515
235	482
215	589
237	567
248	547
236	483
218	592
205	455
192	514
210	530
174	448
172	517
184	416
165	423
184	409
173	451
183	467
155	426
123	436
136	409
125	432
158	440
145	408
127	443
158	459
117	466
146	437
134	448
144	485
145	547
149	467
144	529
144	513
148	452
141	467
139	435
124	435
160	459
124	532
152	520
115	447
138	437
132	378
136	452
137	462
121	464
138	514
165	471
163	487
156	448
139	412
135	429
166	441
155	377
159	359
145	393
137	401
134	364
128	487
127	436
136	392
131	422
137	411
150	401
129	433
158	393
162	378
152	348
131	333
161	377
166	394
167	422
154	371
157	386
157	438
134	370
148	399
166	286
156	313
144	390
149	321
128	403
149	397
132	309
156	298
106	377
120	319
154	375
144	305
145	396
149	325
159	383
161	361
144	349
158	392
175	359
143	342
148	337
157	301
151	417
136	361
160	348
145	300
156	326
155	295
146	361
157	322
142	401
140	403
166	342
150	388
140	296
137	349
130	387
151	364
145	427
143	382
161	359
157	404
151	437
146	340
146	330
138	394
168	364
144	380
137	341
158	371
169	367
147	467
138	402
169	454
146	378
149	483
165	414
134	454
155	419
158	399
175	390
166	399
129	428
157	383
147	422
133	394
156	421
144	385
147	390
123	376
158	458
139	378
155	430
148	462
133	465
133	453
149	407
127	381
157	416
143	385
135	379
130	370
145	426
132	352
148	352
160	416
143	422
133	407
144	399
148	445
142	354
115	454
142	366
134	401
155	369
132	364
119	368
136	379
141	385
136	380
142	428
155	425
137	427
139	403
152	439
155	427
136	426
145	390
125	426
119	359
149	373
143	410
127	400
136	377
158	391
142	472
144	392
139	400
123	399
131	404
123	433
131	389
125	425
135	367
124	381
127	387
138	357
136	398
142	372
149	433
133	376
112	398
121	398
156	442
136	419
132	414
118	461
130	415
121	384
119	433
142	363
138	474
144	406
115	455
131	386
138	439
141	465
150	411
121	421
136	431
121	380
137	413
129	384
125	417
128	402
131	425
122	431
138	434
132	413
132	430
128	444
131	422
134	382
125	441
148	429
148	428
148	449
120	415
125	458
137	420
135	417
142	408
135	444
142	466
127	405
158	416
145	443
122	402
119	483
134	433
134	490
133	450
169	417
151	490
134	453
133	498
135	474
134	552
133	447
125	496
171	506
134	432
168	400
177	483
118	485
131	469
126	427
141	477
135	429
140	547
158	558
156	445
135	431
149	398
151	456
131	487
155	430
127	507
113	448
138	430
142	428
147	528
127	476
148	471
138	429
157	487
139	410
152	459
135	466
171	469
161	384
147	455
171	456
164	483
168	504
172	463
163	441
167	404
169	484
163	533
157	551
190	679
191	662
154	641
172	528
185	565
187	463
158	474
201	463
161	507
207	473
200	469
197	508
211	547
205	474
215	421
227	498
179	490
202	515
198	512
227	508
181	525
242	542
206	489
185	556
202	516
213	515
185	514
199	569
192	569
197	499
196	507
213	478
170	471
166	517
187	479
183	540
185	500
170	553
162	486
183	511
197	542
185	520
190	510
196	549
171	550
185	578
162	482
200	509
176	577
175	555
178	515
194	468
172	513
174	581
181	568
177	521
197	516
186	559
148	603
207	575
172	623
165	581
191	581
159	628
180	539
193	606
159	552
175	549
159	528
172	577
174	606
163	536
182	521
167	496
161	506
158	528
199	650
213	573
182	607
170	526
171	562
174	545
175	615
186	539
180	611
186	688
149	488
142	605
159	607
147	568
188	517
169	580
189	551
166	614
185	607
161	516
173	508
180	564
164	563
177	586
168	553
167	611
189	606
158	643
180	613
174	567
155	554
182	584
185	636
172	595
186	555
164	500
180	542
192	599
191	529
196	622
174	593
158	657
170	668
177	604
184	646
184	636
190	617
178	608
191	598
163	607
171	623
176	616
188	577
164	570
161	518
164	505
189	595
163	504
172	554
167	570
175	543
192	593
163	605
176	597
183	623
186	602
200	602
172	574
158	548
165	548
168	582
165	520
212	540
149	518
154	535
199	502
169	573
160	502
166	487
188	498
162	520
215	548
184	566
200	547
178	572
189	561
168	539
196	596
171	514
205	610
207	573
164	613
236	512
173	503
223	469
195	460
205	449
205	448
191	509
190	534
199	525
177	514
209	536
216	496
220	515
222	548
181	495
189	551
196	506
183	479
191	482
216	600
200	494
183	439
185	448
203	476
208	503
174	509
148	551
204	501
163	500
189	568
195	466
162	465
200	483
186	516
190	478
189	549
180	543
189	580
196	539
207	507
180	534
192	431
181	489
203	493
195	504
187	535
170	455
175	477
183	502
179	472
200	494
188	503
187	523
178	487
175	458
196	540
198	585
193	501
184	473
192	453
197	490
185	487
220	498
196	435
206	508
175	506
180	540
202	477
189	478
196	453
204	456
197	498
243	431
195	524
177	618
186	481
170	477
185	536
214	428
167	475
187	533
225	499
204	424
191	471
185	402
224	485
199	464
236	465
239	438
182	474
194	433
186	462
196	480
228	449
182	440
197	512
181	507
182	500
197	458
217	415
191	469
219	407
198	450
195	479
192	408
198	432
192	485
191	440
174	443
205	393
184	436
208	504
195	475
181	441
205	446
177	415
196	433
186	447
204	491
181	436
208	461
222	440
190	449
199	468
207	424
204	414
185	410
187	455
209	416
226	373
212	414
212	493
216	406
203	471
174	478
215	504
216	422
197	449
186	424
211	394
235	398
206	527
220	445
217	442
216	511
177	500
224	466
222	396
220	491
208	435
217	429
184	508
200	476
170	498
239	501
243	438
223	436
222	484
225	483
211	491
227	473
236	455
228	521
214	510
217	457
218	464
190	469
240	469
226	525
241	588
226	500
215	479
194	467
213	513
211	509
221	548
223	573
228	454
230	529
224	510
233	522
225	418
217	435
224	437
185	445
193	450
242	444
211	452
248	529
228	481
236	444
214	465
252	515
220	448
217	459
220	523
215	516
209	571
209	464
209	499
200	510
217	523
192	532
203	393
192	492
240	474
245	509
216	493
252	476
231	477
243	490
245	489
224	443
205	446
230	559
230	509
202	500
234	470
239	453
209	461
226	510
216	511
234	561
233	505
230	477
262	495
213	511
220	560
208	613
226	533
205	507
208	484
241	479
237	508
239	548
232	479
240	454
257	492
227	437
237	465
227	530
199	507
221	591
273	655
267	497
249	554
236	663
224	574
222	578
235	511
224	433
248	488
211	465
214	501
202	559
213	577
222	509
214	486
227	465
235	453
211	522
210	508
249	579
260	597
260	558
229	509
249	524
242	517
243	611
240	614
232	455
227	495
235	480
223	485
246	514
233	458
241	502
247	482
229	614
241	631
263	635
237	814
218	956
238	854
233	761
244	651
286	711
281	722
209	721
214	897
254	1114
257	1023
273	1007
246	838
215	899
260	889
219	1015
263	980
255	1300
259	1308
271	1227
257	1087
238	1059
267	937
272	881
265	795
261	826
239	644
228	831
249	755
265	817
268	918
286	834
249	847
274	778
290	790
288	755
232	705
238	717
301	997
333	1045
345	917
353	864
326	904
334	964
327	947
310	982
316	867
325	763
298	920
329	935
343	1206
371	1336
345	1458
310	1162
347	1096
385	1274
383	1267
354	953
360	1031
395	1393
439	1405
377	1198
401	1018
412	873
379	782
398	816
405	843
418	905
402	815
379	846
381	857
362	829
425	847
378	989
405	944
326	951
363	893
380	806
354	909
384	797
339	762
325	676
328	700
346	683
342	626
316	639
363	653
302	653
353	661
340	713
363	782
344	745
323	605
344	612
388	674
349	647
365	546
389	576
414	589
356	528
392	675
364	579
423	551
412	631
422	560
386	696
368	533
371	556
400	641
424	553
350	591
344	552
404	641
418	684
404	708
378	622
371	657
398	635
410	693
399	742
401	644
435	674
404	604
400	541
397	549
440	661
401	616
455	579
442	600
410	609
359	586
362	568
324	631
382	562
341	574
373	611
391	743
330	661
348	647
319	688
384	765
380	783
359	649
332	719
343	670
333	645
373	707
342	713
360	692
365	726
368	722
338	715
338	749
333	731
360	779
313	672
318	723
346	619
322	584
337	653
343	704
352	763
336	709
336	660
339	716
357	682
334	696
347	628
345	694
347	710
362	723
332	732
326	695
348	749
355	737
326	747
373	824
342	879
330	837
330	708
361	787
314	748
360	730
337	713
336	827
388	755
362	766
361	791
330	795
323	763
360	741
349	748
368	762
331	852
337	699
341	890
350	800
350	799
342	714
334	740
376	739
324	769
340	868
375	584
344	750
316	719
324	591
348	613
351	616
333	654
376	591
374	533
346	568
361	619
348	652
381	683
326	608
339	605
366	626
359	631
407	529
351	604
343	574
333	585
340	608
386	712
321	687
380	608
368	652
353	616
318	562
345	679
360	636
334	683
345	663
418	830
376	697
369	790
416	849
367	661
387	662
384	689
375	770
353	677
342	686
385	662
374	758
342	697
388	695
385	703
344	654
373	645
364	622
329	636
377	635
370	692
372	664
381	599
370	594
309	644
357	662
396	537
390	592
360	626
390	660
357	708
349	729
326	658
329	684
340	557
397	636
408	747
354	650
373	667
354	722
347	665
345	700
390	639
352	782
412	665
326	789
371	725
347	751
402	768
391	798
351	859
361	840
401	678
363	694
373	613
380	718
400	632
344	669
366	801
492	655
390	811
407	818
405	725
397	539
390	604
354	659
394	565
358	581
350	666
417	712
396	689
362	807
350	686
390	638
394	685
358	647
368	644
371	730
362	781
383	674
361	634
411	669
360	827
447	832
461	747
445	729
416	651
387	773
467	784
421	662
394	759
374	707
419	655
461	703
429	899
436	739
384	702
416	767
391	741
352	745
396	631
382	584
407	688
411	599
417	691
406	644
348	544
417	703
414	658
412	894
430	836
403	793
329	779
436	706
420	747
373	682
426	731
410	790
462	736
396	781
395	746
405	694
403	726
413	814
361	761
400	756
381	777
428	800
422	766
425	783
390	712
395	888
409	873
336	791
376	709
407	722
395	659
398	777
449	776
406	723
487	674
473	683
433	746
459	792
409	700
461	714
408	721
402	850
413	891
429	894
416	840
418	838
414	646
406	764
373	771
384	770
401	770
385	734
335	734
377	805
399	908
414	886
391	824
412	803
371	803
432	822
399	850
416	903
421	833
434	844
426	881
371	747
470	794
409	930
425	832
411	801
470	947
423	969
437	908
410	772
430	754
400	704
457	755
416	890
430	803
402	1037
405	884
410	779
368	737
441	746
384	822
378	791
443	768
466	809
398	710
402	773
404	710
424	753
389	816
379	876
428	726
398	714
427	735
492	797
452	769
458	697
472	759
443	856
474	723
436	812
446	757
464	722
394	746
430	779
381	831
409	692
397	725
392	764
359	828
432	773
401	776
393	834
368	873
356	776
366	910
397	977
436	813
406	947
408	1174
441	972
429	840
488	986
445	1356
465	2392
482	2985
508	3522
538	3557
514	4681
519	6418
452	4513
481	3221
434	1357
424	1484
517	4022
581	11051
594	9816
642	12089
925	14078
1222	15597
933	12401
908	11181
786	8374
762	7502
809	8841
732	10593
764	10121
703	8637
701	8274
892	10921
960	11844
931	12092
730	8524
690	6562
606	4980
485	2233
443	1325
537	4528
515	4308
395	1819
436	1549
381	1480
414	1363
473	1231
362	1080
432	986
423	984
442	967
400	849
428	1030
406	1006
416	1023
416	880
413	945
414	777
415	765
448	815
438	903
419	858
441	904
420	875
444	838
460	915
428	928
406	1076
424	985
485	990
398	921
495	1097
458	1280
478	1465
427	1532
424	1351
421	1213
413	1094
451	1046
457	1110
488	954
461	886
461	782
472	855
451	923
457	865
429	974
468	1068
446	970
417	990
459	1289
497	1153
508	1431
527	1445
463	1472
539	1285
485	1325
605	1244
506	1095
535	1241
574	1121
543	1205
541	1148
502	1128
541	1306
548	1637
537	2017
560	2858
546	2711
545	2656
575	2694
545	1856
581	1818
550	1385
517	1468
471	1227
560	1481
523	1322
463	1266
526	1232
522	1019
593	1003
631	1077
634	1087
645	1105
571	1174
679	1066
641	1297
616	1402
724	1352
698	1271
627	1383
709	1456
685	1706
729	1453
755	1523
775	1853
833	2708
919	5218
985	7195
890	6009
931	7564
1281	11725
1285	12146
1140	8300
1168	8055
989	6152
940	5390
921	4136
857	3703
807	3448
773	2773
807	2318
722	1956
688	1820
761	1955
829	2370
742	2013
724	1443
627	1246
750	1876
816	2143
708	1439
605	1305
621	1058
606	1058
584	984
583	1052
588	1070
564	990
572	959
645	967
615	1007
578	983
575	1009
573	886
565	937
566	903
538	958
512	1028
474	803
520	839
562	798
456	867
491	937
480	1034
500	997
429	1077
524	1088
516	1028
431	864
454	888
513	871
509	817
476	893
529	994
513	911
465	894
489	872
471	834
417	838
446	979
422	790
438	798
481	921
448	670
435	730
431	825
473	994
479	980
472	903
439	973
462	1012
493	1108
470	922
476	981
492	918
476	910
503	1050
489	948
449	888
448	850
427	1131
471	1070
414	899
392	834
480	744
475	804
457	833
461	906
486	950
480	903
512	966
508	893
518	816
497	837
449	756
399	1025
530	855
471	919
442	735
498	858
516	844
546	917
511	991
497	818
469	857
514	819
471	768
483	824
467	752
433	775
473	967
455	790
461	1001
448	927
416	907
433	976
506	896
419	901
468	974
448	982
485	971
482	995
406	887
478	927
430	989
457	1111
466	1153
506	1045
472	1098
501	926
436	850
473	820
417	1069
416	1036
498	990
465	951
465	1101
459	1066
477	1037
478	1039
452	1013
481	1131
461	1035
484	1206
458	1116
460	979
496	975
492	1065
487	962
432	962
461	1044
471	966
547	1032
493	985
459	947
417	844
421	837
435	956
441	926
477	977
478	967
456	898
427	975
528	874
516	998
504	1159
462	1182
499	1181
478	911
407	1015
477	811
451	805
479	854
411	1109
442	933
506	898
401	866
489	1031
437	924
425	889
472	965
436	887
411	892
419	1034
463	1004
403	899
478	965
493	976
463	1023
455	1032
414	1026
442	1001
403	946
400	1021
434	1021
468	1095
460	843
439	838
424	799
419	899
441	973
411	957
495	974
475	866
437	859
460	979
433	1100
455	1042
411	944
411	986
390	1067
434	1044
438	909
436	998
440	904
441	987
372	914
441	801
403	1011
404	952
468	901
422	929
423	917
423	948
420	966
398	839
390	1032
426	1026
395	1028
410	865
424	1047
414	986
401	1170
403	1066
363	906
400	891
425	969
443	894
451	960
404	906
475	1073
470	1094
464	1003
492	925
505	1082
464	875
443	830
493	869
440	950
508	1075
533	941
503	782
485	903
431	951
459	963
452	863
460	839
455	822
536	902
513	925
455	981
507	905
401	892
489	976
473	1028
471	954
424	1234
398	1216
483	915
424	1080
461	1433
499	1374
504	1460
524	2544
510	2734
486	3809
523	2034
494	1314
473	1071
505	1033
448	898
456	906
458	896
514	866
472	972
497	1069
427	900
487	936
485	831
466	897
453	858
440	804
445	790
475	929
483	991
474	852
435	883
460	1032
446	911
480	829
493	1014
412	965
492	1128
461	993
399	984
427	996
384	900
409	963
396	924
487	1042
507	1074
467	904
467	969
505	941
527	808
485	958
496	917
480	874
443	907
458	885
477	973
432	938
461	985
544	798
513	760
469	972
535	875
577	912
486	862
526	803
489	987
449	987
454	877
464	988
485	921
501	1115
482	1033
457	994
504	1008
532	1214
528	1082
498	1010
535	940
544	850
497	860
599	836
536	838
495	888
455	890
566	849
541	976
494	912
510	935
495	968
490	901
486	952
481	1103
531	1116
582	1302
557	1186
481	1265
426	1111
569	977
453	913
527	1016
548	923
552	886
511	1037
536	1057
512	1008
510	1105
523	1139
575	1124
634	1147
579	1034
582	1040
609	1097
593	1104
591	926
584	1319
600	999
566	1050
621	1269
660	1089
632	1030
659	1166
672	1248
659	1077
689	871
668	993
690	1128
589	1034
642	1172
629	1155
616	956
712	981
652	930
682	1075
597	1023
635	1152
685	1101
712	1018
655	764
688	954
701	1039
644	946
679	880
742	1014
843	1066
765	1129
738	1084
762	1025
762	1267
826	2864
807	3758
820	4282
763	6080
936	6679
1140	9253
1309	8780
1452	8256
1344	7025
1532	7961
1476	6402
1241	3549
1163	4406
1084	4826
1105	5194
1048	4129
1018	4471
1033	3736
1046	3736
980	2639
865	2168
878	1683
831	1686
840	1769
872	1281
750	1217
797	1061
693	983
755	982
758	1073
775	997
806	1167
784	1172
866	1110
891	1100
843	1178
908	944
892	1002
836	996
790	890
851	910
777	923
742	949
709	954
782	911
839	1063
777	984
752	910
710	945
789	904
802	901
810	1049
774	1054
783	902
802	1052
702	951
800	1039
827	914
748	885
768	1000
792	1108
731	1032
674	1077
708	1128
734	1128
683	946
731	962
662	870
608	931
570	856
541	1126
671	861
602	1036
586	1075
632	1124
627	1023
644	934
602	994
565	1019
508	1025
518	952
545	799
566	901
548	819
496	704
516	943
561	914
590	866
555	860
510	827
514	978
545	854
547	832
486	887
477	1053
528	860
498	858
490	848
569	913
578	1041
571	1102
514	1012
510	919
484	1061
526	982
523	1005
529	1068
499	1059
507	834
514	884
449	864
474	861
475	900
503	1073
473	1098
523	1214
468	1025
473	971
457	1018
478	969
448	1053
444	919
461	879
462	930
472	823
494	1015
450	975
472	808
469	856
467	1011
518	1061
495	1013
486	959
409	858
441	795
467	890
515	902
450	841
506	951
503	902
484	956
452	879
464	813
496	1010
468	952
426	938
433	966
423	1008
511	1098
569	1013
486	1145
536	1404
526	2100
487	2027
521	2858
563	3759
720	6255
811	6662
640	4419
542	3080
532	1314
492	1561
579	2611
609	3333
520	2240
526	2089
525	1943
458	1258
522	1045
530	1130
490	1044
494	1073
445	1195
454	1004
439	887
524	1060
488	1184
440	1052
491	1036
489	1146
512	1168
490	1000
551	1049
515	1225
490	1131
566	1152
456	1258
474	1121
511	1135
495	1352
491	1414
499	1637
395	1605
415	1443
423	1515
480	1332
516	1220
529	1033
462	1202
489	1101
511	1199
478	1061
455	1073
551	1069
544	1511
512	2366
579	3064
541	2844
664	7146
565	4718
623	6092
564	3718
644	6697
764	8962
580	3790
562	3051
614	2687
689	5357
602	2576
513	1823
504	1282
567	1549
531	1445
559	1673
568	1531
539	1247
527	1259
562	1695
510	1930
537	2226
555	2090
551	2068
571	1626
537	1160
554	957
518	943
502	1056
542	1118
448	1064
491	1153
462	1148
521	1084
548	1113
463	966
430	876
451	1027
505	1096
516	907
482	942
504	903
482	1235
498	1089
482	934
472	1004
469	1089
499	913
491	975
470	1077
436	1043
481	940
524	872
515	974
538	870
505	995
518	1043
537	898
499	768
516	781
566	1044
506	1113
491	1230
542	1045
445	1101
501	1086
510	880
529	778
483	955
495	971
480	1063
477	1053
479	1003
503	1080
504	1161
579	1050
524	1106
499	1162
534	926
498	958
479	902
479	948
477	997
536	1085
548	987
528	782
504	880
496	962
523	935
501	868
482	975
483	888
524	934
543	926
521	1071
523	931
477	1018
493	917
489	953
532	1013
484	1248
521	1318
498	1180
439	987
420	1198
496	963
471	1208
565	1235
510	1107
539	1088
517	1241
520	1174
497	975
479	1018
433	1013
539	1046
494	874
511	953
504	1042
470	1120
501	1019
509	962
519	993
468	1119
505	1084
515	1075
521	1024
540	1092
534	986
459	829
444	895
495	982
479	931
513	1124
483	1113
509	928
493	1032
456	1058
446	1126
507	1020
474	925
494	874
456	757
432	838
445	896
408	862
506	930
539	921
496	845
550	945
479	859
520	1118
498	1096
526	1057
503	1159
544	987
477	934
578	1034
578	969
495	938
455	961
504	930
515	986
547	1030
497	1065
551	995
490	956
609	943
623	1178
641	1385
479	1024
546	1067
571	1090
542	1182
541	1563
533	1589
568	1603
581	1527
529	1383
563	1498
536	1389
655	1461
513	1241
530	1479
587	1794
541	1643
551	1707
556	1423
519	1408
540	1509
539	1400
492	1162
533	1037
525	1100
517	1026
575	1089
512	1264
538	1305
616	1349
572	1240
523	1305
552	1477
496	1062
466	1044
538	1247
529	1320
559	1275
523	1336
437	1310
523	1072
528	1200
554	1014
505	973
513	937
494	962
476	1192
464	1058
508	1004
534	1002
522	991
591	1189
508	984
515	1070
519	893
495	892
499	1018
533	1014
500	878
523	1032
519	1089
535	1151
538	1025
529	1131
462	1060
516	892
486	1172
486	1087
512	991
480	969
419	904
477	958
505	972
457	1113
438	1201
499	1088
475	1122
459	899
435	922
539	1023
435	1082
458	919
527	889
466	851
489	808
481	810
468	796
467	947
516	1075
458	1017
467	1043
439	1153
509	1017
471	1043
466	1046
503	969
458	956
447	906
463	978
498	860
501	929
479	1005
535	898
488	987
457	1112
492	1163
503	1132
476	1071
492	850
542	900
503	958
535	862
474	1052
509	951
553	991
462	996
475	881
538	1093
541	981
463	860
586	879
492	932
478	969
544	988
499	1161
504	1204
473	1020
443	941
529	960
514	1017
512	989
476	1182
474	1071
504	1163
457	1068
421	1145
455	1041
511	1076
460	866
490	945
519	966
559	963
548	900
566	1059
571	994
563	967
546	1092
711	1449
737	1119
616	971
755	1087
750	1132
786	1217
712	1164
742	1120
729	1221
682	1096
655	1420
613	1221
682	1347
661	1371
715	1270
755	1174
726	1060
773	892
781	1118
724	1227
755	1310
739	1206
688	976
765	1236
653	1335
611	1706
587	1489
588	1369
540	1691
527	1410
598	1905
536	2472
496	1913
518	1766
473	1898
451	2763
496	2343
513	2575
491	1843
477	1655
523	1352
498	1376
529	1560
559	2236
480	2694
526	2215
532	1502
476	1587
524	1517
440	1614
468	1389
501	1444
493	1231
467	1277
497	1491
516	1298
488	1384
447	1258
476	1246
492	1318
505	1081
521	1395
537	1482
646	1364
533	1084
529	1278
515	1841
585	1613
530	2034
570	2731
484	2489
451	2366
460	2184
502	2053
533	1690
579	1721
493	1600
538	1873
498	2896
475	2958
485	2415
641	9025
596	8682
555	7009
657	9406
767	10719
672	5833
533	1933
516	1237
506	1436
534	1093
494	1181
487	1259
433	1369
478	1404
464	1393
516	1215
496	1277
463	1024
539	1136
468	1224
439	1127
402	1294
438	1080
492	1155
467	1076
472	1136
485	1070
463	1055
544	1072
539	1043
484	1157
474	1129
572	1242
537	1183
512	1255
543	1181
546	1132
532	1323
544	1281
488	1182
515	1170
521	1377
480	1540
491	1813
534	1605
489	1651
472	1314
531	1228
517	1376
526	1420
507	1159
532	967
476	1131
460	1123
510	1159
499	1305
515	1212
530	1077
479	996
543	944
461	1034
509	1008
457	986
482	948
546	925
516	1006
472	1011
487	964
488	1124
522	908
539	964
529	1024
565	1055
550	1164
537	1110
475	1009
578	1344
515	1726
526	2046
580	2198
556	5175
614	6694
565	3912
533	1879
592	1229
561	1182
494	1284
542	1316
523	1236
499	1109
544	1053
518	1244
511	1064
576	1386
580	1385
573	1238
503	1177
535	1187
564	1155
479	1120
555	1163
571	1401
611	1321
556	1394
561	1401
571	1467
533	1534
497	1670
538	1740
534	1588
532	1604
613	1519
566	1185
545	1287
509	1350
567	1382
563	1275
557	1473
502	1401
516	1415
519	1265
608	1557
638	1371
610	1401
622	1414
671	1536
646	1512
729	1370
759	1423
692	1340
764	1272
722	1316
689	1528
629	1670
674	1517
632	1581
710	1717
727	1892
732	1673
701	1896
684	1952
635	2007
624	1920
635	1865
682	1928
659	2194
651	2155
549	2046
587	2300
556	1974
541	2502
502	2505
539	2336
530	2272
557	2387
526	2376
578	2366
605	2498
603	2695
621	2896
515	2769
569	2704
548	2869
533	2837
563	2663
623	2508
591	2415
565	2406
556	2496
516	2449
553	2543
556	2234
534	2160
637	2307
593	2327
532	2202
504	2324
475	2272
589	2062
559	1892
556	1852
548	1839
484	2070
509	2137
493	2167
637	2042
570	2068
521	2120
562	2196
579	1883
522	1840
549	1968
544	2020
571	2021
556	2107
502	1938
531	2046
538	1994
451	2079
551	2051
562	1976
582	1951
605	1790
591	1701
625	1839
525	1533
506	1674
513	1606
580	1542
503	1417
584	1477
570	1380
500	1470
576	1381
567	1456
510	1429
549	1207
585	1250
563	1207
572	1296
523	1332
483	1208
439	1416
503	1263
609	1075
542	1157
533	1238
572	1431
547	1846
483	1304
472	1160
521	1368
514	1342
529	1292
525	1030
599	1175
475	1243
469	1302
454	1326
487	1244
487	1193
458	1211
451	1176
510	1321
522	1302
508	1139
459	970
525	1061
462	1061
518	1075
522	1034
480	989
491	916
502	971
546	993
537	1098
539	1057
475	1026
498	1065
507	1066
452	994
487	1527
512	920
576	793
457	834
491	921
419	976
474	955
423	1027
487	955
531	937
477	1013
497	906
536	859
540	923
491	993
450	1068
532	963
456	971
470	1013
473	1076
470	1049
479	1066
519	1009
533	1041
488	1069
484	1076
500	1220
537	1223
524	1450
490	1532
558	1296
454	1150
578	1107
535	1308
581	1189
553	997
591	1236
595	1358
568	1301
563	1040
473	1042
509	1121
533	1272
514	1177
532	1121
507	1322
464	1172
470	1078
492	1149
565	1203
564	1093
507	1102
495	1010
505	1164
494	1162
504	1063
464	1188
511	1063
529	1184
506	1227
543	1067
499	1168
520	952
509	1101
503	1122
513	1178
525	1012
578	978
526	998
568	1082
543	988
509	914
540	908
497	954
573	1087
524	1155
569	948
520	960
520	926
524	1011
496	929
472	1003
452	893
545	987
574	1192
588	1197
573	1149
562	1136
577	1234
541	1444
552	1221
541	1019
496	965
556	945
536	1091
573	1081
544	1028
547	1018
546	1052
591	1099
616	1008
615	947
507	842
574	873
544	1026
595	1010
507	883
528	875
612	975
511	877
503	1019
587	1102
534	994
569	942
552	988
562	962
588	877
551	873
505	981
518	912
536	966
605	991
502	1136
521	1051
602	927
541	980
488	933
548	960
537	950
485	985
532	1001
493	1058
520	1045
483	1081
467	1023
528	1127
542	1201
528	1055
530	966
549	983
528	852
524	1023
529	1096
578	1219
474	1221
536	1279
546	1278
562	971
538	807
555	959
505	888
498	954
479	786
534	844
560	874
579	966
536	847
549	917
567	911
545	921
504	999
443	879
436	1042
531	930
520	915
547	863
543	1033
563	1057
489	965
495	1007
524	1111
493	1242
507	1127
525	1190
534	1109
529	1070
516	1023
534	924
567	820
492	777
525	762
489	861
505	941
485	1088
501	958
487	1099
599	1063
532	1104
476	989
487	1047
574	1129
515	1059
563	894
569	1010
508	968
533	830
476	901
493	777
476	857
542	907
522	938
490	842
483	891
430	948
440	1045
484	1004
503	1041
505	1094
441	1014
471	985
496	999
494	910
510	871
463	873
473	816
550	903
484	942
510	958
469	890
452	927
455	976
495	986
511	929
487	988
474	1066
487	921
422	1068
496	1028
480	1045
387	995
463	889
440	868
461	915
497	994
478	1110
519	1165
466	1192
502	1073
483	979
493	1048
453	1180
492	1190
472	1144
467	896
540	1050
499	1034
496	1134
471	909
517	1154
464	1056
588	1128
568	1109
493	1344
541	1229
521	1173
475	1262
488	1149
520	1049
578	1073
495	1292
537	1185
529	1032
554	1110
577	1025
562	1129
475	988
555	970
538	1018
596	1107
520	916
586	927
505	1119
515	1199
584	1191
510	1232
536	1096
609	1114
549	1180
535	1038
564	804
531	926
516	932
495	868
525	1078
498	1078
528	1085
487	1069
497	1012
486	742
510	937
511	1023
507	1132
511	1080
559	1046
500	1023
491	970
465	1264
474	1129
547	1241
506	1145
486	1177
530	1209
531	1188
526	1221
519	1080
517	1146
503	996
520	1218
589	1310
579	1464
552	1348
551	1287
565	1241
516	1383
522	1199
582	1293
525	1345
531	1203
536	1365
613	2048
672	2956
734	4532
982	8974
951	10024
850	8236
766	4598
788	6213
710	4981
778	4173
834	6316
1037	8503
1067	8739
881	6616
952	7695
893	6123
880	6317
815	5787
615	2928
746	3716
817	5503
815	4604
631	2130
592	1361
608	1381
503	1018
532	1208
506	1189
504	1231
550	1202
503	1082
551	1137
518	1023
556	1232
561	1214
501	1302
520	1221
500	1121
517	1055
569	1114
510	1109
510	1133
524	1081
535	1010
483	1191
569	1273
537	972
528	983
457	1025
494	965
544	1169
518	1126
562	1136
510	1245
521	1250
495	1165
568	1242
584	1238
522	1427
594	1220
474	1172
508	1210
499	1285
533	1228
514	1053
519	1178
593	1135
531	1096
496	1095
571	1109
521	1034
514	1001
604	1066
524	957
541	957
570	974
545	1100
532	1137
546	1176
545	1057
534	1051
572	1069
539	984
581	1198
599	1208
543	1165
578	1253
574	1290
620	1188
574	1275
527	1200
595	1230
583	1316
560	1287
531	1340
598	1344
563	1263
578	1457
626	1362
575	1259
537	1098
571	1195
589	1200
545	1274
574	1232
585	1404
610	1066
557	1528
618	1349
519	1184
557	1319
562	1348
591	1265
545	1357
576	1307
625	1462
584	1467
571	1427
594	1258
509	1193
521	1195
530	1280
549	1288
528	1388
539	1418
557	1287
554	1336
590	1343
563	1384
574	1290
558	1396
593	1150
591	1300
571	1459
583	1436
569	1362
513	1249
472	1353
517	1457
567	1436
487	1203
513	1153
528	1115
543	1076
560	1037
531	1184
479	1141
532	1041
508	1295
611	1177
676	1063
570	1100
589	1220
568	1208
629	1328
604	1197
604	1048
667	1101
753	1109
726	1189
683	1251
632	1097
706	1220
957	1245
1120	1182
1117	1242
1042	1064
1166	1094
1277	959
1494	1165
1454	1274
1358	1357
1327	1289
1547	1254
1709	1307
1810	1395
1868	1435
2209	1272
2338	1217
2375	1261
2253	1257
2091	1245
2093	1275
1868	1035
1850	986
1824	1040
1830	1038
1859	1169
1829	1144
1931	1170
1892	1124
1880	1142
1766	1025
1467	1082
1358	1168
1326	1041
1252	975
1200	1049
1215	1008
1226	1194
1185	1122
1235	1036
1102	928
1118	1129
1219	1104
1259	1154
1422	1124
1400	1045
1356	1036
1391	1129
1562	1170
1624	1331
1486	1240
1552	1198
1647	1102
1770	1047
1848	943
1982	1083
2020	1144
2213	1106
2392	1181
2660	1099
2505	1058
2364	1149
2344	1164
2447	1378
2464	1417
2523	1395
2258	1298
2116	1125
2188	1374
2079	1212
2114	1311
2131	1414
2193	1282
2226	1340
2365	1433
2282	1316
2413	1232
2501	1460
2603	1456
2618	1438
2173	1299
2110	1331
2240	1187
2106	1185
1663	1300
1432	1238
1295	1289
1388	1159
1315	1237
1157	1283
1134	1170
1005	1363
1126	1204
1135	1234
1146	1188
1071	1257
1050	1295
976	1190
914	1301
908	1227
801	1068
747	1040
783	1139
796	929
766	1028
775	1086
671	1016
692	1214
702	1259
731	1393
678	1968
697	1762
606	1700
638	1352
660	1460
617	1200
606	1986
657	1863
620	1492
575	1373
535	1307
585	1462
605	1486
525	1278
569	1131
564	1117
580	1330
574	1360
624	1541
650	2307
601	2178
576	1464
547	1160
573	1185
520	1211
632	1053
561	1191
564	1118
544	1177
586	1182
536	1087
566	1257
581	986
527	967
586	1102
557	1010
552	974
589	998
637	1226
597	1129
581	1230
588	1197
556	1153
656	1117
646	1135
690	1152
693	1212
718	1141
790	1242
881	1139
926	1117
876	1048
872	1117
952	1171
1034	1177
1028	1091
909	1190
841	1154
740	1267
826	1257
738	1159
728	1041
711	1174
740	1122
856	1309
787	1098
792	1030
859	1141
982	1351
969	944
1029	1178
963	1096
1020	1190
997	1152
871	1035
903	976
841	942
831	1058
742	945
815	978
763	1160
617	1014
634	1032
642	1062
645	1168
615	1142
679	953
701	1086
664	1035
605	1067
622	1294
635	1063
606	1254
609	1324
587	1131
596	952
650	1044
511	1114
555	1246
521	1130
592	1100
651	1056
653	1028
609	1004
570	1067
554	1007
694	1024
852	1030
815	1170
740	1121
704	995
754	1140
785	1070
818	962
850	839
733	1075
623	1259
604	969
544	998
528	1116
530	1314
482	1067
519	993
497	1015
512	929
562	965
545	850
504	974
521	982
505	972
526	959
544	1021
488	1111
529	928
513	1014
453	1015
497	1151
454	951
472	932
498	999
470	925
446	938
507	1030
520	945
510	954
477	1020
512	998
517	1117
523	969
525	982
540	921
515	926
529	938
560	949
539	837
525	983
456	1023
496	920
503	1157
488	1099
419	922
450	981
463	828
468	1018
428	955
489	1043
438	1059
510	1259
444	1278
526	1222
490	1147
548	1150
503	1148
516	1069
506	1192
523	1214
502	1319
450	1249
489	1202
515	1146
486	887
517	1074
503	913
499	982
525	999
457	970
456	1135
480	1022
495	1100
485	971
483	996
503	988
463	1081
526	1190
499	1049
530	1110
517	1101
483	965
486	1085
441	1123
488	1204
475	1203
447	1024
460	1104
406	1170
446	1006
424	989
512	998
565	1004
514	936
516	1030
477	1016
444	1094
509	1039
471	992
493	1230
429	1081
478	1073
493	1137
495	1102
473	1009
481	1281
489	1044
476	1019
489	1188
547	1034
467	886
464	888
497	1067
527	1039
524	1022
537	1062
551	1122
554	1268
582	1278
566	1584
539	1541
553	1711
530	1465
532	1709
512	1752
539	1428
554	1688
509	1247
491	1109
483	1057
485	1089
496	1126
544	1218
562	1122
525	972
499	1147
499	912
494	1037
547	990
566	970
557	946
556	1098
547	1020
473	1040
564	1153
534	959
534	869
546	1008
566	880
544	869
570	1017
552	826
500	853
523	1037
498	995
540	1039
520	1106
526	1098
494	986
538	939
511	978
501	1186
566	1155
516	1252
559	1126
501	1231
531	1127
576	1165
538	936
516	852
511	835
590	998
612	1106
590	1127
548	1168
542	1099
538	1134
513	1215
553	1275
567	1182
570	1331
591	1082
576	1087
547	1209
612	1148
599	983
552	1158
531	1044
553	1294
587	1495
581	1517
560	1299
595	1381
593	1472
586	1274
549	1203
554	1327
497	1199
586	1823
571	2093
573	2145
609	2138
592	1872
604	1407
583	1609
595	1638
608	1693
611	1566
609	1917
595	1949
614	2070
566	1972
601	1399
558	1500
553	1573
586	1702
488	1279
501	1085
524	1012
509	1031
552	1071
616	1065
590	1268
637	1540
627	1309
624	1271
566	1271
606	1220
589	1462
640	1458
630	1245
595	1144
623	997
637	1100
658	1038
628	1151
709	1214
692	1208
721	1037
675	1081
647	1070
734	1321
707	1354
734	1529
734	1510
743	1458
792	1229
824	1189
738	1205
737	1094
872	1024
929	955
762	1022
756	851
798	950
756	990
817	885
764	971
759	1037
777	979
794	915
813	938
757	849
821	916
858	808
806	831
704	862
739	888
785	988
682	905
741	897
733	905
755	1112
751	841
749	1015
761	936
675	1049
728	937
754	1029
724	1090
695	1087
674	921
737	948
780	1120
709	900
734	949
642	1014
669	1039
684	986
689	1046
732	1104
763	938
763	866
820	938
875	931
827	1076
814	988
831	856
781	832
822	976
771	1185
784	1286
801	1211
841	1086
794	997
762	1133
794	1141
810	1074
743	1138
893	966
853	1000
858	930
790	975
882	1159
876	1131
858	1064
973	1152
898	1126
899	1222
825	1185
877	988
848	1094
863	1076
786	1269
778	1381
760	1206
708	962
699	965
736	980
739	1167
732	1158
762	1145
856	1236
851	1065
786	1174
822	1148
975	1148
900	1015
900	1182
880	1526
840	1799
825	3428
838	3274
728	2769
736	2772
739	2138
776	2637
754	2455
759	1841
814	2778
836	2812
872	3611
886	3526
826	3520
925	3277
884	3829
1016	3386
927	2992
946	2651
882	2522
768	2562
734	1817
697	1392
673	1399
685	1284
715	1390
700	1374
719	1481
673	1294
662	1408
756	1653
753	1622
661	1600
730	1811
777	1743
837	2068
777	2113
817	2247
784	2063
742	1753
733	1380
752	1301
831	1304
876	1295
878	1424
906	1287
1021	1162
1202	1146
1070	994
934	1159
902	1331
885	1561
924	1441
903	1689
797	1958
916	2026
892	1613
921	1729
1003	1417
990	1290
1065	1319
1154	1474
1395	1386
1422	1195
1437	1191
1510	1305
1512	1328
1375	1431
1311	1073
1353	1331
1213	1347
1209	1347
1190	1495
1139	1407
1015	2146
1067	3063
983	3542
1011	3444
958	3585
982	3721
984	2667
1032	2288
985	1574
1086	1585
1077	1712
1186	1469
1249	1450
1344	1418
1288	1321
1260	1209
1122	1513
1103	1590
1025	1638
953	1396
932	1127
947	1116
833	1136
734	1172
818	1209
749	1060
766	1063
890	1062
956	1238
1002	1166
944	1052
916	1158
1017	1003
1025	1181
978	1212
915	1074
942	1203
850	994
734	1088
713	1064
616	1087
705	1062
666	1085
724	1388
617	1331
598	1325
594	1331
611	1304
639	1131
663	1155
644	1144
629	988
599	1114
657	1043
605	1141
569	1217
558	1067
491	1035
520	772
579	952
558	1101
538	1094
566	1246
520	1101
535	1151
530	1144
562	1128
548	1024
547	1209
589	1075
527	1002
532	986
584	1103
513	907
564	886
538	1058
540	975
519	905
460	1156
531	1177
617	1106
554	1050
554	1124
518	1166
494	1020
528	1197
506	1094
454	1185
484	1079
527	987
479	1025
484	1007
442	1106
477	1004
532	1067
487	1129
503	1075
490	1077
494	1179
464	1023
494	1133
491	1156
501	1027
474	1166
442	1115
453	1174
500	1342
478	1271
564	1139
526	1087
529	1113
526	1106
585	1055
532	1120
591	1117
575	1014
532	1054
542	1205
538	1124
592	1127
585	1178
616	1288
525	1242
543	1242
507	1127
553	903
515	1123
539	973
538	1046
589	1038
625	1137
680	1095
571	1042
560	1127
572	989
620	939
584	1136
568	1044
678	1054
742	1017
778	1093
689	1060
667	1238
614	1307
517	1334
544	1359
548	1349
573	1089
610	1010
578	1083
545	1081
604	1053
585	1084
539	1249
578	1118
524	1290
574	1145
475	1037
539	1051
552	1131
517	959
538	1217
581	953
580	946
557	919
556	926
550	1023
581	883
530	961
510	1113
548	1022
564	934
469	970
490	998
493	1074
471	939
468	958
506	1135
501	1111
499	1074
544	1208
556	1268
513	2079
544	3583
592	2656
607	3641
507	1667
546	1155
525	1062
535	1071
479	1100
524	1168
476	996
518	1113
503	1211
480	928
504	1089
484	1231
487	976
528	1086
551	1185
548	1123
509	1220
505	1121
516	969
481	982
509	818
572	1077
571	1005
523	942
563	990
515	1081
539	1126
554	1111
572	979
580	950
540	979
579	941
582	939
605	901
597	1032
540	1019
583	1032
612	1167
549	1013
633	1074
656	1018
608	989
644	975
723	994
691	1010
593	852
639	962
616	887
617	1042
585	973
671	954
645	883
663	796
705	994
617	907
631	831
660	1006
591	870
599	941
499	1027
508	1033
504	800
553	791
526	975
549	1070
532	919
564	1039
506	1112
546	1128
506	968
507	1068
566	955
524	890
537	881
553	952
533	1046
508	1078
537	1140
510	1051
546	967
509	839
494	850
548	1005
505	1016
484	1112
531	1055
534	1268
484	1056
526	1073
506	1208
517	1152
492	1157
595	1113
551	1008
553	1083
565	970
498	905
525	911
534	1059
561	1134
523	946
481	977
417	1025
505	1048
494	892
465	931
529	922
530	887
502	856
509	842
523	929
544	902
511	895
452	1005
512	1078
522	1025
445	1006
543	930
528	1049
557	985
621	1020
539	1005
542	961
571	910
513	985
556	1019
520	1094
571	1051
521	1085
435	1091
463	1158
507	982
566	1178
554	1242
529	1091
516	1105
551	1041
516	1044
503	962
556	985
556	994
557	1125
526	986
568	1329
531	1175
623	1086
557	1036
573	1118
560	1333
505	1092
556	1031
533	1057
507	1199
598	1208
559	1260
514	1326
558	1333
508	1460
563	1475
560	1423
502	1214
582	1174
513	1331
544	1365
573	1614
570	1645
546	1667
554	1865
542	1791
590	1569
555	1452
555	1460
580	1478
540	1185
538	972
562	993
510	1001
525	1109
609	1070
491	1114
570	1085
536	1186
508	966
484	964
480	942
565	901
512	898
480	984
548	1003
562	1049
537	1109
535	1060
523	1026
508	980
485	1159
524	1089
580	1127
504	1170
550	918
505	1141
530	861
480	1029
510	893
523	959
495	845
506	937
501	1134
465	990
489	931
532	905
462	1044
499	976
468	882
466	911
527	963
497	1132
490	1280
452	917
480	1129
469	1256
498	1289
448	1204
383	1458
459	1490
460	1380
466	1003
525	1134
487	1039
485	982
479	979
475	1041
533	927
531	957
492	880
497	841
485	855
482	845
435	927
507	861
455	924
517	896
481	944
505	1152
508	1060
562	1197
464	1287
517	1230
445	1132
472	1187
510	1273
589	1128
557	1157
596	1242
551	1381
595	1136
516	1125
508	1087
508	994
484	1222
522	1096
507	1278
446	1166
513	1013
483	1065
520	1003
468	1078
490	1335
491	1168
476	1126
578	1264
512	1095
510	1037
519	1225
483	1338
509	1272
553	1076
483	1030
493	992
471	945
486	1072
504	984
510	1179
512	1048
531	993
549	1237
564	1261
500	1015
476	1132
457	944
479	1064
542	1069
476	966
463	948
585	979
529	1155
579	985
519	940
489	1053
521	1112
525	847
527	911
573	808
482	893
581	996
526	922
522	919
502	769
520	879
496	921
498	807
476	969
510	1032
477	813
454	1037
528	1127
473	1221
492	1124
474	1207
575	1167
517	1140
515	1138
448	1181
465	994
538	1098
528	1166
474	1309
547	1294
474	1267
497	1349
488	894
451	898
462	1045
431	988
431	1147
445	1042
508	1010
434	971
489	959
454	1017
518	957
477	1071
531	1573
482	1400
500	1782
471	1401
548	1286
537	1172
472	1015
437	1009
532	1041
533	989
544	1061
409	983
468	1125
431	996
434	1086
417	981
514	1088
412	1047
437	1030
456	1016
502	1032
512	1042
469	1057
478	1108
458	930
531	976
503	1001
491	953
472	908
583	961
474	980
497	1041
482	1028
469	996
445	1134
505	1259
460	1041
526	1054
582	1109
556	1033
489	1016
476	1050
407	1122
466	1010
509	1169
443	1199
434	1309
517	1372
504	1317
542	1362
557	1320
577	1342
643	1429
570	1216
566	1502
520	1445
499	1371
524	1313
531	1273
456	1266
505	1117
463	1264
517	1155
549	1348
599	1183
568	1204
463	1187
477	1328
519	1369
529	1583
475	1499
502	1389
517	1298
470	1407
524	1702
519	1705
483	1500
531	1461
455	1305
450	1536
425	1346
459	1136
449	1176
444	1166
478	1155
451	1065
471	1052
474	1365
515	1262
516	1290
509	1071
481	1077
517	1143
449	1060
502	1232
504	1353
508	1291
454	1065
482	1111
477	1011
465	1007
553	971
473	1207
464	1212
496	1047
472	1007
496	1098
548	1140
522	1356
487	1151
521	1098
475	1143
500	1071
495	994
429	954
522	960
469	939
472	997
459	1182
462	1159
483	1198
453	1237
510	1190
451	1245
489	1195
496	1253
528	1381
496	1498
508	1400
480	1351
527	1347
520	1297
474	1143
502	1157
486	992
495	980
509	1044
514	985
538	1014
550	1175
563	1213
544	1175
502	1234
534	1135
524	1154
458	1260
560	1276
517	1119
519	1132
524	1039
560	1134
538	1244
483	1443
523	1451
546	1529
485	1366
472	1189
530	1279
483	1363
474	1346
523	1207
511	1425
491	1313
479	1148
514	1212
475	1310
578	1351
556	1336
552	1512
529	1500
430	1189
479	1124
509	1139
473	1428
534	1404
540	1458
520	1423
565	1533
538	1374
522	1460
464	1522
530	1754
474	1726
482	1596
499	1313
478	1310
473	1181
533	1593
481	1338
497	1471
468	1327
517	2009
499	2093
535	2078
499	1621
512	1326
519	1282
521	1283
502	1411
432	1370
531	1806
506	1907
500	1627
538	1365
501	1144
493	1126
465	1076
482	1088
465	1282
488	1129
427	968
471	954
492	1057
472	880
478	991
485	924
502	932
486	1003
538	1013
509	1025
490	964
514	1134
508	1156
498	1107
425	1063
520	1068
470	1136
486	1035
505	1037
497	950
508	971
502	843
508	937
520	998
557	937
542	917
494	921
539	872
556	898
497	803
493	981
542	1027
592	974
547	1043
558	1022
569	865
527	828
579	919
524	861
488	1036
596	1025
563	1132
528	1078
559	959
551	1092
564	1070
533	1183
479	1059
516	1138
535	1010
580	929
507	1128
528	1054
514	1123
448	1097
438	1141
489	1061
518	1004
497	1061
543	1133
498	938
526	1171
476	1146
492	1136
482	1019
480	1145
476	1016
472	1054
491	942
491	1150
494	1077
481	982
452	876
489	924
491	1065
506	985
497	1054
537	1072
567	1125
565	1187
581	1133
571	1132
563	1163
563	1133
593	1220
500	1182
504	1154
518	986
534	990
533	873
526	951
566	845
528	864
558	876
562	972
600	1171
563	1061
572	1044
621	1016
577	942
631	972
587	1121
573	919
569	999
667	1087
590	1022
547	1200
584	1294
648	1364
592	1451
601	1254
586	1123
575	1030
598	1056
601	1245
579	1141
573	1107
626	1218
553	1037
536	1022
596	1212
552	1114
551	1040
534	1153
527	1060
558	989
548	1163
589	1123
573	1099
587	1114
583	1261
550	1321
601	1107
527	1032
518	1117
580	1005
554	1038
570	1003
516	1071
499	1190
505	949
545	1174
536	1012
540	1038
592	1186
534	1361
522	1246
597	1161
568	1188
555	1197
535	1240
529	1291
584	1206
620	1188
592	1111
556	1120
587	1189
621	1277
573	1185
534	1072
610	1153
579	1139
615	1240
578	1304
574	1176
567	1041
548	957
583	1012
568	1146
582	1086
585	1336
523	1022
578	1032
574	1025
513	975
574	969
553	943
588	934
516	990
467	1050
591	1004
635	1149
571	1200
548	1185
538	1276
578	1225
581	1238
592	1185
603	1143
674	1215
550	1103
599	1158
587	1057
550	968
573	934
554	1137
549	1007
515	907
542	1048
551	1108
556	1193
597	1065
568	1138
564	1294
560	1126
528	1120
563	1225
588	1437
564	1339
567	1328
546	1592
544	1371
584	1177
590	1370
585	1385
570	1680
542	1772
620	1639
583	1599
560	1405
534	1422
559	1462
533	1937
590	2548
623	3015
586	3232
644	2923
604	3271
735	4510
680	2718
626	3649
636	3059
627	2512
540	1757
621	2212
638	2328
600	2989
598	2906
628	2478
679	2397
607	3133
592	3183
642	2312
669	1916
633	1649
685	1044
705	1220
685	1222
684	1119
620	1029
620	1055
690	1122
653	1068
638	1182
698	1327
760	1170
673	1173
681	1215
602	1047
693	1167
679	1251
708	1321
610	1191
734	1267
723	1351
670	1138
747	1161
667	1173
688	991
637	1063
653	1097
588	1078
691	1158
652	1114
558	1010
658	1139
571	1092
565	1255
629	1138
602	1202
593	1375
588	1187
598	1308
603	1414
659	1299
610	1226
571	1064
597	1497
637	1465
600	1315
657	1182
669	1309
612	1004
561	1150
584	1086
580	1167
515	1023
545	1096
533	1086
540	982
521	957
525	1077
517	1183
512	1244
508	1119
551	1204
629	1149
536	1073
648	1136
617	1070
530	1043
510	1056
531	1218
583	1053
557	1129
509	1079
479	982
484	1194
508	1180
518	1036
536	1190
487	1224
545	1208
478	1027
472	996
538	1010
506	1127
574	986
549	1052
556	1215
557	940
498	928
495	921
552	890
472	816
526	1038
576	1044
569	1078
599	928
613	1059
619	1080
605	1055
519	938
588	880
639	855
632	1002
574	1133
580	1096
585	1031
581	993
637	1071
610	1172
614	1118
502	1227
592	1185
608	889
564	1128
558	1090
501	1023
603	1039
610	993
531	930
614	956
546	1012
616	927
613	1014
537	1129
565	956
535	991
562	1155
619	1064
591	1067
535	1041
673	1052
617	1075
665	927
730	1062
655	1126
588	1184
646	1273
674	1140
725	1119
697	1249
734	1168
713	1056
670	1027
730	965
683	974
747	1136
619	1005
651	982
694	1065
648	1008
741	968
809	943
790	927
736	885
681	879
739	959
732	1047
667	1177
736	1128
660	1169
720	1123
747	1034
800	978
746	936
691	914
621	1100
618	1125
687	1171
694	1119
697	1166
686	1132
622	1318
638	1248
655	1118
705	1107
661	1067
618	1096
724	1071
598	1064
639	1219
543	964
561	1005
575	1059
559	1145
653	1050
562	984
616	1178
579	954
539	908
521	999
527	1129
561	1068
523	1096
591	1391
535	1091
524	1075
546	1050
467	1050
488	1121
466	1107
507	1105
526	1132
517	1112
504	1483
492	1213
523	1078
549	1085
542	1022
569	1174
557	1191
523	1081
529	1257
508	1235
556	889
467	960
462	1096
534	959
487	1040
465	1026
467	983
492	946
470	1015
460	1011
541	982
544	877
481	1117
534	1192
543	1144
531	1163
527	1092
588	1027
525	999
573	1064
531	1128
492	1066
575	1028
530	1241
489	2019
477	1052
491	1149
515	1142
510	1039
490	1044
446	1149
560	1073
583	1082
475	1170
524	1175
519	1169
514	1191
504	1119
513	1070
485	1135
460	970
543	1072
543	1195
520	1242
521	1155
499	1311
533	1259
534	1262
531	1263
494	1560
543	1880
569	1777
535	1518
584	1587
505	2000
596	2057
590	2147
589	2241
591	2220
590	2498
573	3024
578	3044
564	3160
576	2836
665	4042
624	6693
686	7190
714	5288
668	4507
650	4576
631	3260
555	4076
696	4712
603	5074
630	5672
651	6071
621	5382
626	5310
621	5234
625	4982
676	5413
613	4435
685	4158
588	2911
609	3237
601	2839
556	2322
538	2537
577	2366
545	2460
536	2484
545	2375
543	2058
524	2340
534	2005
582	1794
510	2224
516	1911
467	1629
506	1718
526	1576
566	1798
588	1837
646	2049
546	1810
577	1771
615	1591
602	1467
603	1590
605	1531
596	1409
606	1413
557	1391
570	1314
522	1267
513	1366
506	1386
553	1476
629	1479
542	1487
565	1358
551	1310
528	1441
532	1249
647	1397
602	1315
635	1262
612	1190
692	1303
717	1292
612	1347
557	1367
587	1205
598	1243
572	1271
548	1356
594	1320
575	1361
579	1358
617	1289
545	1118
644	1042
603	1195
622	1443
599	1382
574	1321
609	1272
654	1131
643	1219
591	1188
570	1263
580	1316
556	1328
622	1219
584	1225
608	1211
575	1375
520	1193
516	1207
514	1135
509	1393
523	1544
631	1437
556	1644
560	1833
496	2131
549	1988
553	1368
575	1136
539	1318
563	1181
538	1229
482	1268
508	1309
477	1399
503	1205
487	1434
521	1347
470	1194
485	1241
594	1087
520	1131
475	1186
459	1309
510	1297
540	1182
566	1125
544	1156
543	1169
575	1088
541	1047
553	999
548	1115
487	1006
528	1143
535	1057
494	1100
504	1012
522	1019
483	1123
537	1146
543	1090
578	888
512	1076
558	871
478	870
557	989
611	888
620	809
477	934
471	1034
525	1135
504	1077
558	1084
568	1044
556	1042
537	1080
525	996
506	1022
601	1266
585	1301
463	1120
534	1105
520	1274
533	1073
499	1181
568	1178
570	1009
540	1047
481	1054
496	964
516	877
517	932
533	974
534	1008
472	981
512	911
522	878
562	928
582	1029
523	926
527	873
537	937
527	888
563	866
512	938
507	876
518	847
586	979
524	940
552	943
434	975
550	980
476	997
564	1085
523	965
468	1011
534	858
453	993
455	1011
474	1115
498	917
524	979
526	1086
508	1227
560	1252
496	1176
488	1116
517	1015
534	1085
542	1020
518	997
497	932
569	896
474	836
507	971
459	1029
521	991
501	1174
482	1049
545	942
591	1019
531	1141
526	1002
527	1051
622	963
566	1041
520	999
479	1074
548	1088
549	1014
578	1024
567	1037
535	1050
469	937
517	1090
514	1115
612	1190
585	1202
552	953
507	972
558	1036
607	1187
609	1107
578	1165
566	1087
607	1064
617	1030
565	1276
576	1165
555	1073
551	1034
548	1070
507	967
513	975
479	916
507	1064
571	1183
515	1112
562	1134
485	1172
518	1014
530	1063
528	1054
533	1019
586	1070
634	1139
564	993
556	1051
534	1010
622	1098
521	1122
587	1071
551	1159
573	1048
538	983
531	1031
526	1117
587	1011
516	1187
575	1120
570	1065
578	1061
502	1020
533	923
510	942
514	1044
506	1043
531	1077
516	999
548	959
525	901
499	1018
528	1229
501	1196
525	1095
543	1155
458	1042
565	1012
517	1035
530	946
496	917
549	965
563	1018
563	950
570	1210
554	1313
501	992
553	1053
529	1049
507	1095
527	1133
480	1164
551	1143
613	1175
600	1288
617	1364
654	1410
640	1478
690	1279
758	1334
714	1454
734	1462
754	1641
707	1405
730	1457
702	1536
706	1447
847	1488
889	1253
919	1389
979	1205
882	1390
848	1554
900	1661
811	1501
768	1476
785	1473
791	1446
815	1472
877	1453
877	1693
932	1642
949	1436
1032	1278
1106	1322
1177	1428
1099	1651
1195	1312
1237	1116
1227	1349
1246	1059
1116	1025
1042	1154
843	1109
779	1189
776	1362
815	1509
786	1390
830	1271
825	1551
872	1433
894	1524
1000	1536
1093	1608
1215	1545
1333	1546
1325	1351
1351	1459
1352	1299
1279	1379
1202	1320
1195	1441
1098	1312
954	1303
924	1048
951	1209
967	1254
973	1346
957	1178
876	1231
925	1215
949	1251
1058	1180
1030	1215
1010	1260
1102	1109
1046	1166
1105	1078
1172	1172
1075	1087
1087	1094
1031	1080
878	978
886	1104
884	1127
853	995
876	1067
942	1189
868	1329
875	1283
960	1341
925	1052
962	1206
983	1172
1064	1102
950	1146
949	1120
919	1164
819	1176
928	1175
932	1168
814	1177
796	1225
804	1254
763	1190
779	1175
813	1274
802	1148
815	1109
669	1156
677	1094
644	1195
739	1166
732	1115
648	1223
721	1050
617	1141
626	1143
595	1390
644	1263
636	1176
674	1105
657	1144
659	1264
619	1071
680	1009
707	1017
714	939
679	841
723	882
655	927
675	854
675	950
671	850
609	876
621	999
693	1257
601	1205
608	981
666	1069
661	1171
682	899
608	967
634	1097
615	1023
599	929
625	1022
639	1093
652	900
664	1160
663	1095
630	954
643	1030
604	1022
637	1066
664	979
686	1211
611	965
623	910
676	1021
850	1074
1012	941
968	1039
1006	1004
1189	1190
1329	1079
1499	1177
1357	1131
1363	1281
1736	1284
2584	1295
3466	1370
3745	1546
3615	1586
3917	1750
4034	1903
4043	2095
3795	1833
3762	2043
3620	1881
3213	1989
2705	1736
2550	1814
2566	1516
2475	1349
2212	1493
2025	1332
1767	1269
1856	1354
1836	1110
1850	1317
1758	1329
1766	1177
1728	1211
1843	1501
1388	1388
1143	1365
970	1238
993	1226
1136	1104
879	1086
637	1112
685	1024
754	1185
891	1173
936	1126
901	1057
717	955
738	1073
786	1179
736	938
736	925
552	998
588	1004
582	913
522	868
505	857
552	881
599	901
542	996
538	1103
503	1180
545	1053
498	1093
513	1043
457	954
509	1067
477	1077
505	1095
520	1031
498	988
492	1029
522	1180
453	1105
445	928
556	969
497	1002
567	1017
534	825
494	980
571	916
505	1032
550	993
571	1037
498	914
529	927
517	875
492	727
524	765
526	829
547	947
500	876
481	944
508	1013
528	963
495	825
498	976
534	947
492	934
489	1000
500	981
547	981
539	1056
508	970
539	1070
438	1017
470	1047
519	1064
491	1030
454	1082
467	996
545	1225
507	1224
433	1140
479	1134
531	995
480	1024
523	983
500	877
445	1010
430	942
493	1133
458	1019
550	1183
500	836
436	918
521	847
460	930
477	978
534	1160
488	1313
546	2074
497	1722
496	1006
509	1147
514	1210
519	1293
531	1032
441	947
483	1008
474	841
400	1033
485	1052
554	1028
524	1044
511	916
445	1024
523	969
514	938
524	895
460	933
549	1035
525	1010
529	854
497	975
501	1089
547	1023
563	1052
530	1060
483	1124
539	1051
598	1318
625	1853
578	1392
526	901
532	1040
536	1392
512	2777
612	5036
608	4147
545	3259
596	1950
591	3481
568	3107
578	3165
561	3458
669	4528
630	4399
671	5504
587	2927
596	2846
582	1853
550	1816
506	1625
475	1588
513	1977
548	2209
602	2663
517	2525
611	2971
618	3207
542	2942
561	2962
521	3013
567	2797
518	2438
567	2199
543	1496
482	1391
497	1146
560	1301
541	1401
557	1356
527	1436
443	1692
592	1797
482	1959
455	1893
501	1434
505	1199
549	1077
514	1277
453	1252
512	1298
458	1642
503	1703
513	1372
523	1159
487	1412
522	1642
544	1319
518	1349
456	1215
486	1181
498	1117
568	1191
530	1022
460	928
537	939
481	1176
513	1179
526	1061
467	1108
511	922
483	1031
493	1114
469	1050
513	1022
482	1278
518	1095
531	954
463	1017
501	1074
467	1023
531	1080
550	1140
496	1078
500	1127
492	868
552	955
549	1125
523	1292
532	1316
518	1215
540	1285
538	1190
532	1093
506	1183
548	1152
485	1283
463	1065
472	1116
482	1134
470	1092
490	1093
535	1212
538	1162
519	1242
486	1189
497	1178
517	1186
487	1093
494	1048
535	1203
502	1099
542	1216
569	1280
530	1212
532	1273
496	1075
482	1052
447	1030
491	961
478	1154
506	1095
530	1017
464	1039
527	1227
511	1071
521	1131
585	1166
542	1123
462	1198
519	1193
553	1174
540	1061
520	1170
520	1158
564	1172
559	1202
504	1201
517	1147
542	1251
571	1201
517	1217
550	1413
513	1401
569	1248
597	1383
617	1414
579	1520
522	1420
624	1556
632	1448
629	1623
630	1631
554	1641
548	1537
605	1559
614	1582
602	1632
594	1540
591	1565
565	1583
591	1656
605	1731
574	1499
528	1740
615	1800
636	1719
662	1733
637	1861
697	1954
674	2161
874	2068
917	1857
929	1893
905	1798
931	1677
942	1783
1041	1642
959	1583
980	1496
950	1698
860	1600
860	1583
941	1399
1019	1355
1061	1491
1155	1420
1274	1440
1139	1437
1120	1548
1101	1670
1125	1727
1134	1757
1135	1662
1052	1731
983	1523
814	1378
850	1178
722	1253
795	1219
785	1298
656	1164
709	1173
662	1024
703	1149
760	1175
697	1098
690	1056
670	1051
648	1141
605	1132
640	1100
622	1069
608	1049
574	937
650	1010
602	1067
562	1151
593	908
574	1048
602	1029
561	1091
558	939
622	971
612	1192
633	1319
609	1029
574	1025
540	925
572	892
596	1109
548	1199
577	1221
606	1087
585	1207
619	1105
558	1008
584	973
550	1435
576	1354
626	1100
553	1075
607	1179
529	1107
494	1035
560	996
522	941
557	1201
509	1299
514	1528
565	1514
604	2642
613	1969
571	1870
615	1788
543	1507
656	1683
686	1612
679	1995
651	1404
646	1367
598	1453
622	1248
625	1100
589	1039
598	937
628	1175
621	1089
648	1128
643	1128
621	1154
621	1149
594	1033
656	1080
590	1021
523	1064
572	1235
590	1075
602	1056
615	1053
608	1098
580	985
608	1033
632	1009
613	1135
623	1118
568	951
675	946
609	818
543	885
657	959
631	873
629	983
571	935
560	1069
621	1181
628	1124
646	1035
603	905
532	947
540	897
585	773
626	926
620	918
615	928
624	843
635	963
622	924
611	949
631	1015
583	1055
591	1074
548	946
613	969
642	999
626	1026
650	969
639	980
684	945
572	973
639	966
631	997
664	1084
640	1230
633	1090
631	1154
687	1231
613	1096
600	1010
674	1179
637	1101
638	1141
577	1289
628	1306
673	1178
592	970
589	1042
588	996
586	1057
564	1092
650	1016
643	1077
659	1129
623	1045
707	941
635	1164
625	1052
587	1047
609	1049
610	935
620	1115
646	1116
639	1068
594	1089
634	1104
662	1185
664	1152
647	1117
649	1279
634	2894
933	10502
913	11974
808	10066
726	5671
656	2127
679	1480
669	1681
598	1455
612	1391
663	1217
701	1314
610	1344
655	1318
602	1343
644	1192
619	1173
657	1276
622	1193
641	1354
718	1195
664	1185
630	1089
722	1328
657	1403
662	1186
643	1186
622	1079
646	1180
599	1070
689	1056
644	1314
677	1258
627	1159
654	1182
642	1306
644	1302
634	1336
665	1279
588	1551
649	1620
698	1503
683	1377
666	1108
647	1261
673	1318
646	1259
655	1301
687	1358
684	1243
627	1343
644	1251
600	1198
652	1100
664	1164
685	1482
571	1399
689	1460
635	1470
661	1541
601	1534
696	1470
625	1440
602	1169
631	1115
582	1017
605	1041
631	1044
633	925
573	1159
585	1009
650	1163
632	995
692	1112
605	1121
623	923
631	900
619	999
597	1018
627	990
682	1001
653	1111
666	1116
641	1101
676	1088
651	1049
655	1065
676	934
643	1120
588	933
590	1077
649	1146
590	1007
532	1036
556	1145
572	1168
620	1213
651	1038
640	999
593	1030
623	1002
559	1165
643	1222
564	1014
587	1175
641	1193
671	1122
632	1084
712	959
708	920
703	898
737	1144
742	929
683	1035
716	985
717	1038
629	1103
651	1129
612	998
591	977
573	819
614	788
561	982
639	900
676	917
598	847
631	881
612	1176
578	1117
676	1087
566	942
617	946
677	1068
638	1022
558	980
634	1060
625	1060
643	866
673	1122
649	1020
680	1010
645	853
667	944
686	941
625	1034
590	1046
685	955
673	1142
654	1145
689	915
672	1015
702	1006
684	1031
636	990
659	1021
686	952
680	1054
756	960
772	987
738	1051
784	1291
799	1227
708	1080
673	1181
616	1061
669	1026
623	1032
591	1053
616	1025
571	1092
608	1247
652	999
679	1161
567	1201
599	903
579	1147
646	1228
544	1279
538	1296
553	1112
576	852
658	1029
556	958
529	965
539	814
549	1053
564	1043
593	1050
576	1264
540	1355
556	3569
590	3231
515	2562
548	1380
500	1361
553	1281
545	1259
503	1466
575	1479
587	1207
552	1365
572	1376
553	1635
598	2571
619	1744
601	1106
549	1140
554	1113
497	1101
635	1151
576	1086
517	1106
591	1124
547	1035
576	1047
589	1028
596	1152
580	1119
572	1081
641	900
568	942
580	887
575	1018
551	1064
564	1067
583	970
570	940
529	872
515	961
601	1049
629	990
576	913
525	898
561	948
627	1017
522	1027
529	1042
479	1168
537	1212
545	1145
504	993
559	963
568	989
470	983
539	917
484	1015
477	993
534	865
513	1041
533	922
546	938
515	990
610	888
483	903
577	1070
505	1221
536	1512
591	1717
543	1533
515	1431
516	1261
511	1122
545	1192
551	1202
525	1134
461	1074
452	1039
512	1097
517	1434
579	1961
567	1729
581	1381
561	1057
516	967
576	1202
519	1133
572	1021
533	1265
577	1458
502	1663
548	1827
596	1772
582	1851
540	1633
530	1496
508	1828
495	1647
483	1388
524	1695
529	1519
537	1230
523	1791
513	1210
551	1319
577	1248
570	1264
560	1278
541	1327
449	1347
540	1200
530	1093
514	932
546	956
533	1018
513	1025
553	936
545	1117
563	1221
549	1037
639	1130
524	1108
481	993
459	1014
597	1057
570	1182
588	1149
608	1270
567	1086
590	1170
578	1089
564	1000
607	1050
572	1027
563	923
565	1076
545	1077
638	1267
631	1142
547	1082
578	1170
604	1183
575	1037
599	982
622	985
623	1082
616	1171
598	997
501	990
533	987
541	1054
563	984
570	954
567	971
507	1113
499	1241
493	997
533	1148
548	1182
537	1139
562	1149
656	906
580	1034
667	798
546	912
659	1055
575	1037
582	1126
617	944
514	979
585	1009
530	1002
624	1029
584	989
584	1094
613	1259
607	1201
550	1198
570	1276
623	1036
572	1006
528	1077
537	881
548	892
576	985
612	911
671	881
591	993
636	1064
613	918
609	831
616	867
620	1065
570	930
629	990
568	901
540	903
599	1010
606	694
601	857
570	1016
592	975
575	1026
553	1048
648	1084
634	1063
647	959
574	1061
568	1048
629	954
647	1069
631	1034
595	913
581	866
574	984
637	983
586	1075
643	1244
561	1032
596	1094
569	1003
609	1080
577	1655
667	1458
610	1855
684	1370
620	1233
630	1074
641	1238
691	1160
633	1091
652	1130
598	1069
634	942
614	1028
642	1419
651	2382
560	1721
652	2871
665	5430
588	2400
602	1835
611	1647
629	1412
632	2383
732	3135
702	1964
678	1200
720	1327
768	1287
737	1458
675	1328
695	1478
712	1651
635	1411
638	1653
667	3865
629	3305
590	1812
685	3656
652	2114
794	8481
866	9205
737	3077
717	3805
849	6546
864	6684
855	4300
823	2998
804	4380
772	2434
727	1908
661	1940
662	1784
739	2283
697	3033
642	2181
715	2796
678	2200
633	2337
688	1690
626	2091
675	2035
680	1425
702	1163
788	1248
780	1277
772	1314
732	1361
852	1352
837	1590
748	1519
797	1601
712	1575
718	1980
678	1585
688	1422
610	1594
653	1141
677	1340
617	1384
659	1404
690	1422
807	1419
784	1522
706	1478
774	1389
792	1646
791	1326
788	1462
834	1591
845	1527
762	1432
831	1328
763	1136
781	1301
792	1151
724	1173
771	1380
907	1296
835	1332
862	1438
915	1174
924	1102
974	1131
926	1076
952	1254
928	1340
1020	1386
1084	1152
1119	1280
1024	1216
1142	1338
1241	1498
1405	1255
1507	1386
1623	1192
1984	997
2131	1048
2481	1267
2521	1238
2406	1407
2315	2327
2162	2630
1827	1395
1443	1090
1344	1068
1227	1133
1199	1110
1163	1182
1138	1245
1159	1274
1206	1262
1200	1301
1258	1394
1330	1338
1467	1143
1529	1183
1723	1191
1685	1273
1516	999
1468	1157
1449	1318
1456	1147
1231	1004
1048	965
998	980
897	1004
917	1112
946	979
901	1073
876	998
883	1015
879	1088
937	1033
927	975
948	939
936	1023
979	1006
1031	1014
997	852
923	1051
910	1187
832	967
790	931
834	961
754	1067
768	851
756	1047
803	1029
737	1091
737	1230
678	1088
755	1061
766	931
792	1043
835	936
763	1137
819	1084
805	1059
825	1098
855	973
912	1062
984	1114
940	987
932	1102
870	1172
866	1046
919	1075
809	944
683	941
767	877
811	940
878	987
862	999
871	1131
1081	1069
1312	1169
1484	1169
1237	1153
1164	1047
1107	973
989	945
896	997
968	1083
1163	1061
1304	1095
1704	1165
2030	1329
2312	1219
2423	1445
2747	1640
3089	1647
3429	1616
3229	1351
2733	1354
2168	1261
1525	1213
1194	960
969	1182
908	1124
852	989
904	995
1018	897
1081	1156
1108	1083
1170	1028
1335	1086
1550	1089
1599	1119
1744	1245
1787	1201
1921	1207
1912	1409
1665	1186
1565	1249
1416	1120
1220	1165
1057	1035
933	1143
904	1059
912	1087
868	1302
849	1460
842	1070
780	1274
895	1263
910	1354
1002	1291
1079	1171
1098	1153
1127	1161
1132	1106
1069	1161
1042	1099
959	1001
849	938
852	994
860	1120
751	1121
712	1226
772	1119
674	1237
670	1156
628	1090
638	1116
668	1104
710	1062
664	937
715	1180
655	1091
619	1088
630	1107
571	1198
631	1258
595	1237
637	1310
594	1313
565	1219
559	1222
644	1120
672	1135
620	1142
551	989
625	1118
626	1037
616	1179
652	1136
589	1114
619	1203
568	1013
612	1157
655	1429
651	1289
623	1334
606	1513
607	1848
683	1909
631	2017
644	2003
668	2096
706	1970
813	1924
753	2422
749	2356
772	1962
844	2442
1002	3269
1062	2881
1019	2145
952	1511
933	1600
982	1393
1106	1514
1184	1421
1146	1613
1272	1427
1491	1452
1704	1552
1722	1665
1599	1552
1603	1519
2053	2035
2514	2101
2885	2256
2765	2064
2530	1992
3016	2081
3373	2256
3342	2127
3215	2006
2920	1806
3027	1974
3550	2213
4050	2045
3971	2115
4044	2012
4129	2107
4824	2384
5275	2590
5652	2556
6029	2953
6467	3177
7237	2853
8156	2617
8263	2440
8327	2707
8139	2450
8339	2385
8679	2322
8640	2362
8075	2341
7853	2182
7882	2076
7857	2069
8006	2100
7882	2116
8055	2200
8544	2329
9300	2735
9783	2858
10035	3029
10145	3395
10423	3559
10813	3866
10929	4370
10819	4022
11156	3699
10762	3857
10814	3555
9908	3133
9804	3694
9029	4090
8840	3622
8201	3350
7818	4499
7767	4219
7718	4731
7950	4558
8305	4728
8253	5226
8287	5038
8241	4317
8487	3693
8336	4496
7917	4836
7401	3396
7717	2911
7834	3035
7384	2763
5809	2240
4763	1745
4472	1643
4149	1393
4241	1382
4152	1496
4081	1347
4035	1426
4100	1555
4223	1524
4206	1554
3919	1141
4204	1092
4381	1051
4365	1183
4922	1321
5238	1256
5744	1374
5500	1357
5261	1176
4958	1128
4790	1046
4729	1113
4256	1336
4001	1299
3871	1336
3962	1144
4093	1148
4364	1199
4577	1234
4926	1199
5327	1158
5874	1260
6254	1234
6560	1431
6935	1216
7260	1500
7258	1531
7160	1511
6873	1355
6603	1585
6462	1324
5900	1316
5681	1261
4999	1219
4850	1293
4567	1260
4227	1389
4405	1297
4446	1302
4782	1207
5092	1368
5238	1615
5590	1452
5752	1510
6130	1607
6436	1368
6503	1286
6602	1299
6253	1274
5969	1306
5713	1453
5486	1337
4888	1292
4177	1366
4030	1294
3864	1287
3708	1270
3619	1407
3593	1112
3570	1311
3820	1238
3899	1305
3802	1289
3829	1154
3984	1184
3694	1112
4016	1230
3837	1038
3729	1031
3451	1049
3325	1152
3430	1033
3074	992
2735	1107
2396	1111
2301	1164
2295	1231
2309	1065
2119	1262
2125	1313
2129	1300
2049	1206
2086	1279
2040	1212
2014	1286
2046	1154
2066	1327
2169	1172
2151	1359
2126	1299
2012	1022
2119	1039
1963	1119
1797	1163
1679	1150
1686	1209
1520	1426
1515	1324
1496	1366
1566	1167
1565	1287
1577	1201
1600	1295
1749	1359
1846	1479
1901	1433
1966	1592
2054	1812
2238	1761
2212	1665
2312	2173
2297	2310
2045	1760
1975	1675
1903	2462
1794	5087
1905	6161
1798	6496
1776	6087
1731	4653
1717	3527
1781	3562
1802	5402
2097	6775
2311	8003
2341	5152
2355	1550
2604	1622
2671	1731
2789	1740
2927	1545
2585	1253
2432	1392
2337	1405
2254	1284
2155	1215
1979	1216
1783	1238
1817	1156
1692	1094
1582	1087
1513	1050
1453	1138
1445	1145
1481	1086
1532	1047
1576	1200
1608	1004
1677	912
1692	880
1840	993
1708	903
1433	836
1391	861
1439	1036
1340	901
1194	892
1057	807
953	856
918	963
861	1115
907	900
834	867
879	1063
843	1177
885	1103
796	1021
821	1193
779	1265
776	1171
729	1030
733	945
720	949
705	1093
723	1164
638	1120
638	1130
674	1281
596	1581
650	1596
628	1546
672	1693
661	1735
603	1537
664	1394
652	1596
641	1412
581	1074
527	1258
567	1129
613	1269
622	1184
547	1063
629	952
525	979
572	903
595	914
621	1041
615	1138
560	1010
548	940
558	961
542	939
538	1085
618	2394
727	4684
870	10667
786	7530
677	2225
630	2159
659	2603
665	2074
661	1851
643	1647
588	1300
610	1212
635	1089
577	1063
607	1080
538	1050
554	936
551	1044
562	1035
604	948
539	1246
597	1202
545	1173
583	1122
600	1125
577	1132
632	999
605	990
610	1243
660	1154
571	1055
563	1160
551	1064
584	1170
570	1263
570	1221
549	1377
528	1279
554	1464
494	1446
587	1343
521	1086
518	1202
520	1384
607	1183
569	1168
493	1193
533	1097
536	1215
538	1185
559	1197
560	1118
573	1092
512	1077
464	978
557	1130
493	1168
473	1153
476	908
500	987
494	936
524	1007
524	1131
493	1063
599	1157
511	1373
476	1153
503	1092
479	1109
481	1141
604	1020
527	1013
504	1257
533	1275
557	996
487	860
564	838
525	927
507	978
531	1016
456	1010
491	893
508	800
512	758
501	922
555	1094
596	1060
569	1115
495	1221
507	1175
552	1217
568	1012
578	1111
521	1038
526	932
586	1110
579	938
544	1092
539	1090
620	1016
619	795
608	950
553	1046
607	1039
685	997
638	1047
594	994
612	818
591	866
593	843
576	854
576	1008
670	980
589	936
642	902
693	867
738	839
921	908
1014	906
994	854
990	927
890	916
898	921
744	860
610	800
574	879
548	1040
591	1102
617	1099
610	1017
561	1136
537	1184
580	893
513	912
560	964
577	1076
626	926
619	987
639	1125
571	1077
567	1185
531	1265
571	1103
524	1113
507	1058
566	1064
548	1051
553	1026
578	859
670	893
574	1151
614	998
597	1063
540	980
605	1045
573	965
505	978
554	939
567	879
555	936
498	982
497	1048
463	873
548	852
573	939
501	875
548	910
606	917
584	1058
566	894
564	915
642	977
547	1027
582	1166
602	1128
548	1092
558	1069
578	1081
645	985
579	961
560	1069
587	1212
648	1192
565	1237
592	1080
627	1203
620	1236
604	1248
600	1145
562	999
576	1039
543	1013
579	1200
575	1057
557	1014
551	995
575	1163
608	1147
590	1076
591	912
615	892
643	842
617	871
562	960
634	927
605	886
612	907
587	919
595	965
648	1088
680	898
725	807
706	831
656	936
684	1008
756	990
617	1039
674	949
706	960
717	1082
775	1171
765	1231
759	1101
743	1273
779	1048
767	1088
716	1168
757	1104
753	1068
769	1067
774	1034
790	1121
855	1165
799	1075
827	1069
771	1018
752	836
725	1085
770	1045
760	1124
635	970
718	1239
750	1041
755	1001
760	1075
697	993
720	991
680	1022
732	1038
734	1121
782	1278
784	1419
727	1330
747	1453
702	1525
702	1806
732	2051
729	1831
736	1279
622	1307
686	1108
669	1108
712	1343
695	1359
726	1790
687	1637
647	1431
596	1242
593	1304
648	1304
596	1116
586	1122
556	1212
639	1257
567	1361
642	1484
664	2064
681	2125
643	2372
667	2694
598	2243
628	3423
663	3180
640	2853
677	3274
657	2624
680	2417
618	2459
614	1789
653	1530
556	1231
592	1163
461	1188
562	1090
508	1053
525	1095
544	1059
541	1130
528	1157
491	1132
450	1185
479	1076
539	1133
552	1194
508	1112
555	1040
542	1232
505	1226
514	1208
597	1096
493	1160
529	1137
518	1063
529	1066
471	1058
464	963
450	942
512	1142
565	1047
482	972
477	1149
503	1045
508	1145
470	1240
493	1150
471	1260
448	1405
472	1379
497	1669
519	1859
502	1422
470	1255
486	1337
480	1173
516	909
491	1127
466	1134
437	1252
464	1019
467	1063
503	1190
513	1323
542	1113
560	1153
486	1062
456	1174
558	1106
532	990
462	1232
519	1100
515	1002
473	1185
440	1161
466	982
437	1041
501	1055
494	1161
469	1044
439	1202
482	1152
479	971
498	1103
474	971
445	1238
506	1133
512	1097
551	998
514	918
474	971
499	877
495	856
512	969
537	1794
545	1674
548	1537
587	1621
503	1305
535	1187
506	1395
524	1308
492	1285
552	1044
507	1307
520	1232
566	1155
478	1101
498	1462
528	3124
580	5399
680	6892
806	9725
898	11706
998	12958
769	10678
720	7982
935	11641
1169	14428
1267	16810
1191	16994
869	12443
554	6008
795	9156
1112	15287
1033	13108
1022	13683
1356	17018
1848	19107
2779	22484
2215	20191
1357	14969
1112	13544
1343	15538
1515	16243
1671	17595
1222	15243
1182	14480
1128	14200
1040	12091
1282	16836
1407	19236
1861	21085
2102	21954
2146	21402
1882	20478
2022	20842
2131	20713
2122	20050
2439	20218
2254	19973
1705	16990
1808	16995
1472	15583
1558	14992
1661	15592
1740	15358
1625	15820
1544	15014
1450	15401
1338	13248
993	9297
977	8148
909	7069
791	4518
722	3976
650	2048
621	1879
666	2533
740	3224
803	3686
728	2580
821	2663
840	2282
803	2285
755	1798
768	1866
879	1638
853	1759
861	1521
713	1371
773	1157
755	1123
782	1050
695	1131
649	969
719	980
755	1036
906	979
1026	1048
998	1181
1032	1192
1213	1117
1308	1193
1344	1064
1352	1101
1361	1043
1502	1062
1755	1085
1825	946
1764	1006
1674	1086
1580	1063
1773	1086
1588	1064
1777	993
1729	1071
1737	1090
1673	1109
1801	1210
1884	1144
2021	1216
2418	1212
2837	1272
3315	1405
3440	1491
3353	1370
3346	1579
3450	1838
3537	1875
3624	1895
3390	1732
3339	1846
3248	1784
3063	1791
3395	2131
3262	1885
3470	1813
3485	1892
3497	2102
3830	2062
3682	1946
4067	2032
3855	2041
3570	1708
2986	1599
3073	1565
3237	1446
3360	1476
3125	1381
3198	1398
2984	1377
2720	1689
2999	1983
2649	1574
2605	1477
2604	1667
2512	1785
2546	2508
2175	2243
2189	2162
2315	2721
2240	1646
2274	1478
2223	1681
1967	1488
1803	1585
1703	1431
1776	1592
1489	1589
1312	1367
1198	1273
1200	1289
1147	1274
986	1201
854	901
907	1020
839	1032
815	1024
825	942
837	998
768	1101
819	1172
790	1011
846	1285
830	1426
821	1277
754	1256
775	1156
817	1298
708	1296
624	1300
680	1407
636	1293
728	1268
714	1315
645	1414
641	1259
570	1119
584	1132
650	1108
617	1193
628	1221
646	1050
630	1180
625	1231
587	1139
540	1212
581	1183
579	1126
540	1091
517	1107
546	1033
569	820
588	990
604	976
544	945
538	1034
536	968
597	993
540	1037
588	981
587	960
571	1111
589	1082
561	1171
559	1002
626	1086
524	1142
599	1071
597	1079
674	961
622	982
671	923
676	906
650	853
603	1150
625	1072
614	914
625	947
621	1185
685	1142
617	1035
604	1061
603	1100
556	943
604	1055
602	1102
611	1044
599	1170
638	1198
579	1219
591	1160
632	993
613	1185
636	1117
625	1170
642	1183
624	1012
598	1074
668	931
634	1052
633	933
629	1115
621	1157
611	1112
617	1239
657	1196
681	1343
617	1075
628	1455
643	1456
683	1234
682	1629
652	1760
754	2903
722	2954
823	4713
1058	8775
1332	11992
1249	11628
922	4393
773	2207
779	2903
1219	9514
969	5920
659	1402
840	3163
874	4669
712	3012
791	3283
877	3068
718	1510
715	1120
728	1062
767	1122
739	1310
705	1471
601	1271
695	1295
762	1231
672	1035
662	1029
613	852
662	958
622	896
653	858
688	810
722	904
675	914
637	897
675	886
649	969
755	1033
646	1063
736	1160
784	1104
715	998
662	1012
734	1142
708	1174
715	1232
760	1661
722	1547
633	1031
684	1149
652	1079
709	1158
661	957
747	1027
749	940
685	1131
726	1375
797	1656
639	1504
749	1565
676	1665
759	2733
807	4110
716	3224
818	4487
817	9241
1072	14911
1058	14716
892	11042
728	5435
842	9941
712	6305
802	5135
776	10975
874	11315
809	5613
675	2991
715	2603
706	1918
683	1493
598	1346
660	1463
695	1133
654	1077
639	976
652	973
652	1054
638	1018
522	973
561	965
626	935
637	795
684	823
604	875
593	1041
634	913
572	1029
612	1040
655	984
644	876
635	944
611	872
587	1041
617	849
558	868
587	820
589	847
517	822
606	718
636	1042
600	897
609	956
564	815
568	804
530	804
528	918
507	896
540	932
548	957
557	900
502	925
598	1125
575	831
637	781
581	801
567	862
542	912
547	929
525	1068
604	876
538	850
641	794
541	980
585	883
613	844
780	915
761	926
784	1013
841	1080
1003	916
1096	1052
1332	1140
1210	1081
1381	936
1661	1195
2393	1267
2996	1090
3339	1274
3464	1161
3870	1281
4432	1381
5075	1443
4759	1368
4366	1319
4407	1358
4763	1604
4865	1510
4733	1453
4360	1207
4398	1408
3970	1379
3890	1254
3615	1323
3701	1412
3771	1337
3712	1690
3570	1512
3550	1190
3228	1403
3488	1416
3358	1375
3082	1332
2901	1437
2975	1273
2614	1334
2385	1467
2126	1342
1853	1276
1843	1398
2000	1498
1965	1427
1712	1420
1450	1197
1367	1190
1371	1196
1157	1238
865	1158
699	1057
536	1128
644	1095
673	1044
628	923
587	1026
584	1000
573	1000
599	1108
563	1089
577	1108
505	1284
528	1132
562	1069
590	1071
533	1129
543	1060
501	910
537	969
563	1037
532	1090
562	1198
559	1246
536	1009
569	1009
498	1019
486	1056
499	1207
537	1203
530	1025
543	956
552	1076
577	1012
560	871
546	997
537	1056
578	977
556	1201
529	923
528	1073
623	998
611	1081
572	996
544	936
609	1100
503	1115
470	1003
514	1041
569	830
527	916
566	883
557	978
539	1101
557	969
635	869
591	925
572	1071
584	1163
543	940
574	1018
562	940
530	948
517	925
522	914
556	1157
550	1060
546	1040
611	936
632	936
644	1114
598	892
606	1030
571	984
663	916
696	1010
697	1113
660	787
684	1030
651	952
663	1005
641	1018
671	1037
725	881
701	1028
665	1090
753	1062
742	1114
731	989
681	1068
729	1036
706	982
700	899
707	954
790	888
840	844
853	810
798	947
794	980
767	980
774	959
811	935
864	951
821	941
825	1120
836	1127
812	1019
836	1091
819	1062
854	873
820	866
880	986
921	820
958	1044
1060	997
1019	908
1143	978
1158	999
1122	1207
1046	1106
1042	1011
1130	1122
1050	1073
1011	1166
989	975
1020	992
1025	965
993	924
1102	1272
1139	1108
1135	1261
1117	1666
1343	2659
1529	4775
1486	3805
1650	2650
1618	1895
1738	1764
1972	1798
1839	1586
1676	1648
1792	1957
1750	1792
1825	3072
1770	4647
1720	5535
1727	5704
1628	4294
1569	3742
1584	3304
1452	3206
1583	3423
1659	4692
1824	4698
1941	4020
2051	4065
2289	3277
2303	2915
2421	2740
2547	2712
2516	2648
2569	2240
2464	2525
2263	2928
2083	2909
1976	4011
1852	3992
1719	3230
1726	3493
1666	3551
1697	3618
1762	4609
1675	4152
1779	4271
1807	3550
1629	2994
1793	3317
1774	2918
1645	2729
1565	2558
1553	2063
1640	2195
1604	2361
1526	2291
1471	2281
1270	2391
1354	2780
1366	2105
1310	1537
1183	1557
1123	1289
997	1204
1101	1375
1084	1239
1160	1186
1051	1291
1097	1609
1169	1714
1192	1826
1108	1895
1160	1631
1037	1245
1026	1231
1141	1570
1007	1439
979	1431
920	1704
900	1827
915	1551
934	1594
906	1461
822	1501
853	1451
857	1308
872	1697
884	1656
873	1470
816	1534
816	1587
788	1482
689	1575
776	1568
767	1241
757	1536
758	1889
659	2068
762	1780
687	1545
754	2109
741	2501
817	2784
724	2731
709	2985
680	2398
660	2113
631	1841
629	1886
650	1732
612	1650
585	1604
585	1350
675	1239
601	1184
670	1188
605	935
632	1199
628	1197
659	1340
628	1221
571	1260
601	1220
550	1336
512	1189
515	1160
553	1242
611	992
550	921
551	968
552	882
556	788
537	912
543	910
595	1013
556	938
575	980
578	810
553	918
561	915
584	998
508	910
537	1066
521	989
564	795
607	841
606	921
625	829
596	836
609	789
552	802
524	1016
538	968
548	1025
501	1050
519	941
565	988
514	997
553	964
585	916
521	1069
498	1026
501	1124
562	1088
511	1150
502	1013
505	1067
563	1100
516	1052
477	1024
469	1004
501	866
475	899
537	937
486	979
506	1082
507	1184
490	1143
454	1016
487	786
530	905
517	853
521	988
514	932
597	918
556	879
485	897
522	1009
559	857
514	951
461	995
533	1167
515	1010
499	948
507	971
490	1001
507	984
483	1104
531	1111
502	984
497	1088
547	1022
492	955
499	911
488	1259
520	961
584	1006
511	1026
558	990
553	963
524	984
542	969
573	948
552	1060
479	1076
524	929
524	778
498	807
529	788
549	811
574	851
602	884
634	946
585	1003
523	1035
599	1153
535	1184
555	1166
613	1324
581	1237
524	1063
545	1091
493	1060
524	1010
513	970
479	1022
504	1164
553	1126
547	990
563	980
543	968
580	838
547	961
541	1000
569	979
538	1015
568	1187
542	1057
515	1114
519	1162
528	1179
525	1027
542	1053
506	1058
517	1064
484	1016
478	962
547	1124
605	1142
560	1177
529	1042
536	967
553	1107
579	1143
563	1004
576	882
545	888
511	1017
534	881
529	1026
518	980
542	1061
546	865
557	974
558	1144
512	937
503	802
501	919
568	975
427	1042
508	933
547	1024
466	1052
500	1041
500	1079
514	986
520	818
466	910
476	1050
523	1155
518	943
529	1071
518	1087
519	1126
520	1075
524	1239
540	1156
562	1300
500	1102
506	995
565	935
554	1096
471	968
459	1012
514	1046
584	1153
574	1296
581	2093
559	1759
564	1234
521	1124
444	942
443	1028
505	1227
521	1337
539	1382
499	1545
557	1997
544	2821
625	4859
595	4283
497	2054
543	1469
491	1225
448	1168
484	1188
527	946
469	1014
459	998
453	919
542	1122
578	1117
523	1182
518	1259
440	1159
584	975
561	1233
552	1079
564	1071
488	933
542	1004
469	933
525	1072
518	1107
510	1096
505	890
459	866
496	951
517	1064
526	880
453	948
523	853
504	951
540	934
491	900
540	964
486	992
497	853
497	974
521	1023
529	1047
530	822
455	818
499	837
518	926
491	960
466	938
496	1008
514	1001
506	936
551	968
468	913
482	974
495	1020
486	910
480	989
499	1069
488	1042
449	972
477	976
499	923
502	1179
475	1138
490	1107
443	980
494	1012
550	1024
537	1052
508	1091
478	1124
484	1206
569	1174
546	1093
549	966
549	1012
496	1022
525	952
523	944
534	1016
506	1169
495	1241
508	1175
527	1140
497	1240
452	1318
516	1234
501	1231
541	1090
530	1074
489	1075
505	1056
582	1284
465	1041
453	1210
497	1030
497	1144
476	1047
493	1143
470	1059
492	1042
499	1080
494	1057
561	1037
539	1016
514	1008
518	989
528	1080
498	1137
428	1080
448	978
524	1087
526	854
443	919
463	801
470	943
490	843
471	873
539	1030
478	1010
506	934
542	1103
522	984
516	956
524	1029
513	1015
555	1058
476	1074
482	1103
519	1324
635	1220
527	1196
514	1347
572	1473
519	1488
524	1372
536	1332
522	1152
561	1359
587	1403
533	1421
533	1195
513	1178
547	1239
588	1160
545	1275
562	1332
558	1105
593	1325
513	1245
562	1042
557	1099
601	1030
544	1101
596	1267
555	1085
621	1124
623	1198
532	1215
611	1211
572	1262
613	1185
596	1231
595	1341
544	1283
541	1352
532	1217
615	1164
584	1181
593	1032
569	1069
562	1152
547	1085
616	1094
594	1113
517	966
566	924
602	978
602	993
600	845
512	864
585	1113
579	1019
573	1011
612	1025
563	911
529	1033
537	916
568	1018
579	1019
585	964
552	833
579	887
609	1102
542	1002
615	948
593	998
595	900
530	908
545	978
538	915
533	1002
567	1014
499	1007
556	1032
579	1034
565	1151
489	1009
526	889
584	967
544	1052
544	1137
617	1019
546	941
578	1006
598	990
605	1037
631	1096
543	1057
618	1036
617	1067
606	1109
668	1114
625	965
671	939
599	950
605	1020
645	998
645	1000
637	1064
584	925
636	1041
556	1087
552	1060
619	1111
634	968
588	928
608	914
627	1040
675	927
560	948
506	861
565	924
641	1035
603	1045
611	966
569	1081
565	981
565	961
582	922
610	972
604	1038
528	1051
604	871
622	1094
561	1161
552	1125
584	1076
565	1274
573	1502
563	2258
633	1635
542	1052
562	1160
550	1030
548	1105
561	1008
536	945
564	1086
494	1092
590	1080
617	1213
615	1499
635	1677
580	1913
619	1938
583	1718
598	1822
651	1567
582	1675
638	1787
569	1606
609	2255
601	1925
568	1171
571	1361
609	1582
607	1694
586	1418
535	1324
588	1570
642	1661
594	1686
594	1638
543	1531
589	1370
598	1424
594	1048
679	1173
608	1216
602	1939
546	2070
568	2085
636	1656
573	1515
579	1540
620	1885
577	1767
628	2154
559	1684
587	1269
624	1904
605	2103
611	2732
706	4753
613	3148
613	3279
586	1943
614	2697
622	2909
597	1928
669	1717
635	2208
613	1934
635	1660
609	1058
627	1010
563	1088
603	1011
593	1102
523	904
545	988
566	1017
541	1144
596	1131
618	1108
611	1012
622	1039
591	1100
580	1017
561	1011
610	1000
620	959
633	951
608	946
647	1103
612	949
629	1042
663	1027
573	1071
616	1060
566	1098
553	1038
604	1008
551	1001
586	1054
597	1088
626	1059
593	964
593	1049
552	1050
592	1075
561	1217
626	1125
551	956
607	1051
635	1007
644	1101
622	1061
598	1026
573	1046
580	993
593	997
607	1069
671	956
613	1016
592	950
634	886
594	931
561	952
590	878
625	973
562	882
655	913
665	997
627	1002
651	1090
655	1089
627	1020
593	972
578	915
604	891
632	955
641	1025
574	959
608	1028
601	929
575	954
554	1095
564	1242
546	1004
601	925
558	922
589	1090
555	1001
626	947
593	992
623	993
549	933
548	903
610	954
598	905
589	1112
588	1069
582	933
595	1038
596	1044
586	1011
631	1122
579	1045
591	1042
618	1087
567	1076
588	1039
584	1109
535	984
614	1067
637	1074
570	1144
589	1175
524	1074
571	1039
622	1010
534	1161
551	1085
583	1106
629	1077
587	1106
574	1057
570	1066
593	1013
676	1007
622	1029
552	928
538	964
538	1004
469	1061
566	1118
544	1045
588	1021
599	922
583	1108
557	932
550	971
564	1017
525	1086
587	988
593	1008
653	1145
591	1016
567	1044
673	949
626	978
603	1006
649	1008
608	1204
630	1205
595	1019
583	1196
644	1005
575	1104
549	1167
556	1125
608	1125
637	1128
712	1057
672	1109
744	987
645	1033
606	1136
579	1048
619	999
618	981
608	859
682	843
626	1095
644	1043
624	1111
662	888
610	1066
665	1006
648	987
588	1173
597	1028
657	1128
590	1236
661	1050
651	1150
670	1287
653	1208
659	1126
682	1220
593	1234
627	1196
666	1157
647	1229
575	1091
581	963
631	1052
598	1155
633	1195
609	1058
633	1031
607	1126
691	1174
668	1187
614	1201
687	1134
699	998
718	1065
685	1033
767	1009
693	1064
673	1081
601	1088
597	1130
607	1017
555	1000
530	882
584	835
530	988
577	921
568	899
596	1013
607	867
613	1051
642	962
615	878
654	1059
661	987
702	925
647	1004
686	917
677	1050
653	913
614	965
577	935
609	1067
593	907
632	857
584	910
646	853
569	819
587	743
578	920
619	999
647	761
617	980
673	949
664	951
662	915
626	1000
618	1146
585	1009
586	966
621	949
582	928
612	1034
538	1177
544	1047
584	1048
566	1000
570	1066
582	1043
593	884
602	842
600	919
597	1061
633	928
612	976
618	995
643	1179
600	1014
568	1076
582	997
559	794
589	997
571	916
551	899
537	962
589	947
477	1040
600	1024
537	949
583	863
598	822
623	1027
539	1012
516	1003
551	996
535	982
548	837
545	958
528	1042
566	1013
558	1058
587	1038
531	923
511	946
507	991
513	1045
517	915
518	836
518	980
576	996
588	1226
524	1059
570	998
513	1013
550	1116
563	1084
536	885
559	984
562	1005
558	1027
553	987
476	910
576	1008
516	1002
542	1167
583	1097
501	1015
551	954
508	1016
541	947
472	984
535	1079
591	1022
516	885
495	1018
608	939
570	897
533	946
561	1134
559	1009
605	1165
553	1044
560	1104
514	1464
596	1233
526	1043
556	1096
577	985
563	1241
575	1098
549	1037
600	1068
636	897
651	874
547	886
521	1033
586	991
572	911
580	1007
577	1004
499	853
543	866
561	933
566	915
530	987
558	926
607	949
557	1057
552	1004
528	1051
492	994
532	1134
573	1060
533	1087
521	1011
591	1124
614	964
476	1076
604	1224
582	1337
583	1263
606	1094
594	1279
601	1286
562	1267
589	1242
530	1298
542	1369
602	1410
587	2680
551	2501
587	2515
627	4004
645	4694
614	5073
611	4867
664	4422
508	3427
712	5131
655	6209
737	6232
680	7025
760	7277
707	7501
694	7365
676	6785
757	8572
732	10164
869	11260
919	11807
789	11291
759	9834
712	8181
653	6372
654	4637
584	3316
567	2643
548	3028
554	2798
602	2669
569	2088
553	1823
534	1812
521	1728
524	1537
529	1778
502	1581
512	1618
510	1683
552	1513
492	1453
497	1120
510	1072
572	1100
582	1223
519	1180
593	1194
611	1308
575	1163
585	1420
583	1767
544	1438
529	1154
526	1129
521	1523
539	1190
499	2560
566	3185
542	3100
630	3874
564	2771
592	2010
602	2697
577	3290
580	2446
595	3384
550	2871
511	1827
531	1306
607	1287
551	1230
552	1234
529	1183
497	1034
556	1031
512	1098
502	1194
542	1095
550	1305
537	1319
585	1020
526	1013
565	1331
545	1135
524	994
611	847
574	1073
588	1182
587	1173
534	1066
482	927
532	921
576	1105
535	968
560	874
554	909
583	995
597	1005
597	1225
562	1003
510	1027
634	972
590	966
602	1078
617	1042
637	1081
583	1056
635	1156
641	1072
615	1073
595	983
617	917
573	923
610	971
606	1167
619	860
683	767
612	948
667	863
658	958
651	1005
655	830
622	974
668	949
655	968
642	933
613	1035
673	1220
707	976
702	1099
648	1002
708	1039
683	1030
702	1095
780	1064
753	1052
816	1045
826	942
884	920
934	1085
1037	1013
1233	1055
1124	1138
1141	1072
1245	900
1214	999
1197	1081
1130	898
1211	999
1246	810
1357	897
1442	1069
1377	936
1399	938
1604	1072
1743	924
1979	975
1983	1032
1935	1120
2133	1041
2239	1130
2377	1158
2528	980
2393	1138
2645	1293
3181	1379
3311	1257
3719	1310
3785	1431
3886	1351
4015	1272
4016	1305
3909	1367
3753	1148
3734	1071
3596	1144
3647	1291
3643	1160
3647	1166
3264	1148
3400	1153
3333	1270
3416	1120
3451	1106
3498	1076
3803	1177
4214	1208
4434	1185
4565	1432
4814	1376
4787	1537
4700	1538
4316	1300
4175	1182
3973	1307
3870	1169
3519	1179
3321	1325
3123	1402
3127	1663
3040	1561
3122	1497
3258	1569
3377	1501
3640	1553
3881	2162
4023	2516
3877	1976
3660	1569
3547	1357
3680	1392
3368	1409
3051	1222
2953	1306
2724	1191
2528	1291
2397	1167
2201	1247
1966	1167
1917	1154
2019	1193
1971	1286
2013	1166
1851	1026
1915	1122
2059	1013
2234	1239
2163	1177
2090	1210
2106	1072
2131	1470
2191	3420
1882	4654
1782	4252
1497	1393
1389	1007
1325	1052
1352	998
1298	983
1166	957
1157	938
1207	934
1164	992
1123	876
1040	982
1048	928
1057	953
1007	967
928	1116
899	1162
813	1074
870	1169
816	1130
841	1049
808	1062
794	1032
810	1066
841	948
910	1067
950	1073
1046	913
1025	1073
969	1180
1016	1097
1095	1088
1215	1216
1310	1245
1260	1169
1326	1001
1316	1100
1334	1035
1332	1049
1196	1201
1349	1047
1327	1001
1515	1095
1632	1110
1715	1069
1829	1168
2134	1569
2273	1576
2369	1583
2490	1598
2451	1623
2485	1592
2270	1527
2075	1446
2004	1439
1855	1283
1757	1120
1694	1136
1470	1318
1433	1270
1447	1271
1401	1185
1308	1175
1277	1016
1199	1108
1077	1041
1076	1037
1055	1146
970	1025
872	869
853	791
851	890
907	857
874	844
840	1034
969	839
897	857
888	782
913	867
979	968
993	872
1025	756
1030	843
1048	846
944	901
998	944
1013	955
959	880
965	835
1151	982
1338	981
1320	915
1164	1220
1285	1121
1459	1430
1597	2139
1614	2871
1445	2114
1475	1291
1509	1296
1592	1543
1874	2073
1811	2168
2047	2252
2636	3328
3757	11269
4244	9535
4225	4600
4522	4236
4818	3578
5251	3816
5728	5445
5897	6294
5633	6331
5995	6811
6892	5086
6943	3849
7164	3470
7154	4140
7017	5025
7383	10313
7456	12348
7177	12944
6940	10288
7024	12538
7722	17990
8621	21393
9010	22294
8896	21811
9171	23009
9441	23456
9192	23511
8357	23333
8109	23202
7890	23107
7400	22885
6260	21814
5706	20501
5882	20891
6225	21135
5240	18911
3787	14337
2926	11040
2889	12141
2926	12531
2615	11912
1968	7813
1720	2491
1744	2110
1822	2544
1759	3022
1572	3951
1302	2323
1119	1605
1318	1917
1321	2104
1106	1720
981	1325
995	1301
989	1126
1162	1126
1140	1138
1160	1175
1070	1025
1027	1145
1012	1066
1009	1130
1003	1253
928	969
860	973
869	1036
840	914
874	952
836	1012
865	890
862	893
848	1004
777	882
748	855
755	872
829	962
849	930
834	952
848	964
878	978
858	958
931	1146
866	1201
844	1224
822	1205
806	1427
740	1427
809	1499
808	1593
820	1409
793	972
798	1020
698	1057
727	1018
658	1092
644	979
712	1063
784	1023
728	911
755	1136
759	1111
781	985
737	926
802	1086
779	947
773	1214
663	975
760	942
718	909
710	1095
693	929
699	952
632	905
661	826
706	1010
690	905
781	953
752	1318
