794	1153
826	1147
800	1073
732	972
852	983
924	1234
841	1301
770	1290
715	1306
740	1287
777	1415
749	1610
806	1444
782	1362
846	1284
917	1129
961	1124
856	1238
661	1128
768	1160
879	1044
946	988
711	1089
592	1098
594	1015
634	1096
568	1135
564	1154
613	1277
564	1368
608	1213
588	1322
596	1206
602	1125
568	1307
549	1248
547	1238
590	1292
628	1190
556	1052
610	985
546	940
504	1081
597	1065
625	1058
526	1122
473	1042
512	937
468	888
522	975
489	924
526	985
545	998
541	1002
585	1240
549	1252
528	1049
565	946
514	1321
580	2017
623	2459
578	2615
657	2334
618	2130
619	2726
536	1954
535	1547
566	1050
521	845
505	969
535	1017
478	995
526	1079
541	1093
571	1199
625	1695
528	1742
545	2075
582	2317
572	2314
574	1682
570	1511
495	1664
572	1581
575	1541
561	2137
627	3226
703	4337
746	4896
769	4217
913	6461
976	7408
1024	6749
978	6805
852	6478
926	7490
698	5493
616	2397
643	3501
681	3311
580	2707
666	2572
566	2155
579	2130
626	2228
601	1808
580	3001
667	3575
672	3479
597	3000
649	2284
573	1493
606	1297
599	1204
571	1391
567	1699
585	1873
648	2645
665	4071
698	4338
678	3301
681	2938
678	1913
608	1835
657	2069
685	2885
566	1879
596	1314
578	1213
608	1103
548	1025
598	1077
524	1070
621	969
612	847
685	982
691	934
611	1096
646	903
632	894
526	876
610	915
602	968
591	1068
563	1340
587	971
597	1106
568	1066
647	1065
686	1094
636	986
698	1174
687	1197
699	1136
627	1111
631	963
678	1050
675	898
641	959
612	958
650	915
585	1013
588	900
608	943
532	1010
588	1076
659	1056
664	1054
609	1279
593	1582
590	1156
596	1227
540	1172
535	1224
573	1781
614	1787
660	2903
650	2848
633	2534
608	1875
537	1818
571	1281
537	1194
625	1078
577	1381
604	1079
535	1076
587	872
590	961
552	886
617	1128
603	1126
607	1219
628	1140
658	1052
625	1009
597	1109
585	1169
554	928
570	1170
557	1154
534	1083
539	1199
560	1178
526	1164
637	1150
547	1238
614	1171
638	1139
690	1068
632	1129
655	1092
722	976
745	1139
687	953
654	924
622	1114
649	1488
587	1354
611	1217
602	1243
612	1325
654	1440
724	1610
672	1539
674	1482
681	1639
722	1317
641	1219
704	1258
718	1176
737	1260
759	1242
674	1155
732	1188
786	1122
819	1120
801	1230
781	1406
796	1205
832	1327
978	1261
1109	1621
1151	1270
1100	1421
1171	1279
1109	1101
1025	1056
944	1044
862	1148
787	956
842	857
747	967
733	968
764	1012
770	925
774	1001
821	946
882	995
851	938
994	1061
1095	982
1277	926
1190	1190
1134	1134
1154	1113
947	1158
1005	1164
973	1269
848	1080
838	1050
706	995
725	998
719	865
679	739
740	776
698	900
792	1029
731	1109
749	950
702	995
719	993
783	994
775	1004
703	1048
680	1067
743	993
696	1008
707	1036
623	1066
626	1099
662	1230
592	1105
658	1110
622	1071
578	1031
627	1002
660	1129
678	1184
623	1299
653	1078
608	1315
588	1036
525	964
516	984
584	836
528	917
583	972
580	953
608	957
577	1169
552	1048
587	962
575	999
566	1080
583	1009
570	908
592	904
609	886
568	905
574	924
614	925
593	1035
597	1091
648	1010
634	978
598	878
601	923
666	920
577	934
568	939
580	821
580	907
607	980
570	945
581	950
591	1055
505	968
542	890
558	960
534	927
593	1031
633	1081
611	1041
584	1051
645	961
644	1101
610	1271
552	1245
625	1096
509	900
626	926
674	1053
615	1165
595	1169
617	1117
622	1171
628	1061
649	1154
631	1167
649	1196
630	1157
638	1401
672	1193
735	1200
692	1098
768	1107
866	1132
1075	1099
1092	1204
1051	1367
1127	1419
1019	1329
1034	1392
948	1323
945	1370
921	1212
807	1183
705	1157
656	1096
666	1075
609	958
603	963
639	976
622	1015
572	997
653	1018
644	1125
634	1005
650	1025
691	988
641	1000
640	967
589	943
622	953
658	1248
698	1040
668	1085
729	1009
680	1071
749	994
742	969
728	874
731	951
825	959
773	1077
839	1045
820	1043
829	1086
749	1146
794	1037
796	1296
793	1235
790	1213
760	1133
930	1046
993	1090
869	1138
889	1280
912	1052
845	915
834	950
844	934
859	1024
814	882
903	1008
830	909
902	1138
919	1224
935	1071
936	1068
1159	1115
975	1258
1036	1166
1030	1062
1103	1311
1165	1170
1169	1154
1037	1143
1049	1264
1080	1052
1072	968
1077	896
1016	832
991	896
951	938
1075	938
1071	1039
1135	940
1169	997
1143	1175
1075	987
1115	1044
1183	1055
1156	1062
1107	1116
1127	1022
1166	1153
1144	1385
1203	1594
1197	1519
1330	1510
1325	1226
1210	1262
1255	1193
1188	1139
1172	1048
1234	1062
1218	962
1222	1072
1196	1142
1192	1186
1269	1067
1164	1180
1175	1090
1286	1052
1216	1023
1323	916
1148	952
1208	994
1124	1136
1206	1031
1149	1072
1102	1054
1206	969
1220	889
1369	937
1411	1013
1411	1099
1418	995
1286	1011
1323	994
1365	1496
1420	1645
1604	2039
1481	2017
1450	2293
1584	1652
1531	1213
1455	1393
1474	1590
1477	1741
1579	1887
1619	2002
1481	1884
1608	2438
1703	2231
1637	1611
1825	1698
1897	1419
1737	1395
1426	1241
1559	1189
1322	1142
1274	1373
1066	1068
1123	1037
1093	1065
1045	1126
1137	1198
1065	1193
1091	1311
1091	1176
1004	1333
948	1370
889	1629
962	1554
920	2174
977	2500
989	2268
937	2134
883	2347
883	2092
896	1787
915	1518
856	1424
887	1765
941	2035
869	1808
869	1887
747	1937
760	1404
735	1189
744	1154
709	953
736	1255
724	1018
736	1163
725	1070
659	944
708	909
644	956
693	999
710	970
702	914
745	1018
713	998
647	997
696	1177
786	978
665	1005
675	939
646	1092
668	951
639	910
616	884
669	941
620	934
625	747
613	920
631	924
614	1169
643	1138
610	944
681	907
586	1105
565	863
593	846
629	1009
585	940
540	1018
568	850
510	872
517	846
592	822
576	925
552	917
535	934
582	776
561	838
549	847
537	925
563	939
539	1042
526	855
579	990
510	950
558	984
511	970
550	953
514	940
494	927
508	927
526	860
519	879
502	981
515	889
488	956
483	902
590	1003
483	1190
554	1000
575	933
578	1041
525	1020
554	880
537	956
583	898
588	1082
670	992
717	974
702	1071
724	1076
785	1205
1051	1270
1279	1159
1308	1111
1194	1093
1403	1147
1961	1312
2224	1292
2119	1386
2144	1408
2337	1576
3294	1946
3898	1967
3906	2122
3802	2144
3780	2135
4054	2065
4822	1957
4767	2007
4618	2140
4549	2057
5117	2318
6196	2612
6190	2811
5932	2721
5893	2625
5914	2654
6049	2645
5819	2635
5568	2597
5422	2463
5176	2338
5212	2173
5277	2194
5456	2118
5058	1828
5259	1923
5232	1986
5302	2063
5267	2201
5371	1979
5651	2074
5356	2328
5043	2304
5315	2222
5219	2241
5066	2330
5218	2212
5333	2486
5432	2642
5403	2723
5224	2418
5139	2449
5358	2478
5455	2544
5040	2404
4843	2414
5171	2658
5114	2746
5090	2637
5093	2699
5424	2433
5364	2736
4629	3875
3834	4237
3585	5224
3694	4948
3852	5234
3500	5154
3089	4893
2884	3919
2869	3494
2707	4289
2730	4292
2330	4709
2066	4900
2230	4925
2374	5300
2031	4867
2072	5717
2043	5435
1973	5802
1935	6751
1854	5591
1825	4614
1904	4421
1957	4257
2177	6071
2131	5903
1886	6075
1775	4138
1606	3294
1763	3290
1750	3911
1615	3159
1434	3507
1147	3652
1240	3801
1233	4108
1048	4046
777	3403
741	2698
646	1970
692	2380
682	1916
527	1086
605	1228
624	1627
642	2265
623	3478
681	2985
612	1904
594	2060
608	3714
607	2762
572	3123
548	3017
565	2485
630	3295
598	3170
596	3338
543	2861
560	2694
573	2412
554	2298
535	1538
529	917
508	954
524	796
543	954
508	937
458	825
551	882
504	763
524	978
556	1064
541	974
510	869
480	917
531	997
555	1066
550	1185
578	1055
497	1006
527	1079
561	939
512	993
517	874
573	879
494	1036
514	1100
519	1140
501	963
500	954
475	1058
512	911
554	1046
553	931
582	961
525	871
493	812
514	979
535	908
511	868
491	892
563	927
578	979
551	1040
557	924
545	955
536	842
606	927
545	872
519	950
535	848
581	958
522	942
526	821
535	766
500	825
630	798
562	844
570	702
612	797
652	723
576	858
577	886
516	956
527	1051
523	1006
544	991
589	902
579	1024
563	1115
583	1221
544	1154
528	1396
559	1529
565	1505
551	1305
594	1298
568	1120
570	1129
512	1108
573	1115
542	1190
513	993
589	1052
573	1132
603	1442
587	1874
613	2024
589	2046
617	2043
604	2198
571	2080
551	2183
613	1902
587	2435
678	3116
597	1928
609	2699
611	2364
581	2304
716	4073
685	3357
632	3281
752	5363
715	6582
697	6033
616	3855
576	3475
655	3448
704	2922
573	2994
630	3027
580	2130
636	2131
596	1989
581	2048
675	3871
717	5323
719	4988
731	5366
716	5186
762	5301
674	4760
654	4729
712	3387
593	2289
555	1389
562	1565
557	1915
666	2005
568	1927
559	1854
619	1963
658	2169
648	2122
670	2529
653	3008
577	2731
564	1920
579	1843
639	2111
608	1713
634	1732
598	2074
580	2677
629	3054
653	3080
634	2850
615	2109
575	2177
566	1997
577	1821
625	1997
657	2170
623	2476
628	2771
596	2837
694	3957
828	4706
868	6126
1031	8556
1021	9558
968	9163
947	7928
735	3718
753	5081
669	2951
689	2754
648	3129
622	2187
643	2738
662	3269
625	3031
644	2850
657	3613
648	4778
681	3448
727	6478
801	7390
931	8469
1022	11217
960	9902
1001	7864
952	9444
1073	10797
1047	11340
992	10489
1184	12545
1098	11003
1215	11785
1127	11162
973	8512
750	6852
877	8383
871	8569
877	9236
1127	12551
981	11572
970	12113
1409	16314
1514	17083
1889	19755
1441	16821
1252	14822
1297	16236
1380	16763
1127	13519
970	9409
962	10019
806	7601
839	8661
1102	12964
1168	13714
985	10687
801	9567
869	11930
814	10130
766	8622
841	14421
1017	17551
1008	16848
858	14666
643	6530
611	3172
630	4327
626	4398
552	2737
553	3543
595	3410
634	3776
653	4937
567	4483
615	3295
548	2783
594	3929
574	2816
506	1404
561	1012
548	1177
491	1258
532	1402
500	1250
489	977
493	1100
546	1133
520	1091
562	1190
554	1009
539	1119
503	1228
535	1367
565	1702
512	1528
457	1150
532	1062
556	1072
595	952
577	1033
581	958
549	1024
582	1003
565	982
523	1046
548	1036
508	926
472	1069
528	1017
515	999
547	1028
591	1027
514	1111
620	1171
546	1246
540	1040
506	1081
586	1033
533	970
522	954
596	813
561	914
566	807
517	848
623	935
585	906
578	847
613	1034
592	949
581	917
579	983
508	1027
573	945
553	1017
508	1011
452	1144
475	1007
508	1100
531	982
526	995
557	881
548	964
530	911
555	1118
524	1089
607	1035
542	1153
586	1074
564	1146
512	990
594	925
582	866
607	892
591	977
613	924
573	923
600	838
534	1025
561	890
584	886
554	1063
572	1020
534	1065
566	997
569	891
595	834
591	834
575	929
536	890
593	918
514	1015
547	1039
531	1092
560	925
604	1038
572	989
605	1086
547	917
529	1068
617	1247
575	965
556	873
555	846
635	994
576	1091
613	1125
584	1348
544	1243
570	1301
557	985
593	1090
537	1050
576	856
561	1111
633	1171
639	1185
659	958
623	1029
543	1023
614	811
505	873
604	911
603	1045
567	922
615	929
655	853
590	996
576	1083
601	1041
599	881
584	964
588	1083
615	1115
623	1050
600	994
555	940
665	826
613	1011
625	951
600	980
653	1019
689	1088
671	925
574	821
655	771
675	838
665	1020
635	1133
624	990
608	1142
595	1164
742	1168
645	1236
660	1101
644	1079
600	1093
640	990
655	1131
697	1152
617	938
652	1143
616	1190
643	1063
626	988
656	1136
622	1217
666	1047
598	1126
629	1069
574	1187
584	1066
661	1119
586	968
615	1012
600	993
613	1044
644	1154
593	1052
643	1248
657	1101
578	1109
585	1172
659	1505
604	1384
654	1419
701	1646
644	1718
629	1571
667	1291
574	1294
677	1028
599	1103
647	1119
715	1270
633	1380
656	1358
628	1301
620	1358
672	1248
694	1340
693	1239
710	1210
668	1227
651	1147
696	1227
697	1240
734	1128
644	1259
707	1149
608	1152
704	1255
691	1142
663	1264
675	1188
631	1087
596	1103
566	1060
579	1027
690	959
690	1056
661	1137
626	1144
596	973
606	951
634	977
580	1095
656	1004
620	995
647	995
608	999
599	931
592	995
677	1082
625	1062
626	1047
619	924
642	1114
605	1044
590	921
607	984
545	1031
594	1052
683	1235
600	828
709	992
626	1024
687	936
619	799
637	897
668	1029
606	1202
622	1195
637	1299
569	1133
652	1155
594	1064
661	1007
621	1027
607	1160
587	1164
624	1061
703	1084
676	1019
754	999
772	1161
855	1087
924	1189
888	1478
930	1329
940	1342
1004	1272
1015	1197
933	1153
861	1190
787	1079
725	1082
758	1078
635	989
708	967
710	1098
762	1027
695	1057
659	1148
686	1326
712	1469
735	2001
744	1693
793	2036
713	2272
744	1683
737	1302
752	1702
718	2091
816	2787
762	2242
791	2192
873	1830
975	1855
1205	2369
1167	2077
1069	1399
1159	1276
1157	1351
1247	1524
1196	1473
1103	1239
1187	1101
1392	1138
1395	1197
1404	1312
1473	1195
1535	1275
1655	1518
1719	1554
1844	1544
1817	1582
1985	1562
2135	1612
2090	1401
1898	1426
1820	1395
1756	1409
1742	1490
1389	1406
1262	1476
1245	1486
1299	1516
1174	1336
1063	1269
1067	1145
964	1192
914	1117
874	1157
795	1088
729	1050
709	905
767	953
746	1212
702	1104
636	1064
615	1190
673	1123
610	1024
600	1159
634	1300
662	1265
665	1242
583	1244
614	1152
626	1064
591	1122
668	1032
601	1116
592	1211
666	1061
624	1254
647	1187
703	1039
669	1137
603	1192
646	1204
666	1029
659	1136
699	1011
643	1022
615	1031
628	1136
701	1096
626	1148
657	1027
605	1269
713	1387
666	1466
652	1209
603	1202
714	1317
684	1334
652	1248
649	1251
662	1463
594	1364
601	1239
669	1273
644	1284
660	1227
657	1333
743	1478
721	1383
698	1304
721	1643
654	1457
724	1489
705	1497
641	1492
643	1375
715	1343
737	1513
674	1402
707	1554
669	1290
618	1345
650	1339
676	1519
666	1587
691	1593
709	1524
686	1570
731	1626
717	1575
693	1506
750	1361
763	1451
738	1599
745	1455
644	1688
684	1836
686	1794
739	1693
693	1558
705	1839
631	1615
636	1598
658	1507
648	1459
644	1355
598	1357
629	1295
614	1310
649	1481
679	1215
639	1241
633	1061
628	1120
631	1213
597	1302
626	1064
643	1228
631	1355
607	1268
646	1392
586	1296
644	1411
718	1415
649	1571
647	1488
638	1566
698	1449
701	1353
728	1527
738	1657
779	1646
841	1688
688	1866
703	1925
765	1722
808	1737
731	1538
775	1630
720	1715
754	1811
707	1772
699	1634
663	1689
681	1571
650	1289
682	1329
666	1507
714	1532
650	1354
641	1748
737	1769
739	2297
798	2132
728	2610
905	4377
1344	7587
1421	11004
1243	9064
1135	9919
1385	12226
1553	13982
1734	15220
1978	17376
2053	19142
1888	19373
2174	19600
2517	19993
2526	19715
2097	18235
2252	18065
2407	18658
2368	17970
2079	16833
1694	13576
1427	10669
1362	11964
1234	11760
1206	11072
1119	8790
1037	6704
1091	7151
1013	10106
1143	12175
1225	13358
1274	14832
1539	16216
1455	15630
1176	14895
1543	17043
2038	19398
1996	18728
1268	18063
869	13809
577	6199
608	6528
555	3896
565	1831
560	1141
537	1179
561	1315
580	1220
571	999
497	1154
570	1066
501	851
525	972
557	1054
579	955
534	1004
551	982
596	934
545	952
554	1095
514	867
540	1165
566	908
552	934
534	955
557	782
560	778
557	1002
485	908
516	990
590	1004
538	1066
534	998
530	950
537	1125
484	1305
537	1093
496	1288
575	1092
531	1098
468	1038
514	970
555	1020
514	913
482	780
478	858
472	1005
489	996
531	904
493	843
465	950
470	1017
480	1014
483	844
476	974
515	1083
530	1149
511	1126
558	1084
583	1025
549	954
487	899
510	954
598	1074
628	955
556	909
570	867
498	832
551	850
507	886
614	1076
592	987
620	1008
603	833
662	923
581	981
589	996
618	985
627	1022
587	1130
522	1018
550	981
608	927
611	904
670	1096
619	968
594	938
583	924
621	851
669	918
638	964
573	1063
679	1077
598	1090
632	1103
526	948
574	1098
595	1026
567	979
622	981
619	875
626	988
645	1134
654	1035
611	978
599	892
604	891
586	1003
637	935
565	1097
523	870
602	949
598	900
624	983
571	1146
560	964
553	854
533	943
538	991
556	1157
602	1127
559	941
557	1077
549	1024
534	1147
574	1067
574	1016
550	1010
523	945
617	921
629	1058
631	1089
629	1037
604	959
568	1082
644	1137
623	1164
658	1432
633	1154
649	1086
666	1090
791	1019
759	1026
818	1051
813	1011
696	1133
660	1001
674	1067
659	919
619	874
650	901
593	975
664	1084
654	1111
669	1055
709	1355
621	1299
607	1480
625	1659
624	1414
540	1406
527	1374
573	1224
506	1129
509	1154
494	1236
524	1021
578	1044
531	923
531	961
529	1003
576	1032
588	937
509	1030
521	1016
594	1138
574	1058
542	1007
541	1028
609	1008
605	961
570	1100
588	1063
584	1078
550	1105
598	1095
573	1192
603	979
563	896
599	1011
602	981
602	1019
570	1036
703	906
628	1129
704	1006
749	1097
804	1057
799	935
832	988
809	1002
735	998
762	1028
674	890
698	984
694	983
620	1080
658	1038
689	983
657	1008
670	928
647	1108
715	1202
700	1091
696	1067
714	1057
749	988
745	1081
683	1158
673	1212
704	1061
708	898
611	965
684	956
723	1003
643	1142
653	1014
628	879
614	1094
670	1081
659	1220
630	1243
727	1028
672	876
664	855
759	992
704	1069
674	1215
681	1203
764	1064
799	1002
791	949
747	1015
755	1164
766	1339
729	1372
667	1395
738	1264
690	1879
818	3021
875	3719
876	3633
877	3413
764	2642
823	2654
859	2255
849	2207
828	1239
828	1155
887	1189
851	1320
901	1416
892	1306
872	1140
847	1023
815	1119
828	1031
816	1047
849	972
895	1043
789	1129
849	896
913	1074
837	1234
885	1124
855	1182
815	1362
894	1613
984	1722
913	1701
988	1634
997	1468
977	1457
934	1292
829	1201
883	1043
816	1287
777	1196
800	1041
866	1072
761	1172
764	1240
764	1355
799	954
869	1063
849	914
871	1092
835	1138
889	1042
886	1219
876	1015
882	1160
881	1082
831	1062
814	1144
783	980
803	904
807	936
732	1109
755	873
747	991
717	911
691	870
702	842
687	1016
760	955
864	1077
804	904
771	1095
719	912
848	1009
838	1081
789	947
731	913
701	956
704	998
778	941
704	835
713	803
741	939
635	858
635	965
667	901
640	1000
647	921
696	815
694	971
701	1001
669	1013
713	1102
659	1066
733	1005
708	992
637	959
695	937
600	835
689	901
718	979
668	1070
692	1152
690	1114
675	1110
648	1077
687	1096
616	942
679	827
643	854
568	887
615	861
667	976
631	1051
670	895
647	928
573	947
635	964
650	915
588	832
604	954
649	1004
637	836
568	881
552	886
603	905
579	979
623	882
681	935
579	954
607	1081
620	1073
620	1091
741	1150
704	1099
634	1034
636	1135
556	894
637	932
629	1024
570	948
603	1043
614	836
540	881
573	860
571	956
543	860
568	939
581	922
531	988
574	964
617	882
604	1103
560	1034
521	893
535	1065
529	882
542	875
569	996
516	1019
579	997
526	907
543	907
558	1235
567	1203
567	1087
539	918
556	957
551	947
563	938
572	957
602	1160
534	1211
607	1126
581	1042
557	1067
584	1067
534	1014
544	971
561	1035
557	985
530	1062
606	926
537	983
553	1075
561	932
631	966
525	921
590	977
562	910
504	914
558	887
559	862
530	848
549	797
521	808
552	1091
545	1243
527	1046
481	1339
548	1233
547	925
578	914
589	920
546	863
535	1054
636	919
692	862
729	811
647	814
645	876
724	885
832	994
919	1158
911	1013
898	1117
815	1193
909	1198
940	1079
853	1147
743	1027
779	1228
983	1195
1408	1228
1297	1268
1154	1204
1563	1285
2297	1573
2706	1684
2385	1616
2216	1583
2463	1783
2581	1801
2683	1666
2487	1471
2583	1497
2473	1457
2370	1361
1989	1339
1995	1296
2099	1247
2017	1264
1747	1285
1276	1242
1256	1421
1161	1303
1132	1234
1107	1215
1084	1091
1125	2068
1062	1433
1089	1151
997	1370
1190	4431
943	1673
976	1560
1046	1422
926	1373
978	1064
838	920
823	845
748	912
802	1039
664	1344
825	5092
979	8290
718	4261
977	9183
1008	8182
1130	9796
608	2194
534	991
597	1799
551	1060
577	1069
540	1093
538	1274
577	1278
546	1058
512	1022
523	1212
539	1138
579	1052
521	1143
491	1056
547	977
530	906
496	925
486	1064
512	1135
529	1084
557	1174
558	1211
608	1762
620	1332
599	1028
590	856
514	1033
515	1005
600	928
550	878
580	931
562	908
536	962
497	928
552	955
498	923
563	1048
546	783
543	857
553	920
590	1073
575	1015
593	1092
520	988
539	1018
551	974
515	966
565	860
486	931
481	836
545	887
554	873
465	879
516	991
567	1104
612	1089
552	1208
562	1135
510	1161
560	973
570	899
522	1056
504	944
545	918
540	815
502	1003
517	956
495	854
546	970
503	906
474	895
493	960
454	789
481	923
488	1028
479	1038
507	1067
504	999
543	960
532	984
514	868
482	819
505	803
553	824
483	827
541	888
581	747
479	883
569	794
528	775
482	737
457	761
483	936
532	840
516	903
522	820
496	976
487	950
474	817
466	861
464	1047
516	973
539	921
540	901
523	920
527	1056
556	969
470	943
496	867
559	938
457	906
453	1049
495	1018
539	1104
465	1056
446	997
518	1051
522	1077
509	952
542	943
564	1129
550	1062
530	1054
577	913
542	982
497	999
532	1050
514	1107
484	992
497	1144
527	987
491	991
546	1087
551	1016
541	1071
517	953
561	1091
514	1158
515	1383
551	1318
560	1384
538	1302
524	1253
495	1123
504	1205
507	1257
540	1147
527	1037
517	1262
509	1202
485	1058
552	1025
494	1127
545	1092
550	1030
593	1091
550	1014
595	1005
598	1049
508	1238
523	1084
574	911
587	1035
543	1044
548	1055
585	894
589	1031
577	1084
646	932
583	963
621	1004
625	1032
671	1017
622	1078
628	923
601	920
629	829
669	883
650	923
649	950
661	933
688	861
711	1012
731	1043
706	929
710	997
703	919
730	965
778	834
745	845
745	1016
787	962
764	1009
732	890
778	897
747	981
738	958
718	955
696	882
720	1182
729	1085
785	906
832	1079
762	1071
839	1012
883	868
978	1022
981	896
924	1023
959	1020
975	1068
1072	1127
1009	1307
1095	1192
1115	1018
1051	1004
1042	1018
1069	929
1207	1028
1218	906
1171	837
1217	1030
1252	1037
1445	1087
1563	1047
1611	1140
1595	1222
1722	1110
1779	1075
1825	881
1824	1067
1723	1115
1667	1132
1744	1377
1719	1149
1683	1388
1607	1370
1547	1333
1576	1298
1523	1199
1394	1189
1548	1234
1613	1324
1757	1309
1815	1004
1946	1021
1941	1079
2015	1082
2063	1149
2118	1287
2071	1110
2068	1140
2024	1038
1918	1071
1854	1027
1757	1128
1716	1073
1531	1160
1431	1038
1406	1101
1365	1143
1391	1281
1402	1158
1587	1169
1557	1195
1646	1139
1736	1304
1723	1158
1739	1186
1759	1174
2024	1164
1987	1240
1936	1286
2010	1278
1956	1256
2270	1420
2354	1350
2407	1349
2177	1259
2008	1152
2203	1199
2193	1163
2166	1219
2196	1126
2119	1090
2308	1255
2090	1188
2179	1334
2528	1368
2541	1423
2575	1425
2473	1386
2474	1470
2501	1447
2332	1455
2138	1273
1640	1200
1620	1115
1484	1319
1280	1082
1239	1292
1062	1238
922	1240
1020	1159
1137	1038
1178	961
937	978
928	899
831	1022
910	1029
920	977
811	937
872	882
783	1116
797	925
756	1004
794	984
709	955
748	839
782	1023
724	1044
692	1201
673	1351
692	3762
789	3606
714	2590
717	5002
744	2803
601	1099
598	1015
646	902
676	1049
636	1196
634	1029
632	909
593	1081
530	1174
591	915
553	728
629	803
606	838
661	906
607	924
645	878
704	786
620	871
655	963
644	916
648	878
671	971
658	802
654	763
660	843
592	925
595	971
606	977
579	914
648	984
540	942
651	865
640	792
689	1069
637	1100
630	1016
695	962
663	974
730	1035
560	866
638	813
607	957
548	857
604	840
553	891
490	1064
517	1173
528	964
566	1141
556	1187
493	985
531	927
485	972
518	1045
537	1054
554	1052
619	1147
554	1193
591	1040
582	953
579	989
572	1004
560	1039
481	1027
539	987
550	833
552	874
530	951
534	950
548	1004
551	1173
571	1079
522	1002
527	850
606	972
562	928
550	1047
565	1123
574	1515
560	1768
618	1159
597	1021
522	1154
564	1142
558	1822
654	2478
672	2648
715	2895
615	3580
646	2306
654	1430
538	975
623	988
582	1217
558	1321
570	1351
629	1577
562	1582
563	1502
529	1080
627	951
572	1308
607	1817
659	2576
583	1240
539	1055
586	1156
605	1279
593	1086
569	1346
548	1321
538	1055
497	1106
550	1211
538	1022
522	865
447	753
459	933
537	925
573	871
499	873
555	939
524	947
526	981
558	957
544	1002
535	1101
565	1106
580	1028
524	1090
553	1189
567	914
572	1030
581	1290
570	1025
584	958
575	929
555	1006
636	1001
585	968
623	858
586	882
570	1059
560	1144
589	1148
654	1367
717	1655
685	1479
713	1788
777	3819
704	2832
692	1261
767	1446
665	1194
648	1048
701	1053
729	1077
858	1113
862	1094
881	1039
940	1206
1186	1110
1417	1402
1424	1313
1206	1180
1273	1380
1461	1288
1547	1727
1578	1778
1478	1631
1626	1426
1660	1365
1981	1467
2134	1573
2096	1625
2291	1689
2423	1966
3014	1862
3132	1974
3419	2050
3220	1978
3397	1879
3224	1854
2936	1741
2719	1715
2442	1733
2340	2283
2235	2031
2146	2076
2246	2170
2337	2041
2700	1656
2945	1892
3611	2165
3708	2330
3800	2584
4335	2629
4425	2559
4352	2620
4266	2467
4162	2395
4200	2549
3770	2433
3551	1805
3139	1768
2839	1678
2783	1627
2520	1453
2560	1326
2512	1293
2558	1356
2696	1637
2969	1618
2944	1467
3223	1567
3309	1826
3456	1714
3506	1727
3213	1428
3065	1610
2807	1617
2837	1534
2665	1628
2242	1480
1811	1556
1595	1366
1537	1188
1464	1273
1298	1243
1320	1221
1310	1437
1358	1268
1497	1398
1505	1312
1473	1358
1309	1298
1241	1458
1205	1324
1262	1403
1140	1301
948	1239
856	1088
1010	1209
881	1272
831	1450
699	1389
712	1307
783	1332
815	1255
798	1245
730	1348
653	1281
635	1435
614	1487
677	1474
680	1354
655	1162
636	1288
661	1525
705	1264
697	1276
667	1457
673	1293
620	1132
702	1248
726	1041
672	973
752	1115
772	1370
769	1266
873	1267
865	1020
783	1285
752	1481
771	1392
643	1280
760	1242
686	1315
687	1463
693	1417
693	1445
652	1501
691	1211
662	1302
741	1326
905	1344
699	1334
910	1055
868	1152
926	1208
999	1374
940	1588
879	1321
843	1355
891	1216
831	1363
848	1522
714	1159
733	1355
737	1292
772	1318
752	1423
733	1293
662	1291
682	1329
700	1210
631	1104
648	1012
664	1141
755	1258
802	1300
891	1142
810	1777
813	2042
766	2549
726	2112
729	1774
627	1659
663	1712
629	1189
647	1210
668	1151
611	1025
607	1009
606	1231
661	1263
687	1268
679	1754
717	2367
658	2533
693	2367
758	2229
724	2329
726	2525
756	2642
741	3195
729	3286
720	3341
693	3436
749	3264
740	3073
751	3654
784	3500
780	3207
925	2840
887	2947
738	3010
758	3718
861	4259
937	3458
1011	3597
1107	4016
1008	3560
985	3267
1048	2798
1017	2661
1030	2683
884	3468
895	4159
808	3871
852	2908
751	1805
803	1616
812	1383
831	1201
828	1041
753	1014
742	1168
788	1150
832	1209
817	1262
956	1192
997	1114
1299	960
1237	1131
1074	1384
1053	1177
1051	1286
922	1225
881	1196
808	1389
698	1431
701	1208
723	1127
709	1243
655	1386
632	1250
596	1264
613	1232
704	1178
705	1309
748	1267
744	1255
689	1316
669	1363
592	1123
626	1199
590	1194
479	1161
504	1140
592	1327
527	1034
542	1025
509	1210
521	1181
511	1117
456	1091
483	1079
491	1023
448	949
447	1065
499	1015
520	977
497	976
567	1005
501	1323
520	1237
560	1185
474	1236
490	1194
536	995
496	1085
501	1276
492	1207
534	1196
511	1315
510	1234
486	1322
526	1380
501	1384
548	1615
515	1476
551	1489
507	1514
523	1604
555	1716
596	1480
584	1423
647	1311
680	1155
577	1009
524	1059
552	1105
621	1183
594	1077
514	1177
520	1060
561	1066
449	1074
438	1286
444	1238
443	1149
508	1326
487	1472
498	1310
469	1537
474	1501
466	1245
503	1338
467	1148
455	1097
468	1075
464	1042
489	1168
470	1128
515	1113
474	1029
418	1103
453	1021
466	1067
475	1059
506	913
498	1082
474	1141
469	1113
515	1062
515	1197
503	947
494	956
453	1018
457	1008
550	935
435	880
477	1003
469	884
450	968
458	1020
434	1103
452	981
498	870
545	892
459	1071
474	1012
481	999
443	994
437	972
477	1092
455	1095
446	1162
462	950
457	1073
442	1176
482	1951
525	1737
492	1869
539	1850
504	1564
471	1817
513	2085
525	1282
525	1167
505	1609
515	1916
514	1923
552	1503
471	1184
527	1228
516	1411
542	1964
564	2320
505	2114
506	1641
544	1700
660	1886
577	2156
508	1408
543	1282
496	1139
492	1001
508	1028
538	1057
528	1053
493	1120
520	985
481	1367
476	1261
484	1162
463	1299
480	1131
485	1191
433	1088
428	1018
438	1028
480	977
500	978
478	997
487	968
526	1007
534	1097
486	1156
550	933
513	994
509	930
516	966
570	1021
517	1036
539	1060
480	1002
431	1250
506	1265
470	1091
501	1068
465	1202
452	986
458	1032
415	1200
436	1147
507	1046
529	1151
507	905
447	974
484	737
440	977
472	1063
492	1065
460	976
459	1022
450	979
443	933
464	1008
440	1125
539	1029
453	926
492	1071
451	1171
480	1048
508	980
493	918
491	1277
560	1194
488	1112
475	1100
511	1077
493	1087
447	1150
517	1020
469	1059
516	1111
500	964
442	955
468	984
500	1125
523	1062
543	1004
576	1039
547	1136
453	1090
497	1043
525	1135
485	1169
454	1148
491	1085
491	1226
485	1312
532	1028
494	934
520	982
505	1145
595	1233
547	1105
482	1106
518	1154
558	1191
453	1064
530	1084
427	1128
497	977
504	1069
537	1064
516	930
474	829
489	952
514	915
536	956
496	980
559	815
467	884
525	893
519	854
487	853
558	866
571	952
475	1015
515	966
590	898
522	949
561	987
536	832
538	948
478	741
523	864
517	1009
477	733
499	681
551	841
546	788
530	908
526	936
499	847
500	900
429	836
522	748
537	846
504	802
521	869
497	889
560	944
605	998
590	1021
555	938
592	907
581	815
544	923
524	856
513	1006
534	880
518	902
549	904
558	817
565	980
523	894
486	886
489	909
563	976
453	1203
476	1077
532	1156
510	1290
548	1247
565	1309
562	1346
521	1086
482	1179
558	1276
542	1096
490	1040
523	1046
514	1073
544	1009
596	1057
608	946
557	973
575	968
500	938
535	994
509	949
554	1193
543	982
496	974
526	1052
586	1240
549	1164
503	1212
561	1322
565	1168
559	1257
551	1406
498	1311
540	1178
535	1032
539	1213
540	1227
563	1196
582	1285
614	1139
591	1284
681	1153
691	1040
657	1009
650	980
658	978
612	930
697	1012
728	1071
709	1115
735	1115
719	1226
735	1248
751	1253
658	1221
764	1344
626	1285
659	1133
689	1269
622	1146
712	1182
725	1083
668	838
733	885
796	951
777	1005
791	896
775	709
836	774
880	754
847	909
885	950
903	1038
809	928
794	1041
748	934
709	883
618	804
672	865
652	946
644	975
625	1165
608	1120
707	1085
684	912
688	1082
692	1079
770	983
842	924
830	873
923	942
907	997
825	937
922	1071
954	962
911	1120
876	1074
861	1089
784	1040
860	985
864	1003
913	988
1036	1149
1129	1343
1228	1228
1197	1272
1247	1200
1427	1307
1634	1187
1766	1120
1914	1148
1799	1134
1894	1181
1867	1217
2058	1082
1796	1119
1784	1078
1558	1156
1588	1427
1673	1462
1650	1326
1582	1370
1520	1107
1567	1319
1725	1052
1809	1255
2003	1100
2001	1218
2044	1428
2234	1474
2198	1464
2315	1694
2372	1595
2509	1538
2605	1530
2490	1680
2263	1648
2034	1396
1924	1410
1666	1221
1524	1201
1534	1243
1650	1393
1873	1418
1805	1356
1825	1356
1793	1586
1938	1571
2021	1472
2009	1348
1639	1295
1555	1442
1682	1693
1772	1600
1650	1465
1497	1455
1307	1327
1338	1258
1216	1272
1204	1291
1093	1200
931	1172
946	1112
1031	1139
969	1152
1027	1087
851	1182
883	1158
810	1345
837	1063
696	1108
625	1046
523	1123
518	1062
563	990
531	928
536	966
599	954
541	961
515	913
648	1076
589	984
497	952
524	836
500	871
518	867
488	843
498	875
506	886
495	888
468	906
500	1009
504	960
580	849
495	861
593	783
588	1014
570	980
528	856
550	917
551	1021
497	1085
526	1074
506	976
566	876
565	1026
587	943
560	1085
611	1004
593	978
534	1061
554	1006
583	1001
594	1084
646	999
629	902
570	912
600	928
708	1143
682	1179
641	1188
648	1156
754	1227
777	1154
752	1179
802	711
778	869
846	1007
889	985
898	1189
1019	1339
995	1186
998	1276
1043	1187
1070	1374
1032	1406
1121	1147
1056	1323
1197	1151
1289	1122
1271	1032
1104	1012
1048	985
901	910
812	927
886	945
843	1052
834	1065
937	1340
1018	1159
1131	1324
1304	1240
1444	1132
1530	1289
1460	1471
1481	1305
1493	1334
1381	1220
1432	1193
1430	1373
1400	1311
1290	1305
1171	1138
1166	1188
1010	1092
928	1077
942	1141
1093	1226
990	1039
1090	1112
1161	1385
1243	1054
1355	1005
1336	1157
1367	1207
1345	1307
1367	1186
1290	1279
1340	1155
1284	1256
1208	1168
1261	1250
1075	1055
1102	1071
1119	1037
1121	1090
1042	1130
1015	1235
1137	1253
1144	1171
1138	1108
1088	1199
965	1170
1028	1180
1066	1246
950	1355
970	1257
861	1215
936	1317
838	1069
878	1104
853	1245
820	1219
858	1126
804	1183
868	1121
794	1042
806	1015
761	1057
813	1194
835	1091
812	1039
742	992
854	1033
824	1012
892	1031
838	1118
756	1074
744	985
800	1297
747	1229
841	1073
785	1119
762	1102
700	1059
785	1276
843	1212
769	1210
780	1049
734	1091
743	1202
787	1239
776	1257
800	1119
853	1006
720	1202
823	1106
834	1188
716	1117
714	1115
755	1004
649	957
662	1060
707	1150
677	1187
652	1080
595	1060
663	1139
710	1014
695	1020
725	1076
760	1255
806	1028
732	1073
753	1052
666	929
703	958
757	980
721	924
695	912
670	901
691	993
631	1008
606	948
702	1053
611	984
672	1154
697	1245
692	1298
618	1086
596	1167
664	1029
635	1028
627	1195
584	1087
587	1023
618	1010
608	989
598	1094
645	1009
624	1064
636	970
617	866
574	830
531	972
542	1033
602	1041
562	956
586	943
603	1032
574	986
611	912
664	880
631	1012
606	1038
607	932
588	921
551	862
632	848
579	941
582	857
570	844
561	983
497	1051
531	862
529	940
544	920
545	867
542	967
533	947
561	870
596	1112
632	1139
640	1241
623	1003
651	1067
644	1204
628	1015
592	977
611	960
598	945
631	859
574	875
642	946
570	965
608	869
610	866
466	921
520	1041
494	972
556	1095
533	964
555	1091
564	1106
514	1079
532	1185
561	984
637	993
624	969
606	1138
539	1247
546	1072
556	1405
517	1738
503	1769
574	1852
524	1976
511	1931
543	2181
593	1903
516	1908
586	2056
564	1857
588	1581
525	1226
474	1156
493	1125
604	961
597	936
559	1063
603	1021
531	1076
497	1130
581	1194
587	1056
535	1186
606	1230
595	1161
586	1318
593	1325
563	1381
560	1709
624	1551
637	1584
562	1471
646	1703
577	1666
614	1369
603	1354
604	2434
605	3629
601	2972
620	1469
561	1468
566	1211
623	1037
624	1104
644	1297
574	1175
557	1147
628	1244
686	1576
647	1669
574	1606
567	1253
651	1130
658	1144
631	933
638	1098
567	1218
624	1307
675	1736
684	1697
661	1778
693	1822
667	1635
659	1675
686	1793
707	1567
734	1654
824	1900
980	2087
1116	2134
1140	1884
1159	1647
1395	1745
1606	1690
1876	1682
1899	1730
1753	1590
1924	1309
1961	1502
2245	1497
2088	1309
1866	1503
1863	2098
2394	2416
3161	2422
3034	1952
2671	1819
2428	1612
2575	1256
2884	1137
2988	1208
2813	1375
2661	1423
2792	1433
2985	1365
2995	1559
3206	1763
3409	1589
3604	1579
3866	1622
4206	1752
4183	1581
4336	1559
4429	1657
4140	1639
3500	1501
3188	1543
2980	1521
2694	1552
2274	1264
1690	1290
1423	1319
1420	1104
1302	1167
1020	1212
870	1422
791	1245
983	1253
934	1292
1000	1366
1033	1469
927	1349
952	1105
959	1082
938	1029
913	1014
778	1205
844	1123
859	1094
866	1048
838	1074
758	1122
690	1251
700	1157
712	938
671	1095
713	995
836	1085
808	1077
822	937
900	1052
868	1045
1120	1018
1200	907
1143	1003
1207	944
1444	1057
1670	914
1670	928
1464	953
1394	985
1398	935
1448	1096
1388	954
1302	961
1198	968
1081	1008
1062	973
1163	1005
1279	1114
1410	1109
1623	1013
1985	1135
2311	1150
2568	1111
2678	1023
2659	1107
2776	1121
2630	1049
2623	1139
2548	1171
2339	1044
1968	1093
1706	1071
1490	1141
1247	1367
1131	1223
1017	1071
1117	1136
1205	919
1247	1105
1152	997
1240	1142
1357	1292
1461	1202
1381	997
1396	1029
1480	1107
2359	1194
2861	1075
2850	1144
2407	1264
2412	1264
3477	1191
3734	1220
3454	1237
3228	1216
3157	1256
3755	1341
4103	1294
4496	1253
4728	1427
4987	1604
5252	1601
4834	1420
4922	1517
5263	1543
5281	1618
4653	1380
3224	1248
2752	1069
2885	1223
2720	1135
2280	1146
1468	1183
956	1069
878	1003
969	1065
1073	1107
750	1028
664	1189
713	1245
678	1152
693	954
594	1029
563	977
498	899
468	998
526	986
486	943
542	1011
498	954
505	878
535	979
478	819
520	1019
448	1066
526	1069
535	964
492	1060
509	1042
474	1035
498	1080
535	1072
527	1167
559	1471
569	1399
510	1329
523	1140
506	1081
508	1093
567	965
547	908
487	926
485	889
461	950
512	951
594	813
545	894
499	957
489	916
513	941
502	1054
417	929
526	981
472	907
500	906
483	995
528	1108
491	1118
481	1089
543	1130
582	904
535	1143
554	1048
498	1033
538	1022
544	1028
548	972
478	969
491	838
500	959
490	829
556	888
553	1112
564	1113
543	1093
578	953
567	1001
548	1116
580	934
580	857
593	953
580	1039
620	925
619	958
668	1155
742	1027
821	1092
984	1217
896	1166
871	1245
845	1285
1002	1251
951	1421
896	1279
797	1278
870	1376
730	1085
660	998
714	948
731	1030
699	905
639	1102
615	1016
620	1023
703	965
644	973
642	907
642	1044
539	1139
534	1059
594	1166
598	1034
573	1054
622	1251
551	1300
518	1216
568	1151
548	1217
553	1195
558	1095
550	1175
486	1050
467	1378
502	1197
536	1212
544	1204
527	1216
566	1213
522	998
462	1105
521	1232
556	1415
545	1175
520	1169
508	1458
562	1496
528	1438
601	1358
580	1386
579	1381
528	1455
540	1291
520	1328
562	1374
472	1238
534	1067
574	1185
541	1052
616	1027
555	1158
673	1163
652	1205
624	1240
616	1410
671	1527
684	1400
694	1346
627	1144
717	1110
747	1281
879	1467
854	1405
857	1363
957	1329
1401	1412
1786	1649
2080	1845
1803	1673
1961	1666
2572	1767
2678	1843
2753	1759
2495	1729
2673	2010
2932	1719
3416	2377
3679	2590
3699	2329
3661	2662
3911	3151
4616	4265
4911	4062
4777	3825
4534	3652
4953	3628
4752	3575
4521	3424
4443	3288
4394	3401
4281	3090
4179	2731
4025	2579
4051	2279
3942	2363
3985	2286
3456	1848
2699	1580
2420	1606
2436	1756
2264	1656
1710	1533
1126	1263
947	1096
957	1142
911	1097
787	1211
678	1083
609	1182
686	1136
681	1086
648	1044
599	999
560	903
561	1293
558	1069
552	1099
492	1034
481	1109
518	1071
503	980
499	915
522	966
520	991
514	881
473	868
524	901
507	974
469	1054
489	1031
542	1151
580	889
522	1189
559	1229
545	1098
529	1014
515	1081
543	992
556	988
558	1054
477	947
497	1112
468	1199
514	1194
547	1304
545	1192
536	1113
504	979
496	1069
501	1148
443	971
510	1010
530	982
573	1186
475	1086
553	1044
483	1010
503	1065
507	1051
473	1065
461	1145
530	1160
496	1093
567	1089
582	1426
559	1215
514	930
588	1048
492	1122
490	1047
523	1171
559	1125
518	1233
497	1149
549	1280
547	1712
516	1462
499	1446
500	1031
511	1020
563	1194
543	1103
534	965
532	984
490	1052
525	1043
538	940
546	1155
581	1103
604	1104
537	1052
513	1083
517	987
532	1005
468	930
526	906
589	972
580	1081
638	1106
566	955
664	1036
806	1200
812	1397
889	1181
748	1114
748	1112
892	1266
912	1330
827	1409
801	1308
890	1247
1103	1476
1161	1310
1229	1522
1329	1340
1340	1408
1558	1579
1632	1814
1812	1635
1806	1632
1752	1476
1700	1685
1706	1589
1481	1562
1663	1541
1498	1567
1411	1510
1295	1526
1230	1489
1108	1387
1137	1371
1197	1381
1003	1307
917	1372
935	1323
1077	1518
1035	1413
1006	1407
968	1378
1004	1399
993	1530
989	1468
1001	1518
1049	1543
1008	1897
1008	1818
989	1749
969	1578
963	1405
950	1497
990	1550
938	1544
917	1548
848	1354
786	1440
785	1456
798	1607
839	1607
764	1294
797	1443
709	1436
748	1208
783	1391
835	1901
743	1549
819	1406
806	1392
828	1231
828	1049
728	938
759	1146
684	1130
677	1110
751	1196
707	1097
667	1184
669	1190
780	1999
712	1076
644	1114
645	1285
681	1253
713	1114
748	1006
733	1239
683	1465
681	1363
701	1359
723	1300
724	1135
678	1057
658	1073
628	1014
623	1225
607	1071
582	1131
557	1072
551	964
630	1023
618	1084
609	1090
601	1052
607	1183
662	1036
642	1000
619	1021
646	1002
585	1088
578	956
618	946
507	1067
562	1063
534	1130
562	1106
582	1161
572	1151
600	1164
520	1243
486	1170
496	1091
556	1024
508	903
584	881
489	1060
540	1017
568	1088
530	1132
552	1076
539	1107
461	977
612	1023
570	1136
588	1162
547	1240
506	1094
537	963
633	1066
539	1167
600	979
571	1045
496	1109
528	1158
547	1048
505	1192
534	1331
556	1253
590	1009
512	1170
544	1047
544	1166
592	1104
580	1052
585	952
559	1024
628	864
588	1187
525	1109
533	1354
574	1236
551	1323
551	1181
535	1023
495	979
501	1024
505	1145
455	1211
502	1309
505	1085
529	1000
529	958
482	892
504	938
509	969
503	971
525	855
559	948
533	899
608	890
518	903
520	996
541	955
523	954
511	886
513	870
481	880
567	1048
477	880
527	1016
556	1119
515	1072
539	1050
594	925
557	1071
580	1077
603	1136
610	1151
565	1137
563	1058
571	865
534	1305
548	967
565	1110
605	1073
606	1166
471	1062
547	1228
544	1245
533	1185
529	1168
529	1028
466	994
523	1007
516	1164
552	1088
554	975
472	1137
572	1085
536	1082
545	986
595	873
519	1052
564	1041
565	1072
562	1034
534	1163
492	1209
502	1100
492	1122
509	1242
594	1167
544	1085
484	1084
547	1205
547	1065
549	1080
562	1001
605	982
598	966
610	1058
545	1132
531	1126
529	982
514	1138
575	1069
544	802
524	894
532	940
568	1023
521	1010
505	974
560	812
581	847
597	803
591	890
533	985
546	1047
562	1101
520	931
533	1006
561	902
638	1105
609	836
584	1053
595	1039
603	947
563	1096
563	1119
553	930
550	953
551	904
549	879
472	937
545	1106
646	1158
591	1172
652	1131
586	1240
625	1106
594	1123
620	996
623	995
600	1009
609	1033
643	914
657	846
593	1048
548	1150
576	1088
608	949
506	843
641	888
518	913
605	952
627	947
605	962
631	975
612	1118
619	1086
648	1140
624	1125
624	1055
603	953
639	1000
620	951
658	843
661	987
594	1033
609	1053
637	1133
592	1197
578	1035
626	1217
544	1248
598	1052
608	1170
594	1422
593	1257
679	1048
586	1038
614	959
648	1242
597	1118
643	952
733	1149
629	1146
609	1055
662	937
616	893
659	1151
618	1142
607	1059
664	1091
646	1145
602	1218
641	1232
582	1074
637	971
634	1065
634	1069
541	889
590	912
614	979
615	897
647	1167
652	1009
637	1146
606	1133
698	1068
666	1097
624	1303
660	1248
656	1310
629	1121
659	1195
637	1193
623	1288
621	1358
721	1276
660	1532
632	1569
715	1711
704	1784
696	1559
693	1182
607	1079
664	1052
619	1113
598	1021
590	1059
599	1024
668	879
533	1107
560	1151
607	1154
634	1240
591	1203
592	1144
613	1043
667	1013
632	897
588	966
592	1014
551	917
507	990
607	1555
595	1403
576	1211
644	1024
598	1206
596	1243
594	1165
584	1065
619	1037
559	1146
522	1138
509	1198
582	1220
607	1035
648	1115
583	1410
636	1246
546	1273
552	1222
579	1200
576	1046
566	1214
563	1139
551	1244
494	1295
573	1287
552	1372
646	1877
542	1885
584	1444
589	1925
568	1302
514	1109
530	1230
499	1148
613	1072
551	1263
608	1194
621	1021
556	1062
581	1052
600	1010
597	1236
553	1070
609	949
635	1028
531	909
621	1027
656	970
568	978
590	1002
581	965
576	937
580	922
511	958
578	1125
539	903
504	949
548	880
547	828
573	963
576	970
570	1034
625	1147
576	1144
525	985
564	959
571	1085
569	1042
595	1035
570	1030
562	957
620	917
559	1071
512	1077
608	919
551	1098
587	1121
513	1010
599	1226
525	1198
550	1202
575	1165
607	1157
584	1093
569	1061
611	1170
638	923
664	869
670	955
745	1099
666	1058
648	1014
708	1089
704	1045
742	954
729	1004
710	1035
641	1175
653	1052
685	964
695	1032
748	1030
779	1075
682	1010
689	1103
687	979
752	1064
719	927
734	1095
704	1098
709	1118
771	1120
736	1081
822	1105
835	1341
724	1219
744	1060
744	1385
717	1234
755	1079
737	1044
740	1140
745	1213
748	1200
723	1197
773	1341
751	1189
772	1202
811	1301
881	1307
832	1422
844	1159
859	1239
1009	1472
1042	1532
1046	1351
965	1266
1002	1195
953	1144
1011	1026
1022	1270
1048	1442
1059	1274
1011	1233
1051	1453
1040	1466
1161	1420
1117	1530
1075	1507
993	1458
946	1349
977	1552
1006	1311
965	1530
984	1704
960	1549
905	1463
890	1134
847	1452
922	1897
927	1904
838	2056
899	2091
910	1966
839	1901
880	1707
834	1671
834	1414
901	1452
819	1463
892	1373
792	1587
816	1585
788	1432
828	1480
873	1783
827	2061
785	2306
733	2188
826	2117
718	2248
752	2646
770	1999
738	1992
678	1780
755	1554
713	1501
781	1449
660	1551
757	1449
672	1301
742	1647
709	1517
748	1578
707	1635
682	1545
659	1504
665	1404
574	1514
647	1525
687	1454
649	1441
673	1577
626	1662
662	1512
596	1520
596	1608
554	1778
601	1954
581	1848
616	1853
582	1747
576	1871
604	1773
544	1670
645	1563
611	1523
583	1530
563	1622
577	1851
601	1522
657	1699
595	1848
633	1657
585	1672
624	1553
583	1591
615	1562
576	1681
566	1862
571	1893
569	1978
611	1840
556	1840
545	1689
536	1829
614	1896
634	1789
543	1702
536	1577
588	1493
577	1510
548	1649
564	1322
563	1214
485	1402
509	1356
533	1387
503	1321
501	1387
526	1308
545	1491
519	1340
558	1434
513	1555
573	1990
544	2325
472	2188
542	1969
568	1835
520	2205
555	2107
530	2302
482	1716
559	1380
528	1623
493	1595
491	1469
517	1263
472	1146
438	1147
500	1305
472	1366
541	1237
532	1117
470	1229
537	1362
523	1259
529	1323
524	1208
579	1138
552	920
557	1062
479	1006
479	908
496	962
462	1043
520	1116
551	1212
503	1120
469	1105
492	1036
473	1047
449	1067
518	1110
445	954
482	1148
494	1108
549	1106
516	1100
515	997
517	1020
506	1106
532	1092
549	1171
479	1134
500	1112
502	1132
478	1008
468	1134
474	1031
399	1064
419	1060
497	860
492	888
424	956
454	1112
402	1013
462	1159
521	1083
445	1141
458	1163
504	1278
540	1507
512	1215
503	1208
418	1372
469	1310
456	991
500	1149
494	1024
487	1291
503	1227
475	1226
553	1233
501	1150
518	981
472	1066
407	1226
457	1127
481	1140
450	1311
473	1371
476	1338
496	1119
544	1165
511	1193
557	1284
516	1230
524	1163
488	1094
490	1049
496	1262
526	1318
509	1313
521	1527
522	1245
457	1123
507	1209
506	1206
511	1410
514	1300
487	1317
500	1232
484	982
549	1217
530	1275
484	1093
480	1264
454	1316
557	1170
516	1185
490	1440
544	1170
496	1106
478	1095
551	1187
529	1137
496	1033
494	968
529	1128
538	1114
506	1097
467	974
488	1102
481	1038
534	1032
539	995
478	1043
502	1035
538	1007
530	1002
468	988
431	943
484	1089
502	1093
534	1105
512	1205
534	1283
502	1064
512	978
505	995
537	937
499	1029
530	1127
465	997
489	957
421	1029
462	963
454	874
411	971
497	1033
492	955
439	1047
422	978
444	933
419	905
444	850
476	940
444	1000
421	1168
513	1065
477	917
517	824
457	925
461	935
504	875
485	901
484	888
507	926
530	883
478	1054
518	879
462	835
511	737
562	888
525	913
496	954
492	970
529	931
479	1069
528	1069
519	1179
485	1267
461	955
465	1181
470	1041
526	1122
567	1037
504	1050
519	1140
533	1068
511	1015
540	1051
506	1100
497	991
593	979
527	938
612	866
596	962
497	921
513	926
608	1093
585	816
592	828
563	805
516	887
631	938
648	812
656	797
603	895
637	924
684	1161
881	1081
1157	1103
1290	1163
1302	1141
1485	1187
1802	1258
2009	1231
1833	1010
1583	1128
1548	1109
1703	1143
1860	992
1995	951
1539	1045
1684	900
1839	982
2312	926
2694	942
2647	956
2961	1012
3928	1139
4510	1030
4757	963
4439	923
4332	1009
4523	957
4752	1159
5281	1023
5792	984
5948	1135
6428	1122
6817	1071
7014	1027
7365	1083
7408	1166
7216	1369
7291	1420
6774	1172
6174	1169
5888	1025
5630	1172
4957	1110
4652	1348
4562	1604
4486	1813
4431	1983
4113	1744
4056	1542
3708	1421
4025	1254
4155	1530
3647	1240
2554	1200
2014	1045
1997	1210
1943	1520
1878	1679
1655	1504
1515	1277
1544	1073
1651	983
1723	1319
1479	1526
1288	1338
1119	1328
1242	1452
1206	1415
1249	1689
1181	1688
1197	1555
1229	1623
1371	1607
1557	1352
1451	1268
1723	1306
1905	1182
1977	1202
2004	1149
1908	1203
1759	1023
1594	1104
1340	1445
1248	1605
1208	1837
1043	1780
1025	1573
954	1434
1006	1512
1009	1457
1047	1562
1069	1500
1222	1400
1326	1327
1478	1384
1492	1184
1844	1337
1901	1305
1920	1840
1921	2180
1862	1679
1646	2012
1431	1579
1301	1569
1240	1468
1097	1344
1046	1234
1104	1305
1047	1144
1093	1170
1200	1393
1255	1344
1235	1194
1369	1109
1627	1150
1809	1248
1903	1202
2163	1268
2192	1164
2199	1172
1893	1154
1596	1391
1367	1178
1171	1076
1114	1217
986	1352
830	1344
835	1291
856	1044
897	960
938	971
1034	1146
1168	1116
1339	1135
1610	1263
1885	1233
2048	1065
2174	1161
2147	1251
1871	1190
1570	1188
1332	1148
1147	1085
945	1141
883	914
880	939
693	1097
795	1232
732	1051
736	1079
735	1141
811	1230
852	1209
1013	1140
1232	1134
1609	1151
1440	1088
1203	923
1250	911
1197	988
1126	952
1231	869
1100	982
892	1040
800	1114
735	914
645	1016
661	1293
644	1146
663	1062
689	1088
727	993
718	923
675	900
629	920
641	821
629	862
665	891
574	978
553	979
553	886
620	1017
637	1028
605	1066
542	948
593	1056
591	1064
540	936
636	837
538	862
562	859
520	942
554	958
496	984
515	862
560	895
509	1012
528	950
476	881
529	1014
545	1052
577	996
558	1071
547	1041
573	965
455	900
441	1023
470	1086
528	1130
455	1099
471	1093
478	918
484	1053
515	873
506	931
465	928
492	948
527	812
512	983
527	916
466	961
481	873
477	861
506	828
534	966
503	1128
498	1009
529	1008
542	898
477	1024
553	1021
528	1036
559	1069
612	995
628	1236
539	1224
579	1387
537	1326
541	1361
544	1300
536	1107
578	1503
581	1630
514	1206
587	1232
526	1388
549	1254
538	1526
557	1506
528	1632
523	1626
567	1519
515	1460
519	1856
559	1402
542	1492
579	1658
596	1511
539	1350
547	1741
603	1221
628	1046
578	1026
531	997
540	1344
579	1475
567	1728
555	2310
534	2106
538	1985
525	1804
560	1599
506	1662
522	1619
580	2440
596	2940
607	3085
718	4052
660	3218
614	2182
603	2143
601	2231
627	1990
507	1292
486	1234
512	1524
556	2854
657	2770
564	2516
510	1658
456	1221
445	1076
547	1436
589	2104
587	2342
517	1811
511	1333
575	1407
547	1598
476	1320
482	1164
503	1240
447	1341
458	1228
471	1105
428	994
477	1074
491	1028
435	1191
486	1064
563	1084
433	1020
427	1197
475	1430
487	1277
503	1049
477	905
460	966
442	886
474	1012
480	861
494	779
455	917
463	1041
483	904
524	944
459	944
527	978
519	976
501	1117
468	1151
510	1116
531	1256
504	934
477	1056
446	1131
433	1139
447	1179
456	1234
437	1121
477	1014
450	977
489	1020
460	1013
492	1111
458	1145
527	880
428	1001
457	983
512	974
479	971
494	995
481	1028
515	942
473	1033
496	1015
513	911
492	1078
430	1146
466	1023
461	921
483	846
552	854
502	944
465	846
448	809
460	855
457	956
485	1095
509	1044
457	1050
499	1068
510	1068
484	1148
464	1112
444	1052
451	1010
434	1151
460	889
465	851
476	1125
469	1109
469	1017
582	1049
538	1169
601	1141
560	1025
499	1077
523	1229
488	1083
530	1077
562	1053
551	1240
553	1112
534	1089
512	1292
453	1065
482	984
481	928
504	868
476	844
460	959
446	927
438	913
482	958
523	958
538	839
507	813
501	861
534	980
501	898
582	923
513	1012
533	963
590	917
561	976
517	1023
468	1031
497	1019
437	1050
461	1055
440	984
464	874
518	919
433	1066
491	961
520	1160
497	1105
476	900
512	953
538	1209
546	1107
457	879
479	1080
468	1010
495	1025
494	1157
500	1345
493	1559
497	1438
475	1247
528	1163
479	1091
441	1201
427	983
463	1073
462	953
446	1002
455	1041
448	938
424	936
486	1011
459	978
518	1028
422	1090
450	996
420	1211
451	984
495	929
591	1118
667	1055
646	900
510	1122
606	1191
578	1163
572	1118
594	1536
606	1774
627	1443
709	1156
804	1382
743	1444
770	1194
699	1015
604	1099
577	1171
523	1222
509	1038
591	1060
533	848
549	1021
526	1028
488	1083
510	1007
483	1017
504	1063
603	1194
553	977
530	1084
513	1124
576	1249
540	1231
583	1178
549	1009
553	1081
488	1040
511	1229
552	1215
473	1161
527	955
510	934
424	1043
585	1196
520	998
581	1054
600	946
578	1065
541	1013
511	1105
480	1124
549	1155
586	1112
535	882
614	1045
659	1163
589	1202
607	983
586	1083
593	1177
586	1033
585	977
527	927
506	898
539	944
603	834
547	955
564	872
575	889
577	819
550	803
535	955
538	961
597	990
551	988
476	876
474	878
525	975
507	918
532	865
477	1143
514	1114
583	959
518	876
505	1008
547	925
522	1056
494	949
470	900
498	965
472	956
532	1098
572	978
519	1038
530	1069
522	1014
569	999
537	1121
571	1370
651	1492
583	1357
733	1436
895	1441
813	1886
861	1913
940	2231
1077	1994
1099	1597
1166	1498
1023	1738
1143	1850
1406	1593
1792	1555
1823	1710
1745	2129
1905	2378
2106	2325
2287	2271
2232	2519
2172	2292
2006	2327
1852	1928
1626	1483
1387	1242
1310	1148
1250	1231
1042	1224
747	1219
718	1269
829	1102
919	1108
776	1113
750	1052
678	909
741	1124
788	1020
628	1051
615	1172
636	1032
530	904
588	871
582	962
495	1163
519	1306
545	1243
598	1441
528	1963
525	1554
488	1301
505	1187
504	944
515	1111
553	1012
556	1204
551	1196
582	1400
530	1091
492	1252
572	1285
607	1104
643	1178
653	1061
585	1198
668	1400
699	1652
733	1401
679	1267
695	1406
710	1158
772	1374
823	1507
809	1490
891	1723
1237	2430
1699	3996
2308	5488
2068	5829
1804	6050
1909	6206
2101	6431
2189	5834
2103	5769
1685	4847
1865	4890
2727	6811
3409	9046
3568	9223
3414	8547
3203	7319
2873	6100
2297	5592
2514	5992
2872	5781
3002	5236
2559	5580
2336	5787
1895	4271
1766	4148
2015	5426
1528	2769
1336	1456
1171	1412
1214	1499
1401	2777
1249	2409
1127	1274
1019	1260
1092	1368
1012	1561
985	1485
886	1139
981	1175
1042	1273
1135	1844
1350	2206
1308	1740
1111	1339
1268	1497
1248	1607
1274	1330
1237	1290
1094	1426
976	1244
981	1285
990	1222
936	1050
839	1026
741	995
753	978
798	1141
808	999
788	1154
739	1186
744	1253
879	1261
896	1167
844	1322
823	1238
914	1233
868	1224
897	1293
801	1196
788	1146
687	1158
732	1187
704	1458
807	1484
698	1889
912	6596
1014	8841
1088	8141
1006	6511
826	4453
836	1782
765	1684
851	3985
864	3168
741	3131
772	3195
717	1715
738	2209
694	3373
681	1349
646	1187
721	1048
735	1626
655	1417
687	1097
714	1170
878	1024
789	1093
807	1149
762	1119
618	963
613	1139
617	1174
576	1064
591	1228
607	1007
614	1097
601	1007
615	1032
583	969
638	1011
597	964
593	1229
607	1184
572	955
605	993
658	933
689	903
659	857
649	884
564	1019
609	1033
577	1120
613	1122
651	1081
646	1174
619	962
627	1256
594	1132
647	1132
608	1074
621	1210
657	1053
631	995
670	1176
677	963
627	1068
637	948
606	951
644	1052
662	976
646	897
712	885
654	922
688	998
661	969
682	1247
682	1038
612	1041
657	934
618	1052
654	1076
593	1159
604	1054
641	1378
592	1073
626	926
675	1153
731	1070
701	1088
727	837
624	1111
616	1113
642	1156
601	1165
642	1210
660	1167
615	1218
631	1284
640	1276
633	1368
672	1327
594	1491
672	1720
640	1624
669	1698
645	1249
672	1828
757	1739
625	1124
639	1084
631	1015
692	890
593	923
593	1074
622	986
666	1048
672	946
627	900
664	1126
685	1107
637	1136
695	1016
678	971
651	1009
673	1185
617	965
643	886
675	757
641	868
645	867
565	920
586	898
709	1159
655	1000
638	942
609	924
672	1055
621	985
641	943
589	1054
677	1037
685	1021
658	1181
672	1175
631	983
631	1008
641	997
690	1163
619	917
606	903
617	895
644	939
627	962
634	990
661	846
580	765
619	782
679	803
657	882
633	916
657	865
638	1055
578	857
614	1062
636	1082
657	940
646	1030
663	1077
651	1130
608	1091
590	1071
538	1268
558	1166
537	1133
578	1193
578	1200
559	1027
602	1013
606	1134
611	1317
585	961
631	917
538	955
656	1014
656	1011
611	1156
615	981
626	983
596	917
650	1082
559	1093
644	1122
637	1056
622	1075
580	968
604	1012
618	1242
609	1201
663	1173
631	1395
664	1335
586	1095
593	959
669	952
605	846
616	899
588	839
610	892
582	956
586	994
619	991
643	1024
674	970
667	1062
657	1184
732	1048
673	1149
657	1243
579	1126
568	992
553	926
595	1131
541	1066
533	1121
556	1035
576	1030
607	1013
650	1015
581	945
555	1116
654	1140
669	1289
651	1095
635	1141
603	1253
595	1207
549	1314
572	1299
536	1168
623	1216
595	1056
584	1028
568	1093
610	1045
593	995
580	1052
589	1000
569	976
538	1134
573	1321
631	1294
604	1181
555	1350
613	1374
520	1215
546	1226
582	1046
592	1086
613	1115
520	1181
554	1004
629	1087
574	1125
562	1000
563	1039
593	987
607	1152
589	1191
515	994
574	1011
615	979
606	899
537	897
559	878
575	1090
526	976
519	1064
601	1053
596	1032
616	1055
591	1118
639	982
584	1095
527	1124
526	956
571	986
562	1077
502	944
486	935
525	1210
555	1144
555	1047
477	1106
458	955
495	1032
536	977
524	1336
507	1064
546	1029
622	993
549	1084
488	1018
548	1271
518	1251
520	1189
509	1030
498	978
493	1054
605	1018
535	1067
544	1034
551	961
544	1110
591	1023
490	1088
558	1027
504	928
520	875
518	871
570	1054
533	968
511	1059
574	1045
529	1134
506	996
467	913
492	1018
524	973
505	1099
517	939
539	908
531	742
541	821
580	719
571	848
547	866
506	1072
499	885
523	766
503	779
541	744
511	904
545	1019
523	986
589	1234
577	1089
624	1058
623	1022
581	889
650	1065
578	1081
611	922
662	950
650	798
671	849
670	703
689	869
674	847
738	856
647	813
707	940
578	873
669	873
642	903
678	1180
670	1113
610	1013
543	1004
609	961
616	959
651	885
658	1014
598	907
645	922
638	815
632	965
704	881
692	902
610	1250
621	1114
632	1010
560	1121
605	974
565	1062
573	901
517	1029
510	960
539	950
563	1139
489	1009
633	981
604	1046
551	940
626	817
666	870
603	1020
631	1158
586	1298
623	1094
569	1076
613	1109
544	1109
573	872
580	1090
567	1121
518	964
503	950
543	966
587	1035
580	992
563	993
529	1016
532	1073
566	1025
553	1140
554	1199
561	1261
585	1155
499	1089
596	1027
499	1000
485	1075
532	1313
469	1131
512	1103
493	1149
484	1068
517	1100
546	1014
545	1081
522	1039
568	949
534	966
567	1102
478	891
481	1024
523	1185
526	1115
480	1036
523	973
518	1087
601	1129
584	1151
539	1067
511	1163
516	1169
467	1112
497	1069
564	1169
607	935
626	1107
599	1195
623	1233
609	1313
627	1244
640	1449
636	1512
626	1491
650	1607
646	1573
659	1823
661	1683
716	1768
729	1557
702	1570
719	1462
669	1425
639	1529
634	1325
711	1249
655	1264
626	1339
646	1518
581	1226
735	1381
603	1481
694	1383
650	1447
608	1467
671	1434
671	1241
643	1140
679	1217
670	1069
668	1226
621	1475
652	1411
617	1267
663	1290
636	1333
663	1155
717	1113
699	1317
664	1302
671	1337
623	1387
606	1381
625	1373
636	1259
621	1268
673	1241
681	1171
645	1120
627	1062
724	1223
692	1117
640	1208
667	1052
710	1175
641	1060
636	1140
640	1033
655	1055
648	1060
677	1089
630	1134
632	1191
648	1305
606	1515
632	1494
527	1340
573	1318
644	1297
629	1298
599	1129
654	1146
627	1253
673	1036
658	1091
662	1155
631	1071
592	1148
589	1092
541	1184
539	1177
525	1020
575	1033
541	1160
562	1170
543	1338
645	1259
605	1113
527	1063
562	1086
547	1081
559	1190
607	1007
603	1103
615	1026
621	1096
567	1202
559	1119
580	1187
541	1254
594	974
608	1003
512	1197
583	1215
571	1148
576	1094
538	1131
611	1295
547	1242
600	1064
545	1150
593	1108
533	1128
497	1167
496	988
506	1121
531	1274
529	1202
559	1162
581	1248
552	1022
462	972
503	1078
523	970
526	951
461	906
521	1043
610	1058
533	1336
543	1363
504	1391
567	1865
487	1726
526	1521
539	1416
486	1135
557	1240
500	1302
500	1307
499	1283
487	1276
522	1285
492	1172
465	1071
535	1104
513	1079
490	1061
509	988
451	997
506	891
525	1273
504	1602
447	1238
492	1091
561	981
545	1181
534	1048
482	846
547	1074
529	1171
546	1147
506	989
544	1259
561	1398
598	1525
589	1656
537	1704
600	1914
625	1980
593	2001
581	3393
598	2911
587	3669
618	3802
668	3843
652	4027
943	9332
893	9172
629	6321
560	1311
560	1958
702	7214
594	5973
576	4972
508	2559
474	2430
541	1554
522	1100
490	1057
483	1159
471	1107
487	823
471	929
494	1262
490	2814
471	2222
447	1175
461	1058
488	1223
457	1480
501	1906
488	1235
538	1066
461	944
510	990
491	939
492	816
516	898
494	819
495	1028
444	949
505	972
463	1128
536	1979
526	2488
485	1650
453	1062
439	992
424	935
481	1101
484	922
550	938
451	1123
527	935
508	1031
479	1020
506	849
508	926
458	948
490	974
500	947
512	1046
463	904
536	957
522	1023
534	1015
500	1033
531	914
568	994
431	960
490	937
561	809
549	878
516	786
496	870
452	900
490	992
519	980
536	860
489	974
515	825
440	955
511	972
557	784
544	815
494	982
517	905
591	983
498	921
539	1056
515	1111
560	937
581	1017
540	980
550	1047
594	894
532	993
574	967
551	833
529	757
544	854
507	891
506	891
501	769
516	845
534	857
572	966
589	922
599	1145
576	1265
599	1387
526	913
521	994
568	1034
572	957
568	942
572	1051
531	1077
542	1097
567	945
521	974
537	963
579	834
614	1088
516	1041
543	1052
521	1078
579	967
462	895
523	887
504	972
521	1060
534	1064
577	993
543	902
558	957
559	877
552	920
526	904
492	973
549	1093
610	908
558	806
516	921
496	872
524	831
525	932
433	1027
522	882
501	800
500	931
478	936
495	1078
472	975
464	1129
482	1080
480	1019
535	822
523	890
514	924
456	928
580	774
535	796
513	924
551	1043
473	934
497	927
500	951
462	925
560	1124
479	1140
519	987
471	992
490	1041
533	1098
480	934
480	905
496	930
486	891
406	916
466	899
473	977
511	954
495	1283
486	1163
510	1054
478	960
503	1123
437	1158
462	1068
467	995
446	1073
509	1185
492	851
511	860
473	894
515	918
487	986
421	972
463	1129
499	1050
499	956
529	1131
453	1022
503	992
523	1024
506	1205
543	1243
530	1124
486	1066
494	1022
442	1008
523	998
429	1046
458	1054
492	1325
495	1072
478	1080
526	1227
488	1129
475	1136
485	1135
432	1198
456	1178
491	1272
467	1123
421	1323
493	1211
479	1233
421	1066
441	1371
486	1262
516	1573
489	1697
522	2739
458	1472
468	1431
444	1426
493	1365
472	1286
487	1439
518	1449
504	1455
477	1411
467	1344
496	1321
532	1414
439	1294
482	1379
631	1628
509	1542
477	1697
526	2328
553	2354
496	2109
488	2196
487	2410
465	2608
551	2765
529	2501
569	2643
526	3099
553	3087
566	3549
575	3178
580	3047
595	3072
631	3709
588	4592
647	5245
662	5633
651	5536
667	6588
624	7104
706	7199
667	6564
731	7113
669	6309
622	4942
597	3823
560	3168
569	2894
520	2796
480	2405
540	2180
533	2193
602	2812
642	2558
547	1902
549	1595
547	1497
577	1592
529	1409
524	1430
548	1540
490	1455
579	1559
537	1361
621	1088
519	1072
491	1063
516	1371
551	1187
526	962
506	920
551	1089
557	935
492	985
592	1081
587	998
540	1076
538	1157
572	1177
532	1049
539	1061
505	1052
484	1183
517	1284
481	1102
481	1010
515	983
481	1008
484	903
532	943
491	1162
558	1034
536	1025
523	1053
491	1012
552	1045
539	924
484	1066
508	1088
468	961
514	995
513	1018
496	951
437	1045
477	910
524	915
468	932
449	903
470	831
474	1054
488	1054
534	1017
492	893
464	1613
623	2261
522	1825
668	5399
614	4608
530	1891
516	1638
539	1910
502	1493
555	1485
495	1336
546	3922
583	5664
514	2379
465	1039
510	1156
472	1179
460	1159
520	1214
468	1296
526	1225
477	1342
474	1105
526	1098
520	995
542	1149
618	1268
521	1239
564	997
499	1126
499	1273
511	1445
521	1502
551	1334
529	1102
560	1340
561	1378
538	1394
542	1280
564	1255
575	1417
577	1897
599	2428
631	2709
574	2519
521	3577
608	4087
565	4399
533	4014
556	3487
520	2562
538	2588
551	1732
531	1428
510	1403
511	1219
525	1093
547	962
501	878
472	1064
453	1092
554	1077
518	1020
517	1017
530	1007
502	883
496	1008
508	906
552	861
518	830
467	928
485	799
512	878
481	880
499	753
484	725
466	987
456	892
495	828
529	761
527	903
476	1042
456	998
510	1083
486	1133
521	1079
536	973
497	858
557	905
492	1199
539	1118
553	975
534	1064
526	1049
568	1008
507	1050
510	1327
526	974
526	912
554	953
589	983
555	990
527	994
529	999
540	1007
521	993
524	1100
592	1356
579	1174
557	1078
522	1166
522	1156
540	1177
581	1262
591	1123
524	970
532	969
572	1081
638	985
637	1106
619	1024
631	1181
545	1136
595	1086
631	1175
555	1096
576	958
588	945
629	991
628	1189
617	1187
611	1160
671	1165
620	981
581	1041
542	1026
542	907
614	987
617	943
702	1073
579	1123
567	1099
512	1046
552	1153
617	1325
618	1614
675	2284
662	2433
685	2305
594	2118
639	2530
630	2292
624	2010
639	1695
600	1758
589	1422
594	1056
594	1110
564	1149
604	1175
542	1159
542	977
502	958
548	1057
594	1226
528	1157
477	1032
595	828
512	873
584	966
554	902
590	853
562	895
500	990
556	1011
569	957
520	931
617	907
641	878
507	935
561	944
547	944
496	1081
572	990
565	1050
603	1079
530	1078
480	1099
559	1051
500	1080
591	1158
544	1107
527	1083
563	1157
523	1129
503	986
492	908
547	975
504	1075
514	1107
489	1076
506	830
524	803
475	876
538	796
480	814
492	985
487	1027
490	1005
438	913
558	1062
585	822
506	957
511	911
462	876
515	897
519	813
486	837
519	884
540	1125
527	869
491	1082
488	854
531	762
538	934
534	981
599	897
509	967
522	1031
522	1014
459	881
478	946
544	863
483	928
521	761
535	886
545	988
491	973
544	900
521	949
539	1149
522	966
493	950
471	906
512	1023
504	1016
546	1284
538	1340
493	1306
473	1321
554	1152
517	1161
512	1151
535	1216
588	1225
600	1336
558	1216
483	1237
522	1358
514	1268
497	1024
517	1011
521	1048
538	1051
533	947
521	1098
502	1103
475	950
506	1026
527	1077
498	1054
482	1149
525	1117
499	1324
544	1305
531	1434
554	1551
581	1671
584	1525
617	1554
546	1764
551	2232
536	2867
569	1867
545	1000
613	1252
570	1312
520	1275
545	1391
535	1251
537	1113
539	1206
536	1385
550	1460
520	1381
519	1157
527	1021
519	1209
596	1513
529	1505
551	1532
525	1685
543	1610
536	1900
590	1632
572	1671
546	1853
557	1819
580	1552
561	1275
545	1329
518	1360
480	1253
544	1112
594	1003
539	1052
615	1043
631	1087
576	1084
523	1341
554	1136
556	1275
527	1193
507	1219
491	1002
495	1068
516	1123
527	1239
544	1146
522	1162
563	1257
534	1245
477	1266
504	1140
502	1243
589	1166
519	1119
537	1123
491	1185
576	1278
546	1387
557	1685
586	1748
502	1239
528	1070
516	1123
550	1126
504	1181
505	1224
548	1240
560	1111
499	936
484	963
545	934
527	894
517	949
541	993
494	1174
522	1281
485	1185
506	1115
560	1165
501	1012
563	1063
543	828
515	938
521	968
478	1034
534	993
534	1071
461	956
548	864
580	822
539	915
523	861
535	965
535	1084
541	1011
527	961
488	822
548	846
551	926
473	934
521	892
513	887
526	807
578	755
524	773
502	897
551	796
573	861
543	984
559	1070
536	1042
504	1006
606	853
577	896
549	834
531	907
548	962
592	888
541	927
532	1110
536	1089
574	912
574	1017
584	910
576	817
605	939
599	878
579	1014
636	960
584	1041
600	927
593	827
593	930
564	901
587	916
611	826
646	843
534	989
565	1060
580	1022
554	1080
557	1031
547	994
536	1191
552	1041
503	1050
537	993
607	945
557	1143
585	1162
633	1156
615	1395
581	1258
627	1184
570	1141
556	1284
512	993
530	944
544	987
543	903
601	939
583	1042
525	1008
556	1199
570	1172
554	953
573	1046
596	1239
536	1197
526	1177
544	1194
517	960
530	981
594	1162
581	1161
609	1100
637	1145
611	1202
597	1154
583	1116
632	1032
615	968
590	1141
615	1166
572	1100
624	1044
641	869
677	876
650	998
664	974
714	986
737	909
739	990
728	1114
705	1089
716	1015
711	1005
720	1039
642	982
667	1095
666	1141
598	957
670	847
631	939
659	922
669	896
625	920
722	846
688	972
776	1044
815	1266
819	1019
833	823
910	1048
833	1110
762	1363
772	1387
758	1188
767	1370
741	1625
681	1613
710	1117
695	991
690	945
713	1063
720	1132
672	1098
707	1033
738	885
755	1077
811	852
763	917
756	896
773	843
758	799
704	923
707	913
659	935
617	829
651	1000
627	982
545	1033
635	1021
605	998
584	1252
601	1096
563	1173
627	1088
574	1017
585	1028
588	925
523	846
559	1008
614	1030
552	920
555	1066
595	950
620	1050
566	943
540	1051
536	936
580	1003
531	1100
522	1070
578	915
610	1105
552	935
535	1032
591	1053
527	964
575	824
509	972
522	1121
470	1127
528	1113
470	1117
567	1108
542	1133
570	975
543	996
540	898
499	945
532	1013
525	951
533	999
476	927
541	974
515	1095
500	1061
537	928
567	1018
570	870
516	1029
571	881
503	936
505	943
541	841
537	892
543	913
604	1086
515	1175
518	995
532	935
534	929
565	854
579	999
490	1091
497	996
603	1070
476	1156
486	958
522	971
480	975
474	964
503	1020
465	991
509	1016
561	981
562	959
639	914
557	1028
614	1045
596	1194
612	988
528	1013
531	1050
586	1011
609	936
496	1193
510	995
618	1072
595	1067
603	1251
583	1140
532	1178
633	1221
568	1250
577	1162
499	1168
503	1218
493	1422
585	1550
479	1765
614	2228
592	2789
582	3231
546	2933
565	1653
575	1503
538	1726
555	1541
526	1195
504	1508
496	1790
486	1097
558	1002
584	1534
589	1361
588	1595
619	1717
607	2080
521	1805
597	1756
615	2206
658	2763
544	2586
621	2604
615	2059
601	1678
576	1159
559	1365
564	1518
537	1451
470	1395
534	1482
486	1392
519	1682
574	2195
626	2341
607	2781
617	2793
577	3037
633	2868
555	2658
643	2608
648	2692
568	2394
700	2764
671	3720
647	2583
553	1682
561	1696
546	1568
526	1758
531	1422
483	1218
554	1122
560	1294
613	1285
601	939
638	860
617	827
636	866
631	880
663	852
710	849
729	891
709	1081
772	910
872	984
914	1048
1026	1085
1088	954
985	1173
931	1151
1073	1064
1160	1234
1136	1112
1029	1295
1047	1102
940	925
860	1052
896	1082
874	1093
885	1251
893	1557
849	1543
860	1834
880	1837
931	1652
942	1457
897	1493
777	1780
788	1341
811	1329
818	1360
746	1384
782	1502
664	1662
633	1404
657	2034
685	2325
630	2182
641	2568
624	3095
710	3018
595	2933
573	2305
606	2356
623	2145
604	2507
613	2421
570	1844
584	1574
555	1864
535	1348
571	1696
565	1661
565	1635
584	1560
545	1648
453	1538
483	1318
543	1371
573	1322
546	1484
484	1661
629	1701
609	1658
546	1504
626	1645
543	1837
561	1853
562	1801
583	1593
631	1548
532	1484
548	1519
529	1600
567	1525
494	1187
481	1128
504	1408
529	1248
479	1454
479	1197
453	967
476	1171
544	1390
535	1455
534	1585
516	1644
623	1693
530	1254
513	1092
558	889
581	833
564	862
568	912
550	1112
532	1139
542	1043
570	1177
599	1312
575	1103
515	1121
550	1164
544	1136
566	1260
580	1289
627	1081
619	1121
567	1069
588	918
591	1003
615	906
567	992
539	1001
521	1018
541	1042
551	1006
581	1143
595	1080
601	1023
535	1076
591	889
505	1142
529	1000
536	1149
510	1041
512	1161
459	974
551	975
542	1494
590	1408
613	1055
566	1176
539	923
585	1036
532	1149
581	1138
508	1356
552	1511
514	1421
507	1256
541	1311
552	1374
599	1894
603	1990
560	1174
519	1170
559	1065
488	1055
545	921
540	958
550	935
519	965
483	835
506	875
603	969
598	1134
577	1148
559	1275
551	1172
597	1152
541	934
568	983
573	1251
615	1083
622	1035
615	1233
568	1578
669	1696
711	1757
667	1766
655	1312
602	1148
611	990
567	988
621	1178
708	1062
637	1196
674	1430
701	1261
676	1006
732	875
684	910
699	869
707	867
714	846
755	771
704	942
731	1026
747	1055
750	1246
710	1095
657	957
612	919
618	964
682	739
686	864
684	966
687	734
712	720
624	837
671	856
692	960
759	1126
785	1178
669	1271
647	1108
671	1278
706	1165
676	1399
705	1445
650	1673
684	1648
651	1342
628	1550
609	1795
612	1712
542	1813
603	1673
594	1867
568	1453
577	1622
523	1535
533	1556
576	1420
548	1093
548	1049
508	1243
544	1087
526	1277
483	1360
546	1367
541	1519
488	1379
556	1353
527	1454
546	1414
460	1549
527	1872
579	1982
492	1807
525	1724
495	1727
505	1645
511	1875
491	1595
510	1415
523	1336
486	1253
448	1064
465	1007
463	1160
483	1186
495	1014
442	1018
483	1017
539	924
487	974
499	1040
470	943
508	937
488	978
509	1066
508	1007
503	1605
526	1300
485	1683
535	2083
531	1588
514	1258
479	1009
493	1249
493	1380
516	1103
505	1061
487	1012
498	1017
493	1004
530	838
480	996
527	970
455	802
517	859
577	981
486	948
503	932
520	940
577	932
536	702
511	786
534	803
549	743
565	926
517	901
560	968
502	998
516	905
537	1123
483	1039
515	938
472	900
531	961
548	1051
490	1004
510	871
557	906
537	994
487	1060
492	1154
493	933
440	874
485	847
461	879
474	810
458	803
505	819
488	879
486	1081
511	1022
427	1160
458	1015
520	929
527	947
498	980
521	1029
497	1092
477	1001
544	995
555	1049
526	1079
525	1045
528	1139
527	1026
545	867
503	1006
495	1018
481	859
519	939
511	888
441	908
447	933
527	928
580	908
550	953
494	1092
510	1000
516	1013
440	934
407	842
431	878
489	1008
495	1053
466	826
443	855
486	797
558	871
496	1044
527	810
462	808
474	919
494	1045
509	976
497	734
496	931
453	856
449	1074
446	981
435	855
472	899
470	981
454	913
497	980
469	1157
487	981
461	981
480	797
500	861
472	853
532	879
449	886
469	796
495	704
469	841
475	886
495	923
508	898
545	811
533	851
513	922
519	1084
486	916
547	909
528	941
489	926
486	858
469	970
500	969
476	863
448	946
469	952
469	1106
510	1060
463	1275
545	914
547	875
497	1003
523	1079
497	1054
505	923
505	1023
480	1049
453	1140
526	941
462	929
516	866
500	945
481	989
527	955
530	991
494	977
532	989
537	1090
533	1056
551	1038
538	1050
504	1020
553	968
613	876
527	995
516	1013
514	979
519	938
469	900
493	952
512	847
510	874
533	1100
520	1033
540	884
512	837
486	937
473	1039
488	982
503	1066
521	1067
512	1060
542	1131
532	1162
510	1022
565	1024
563	956
543	907
491	919
544	1004
544	878
547	946
498	906
508	971
489	1472
543	1747
548	1645
502	1292
467	1156
512	1202
501	1163
532	1282
531	1188
495	1382
510	1218
571	1186
520	1057
517	1061
472	1013
509	918
502	1032
424	956
456	958
483	1017
456	952
476	916
518	1092
556	1181
504	1330
583	1179
496	1235
534	1056
493	1022
570	1157
601	1056
582	898
587	1173
520	1086
562	1000
605	1097
595	1074
560	1108
561	1133
550	1156
554	1212
614	1216
632	1059
624	956
665	1099
568	1099
558	1376
538	1223
532	1243
550	1295
589	1240
593	1334
575	1108
560	1051
660	995
610	1053
632	1206
764	1333
714	1300
652	1096
586	1203
590	1207
628	1454
665	1581
563	1756
578	1925
578	2924
608	2862
623	2861
619	2253
565	1545
594	1924
543	2942
522	2252
511	2177
470	1660
537	1298
492	1234
527	1436
476	1153
530	994
484	1033
527	1118
492	1011
537	1119
534	1092
527	996
550	1155
575	1149
548	865
495	1011
501	885
500	1113
588	994
541	1016
493	931
521	988
555	920
462	921
516	898
476	844
524	744
490	806
491	947
565	887
495	936
479	838
499	884
448	905
486	1149
530	1253
529	1094
483	1039
487	939
542	1056
509	1106
466	1105
491	1152
510	1463
557	1297
508	1472
556	1369
540	1335
592	1627
523	1279
543	1049
491	978
574	1114
488	1003
465	1091
496	1137
534	1286
511	1586
529	1291
484	981
532	976
469	1040
588	1020
564	975
577	1268
515	1000
520	986
524	1100
517	1087
534	999
534	1076
556	1092
579	972
571	1089
612	996
550	1073
530	1134
522	1105
557	972
490	1047
543	838
496	946
491	960
533	1182
531	1063
565	888
597	997
632	1108
578	999
549	936
580	961
517	1027
512	997
559	1104
538	1014
558	1118
592	1087
558	1046
560	1091
534	1056
539	1099
579	1202
528	1119
555	976
616	893
629	873
608	802
618	773
605	899
620	976
656	1175
667	1164
584	1127
568	901
691	1012
604	959
690	1001
602	928
598	890
583	974
637	953
637	962
569	988
611	1028
613	976
589	977
615	1103
524	1047
588	1137
547	1160
612	1103
520	1271
545	1236
521	1312
537	1215
535	1279
587	1079
530	974
569	873
608	994
602	1077
576	981
587	990
565	931
605	780
586	987
584	799
597	880
544	765
564	954
623	859
524	838
551	799
591	895
548	943
583	987
560	874
547	891
605	1104
616	986
595	1031
533	1026
596	938
604	805
601	771
532	898
587	948
579	982
539	912
528	898
522	857
561	833
595	911
535	870
548	855
484	1047
538	957
597	852
610	906
665	960
584	1057
593	854
532	756
622	797
587	851
607	945
568	972
516	1065
609	971
613	1140
612	902
647	937
583	934
707	923
737	861
786	998
867	1168
795	1022
756	1080
723	1104
858	1323
886	1182
923	1173
809	1150
797	1053
757	1022
734	799
763	762
792	808
797	1033
803	959
861	1070
817	884
895	960
932	962
922	1044
1060	1181
937	1139
885	1095
988	1064
985	1137
923	924
819	857
798	1075
815	997
820	855
826	1105
738	926
759	1114
723	1108
757	1176
716	1095
658	1122
602	1083
640	937
690	974
680	945
685	787
632	942
721	1013
700	1032
664	1006
631	951
640	959
666	918
655	1059
594	1045
573	824
613	829
610	901
623	995
623	917
601	871
575	848
619	885
578	907
569	961
589	962
575	891
554	851
458	935
535	1023
516	875
514	860
537	827
560	857
568	800
572	941
532	975
556	752
588	768
629	883
567	960
596	793
560	783
555	813
559	867
535	877
536	907
519	880
546	859
496	744
506	795
501	880
516	954
491	881
509	1075
513	788
557	855
633	1129
590	1046
513	979
507	1013
548	1161
573	1090
583	945
568	1032
542	1226
560	1079
591	1215
541	2177
580	1484
653	1395
541	1201
602	1331
572	1425
503	1465
522	1423
588	2032
606	2064
595	2020
602	1727
575	1613
583	1703
568	1729
636	1842
639	1977
634	1377
536	1405
557	1532
612	2106
597	1594
548	1181
609	1077
537	1064
531	1127
546	988
502	1197
630	1383
550	1223
545	1136
588	1205
572	1050
545	1188
527	863
538	1082
535	1003
538	961
535	1060
571	938
566	940
535	834
514	973
545	909
519	966
527	1010
470	1097
498	976
525	1052
513	881
517	944
504	1030
533	981
526	1037
518	1034
526	894
534	923
541	983
526	972
507	939
503	876
450	815
450	893
517	889
550	1029
559	1101
557	1006
554	1031
561	1089
553	957
495	1085
545	1145
517	1273
475	1320
499	997
481	1202
551	1067
463	965
491	1113
514	992
516	1121
474	1010
577	874
499	983
524	940
475	925
537	1198
513	1107
537	1067
516	1035
517	1093
476	909
521	918
487	1058
534	939
541	1084
534	1031
570	1110
550	1001
515	960
551	962
599	1013
538	1023
517	974
523	1080
507	1012
540	948
508	1027
505	1060
514	922
543	961
535	1024
580	1084
557	958
593	1134
612	1096
549	1055
551	967
534	812
566	1024
534	852
470	1060
494	997
561	1133
508	1016
504	1005
477	966
542	1005
505	1012
496	1145
583	1055
636	903
655	996
660	1029
626	1047
617	1037
609	977
592	998
733	997
688	1010
677	1013
648	1152
573	1109
579	1007
556	1034
521	842
579	952
594	903
604	995
637	915
623	995
601	1129
607	943
703	927
753	1020
666	959
666	871
678	984
702	996
642	994
720	1117
716	1027
775	1021
710	867
653	935
647	837
679	839
720	857
623	907
632	925
637	936
634	1105
619	1001
686	940
656	860
759	950
744	923
682	949
725	886
715	939
661	750
700	931
723	946
800	1134
762	1003
825	992
738	1089
732	1210
762	1063
698	1023
755	1109
831	973
847	1076
795	1250
709	1044
757	1037
786	1081
714	997
694	904
688	886
643	942
670	1001
709	1038
679	1135
730	1045
713	1164
725	1211
730	1078
693	839
640	985
654	720
614	855
665	874
654	838
633	882
619	752
658	899
693	759
685	846
627	860
687	1018
643	1131
702	1099
612	1114
646	1290
626	993
572	949
595	841
534	1048
556	1130
601	1256
657	1132
572	1140
631	971
618	1024
667	1015
643	897
669	894
578	1189
656	1033
622	1028
596	969
594	878
551	946
571	1036
607	1058
575	1120
644	1057
590	1008
588	1025
604	1020
600	1162
555	1048
636	1076
600	1193
653	983
605	833
622	848
587	1002
626	908
587	845
618	865
613	936
615	1046
700	936
663	1039
576	1264
633	1027
633	1191
657	944
621	932
611	979
618	1148
631	991
573	1099
606	1028
635	1119
577	1048
612	955
660	948
604	902
629	899
589	1070
608	1141
628	1258
646	1253
680	1162
626	982
648	940
613	879
654	1010
662	971
612	1059
654	1009
677	1068
622	953
591	930
579	1047
605	1093
646	1038
639	886
615	1032
596	1109
663	1227
638	1164
605	1186
650	1200
681	1101
685	1169
699	1166
643	1182
659	1189
709	1078
653	1008
635	1044
631	1037
583	992
587	950
618	953
582	944
617	1102
669	1018
630	975
631	1053
610	1133
626	982
685	1016
617	996
595	1116
667	1304
694	1334
667	1272
706	1411
627	1275
670	1035
607	1070
621	1330
586	1297
595	905
585	1141
614	1100
663	1175
620	954
570	1103
581	1172
608	1146
700	1231
679	1405
628	1312
675	1172
641	1063
625	958
685	925
585	960
584	1032
693	1054
623	1079
675	1145
630	1133
564	1285
613	1187
625	1098
636	961
653	922
656	959
707	902
704	898
735	959
676	1027
653	974
725	988
650	1096
657	1026
686	1020
675	1048
651	1114
677	1172
667	1281
648	1213
618	1195
653	1358
584	1322
635	1311
602	1141
708	1175
684	1154
635	1572
625	1578
646	1354
629	1425
719	1470
666	1322
677	1722
713	1894
674	1593
646	1444
645	1454
611	1672
646	1711
626	1374
606	1133
586	1182
660	1179
679	1409
726	1407
687	1184
687	1184
640	1174
639	990
661	1052
651	1146
728	1073
645	1097
645	1137
646	1138
658	1008
578	1157
638	1103
653	1219
636	1086
652	1040
709	1052
637	1129
714	854
677	926
679	927
613	1157
702	1104
631	950
636	1029
586	1032
662	1077
649	1095
665	1124
706	1010
673	1073
643	1066
654	1347
686	1228
721	1130
683	1189
632	1141
656	1355
680	1138
705	977
717	1107
720	1033
701	980
628	1105
696	1132
664	1075
641	1169
711	1049
786	972
880	994
925	910
939	1118
856	1259
875	1243
1125	1016
1192	1055
1289	1190
1331	1125
1575	928
2631	1076
3656	1106
4035	1234
4012	1279
3573	1300
4432	1373
5266	1916
5415	1660
5580	1795
5451	1569
5550	1788
5396	1778
5099	1683
4788	1782
4445	1402
4489	1366
4060	1537
4021	1454
4084	1732
4892	1802
5122	1919
4778	1702
4697	1912
4647	2053
5033	2189
4952	2316
3972	1671
3051	1402
2305	1149
2071	1329
2205	1197
1710	1134
1269	943
1016	875
1102	903
1186	892
1095	869
849	789
770	838
890	791
865	782
800	764
677	849
582	952
561	823
557	1006
535	1061
593	1048
532	961
578	891
553	845
556	1073
541	864
487	842
536	853
576	826
537	903
539	1002
539	980
560	1117
562	979
525	975
536	945
530	868
505	985
489	903
454	898
460	920
529	1037
496	857
535	818
562	793
512	826
524	983
550	1000
498	1101
451	965
480	926
500	757
483	880
505	940
507	1056
489	951
480	1000
609	1089
621	954
737	843
640	971
583	875
745	1006
683	1101
725	1055
746	1169
673	1199
678	989
569	947
605	994
649	1093
706	983
655	834
575	934
601	899
540	880
567	894
519	842
568	876
562	911
623	845
594	905
592	912
476	828
491	796
451	778
521	847
542	891
528	880
493	822
544	912
496	942
517	961
554	1053
554	1004
486	793
512	975
529	914
461	830
467	996
487	956
488	898
445	960
432	948
445	1173
463	1288
430	1134
459	887
494	1008
450	1020
453	1126
509	1020
498	1093
449	1055
453	1057
452	1125
485	1155
487	1251
506	962
504	959
477	1049
520	1071
468	1000
530	1005
455	1024
514	1047
472	1232
516	1239
495	1041
532	1338
512	1371
446	1554
559	1462
556	1337
555	1827
487	2009
449	2154
557	2303
582	2655
462	2803
511	2950
554	3043
533	3685
537	3616
560	2876
532	3292
696	6274
648	5991
628	5448
542	3312
559	2790
536	1932
457	2331
508	1775
491	1253
559	2988
657	4487
639	6247
781	8643
860	10601
712	8225
661	6603
672	5903
581	4012
627	4507
744	6194
708	6380
591	5050
578	4758
564	6179
577	6842
626	7546
644	7421
575	6567
674	7602
670	8152
819	10516
648	7894
598	5156
609	4232
649	4339
636	4105
564	3339
583	2630
542	2521
613	2456
574	2462
571	2516
507	3080
497	2680
493	2742
575	3702
543	2147
502	1222
505	1019
447	932
493	1266
516	1706
521	1642
452	2373
479	3530
531	4092
515	3077
477	2349
558	2619
509	2573
533	2612
519	1763
521	1375
498	1204
504	1267
547	1238
470	1329
464	1163
508	896
503	910
495	869
570	961
534	1094
437	1021
453	914
491	926
471	926
478	940
485	1012
488	909
484	1010
457	1074
533	1158
483	1041
452	1048
526	863
511	917
502	927
520	904
526	1111
481	1396
495	1281
454	1348
495	1094
459	1184
498	1041
448	850
473	923
538	1052
462	1008
439	1005
464	1056
460	1058
511	880
527	1004
526	1115
530	931
489	920
478	953
457	949
442	838
473	837
513	1003
472	1024
485	965
480	925
564	973
489	930
500	951
533	1028
444	860
454	974
496	864
462	1026
522	1029
496	1089
474	864
419	912
451	813
428	838
478	830
430	828
538	921
544	1042
474	859
437	859
493	1032
506	1125
508	1091
528	1017
467	895
472	884
459	1025
466	1071
465	986
441	971
482	960
476	966
467	841
500	847
449	935
445	985
468	1085
430	999
495	943
497	1019
483	964
477	974
541	1069
550	927
502	1100
476	1212
472	1156
447	1054
489	1128
486	1283
545	1094
496	1014
499	1041
501	960
507	862
563	970
493	926
529	992
557	940
477	979
482	1059
507	1207
615	1103
521	999
520	1028
516	962
534	972
517	1105
576	1021
515	953
520	951
471	1074
499	1217
447	1239
557	1235
473	1129
500	1104
503	1003
509	956
515	926
439	1007
500	971
505	1048
465	998
445	956
475	951
450	1019
530	1262
512	1170
484	1136
493	1053
506	938
485	952
475	886
501	978
459	947
502	1013
490	1029
545	951
545	1004
513	993
525	1024
536	946
527	1076
542	1289
473	1249
471	1196
493	1298
516	1207
546	1212
480	1353
510	1511
572	1523
451	1522
523	1600
511	1983
450	1437
485	1779
452	2341
477	2521
496	2505
481	2462
506	1935
507	1909
464	1204
511	920
464	942
545	957
509	914
484	1054
481	1226
530	983
498	916
454	908
451	812
515	991
495	801
474	746
430	802
421	753
455	771
524	839
484	952
500	967
462	1128
487	1025
495	1055
479	927
527	872
519	809
559	871
514	1056
576	961
499	798
519	869
542	867
526	998
535	935
563	908
569	1053
591	1196
526	1058
539	756
582	858
570	789
567	822
543	768
610	897
617	880
557	812
525	821
556	747
649	748
612	921
672	880
621	953
571	919
608	960
630	987
606	933
544	846
587	931
624	918
694	973
608	980
621	1073
678	952
680	897
794	984
847	908
826	979
718	868
785	926
740	1046
704	1099
689	889
686	883
709	932
677	1010
685	925
664	896
688	860
670	914
708	839
648	852
712	891
702	968
747	966
712	1105
753	989
741	918
749	868
789	946
770	862
734	954
709	921
698	962
639	926
728	922
634	919
623	877
586	840
684	975
588	870
603	838
634	725
625	899
618	808
697	948
615	958
715	890
753	867
666	990
705	822
623	952
637	1015
684	921
685	914
705	957
621	960
692	980
589	812
603	827
544	945
587	845
644	878
631	1037
564	965
628	1053
609	1000
608	969
612	1105
518	838
566	1035
606	965
618	892
564	987
558	944
602	907
570	751
548	834
537	815
530	811
493	973
478	830
551	1030
502	945
535	1041
492	1001
536	870
500	944
570	913
522	965
465	865
484	927
496	924
501	935
434	906
498	1076
506	1041
521	973
531	916
514	850
499	977
498	1002
635	1037
515	894
508	941
512	944
481	867
482	923
504	956
470	957
487	787
514	1048
532	1003
444	928
434	953
488	986
480	913
495	927
477	1016
474	1025
416	883
487	919
480	848
528	824
470	962
452	852
536	975
504	1023
561	954
559	866
486	867
491	906
537	927
517	1020
495	963
591	1069
531	1104
512	1092
547	978
626	891
609	955
666	960
542	1011
588	1237
625	1059
639	976
654	1027
605	1108
494	1247
458	1072
435	1092
499	1186
472	933
467	932
497	958
473	910
496	844
468	945
490	954
488	863
510	1002
484	1035
470	848
518	844
490	950
527	915
558	872
567	860
575	947
509	861
474	1000
551	1038
531	1072
523	978
537	897
514	1094
497	762
539	658
488	832
535	876
473	887
518	917
549	865
576	955
505	894
466	885
539	955
695	1028
701	1082
783	1106
670	1020
555	958
674	1060
708	1132
804	941
892	1055
835	1048
803	1018
746	1032
705	1101
744	1022
748	1065
783	1159
790	1051
729	1093
690	1278
729	1021
756	925
587	977
624	939
613	1036
525	1018
501	959
520	790
531	702
536	915
570	875
529	909
484	1002
503	1021
459	928
440	887
466	771
451	827
440	939
448	889
544	849
505	858
509	772
456	756
397	854
470	902
498	949
453	954
469	1012
512	1083
449	954
495	977
410	1070
524	1024
522	898
501	980
543	946
527	930
499	742
453	722
483	974
512	956
500	940
494	915
490	1095
473	917
452	1220
486	1177
521	1143
521	1056
501	1056
526	1338
477	1329
460	1229
476	1174
460	1055
469	855
450	853
493	932
445	937
549	1043
441	965
521	898
504	1039
462	1163
480	1053
453	915
504	1046
492	912
475	978
459	892
468	949
522	976
434	1001
505	761
470	868
477	974
465	1046
497	1125
552	749
420	817
487	927
488	1041
487	1402
465	1321
494	1205
488	1357
546	1410
464	1327
462	1160
530	990
511	1137
504	1026
465	901
477	1113
470	1116
472	1551
483	1576
501	1563
457	1315
523	1072
530	1295
595	1363
451	1230
491	1337
490	1142
475	1194
531	1315
539	1097
505	1023
453	1029
429	882
480	783
449	703
463	874
499	923
474	1272
543	1764
499	4007
566	1924
575	2021
549	1823
542	1958
588	3822
613	2224
571	2104
590	2670
597	2380
565	2065
558	2222
522	1638
512	1493
500	1383
504	2127
506	1557
540	2812
553	3947
509	1543
480	1517
515	1257
566	1798
572	1627
515	1329
521	1510
491	1326
509	1469
508	1300
501	1084
567	1188
583	1319
565	1299
561	1064
515	1226
597	1063
597	1157
591	1359
592	1313
650	1200
604	1095
582	953
611	1282
645	1302
549	1081
594	1454
598	1621
570	1623
600	1402
543	1423
616	1266
577	1504
576	1300
557	1472
604	1712
580	1454
546	1229
594	1216
624	1073
592	1037
559	1072
638	1180
631	1148
666	1077
563	950
579	927
561	909
564	868
603	999
576	1012
588	952
645	828
655	815
664	972
710	931
765	860
689	734
690	825
673	976
702	1001
689	915
709	817
735	967
725	831
791	778
724	750
764	879
730	919
686	822
676	807
628	918
711	784
731	766
767	857
850	832
916	789
965	841
937	790
922	961
930	968
829	938
977	923
941	966
1035	973
1149	874
1136	887
1092	767
911	841
834	986
709	853
712	704
727	809
727	927
796	1021
873	939
1035	995
1150	891
1227	1125
1271	966
1245	934
1202	846
1183	870
1218	864
1182	877
1212	919
1171	878
1026	890
949	951
826	952
714	982
792	1029
664	1131
711	1175
700	1112
716	1215
771	1040
837	1013
1018	1047
985	1273
1157	1101
1105	989
1107	953
1028	853
1007	993
1059	892
904	878
827	858
804	947
720	959
645	909
658	901
717	1013
733	959
716	815
695	700
754	791
731	824
744	976
791	918
857	918
839	869
871	1004
790	964
792	936
821	1028
737	896
735	830
695	932
798	908
709	840
607	913
633	983
643	962
725	1054
642	1035
760	1017
623	1002
655	1035
739	990
772	915
763	1054
742	1036
739	948
721	965
727	926
696	885
677	895
645	765
668	854
697	925
661	966
631	1031
647	1003
674	1038
725	953
664	790
655	1018
792	1029
712	834
758	909
703	1016
731	973
773	1010
709	1072
651	1168
607	951
597	1008
638	1124
635	1089
604	1048
633	1106
624	987
699	987
662	1161
664	959
662	1056
641	897
646	887
716	920
712	1127
705	1132
619	1102
674	1264
693	1441
738	1176
764	974
718	1161
680	1371
680	1238
750	896
810	1021
776	816
776	926
791	1025
764	1099
773	1087
816	1070
833	948
906	1040
905	1175
898	1084
925	1059
983	1057
927	1316
984	1283
850	1039
818	1008
733	1014
796	1072
721	1032
714	1066
778	1168
701	1099
727	1073
686	1005
768	1034
708	1045
759	1022
867	1081
981	1124
1109	1299
1192	1416
1271	1407
1176	1343
1199	1360
1138	1205
1081	1541
894	1311
839	1149
780	1291
744	1179
664	1121
661	1136
683	1058
715	1024
737	971
756	1151
781	1384
882	1355
962	1179
1098	1488
1227	1501
1306	1584
1384	1565
1316	1596
1236	1418
1131	1400
964	1795
814	1227
742	1350
705	1828
658	1544
639	1394
621	1208
658	1206
636	1464
617	1535
672	1576
776	1344
776	1164
1023	1210
1085	1393
1118	1531
1147	1482
1092	1483
1136	1302
952	1213
797	1111
747	941
684	1330
707	1284
717	1258
664	1138
701	1168
620	1264
607	1213
622	1097
546	916
622	1003
661	914
682	755
825	1095
724	1112
660	1101
648	890
586	850
622	1157
652	914
663	954
683	1096
661	892
659	918
604	905
576	896
602	843
559	838
633	941
575	838
589	997
526	1091
514	1053
534	1068
523	921
491	930
498	1023
491	1011
516	907
502	950
480	826
507	963
403	811
494	915
523	794
581	994
540	829
562	919
572	958
493	969
524	1070
440	1084
529	966
476	847
500	998
497	851
471	960
475	866
506	786
531	936
466	824
539	940
527	811
499	868
481	831
470	906
483	1019
440	1108
557	1089
487	1028
520	990
531	969
529	1129
533	1016
539	1195
508	1040
419	938
496	948
488	863
492	986
496	1021
534	865
469	840
459	764
483	867
457	879
475	872
449	916
520	861
492	891
433	995
476	884
444	992
513	928
493	1088
527	1045
460	980
560	1040
518	977
477	954
526	1119
493	961
505	955
502	979
493	958
539	894
470	1009
429	985
504	946
480	878
514	855
500	857
437	955
523	1004
477	840
506	899
535	830
495	1137
520	1109
546	909
519	909
487	796
572	848
484	919
506	884
562	878
568	958
491	837
562	828
557	892
592	855
486	889
495	765
504	720
448	890
563	845
550	891
570	911
572	796
608	835
554	757
532	748
573	876
572	931
519	1022
594	1005
568	936
537	866
591	1048
580	927
548	820
634	934
647	976
552	1163
568	1093
569	965
601	850
562	864
597	980
532	905
556	947
597	1100
729	952
641	898
621	1046
635	867
615	925
775	756
855	841
742	993
806	847
998	874
1319	857
1341	838
1486	963
1497	922
1366	842
1083	739
996	869
1144	848
1164	758
1022	765
634	830
610	847
603	792
624	891
682	786
623	722
622	904
598	962
663	892
678	1051
634	1077
654	904
613	950
575	751
641	764
631	771
641	722
600	928
641	851
716	902
603	926
624	842
569	875
571	830
563	878
619	866
616	880
597	1040
571	820
655	872
582	929
626	755
565	778
642	836
618	798
595	896
618	784
644	885
647	844
605	929
574	1004
663	912
611	865
611	798
596	810
542	949
583	830
567	911
566	926
496	875
583	915
590	848
603	787
544	847
596	834
597	769
519	728
521	872
519	769
597	991
621	916
545	843
599	808
572	881
553	1017
640	861
576	876
576	833
576	876
556	823
562	863
564	805
622	830
597	792
598	977
575	856
563	810
575	841
576	856
528	844
578	985
518	808
554	758
636	903
513	900
543	1000
576	1001
533	881
558	845
536	839
558	754
572	780
526	704
592	800
485	870
496	849
550	851
532	733
522	934
536	897
488	968
504	843
523	876
541	831
572	710
567	797
539	874
609	812
531	850
509	851
535	888
529	879
537	845
544	809
540	816
517	797
471	925
518	710
583	732
574	705
549	815
538	862
537	869
501	757
569	838
519	828
626	899
573	901
601	862
547	969
528	1047
582	884
510	927
536	849
560	855
510	851
523	757
570	805
522	817
574	757
582	848
556	944
523	1008
490	907
565	904
601	1049
523	1665
546	1534
513	975
527	920
511	824
510	925
541	816
510	799
562	872
564	974
520	913
553	879
496	936
505	959
563	985
554	921
539	960
502	844
543	939
512	1024
534	1086
465	872
584	766
559	698
588	771
581	791
558	827
519	842
549	833
563	825
632	961
600	987
560	929
528	900
561	830
526	812
511	710
546	613
495	945
528	734
554	856
546	854
569	836
513	889
590	972
512	987
522	949
542	884
546	937
506	1052
572	1013
568	852
587	871
563	975
543	885
502	975
567	934
542	1119
554	1086
590	991
580	944
482	785
466	799
563	1022
524	851
531	865
534	955
587	888
521	941
576	884
