464	1309
513	1339
644	1480
581	1595
570	1530
606	1346
591	1574
729	1584
767	1546
693	1744
778	1719
831	1663
958	1680
984	1810
949	1870
958	1711
959	1634
1030	1661
1085	1640
969	1711
966	1681
963	1631
1022	1693
984	1660
991	1775
1029	1959
1074	1564
1245	1571
1285	1721
1248	1872
1366	2025
1431	2160
1370	2170
1406	2192
1232	2001
1250	2097
1152	1960
1039	1695
890	1485
901	1494
889	1608
883	1467
766	1489
672	1438
602	1398
656	1478
672	1531
704	1328
607	1541
534	1391
589	1394
600	1332
506	1263
512	1284
508	1314
482	1244
451	1367
503	1181
472	1308
445	1221
393	1272
458	1282
433	1212
379	1284
400	1423
405	1317
418	1240
432	1255
391	1407
368	1340
316	1047
330	1136
368	1239
354	1317
352	1284
328	1095
317	1222
343	1423
381	1264
358	1195
379	1130
388	1196
354	1206
326	1018
342	1157
326	1147
337	1098
341	1205
331	955
327	1038
366	1083
356	1147
315	1159
333	1134
342	991
353	1104
342	1145
336	982
348	1097
361	1080
339	1066
332	1157
337	1222
353	1071
318	1216
314	1053
360	1133
335	1167
330	1128
314	1118
345	1110
315	1247
342	1044
360	1050
330	1028
309	1083
338	1020
327	946
309	1016
373	1113
329	1098
336	1102
324	1233
287	1331
313	1129
335	1230
326	1181
366	1145
320	1194
285	1209
345	1257
328	1182
350	1170
364	1225
355	1199
334	1204
307	1186
344	1459
336	1251
327	1239
341	1192
348	1038
302	1188
329	1252
308	1017
317	1101
309	1084
343	1142
359	1297
318	1134
344	1150
270	1015
330	1115
315	1130
307	1502
336	1498
323	1542
314	1346
337	1570
330	1561
302	1585
331	1415
291	1238
344	1356
307	1345
326	1168
349	1322
332	1449
327	1589
293	1442
308	1438
328	1452
341	1577
321	1584
288	1391
328	1187
281	1347
294	1265
292	1187
316	1198
303	1145
324	1040
272	1144
272	1284
269	1125
307	1128
329	1219
287	1178
260	1051
305	1274
319	1428
305	1544
309	1799
332	1706
307	1478
346	1802
348	1807
323	1870
320	1549
308	1414
305	1369
294	1509
317	1351
286	1278
279	1253
309	1201
312	1104
258	1314
302	1353
324	1301
342	1339
322	1377
349	1568
329	1369
320	1329
347	1248
307	1156
312	1271
313	1162
329	1181
308	1043
300	1021
313	1367
319	1386
312	1144
341	1018
331	1069
297	999
314	1026
331	1056
341	1101
353	1179
339	995
342	1191
293	998
323	1129
346	1265
305	1349
301	1061
308	1090
333	1126
357	1053
300	992
328	1085
291	1149
286	1114
284	1019
317	970
300	1122
315	1127
296	1198
336	1394
299	1315
333	1222
307	1251
270	972
271	955
278	1136
310	1262
273	1228
315	1244
350	1132
286	1294
315	1210
255	1219
271	1170
303	1218
295	1188
286	1325
280	1185
258	1310
266	1166
299	1013
254	1035
279	1072
284	1134
264	1138
326	1050
307	1006
284	1102
328	987
302	1147
251	1162
279	1063
291	1129
297	1208
247	1023
266	1114
258	999
247	1023
278	1138
293	1033
280	1179
266	1278
265	1369
257	1292
257	1450
301	1357
279	1401
282	1323
293	1097
303	1252
333	1221
298	1227
344	1272
302	1232
317	1287
312	1283
296	1333
263	1258
292	1192
282	1061
299	1260
267	1190
292	1427
290	1288
279	1179
318	1122
295	1329
252	1064
309	1057
285	1012
291	972
259	925
281	924
271	1021
287	1028
300	1070
289	1056
324	1048
328	1280
262	1177
314	1016
326	1040
298	975
302	961
255	896
308	938
295	998
309	912
302	952
289	892
290	957
310	853
316	1105
307	921
317	986
277	1127
278	1020
267	887
306	819
281	908
298	994
281	1041
275	1200
299	1055
290	1174
350	1111
351	1170
337	1260
362	1157
335	1066
349	1152
358	1053
343	1213
356	1157
399	1065
367	1269
349	1146
358	1159
378	991
335	1064
348	1019
314	1052
330	915
376	1001
357	990
362	1025
388	1046
333	1207
398	1115
396	1112
394	1123
346	1023
341	1035
305	987
252	1037
330	1070
287	1209
271	1153
277	1049
283	1011
326	1240
293	1167
299	1134
322	1246
325	1096
306	1080
321	1216
290	1067
349	1052
327	1133
312	1045
296	1006
327	1224
273	1170
297	1114
264	1023
262	946
292	1028
265	1148
299	984
271	861
290	946
298	1017
289	1183
308	1002
293	1005
300	995
292	1174
292	1161
283	1095
306	1157
301	1496
283	1155
294	1078
289	1141
255	1042
279	1228
284	1353
310	1179
283	1131
263	1060
259	1317
236	1153
298	1061
323	1215
281	1144
299	1003
316	1120
299	1043
277	1100
329	1242
265	1073
320	1269
279	1182
316	1165
278	1067
303	1047
282	1185
288	1196
305	1255
282	1254
316	1291
279	1390
255	1250
256	1152
278	1233
275	1216
293	1197
308	1254
301	1275
292	1109
289	1152
241	1253
265	1284
276	1150
293	1298
309	1231
298	1280
317	1135
300	1178
288	1144
301	1122
329	1267
303	1329
318	1396
308	1432
328	1574
264	1389
301	1158
304	1141
299	1132
259	1152
268	1202
302	1226
314	1283
271	1237
324	1315
361	1251
323	1297
320	1234
320	1251
321	1184
313	1272
320	1293
279	1436
301	1456
293	1598
299	1646
352	1579
313	1477
313	1317
346	1349
380	1637
425	1620
404	1581
395	1755
454	1906
386	1891
413	1680
377	1606
400	1610
419	1669
422	1736
426	1592
409	1464
407	1643
481	1747
514	1795
541	1931
578	2135
606	2075
682	2389
761	2348
790	2343
721	2089
680	2316
850	2178
882	2026
936	2145
964	2382
992	2461
1148	2633
1278	3162
1346	3222
1395	3433
1438	3557
1487	3810
1690	3729
1802	3535
1704	3280
1537	2869
1360	2586
1318	2719
1270	2656
1038	2285
1090	2312
1101	2326
1327	2568
1409	2611
1520	2835
1751	3406
1968	3676
2255	4313
2430	4580
2454	5140
2368	5308
2326	5066
2314	4895
2134	4566
1945	3726
1737	3325
1557	3225
1324	2560
1254	2562
1271	2290
1188	2294
1125	2122
1172	2239
1296	2414
1408	2619
1448	2848
1620	3381
1793	4017
1879	4541
1767	4462
1721	4331
1855	4864
1694	5048
1753	4809
1602	3926
1455	3305
1419	3212
1252	3324
1077	3162
949	2872
783	2786
782	2596
839	2702
859	2696
819	2694
795	2360
829	2041
896	2200
1032	1887
882	2003
731	1755
744	1785
739	1898
689	1799
678	1957
549	1610
484	1653
585	1586
629	1662
653	1673
554	1567
506	1417
470	1144
509	1416
486	1357
375	1488
427	1382
411	1255
407	1307
370	1288
348	1131
392	1111
325	1107
307	1227
343	1256
268	1248
283	1350
295	1287
320	1109
283	1085
317	1012
366	1031
310	1092
292	1213
273	1106
280	1412
263	1120
281	1363
279	1183
285	1139
312	1188
297	1165
300	1211
327	1316
313	1272
268	1250
275	1217
305	1078
285	1203
266	1085
299	1254
330	1234
276	1191
319	1161
321	1100
305	1163
308	1137
298	1043
289	998
289	1019
304	1140
325	1214
314	1318
300	1222
348	1079
282	1291
339	1359
306	1169
326	1106
330	1156
294	1155
354	1264
297	1156
290	1340
328	1291
279	1179
318	1230
335	1277
351	1113
321	1161
304	1297
316	1246
325	1129
291	1333
292	1194
311	1251
303	1157
320	1272
299	1182
328	1183
331	1222
337	1284
318	1119
319	1067
293	1035
294	1168
289	1021
283	1169
335	1316
324	1245
308	1043
320	1180
298	1268
398	1131
323	1195
331	1148
316	1162
283	1274
314	1285
328	1083
301	1058
314	1229
353	1158
338	1114
315	1212
287	1072
322	995
308	1046
301	1233
281	1153
291	1035
308	1067
286	1135
300	1066
308	1231
317	1255
279	1434
299	1345
297	1331
270	1457
291	1309
340	1230
324	1244
297	1138
294	1422
288	1227
313	992
338	1031
335	1044
282	989
297	1199
334	1287
353	1295
311	1248
316	1247
305	1287
304	1303
319	1232
286	1197
316	1373
326	1293
296	2231
326	1941
316	2166
292	1283
278	1228
304	1196
322	1253
323	1593
356	1595
315	1265
326	1537
307	1391
322	1287
322	1128
359	1269
360	1406
299	1410
345	1249
379	1260
294	1201
293	1318
291	1281
301	1249
325	1250
348	1293
332	1217
297	1281
324	1510
302	1702
361	1662
345	1636
313	1574
326	1546
307	1400
307	1575
311	1489
296	1513
322	1317
306	1319
321	1255
332	1134
312	1248
322	1247
303	1342
288	1141
335	1089
289	1203
282	1348
295	1240
282	1316
282	1302
318	1079
293	1246
285	1261
327	1693
293	1865
304	1709
272	1528
313	1374
342	1378
282	1481
344	1934
360	2226
311	1620
316	1504
314	1327
275	1224
283	1225
312	1368
302	1312
311	1399
328	1371
323	1261
303	1562
351	1201
270	1081
290	1257
313	1521
305	1797
320	1607
291	1754
271	2128
312	1721
295	1464
327	1334
301	1358
285	1265
303	1176
317	1020
307	1074
318	1418
308	1395
300	1239
335	1275
307	1197
328	985
330	1102
329	1189
321	1203
287	1012
296	1146
282	1200
283	1168
320	1263
330	1364
306	1237
333	1200
317	1235
347	1260
332	1183
314	1108
321	1163
325	1273
301	1213
325	1318
333	1432
323	1372
348	1377
330	1361
300	1202
302	1160
313	1128
363	1346
338	1319
331	1377
315	1398
322	1210
298	1259
305	1113
278	1301
346	1165
322	1112
343	1288
318	1176
331	1380
309	1201
316	1165
329	1196
316	1156
309	1405
297	1259
328	1272
307	1246
323	1165
343	1011
329	1137
339	1155
310	1112
388	1055
347	1007
361	1319
346	1142
352	1143
332	1190
318	1235
334	1272
338	1078
339	1139
344	1158
316	1225
352	1110
336	1095
352	1090
329	1111
350	1183
404	1078
355	1139
335	1122
320	1131
341	1124
343	1099
358	1201
334	1017
333	871
317	1070
352	996
317	1074
327	1116
303	1145
329	1012
322	1202
357	1263
336	1180
329	1228
295	1149
364	1061
329	1141
358	906
348	1043
289	1145
318	1049
338	1135
330	1198
341	1136
335	1045
325	1010
340	1017
356	1300
400	1194
352	1014
360	917
346	1011
357	1124
338	1222
312	1084
367	1176
367	1104
336	1139
364	1172
363	1184
384	1234
382	1255
348	1400
370	1398
352	1266
421	1417
387	1236
396	1152
381	1286
367	1310
369	1116
377	1209
360	1226
349	1245
369	1338
368	1282
383	1014
342	1121
363	1178
371	1123
449	1164
383	1086
386	1116
332	1174
388	1100
361	1131
368	1150
392	1088
361	1123
352	1211
379	1181
357	1132
407	1161
427	1245
416	1103
415	1049
418	1103
371	1072
423	1142
418	1153
430	1278
423	1201
395	1174
435	1211
378	1208
455	1060
396	1151
396	1238
463	1127
437	1189
417	1038
364	1054
384	1054
413	976
381	1238
408	1051
378	1112
383	1125
383	987
374	1186
391	1375
370	1299
370	1138
353	1250
384	1281
401	1123
414	1187
407	1200
388	1297
380	1216
414	1439
422	1391
424	1330
391	1161
363	1285
413	1344
390	1121
399	1210
392	1115
395	1233
402	1373
410	1274
434	1250
428	1108
361	1279
392	1186
446	1243
376	1243
404	1710
413	1472
379	1270
467	1341
377	1250
394	1379
424	1228
464	1450
427	1360
460	1403
464	1413
503	1478
502	1439
501	1409
495	1369
492	1375
534	1399
596	1342
580	1410
652	1758
668	1475
679	1715
645	1815
644	1734
640	1689
632	1769
676	1874
648	1649
620	1597
633	1496
648	1275
676	1248
582	1418
610	1719
634	1511
664	1420
731	1520
753	1433
742	1778
847	1686
862	1450
798	1499
922	1750
923	1989
909	2059
892	1939
866	1707
785	2109
757	2214
673	1988
665	1594
648	1505
556	1481
586	1614
613	1639
631	1508
702	1587
675	1701
842	1453
885	1774
948	1926
926	2090
891	2003
967	2114
896	1831
819	1857
847	1849
784	1720
694	1559
628	1406
670	1723
621	1548
581	1477
611	1387
508	1368
505	1280
497	1529
460	1651
436	2548
474	2445
474	6077
466	3574
459	6998
489	7299
439	5254
413	1490
401	1519
368	1314
394	1198
364	1186
421	1282
355	1264
392	1239
356	1371
372	1214
371	1181
363	1197
383	1214
364	1267
338	1291
354	1193
349	1190
374	1222
379	1103
385	1007
342	1087
347	1334
385	1235
350	1243
368	1110
377	1229
356	1090
332	1105
314	1080
317	1007
356	1227
327	1134
314	915
343	1017
340	1206
346	1073
346	986
363	915
377	1058
384	1117
357	1148
357	1122
386	1097
337	1047
344	1225
341	1251
373	1338
383	1934
353	1458
313	1189
325	1401
335	1151
317	1102
309	1221
322	1252
346	1240
325	1132
351	1234
322	1177
323	1156
360	1131
367	1190
341	1012
343	1051
334	1135
364	1029
328	1196
359	1241
337	1150
306	1149
325	961
331	977
354	1024
328	1254
302	1049
312	1273
294	1180
321	1188
346	1200
350	1054
337	984
315	1076
300	1159
308	1131
333	1146
290	1131
352	1237
309	1101
315	1210
354	1141
354	1058
329	1044
310	1076
290	1128
339	1219
273	1156
330	1098
281	1322
319	1166
399	1032
270	1177
373	1404
306	1172
333	1094
313	1010
317	1061
328	1191
348	1269
323	1092
284	1087
320	1015
301	1227
338	1294
345	1121
354	1073
350	1115
336	1190
361	973
348	1255
334	1260
322	983
353	1106
348	1131
328	1170
323	1073
322	974
326	1039
302	1060
305	1306
311	978
319	810
323	986
332	1162
351	1116
316	1099
317	1092
329	1084
314	1042
324	1059
339	1143
312	1014
344	1072
334	1149
356	1108
324	1067
334	1089
331	972
353	952
288	1155
332	1149
359	1247
333	1033
336	1157
352	1246
362	1241
325	1173
330	1325
327	1216
353	1220
366	996
320	1098
298	1102
323	991
347	1320
341	1436
410	1335
345	1433
309	1127
316	1218
282	1160
346	1131
384	1153
361	1082
390	1022
325	1170
366	990
326	915
352	1170
340	998
364	1093
326	1097
377	1439
306	1137
356	1297
368	1336
341	1347
337	1352
338	1139
381	1027
368	1104
325	1368
370	1264
357	1049
370	906
417	959
388	958
341	914
402	974
417	1014
347	876
372	1048
341	1127
378	1067
360	1085
359	1165
371	1166
393	1312
360	1189
400	1120
450	1037
429	1316
410	1240
404	1046
420	1479
448	1162
407	1113
386	1162
422	1144
379	1081
386	1294
397	1089
411	1114
374	1146
439	1229
376	1333
395	1416
413	1354
424	1139
431	1206
471	1324
449	1254
423	1230
425	1270
467	1271
480	1316
432	1317
465	1181
485	1085
442	1140
401	1198
429	1193
428	1454
451	1189
458	1227
439	1303
410	1452
428	1196
423	1310
476	1321
413	1177
472	1269
473	1211
517	1263
462	1172
471	1041
485	1227
515	1260
462	997
537	1297
551	1247
484	1113
516	1236
564	1369
539	1242
546	1596
611	1408
583	1421
627	1600
570	1416
565	1462
541	1609
574	1367
610	1536
529	1680
663	4839
653	3888
568	2062
584	2896
542	1814
575	1906
503	1648
567	1652
504	1623
488	1441
491	1219
586	1094
547	1186
560	1183
591	1172
589	1108
608	1077
593	1085
617	1082
635	1101
640	1129
640	1083
687	1068
645	1263
615	1157
551	1290
557	1143
612	1047
616	1089
624	1110
656	1181
610	1197
642	1201
637	1137
674	1164
691	1190
707	1210
735	1017
729	1138
721	1219
811	1159
783	1204
769	1079
821	1160
821	1254
860	1060
784	1127
854	1236
791	1285
899	1317
938	1194
883	1312
887	1326
929	1233
1040	1350
1157	1459
1103	1690
1225	1824
1249	2140
1210	2326
1182	2148
1199	1869
1173	1922
1176	1820
1092	1608
1109	1475
985	1406
1045	1180
986	1286
895	1103
933	1091
913	1185
869	1263
1010	1293
1003	1177
1063	1168
1032	1273
1107	1479
1079	1377
1059	1590
1104	1364
1051	1546
1025	1355
1054	1595
919	1484
917	1232
852	1192
879	1430
984	1326
892	1465
823	1388
841	1191
862	1221
860	1201
829	1183
934	1091
862	1238
971	1229
963	1343
1003	1246
1026	1393
1093	1369
1097	1266
1050	1305
1045	1108
1027	1247
1017	1081
1019	1197
997	1392
944	1394
935	1233
924	1299
898	1216
974	1160
1015	1232
961	1253
1009	1314
1023	1368
1080	1193
1164	1158
1115	1207
1118	1099
1044	1268
1049	1289
1051	1314
1027	1209
1011	1171
1061	1212
942	1122
950	1142
921	1264
907	1185
904	1110
984	1218
1026	1274
1026	1128
997	1211
1013	1371
1056	1170
1005	1340
1074	1240
1175	1183
1150	1209
1040	1160
1072	1036
1046	1287
1008	1050
982	991
1038	1049
933	1020
919	1075
906	1098
936	1440
945	1210
945	1251
1012	1131
1054	1304
1025	1191
1039	1502
1062	1538
1042	1171
1064	1259
996	1219
1028	1180
1006	1124
952	1075
926	1169
978	1085
970	1250
867	1134
884	1112
882	1200
909	1176
859	1195
878	1427
820	1183
940	1072
928	1097
949	1030
931	1100
941	1209
947	1204
931	1146
970	1332
885	1286
840	1301
794	1300
812	1083
753	1396
824	1208
793	1158
777	1181
754	1166
842	1207
857	1244
830	1207
853	1163
804	1350
880	1353
855	1300
864	1297
831	1317
822	1135
804	1141
800	1016
758	1245
778	1195
746	1224
721	1258
682	1190
758	1129
719	1221
691	1143
683	1174
699	1223
720	1247
698	1403
740	1486
766	1534
731	1393
721	1922
699	1950
606	1777
671	1739
627	1476
613	1380
619	1249
593	1158
601	1340
537	1255
527	1186
636	1256
607	1197
562	1091
541	1107
534	1141
596	1113
580	1110
549	1197
570	1059
530	929
510	1093
526	1059
545	965
529	889
497	981
484	1138
470	1230
477	1169
467	1004
407	1041
409	973
367	915
401	989
406	1047
395	1196
427	1390
408	1365
433	1235
437	1111
418	1201
455	1160
444	1043
454	1180
414	1144
413	1377
438	1009
416	1109
371	1208
368	1110
416	1287
456	1273
403	1146
392	1205
462	1316
375	1291
412	1174
373	1255
365	1003
375	1046
426	1058
355	1168
385	1240
369	1052
402	1010
321	1033
385	1167
410	1069
401	1030
357	1173
385	1508
341	1447
406	1125
387	1259
331	1208
379	1143
358	1063
332	1096
391	1149
331	1180
381	1218
373	1285
322	1281
333	1370
342	1268
340	1134
348	1258
347	1270
333	1225
338	1098
337	1210
387	1010
347	1035
336	970
344	1006
347	1111
325	1103
343	1055
310	1053
371	1167
330	1306
385	1267
355	1051
339	1016
374	1184
318	1134
329	1130
349	1154
312	1286
358	1235
328	1191
339	1250
312	1021
304	1221
332	1369
311	1290
308	1261
291	1342
318	1245
360	1229
305	1156
293	1099
319	1083
349	1072
326	1056
301	1098
348	1264
289	1191
291	1129
309	1154
282	1237
282	1370
290	1138
300	1000
300	1104
273	1269
299	1366
327	1134
301	1145
313	1245
310	1243
286	1037
272	1283
345	1385
279	1342
333	1198
278	1060
302	1130
288	1109
271	1025
337	1101
317	1136
256	1249
289	1524
311	1278
305	1187
258	1309
286	1173
308	1393
319	1199
324	1180
305	1094
317	1173
296	1303
294	1151
314	1059
271	1187
276	1021
291	1059
291	1213
315	1109
307	1021
345	937
330	1086
309	1295
304	1089
270	1128
288	1008
287	933
273	941
303	986
299	1065
321	1073
355	1223
267	1099
288	1208
293	1339
296	1191
280	1079
301	1308
304	1366
319	1272
291	1286
303	1166
303	1143
292	1178
306	1113
304	1064
274	1077
280	1564
329	3423
321	2504
296	2313
330	2180
285	1249
257	1181
275	1202
272	1151
298	1123
277	1193
316	1177
261	1244
274	1347
286	1293
283	1450
300	1649
317	1570
318	1652
331	1758
279	1798
305	1511
289	1252
306	1322
305	1413
288	1374
270	1359
314	1395
336	1314
327	1307
347	1335
365	1182
352	1210
376	1372
417	1356
394	1498
385	1444
373	1239
410	1087
382	1202
388	1351
359	1301
340	1204
333	1161
311	1108
347	1107
364	1099
352	1239
329	1211
366	1266
354	1361
337	1221
354	1182
309	1299
309	1427
325	1314
335	1310
315	1219
388	1233
328	1409
330	1242
316	1211
307	1116
323	1125
320	1159
270	1183
342	1262
337	1108
271	1002
303	912
326	1049
298	1089
286	1190
331	968
330	934
284	984
346	947
353	1012
328	1022
313	1089
334	1115
335	1026
327	940
301	1042
357	993
349	1049
394	1265
377	1090
334	1145
370	1126
351	1175
402	1099
345	889
361	1162
359	964
356	1064
387	1108
385	1174
397	1137
373	1047
418	975
416	1071
459	960
448	927
417	972
473	974
435	1062
433	1072
403	992
414	1056
430	905
463	994
484	843
424	915
520	1069
483	977
507	1090
483	1114
457	1103
509	1024
494	1167
481	1122
458	1243
494	1304
509	1093
512	1143
459	1046
468	1046
497	1097
478	1067
499	1211
512	1283
485	1187
476	1295
508	1510
470	1497
500	1364
479	1150
487	1240
438	1139
396	1217
432	1133
469	1120
476	1106
473	1094
478	1104
471	1169
436	1201
433	1164
446	1056
413	1012
417	1033
425	1194
425	1300
374	1218
443	1058
378	1076
349	1072
384	1153
418	1048
375	1121
371	1246
376	1043
413	999
367	1056
352	1064
338	1011
372	1097
355	1138
364	1051
366	1078
322	1069
359	1215
306	1361
341	1304
318	1122
327	1226
335	1079
348	1039
331	1107
343	1202
350	1208
345	1171
316	1096
307	1001
330	1027
290	969
301	1167
353	1114
328	994
335	1192
292	1000
315	1056
316	1047
336	1146
313	1287
357	1227
301	1094
346	1040
328	1169
325	1270
327	1112
329	1390
335	1189
345	1116
295	1127
321	1208
298	1186
295	1428
291	1313
298	1451
313	1503
302	1522
308	1535
299	1666
317	2184
300	2039
325	2017
331	1838
317	1594
318	1540
313	1506
316	1545
337	1487
338	1588
373	2820
357	5868
326	4135
330	1685
281	1634
278	1619
317	1990
321	2301
290	2097
278	2041
338	2346
386	5426
390	4195
400	6364
386	6569
345	4098
316	3095
335	3263
410	6841
331	3780
364	4676
336	3955
377	3891
371	3294
388	2509
311	1734
325	1211
283	1070
276	1213
336	1157
293	1236
310	1149
336	1077
328	979
346	1089
316	1074
338	1113
307	978
306	1164
307	997
345	1064
352	1322
326	1241
292	1033
287	1048
329	1094
320	1212
304	1214
299	1240
313	1177
344	1189
331	1245
332	1339
319	1231
301	1098
282	1076
359	1108
294	1101
340	1264
377	1166
312	1152
309	1227
363	1222
318	1344
356	1319
361	1260
300	1340
336	1279
329	1242
345	1017
335	1128
342	1217
299	1179
312	1177
304	1100
309	1240
318	1184
289	1285
327	1333
329	1219
326	1208
306	1148
302	1248
303	1327
311	1313
333	1186
345	1319
330	1541
341	1398
350	2093
384	2811
346	3352
352	2727
364	4308
363	3933
365	1623
367	1444
357	1728
326	1553
377	1242
333	1269
377	1730
380	2474
354	3236
409	3823
361	2567
352	1489
376	1200
382	1314
354	1364
400	1468
420	1315
385	1239
352	1210
426	1224
375	1059
533	1340
525	1172
515	1342
503	1395
550	1477
626	1453
566	1368
559	1473
528	1740
520	1720
524	1489
564	1500
553	1463
491	1361
605	1508
624	1506
624	1467
613	1339
643	1427
565	1454
624	1608
560	1344
623	1367
593	1428
634	1225
643	1325
656	1511
620	1368
636	1377
641	1455
616	1171
619	1367
696	1247
582	1474
614	1400
590	1352
537	1376
539	1529
575	1486
588	1325
511	1383
575	1340
520	1500
560	1431
607	1606
510	1501
522	1310
386	1362
514	1365
440	1368
433	1429
393	1173
399	1296
389	1268
418	1309
340	1196
358	1348
310	1267
363	1330
352	1275
322	1294
340	1305
313	1321
369	1103
341	1256
357	1116
349	1378
341	1225
374	1254
344	1130
332	1137
342	1387
319	1113
330	1242
313	1188
333	1331
320	1477
346	1253
317	1071
338	1168
353	1370
321	1316
315	1295
283	1328
314	1297
260	1366
306	1269
280	1326
300	1271
308	1270
322	1288
306	1370
321	1271
284	1438
295	1474
259	1440
276	1257
250	1347
306	1458
321	1469
309	1351
358	1230
286	1224
315	1219
335	1320
317	1382
346	1441
308	1309
301	1232
344	1375
366	1330
319	1261
328	1117
303	1291
349	1169
318	1318
359	1334
353	1522
350	1262
315	1317
326	1178
341	1222
331	1185
336	1211
322	1287
339	1077
324	1068
293	1081
283	1102
315	1214
307	1364
295	1198
323	1277
321	1317
279	1206
302	1153
294	1149
312	1177
378	1255
321	1342
360	1258
340	1240
354	1159
347	1160
314	1126
338	1260
346	1162
311	1213
335	1206
310	1321
306	1418
303	1438
319	1341
335	1338
359	1317
321	1363
310	1337
308	1295
319	1311
318	1442
318	1470
324	1195
347	1360
303	1408
283	1435
296	1303
306	1359
297	1443
328	1282
331	1484
315	1313
348	1309
315	1241
310	1127
312	1165
346	1061
344	1244
343	1155
338	1042
292	1062
266	1234
328	1313
268	1315
351	1188
346	1140
306	1161
299	1122
296	1251
290	1089
323	1343
328	1211
327	1217
346	1425
329	1058
350	1140
305	1100
309	1065
304	1232
307	1216
298	1292
357	1124
345	1227
286	1039
300	1029
293	1115
357	1070
296	1292
312	1030
329	1031
330	1227
332	1064
323	1061
295	949
327	1079
274	1036
292	1014
299	993
277	995
227	1016
317	950
307	1084
296	1192
309	1136
343	1187
294	1175
316	1144
291	1118
274	1192
284	1247
299	1330
290	1374
350	1381
343	1261
268	1254
290	1087
318	1155
269	1358
306	1269
284	1056
287	1053
311	1323
285	1270
311	1146
293	1296
318	1571
300	1521
333	1451
322	1387
287	1200
294	1193
340	1111
329	1329
268	1313
331	1326
262	1313
301	1085
263	1207
301	1324
279	1035
345	1191
322	1150
326	1197
291	1198
289	1395
327	1092
309	1136
307	1233
318	1175
309	1124
294	1137
293	1107
301	972
289	1151
293	1087
288	1120
268	969
293	1079
327	1040
257	1092
280	1036
291	1046
257	1205
279	1221
320	1135
284	1295
300	1359
295	1195
320	1285
336	1188
324	1175
309	1134
348	1270
326	1537
315	1219
352	1223
332	1165
354	1076
387	1178
418	1408
422	1585
448	1523
451	1702
621	2032
918	2757
937	2754
954	2817
884	2512
1088	3300
1250	3572
1355	3691
1315	3405
1191	3206
1224	3404
1319	3558
1352	3451
1296	3447
1225	3539
1273	3107
1182	3152
1078	2781
1041	2779
1139	3042
1163	3002
1176	2899
1299	3023
1155	2870
1251	3520
1164	3269
1029	3024
1017	2518
991	2335
901	2255
944	2535
803	2247
728	2036
633	1705
646	1706
639	1854
593	1787
530	1833
582	2034
525	1912
526	1667
431	1621
405	1471
403	1298
334	1357
317	1520
360	1512
349	1270
314	1250
326	1394
284	1135
325	1289
335	1145
313	1265
315	1403
307	1437
314	1311
333	1347
330	1486
303	1599
301	1634
328	1578
316	1556
283	1371
290	1464
288	1292
331	1276
283	1111
316	1273
285	1104
263	1120
296	1059
309	1173
312	1551
347	1586
351	1479
315	1212
321	1134
376	1172
316	1178
323	1301
348	1442
306	1369
342	1542
317	1335
302	1461
315	1345
303	1422
311	1218
362	1253
307	1301
328	1339
326	1343
307	1310
280	1242
362	1202
307	1072
320	1068
300	1226
305	1274
333	1332
308	1115
349	1239
293	1207
310	1216
272	1108
307	1260
318	1198
304	1241
301	1168
321	1195
304	1114
322	1195
317	1285
334	1221
332	1330
319	1411
359	1418
375	1180
344	1438
322	1406
306	1378
287	1376
329	1305
300	1229
318	1184
320	1383
302	1365
365	1258
312	1146
317	1307
282	1097
326	1411
296	1243
353	1167
335	1194
316	1225
340	1244
345	1311
308	1024
338	1127
326	1152
306	1349
351	1496
327	1550
316	1437
325	1203
287	1213
297	1115
272	1071
331	1097
360	1114
345	1210
343	1251
321	1308
293	1267
300	1202
324	1199
311	1028
299	1256
366	1278
294	1063
349	1077
319	1212
342	1019
335	1140
325	1043
310	983
338	1216
344	1210
330	1299
374	1019
327	1173
336	1113
315	1113
325	946
318	1106
282	1238
327	1295
300	1308
306	1315
299	993
352	998
311	1083
305	970
296	1130
308	1056
315	1278
351	1165
303	1153
283	1174
336	1255
320	1160
332	1185
326	1121
328	1149
325	1082
328	1006
286	1008
350	991
321	1039
291	992
293	879
317	1053
343	1050
251	1079
323	1091
311	1148
249	1102
323	998
275	1094
308	1099
279	1074
340	982
299	1161
320	1250
341	1053
331	1139
317	1036
321	986
313	1101
322	967
302	887
272	963
336	858
284	865
305	813
272	980
320	1045
292	1009
316	1051
329	1066
325	1041
288	929
325	932
327	1071
325	1013
285	1082
354	1030
298	1094
324	1204
333	1125
345	1123
322	1227
300	1313
310	1184
379	1093
340	1058
306	1145
322	1077
298	1170
371	1093
327	1170
278	1198
307	1060
341	1247
313	1176
312	1093
312	1162
336	1155
360	1082
370	1064
326	1201
279	1070
308	1255
380	1204
355	1197
301	1120
318	1038
350	1092
338	1171
295	1109
320	1073
317	1012
327	1117
340	1334
348	1124
328	1147
353	1139
312	1213
313	1076
383	1022
361	1214
332	948
303	1069
310	1100
327	1069
347	1124
375	1152
321	1242
369	1209
339	1226
319	1196
309	920
331	1065
314	966
354	1042
330	997
322	1088
308	1323
321	1347
320	1615
355	1696
416	2066
355	2029
361	1694
373	1798
379	1741
329	1924
344	2007
371	1810
422	2334
355	2519
391	2547
380	2618
392	2420
367	2400
353	2335
433	2499
382	2894
391	2608
428	2368
396	2572
394	2599
331	1690
320	1264
369	1682
391	1625
372	1600
322	1918
344	2131
345	2020
352	2261
335	2265
371	2695
388	3213
399	3363
432	2734
369	2016
326	1914
351	2156
397	2655
378	2395
411	2554
371	2347
407	2415
426	2593
402	2345
379	1718
372	2417
408	2431
409	2119
437	2360
365	1842
414	1763
371	2345
428	2104
390	2141
382	2039
383	1971
372	2159
426	2813
459	3578
436	3182
439	2729
383	2087
428	1900
373	1877
413	1988
431	2057
422	2856
419	2958
471	3010
507	3034
412	2881
464	2503
479	2575
536	3020
533	3311
510	3673
522	3334
557	3926
527	3748
560	4103
487	3791
497	3928
474	4678
571	5903
529	4671
516	3276
555	4495
616	5254
590	4245
618	4456
602	3555
539	2450
592	2420
608	2965
604	3729
703	3819
640	3872
643	2582
601	2874
595	3292
512	2659
550	2089
542	2153
521	2046
540	1896
524	1723
536	1969
521	1959
497	1975
479	1911
492	2181
479	2231
400	2369
495	2446
465	2104
380	1677
377	1608
432	1911
443	2322
434	2055
404	1430
389	1637
470	1657
368	1587
380	1704
381	1582
333	1398
328	1632
391	1817
382	1659
419	1462
374	1561
381	1879
334	1684
375	1227
376	1165
388	1166
383	1032
326	1137
337	1193
386	1171
389	1205
366	1303
368	1175
365	1266
345	1247
378	1291
326	1283
351	1593
355	1334
326	1215
391	1166
313	1241
378	1699
357	2282
328	2035
338	1346
288	1092
327	1124
348	1225
317	1011
316	1067
318	1265
321	1257
356	1373
331	1447
319	1514
344	1303
319	1374
306	1274
302	1396
269	1309
278	1283
334	1447
351	1331
383	1279
314	1178
359	1178
301	1109
343	1237
331	1097
316	1097
300	1200
342	1350
350	1358
340	1641
332	1613
312	1335
345	1431
361	1600
343	1759
323	2056
368	2264
334	1961
394	1829
333	2084
361	2228
369	1972
337	1617
310	1149
324	938
364	1328
344	1208
358	1087
320	1196
313	1124
353	1073
334	1078
374	1094
358	1092
303	1274
344	1665
300	1607
327	1436
304	1617
334	1432
284	1329
332	1244
291	1127
314	1117
350	1053
335	1082
312	1072
309	1100
336	1244
309	1226
313	1175
337	1218
350	1203
349	1118
381	1225
318	1031
327	1063
363	1054
357	1122
340	1057
287	1233
323	1117
327	1174
303	1019
343	1170
337	928
324	1053
338	1015
332	1020
334	932
368	976
315	997
288	1113
323	1085
335	1185
319	1225
311	1322
316	1198
287	1152
296	1198
333	1270
318	1171
342	1179
294	1196
338	1235
326	964
298	1006
278	970
322	1128
300	1029
291	1045
319	1112
294	1115
267	1065
272	1172
307	1184
294	1111
321	1123
285	1109
286	1016
275	1131
317	1026
339	1124
288	1144
342	1208
327	1278
309	1110
335	1105
319	1122
337	1209
343	1371
299	1194
295	1056
341	1210
303	1196
323	1197
280	1059
313	1267
315	1217
288	1320
285	1171
269	1143
294	1321
306	1281
279	1089
329	1127
296	1034
333	1006
342	1157
295	1264
299	1077
338	1196
310	1347
328	1301
285	1001
304	1082
317	1143
332	1284
281	1188
306	1004
262	1133
306	1072
299	1014
326	1178
335	1091
324	929
343	951
320	1008
300	947
311	918
295	959
310	1051
283	959
297	1168
295	1200
283	1172
281	939
321	1024
299	1042
339	1053
316	1076
290	1158
287	1369
285	1152
294	1169
327	1213
285	1131
288	1035
285	1042
297	1134
280	1104
312	1061
308	971
327	1136
301	1270
281	1107
273	1036
300	1077
294	1170
302	1087
275	1164
307	1267
322	1173
352	1173
289	1140
329	1263
322	1184
321	1188
305	1212
325	1154
323	1340
298	1236
316	1337
317	1182
317	1074
323	1070
309	991
339	1184
307	1120
288	1097
289	1248
314	1262
343	1189
249	1078
303	1113
301	1202
317	1135
320	1065
309	1018
302	1117
331	1147
337	1193
286	1107
298	1320
321	1249
287	1195
297	1126
300	1047
297	1078
290	1248
316	1238
312	1019
306	1041
303	1046
304	1120
301	1061
287	1114
285	972
294	900
305	982
315	1086
324	862
293	1020
311	1001
302	984
306	1054
290	979
289	977
255	895
287	888
290	990
252	987
245	962
302	1187
289	1004
292	1058
290	1030
274	893
319	989
289	1267
321	1193
308	1132
292	1047
329	1260
294	1198
292	1208
273	1129
288	876
276	999
296	928
294	1038
288	983
325	1155
284	1265
335	1105
303	1173
290	1191
282	1284
279	1256
281	1146
307	1174
274	1261
292	1102
292	1232
296	1453
317	1382
310	1440
335	1098
258	1150
285	1261
267	1009
306	1095
306	1232
271	1227
285	1328
292	2082
275	2023
311	2532
334	3962
300	3990
333	3743
321	3502
302	2663
296	2609
250	1631
335	1791
292	1669
264	1602
315	1460
294	1303
295	1271
285	1158
290	1365
298	1348
298	1183
279	1103
254	1103
297	1286
289	1400
272	1249
289	1157
308	1059
261	1042
273	1067
253	1166
244	1188
271	1167
261	1082
295	1226
297	1309
314	1284
328	1392
263	1294
341	1377
303	1278
307	1134
321	1305
298	1171
299	1024
317	1198
310	1215
299	1196
276	1376
276	1183
312	1180
325	1164
317	1042
302	980
332	1153
323	1095
290	1094
305	1066
268	1171
275	1245
312	1079
321	1129
299	1118
281	1139
301	1013
288	1077
312	1093
314	1320
269	1138
295	1134
299	1127
283	1214
279	1189
335	1078
314	1186
362	1318
315	1275
352	1184
338	1224
285	1200
304	1087
292	1109
254	981
330	1137
297	1082
315	1149
292	1251
296	1174
313	1139
292	1092
297	1064
296	1203
354	1135
340	1090
334	1092
276	1191
306	1040
308	1073
310	1058
284	1174
289	1013
282	1152
297	1092
294	1275
295	1146
296	1336
289	1317
334	1121
325	1153
288	1123
317	1177
308	1047
318	1036
317	1006
320	870
306	1001
268	1010
286	950
299	1179
287	1072
274	1099
286	1172
272	1172
310	1257
369	1269
364	1273
290	1060
290	1076
260	1302
323	1307
329	1173
337	1222
305	1127
275	1238
300	1077
300	1225
324	1234
313	1275
330	1308
330	1301
327	1053
284	1035
327	971
320	1140
293	1105
318	1270
278	1182
272	1311
286	1174
314	1117
288	1058
300	1195
318	1190
275	1259
332	1164
274	948
298	1053
295	1049
293	1147
336	1031
291	1168
244	1064
281	1037
299	1290
319	1252
347	1222
330	1200
288	1064
314	1174
300	1077
323	1424
294	1093
316	1080
302	1081
296	1388
340	1602
312	1377
310	1268
283	1254
292	1061
277	1217
266	1064
292	1269
351	1364
289	1155
308	1091
282	1115
288	1041
277	1003
297	1028
269	1071
290	1048
272	1186
277	1037
275	1075
291	1159
317	1012
285	1043
249	1114
298	1098
275	926
297	944
310	1053
275	909
319	934
289	907
259	973
318	1039
284	1026
286	922
297	1016
310	1286
308	1211
316	1149
329	1171
378	1145
377	1277
351	1278
342	1274
471	1494
516	1683
521	1733
519	1645
505	1634
579	1587
619	1811
618	1938
661	1990
643	1924
661	2161
605	2283
608	2356
724	2767
680	2808
753	2945
701	2739
605	2490
604	2302
557	2120
473	1783
480	1758
462	1799
510	1991
442	1940
451	1513
406	1584
369	1413
357	1488
363	1582
351	1730
370	1454
307	1300
351	1331
337	1632
335	1494
324	1334
306	1363
317	1177
282	1172
279	1085
312	1103
305	1293
304	1333
300	1309
301	1428
284	932
329	1008
311	1093
357	1172
313	1178
302	1280
328	1212
345	1153
328	1103
310	1183
330	1051
340	1083
293	1186
373	1228
338	1195
405	1120
381	927
395	1123
387	1071
347	1034
326	1023
355	1070
341	1151
344	1177
347	1098
353	1225
363	1317
368	1381
407	1331
388	1668
423	1550
362	1297
380	1314
346	1353
351	1378
323	1245
339	1096
358	1067
354	993
351	1135
355	1178
359	1137
377	1140
348	1158
372	1122
346	1038
346	1118
355	1094
339	1048
308	1090
322	1132
332	1059
292	1285
330	1154
298	981
308	1131
318	1065
327	1043
330	1145
314	1044
262	1106
237	1047
331	989
316	990
287	905
294	1081
315	1147
331	1207
282	1261
278	1274
322	1206
292	1211
320	1316
302	1264
314	1179
314	1211
286	1326
364	1152
277	1198
282	1033
283	1112
303	1141
330	1049
289	1100
298	1228
266	1248
311	1464
338	1253
344	1255
290	1201
308	1193
317	1224
289	1217
299	1182
336	1238
302	1219
310	1067
325	1181
314	1328
298	1258
256	1264
328	1278
326	1388
306	1303
333	1257
349	1121
344	1088
312	1118
313	1187
320	1255
345	1214
316	1215
326	1166
264	1185
328	1263
330	1273
287	1164
306	1125
297	1062
335	913
301	1114
275	1087
362	1048
299	1219
338	1171
275	1070
299	1183
301	1381
318	1104
297	1134
300	1172
330	1140
333	1243
346	1199
314	1033
351	990
304	1019
298	974
329	1018
312	1002
270	967
342	1031
322	1089
323	1003
405	1080
368	1037
320	1051
289	966
297	1063
345	966
342	1009
361	1047
284	1179
327	1004
332	1009
336	1096
307	1074
319	1181
276	1027
324	1076
343	1108
334	1130
305	1056
332	928
313	1016
309	970
324	1004
334	1177
306	1181
305	998
307	963
332	988
311	907
335	1025
348	1007
286	1051
341	1128
343	1200
303	966
302	1196
310	972
302	1001
305	1023
330	968
319	1174
313	1092
326	1046
318	1193
312	1173
335	1142
337	1050
297	1114
298	1264
351	1241
293	1002
302	1132
293	1151
313	1033
330	1181
336	1010
333	1069
311	1115
300	1081
295	1123
304	1106
284	1053
301	1250
340	974
305	1085
336	1178
293	926
294	958
277	977
263	1091
300	1061
311	1123
280	1169
312	1174
347	1203
309	1224
304	1227
345	1335
357	1381
392	1178
323	1106
348	1021
340	1196
369	1228
299	1087
329	1234
329	1196
335	1094
335	1019
315	1101
303	1113
298	1141
322	1168
306	1166
294	1033
324	1145
292	1083
301	1137
311	1097
317	1180
313	1393
306	1216
331	1092
304	1180
296	1224
341	1291
258	1298
286	1198
293	1304
337	1219
323	1319
294	1367
313	1580
291	1224
315	1297
311	1131
332	1083
322	1285
283	1269
260	1130
285	1235
309	1254
300	1214
299	1225
274	1351
306	1046
310	974
286	1088
302	1237
289	1142
305	1259
287	1173
298	1096
297	1106
301	1248
269	1291
285	1198
333	1194
308	1245
257	1198
276	1135
270	1062
298	1181
307	1145
325	1041
316	1264
329	1164
334	1161
362	1120
304	1070
265	996
279	966
301	1157
332	1076
299	983
303	1137
282	1142
294	1120
290	1199
344	1232
294	1304
323	1255
301	1158
328	1142
304	1121
301	1065
314	1315
335	1272
329	1314
331	1116
340	1044
309	1156
286	1212
339	1202
279	1110
343	1050
296	1326
309	1418
331	1198
290	1138
382	1286
337	1215
378	1196
322	1157
353	1250
316	1256
365	1261
346	1464
354	1531
344	1626
354	1374
378	1470
374	1587
367	1515
373	1418
360	1546
375	1336
357	1443
357	1328
373	1395
376	1287
359	1336
401	1403
337	1661
358	1444
317	1364
318	1271
337	1363
382	1444
372	1540
351	1362
365	1170
367	1149
332	1346
342	1271
304	1428
317	1197
395	1184
355	1301
310	1148
309	967
340	1072
302	1304
360	1025
328	1013
336	1038
326	1124
323	1185
346	1463
315	1379
337	1276
301	1215
336	1234
329	1338
339	1238
304	1235
349	1226
330	1387
350	1274
273	1143
363	1167
347	1198
334	1192
352	1227
353	1161
373	1157
374	1061
351	993
340	1198
342	1397
348	1218
352	1310
334	1277
360	1187
346	1159
354	1164
391	1229
353	1092
400	1202
373	1237
404	1308
390	1230
400	1111
372	1118
349	1103
353	1326
369	1215
375	1344
377	1209
353	1265
371	1336
373	1207
403	1252
317	1116
380	1217
363	1226
346	1153
370	1268
379	1286
364	1135
373	1187
406	1113
397	1099
372	1319
379	1321
427	1390
421	1357
463	1453
443	1452
390	1306
402	1427
441	1395
399	1295
368	1442
387	1185
402	1139
381	1144
421	1129
400	1297
415	1487
458	1366
413	1273
459	1434
459	1224
461	1347
465	1358
438	1181
419	1172
416	1127
455	1264
383	1146
416	1274
403	1259
393	1296
432	1405
444	1326
443	1312
523	1215
483	1307
533	1532
531	1606
507	1532
533	1539
500	1351
535	1407
471	1233
433	1494
442	1314
476	1156
453	1120
406	1267
453	1107
406	1169
439	945
410	1124
424	1159
380	1070
440	1168
418	1187
420	1276
501	1325
465	1135
433	1280
412	1210
449	1183
432	1178
484	1264
395	1182
391	1220
399	1201
434	1249
381	1097
379	1122
406	1097
414	1142
410	1164
369	1129
432	1100
400	1184
377	1223
391	1160
435	1046
390	1100
401	1082
411	1142
355	1069
395	1013
370	1206
385	1103
368	1249
422	1154
375	1286
391	1174
347	1023
364	1098
367	1051
364	1032
354	1096
384	1042
373	1157
408	1050
364	948
369	1059
400	1192
342	991
328	1116
368	1034
399	1053
355	1113
338	1155
377	1245
411	1149
380	1181
414	1407
370	1232
381	1253
390	1184
387	1251
342	1242
373	1217
353	1292
383	1026
381	1175
349	1225
389	1203
367	1239
378	1062
328	1252
387	1251
407	1286
409	1335
401	1338
400	1429
415	1405
435	1300
456	1327
485	1209
474	1148
464	1333
427	1146
399	1183
421	1241
412	1112
439	1146
439	1301
451	1255
551	1094
550	1373
668	1589
719	1717
777	1696
886	1864
928	1830
916	1900
895	1811
874	1842
866	1872
828	1915
764	1626
821	1519
789	1604
771	1543
682	1339
652	1206
567	1285
637	1215
723	1300
643	1379
613	1224
604	1179
678	1273
648	1425
713	1200
646	1254
590	1269
493	1143
530	1102
450	1046
407	1036
437	1129
411	1081
410	1174
420	1161
407	1108
377	1052
408	1251
390	1399
455	1472
424	1394
394	1343
395	1388
373	1348
374	1456
392	1326
369	1295
413	1259
420	1319
361	1207
385	1143
379	1223
339	1220
358	1293
327	1105
362	1072
349	1296
355	1098
364	1195
352	1195
351	1126
352	1395
351	1097
390	1290
359	1180
360	1300
364	1359
333	1275
330	1037
320	1300
345	1302
300	1371
354	1309
324	1181
319	1407
372	1424
330	1253
328	1105
331	1211
344	1151
354	1117
356	1077
377	1246
395	1306
367	1260
374	1125
360	1240
376	1311
390	1242
410	1085
344	1125
402	1246
385	1127
409	1137
446	1074
440	1315
435	1080
439	1096
404	1175
402	1166
401	1178
395	1132
359	1222
327	1233
362	1166
352	1194
307	1249
332	1237
338	1351
326	1258
378	1191
380	1260
360	1142
357	1068
370	1225
374	1358
346	1248
364	1334
373	1339
404	1342
393	1648
371	1833
317	1865
411	2220
353	2419
353	2040
360	1652
326	1325
338	1092
307	1284
339	1214
374	1283
348	1582
368	1862
337	1598
338	1494
340	1533
351	1498
344	1391
352	1350
333	1294
376	1599
364	1605
347	1234
332	1304
368	1486
339	1553
351	1688
338	2189
324	1518
337	2553
373	3165
396	3148
321	3192
349	2750
379	2558
317	2301
338	1867
381	1655
319	1368
363	1269
313	1179
359	1004
331	1145
308	1165
343	1296
328	1086
365	1070
344	1129
314	1116
317	1176
339	1114
336	1322
355	1342
310	1317
301	1104
309	1106
290	1116
342	1165
332	1026
289	1018
308	1139
280	1308
320	1159
366	1058
287	1058
309	1082
343	970
324	972
312	1260
340	1187
306	997
344	1029
311	1073
318	1242
294	1368
347	1461
289	1110
306	1044
298	960
335	1174
318	1119
302	1179
299	1356
335	1394
307	1280
296	1183
283	1117
346	1212
293	1228
291	1138
296	1346
321	1304
308	1225
299	1229
334	1164
319	1071
260	1116
316	1270
281	985
266	1021
309	987
309	992
319	1122
292	1043
336	1204
292	1021
269	1291
291	1062
323	1194
336	1222
317	1360
304	1251
352	1309
343	1204
325	1217
319	1212
284	1004
334	1096
250	1086
265	1167
303	1110
282	1188
270	1045
289	1105
299	967
287	929
290	1078
294	1077
318	1108
294	1136
314	1238
261	1282
291	1363
290	1112
331	986
318	1005
323	1061
334	1048
307	1033
285	1031
282	941
334	1142
327	1263
306	1200
341	1462
363	1721
414	1519
357	1510
308	1383
354	1398
308	1199
322	1170
326	1181
358	1159
371	1337
282	1504
332	1516
360	1573
334	1888
370	1764
359	1470
359	1481
341	1745
382	1635
366	1382
396	1381
347	1453
422	1209
417	1073
344	1220
348	1268
345	1132
338	1210
390	1111
344	1244
336	1265
318	1475
290	1612
297	1277
349	1133
298	1450
364	1437
314	1506
349	1488
309	1333
317	1142
348	1141
370	1154
385	1143
342	1179
347	1085
299	1188
327	1367
363	1812
317	1504
344	1129
309	1055
304	1133
337	1164
320	1020
315	989
331	1128
316	1034
338	1150
329	1282
283	1053
301	1110
285	1209
277	1254
294	1264
327	1311
265	1227
282	1088
296	1249
305	1262
309	1218
274	1431
305	1355
284	1227
292	1353
255	1103
289	1081
290	1114
285	1205
287	1164
248	1210
300	1109
297	1106
287	1219
302	1280
298	1089
317	1081
298	1242
285	1326
282	1309
259	1216
267	1084
286	948
286	1308
278	1307
298	1337
275	1194
271	999
304	1240
314	1185
300	1263
286	1184
267	1126
288	1274
279	1225
296	1385
296	1321
265	1262
262	1198
316	1195
275	1133
334	1256
291	1372
309	1197
310	1311
309	1250
297	1335
289	1347
299	1253
275	1206
261	1452
275	1127
307	1109
301	1215
296	1237
271	1386
261	1300
320	1196
287	1294
300	1289
287	1351
251	1359
270	1246
283	1380
281	1240
282	1080
281	1019
263	983
271	1021
262	1135
247	1225
260	1136
257	1196
272	1232
279	1232
278	1224
278	1307
252	1222
284	1210
275	1176
278	1254
284	1149
261	1062
269	1075
252	1116
310	1086
305	1111
269	1106
294	1091
285	1137
301	1122
301	1115
321	974
284	911
278	1143
294	1260
269	1146
291	1058
281	958
298	1035
286	1020
297	1164
317	1069
306	946
272	1014
277	1028
288	1213
276	1125
288	1100
296	1212
291	1260
265	1065
252	1170
294	1412
338	1292
306	1068
275	1275
280	1198
277	1290
298	1266
300	1253
310	1034
303	1163
290	1202
306	1133
312	1208
321	1024
349	1096
257	1272
278	1132
293	1123
288	1163
262	1178
312	1018
284	1314
300	1346
291	1231
281	1250
277	1152
273	1171
292	1069
268	1226
309	1069
322	1145
289	1309
310	1093
311	1184
315	1163
303	1089
290	1135
324	1326
316	1290
311	1166
316	1084
301	1262
294	1285
332	1320
344	1272
314	1220
315	1061
350	1221
320	1173
295	1133
326	1094
284	1048
327	1169
339	1243
305	1272
365	1205
359	1124
361	1258
401	1140
393	1193
332	1253
341	1056
389	1121
371	1187
371	1184
332	1112
390	1234
442	1200
428	1124
388	1173
373	1003
347	1154
344	1189
382	1446
437	1503
384	1253
468	1215
535	1269
490	1299
495	1332
508	1257
468	1265
472	1237
404	1355
413	1495
397	1336
332	1399
363	1210
347	1394
359	1144
379	1184
361	1176
337	1049
413	1164
429	1280
432	1215
410	1303
441	1243
479	1444
384	1421
433	1293
458	1402
437	1159
432	1281
410	1447
415	1509
426	1393
433	1219
408	1298
393	1375
408	1401
401	1373
397	1371
457	1342
451	1326
503	1477
537	1388
441	1410
498	1333
487	1462
473	1401
516	1444
516	1338
462	1321
462	1404
500	1282
460	1608
463	1520
458	1701
447	1562
425	1532
466	1581
515	1689
464	1517
511	1631
462	1473
516	1624
478	1586
588	1544
571	1743
532	1661
492	1462
465	1407
463	1381
456	1457
395	1478
402	1473
407	1393
391	1632
442	1567
462	1649
491	1968
463	1900
451	1670
484	1816
516	1932
561	1599
507	1594
558	1453
495	1546
520	1846
466	1851
446	1670
468	1675
470	1602
449	1536
417	1408
452	1421
426	1359
485	1595
457	1503
458	1684
477	1429
451	1500
509	1472
490	1695
579	1619
570	1696
574	1707
565	1591
475	1568
500	1458
505	1404
500	1414
516	1334
486	1360
490	1238
504	1309
522	1469
536	1478
511	1358
501	1354
533	1499
541	1384
534	1390
562	1503
603	1453
571	1459
626	1596
634	1398
641	1438
603	1480
616	1412
549	1336
553	1158
573	1349
546	1301
562	1210
543	1313
494	1226
521	1217
546	1191
531	1364
548	1277
514	1252
585	1290
654	1463
598	1413
600	1519
600	1517
624	1586
586	1616
579	1470
614	1637
684	2036
704	2489
709	2555
705	1933
643	1538
688	1765
808	2366
745	2294
757	2163
802	2330
1057	3351
1475	4883
1922	5714
2124	5695
2313	5366
2675	6256
3070	7626
3245	8869
3218	9106
3262	9093
3114	9151
2980	9149
2600	8604
2325	7307
2246	7107
2155	7033
1995	7136
1946	8417
2220	10152
2200	9981
2267	10575
2392	11367
2755	12050
3161	12402
3321	13057
3475	13056
3584	12545
3455	11876
3375	11849
3337	12111
3193	11707
3138	11303
2779	10495
2487	8658
2076	6590
1770	4532
1652	4022
1650	5303
1734	7200
1667	5694
1853	5030
1811	5788
1892	7361
1834	9066
2127	10481
2111	11164
2283	12197
2036	11354
1512	8164
1384	6961
1410	8165
1461	7785
1121	6317
829	4340
640	2929
622	2395
607	2246
524	1901
506	1891
488	1986
515	2451
543	2437
520	2460
507	1764
427	1731
530	2007
527	2283
588	2519
522	2161
519	1682
506	1658
499	1667
494	1611
465	1564
471	1469
489	1731
472	1576
436	1464
465	1347
476	1386
467	1431
458	1495
509	1508
536	1460
612	1470
635	1321
662	1285
620	1227
614	1402
660	1444
740	1322
761	1312
763	1465
821	1471
848	1685
869	1832
980	1994
937	1941
900	2248
1012	2268
1013	2317
1073	1954
1101	1760
1048	1738
1089	1724
1001	1880
988	1768
938	1441
940	1427
935	1487
915	1678
1008	1807
1029	1760
1256	1927
1490	1896
1707	2231
1758	2701
1825	3137
1865	3337
1934	3398
1635	2989
1586	2734
1507	2268
1368	2286
1132	2041
1135	1799
970	1949
1002	2591
963	2217
1016	1933
1022	1930
979	2327
948	3232
1066	3372
1116	2841
987	2066
963	1721
854	1624
911	1566
925	1770
927	1808
796	1614
747	1542
774	1505
764	1392
698	1367
634	1401
553	1215
562	1275
542	1331
584	1250
520	1247
454	1374
421	1152
479	1338
457	1293
423	1243
425	1291
406	1373
420	1227
430	1250
366	1248
379	1149
358	1123
384	1173
403	1181
402	1143
338	1063
380	1160
380	1226
388	1261
359	1195
384	1333
345	1248
337	1164
344	1348
344	1432
339	1394
387	1339
341	1382
351	1530
374	1479
385	1305
374	1311
348	1280
365	1099
324	1097
351	1200
341	1151
338	1021
377	1135
339	1056
294	1129
316	1117
341	1166
323	1110
314	1041
322	1036
323	1052
325	1191
308	1360
309	1054
340	1213
341	1290
328	1107
318	961
331	1027
300	996
344	1050
355	1054
319	1096
331	1037
291	1062
318	1062
321	1134
308	1122
365	1209
312	1166
343	1157
314	1029
294	1004
316	1107
312	1112
299	1128
275	933
309	1118
339	948
321	1076
331	1261
350	1243
304	1155
329	1099
291	1082
282	1056
353	1066
321	1152
276	1191
288	1264
313	1101
299	1130
299	1408
316	1185
330	1488
313	1519
319	1326
297	1260
298	1386
341	1461
314	1303
304	1274
298	1208
310	1290
328	1307
315	1382
295	1273
328	1217
345	1189
302	1152
289	1174
342	1126
327	1057
333	1121
368	1309
297	1187
323	1234
319	1075
343	1116
321	863
296	1120
358	1142
298	1401
317	1385
281	1430
293	1374
321	1204
299	1093
342	1120
310	1126
313	1075
339	1047
320	1145
322	1283
367	1487
343	1337
336	1143
323	1168
315	1121
288	1111
332	1105
307	1109
316	1010
316	1076
360	1130
344	1054
343	1077
359	1254
371	1049
360	1113
338	1026
408	1014
323	1145
388	1184
389	1170
328	1239
352	1250
363	1314
371	1077
329	1143
391	1316
331	1284
350	1165
350	1048
365	1010
360	1108
345	1124
322	1229
311	1227
306	1261
323	1224
310	1235
315	1195
346	1158
338	1201
330	1075
333	1064
317	1177
302	1146
322	1164
308	1058
359	1043
318	1157
293	1087
325	1176
309	1332
300	1316
291	1190
330	1233
323	1135
332	998
293	1091
328	1054
321	1273
292	1067
281	1130
307	1264
305	1347
314	1359
295	1338
262	1310
306	1109
262	1182
298	1165
312	1355
268	1115
286	1259
318	1287
262	1127
257	1103
324	1205
315	1210
302	1296
277	1414
270	1088
324	1076
295	1064
323	1097
304	1178
303	1116
286	1061
319	1188
311	1026
304	1170
291	1178
313	1376
326	1303
321	977
302	1033
308	968
315	1053
284	1128
310	1160
315	1028
281	1188
314	1201
312	1041
261	1017
311	953
299	1143
302	1113
335	1245
289	1128
337	1264
305	1277
341	1381
346	1175
332	1137
368	1220
351	1266
322	1090
314	1122
358	994
370	1080
332	1143
384	1210
359	1332
338	1234
333	1275
333	1120
307	1105
317	1067
310	1061
318	938
317	1055
308	1179
352	1067
290	1153
309	1202
275	1239
301	1253
335	1511
346	1251
267	1448
286	1239
305	1204
324	1211
313	1249
337	1160
288	1087
333	1140
290	1327
325	1480
321	1366
293	1340
282	1139
307	1256
302	1248
263	1199
341	1213
301	1174
286	1178
317	1339
306	1132
302	1251
304	1265
293	1250
264	1320
308	1106
311	1296
321	1376
319	1511
298	1379
304	1480
289	1465
341	1574
371	1539
320	1382
293	1040
317	1074
326	1053
332	1057
327	1083
339	1069
313	1013
315	1121
302	1148
317	1101
304	1186
303	987
320	1068
332	943
329	1042
286	1056
311	1177
297	1166
287	1124
311	1141
357	1126
319	1167
364	1302
357	1170
335	1185
280	1208
287	1429
328	1188
332	1162
350	1398
303	1470
335	1567
345	1417
318	1399
369	1414
307	1275
357	1444
314	1361
327	1175
313	1399
317	1510
358	1470
308	1476
308	1546
324	1491
362	1255
301	1343
316	1273
357	1361
317	1472
337	1298
270	1220
309	1324
302	1385
305	1413
336	1391
289	1419
300	1406
318	1390
324	1278
318	1304
353	1478
316	1643
373	1686
314	1450
321	1490
315	1543
327	1383
309	1257
302	1466
353	1208
324	1140
275	1134
317	1217
312	1125
305	1115
310	1290
332	1200
326	1141
323	1392
306	1401
327	1399
339	1371
329	1353
323	1366
348	1505
301	1809
344	1770
312	1288
296	1152
341	1266
297	1382
272	1392
291	1230
296	1490
308	1221
301	1278
322	1339
298	1140
331	1321
300	1315
310	1146
298	1257
303	1427
301	1371
307	1281
302	1185
307	1182
300	1291
307	1198
346	1251
309	1211
299	1249
326	1342
321	1380
299	1423
348	1414
304	1249
298	1182
274	1261
311	1288
247	1271
289	1124
310	1128
308	1207
283	1347
309	1119
281	1102
281	1164
325	1086
283	1179
315	1075
301	1149
274	1161
306	1156
324	1188
315	1318
326	1152
324	1162
283	1195
326	1203
323	1340
344	1193
351	1295
289	1161
282	1174
328	1188
314	1351
341	1326
321	1444
306	1292
284	1369
282	1228
335	1168
319	1044
328	1126
293	1155
266	1015
316	1129
310	1120
294	1249
319	1320
307	1299
383	1236
320	1280
337	1343
312	1166
339	1232
310	1407
366	1444
307	1295
356	1426
351	1329
359	1238
318	1394
375	1255
309	1170
322	989
317	972
288	889
380	1111
327	1230
329	1051
327	1118
321	1085
350	1184
335	1323
310	1266
347	1236
327	1072
364	1160
382	1184
347	1136
371	1140
326	1180
380	1243
336	1284
353	1330
337	1309
403	1177
346	1248
375	1359
344	1174
294	1298
343	1151
287	1170
351	1188
320	1258
306	1348
333	1416
291	1310
339	1368
308	1310
315	1214
325	1001
316	1268
291	1284
291	1297
281	1282
283	1241
280	1194
289	1262
274	1128
281	1251
294	1364
303	1326
282	1174
324	1063
310	1144
281	1100
319	969
281	1088
293	1049
266	992
265	1057
302	1119
326	993
280	1152
329	1108
325	1100
269	1024
267	1068
314	1125
307	1114
312	1006
291	1010
297	956
302	1011
299	1102
293	1198
310	1178
340	1210
365	1136
299	1143
279	1082
335	1033
288	1060
312	1036
304	963
291	1078
278	1050
334	1370
319	1343
296	1179
288	1194
308	1262
266	1105
301	1254
304	1125
322	1150
327	1251
271	1060
328	1035
302	1067
276	1082
321	1164
314	1145
323	1150
303	971
335	955
338	937
356	1072
306	1126
327	1116
318	1186
298	1073
365	1172
348	1223
328	1097
313	1138
317	1078
323	1021
313	1147
342	1036
318	935
336	972
327	1031
284	1288
339	1308
306	1200
343	1279
329	1105
349	1106
358	1424
350	1255
342	1205
331	1163
384	1142
385	1125
367	1096
356	1064
337	1213
322	1408
321	1191
333	1080
346	1193
348	1189
335	1236
314	1126
347	1279
333	1232
347	1228
295	1154
309	1220
354	1168
330	1236
367	1200
415	1192
372	1302
305	1174
332	1133
319	1118
395	1258
341	1289
325	1186
324	1088
368	1174
315	1281
295	1298
322	1071
300	1140
297	1197
288	1310
281	1120
328	1109
294	1175
307	1248
299	1110
301	1055
357	1052
314	1242
326	1213
319	1228
323	1198
337	1334
312	1350
344	1212
358	1203
332	1131
327	1226
346	1352
327	1296
355	1307
330	1502
351	2031
322	1902
357	1646
328	1459
322	1647
342	1970
356	3626
344	3089
391	3152
330	2797
298	2051
315	1753
322	1544
291	1629
315	1648
359	1742
315	1810
334	1835
333	1673
353	1728
290	1494
298	1434
303	1459
336	1328
308	1221
330	1401
313	1457
318	1397
295	1277
296	1384
308	1265
319	1416
333	1285
311	1632
295	1657
361	1568
314	1456
329	1688
331	1694
301	1593
287	1623
337	1711
294	1823
295	1406
269	1317
325	1574
358	1527
319	1646
272	1480
316	1471
312	1551
298	1670
310	1442
298	1474
325	1499
318	1516
292	1669
332	1669
279	1326
284	1285
310	1395
334	1395
304	1433
301	1248
320	1380
303	1426
313	1587
287	1483
280	1428
306	1535
304	1700
303	1687
316	1534
283	1715
317	1810
365	1897
298	1807
280	1921
277	1717
309	1915
316	1779
297	1537
320	1311
281	1306
293	1427
273	1458
302	1290
303	1497
323	1395
276	1369
291	1526
297	1434
278	1533
279	2057
316	1937
309	1881
286	1909
276	1656
324	1590
335	1732
357	2116
280	1467
312	1529
336	1843
320	1465
306	1200
296	1238
264	1219
291	1284
292	1404
340	1327
276	1146
276	1122
274	1068
325	1085
272	1215
312	1252
255	1204
325	1372
307	1336
273	1338
288	1255
324	1215
328	1316
268	1265
299	1196
319	1110
306	1216
306	1217
281	1158
279	1289
318	1230
261	1247
311	1227
333	1305
363	1322
328	1165
318	1209
287	1453
287	1263
319	1322
313	1246
305	1174
300	1211
320	1098
317	1097
312	1057
322	1155
327	1075
299	1207
301	1169
300	1009
284	1134
330	976
319	1057
332	1094
383	1059
364	1041
353	1138
363	1029
386	1080
361	1092
434	1140
381	1094
378	1418
363	1305
359	1317
418	1342
329	1234
358	1083
355	1205
361	1308
337	1202
383	1164
317	1075
340	1093
375	1281
353	1316
332	1311
371	1135
393	1216
396	1185
322	1216
352	1248
349	1226
321	1192
342	1274
337	1330
351	1342
326	1273
337	1179
359	1148
328	1060
346	1073
361	1022
328	1258
295	1267
328	1072
315	1279
267	1152
295	1323
306	1349
309	1334
289	1311
333	1384
311	1459
323	1383
300	1396
302	1287
311	1364
318	1266
302	1176
298	1234
309	1336
275	1449
281	1340
303	1661
310	1487
311	1526
296	1650
289	1634
333	2053
323	1913
299	1982
382	2089
336	2156
407	2231
341	2145
344	2225
390	2135
346	2354
393	2780
413	3588
394	3420
407	2961
440	3881
395	3962
357	3489
398	3402
383	3562
436	4386
458	5193
400	4154
400	4134
450	4653
397	3950
393	3362
361	3040
346	2794
350	2664
347	2968
307	2945
397	3275
345	2757
366	2878
387	3100
370	2707
356	2338
347	2111
306	2081
320	2343
352	2282
347	2394
372	2269
328	2287
364	2637
348	2300
343	1843
308	1814
308	1617
323	1511
271	1600
318	1734
329	1707
348	1700
328	1860
306	1839
327	1824
365	1583
295	1615
279	1914
297	1815
290	1831
300	1321
279	1431
284	1222
295	1156
312	1366
286	1321
317	1358
242	1216
283	1100
260	1250
306	1364
308	1167
305	1218
305	1155
302	1327
322	1435
321	1303
335	1283
313	1249
273	1214
295	1111
308	1158
322	1193
330	1363
320	1328
310	1191
293	1374
297	1419
288	1253
323	1179
285	1192
309	1306
275	1295
273	1483
290	1149
316	1103
338	1129
290	1308
293	1178
320	1189
301	1225
299	1088
310	1224
295	1137
303	1183
241	1177
271	1212
291	1087
258	1026
298	982
261	1020
265	967
302	1001
308	1048
277	976
274	939
351	1155
318	1163
333	1190
324	1058
286	1270
275	1296
316	1114
327	1062
310	1124
274	1203
296	1051
312	1283
302	1326
329	1199
332	1102
329	1356
316	1346
291	1166
261	1338
254	1181
311	1309
336	1376
285	1432
341	1313
302	1205
295	1144
319	1140
333	1108
315	1127
311	1206
327	1395
295	1318
322	1233
321	1052
298	987
291	1137
307	1042
303	1193
337	1233
368	1455
324	1177
343	1173
314	1235
346	1270
320	1334
366	1447
348	1598
364	1412
352	1461
327	1254
349	1316
300	1266
300	1137
338	1203
350	1223
328	1114
367	1412
340	1229
303	1187
370	1101
300	1072
321	1377
310	1159
319	1118
294	1226
271	1114
294	1177
298	1035
301	1232
275	1142
278	1091
301	1229
324	1147
332	1292
299	1233
317	1123
348	1123
328	1147
294	1154
307	1138
306	1091
286	1114
322	1180
328	1226
300	1254
330	1229
357	1256
356	1267
319	1156
336	1132
327	1172
354	1407
335	1426
368	1228
379	1270
419	1421
435	1327
435	1519
432	1572
429	1530
444	1684
452	1710
490	1797
504	1853
512	1845
539	2360
558	2537
620	2576
621	2320
538	2249
677	2071
751	1684
798	1761
812	1754
834	1645
842	1783
941	1986
1016	2146
1092	2177
1011	2281
1010	2320
1183	2400
1157	2579
1144	2785
1113	2558
1138	2714
1159	2596
1171	2266
1116	2046
1074	1974
1063	1818
1039	1621
945	1719
1038	1798
1201	1722
1180	1828
1312	1967
1457	2201
1354	2520
1406	2762
1455	2745
1249	2785
1090	2653
1135	2533
1057	2688
1119	2652
1076	2373
1007	1923
888	1733
871	1522
893	1609
849	1635
706	1256
738	1314
661	1510
694	1656
639	1653
513	1488
462	1361
363	1471
391	1374
393	1172
399	1236
398	1156
350	1176
367	1408
412	1394
400	1264
408	1377
386	1350
412	1219
383	1289
410	1284
399	1239
367	1320
338	1269
338	1227
337	1071
370	1035
315	1193
344	1135
379	1038
348	1237
332	1216
329	1103
331	1108
315	1184
330	1127
354	1088
348	1005
315	1153
318	1285
317	1365
318	1256
311	1328
291	1182
315	1240
323	1175
337	1016
315	1183
338	1437
358	1194
310	1178
337	1260
332	1210
380	1322
345	1314
336	1246
352	1098
333	1323
339	1166
365	1289
319	1540
330	1388
366	1496
318	1474
292	1356
319	1430
328	1628
320	1316
305	1363
324	1289
358	1427
355	1403
337	1510
378	1263
300	953
337	1072
319	1116
345	1263
388	1198
356	1304
325	1216
294	1271
302	1057
292	979
331	1004
313	1028
306	1157
293	1323
360	1158
358	1038
429	1077
379	1274
386	1346
403	1193
399	1108
396	1276
390	1314
431	1314
433	1316
485	1208
412	1091
423	1191
430	1115
404	1041
455	1252
430	1262
426	1346
468	1259
410	1266
441	1389
438	1240
429	1373
436	1292
422	1260
434	1229
480	1150
464	1328
452	1276
415	1374
466	1251
541	1261
456	1366
492	1551
458	1423
484	1288
479	1254
478	1218
482	1215
472	1412
459	1455
435	1477
461	1423
476	1464
442	1554
506	1584
550	1650
457	1615
493	1679
500	1553
495	1648
520	1500
514	1659
541	1583
522	1817
511	1607
535	1535
535	1572
519	1532
483	1577
487	1605
497	1616
485	1756
503	1708
438	1552
495	1664
454	1578
497	1666
482	1632
523	1586
520	1747
565	1736
549	1670
520	1615
511	1557
524	1551
560	1560
496	1524
496	1535
497	1410
481	1353
430	1371
441	1438
509	1318
473	1460
413	1296
413	1217
418	1230
466	1243
466	1119
401	1209
483	1172
450	1303
493	1274
524	1026
454	964
489	1106
441	1110
514	1276
481	1219
446	1314
428	1358
458	1356
378	1152
391	1117
346	1071
331	1284
425	1389
424	1251
439	1279
457	1246
469	1727
492	1841
485	1604
450	1641
476	1783
535	1911
565	1930
541	1959
541	2095
592	2334
679	2395
664	2619
600	2288
603	2324
583	2349
692	2372
816	2268
712	2611
753	2667
813	2844
821	3327
861	3710
933	3675
915	4085
1095	4207
1047	3968
977	3411
1020	3863
1044	3695
974	3333
935	2778
886	2284
761	2264
717	2109
684	2278
764	2314
622	2101
629	1970
603	1897
562	1806
576	1731
500	1752
516	1617
517	1567
486	1655
536	1771
474	1771
402	1388
407	1581
432	1521
453	1418
410	1354
344	1171
359	1189
399	1238
342	1152
316	1045
350	1107
367	1102
346	1216
317	1104
333	1199
339	1144
365	997
332	1199
360	1005
306	1115
354	1238
328	1043
323	1197
330	1187
344	1043
308	1099
357	1261
342	1146
350	1062
313	1222
322	1201
330	1262
345	1217
363	1135
346	1151
339	1084
366	1077
372	1069
347	965
366	1062
339	1082
323	1225
374	1116
370	1172
381	1193
415	1214
360	1154
404	1179
379	1275
357	1223
364	1031
325	1119
324	1175
332	1142
355	1188
385	1179
364	1216
331	1085
371	1088
362	1183
334	1067
356	1065
355	1224
344	1356
333	1369
320	1371
368	1474
374	1206
319	1274
407	1158
359	1376
412	1560
448	1503
367	1594
403	1470
393	1638
417	1657
425	1657
415	1909
389	1942
400	1791
385	1581
383	1622
386	1573
366	1608
393	1811
395	2074
396	1609
424	1918
409	2241
411	2867
418	3752
417	3958
411	3234
390	2653
441	2812
392	3182
432	2657
374	2447
444	3849
486	5014
484	5078
521	4555
481	4091
441	3745
400	3285
471	4519
455	4978
420	3151
463	3964
432	3514
465	4574
468	1808
386	1578
421	1074
448	1309
471	1569
463	2768
463	1499
437	1314
446	1186
482	1434
450	1312
506	1212
437	1136
438	1263
510	1283
435	1234
471	1182
502	1165
488	1278
439	1247
482	1064
472	1137
457	1280
492	1215
480	970
465	1149
517	1078
498	1213
484	1205
493	1307
511	1293
480	1313
500	1329
519	1397
548	1451
482	1453
522	1419
510	1390
518	1259
519	1172
520	1239
487	1254
532	1262
484	1262
514	1361
520	1322
505	1289
506	1377
527	1313
457	1246
484	1298
498	1268
532	1238
513	1234
475	1239
476	1393
487	1365
557	1353
498	1285
535	1324
497	1312
497	1401
454	1305
509	1238
543	1308
490	1283
441	1387
476	1665
450	1681
514	1565
512	1804
501	1729
513	1791
537	1649
522	1406
497	1701
545	1460
508	1573
498	1619
537	1539
450	1584
470	1452
455	1475
453	1168
426	1320
432	1530
403	1377
403	1244
450	1459
426	1407
425	1475
486	1397
449	1317
413	1643
382	1569
446	1631
369	1489
441	1474
418	2727
411	3341
396	5624
430	3195
387	1813
350	1447
443	2734
389	2672
370	2268
418	5301
399	4959
380	2490
432	2233
374	2894
406	1751
341	1378
405	1560
339	1572
384	1645
370	1455
371	1286
386	1330
352	1518
366	1418
336	1488
328	1233
372	1158
344	1185
347	1244
333	1133
327	1034
319	1009
383	1248
356	1046
326	1297
315	1268
353	1197
329	1458
331	1228
374	1196
337	1272
367	1320
335	1290
314	1391
326	1231
328	1227
355	1308
357	1305
355	1246
300	1106
351	1315
322	1243
313	1162
299	1206
366	1154
326	1166
299	1145
311	1172
347	1266
278	1161
363	1239
312	1213
336	1176
305	1289
310	1136
327	1136
276	1181
299	1255
304	1036
297	1142
292	1033
334	966
317	1194
333	1290
268	1197
360	1213
302	1197
349	1261
349	1150
337	1199
353	1183
300	1151
362	1160
292	1133
329	1056
327	1120
319	1100
326	963
343	1061
315	1158
316	1108
322	1181
320	1144
335	1188
359	1108
382	1083
369	1087
322	1095
334	1195
372	1068
344	1008
318	1091
369	1155
333	1289
383	1240
349	1271
354	1069
352	1176
377	1045
325	1190
360	1239
341	1194
322	1105
366	1124
347	1200
333	1253
357	1098
330	1112
380	1189
354	1155
401	1058
403	1053
381	1044
363	998
387	1176
370	1114
388	1208
437	1106
378	1159
404	1203
391	1258
395	1195
401	1213
382	1093
379	1278
358	1313
350	1171
317	1163
339	1266
374	1085
360	1136
382	1125
335	1093
382	970
363	992
390	1109
420	1202
412	1209
414	1329
426	1142
420	1278
422	1299
429	1060
413	1168
418	1103
437	1158
500	1316
433	1334
406	1312
440	1099
460	1056
431	1340
432	1213
456	1190
466	1317
479	1387
525	1213
554	1314
561	1423
596	1141
658	1341
681	1475
731	1492
648	1440
599	1305
552	1460
571	1435
554	1372
544	1407
498	1317
480	1333
453	1396
555	1210
543	1230
528	1257
611	1379
610	1168
603	1484
702	1552
759	1480
788	1430
790	1322
802	1663
664	1505
677	1356
662	1324
643	1326
598	1406
609	1528
526	1484
534	1338
496	1275
506	1302
548	1370
586	1165
574	1438
614	1324
549	1451
627	1410
645	1362
637	1593
602	1736
674	1635
582	1423
647	1374
601	1384
575	1401
589	1357
538	1411
553	1339
510	1363
505	1301
471	1178
492	1374
518	1421
511	1156
508	1183
511	1061
525	1222
568	1292
602	1202
626	1324
599	1336
603	1494
572	1512
582	1537
554	1312
635	1222
580	1082
525	1162
480	1163
518	1146
525	1218
564	1277
483	1269
499	1281
545	1282
492	1319
507	1157
502	1237
471	1377
497	1448
510	1421
509	1391
479	1520
434	1544
436	1626
501	1514
453	1526
432	1595
422	1938
472	1736
451	1752
436	1766
469	1701
391	1637
426	1442
397	1495
410	1472
430	1271
450	1300
429	1261
400	1397
439	1245
432	1355
394	1481
389	1441
401	1458
434	1340
456	1161
380	1253
390	1070
435	1193
387	1233
371	1187
369	1142
419	1009
374	1117
391	1210
401	1059
409	1000
394	1155
396	1188
363	1211
390	1269
383	1366
426	1229
381	1250
430	1259
362	1227
384	1089
356	1082
370	1093
352	1312
375	1626
368	1228
355	1333
367	1297
354	1276
396	1376
418	1350
382	1445
337	1297
337	1246
365	1321
417	1446
390	1547
365	1232
350	1341
360	1343
364	1280
419	1210
402	1375
380	1217
376	1315
372	1157
395	1331
324	1396
377	1407
362	1497
339	1219
379	1163
372	1199
357	1344
343	1314
352	1243
324	1206
365	1262
399	1388
365	1221
380	1362
388	1166
392	1239
352	1196
365	1327
375	1436
380	1408
415	1370
381	1435
401	1596
345	1411
372	1423
380	1515
391	1273
358	1191
329	1225
340	1291
338	1244
320	1222
364	1270
383	1136
345	1171
355	1324
368	1281
365	1035
350	1178
361	1129
354	1081
365	1159
362	1040
337	1072
360	1139
313	1269
311	1400
327	1316
342	1144
332	1239
339	1280
359	1154
343	1287
342	1327
355	1223
345	1049
348	1186
371	1077
372	1158
365	1174
332	970
355	1081
359	1334
357	1277
315	1255
343	1152
348	1190
383	1158
358	1178
356	1104
336	1066
327	1120
316	1109
366	1308
386	1321
396	1151
316	1245
337	1171
375	1108
383	1207
327	1283
302	1284
386	1183
346	1299
360	1294
358	1174
304	1241
326	1165
356	1231
381	1248
360	1149
381	1261
308	1079
370	1128
351	1124
381	1125
401	1146
386	1046
407	921
380	1237
420	1288
420	1279
404	1266
437	1325
393	1252
419	1337
465	1332
452	1289
479	1297
386	1270
386	1250
432	1472
440	1462
451	1457
355	1291
408	1379
434	1302
389	1236
421	1377
391	1260
386	1177
420	1048
355	941
406	1184
409	1120
388	1042
364	1119
385	1184
352	1114
375	1024
347	1033
389	1197
314	1042
404	1306
360	1290
387	1261
380	1141
355	1229
319	1017
321	1044
326	1018
333	1173
351	1202
309	1324
348	1281
423	1081
328	1112
376	1093
351	1174
324	1180
323	1134
299	1132
336	1183
330	1176
333	1140
333	1100
342	1257
318	1237
327	1091
319	1102
322	1203
337	1189
333	1150
332	1198
318	1358
280	1214
320	1189
300	1096
322	1280
322	1046
300	937
346	1095
297	1133
339	1242
339	1250
300	1370
311	1337
307	1281
313	1370
332	1320
332	1600
275	1453
335	1349
330	1170
298	1094
291	1171
293	1105
306	1162
308	1166
285	1264
285	1328
326	1091
317	1233
330	1240
345	1192
306	1291
296	1166
278	1269
335	1310
323	1277
289	1358
326	1268
296	1094
322	1196
323	1126
299	1314
300	1331
322	1316
290	1195
333	1151
288	1136
328	1192
285	1193
300	1274
301	1310
295	1202
317	1341
302	1400
275	1495
340	1908
313	1550
303	1212
335	1536
317	1371
333	1367
338	1650
345	1295
242	1329
297	1304
334	1203
321	1278
294	1188
285	1253
353	1383
328	1151
283	1153
318	1072
306	1237
307	1142
358	1097
306	1076
296	1067
273	945
318	995
261	1049
280	1119
298	1146
296	1002
277	1166
294	1138
261	1091
265	1134
274	956
301	979
302	1061
250	929
292	1019
299	1072
310	1067
306	965
328	1056
310	1097
316	1191
349	1148
278	1189
285	1117
293	974
306	993
278	1154
287	1210
291	1180
281	1274
286	1082
342	1150
262	1045
299	1158
275	1151
255	931
302	1000
283	1011
275	1074
278	1044
275	1101
272	1051
308	1024
280	957
319	1019
312	1103
307	1032
273	1197
289	1243
256	1205
264	1199
296	977
280	1067
335	1135
314	1111
305	1112
316	1129
275	1064
292	1207
289	1341
315	1038
311	1025
287	1030
272	1210
292	1207
287	1087
284	1198
275	1038
295	1151
269	1252
295	1044
272	1096
303	1057
267	1236
290	1163
304	1149
291	1327
282	1207
286	1223
277	1179
311	1171
330	1306
282	1041
284	1149
318	1065
278	1202
303	1343
264	1067
285	948
309	880
290	932
291	1014
304	968
323	1028
280	887
282	964
271	1002
297	996
265	1100
297	1083
279	993
323	928
283	1127
276	1056
307	923
325	1231
312	1099
290	1115
286	1081
347	1041
306	903
332	901
333	1138
290	1019
302	1023
301	899
277	984
266	1083
290	1059
301	1107
312	1193
273	1251
297	1179
323	1229
318	1190
298	1124
282	1113
304	1153
273	1232
240	1048
271	1050
220	1167
318	1101
291	957
332	1162
266	1225
268	1098
285	1078
296	1082
291	1006
272	1029
275	1141
273	1035
290	1017
298	1126
269	1101
272	1077
330	1022
335	1201
301	1181
287	1005
286	1158
275	1203
277	1071
252	1056
319	1088
275	1085
291	1214
306	1220
296	1161
297	1239
307	1206
275	1144
306	1043
305	1098
273	1037
277	1008
321	1080
346	863
288	1034
304	1089
326	1031
268	1008
327	1053
291	1022
297	1019
313	984
317	1004
316	1024
309	960
286	1050
272	1160
330	1097
277	1208
299	1203
290	1024
291	1048
330	1017
293	1065
291	1104
299	1002
323	990
291	1092
297	1217
283	1069
292	1195
285	1132
327	1108
314	1163
282	1217
301	1172
294	1150
286	1085
296	1175
304	1216
317	1189
288	1079
292	1271
269	1085
297	1185
316	1220
316	1009
303	1173
333	1270
316	1337
325	1381
292	1046
304	1175
324	1029
343	1039
342	1110
309	1130
297	1193
320	1177
286	1060
281	1279
282	1232
307	1284
322	1205
325	1275
334	1318
286	1066
291	1406
297	1405
333	1446
257	1401
290	1577
293	1394
274	1408
333	1336
313	1182
266	1143
295	1210
325	1172
305	1073
286	1189
283	1193
319	1174
339	1150
321	1397
308	1577
321	1529
282	1518
320	1700
280	1291
296	1226
272	1389
302	1267
283	1304
267	1212
284	1403
320	1248
312	1477
273	1449
274	1467
283	1368
300	1352
331	1457
300	1590
299	1553
303	1727
306	1804
300	1253
297	1153
321	1086
314	1124
297	1175
293	1046
319	1258
299	1202
268	1150
300	1137
297	1159
308	1174
283	1077
286	1148
293	1190
281	1236
305	1221
312	1135
297	1044
307	1043
339	1234
325	1142
297	1128
289	1164
311	956
303	996
279	1052
293	1151
303	1041
287	1136
300	1143
305	1060
330	1527
294	1293
305	1285
357	1362
276	1989
313	1617
291	1262
283	1398
294	1253
290	1238
291	1165
302	1299
336	1245
329	1234
296	1093
292	1176
307	1100
318	1142
295	1044
360	1214
289	1159
319	1197
272	1044
352	1105
285	1046
301	985
288	1012
349	1012
340	1075
299	1085
304	958
300	1167
300	1135
321	1269
345	1091
337	1050
292	1082
323	1077
309	1122
283	1097
299	1097
319	1182
314	1031
305	1043
317	1009
339	1048
281	1107
315	1002
297	1235
319	1125
299	1049
302	1110
313	923
330	1213
335	1070
349	1063
306	1048
328	1013
347	988
302	1120
335	1055
298	1013
368	1043
339	1125
320	1186
308	1046
326	1107
360	1169
348	1036
371	1043
334	993
387	1192
351	1378
315	1328
299	1174
326	1135
357	1250
396	1223
352	1113
350	1253
403	1294
412	1375
392	1178
383	1201
374	1373
379	1316
397	1308
411	1306
398	1056
395	1148
395	1003
374	943
378	1110
397	1072
396	1204
410	1219
414	1385
436	1188
469	1394
422	1293
445	1330
474	1521
516	1162
552	1172
519	1432
587	1258
555	1244
490	1132
568	1176
502	1324
432	1302
470	1392
456	1300
492	1396
506	1335
416	1200
453	1259
486	1154
534	1205
480	1232
556	1249
532	1417
587	1363
639	1493
664	1382
619	1542
547	1297
597	1433
565	1407
517	1238
454	1476
469	1189
462	1111
443	1120
448	1161
449	1004
422	1092
451	1055
408	1182
427	1215
485	1278
469	1232
483	1223
503	1268
443	1253
492	1226
492	1254
471	1245
476	1238
392	1157
407	1142
405	1173
438	1196
439	1096
393	1193
381	1264
412	1219
409	1211
367	1176
387	1153
334	1102
371	1136
348	1197
377	1051
364	1157
345	1077
361	1219
360	1207
351	1230
409	1088
353	1150
348	1170
357	999
337	1179
371	1107
377	1294
380	1409
337	1481
346	1354
342	1273
329	1256
341	1513
343	1486
332	1773
333	1554
328	1670
373	1739
338	1903
325	1902
293	1557
336	1224
370	1353
314	1201
321	1232
304	1248
291	1191
298	1154
344	1508
296	1470
316	1424
290	1373
275	1403
383	1729
365	1880
318	2150
337	1852
285	2044
289	1964
335	1521
311	1418
307	1373
332	1256
279	1496
382	1727
335	1989
338	2062
376	2411
337	2311
305	2031
337	1496
299	1422
337	1556
368	1702
375	1690
290	1510
300	1661
310	1816
356	1810
341	1694
348	1554
335	1614
310	2076
320	1955
307	1800
311	1895
289	1982
288	1613
282	1697
285	1727
324	1555
358	1620
271	1488
248	1366
294	1391
300	1495
290	1262
279	1290
292	1242
324	1116
299	1136
303	1117
277	995
281	1074
296	1032
300	1149
274	1204
278	1271
276	1212
311	1013
262	1150
264	1208
311	1267
301	1309
317	1335
280	1262
284	1293
287	1353
304	1319
322	1260
287	1322
281	1224
297	1322
249	1231
310	1218
279	1161
298	1281
291	1395
308	1458
266	1308
321	1237
297	1180
335	1111
299	1183
273	1152
308	1118
301	1208
314	1079
286	1232
301	1224
284	1084
330	1229
340	1050
292	1374
318	1408
318	1313
299	1278
296	1321
297	1104
297	1420
316	1414
317	1251
310	1445
281	1290
285	1269
299	1167
294	1206
311	1333
329	1221
335	1108
315	1179
301	1101
311	1192
316	995
273	1106
323	1047
298	1109
320	1206
311	1367
276	1349
295	1156
317	1094
311	1135
321	1162
339	1147
289	1267
311	1144
298	1124
352	1261
336	1078
276	1064
319	1153
328	1102
303	1178
316	1117
287	1175
298	1098
312	1053
305	1194
325	1102
324	1219
333	1209
322	1105
280	1208
314	1040
295	1207
313	1203
324	1135
321	1304
310	1327
328	1226
302	1211
335	1288
309	1139
348	1156
301	1085
296	1120
328	1243
297	1214
315	953
349	1025
282	1046
283	1224
327	1161
329	1157
321	1171
370	1178
328	1453
308	1237
339	1221
338	1271
293	1335
333	1406
321	1226
295	1129
256	1200
323	1340
336	1167
332	1218
323	1354
346	1367
297	1468
279	1365
333	1201
320	1262
275	1355
303	1478
305	1242
317	1147
275	1163
294	1330
310	1149
280	1223
273	1489
308	1251
297	1378
308	1335
311	1325
291	1166
256	1156
285	1138
329	1120
319	1213
290	1212
304	1129
269	1102
336	1145
293	1140
354	1245
286	1123
325	1363
322	1446
272	1323
309	1305
283	1269
289	1092
278	1219
293	1070
312	1324
307	1228
318	1301
338	1150
338	1193
324	1335
292	1427
302	1211
320	1330
299	1247
327	1439
297	1391
305	1364
333	1357
308	1233
313	1328
310	1537
331	1424
330	1459
330	1416
323	1451
319	1242
326	1498
329	1331
369	1538
308	1470
282	1273
306	1369
322	1298
344	1336
290	1363
320	1263
277	1117
325	1202
345	1281
357	1440
361	1291
308	1315
277	1367
299	1275
316	1357
275	1414
315	1392
279	1316
307	1445
269	1368
305	1280
284	1333
340	1260
300	1199
316	1214
326	1225
320	1274
265	1356
301	1230
314	1248
323	1396
310	1242
262	1333
277	1249
300	1244
324	1369
288	1337
307	1341
338	1352
336	1465
323	1402
332	1480
377	1759
358	1812
358	1463
350	1452
274	1539
344	1570
349	1435
365	1474
339	1429
367	1585
325	1818
381	1710
325	1682
374	1568
332	1642
348	2532
360	2616
326	2287
344	1939
383	2402
360	2635
370	2577
333	2774
323	2728
346	2430
315	2125
295	1678
326	1449
303	1350
316	1257
287	1276
333	1247
345	1162
339	1323
305	1293
272	1312
303	1312
321	1339
294	1321
303	1250
336	1361
277	1266
314	1165
304	1234
307	1211
316	1179
301	1239
302	1429
291	1195
287	1230
265	1279
333	1349
293	1224
334	1284
290	1271
250	1324
294	1271
287	1306
296	1365
266	1291
303	1350
280	1337
299	1272
320	1192
291	1162
319	1292
313	1272
328	1272
312	1302
302	1238
301	1225
303	1325
314	1258
338	1305
308	1267
343	1397
331	1522
312	1386
299	1230
332	1323
309	1232
313	1206
318	1170
346	1283
331	1248
301	1356
329	1292
339	1174
312	1387
329	1419
291	1432
326	1397
328	1587
308	1381
361	1333
338	1351
321	1373
331	1338
328	1411
306	1356
294	1293
289	1326
312	1490
315	1411
327	1429
316	1371
304	1331
290	1319
306	1345
295	1460
317	1134
299	1224
307	1120
287	1115
315	1185
324	1071
307	1215
338	1337
322	1313
322	1320
327	1230
340	1146
317	1166
268	1144
304	1176
311	1169
349	1250
324	1114
323	1052
320	1034
283	1018
306	1029
296	1256
290	1171
308	1113
325	1219
279	1367
306	1193
301	1329
295	1297
286	1340
266	1290
283	1345
286	1137
280	1189
279	1075
258	1169
279	1138
297	1098
295	1090
340	1068
293	1102
267	1121
279	1123
281	1046
283	1138
275	1204
301	1165
273	1278
276	1358
267	1590
292	1211
247	1149
285	1141
278	1212
297	1240
291	1147
264	1209
281	1139
267	1030
260	1104
258	1179
271	1334
285	1388
274	1194
276	1174
268	1060
291	1103
242	1003
289	1142
320	1296
280	1240
270	1173
275	1347
290	1232
286	1285
283	1413
313	1882
315	1851
278	1712
267	1698
271	1605
244	1638
251	1415
276	1338
306	1371
311	1314
275	1313
307	1458
291	1085
310	1059
293	970
277	1033
283	1004
309	1129
300	1223
291	1339
302	1478
318	1304
307	1127
319	1225
319	1184
319	1351
304	1352
343	1341
310	1519
359	1224
359	1270
349	1421
349	1361
367	1348
381	1418
376	1514
371	1620
385	1638
390	1674
405	1579
349	2163
365	2028
446	1424
426	1144
395	1091
421	1167
437	1062
424	1222
436	1228
516	1318
501	1241
461	1414
489	1307
531	1402
533	1385
523	1623
578	1521
560	1394
585	1317
530	1298
518	1343
487	1349
570	1402
558	1314
608	1343
607	1419
572	1396
602	1165
679	1261
646	1289
704	1415
680	1431
702	1409
810	1645
885	1633
856	1827
860	1820
939	1759
984	1823
930	1459
1020	1512
917	1458
905	1366
830	1374
812	1386
756	1425
702	1271
742	1435
801	1527
800	1382
838	1509
985	1624
1034	1448
1247	1488
1236	1728
1245	1652
1438	1741
1522	1784
1372	1768
1317	1783
1234	1836
1118	1849
1008	1701
970	1418
927	1398
831	1461
779	1383
780	1349
787	1341
828	1304
901	1459
857	1445
905	1514
970	1460
1154	1390
1200	1608
1218	2138
1262	2047
1234	2010
1168	1836
1140	1789
1101	1760
1109	1708
1083	1441
1045	1546
998	1408
917	1387
899	1378
815	1534
797	1494
769	1614
866	1485
941	1447
932	1601
918	1654
955	1752
891	1659
855	1593
803	1383
781	1362
774	1314
716	1445
745	1381
684	1431
736	1364
706	1477
770	1258
750	1344
792	1286
743	1153
738	1359
766	1265
690	1389
622	1270
635	1227
619	1342
596	1138
524	1257
417	1023
401	1317
359	1281
390	1436
339	1184
367	1198
314	1275
368	1197
395	1199
390	1139
408	1273
343	1178
398	1213
450	1134
413	1100
380	1082
358	1135
360	1105
337	1218
291	1222
322	1173
312	1146
274	1201
288	1156
293	1234
305	1045
271	994
306	978
295	1033
298	1025
299	1048
315	1291
291	1491
338	2594
338	5437
359	5638
341	4464
369	6126
350	6615
327	6409
264	3060
322	1764
293	1364
307	1628
339	1815
290	2359
304	1801
320	1619
323	1526
258	1443
280	2230
314	2140
364	3721
369	8644
364	3726
307	2117
332	3815
358	4670
356	7745
414	7015
435	7417
497	9859
398	10147
365	7505
369	6124
312	3335
294	2860
340	5962
333	4881
289	2336
319	3171
361	5676
317	6655
381	8301
383	4459
363	5609
358	6805
357	5394
369	5434
316	4736
354	5624
371	6135
401	6248
364	6048
321	5533
348	3448
369	3673
345	4101
379	5796
377	3782
428	7990
431	6740
499	10317
400	10269
453	10759
470	10065
455	9426
430	7857
446	6166
445	7305
412	6736
419	5875
436	6505
382	5019
327	2162
380	1152
343	1266
340	1139
332	1066
346	1130
346	1272
391	1445
360	1302
377	1352
365	1403
380	1288
340	1226
368	1290
367	1191
345	1327
372	1317
280	1386
335	1319
312	1267
408	1197
389	1135
363	1309
378	1221
329	1312
378	1392
376	1349
386	1257
377	1253
392	1189
356	1263
360	1188
365	1154
334	1151
318	1311
324	1413
320	1194
358	1170
338	1064
364	1206
315	1315
365	1247
328	1110
329	1184
319	1038
359	1086
348	1085
338	1093
319	1020
326	1011
337	1075
358	1101
330	1022
356	1074
329	1176
309	1112
302	1008
326	1216
317	1163
350	1182
315	1231
337	1205
345	1199
316	1112
350	1105
333	1068
318	1147
300	1091
310	1014
373	1108
373	1021
342	1011
336	1140
343	1122
361	1183
355	1085
332	1166
325	1265
365	1247
389	1221
404	1174
371	1447
384	1515
397	1155
361	1287
352	1366
347	1303
341	1188
383	1179
406	1304
417	1241
391	1375
384	1192
417	1076
376	1337
405	1272
394	1110
467	1345
415	1401
459	1316
455	1223
433	1387
391	1483
442	1462
465	1583
457	1695
478	1501
415	1428
495	1497
489	1698
514	1853
485	1564
528	1414
513	1503
489	1412
486	1682
520	1705
495	1654
501	1818
546	1458
571	1521
682	1614
665	1656
668	1752
641	1636
658	1764
645	1701
699	1768
655	1662
687	1561
694	1689
709	1634
720	1739
746	1624
777	1612
711	1704
690	1644
739	1589
655	1784
704	1712
769	1647
641	1655
669	1744
712	1834
700	1928
664	1777
624	1507
637	1674
647	1634
626	1855
589	1774
635	1484
564	1560
601	1536
620	1569
595	1536
587	1617
569	1731
562	1766
579	1636
613	1901
560	1465
600	1574
529	1401
580	1342
562	1421
536	1540
550	1524
562	1478
534	1555
524	1464
526	1405
548	1436
513	1450
486	1327
554	1496
563	1512
565	1395
555	1486
623	1505
581	1670
656	1766
665	1752
709	1682
615	1505
592	1580
606	1606
584	1622
648	1392
653	1600
590	1678
604	1676
518	1566
566	1532
591	1474
573	1477
594	1469
628	1368
579	1419
646	1387
604	1533
684	1654
648	1394
701	1424
752	1499
700	1471
706	1398
715	1326
696	1469
695	1737
726	1569
638	1426
649	1415
679	1445
665	1519
685	1354
645	1248
698	1388
691	1381
711	1327
662	1219
683	1329
726	1462
706	1366
754	1322
799	1485
790	1402
745	1258
812	1314
810	1529
803	1567
863	1416
843	1544
845	1599
897	1692
859	1501
775	1465
786	1486
790	1462
773	1451
793	1431
838	1472
760	1464
776	1394
830	1350
828	1413
944	1479
848	1481
881	1380
873	1384
880	1294
857	1336
872	1289
847	1220
832	1345
814	1346
813	1426
851	1225
872	1350
841	1407
847	1344
878	1451
896	1324
933	1389
883	1316
1017	1445
946	1530
970	1540
986	1609
996	1645
961	1506
976	1612
977	1426
956	1348
898	1415
957	1438
842	1528
839	1566
826	1600
835	1384
890	1400
841	1432
847	1461
786	1421
916	1392
856	1298
872	1451
909	1478
902	1564
861	1473
915	1506
959	1359
886	1651
931	1489
926	1405
897	1508
889	1544
860	1639
936	1504
844	1610
891	1644
857	1544
941	1467
885	1651
969	1453
919	1504
1035	1533
976	1691
981	1717
930	1613
880	1566
955	1626
1016	1691
898	1587
962	1445
861	1552
867	1569
892	1540
946	1443
823	1339
821	1484
879	1478
957	1667
890	1393
936	1556
993	1612
963	1701
916	1533
975	1511
989	1673
905	1467
854	1648
867	1503
896	1750
858	1573
841	1502
877	1385
845	1499
802	1509
824	1580
813	1855
801	1634
857	1688
839	1681
879	1593
847	1735
880	1758
880	1583
921	1733
886	1703
889	1854
919	1922
825	1641
861	1797
829	1650
786	1647
749	1895
764	1771
758	1746
705	1905
725	1797
736	1713
820	1820
802	1886
798	1942
798	2026
750	1996
809	2032
797	1962
842	1972
833	1882
870	2039
871	2163
870	1992
886	1858
866	2283
905	2636
929	2904
960	3119
963	3264
977	3234
1026	3458
1070	3917
1149	4105
1314	4421
1405	5232
1930	7697
2356	7999
2334	7940
2230	7732
2200	7522
2337	7893
2486	8045
2487	7996
2461	7965
2383	8819
2334	8517
2366	8994
2564	8488
2378	7894
2359	7365
2296	7597
2294	7997
2300	8487
2342	8385
2245	8380
2125	8634
2198	8878
2114	9506
2097	9711
1970	9556
2044	8847
1944	8315
2236	8559
2028	9352
1865	7918
1765	7473
1669	7208
1823	9538
2005	11594
2007	11486
1996	12532
2171	14657
2353	15424
2178	14155
2161	14462
2248	14795
2112	14438
2034	12821
1841	12305
1799	12903
1852	12301
1778	12720
1719	15123
1430	14010
1220	12586
1184	11753
1136	11497
953	11560
893	14259
799	14394
774	14171
848	13923
759	14103
679	11698
602	9262
575	9416
618	9636
510	7563
511	5177
470	4287
430	3655
367	3635
417	2841
412	1583
358	1473
353	1217
361	1152
332	1329
356	1319
344	1222
406	1193
363	1162
358	1097
326	1079
355	1250
360	1142
361	1056
330	1038
334	1138
321	1242
329	1100
325	1062
344	1291
354	1082
311	1023
304	925
301	1250
359	1263
378	1231
300	1194
328	1384
327	1243
349	1157
343	1167
332	1439
328	1171
342	1148
332	1176
337	1076
340	1200
334	1241
293	1014
359	1244
356	1173
380	1114
326	1040
359	1174
365	1157
337	1234
341	1423
351	1354
337	1611
328	1368
324	1225
341	1142
308	1417
351	1340
318	1396
337	1181
331	1042
295	1148
354	1180
321	1044
341	1131
343	1274
313	1170
314	1249
344	1692
324	1589
327	1354
330	1311
338	1349
387	1249
332	1400
337	1213
313	1385
302	1405
339	1372
331	1196
343	1162
302	1199
335	1421
349	1469
334	1457
334	1355
329	1339
316	1439
316	1458
295	1439
310	1374
348	1406
288	1141
328	1367
368	1379
328	1602
335	1280
316	1364
295	1380
344	1367
301	1238
361	1164
371	1483
297	1298
285	1146
315	1304
365	1344
313	1112
278	1059
315	1255
344	1272
340	1267
323	1341
355	1342
317	1379
278	1323
336	1415
312	1382
305	1275
342	1377
312	1290
328	1290
324	1463
312	1500
307	1520
321	1433
325	1484
351	1319
348	1410
351	1313
374	1427
357	1311
423	1448
393	1655
353	1370
361	1417
377	1578
366	1191
354	1164
372	1192
347	1266
362	1342
348	1361
341	1401
342	1390
363	1253
352	1491
361	1456
375	1292
393	1312
375	1392
378	1490
401	1345
362	1420
379	1482
375	1311
362	1225
333	1403
313	1430
354	1248
290	1195
349	1309
362	1342
326	1316
354	1303
313	1417
328	1271
355	1367
347	1296
320	1321
371	1328
341	1463
343	1352
341	1222
336	1223
323	1383
328	1278
312	1277
316	1341
321	1468
302	1406
345	1235
344	1263
280	1194
315	1275
317	1258
272	1349
276	1205
326	1337
281	1262
312	1295
307	1377
295	1118
325	1354
318	1425
334	1438
317	1488
321	1242
300	1328
289	1513
299	1927
317	1787
309	2155
323	2924
359	4191
297	2798
371	4644
369	5271
325	2234
333	1349
261	1439
299	1465
271	1272
313	1184
274	1066
320	1129
323	1239
312	1190
347	1443
306	1204
276	1162
309	1176
310	1326
312	1350
313	1122
287	1082
326	1034
319	1156
291	1250
329	1157
308	1120
289	1109
272	1084
319	1131
318	1201
306	1102
284	1087
324	1168
318	1157
318	1208
305	1166
267	1165
275	1095
262	1017
291	974
308	1150
317	1057
286	980
271	1024
304	1066
290	1106
299	1116
250	1008
272	1128
314	1243
283	1123
293	997
272	933
292	1046
300	1023
305	875
271	1119
290	1151
308	1215
303	1152
285	1309
298	1065
278	1057
274	1188
283	1371
267	1240
255	1081
276	1411
300	1302
277	1365
259	1349
337	1369
285	1243
330	1268
286	1308
301	1399
296	1225
319	1159
311	1117
286	1250
282	1326
281	1192
290	1148
290	1225
303	1058
277	1183
279	1165
248	1145
313	1180
271	1255
261	1379
297	1362
251	1381
305	1137
290	1212
261	1242
309	1171
303	1063
303	874
300	1014
260	1051
300	955
326	1060
294	1047
292	1265
255	1065
312	1052
282	1044
323	1137
341	1113
247	1123
285	1090
284	1244
290	1190
277	1248
308	1158
274	1110
299	1047
319	1278
296	1223
302	1325
277	1190
313	1218
284	1248
283	1024
299	1299
286	1283
291	1048
296	1126
274	1106
276	1112
267	940
315	1030
307	1161
309	1084
275	1118
316	1041
290	1144
277	1281
274	1235
302	1190
325	1205
318	1123
248	1089
252	1160
297	1084
257	1107
241	1084
280	1031
258	1132
276	1421
262	1160
265	1212
289	1118
282	1327
270	1136
293	1080
265	1096
257	965
285	1270
319	1248
271	1335
264	1306
286	1242
335	1260
311	1318
294	1224
271	1211
280	1178
323	1105
275	1118
271	1429
322	1276
266	1285
292	1179
304	1378
316	1290
240	1230
308	1040
250	978
272	1131
290	1048
281	1186
323	1141
296	1131
290	1176
276	1277
254	1123
283	1094
285	994
290	1004
297	1199
272	1136
275	970
292	991
292	1000
271	1089
243	1044
302	1016
284	1092
298	1078
294	959
313	1055
308	1148
288	1135
294	1237
331	1781
331	1729
314	1383
279	1263
294	1118
305	1083
310	1020
302	1195
323	1263
278	1057
277	1122
274	1164
329	1230
275	1264
291	1266
290	1410
310	1304
256	1547
274	1326
259	1191
278	1243
319	1294
278	1292
262	1144
308	1202
290	1297
274	1408
274	1239
284	1225
321	1362
286	1190
295	1125
294	1156
294	1365
319	1306
322	1362
314	2098
301	2929
307	1661
354	1331
306	1085
303	1087
318	1058
290	1043
295	1245
294	1214
297	1295
356	1129
297	1104
304	1246
311	1190
306	1021
284	961
278	1188
273	1048
318	1083
297	1074
290	912
324	1090
321	990
336	1013
351	1144
375	1079
320	998
315	938
346	952
295	943
350	956
359	1074
330	938
342	1090
281	1338
312	1456
305	1028
316	1998
322	1388
284	1127
328	1137
340	1146
313	1220
326	1102
288	1038
326	1176
293	1069
313	1183
301	1195
299	1191
303	1080
289	1052
301	1163
266	1134
305	1262
305	1146
328	1099
340	1290
321	1321
311	1914
327	2040
356	2512
349	2720
357	2978
384	4029
332	3463
394	7447
553	14349
1183	22754
1388	23912
1426	23863
1250	23302
1046	23023
950	22776
864	22186
758	21045
625	20097
564	18281
522	14658
478	11969
331	7797
407	9617
512	15082
430	11635
315	2897
377	2767
327	3255
381	3159
359	4255
347	2772
317	2331
361	2824
347	2705
285	1704
294	1340
280	1085
295	1141
333	1163
319	1197
328	1223
307	1442
293	1254
339	1176
320	1083
306	1147
325	1174
325	1082
341	1315
317	1142
261	1112
261	950
308	1095
311	1153
304	1070
320	1163
288	1173
259	1097
302	1067
340	1108
329	1103
301	1281
318	1137
303	1207
348	1310
337	1118
304	993
289	921
297	974
289	1179
267	1173
298	1110
336	1261
295	1201
303	1050
286	1205
258	1167
265	1228
277	1223
289	935
282	1000
277	958
289	910
283	1111
251	1221
289	1090
261	927
295	1097
273	1172
304	1217
299	1372
273	1242
273	1212
297	1336
264	1448
293	1291
271	1301
277	1278
293	1217
237	1296
289	1241
269	1295
284	1348
316	1380
293	1246
307	1238
293	1341
325	1404
303	1523
314	1371
315	1340
284	1454
310	1281
270	1336
289	1223
294	1148
295	1173
325	1291
336	1327
315	1567
334	1792
394	1487
372	1577
372	1193
272	1430
301	1703
326	1715
336	1718
342	1501
278	1688
316	1607
290	1849
332	1877
294	1654
317	1365
306	1418
317	1203
316	1160
281	1132
303	1155
297	1118
337	1297
317	1233
333	1313
324	1246
290	1124
297	1228
306	1013
316	1282
290	1140
313	1192
299	1212
302	1222
347	1100
320	1017
321	1118
289	1078
355	1161
329	1190
341	1013
303	1130
318	1271
306	1283
313	1154
324	1210
295	975
282	1003
282	1134
310	1257
321	1117
283	1054
320	1052
343	1052
312	1184
321	1447
348	1354
266	1313
293	1352
246	1293
301	1382
344	1482
295	1243
286	1232
293	1402
279	1170
304	1102
302	1052
277	1167
279	1270
269	1364
280	1074
314	1178
294	1091
277	1121
284	1094
280	1144
305	1122
308	1025
316	1073
307	877
295	920
265	942
267	1070
241	1102
279	1045
253	1095
251	1104
289	1227
295	1147
283	1109
276	1116
321	1042
324	1141
271	917
276	975
311	1112
282	1060
336	958
286	1117
277	1151
256	1160
246	1096
261	973
283	1080
313	1226
310	1143
280	1028
296	1072
295	1059
263	1164
312	1194
293	1216
289	1071
304	1127
293	1097
269	996
321	941
310	913
316	1037
320	1030
303	936
291	952
263	1072
266	1069
267	1286
317	1414
299	1398
286	1264
296	1260
281	1263
294	1222
332	1421
303	1261
283	1279
340	1296
330	1382
349	1087
309	1064
281	1021
302	1150
319	1209
331	1146
308	1075
301	1191
313	1107
309	1164
313	1455
292	1706
299	1986
338	1948
295	1920
325	1533
321	1472
325	1732
365	1871
311	1992
393	1445
303	1240
304	1197
304	1347
281	1281
296	1299
293	1328
306	1164
325	1153
336	1029
321	1155
292	1115
279	1260
287	1252
327	1252
291	1144
267	975
309	1020
301	1079
324	1011
299	897
278	1004
315	1085
321	985
308	1097
310	1274
319	1158
308	1179
294	984
333	1007
313	954
288	1083
311	984
345	1048
325	1022
316	945
283	959
347	1048
300	1004
324	1104
300	1042
313	1060
257	1165
295	1014
252	1279
291	1279
288	1211
325	1304
300	1290
290	1093
268	1124
292	1100
293	1193
349	1096
279	983
330	1068
297	1282
282	1279
330	1320
330	1280
319	1267
320	1160
313	1164
306	1215
301	1233
278	1076
280	1050
281	1181
244	1084
296	883
280	1009
266	1102
247	1195
283	1248
260	1176
237	1245
297	1091
273	1293
258	1173
301	1156
266	1083
303	1171
303	1138
269	1230
283	1052
295	1137
279	1180
283	1135
267	1048
230	1192
289	1212
273	1323
287	1206
283	1316
320	1445
254	1268
278	1058
297	1016
285	1391
313	1345
281	1166
253	1205
289	1243
281	1121
261	1160
254	1278
304	1193
276	1036
329	1219
273	1066
295	1094
240	1144
299	1006
336	986
320	1130
287	1068
302	1211
337	1132
295	1199
308	1100
319	1246
303	1324
307	1197
310	1206
284	1203
352	1261
357	1164
332	1045
321	1033
284	1059
322	1205
281	1062
302	1187
342	1062
301	1078
302	1179
311	1136
315	1243
301	1225
304	1242
299	1055
293	1005
317	884
314	965
307	1032
315	1046
337	1170
365	1176
327	1053
270	1188
306	1307
322	1151
324	970
330	1051
292	1068
269	1037
288	1130
285	1147
319	1040
277	1060
303	1222
283	1149
312	1243
265	1100
309	1041
267	1123
294	1210
317	1005
281	1148
303	1046
299	1204
267	1159
270	1171
269	1138
278	1009
263	1151
255	1237
283	1115
276	1189
264	1075
279	1106
253	1096
278	1011
302	1129
301	1132
286	1115
306	1422
324	1298
298	1242
342	1119
312	1159
280	1157
294	1204
312	1161
307	1260
291	1263
300	1373
327	1275
290	1152
247	1270
322	1357
314	1361
285	1196
320	1174
304	1413
296	1362
283	1522
281	1445
288	1530
275	1647
305	1503
310	1607
374	1745
310	1632
325	1749
306	1634
282	1763
325	1916
297	1947
301	1995
306	1845
338	1874
330	1736
335	1504
285	1889
337	2075
303	2246
297	2420
289	2196
314	1932
275	1716
292	1797
274	1537
284	1671
283	1839
267	1519
289	1152
319	1215
272	1387
294	1316
279	1446
303	1547
290	1328
291	1195
286	1230
275	1115
266	1376
278	1590
292	2086
299	1903
279	2273
288	2275
250	1307
298	1427
291	1288
296	1334
271	1352
292	1269
272	1222
309	1162
301	1134
315	1076
298	1026
254	1081
283	1117
260	943
291	1051
307	1087
268	1121
294	1032
313	973
275	861
300	896
304	916
303	1006
273	1137
270	1188
249	1114
304	1167
304	1032
304	1032
293	1115
289	1142
273	1106
313	1158
329	1387
269	1193
270	1242
258	1211
291	1329
304	1092
287	1060
309	1107
290	1090
282	1079
316	1109
300	1052
311	1012
280	1015
295	1006
283	1068
286	1096
269	1280
262	1181
291	1255
261	1309
282	1282
308	1056
283	1159
306	1159
273	1168
271	1091
281	1069
352	1025
265	1123
288	1032
353	1216
287	1176
312	1186
291	1165
298	1088
293	1104
326	987
308	944
321	1077
305	963
343	1012
321	1046
341	1162
299	1099
329	1163
299	1127
295	1086
335	1007
320	1193
315	1086
367	1175
310	1013
315	1057
286	1039
281	1142
326	1181
272	1212
319	1068
338	1145
287	1224
332	1181
322	1211
335	1168
325	1201
337	1157
313	1034
311	945
300	1180
301	1180
302	1204
305	1046
347	1226
327	1231
282	1330
301	1273
313	1133
305	1193
331	1310
322	1159
299	1086
253	1120
288	1261
272	1005
267	1088
308	1049
310	1189
292	1122
330	1189
325	1009
304	1200
302	1212
286	1273
338	1560
311	1359
353	1306
302	1370
338	1345
307	1261
303	1217
289	1396
296	1267
299	1120
368	1213
308	1315
338	1248
320	1280
319	1358
304	1524
311	1369
351	1226
351	1226
299	1312
355	1323
366	1305
317	1173
292	1118
294	1346
322	1129
343	1067
357	1134
350	1290
330	1339
331	1290
291	1140
294	1092
316	1153
292	1187
372	1489
352	1649
340	1514
318	1382
349	1633
336	2100
339	1414
341	1340
338	1799
372	2021
323	1456
343	1214
354	1110
346	1124
330	1185
293	1143
317	1195
298	1212
344	1435
329	1233
396	1287
325	1427
358	1467
353	1313
307	1412
358	1352
325	1225
309	1287
