2604	15891
2729	16903
2564	17026
2586	17307
2833	18239
2993	17437
2763	13696
2810	13439
3056	13310
3069	14514
3424	15344
3458	15575
3607	15397
3428	15490
3464	14827
3471	13747
3439	13918
3333	14803
3398	14765
3203	13847
3124	12363
2891	11973
2824	11610
2854	11040
2711	9568
2604	8674
2395	7929
2352	8273
2394	8078
2110	7720
1861	6734
1603	5985
1580	5643
1654	5959
1456	5083
1148	3857
861	2851
804	2538
819	2875
867	3295
694	2472
599	2286
678	2309
729	2369
718	2272
628	1937
576	1836
531	1657
541	1884
551	1704
530	1633
430	1455
457	1413
392	1343
421	1337
431	1173
395	1193
388	1235
348	1088
386	1156
386	1119
375	1220
338	1218
367	1185
334	1190
338	1221
315	1236
298	1191
339	1196
355	1142
347	1172
392	1088
369	1000
296	1058
337	1185
319	1094
362	977
314	1040
333	1178
357	1130
355	1164
291	1107
319	1271
351	1266
341	1244
325	1282
304	1223
352	1389
385	1340
398	1283
363	1213
362	1348
385	1329
352	1350
397	1241
361	1241
391	1387
372	1349
330	1307
413	1308
363	1262
326	1136
400	1173
361	1086
361	1199
344	1229
432	1238
395	1171
402	1026
340	1137
341	1154
424	1063
372	1091
351	1156
362	1048
390	981
369	1210
366	1240
392	1178
341	1142
375	1019
387	1049
360	1098
389	1074
362	1247
375	1117
363	1085
343	1036
381	1101
327	1175
321	1061
311	1097
323	1113
348	1131
327	1183
368	1186
343	1161
318	1346
352	1376
336	1242
361	1218
342	1090
379	1095
344	1050
332	1118
374	1211
364	1199
338	1167
338	1242
318	1190
346	1109
352	1143
353	1243
349	1152
369	1172
415	1319
402	1178
415	1190
412	1422
398	1312
365	1275
450	1346
453	1377
386	1039
347	1046
369	1162
401	1273
365	1229
373	1280
337	1350
371	1351
362	1164
350	1132
363	1091
370	1031
342	1134
370	1105
349	1132
362	1205
363	1250
382	1145
354	1240
338	1114
355	1142
332	1216
393	1163
351	1199
373	1158
356	1116
348	1198
341	1213
345	1172
316	1220
323	1048
320	1096
358	1221
358	1269
387	1176
328	1161
351	1082
353	1149
331	1164
376	1353
364	1228
356	1241
318	1373
346	1324
327	1332
373	1222
322	1322
340	1187
301	1204
326	1199
378	1458
329	1332
311	1463
328	1468
324	1306
353	1441
314	1530
340	1417
378	1310
371	1277
375	1167
356	1274
373	1268
335	1253
355	1324
371	1416
358	1352
386	1336
324	1421
352	1491
330	1633
350	1495
358	1427
338	1372
341	1315
357	1487
360	1474
341	1368
358	1489
363	1524
374	1285
345	1226
333	1196
362	1278
336	1382
343	1357
359	1304
355	1349
330	1266
340	1353
361	1323
315	1310
340	1376
371	1361
340	1373
318	1358
331	1207
372	1273
350	1368
346	1253
358	1161
337	1267
345	1168
384	1363
347	1371
319	1350
336	1344
380	1255
352	1404
371	1471
331	1301
384	1192
330	1335
364	1291
346	1145
334	1203
323	1199
331	1100
330	1268
344	1220
296	1164
332	1118
330	1129
393	1188
337	1232
347	1228
363	1280
391	1208
342	1168
327	1173
263	1097
383	1271
314	1226
351	1208
341	1182
337	1208
325	1230
326	1257
359	1336
341	1299
369	1342
383	1409
321	1241
313	1365
334	1326
332	1292
321	1177
301	1213
363	1258
361	1421
313	1217
274	1192
312	1154
323	1131
348	1122
337	1291
334	1289
350	1145
369	1222
360	1240
317	1445
332	1353
356	1347
366	1335
357	1213
350	1422
348	1431
383	1246
328	1107
333	1069
333	1230
304	1471
346	1344
365	1311
316	1395
323	1544
327	1302
365	1171
350	1309
319	1101
302	1236
313	1530
350	1444
339	1223
339	1257
329	1146
322	1026
309	1075
368	1322
342	946
355	1101
336	1117
323	985
367	1242
318	1378
318	1203
289	1184
271	1265
330	1336
330	1427
323	1304
323	1370
345	1504
341	1551
361	1588
409	1737
379	2081
355	1922
381	1770
366	2133
377	1658
371	1763
372	2384
420	2804
380	2994
383	2322
364	2138
369	1584
339	1523
368	1593
327	1442
338	1232
319	1238
326	1264
340	1293
280	1418
312	2127
315	1884
340	1344
350	1252
344	1273
358	1588
317	1155
365	1279
324	1320
329	1144
355	1129
394	1175
312	1228
384	1210
342	1359
349	1403
359	1276
331	1430
340	1386
339	1008
369	921
328	1140
345	1089
342	1246
368	1111
359	1069
364	1051
300	1249
317	1318
333	1098
322	1304
278	1280
311	1288
323	1221
335	1305
332	1261
350	1177
338	1201
385	1333
334	1290
316	1062
338	1144
272	1167
310	1042
339	1056
324	1075
323	1335
328	1095
323	1211
359	1151
315	1118
342	1275
352	1175
345	1327
324	1223
331	1158
323	1270
338	1146
350	1307
335	1108
326	1233
357	1280
372	1243
334	1118
344	1458
376	1437
325	1255
341	1157
365	1341
317	1309
345	1144
395	1245
343	1095
356	1107
356	1204
348	1207
331	1210
393	1191
344	1191
380	1169
384	1225
363	1276
377	1207
430	1177
354	1237
396	1363
424	1142
451	1149
395	1165
424	1214
403	1199
422	912
392	1046
415	1093
385	1150
336	1035
375	1137
403	1237
367	1115
375	1106
410	1269
361	1265
406	976
385	1035
391	1085
394	1159
405	1132
424	1202
413	1209
453	1310
430	1229
437	1264
423	1258
400	988
397	1029
370	1083
365	1142
386	1007
356	1174
394	1206
374	1181
382	1195
380	1186
360	1183
362	1310
423	1209
389	1357
435	1920
359	1850
421	1971
365	2234
452	3916
420	4975
427	4161
369	2202
412	1801
332	1666
367	1555
370	1570
363	1587
375	1625
361	1740
377	1466
393	1312
400	1233
402	1298
343	1812
394	2449
342	1827
359	1353
356	1549
346	1280
394	1502
354	1461
348	1529
326	1207
307	1206
324	1050
317	1037
351	1096
336	1139
330	1151
350	1108
337	1102
333	1122
350	1157
347	1240
343	1400
419	1542
465	1897
448	2314
464	2266
498	2354
496	2341
461	2594
509	3059
513	3373
427	3377
471	2905
429	2840
458	3537
470	3520
449	3170
431	3439
564	4814
718	4853
721	3249
753	2514
783	2025
783	1826
829	2140
857	2118
933	1984
858	1950
958	2171
912	2473
963	2621
857	3240
929	4324
997	4890
1025	4750
996	4460
1093	4730
1114	4151
1074	4392
1255	5365
1258	5160
1228	3491
1159	3066
1122	2827
1202	3089
1208	3683
1261	4093
1218	4290
1208	4524
1321	5081
1191	4931
1197	4646
1401	7291
1553	8567
1579	10241
1690	10864
1635	9966
1622	9907
1524	7751
1451	6668
1388	5627
1259	4711
1262	4297
1184	3819
1126	3252
1146	3209
1128	3463
1143	3541
1182	3383
1264	3781
1204	3621
1248	3171
1083	2736
1183	2949
1165	2808
1167	2677
1003	2356
1036	2355
984	1999
1055	2069
972	2032
993	2115
917	2052
919	2267
806	2105
864	2269
856	2181
796	1860
806	1681
789	1780
880	1782
764	1772
746	1982
785	2066
711	2228
688	2317
608	1983
571	1899
518	1827
591	1964
619	1903
636	1500
598	1636
661	1676
675	1543
734	1516
712	1439
625	1442
595	1686
545	1582
500	1585
468	1520
404	1425
398	1616
419	1357
398	1460
387	1330
374	1318
420	1409
379	1148
422	1325
399	1513
394	1364
461	1462
367	1563
495	1553
431	1481
399	1276
422	1238
375	1320
392	1265
425	1368
365	1374
373	1433
339	1304
349	1303
395	1161
334	1176
348	1122
383	1144
331	1378
362	1369
359	1261
316	1225
334	1332
389	1357
334	1248
329	1318
337	1276
337	1254
354	1131
335	1176
355	1328
359	1222
356	1446
359	1316
327	1223
344	1081
369	1233
288	1256
354	1016
327	1182
319	1212
320	1142
326	1206
319	1111
316	1126
342	1150
343	1238
278	1179
352	1368
312	1388
372	1144
339	1093
289	1167
371	1242
316	1081
305	1188
310	1143
342	1171
344	1132
335	1077
347	1095
344	1141
376	1136
334	1058
382	1058
364	1170
336	1080
335	1090
295	1253
377	1161
340	1229
342	1205
313	1139
344	1098
342	1079
371	1242
380	1199
317	1160
362	1429
394	1202
389	1266
412	1271
376	1352
419	1241
399	1247
437	1106
397	1346
407	1231
390	1243
379	1144
383	1066
399	1113
423	1180
384	1102
346	1148
378	1156
373	1193
414	1196
407	1155
433	1114
483	1296
545	1211
454	1396
535	1569
564	1444
555	1547
625	1437
549	1304
588	1262
609	1292
738	1398
757	1356
766	1616
744	1678
672	1615
683	1571
733	1517
604	1603
640	1579
619	1629
574	1548
558	1504
536	1359
543	1320
560	1339
538	1123
482	1326
456	1248
527	1342
519	1276
605	1272
588	1285
608	1194
604	1216
676	1284
666	1359
732	1356
713	1414
697	1512
641	1558
604	1453
662	1275
638	1455
614	1212
598	1249
537	1195
509	1170
548	1363
578	1154
652	1211
656	1303
613	1180
624	1238
689	1312
652	1352
619	1213
668	1219
715	1197
668	1266
596	1283
585	1192
596	1341
588	1245
600	1200
500	1231
529	1188
473	1240
494	1380
537	1513
443	1492
446	1416
529	1393
406	1598
382	1406
404	1347
416	1201
400	1213
371	1306
347	1138
353	1096
340	1025
352	1007
370	1034
366	1247
422	1145
349	1232
392	1273
355	1269
393	1173
392	1207
397	1254
364	1380
406	1308
350	1380
348	1341
338	1278
336	1273
369	1160
368	1389
348	1189
371	1228
335	1352
368	1317
384	1314
385	1347
368	1332
363	1531
413	1323
411	1351
374	1303
396	1115
372	1306
315	1258
363	1371
329	1431
407	1325
377	1221
343	1164
309	1287
342	1193
311	1363
345	1369
363	1188
333	1202
337	1279
298	1193
345	1134
321	1124
390	1101
355	1356
379	1229
336	1289
329	1345
328	1229
380	1240
326	1236
361	1326
333	1201
353	1345
406	1470
347	1373
358	1269
377	1355
350	1372
346	1348
361	1472
367	2747
345	3383
419	3312
397	3358
373	3133
368	2032
430	1354
403	1358
417	1300
405	1277
347	1316
414	1185
388	1261
397	1153
404	1208
407	1214
382	1190
402	1189
407	1328
373	1168
415	1272
397	1280
415	1109
389	1118
394	1336
411	1422
404	1300
372	1292
392	1391
374	1498
420	1576
398	1411
386	1332
456	1282
446	1481
414	1443
467	1334
376	1412
375	1455
389	1449
407	1291
367	1380
408	1447
363	1285
372	1313
382	1277
416	1335
369	1238
372	1523
448	2612
420	2214
385	1900
382	1957
368	1497
348	1466
393	1392
409	1336
411	1491
382	1389
432	1437
398	1396
448	1373
367	1197
350	1224
391	1141
394	1118
327	994
389	1051
373	1155
361	1081
355	1200
354	1345
376	1296
373	1168
407	1178
347	1404
310	1233
355	1200
378	1226
324	1187
347	1152
370	1126
369	1114
379	1200
369	1042
386	1073
374	1294
380	1455
330	1170
381	1231
342	1328
335	1260
355	1037
349	1186
340	1296
332	1124
348	1213
315	1192
325	1306
335	1134
319	946
343	1028
357	1098
412	1099
330	1169
332	1170
350	1202
341	1284
342	1353
347	1426
378	1381
317	1275
315	1405
310	1326
311	1358
316	1217
366	1198
308	1131
324	1027
329	988
338	1033
381	1085
344	1169
388	1185
337	1087
311	1368
361	1220
353	1101
365	1246
325	1041
354	1065
371	1253
367	1196
331	1250
365	1404
392	1207
361	1298
351	1050
338	1050
343	1115
347	1093
351	1107
302	1083
312	1177
329	1092
347	1301
344	1208
343	1252
311	1104
330	1234
378	1239
339	1310
313	1290
298	1249
345	1193
325	1320
361	1273
379	1358
363	1390
310	1610
317	1402
332	1340
313	1350
312	1197
295	1288
306	1216
319	1440
354	1553
352	1478
354	1247
323	1316
329	1205
303	1239
292	1379
276	1090
330	1158
310	1292
352	1111
313	1227
317	1199
315	1413
347	1395
331	1400
380	1456
336	1624
365	1956
359	2510
383	3090
358	2868
338	3255
393	3998
401	3696
350	3447
341	3782
400	4064
365	3614
356	3397
343	3103
318	2516
320	2408
374	2739
352	2735
433	4076
384	4292
408	5174
408	5148
387	4496
367	4116
427	3587
364	3596
379	4204
393	5498
389	4106
402	3484
397	2657
390	1842
348	1772
367	2170
328	2239
346	2135
337	2302
294	2389
340	2210
400	2414
335	2447
321	1761
342	1876
367	1834
314	2064
347	1925
343	1638
314	1576
306	1393
326	1845
345	2347
362	2324
341	2281
389	2634
370	2213
318	1686
316	1444
310	1465
329	1187
298	1251
336	1327
308	1208
329	1151
328	1272
352	1399
352	1231
332	1312
343	1395
347	1286
286	1403
311	1268
320	1097
335	1183
332	1321
313	1260
328	1074
317	1077
325	1218
340	1080
318	1168
336	1154
285	1314
324	1126
312	1077
335	1137
319	1244
294	1037
310	1146
352	1118
368	1346
332	1114
323	1193
371	1108
380	1191
372	1067
359	1244
414	1210
447	1352
398	1545
515	1531
526	1398
553	1396
554	1550
651	1611
727	1683
736	1633
735	1638
699	1536
700	1435
884	1660
899	1645
891	1610
869	1635
943	1678
1152	1712
1266	1732
1163	1712
1041	1665
1175	1611
1262	1887
1296	1879
1414	1987
1502	1873
1621	2112
1504	2082
1478	2125
1488	2160
1504	2181
1512	2228
1610	2102
1657	2078
1816	2461
1852	2477
1750	2625
1663	2420
1747	2459
1614	2760
1731	2953
1837	2793
1723	2786
1615	2557
1392	3070
1408	2777
1461	2485
1424	3062
1308	3896
1328	7034
1214	8527
1191	7704
1035	5783
892	6036
714	2599
666	4347
687	4289
643	1776
586	1588
578	1471
525	1455
579	1453
578	1426
588	1611
531	1567
571	1616
544	1503
572	1629
671	1747
610	1813
578	1621
541	1420
507	1423
497	1478
481	1507
433	1339
349	1267
414	1161
447	1322
385	1218
410	1121
380	1051
402	1194
401	1383
400	1268
379	1297
393	1501
377	1244
388	1534
373	1378
403	1464
339	1261
374	1198
367	1331
370	1188
368	1207
309	1295
320	1186
309	1256
346	1269
324	1139
370	1254
346	1198
371	1218
334	1220
310	1203
345	1206
320	1308
341	1302
314	1367
311	1158
363	1101
374	1442
347	1320
344	1284
305	1236
325	1246
292	1025
314	1127
322	1213
302	1255
313	1012
357	1404
311	1186
345	1174
364	943
332	1119
353	1052
418	1159
366	1088
379	986
392	1041
388	1169
422	992
395	1054
342	1143
366	1324
394	1242
415	1317
391	1262
386	1257
426	1420
412	1326
437	1375
410	1335
346	1280
333	1289
385	1131
354	1380
346	1347
388	1551
388	1249
378	1280
400	1287
429	1240
472	1199
430	1236
441	1174
492	1128
463	1152
437	1188
420	1201
390	1164
394	1152
363	1131
357	1117
321	1132
322	1344
368	1226
351	1220
411	1245
382	1374
384	1213
370	1277
422	1382
444	1281
455	1349
532	1444
495	1366
536	1419
531	1197
471	1117
432	1183
425	980
411	1155
399	1029
333	1017
371	981
356	922
318	1022
350	1059
328	1104
311	1150
340	942
357	1040
384	1035
418	1127
443	1047
498	1106
495	1078
512	1070
519	1201
426	1253
470	1327
449	1235
412	1151
362	1137
370	1147
368	1303
377	1192
374	1278
377	1309
412	1267
323	1106
364	1275
380	1264
314	1426
354	1244
335	1122
353	1164
367	1348
320	1374
329	1171
296	1223
290	1335
319	1204
303	1031
298	1079
322	1370
301	1105
328	1038
286	1197
297	1207
282	1167
307	1164
314	1110
306	1182
296	1164
313	998
275	845
291	908
292	1009
315	1011
336	854
321	974
310	1193
342	1147
294	1222
314	1151
315	1176
294	1281
283	1141
263	1071
269	1014
329	977
312	1121
309	979
297	1136
252	1018
318	985
267	853
292	886
294	1003
318	1004
299	1041
308	1035
281	1141
270	1097
286	1001
277	1131
304	1221
317	1267
326	1197
303	1119
292	1195
280	1164
324	1087
305	1032
268	1002
311	1153
252	1293
283	1310
271	1080
289	1245
289	1268
319	1201
280	1266
326	1087
298	972
352	1299
313	1412
306	1183
365	1206
289	1293
314	1249
324	1273
258	1404
309	1542
288	1128
313	1242
273	1300
284	1481
298	1245
287	1319
291	1307
283	1332
272	1109
310	1161
291	1170
337	1242
322	1536
321	1417
292	1380
302	1239
300	1186
287	1124
299	1051
324	974
347	1160
315	1207
332	1178
308	1092
335	1434
290	1288
314	1353
279	1290
283	1131
299	1051
295	1121
286	1229
299	1293
331	1482
327	1222
314	1192
318	1108
315	1230
338	1110
311	1083
314	1209
322	1119
294	1308
347	1362
305	1183
333	1292
320	1219
352	1283
335	1110
316	1247
290	1221
326	1220
366	1290
284	1172
292	1132
334	1233
298	1098
342	1129
354	1341
303	1159
320	1038
320	973
349	1083
303	1039
336	959
322	1100
315	1183
298	1011
325	1000
327	1109
336	1211
288	1264
338	1266
271	1192
310	1320
345	1330
339	1159
357	1314
327	1302
331	1546
361	1665
308	1527
351	1405
331	1626
319	1808
338	1677
335	1456
285	1358
319	1534
334	1582
323	1411
340	1347
358	1466
337	1443
306	1382
309	1317
319	1238
298	1089
338	1199
354	1301
341	1272
328	1119
292	1165
309	1350
361	1239
327	1252
330	1298
299	1040
346	1135
340	1293
312	1495
324	1330
314	1253
321	1352
291	1185
302	1196
324	1132
324	1252
330	1232
324	1331
335	1419
321	1281
311	1164
358	1245
309	1422
340	1335
331	1355
289	1533
343	1775
355	1709
317	1907
348	1903
350	1938
342	1979
389	2274
400	3480
391	3436
402	3456
372	1726
364	1490
348	2050
363	1866
392	1706
336	1521
368	1484
331	1491
324	1338
316	1279
309	1243
333	1245
320	1326
308	1229
318	1349
339	1394
333	1190
285	1294
295	1183
321	1085
314	1316
313	1109
344	1268
296	1252
295	1355
340	1319
288	1090
321	1286
345	1402
344	1310
315	1116
325	1192
311	1147
295	1213
318	1255
316	1343
288	1366
284	1180
295	1395
303	1300
296	1364
254	1452
274	1317
287	1341
297	1514
307	1232
299	1418
297	1347
291	1209
251	1214
282	1089
278	1227
280	1168
277	1080
327	1096
306	1130
331	1163
298	1369
261	1538
331	1323
236	1505
305	1557
325	1447
240	1435
304	1537
300	1415
330	1598
283	1439
332	1430
316	1484
296	1466
321	1378
336	1314
370	1590
376	1367
343	1472
356	1479
332	1443
313	1215
295	1271
350	1232
332	1297
342	1363
371	1096
323	1181
377	1243
386	1281
361	1389
339	1444
375	1481
347	1498
405	1312
394	1222
386	1361
382	1389
377	1247
396	1174
344	1234
377	1125
332	1034
367	1084
391	1045
359	996
355	1108
438	1215
352	1338
369	1332
343	1233
352	1202
354	1222
398	1366
426	1263
395	1165
403	1005
415	1033
411	1169
415	1189
388	1193
415	1295
416	1118
398	1055
406	1094
384	1206
396	1111
390	1217
382	1360
394	1650
376	1360
409	1298
435	1284
368	1384
415	1339
430	1182
389	1148
353	1102
329	1124
369	1155
375	1177
367	1236
356	1274
346	1077
347	1084
357	1304
362	1272
386	1301
376	1241
440	1392
365	1343
368	1283
370	1135
335	1143
368	1286
359	1223
394	1120
375	1207
361	1188
356	1187
334	1346
258	1261
296	1144
268	1197
291	1140
291	1101
303	1071
301	1018
306	1217
307	1215
351	1235
318	1129
318	1148
362	1173
365	1246
394	1289
374	1405
319	1265
308	1395
331	1184
334	1185
360	1012
353	1152
359	1186
316	1193
396	1387
411	1392
415	1230
369	1338
351	1085
330	1159
401	1256
290	1168
325	1273
334	1496
352	1388
320	1301
326	1249
316	1056
359	1080
417	1142
388	1172
398	1332
368	1343
417	1327
392	1267
403	1313
398	1280
379	1160
390	1230
350	1360
307	1308
345	1140
358	1093
320	1076
309	1063
346	1134
348	1172
319	1164
312	1173
366	1195
352	1120
327	1247
309	1143
295	1214
304	1095
345	1136
299	1096
312	934
265	1011
323	803
269	1021
294	1129
326	1114
321	1061
289	1055
303	1026
295	1178
298	1069
304	1061
290	1097
284	1237
268	1010
277	1111
300	1078
295	1182
271	1206
338	1172
316	1063
279	1141
313	1200
330	1098
300	961
323	1204
316	1181
305	1206
324	1249
330	1195
309	1122
318	1399
299	1413
313	1311
293	1099
330	1134
307	1163
331	1067
314	1301
330	1282
343	1277
314	1271
285	1359
296	1232
347	1171
298	1261
312	1085
322	1271
317	1244
287	1152
312	1247
324	1394
326	1512
340	1276
302	1173
325	1155
321	1106
325	1209
318	1380
335	1415
311	3006
308	2072
337	1862
317	1547
315	1481
318	1700
322	1531
321	1373
353	1897
333	2050
343	2087
394	2085
369	1921
367	1826
352	1504
345	1511
299	1377
343	1358
302	1296
332	1301
342	1367
342	1588
307	1317
312	1433
358	1500
320	1282
335	1056
315	1121
338	1114
332	1029
341	1023
308	1267
327	1201
357	1244
367	1166
331	1056
310	1091
315	1132
349	1013
329	975
363	1247
352	1288
306	1304
275	1199
355	1158
341	1183
322	1102
324	1202
325	1285
354	1067
324	1212
308	1190
325	1223
308	1302
305	1266
299	1189
302	1096
324	1239
307	1267
305	1351
326	1307
332	992
329	1122
333	1113
299	1315
300	1623
327	1310
285	1442
297	1758
367	2610
350	3645
358	4500
329	2957
312	2933
326	2240
334	1446
290	1248
336	1128
317	1363
322	1565
312	1201
313	1175
290	1051
260	1128
345	1071
325	1159
332	1398
314	1295
309	1357
325	1533
356	2032
325	1352
299	1596
322	1412
306	1417
288	1221
321	1193
317	1251
299	1257
301	1178
322	1222
314	1273
301	1422
323	1209
317	1221
290	1224
287	1239
262	1143
293	1126
322	1185
277	1275
290	1241
293	1356
298	1295
286	1345
302	1276
296	1257
317	1401
282	1308
285	1243
269	1299
305	1518
287	1675
309	2230
276	2384
302	2075
308	2465
336	2021
295	1553
318	1576
300	1918
314	1939
312	2020
300	1863
303	1312
284	1234
333	1292
297	1383
315	1412
290	1155
332	1176
285	1128
286	1217
327	1132
315	1210
336	1320
345	1260
302	1152
322	1181
310	1218
279	1123
322	1218
283	1220
317	1236
291	1422
296	1310
290	1218
326	1085
284	1159
329	1094
334	1089
311	1087
268	1009
301	983
318	1012
307	1004
290	1248
308	1104
303	1194
315	1152
371	1207
302	1075
318	1125
317	1048
310	1050
306	1039
293	932
318	1147
313	1089
273	1068
306	1064
303	1157
303	1084
298	1125
322	930
270	1124
246	1081
293	1019
310	1183
311	1186
313	1251
277	1255
286	1239
279	1177
307	1231
330	1201
349	1145
338	1185
329	1165
304	1279
286	1160
330	1221
312	1139
305	1121
370	1122
343	1414
315	1194
314	1211
317	1199
405	1536
357	1246
342	1118
341	1185
345	1246
374	1289
365	1319
366	1368
371	1247
340	1282
340	1381
332	1336
312	1311
350	1239
362	1309
355	1385
346	1327
402	1380
415	1382
422	1512
460	1401
427	1505
463	1514
456	1425
483	1426
466	1279
425	1360
509	1456
490	1428
551	1555
531	1546
435	1541
471	1478
498	1600
506	1459
478	1514
507	1411
490	1488
505	1645
534	1934
546	1646
494	1917
489	1565
545	1602
609	2077
552	1732
547	1580
584	1665
521	1627
605	1718
600	1560
639	1558
600	1706
591	1584
662	1480
640	1487
590	1507
579	1395
615	1638
606	1554
575	1444
568	1303
536	1426
574	1482
550	1472
585	1707
671	1804
646	1665
695	1670
695	1584
650	1846
744	1780
705	1830
654	2013
654	2292
616	2154
635	1955
593	2017
633	1768
557	1582
625	1539
653	1427
595	1396
596	1334
646	1389
560	1299
636	1573
563	1502
587	1457
609	1435
533	1770
502	1998
559	1915
551	1928
559	1708
493	1709
585	1577
567	1585
570	1497
585	1377
555	1652
563	1626
521	1505
540	1475
505	1625
488	1535
532	1491
547	1540
548	1551
560	1497
555	1467
595	1503
586	1466
606	1368
557	1357
556	1466
564	1489
549	1717
542	1489
545	1502
501	1414
501	1564
489	1620
523	1547
505	1454
542	1369
512	1577
495	1660
567	1345
633	1456
686	1363
611	1212
619	1343
678	1414
642	1408
637	1390
542	1448
520	1473
552	1382
543	1172
533	1401
526	1314
539	1363
538	1299
569	1431
544	1230
591	1242
565	1297
572	1397
562	1369
622	1375
568	1503
584	1425
621	1517
650	1540
693	1424
613	1587
601	1557
592	1283
625	1148
636	1323
647	1287
613	1154
565	1226
620	1222
662	1450
684	1368
652	1494
735	1640
804	1385
805	1545
816	1737
797	1927
770	1735
824	1638
858	1583
840	1745
783	1703
772	1531
648	1342
678	1730
618	1584
679	1358
667	1518
713	1398
722	1452
676	1367
747	1498
732	1447
639	1412
653	1423
712	1432
630	1473
655	1303
640	1303
655	1327
611	1248
632	1366
665	1335
621	1377
578	1208
630	1221
578	1358
502	1305
569	1343
594	1380
550	1406
508	1385
508	1281
502	1348
547	1435
496	1408
468	1484
498	1341
536	1500
561	1303
510	1279
512	1336
513	1208
498	1198
571	1401
555	1229
521	1196
477	1257
524	1294
500	1322
518	1270
460	1232
431	1279
411	1395
503	1382
423	1311
372	1365
405	1304
401	1104
403	1143
379	1356
351	1310
352	1268
349	1332
324	1313
320	1444
295	1133
282	1244
328	1299
335	1358
283	1340
306	1240
333	1254
299	1146
342	1275
310	1243
323	1302
323	1153
332	1199
307	1144
351	1199
376	1012
295	1009
331	988
318	944
331	1127
321	1182
277	1089
288	906
312	1070
333	1081
278	1144
326	1109
331	1200
313	1300
376	1295
344	1109
313	1179
317	1131
294	1191
320	1188
314	1182
291	1095
286	1154
305	1008
262	1018
301	1051
316	1046
327	968
328	1158
283	1224
323	1114
284	1192
279	1352
273	1248
331	1071
296	1082
294	1188
275	1266
274	1227
264	994
295	1023
294	1071
257	1101
274	1095
281	1203
244	1007
283	1002
303	913
287	1145
301	928
304	1133
306	1121
301	1120
308	1124
314	1224
269	1190
282	994
297	1076
319	1042
278	1084
295	1226
297	1181
274	1337
279	1127
303	1283
334	1182
311	1197
306	1076
289	1079
290	1259
292	1292
338	1159
312	1091
319	1156
288	1131
369	1275
338	1032
327	1082
305	1101
366	1075
331	1070
351	965
360	1124
318	1139
358	1100
368	1222
389	1296
427	1212
371	1258
424	1221
404	1229
392	1308
379	1333
366	1480
385	1390
416	1329
388	1435
448	1392
392	1258
418	1244
413	1296
410	1180
411	1042
384	983
364	1072
373	1125
386	1199
427	1196
404	1242
436	1089
398	1143
489	1056
473	1084
448	1208
423	1210
388	1214
502	1175
482	1250
497	1317
473	1129
464	1169
508	1307
485	1354
485	1403
526	1242
512	1235
520	1364
573	1426
580	1282
499	1310
523	1432
488	1398
546	1410
571	1466
567	1337
654	1471
575	1296
605	1321
528	1316
566	1231
590	1344
522	1511
502	1338
490	1390
471	1399
473	1411
464	1227
537	1295
464	1276
501	1211
518	1150
495	1310
461	1116
429	1020
415	1270
433	1308
387	1272
420	1189
388	1179
362	1115
387	1170
374	1415
427	1341
401	1236
358	1223
411	1254
365	1173
367	1051
354	1300
366	1191
344	1154
328	1179
372	1218
333	981
325	1177
297	1129
304	1193
343	1259
297	1071
294	1327
291	1328
267	1088
290	1210
304	1258
292	1346
321	1332
336	1319
292	1271
310	1357
292	1433
260	1226
282	1203
323	1167
302	1227
305	1083
269	1230
317	1180
323	1004
278	1039
282	1004
290	1094
295	1104
260	1155
297	1212
262	1338
268	1225
282	1371
232	1281
283	1268
273	1251
285	1247
274	1226
283	1321
280	1095
269	1100
282	1113
256	1238
250	1127
245	1235
266	1035
271	1096
293	1072
262	1451
285	1391
269	1526
293	1785
270	1920
269	1691
280	1532
253	1456
238	1448
258	1105
265	1046
296	1246
274	1203
289	1117
266	1054
298	1112
284	998
261	1048
322	1154
318	1180
300	1241
314	1272
296	1238
311	1323
304	1196
285	1286
264	1244
270	1215
278	1313
277	1438
289	1268
310	1168
311	1137
275	1238
291	1106
277	1076
280	1047
242	1088
289	1062
252	1153
263	1005
270	1182
297	1016
270	1066
266	1095
273	970
297	1148
255	1004
268	963
309	1177
260	1134
265	1196
305	1105
248	1067
254	1172
268	1036
252	1019
269	1066
285	1163
290	1087
302	1100
268	1114
263	1140
276	1106
291	1100
304	1083
293	1061
296	986
335	1041
306	1117
289	1199
281	1355
347	1362
323	1112
278	925
350	1021
295	1048
321	1023
403	1225
371	1276
377	1172
379	1222
371	1264
372	1070
389	1147
356	1192
333	927
385	1268
414	1363
453	1273
475	1375
545	1354
579	1477
589	1572
613	1776
649	1893
666	1902
688	1937
746	1933
663	1677
615	1626
558	1496
600	1441
508	1301
460	1226
417	1245
476	1364
447	1423
454	1346
448	1192
473	1361
473	1270
516	1211
537	1379
478	1389
508	1306
498	1301
453	1300
473	1336
379	1242
348	1088
402	1072
406	1171
390	1118
346	1209
369	1180
374	1203
357	1081
327	1188
304	1131
297	1232
272	1101
337	988
281	922
291	1101
284	1332
290	1487
326	1442
312	1466
288	1426
304	1487
338	1490
313	1503
309	1244
316	1106
331	1122
296	1674
319	1655
328	1464
322	1753
301	1920
316	1986
344	1704
277	1475
271	1262
267	1287
295	1334
285	1234
288	1251
313	1305
256	1191
283	1103
310	1087
311	1262
285	1112
289	1144
315	1034
272	973
316	1014
309	1100
260	1003
304	1180
317	1054
277	1106
304	1277
295	1152
281	1224
293	1111
333	1011
329	1040
303	1075
364	1200
303	1152
316	1128
304	1085
299	1083
281	1074
328	1042
287	1080
304	1234
316	1113
320	1101
305	1116
318	1344
344	1133
317	1009
317	1105
322	1225
337	1275
322	1185
259	1267
298	1183
293	1223
345	1115
305	1069
258	1059
316	1079
319	1142
327	1071
373	1089
322	1028
281	1143
333	1036
335	1210
332	1166
352	1087
346	1153
321	1195
336	1061
348	1244
357	1018
341	1095
359	1124
332	1170
341	1068
365	1053
306	1092
330	1184
310	1310
316	1109
314	1161
278	1141
292	1186
321	984
326	872
328	1155
292	1160
309	1140
299	1140
285	1191
237	1121
288	1290
323	1206
318	1110
273	1095
273	994
293	1143
308	1096
296	1138
318	1027
306	1150
295	1155
293	1080
317	1172
347	1110
362	1163
422	1307
391	1228
385	1391
367	1167
462	1205
456	1283
463	1361
369	1283
388	1301
403	1182
411	1073
395	1188
341	1137
369	1051
416	1229
332	1140
309	1231
292	1165
304	1139
296	1289
275	1207
265	915
284	926
257	1108
280	1179
315	1216
285	1076
330	1062
284	1200
278	1193
302	1034
313	1076
294	1282
318	1229
332	1244
300	1115
283	1348
289	1180
361	1233
330	1243
298	1258
295	1341
333	1318
303	1326
330	1169
311	1089
287	1011
314	1023
305	1142
293	1084
310	1296
342	1084
310	1085
319	1118
293	975
287	1100
290	1053
339	1148
336	975
270	1247
290	1146
301	1117
325	1153
348	1125
360	1018
312	1056
352	1077
399	1212
416	1288
396	1333
366	1462
420	1118
487	1343
469	1303
450	1187
424	1162
421	1217
368	1136
332	1076
395	1159
386	1289
387	1238
360	1175
386	1089
398	1128
372	1001
428	1131
411	1097
443	1195
388	1243
440	1462
454	1442
461	1336
480	1291
439	1187
434	1131
387	1164
436	1201
384	1263
435	1187
438	1271
443	1237
446	1111
483	1140
521	1293
532	1086
506	1080
520	1135
531	1412
534	1175
505	1362
563	1387
548	1465
580	1457
585	1184
648	1413
644	1268
620	1139
728	1248
790	1295
860	1311
918	1467
773	1386
852	1328
980	1389
1018	1427
997	1601
998	1617
974	1400
1082	1432
1207	1479
1100	1446
1189	1467
1125	1358
1233	1399
1347	1502
1398	1633
1351	1664
1465	1716
1505	1747
1563	1861
1593	1694
1660	1787
1744	1912
1770	1880
1825	1916
1869	1970
1709	1984
1762	1839
1820	1820
1796	1864
1703	1771
1706	1780
1621	1747
1545	1610
1473	1694
1428	1706
1444	1719
1460	1569
1368	1611
1472	1709
1441	1654
1510	1678
1447	1726
1492	1797
1489	1867
1430	1745
1318	1678
1277	1827
1299	1502
1175	1525
1114	1469
989	1414
1073	1509
1082	1595
1080	1540
958	1564
931	1343
961	1426
977	1504
965	1528
930	1526
925	1572
869	1519
874	1680
902	1590
822	1457
716	1394
744	1332
722	1317
771	1348
728	1468
618	1636
646	1532
626	1441
625	1427
612	1474
536	1345
498	1295
457	1177
525	1256
509	1351
452	1320
501	1148
453	1093
507	1235
459	1487
497	1311
417	1215
461	1334
439	1338
407	1399
454	1096
381	1020
373	1156
412	1080
396	1091
417	1115
398	1093
440	1065
405	1221
366	1119
407	1232
387	1027
371	1001
359	1125
359	1225
346	1106
324	1236
330	1200
315	1155
317	1143
285	1229
271	1010
329	1024
324	1240
337	1211
321	1217
311	1226
325	1054
320	1080
305	1137
347	1181
306	1146
367	1062
296	1061
359	1069
302	1116
282	1035
313	1044
310	1222
269	1053
270	1135
272	1117
280	1190
288	1156
273	1171
315	1110
304	1096
272	1063
316	1259
301	1130
329	1220
338	999
280	1079
297	1030
282	1067
283	994
319	1023
303	1004
303	1079
315	1141
314	1107
343	1224
283	1012
336	1099
286	1264
296	1157
301	1207
322	975
297	1260
314	1383
293	1157
326	1194
277	1329
271	1227
283	1259
268	1133
319	1064
345	1026
295	973
292	982
296	1116
288	1043
297	1100
309	1224
291	1391
273	1225
272	1047
295	1079
285	1139
299	959
274	1104
305	1123
315	1170
355	1259
292	1174
268	1228
296	1217
292	1264
320	1226
298	1245
247	1100
279	1296
314	1023
298	1113
307	1034
280	1083
230	1269
262	1172
291	1132
283	1112
281	1137
297	1095
282	1148
286	1138
290	1127
274	1226
290	1157
304	935
272	973
301	1159
240	1044
292	1034
268	1049
272	1117
307	1078
266	1077
310	1090
283	1146
292	1061
264	1172
303	1069
288	1224
285	1125
291	1119
296	1063
291	1057
286	1208
302	1186
282	1231
275	1107
245	1123
293	1204
322	1321
309	1340
319	1403
320	1428
295	1315
308	1294
309	1285
248	1300
276	1287
278	1092
324	1316
314	1048
305	1172
321	1226
322	1126
318	1420
316	1315
290	1597
300	1384
301	1313
291	1169
292	1277
305	1259
318	1157
327	1319
313	1302
322	1094
312	1203
319	1276
324	1250
330	1409
275	1583
336	1518
367	1389
307	1555
306	1575
284	1601
329	1630
346	1554
383	1349
341	1350
345	1323
335	1281
327	1458
283	1392
320	1511
321	1403
307	1458
335	1463
325	1456
341	1398
289	1404
285	1371
300	1236
326	1264
330	1150
320	1189
301	1292
315	1410
291	1087
329	1176
343	1159
343	1148
326	1237
329	1175
310	1318
334	1062
336	1204
331	1120
303	1168
357	1083
308	1164
321	1186
311	1082
327	1151
341	1003
321	920
329	948
273	998
296	919
328	1033
296	1136
310	1105
313	1091
332	1154
328	1148
308	1046
321	1186
321	1107
300	1245
329	1047
305	1143
347	1261
302	1097
295	1155
286	1043
299	971
283	1064
304	1051
308	1319
325	1176
348	1084
299	1348
357	1266
293	1165
319	1257
372	1287
325	1386
322	1163
360	1139
321	1249
280	1267
298	1333
330	1409
315	1512
353	1444
322	1367
378	1546
375	1623
390	1448
354	1253
322	1285
350	1115
347	1226
337	1222
334	1237
331	1278
324	1386
374	1483
317	1189
317	1151
309	1153
337	1139
318	1217
342	1179
325	1529
354	1855
343	1656
349	1634
352	1413
313	1362
388	1470
339	1590
362	1714
292	1509
295	1807
323	2310
319	2963
334	3463
367	4418
388	5634
339	4990
456	6662
412	5521
333	4358
297	2892
293	2039
309	1372
332	1373
307	1353
322	1448
330	1441
355	1988
311	2137
329	1812
316	2218
386	2591
354	2603
322	1387
308	2358
376	4653
378	4687
414	5703
383	6554
375	6479
477	6676
373	5038
322	4018
297	2111
290	1273
277	1665
347	1943
290	1710
303	1688
315	1814
337	1953
358	2480
343	3644
325	2094
352	2994
336	2318
311	2950
298	3464
315	3468
379	3882
294	3662
294	2422
283	2233
307	1833
306	1872
278	1258
306	1498
358	1842
302	1376
286	1399
294	1495
334	1529
271	1721
331	1748
302	1459
344	1128
309	1030
279	1161
297	1079
272	1065
264	1063
275	956
271	1070
306	1051
259	1018
271	1024
274	1087
223	1037
287	955
255	950
296	995
248	1114
328	1096
271	1235
269	1064
254	1008
241	1036
256	1044
292	1112
291	1146
299	1243
287	1549
253	1696
297	1569
293	1559
256	1518
279	1290
282	1343
300	1209
281	1194
274	1103
258	1129
300	1074
272	1236
282	1279
304	1109
321	1090
302	1000
313	1098
270	1063
285	1057
311	1028
313	1017
349	1391
339	1448
300	1239
313	1097
282	1135
277	1246
284	1057
274	1105
275	1151
302	1202
264	1096
273	1158
261	1206
308	1095
286	1105
314	1254
317	1194
340	1284
268	1130
309	995
292	1192
290	1174
307	1073
305	945
275	953
253	1017
289	1188
308	999
300	1069
297	1164
309	1087
299	930
276	1002
296	1043
260	1027
316	949
291	994
253	1070
296	988
271	1109
270	1105
302	1118
307	1057
344	1017
265	1179
275	1018
304	1375
290	1117
299	1173
277	1195
311	1273
303	1158
305	1206
287	1149
305	1006
308	940
308	1094
310	1282
291	1341
315	1237
297	1028
325	1354
315	2311
342	3190
311	2825
331	2482
336	2737
345	3496
351	3051
359	2276
328	2040
347	2428
423	3150
373	3631
340	2583
348	2746
357	3250
428	4618
430	7059
484	7091
387	4882
373	5326
338	3850
353	3357
328	1971
285	1379
299	1815
360	3124
369	3080
345	2262
322	1785
295	1559
291	1413
318	1427
306	1304
289	1252
285	1120
283	1303
266	1301
257	1102
269	1111
317	1124
292	1209
308	1146
284	1110
272	1045
263	1154
280	1088
322	1276
307	1399
343	1370
303	1280
324	1293
311	1236
340	1391
311	1379
303	1700
317	1820
330	1982
338	1530
376	1394
343	1390
362	1521
334	1660
283	1464
293	1418
309	1343
328	1248
324	1273
324	1085
294	1162
281	1120
287	1222
320	1257
272	1079
305	1133
290	1104
263	1096
318	1041
283	1104
340	996
267	982
271	1057
287	996
272	1020
303	1001
247	1037
270	1068
261	1116
282	1156
272	1038
320	949
283	984
290	1135
290	1160
283	1262
307	1211
286	1148
310	1070
310	1052
326	1080
313	1151
329	1232
325	1181
308	1127
338	1301
303	1160
300	1222
303	1113
304	1007
288	1089
299	1137
290	1119
320	1180
311	980
286	1060
331	1298
287	1350
312	1368
261	1059
271	1059
320	1158
322	1127
294	1090
321	1163
329	1104
274	1041
283	1097
326	1018
242	1151
327	1048
308	1129
292	1200
254	1080
256	1064
258	1146
271	1285
275	1293
342	1488
310	1322
313	1547
299	1655
258	1801
284	1828
269	1706
301	1618
312	1491
286	1536
304	1360
298	1646
310	1676
279	1376
308	1208
283	1124
324	1153
304	1072
277	1149
288	1147
283	1364
315	1153
312	1136
350	1150
300	1212
315	1297
280	1136
286	1174
277	1169
323	1151
285	1194
298	1257
309	1226
269	1264
295	1239
283	1352
285	1468
245	1354
276	1201
279	1227
297	1103
293	1092
270	1129
314	1130
277	1209
302	1217
299	996
264	1109
304	1106
312	1185
291	1244
287	994
339	926
335	942
350	1163
351	1244
370	1149
394	1191
357	1070
371	976
407	1114
415	1028
455	1120
404	1050
455	1076
454	1095
466	1096
500	1237
455	1254
460	1144
432	1211
340	1166
373	1323
343	1345
370	1149
358	1314
359	1171
292	1001
359	1135
324	1223
312	1010
262	1138
283	1305
284	1156
318	1179
295	1299
285	1229
296	1320
284	1177
298	1256
304	1275
267	1308
312	1189
274	1322
312	1339
318	1420
293	1233
284	1296
253	1147
251	1129
274	1313
266	1092
265	982
321	1043
316	1356
310	1355
292	1543
276	1338
339	1376
327	1389
307	1170
284	1519
354	1220
334	1184
311	1219
312	1624
322	1482
317	1484
312	1725
302	1382
311	1714
329	1816
318	1893
314	1882
298	1829
249	1490
279	1531
333	1704
309	1337
275	1188
282	1271
264	1285
290	1149
290	1204
283	1274
266	1159
282	1326
295	1224
291	1330
286	1475
288	1272
250	1114
275	1374
279	1376
300	1393
279	1327
296	1384
269	1423
302	1282
289	1440
293	1438
296	1263
286	1088
305	1238
248	1156
258	1189
305	1119
254	1278
294	1356
291	1224
310	1153
308	1217
274	1243
317	1494
247	1255
310	1102
298	1032
275	1188
286	1117
238	1188
291	1292
269	1271
276	1215
290	1410
297	1262
282	1265
303	1349
301	1350
305	1521
321	1459
312	1501
342	1387
313	1296
305	1245
260	1226
340	1275
331	1125
289	1184
315	1184
312	1244
305	1315
263	1118
315	1359
281	1355
286	1465
304	1302
300	1397
300	1176
279	1175
295	1061
281	1131
315	1185
281	1093
278	1120
272	1035
281	1155
254	1233
279	1232
292	1385
267	1446
272	1397
280	1291
271	1297
281	1425
276	1372
266	1357
281	1408
294	1557
265	1572
312	1503
256	1421
261	1482
274	1644
303	1788
351	1990
325	2043
360	2030
333	2084
365	2116
353	2383
329	2670
340	2578
381	2480
321	2004
328	2020
353	1844
336	2076
344	1902
348	2017
364	1921
335	1921
278	1994
340	1936
301	1856
358	1897
304	1827
325	2186
298	2235
387	2191
362	2822
325	2639
408	4774
393	6423
411	6501
382	5816
374	4220
365	3635
374	1749
394	1804
342	1655
323	1338
325	1367
305	1559
320	1733
332	1693
312	1501
343	1348
346	1471
349	1468
340	1447
310	1409
346	1373
309	1455
281	1455
329	1492
325	1242
307	1202
348	1336
324	1353
344	1298
336	1419
360	1533
348	1597
339	1449
383	1444
364	1474
338	1466
335	1347
350	1658
349	1359
355	1267
345	1404
352	1420
358	1676
365	1642
408	1643
401	1744
396	1700
432	1833
396	1988
350	2099
430	1872
422	2024
376	2055
433	1886
471	1877
411	1939
470	2059
464	2071
486	1991
472	1819
454	1845
452	1915
486	1911
452	1929
459	1938
434	1820
532	1952
561	2065
630	2259
577	2439
545	2274
515	2201
520	2111
517	1885
536	2025
514	1996
540	2122
531	1963
478	1716
463	1902
468	2076
503	1809
442	1924
452	1635
440	1625
449	1757
471	2053
449	1750
414	1656
435	1706
480	2108
510	2101
494	1879
507	1864
429	1880
465	1974
443	1642
391	1687
400	1518
350	1231
401	1357
398	1298
353	1439
339	1244
353	1266
342	1301
382	1261
398	1426
386	1398
393	1398
377	1569
352	1579
370	1351
388	1459
342	1522
397	1291
339	1396
334	1451
335	1312
304	1299
319	1281
353	1262
327	1178
335	1212
308	1205
303	1229
286	1087
338	1263
348	1172
354	1147
331	1246
340	1209
343	1301
333	1260
348	1238
389	1144
329	1201
343	1245
333	1277
364	1251
392	1382
389	1397
343	1289
351	1253
342	1041
343	1265
342	1260
310	1177
310	1205
326	1177
310	1160
332	1223
312	1316
333	1272
324	1310
311	1295
312	1477
337	1642
327	1807
367	1655
351	1779
347	1589
330	1772
396	1656
303	1557
337	1575
332	1474
363	1170
347	1223
325	1160
331	1183
367	1166
349	1137
370	1212
381	1032
349	1136
361	1143
376	1082
380	1099
381	1214
382	1214
397	1265
425	1223
466	1356
389	1240
463	1159
501	1437
540	1645
512	1557
531	1520
531	1521
548	1364
603	1441
508	1537
513	1728
514	1468
596	1420
551	1438
632	1358
590	1336
661	1562
588	1436
697	1554
682	1766
695	1700
741	1726
745	1522
791	1561
834	1531
708	1723
784	1515
757	1545
795	1553
893	1809
894	1924
948	1769
919	1629
1022	1829
1143	1711
1221	1732
1105	1725
1122	1721
1247	1951
1296	1684
1295	1894
1428	2008
1380	1911
1362	1914
1485	2004
1462	1948
1527	1759
1438	1791
1475	1734
1616	1779
1639	1698
1711	1657
1596	1686
1702	1716
1803	1698
1777	2020
1813	1914
1909	1964
1802	1921
1826	1889
1931	2040
1986	1995
1890	1906
1920	1960
1862	2026
2050	1988
2199	2157
2164	2126
2130	2133
2174	1953
2236	1985
2435	1996
2542	2118
2479	2024
2485	1951
2608	2036
2676	2140
2656	2035
2647	1959
2519	1871
2432	1939
2572	2160
2636	2068
2623	2055
2467	2127
2447	2011
2603	2104
2856	2235
2954	2271
3028	1970
3177	2138
3468	2290
3547	2209
3749	2256
3831	2407
3645	2319
3655	2542
3630	2298
3266	2286
3180	2330
2908	2124
2761	2020
2578	1919
2396	1849
2296	1781
2369	2164
2304	2008
2332	2020
2542	2013
2772	2111
2958	2049
3074	2214
3208	2342
3445	2144
3526	2441
3699	2456
3625	2484
3465	2483
3223	2381
3117	2420
2943	2154
2826	1992
2592	1968
2482	2044
2327	1941
2323	2055
2292	2054
2180	2018
2270	1822
2201	1980
2270	2089
2351	2124
2419	2119
2601	1947
2574	2058
2704	1962
2687	1959
2716	1950
2793	1802
2652	2026
2650	1906
2599	1912
2495	1900
2343	1947
2295	1751
2089	1858
2167	1950
2128	1737
1998	1802
1997	1735
2057	1793
2093	1799
2104	1424
2030	1621
1934	1667
1919	1858
1854	1654
1756	1864
1695	1892
1623	1630
1677	1707
1605	1845
1537	1778
1558	1631
1566	1550
1468	1611
1433	1592
1481	1583
1605	1662
1585	1553
1515	1634
1591	1657
1552	1513
1534	1571
1410	1523
1426	1545
1315	1571
1296	1531
1297	1751
1217	1607
1192	1452
1145	1551
1082	1524
1050	1518
956	1543
979	1396
1015	1333
942	1262
1015	1255
921	1106
951	1265
928	1401
983	1375
941	1298
965	1170
996	1233
925	1204
918	1425
910	1303
931	1354
837	1280
757	1259
688	1173
728	1122
691	1149
703	1155
677	1234
666	1145
568	1104
646	1172
621	1314
583	1383
643	1306
554	1252
588	1168
608	1196
569	1148
554	1285
546	1329
534	1403
589	1260
526	1317
544	1205
469	1218
509	1339
455	1176
521	1251
489	1326
454	1328
414	1314
464	1211
463	1362
450	1343
457	1230
426	1038
450	1014
388	953
433	1216
453	1422
379	1451
397	1145
410	1016
418	1074
390	1217
342	1161
396	1234
383	1063
336	1114
354	1214
313	1226
378	951
378	1112
390	1108
341	1019
370	1182
363	1090
290	1052
346	1123
332	1171
315	1182
295	998
345	1078
327	1130
369	1016
345	1047
334	1017
372	1114
353	1172
322	1169
326	1165
322	1184
338	1167
357	1120
312	1180
312	1118
302	1185
317	1119
304	1112
271	1149
275	1350
286	1234
262	1498
279	1251
323	1298
310	1255
297	1291
278	1162
259	1170
294	1074
298	1124
289	1099
265	963
333	1052
298	1055
280	1125
274	1114
321	1035
294	948
272	971
309	1080
289	1163
282	991
275	1096
296	1103
288	1088
282	966
290	1049
278	911
259	1033
280	907
250	936
287	926
253	1180
302	1151
260	1336
287	1218
300	1103
278	1177
286	1280
299	1073
274	1083
254	1036
297	1176
265	1124
279	1245
267	1084
308	1292
256	1192
316	1125
275	1178
300	1162
284	1162
293	1153
272	1057
243	1016
284	1163
284	952
312	996
303	1081
297	1115
230	1156
250	1200
253	1231
270	1264
237	1062
299	1399
284	1406
248	1099
256	1074
255	1124
265	1062
246	1104
248	1132
347	1248
323	1135
265	1157
281	932
257	1150
271	1126
269	1120
264	1126
274	1168
290	1308
225	1224
255	1180
277	1116
251	1049
287	1110
312	1065
292	1221
329	1368
254	1230
276	1133
281	1208
280	1130
282	1030
270	1094
289	1054
306	1070
322	1173
266	1005
288	937
304	1136
283	1073
253	1014
286	1180
274	1140
291	1137
269	1318
290	1258
242	1281
307	1188
279	1220
258	1155
283	1278
288	1211
299	1243
250	1259
280	1190
274	1085
290	1040
304	1048
321	1246
271	1118
254	1123
290	1401
279	1517
253	1366
271	1136
306	1454
307	1360
287	1235
278	1184
237	1162
247	1194
247	1275
275	1321
269	1584
291	1311
269	1317
279	1361
252	1356
273	1322
287	1512
280	1588
277	1470
302	1562
278	1393
284	1373
274	1236
297	1278
252	1328
265	1087
257	1304
281	1362
246	1169
267	1018
256	1194
261	1097
309	1333
250	1370
273	1183
283	1159
321	1423
315	1312
283	1479
345	1590
289	1427
318	1294
290	1297
275	1442
259	1479
278	1253
291	1432
274	1283
231	1198
282	1079
301	1195
318	1221
277	1236
292	1288
274	1289
274	1414
284	1186
291	1042
281	1062
311	965
270	1120
283	1251
305	1232
302	1196
272	1192
277	1191
291	1318
260	1417
296	1230
254	1238
264	1154
284	1303
281	1081
285	1213
298	1140
311	1122
301	1072
299	1001
283	1145
255	1140
340	1028
302	1056
309	1051
289	1229
292	1346
291	1225
294	1144
293	1380
282	1209
281	1198
329	962
317	994
300	1019
278	1026
285	1204
276	1028
301	1081
273	1142
255	1036
255	1170
273	1150
271	1205
299	1082
308	1094
304	1042
267	1176
245	1128
255	1212
289	1208
290	1006
315	1131
306	1068
322	1049
306	1068
306	1047
253	1016
285	1196
290	1164
261	1039
321	1175
271	1228
296	1001
291	1003
278	1187
291	1096
276	1070
289	1077
330	1026
341	1057
270	1136
291	1137
275	1029
294	1142
262	1218
261	1110
277	1164
280	1004
282	1165
257	1092
261	959
238	927
265	1006
259	1026
291	1012
293	1141
289	883
247	1212
294	1259
285	1299
292	1161
295	1104
265	1023
283	1173
312	1176
280	1091
271	1203
283	1083
268	1320
296	1290
280	1193
274	1096
274	1000
295	968
306	1100
293	1060
309	1216
300	1379
295	1267
286	1332
296	1315
295	1327
353	1142
290	1097
281	1179
297	1136
297	1246
314	1211
338	1208
324	1199
316	1179
286	1252
302	1187
300	1172
314	1213
307	1279
302	1262
294	1123
312	1176
305	1202
301	1147
292	1393
300	1634
321	1744
286	1677
286	1927
289	1425
329	1934
321	2234
360	1268
325	1434
311	1875
336	1986
349	1377
378	2126
358	2072
359	1308
331	1162
339	1106
326	1106
354	1127
304	1231
261	1327
303	1319
316	1325
311	1347
313	1260
324	1199
311	1248
317	1203
341	1246
344	1513
357	1699
330	1373
330	1258
326	1121
314	1189
319	1180
310	1207
342	1272
334	1195
306	1360
329	1296
321	1097
344	1073
330	1193
313	1097
376	1006
337	919
345	999
344	1118
355	1086
380	1148
403	1169
389	1155
375	1095
351	1241
391	1164
366	1114
390	1233
371	1157
347	1197
382	1093
347	904
343	1021
376	993
395	1020
341	1067
368	1199
369	1268
374	1213
378	1123
417	1179
402	1074
392	1056
376	1202
429	1294
398	1425
368	1408
399	1604
363	1620
417	1692
427	1593
421	1527
418	1424
451	1439
471	1638
462	1834
442	1922
466	2092
482	2121
494	2296
550	2269
575	1972
547	1826
605	1577
678	1771
810	1822
837	1733
791	1694
928	1958
1137	2148
1435	2421
1529	2461
1447	2451
1444	2372
1589	2438
1722	2877
1764	2896
1506	2804
1317	2498
1316	2395
1351	2490
1416	2671
1297	2450
1362	2500
1644	2966
1976	3534
2320	3822
2597	3933
2725	3801
2751	3898
2771	3856
3104	3961
3250	4214
3170	4137
3134	4083
3070	4126
3028	4217
2872	4181
2883	4357
2978	4416
3213	4814
2998	5025
2943	4689
2696	4502
2922	4476
2925	4895
2938	4961
3057	5130
3231	5352
3235	4595
3442	4500
3230	4546
3276	4500
3238	4669
2961	4362
2966	4303
2917	4236
2609	3876
2824	4087
2896	4381
2901	4566
2878	4121
2693	3941
2737	4151
2765	4105
2764	3816
2844	3658
2713	3757
2504	3438
2489	3414
2572	3492
2338	3347
2251	3353
2216	3277
2093	3199
2251	3284
2316	3146
2151	2966
1845	2837
1768	2760
1944	2876
2065	3102
1658	2954
1386	2570
1224	2376
1238	2625
1155	2638
1009	2473
866	2179
745	1954
777	1959
935	2448
944	2476
696	1989
625	1768
625	1782
575	1754
512	1665
469	1445
416	1258
424	1344
402	1320
400	1304
352	1151
334	1134
330	978
362	1059
375	1146
368	1176
352	1160
379	1038
352	1137
354	1112
449	1253
448	1395
456	1137
455	1246
413	1418
435	1308
500	1092
376	1154
382	1140
432	1251
443	1094
495	1145
525	1081
549	1005
531	1118
536	1280
497	1143
480	1349
442	1387
433	1277
412	1061
414	1248
365	1301
388	1355
387	1232
402	1147
411	1164
367	1284
338	1200
343	1189
368	1302
358	1154
306	1002
323	1194
339	1143
347	1174
289	1222
320	1205
328	1151
269	1132
283	1210
308	1078
289	1342
280	1208
285	1297
279	1296
295	1232
285	1134
287	1225
302	1221
297	1183
296	1171
255	908
265	884
273	1164
288	1121
263	1168
296	1032
283	1056
301	1123
290	1032
303	1063
306	1177
257	1079
280	1198
292	1166
280	1110
295	1168
344	1060
315	1105
285	1414
291	1450
297	1213
304	1374
292	1346
292	1392
249	1974
280	1356
312	1342
341	1778
285	1777
276	1931
292	1919
295	1899
290	2038
287	2012
348	2960
296	2925
274	2885
295	3052
280	2909
288	3598
308	3100
339	3236
300	2663
314	2704
317	2657
264	1812
277	1726
278	1503
279	1184
262	1215
285	1325
267	1136
264	1307
290	1354
363	1418
330	1204
275	1308
279	1376
305	1043
321	1330
324	1373
263	1305
278	1321
268	1451
307	1672
320	1503
277	1544
273	1363
354	1326
279	1400
316	1537
314	1420
311	1485
320	1768
283	1872
354	2066
322	2168
324	2408
345	2228
334	2224
303	2223
297	2210
301	2329
306	2987
292	2908
372	5896
411	8286
458	10794
433	11784
397	10660
631	18308
746	21347
739	21851
625	20398
532	16560
661	16612
844	17989
462	6310
529	8358
633	11258
385	3724
427	3568
402	3293
374	3313
424	3895
417	3453
406	3233
307	2690
353	2876
364	2434
353	2309
387	2083
348	1907
364	1852
402	1877
380	1788
350	1708
347	1624
392	1422
325	1380
332	1519
295	1601
337	1493
327	1333
288	1293
298	1160
286	1066
296	1299
335	1048
313	1004
316	1167
309	1033
308	1056
295	1137
292	926
294	1217
308	1031
311	1081
308	1111
298	1054
354	1206
307	1258
282	1138
336	1113
368	1107
361	1274
418	1450
447	1595
500	1680
571	1506
596	1445
585	1438
734	1503
908	1686
1007	1866
962	1909
834	1652
925	1543
1013	1964
1069	1889
1062	1928
1093	1825
991	1730
1098	1919
1280	2024
1190	2024
1118	1730
1247	2031
1286	2354
1408	3364
1500	3836
1448	3400
1442	3706
1525	4499
1722	5901
1632	6574
1652	6331
1669	6665
1675	7292
1721	7776
1720	7497
1685	7211
1504	6825
1401	6076
1257	6131
1377	5368
1237	4938
1378	5013
1341	4828
1323	4688
1232	4224
1061	3716
1092	3558
1067	3614
1035	3827
892	2898
860	2677
831	2624
788	2233
760	1923
695	1761
668	1712
697	1998
682	2035
710	2328
668	2590
656	3160
671	3956
654	3372
669	2976
658	2854
622	2699
674	2639
624	2493
657	2475
673	2528
626	2222
577	1947
563	1913
600	2008
526	1871
569	1744
543	1625
572	1671
548	1670
557	2306
519	2380
577	2685
530	2581
556	2533
588	2473
565	1615
535	1821
535	1743
548	1564
494	1384
481	1319
485	1314
417	1480
442	1463
490	1526
463	1416
470	1441
423	1468
457	1627
437	1512
421	1371
406	1247
429	1489
388	1399
403	1042
425	990
393	1186
317	1199
351	1307
349	1322
380	1468
346	1251
343	1402
339	1254
319	1129
333	974
302	1078
337	1165
317	1169
322	1225
325	1159
338	1316
331	1189
359	1134
322	1143
298	1000
326	1098
292	1250
296	1206
283	1364
346	1164
288	1056
279	1115
320	1000
287	960
316	874
277	1259
304	1125
290	1124
301	1103
254	1168
366	1162
287	1163
355	1020
260	1017
287	1023
303	1144
300	1156
291	1399
275	1305
274	1202
272	1242
279	1334
303	1381
328	1382
325	1539
310	1207
292	1099
301	1159
271	1117
303	1107
276	1033
258	1068
257	977
322	1175
267	1116
301	1034
323	1106
314	1190
304	1200
286	1327
282	1189
292	1133
267	1298
301	1177
286	1059
283	1133
285	1016
291	1175
291	1155
260	1342
297	1183
316	1320
268	1035
281	1013
279	1040
263	1029
289	1120
307	980
254	961
291	1206
268	1220
325	999
289	915
304	1138
322	1004
302	1211
350	1194
322	1015
291	903
279	979
294	1115
297	1107
302	1086
286	1021
315	1067
347	1107
311	948
301	1200
281	1108
243	1043
294	1181
289	1102
324	977
279	1175
290	982
322	1139
291	1192
325	1114
314	1132
287	1032
317	1139
264	1167
323	1220
271	1226
257	1125
284	1024
324	1130
280	1074
294	1020
302	1039
316	1020
274	984
291	912
303	928
332	933
316	1056
271	1051
280	1166
277	1265
342	1025
333	1042
328	1210
326	1120
327	1152
318	1103
265	1137
279	1115
291	1073
277	1090
315	1204
300	1239
265	1129
323	1025
334	1066
310	887
314	1006
289	1021
297	1087
244	1275
298	1506
263	1540
269	1605
304	1678
265	1414
296	1216
256	1393
265	1241
302	1790
315	1793
285	1802
290	1538
266	1295
285	1261
304	1393
296	1201
282	1360
287	1395
288	1152
235	1193
307	1269
268	1507
307	1522
295	1677
305	1924
298	1781
295	1490
292	1738
276	1605
290	1510
305	1316
300	1356
290	1298
314	1229
284	1276
302	1166
309	1257
330	1450
290	1253
289	1240
250	1399
281	1260
314	1172
302	1125
282	1393
312	1289
280	1383
298	1263
327	1187
290	1283
299	1287
276	1267
260	1239
294	1378
275	1257
292	1153
268	1026
295	1130
273	1140
289	1184
309	1287
271	1376
269	1189
268	1301
285	1253
267	1166
285	1036
269	1147
289	1040
292	1007
278	969
266	1161
245	1028
270	1182
269	1224
295	1108
264	1129
266	1282
276	1148
301	1155
282	1209
303	1159
252	1079
300	1256
272	1177
304	1282
289	1223
279	1131
332	1223
295	1195
300	1146
295	1192
248	962
307	945
300	910
261	1099
261	1226
273	1166
267	1192
279	1116
290	985
267	975
260	1011
281	925
271	918
284	1013
305	1196
288	1093
271	1038
292	1142
258	1126
318	992
256	1097
288	949
275	1144
296	1072
285	1000
262	851
249	1039
241	1148
309	1071
304	941
298	1188
258	939
264	1027
274	935
235	966
283	868
248	980
246	951
229	1035
301	1186
266	1135
284	1081
302	1194
285	1124
304	1306
260	1209
318	1322
312	1416
262	1125
290	995
303	1103
276	1133
283	1102
314	1167
321	1245
273	1078
289	1008
280	1198
280	940
310	916
298	954
311	933
322	1037
315	980
308	968
306	1254
299	1053
311	1099
364	1057
358	1022
316	950
319	1038
382	886
358	1017
418	1315
431	1046
397	1027
396	1098
392	1092
364	1247
284	1045
315	983
313	1074
330	1102
339	1158
340	1277
300	1269
313	1021
319	1041
363	1279
342	1232
327	1284
341	1158
337	1227
333	1176
314	972
283	1058
333	1045
322	1177
332	1192
308	1246
275	1278
308	1302
341	1215
281	1221
327	1118
271	1203
301	1282
346	1296
304	1313
349	1364
311	1254
350	1318
339	1272
330	1411
352	1481
338	1378
299	1183
321	1233
339	1383
340	1511
378	1525
318	1468
315	1333
288	1505
358	1443
340	1516
368	1639
349	1689
334	1647
330	1549
348	1355
312	1287
344	1335
335	1758
357	2736
378	3270
368	2709
462	4800
387	3844
357	2865
319	1625
344	1623
346	1491
362	1660
362	1888
370	1926
308	1431
349	1223
362	1468
326	1293
338	1416
336	1345
339	1305
323	1431
294	1223
312	1152
350	1199
308	1268
326	1477
367	1455
361	1415
371	1242
358	1455
335	1338
327	1443
316	1216
324	1296
357	1409
350	1310
336	1473
339	1269
282	1270
289	1367
308	1375
302	1184
285	1266
347	1226
361	1355
335	1331
312	1058
281	1194
331	1317
316	1149
311	1253
349	1164
294	960
328	1115
293	1138
283	1113
302	1067
308	1251
302	1146
308	1126
300	1048
285	1074
273	1116
295	1103
326	1220
337	1152
340	986
342	1058
321	1358
317	1157
337	1157
320	1174
292	1089
297	1122
301	1128
320	1101
324	1166
291	1202
267	1120
278	1147
288	1093
295	1107
339	1034
294	1113
313	1091
329	987
309	970
274	943
288	973
284	1184
263	1227
314	1114
316	1113
309	1246
287	1263
311	1295
283	1106
288	1134
297	1082
299	1154
352	1172
301	1221
341	1166
319	1297
325	1392
300	1203
293	1061
314	1066
298	1172
323	974
303	1180
284	1233
285	1117
288	1368
284	1109
298	1115
290	1072
300	1196
276	1436
268	1231
312	1250
274	1267
296	1048
302	1142
290	1012
311	1136
272	1038
305	1136
290	941
281	995
339	1203
278	1280
284	1230
298	1357
265	1173
263	995
284	1165
291	1105
256	1168
303	1071
272	1123
320	1074
257	1092
264	1018
299	1081
300	1169
301	1088
230	1232
284	1252
292	1214
248	1210
291	1116
274	1070
277	1095
279	1176
308	1190
255	1147
307	1090
308	1226
280	1311
321	1150
279	1067
281	1350
284	1528
284	1343
290	1418
289	1819
319	2259
324	2214
286	2199
323	2115
311	2458
329	2317
322	2074
313	2114
334	2042
311	1790
316	1991
321	2444
324	2886
324	4314
341	4755
390	6536
380	5370
381	6268
307	5062
313	3407
366	8750
419	9701
410	10958
396	10629
428	11183
419	12053
402	10760
331	6883
369	8383
399	9758
356	7117
334	3897
286	1327
260	990
246	1008
280	975
289	1274
254	1053
279	1071
266	1082
261	1071
273	1055
287	1054
312	1057
264	1006
285	1125
274	1184
282	1237
267	1325
275	1390
287	1270
260	1365
272	1234
307	1099
284	1121
255	1268
283	1223
308	1191
273	1194
266	1248
260	1236
271	1416
281	1210
311	1124
250	1091
299	1003
256	939
275	1131
278	1009
273	941
263	1138
315	1242
281	1101
275	1195
239	1247
297	1195
236	1291
263	1289
282	1244
285	1303
271	1202
284	1157
281	1085
263	1112
282	1159
266	1221
270	2035
295	2708
320	4325
280	3768
293	2620
262	2274
271	1912
279	1683
261	1640
271	1310
255	1199
284	1204
269	1069
266	1214
235	1191
269	998
283	1095
275	1213
294	1184
255	1024
299	1194
274	1307
283	1199
294	1191
276	1241
316	1261
260	1154
281	1152
292	1414
283	1155
293	1238
313	1267
321	1209
257	1244
285	1048
303	1258
312	1116
321	1185
272	1206
320	1313
347	1333
296	1245
275	1181
252	1207
282	1085
274	1062
291	1130
310	1125
327	1083
300	1083
314	920
303	959
256	1011
275	962
337	1091
259	1046
359	1020
303	1028
279	1020
311	1041
292	1106
277	1144
331	1298
297	1175
327	1156
299	1159
305	1103
326	1140
318	1145
285	966
328	1271
284	1232
284	1109
309	1327
280	1066
328	922
326	1206
269	1062
307	1248
305	1205
294	1064
326	1011
300	1057
317	1030
255	1089
308	918
325	1041
281	1045
298	1125
317	1078
308	1136
291	1107
315	1129
277	1033
278	925
264	940
301	927
308	1131
302	987
297	1119
283	1012
298	871
289	913
275	1054
312	975
298	1014
321	1036
328	1035
298	898
279	1007
300	1089
319	1090
259	1011
284	1167
286	1090
328	1167
287	1186
340	1101
303	1354
335	1272
329	1275
315	1470
320	1351
322	1306
330	1463
325	1457
326	1647
305	1650
323	1467
320	1178
329	1157
315	1128
291	1318
305	1316
321	1362
309	1471
331	1324
277	1536
308	1535
306	1587
304	1360
323	1468
290	2230
296	2053
345	1890
297	1702
308	1249
275	1041
319	1076
299	1022
318	1068
331	1052
317	1003
276	1109
263	1067
274	1206
292	1197
296	1208
312	1386
324	1712
344	1384
323	1468
310	1676
306	1415
302	1560
274	1392
313	1332
268	1270
296	1261
297	1096
296	1146
303	1115
329	1032
295	1087
301	1002
286	1105
294	1228
231	1191
263	1190
276	1349
292	1219
286	1132
287	1092
300	1126
281	1077
273	965
263	888
291	991
257	1145
271	1163
330	1037
291	1077
294	1034
276	1017
287	982
303	1040
287	1055
270	1040
312	1168
291	1024
296	1012
284	1074
296	1284
289	1057
293	1057
258	992
296	1055
270	1111
294	1167
292	1156
289	1164
301	1207
272	1121
270	1064
256	907
276	1069
268	1010
298	1021
246	1243
240	1156
262	1148
245	930
274	921
297	937
268	1052
305	1135
308	1060
252	939
285	1004
289	1007
285	964
264	1001
285	893
314	865
303	1067
301	963
263	1148
292	1012
265	1057
270	1166
297	1182
295	1138
288	1118
290	1222
296	1182
297	1298
252	1204
327	1117
290	1049
314	912
299	1085
275	1131
286	1070
268	1128
276	1035
285	1018
302	1046
284	982
230	1074
288	1108
304	1004
277	994
294	1008
282	954
272	1073
301	1002
312	956
263	903
288	1035
265	1170
283	994
298	1113
263	1204
322	1192
269	1338
313	1574
282	1461
270	1593
301	1626
268	1808
289	1635
265	1671
273	1786
289	1664
272	1768
326	1963
299	1776
318	1549
321	1564
296	1425
272	1284
280	1430
293	1468
299	1382
296	1280
290	1152
277	1230
256	1119
331	1544
320	2058
296	1501
286	1350
330	1677
339	2606
327	2474
350	2644
355	3190
327	2269
308	1285
304	1561
317	1551
281	1310
302	1166
295	1365
297	1270
274	1187
306	1442
266	1650
271	1626
307	1433
310	1531
313	1382
307	1234
305	1363
290	1064
295	1354
239	1167
295	1139
273	1206
280	1274
295	1421
292	1277
271	1063
287	1137
301	1154
315	1100
285	1115
302	1206
317	1151
315	1276
308	1412
282	1269
297	1263
289	1238
305	1234
330	1416
276	1311
288	1349
304	1360
287	1315
275	1302
297	1226
293	1151
267	1249
292	1325
283	1173
293	1142
313	1155
306	1146
312	970
326	1087
298	1211
345	1419
293	1324
288	1178
305	1208
344	1167
318	1374
256	1382
234	1213
286	1208
271	1197
344	1293
310	1087
313	1146
311	1211
339	1419
332	1349
328	1287
339	1277
350	1251
323	1162
336	1305
287	1219
278	1116
312	1050
307	1096
299	1112
341	1053
308	1045
360	979
333	945
309	987
353	850
312	973
346	1047
334	1100
305	929
302	1238
290	1149
313	1075
297	1087
330	1004
323	1150
298	1203
316	1086
319	1093
346	1103
352	1151
407	1134
362	1126
354	937
354	911
445	988
453	1073
373	1167
405	1130
381	1058
356	1160
330	1260
333	1105
311	1075
287	1098
297	1151
321	1242
289	1214
319	1150
322	1052
312	1135
307	1206
307	1144
341	1173
308	1197
271	1096
302	1205
287	1196
264	1258
308	1194
274	1231
339	1218
301	1088
282	1165
315	1230
280	1006
299	1254
330	1197
269	1166
274	1098
294	1094
297	1139
258	1121
308	1052
280	1073
291	1108
243	1257
274	1110
294	1017
265	1174
279	1028
279	1101
294	1120
250	1236
274	1262
269	999
299	905
314	1147
287	1086
317	1151
311	1284
280	1174
295	1076
306	1215
278	1158
278	1197
296	1185
250	1276
273	1339
281	1127
293	1093
311	1047
284	1084
295	1028
281	942
240	900
315	898
260	946
272	1043
287	1069
299	1079
272	1077
301	984
315	1089
323	1118
335	1037
300	1110
279	1152
303	1101
287	1191
279	1174
263	1131
270	1047
268	890
291	1053
271	951
272	946
276	1084
266	1010
246	1046
238	1179
268	1083
264	1061
273	1107
296	1127
281	1344
296	1190
224	1089
273	1156
274	1103
270	1244
263	1135
285	1321
265	1233
263	1165
300	1214
278	1261
279	1194
247	1124
280	1178
256	1163
256	1262
248	1205
287	1134
282	1169
271	1248
268	1111
234	1262
287	1117
260	1114
255	1276
275	1173
293	1024
287	1054
280	973
277	1172
309	1072
272	1193
255	973
283	1012
269	1108
268	1086
292	1161
269	1404
286	1231
276	1505
306	1416
303	1220
302	1262
289	1349
274	1288
269	1037
279	1023
256	1078
258	1117
252	981
270	1094
258	1263
310	1190
309	1287
261	1104
270	1123
296	1351
307	1225
321	1163
293	1008
325	1191
302	1080
267	1024
279	1306
286	923
312	981
259	1032
280	1152
263	1014
275	1013
316	1024
278	1027
284	1084
242	1072
296	1243
256	1135
315	1269
260	1078
257	1089
257	929
254	1212
265	1149
272	1326
288	1057
259	1168
295	1339
293	1081
300	981
288	1050
297	1142
281	1249
276	1161
267	1148
262	1178
272	1150
260	1157
276	1221
251	1057
263	1115
260	1128
286	1137
319	1135
305	1108
285	1041
319	1039
315	1206
314	1074
292	1106
270	1087
251	1125
267	1169
312	1080
292	1087
321	1117
325	1147
303	1029
293	981
358	1150
331	999
293	1011
301	984
294	909
283	1101
306	1013
319	1001
314	1190
287	972
287	1107
250	944
327	998
327	934
320	1104
292	1068
298	864
276	954
318	920
280	989
276	1041
258	965
285	937
301	1084
314	1114
285	879
313	921
274	913
359	1018
298	973
302	1010
282	916
296	1094
297	1040
287	1084
286	1143
256	1036
282	1238
275	1216
304	1113
259	1113
291	1022
288	1141
291	1118
299	1035
317	1042
301	1026
269	990
262	1021
298	1122
301	1119
317	1187
280	1171
281	1104
257	1232
282	1054
289	1091
315	1120
288	1111
287	1078
280	1079
261	1041
271	1258
285	1175
309	1238
303	1076
265	1123
281	1233
263	1267
258	1165
313	1268
280	1141
261	1010
230	1041
273	1058
264	1056
244	1130
252	1168
247	1167
264	1062
246	1100
270	1167
242	1133
278	1256
292	1210
254	1247
273	1139
268	1207
313	1157
258	1146
277	1271
304	1254
278	1097
303	1099
258	1273
283	1162
276	1173
294	1196
292	1168
252	1277
307	1035
264	1145
267	1127
266	1016
284	890
303	1225
309	1269
311	1258
302	1229
283	1214
284	1111
272	1202
261	1219
290	1028
247	1133
287	1057
293	1149
233	1089
264	945
293	937
266	1059
287	964
309	1022
291	978
248	1155
262	1027
297	1011
328	1095
283	1025
283	1024
248	927
298	1151
285	1072
277	1158
264	1012
298	1193
301	1258
268	1437
265	1095
266	1123
284	1165
295	1230
273	1107
293	1149
267	1323
294	1215
295	1128
326	1106
345	1064
314	1048
310	1103
302	1143
265	1046
323	1106
278	1075
319	927
287	1090
287	1036
292	1041
256	965
295	1044
305	1087
248	974
280	1046
317	953
253	847
264	1014
257	977
312	1074
324	1089
270	1056
308	1194
308	978
290	1224
287	964
278	1061
297	1198
266	1149
325	1247
301	1109
316	1137
302	1073
281	1404
288	1150
290	1279
282	1248
244	1160
283	1217
275	1155
264	1186
269	1282
280	1085
276	1101
287	1047
306	1053
311	1021
306	1068
332	859
299	1009
249	1202
258	1119
266	1125
278	993
312	941
285	1177
296	1088
282	1197
270	1213
287	1236
279	1422
278	1307
297	1151
303	1269
297	1106
286	1257
277	1123
303	1121
272	1039
258	1017
272	1149
313	1111
295	1170
267	1053
297	1157
293	1269
281	1199
244	1289
267	1476
308	1255
277	1289
286	1307
243	1194
272	1170
309	1268
298	1284
277	1321
267	1159
310	1182
304	1383
289	1227
282	1113
313	1178
306	1067
286	1097
249	1120
274	1462
275	1629
269	1370
303	1066
260	1117
298	1309
326	1252
323	1282
314	1369
272	1268
319	1153
283	1171
305	1198
336	1347
308	1358
307	1221
293	1257
324	1140
334	1219
360	1264
326	1280
313	1166
337	1345
326	1347
323	1083
330	1294
344	1091
347	1313
314	1350
323	1123
323	1328
310	1259
292	1190
308	1218
313	1272
293	1224
325	1189
299	1163
349	1094
281	1215
340	1185
331	1150
321	1049
325	1171
285	975
296	1085
313	1061
278	1246
307	1401
267	1210
320	1385
276	1319
277	1075
283	1354
306	1981
316	3557
342	4027
330	4289
315	4996
364	2939
347	3085
275	3229
385	4121
358	3793
309	2836
306	3276
329	3983
323	3230
327	2864
311	3179
319	3714
310	3559
320	1915
301	1327
308	1276
260	1367
342	1500
289	2009
308	2070
320	2091
300	1811
329	1809
341	2079
319	2214
323	1983
318	2260
285	1863
304	1863
309	1357
279	1580
292	1776
340	1786
300	1609
288	1591
325	1614
262	1504
314	1449
323	1489
305	1564
273	1569
321	1469
298	1451
267	1465
301	1398
289	1379
286	1406
278	1237
283	1364
257	1381
244	1390
275	1368
305	1354
273	1411
306	1380
282	1437
301	1388
290	1488
272	1344
272	1445
281	1377
316	1303
248	1223
277	1082
301	1127
261	1267
269	1212
276	1137
267	1038
262	1116
284	1078
310	1130
290	1211
320	1206
315	1182
276	1155
265	1153
254	1210
281	1082
282	1189
293	1187
275	1157
288	1155
242	1041
280	1140
302	1079
291	964
298	1000
272	1095
268	1004
278	1050
272	1059
277	1135
274	1104
271	1021
315	1147
296	1251
289	1079
258	1114
316	1004
297	1108
280	1209
276	1094
295	1081
294	999
271	890
310	838
274	862
301	1056
289	1029
295	1030
330	1060
319	996
303	1043
267	928
261	1087
294	1087
309	975
300	964
318	1187
311	1186
307	1167
300	1096
286	1116
291	1078
279	1037
300	961
324	1051
287	951
286	1141
283	1118
287	1075
273	1019
282	1011
322	961
313	1016
288	1131
302	1151
267	1390
253	1240
256	1202
250	1015
292	1044
279	1131
292	1171
309	1081
287	1009
245	1029
299	1021
318	1035
321	978
259	977
313	1030
350	935
332	934
322	1034
345	1239
363	1013
354	1190
389	1035
336	1074
382	1223
341	1170
350	1142
325	943
335	1081
322	1114
342	1148
333	1163
356	1010
403	1057
373	1034
308	1089
347	1118
331	1008
306	1161
326	1145
351	1008
325	1046
288	1266
278	1153
301	1066
256	1089
318	995
328	1180
282	1246
248	1052
268	1051
340	1131
307	1251
295	1114
307	1323
265	1324
279	1212
314	1268
351	1286
315	1388
283	1142
293	1165
303	972
302	1140
263	1138
320	1158
276	970
300	973
255	916
285	981
276	1088
298	1197
267	1016
308	1023
273	1150
293	1070
273	991
287	1115
269	1067
278	1116
284	1052
279	997
282	1020
256	1095
275	1038
285	828
252	1127
289	1081
252	1036
283	989
275	1021
285	1069
250	982
293	936
275	843
255	949
293	1079
311	1010
292	1090
275	1082
283	1046
276	1099
322	1043
248	923
289	930
304	990
305	1306
313	1166
269	1144
294	1187
283	1199
326	1121
303	1191
317	1170
315	1182
302	1094
309	1103
289	1232
278	1134
302	1117
292	1041
269	1070
289	1132
273	1016
309	961
312	1086
311	1175
293	1125
298	1181
291	1058
295	906
287	901
260	1032
312	903
309	928
331	980
295	851
308	1034
294	1005
306	1017
297	1110
275	1228
318	1118
321	1151
305	1151
336	1086
338	1275
304	1285
306	1080
314	1060
347	1176
346	1197
328	1018
302	1271
318	1171
326	977
302	1145
317	1089
339	1178
325	1224
345	1096
323	1153
332	857
307	994
299	1105
343	1085
283	1134
325	1200
301	1126
300	1020
268	1109
310	1195
315	1076
299	1098
335	1125
280	1259
334	1140
306	1148
329	1168
291	1090
314	865
331	966
291	1134
322	1123
319	951
347	1039
320	1027
312	1058
273	1090
273	1136
321	998
322	945
308	1095
330	1096
306	1045
312	1007
353	1150
325	1166
346	1062
333	1186
334	1078
316	1104
301	996
310	1167
309	1213
327	1079
334	1257
357	1074
356	969
334	1006
329	962
340	999
282	1137
327	1121
326	1075
340	1083
328	1104
332	1298
299	1298
331	1189
347	1200
327	1192
334	1073
326	1108
308	1123
307	1164
353	1020
301	1167
306	1203
301	1159
346	1253
328	1252
340	1011
345	1026
308	949
343	955
343	1077
350	1092
323	1084
328	1171
353	1118
348	1037
340	1209
343	1165
350	1080
325	1051
330	1032
322	1132
372	1127
301	1161
347	1138
355	1329
347	1139
321	1211
297	1093
344	1091
317	1172
360	1097
341	1109
327	1195
364	1113
316	1074
334	1132
323	1102
324	972
288	1135
376	1158
346	958
328	1020
306	910
381	1098
346	1177
362	1163
364	1089
353	1098
318	1163
299	1106
323	1115
333	1073
337	1009
335	1119
286	1034
334	1019
324	1022
378	965
318	1016
338	988
354	1117
354	1139
345	1112
321	1002
370	1087
351	1023
351	1196
296	1169
325	1256
363	1469
337	1336
367	1230
369	1243
367	1058
388	1181
359	1172
415	1123
339	1248
360	1119
356	1254
353	1189
333	1343
361	1418
373	1288
358	1314
371	1183
364	1216
347	1213
371	1198
423	1332
364	1345
374	1300
329	1373
359	1232
366	1117
353	1084
365	1134
336	1243
341	1041
343	1209
383	1154
383	1177
311	1226
328	1171
350	1280
412	1289
342	1181
360	1012
384	1261
345	1229
379	1201
371	1116
345	1171
350	1004
349	1006
393	1092
385	1221
395	1420
347	1440
316	1271
352	1311
369	1413
378	1593
373	1687
346	1493
343	1360
311	1240
375	1222
351	1333
355	1486
314	1441
366	1639
351	1768
327	1470
348	1577
338	1491
316	1260
331	1145
316	1110
314	1106
335	1306
339	1156
359	1207
330	1217
332	1010
323	962
333	1076
326	1105
368	976
314	1038
394	1036
350	961
350	1045
328	1253
369	1168
358	1275
314	1124
314	1126
360	961
339	1051
373	1098
378	1095
326	1085
343	1303
337	1149
369	1154
310	1075
339	1190
369	1240
336	1021
342	1011
318	1170
383	1065
336	963
350	1031
310	985
321	1094
348	1060
338	1155
315	1165
343	1089
330	1028
323	890
324	1185
335	1046
298	1000
323	1184
315	1016
336	1010
330	1067
326	1117
329	1055
359	1127
318	1083
334	1125
296	1198
322	1320
288	1164
292	1089
302	968
292	936
310	1017
294	1007
331	1069
293	1018
280	1001
311	1089
305	856
306	1006
346	1023
313	1015
304	903
324	817
298	859
319	818
291	1050
276	1041
278	952
301	917
303	1025
305	1071
304	1062
295	940
343	968
304	951
265	885
295	1028
291	991
325	1266
295	1030
310	995
328	940
331	1013
344	990
381	867
379	1141
482	1039
500	989
481	1100
454	1043
481	1183
562	1201
493	1142
491	1164
461	1144
414	1033
373	1200
393	1296
356	1028
393	1047
350	1043
346	1042
359	1043
361	1062
325	1631
369	1982
367	1751
351	1581
333	2007
351	1689
333	1483
317	1323
360	1330
315	1194
309	1315
309	1428
308	1314
339	1743
301	1411
317	1645
318	1458
319	1584
330	1519
280	1439
346	1471
296	1249
281	1207
276	1166
330	1040
266	1333
297	1592
254	1423
286	1153
300	1221
277	1286
285	1409
292	1347
297	1402
246	1194
295	1110
257	1092
269	968
316	975
290	1067
301	1207
288	1337
334	1301
276	1209
297	1181
295	1178
310	1038
275	950
326	974
301	1027
235	1089
292	1020
304	1143
299	1121
295	984
271	1144
314	1218
322	1178
313	1141
343	1117
315	1110
292	1002
260	948
262	999
280	961
293	1014
302	1123
281	1048
292	1001
279	1089
291	1009
312	1137
330	1182
302	1095
324	1048
293	1154
307	1226
293	1118
313	1111
316	1254
303	1168
316	952
344	888
297	905
261	939
260	961
277	916
277	932
265	919
265	943
285	927
248	1003
300	1000
293	1193
307	1270
316	1157
278	1161
282	1024
312	1049
321	988
280	912
299	1094
309	983
283	968
252	1085
292	1147
261	1087
299	1197
333	1119
304	1135
272	1127
335	1390
290	1128
304	1099
300	1277
317	1380
288	1322
291	1060
291	980
320	1062
245	1119
264	1091
250	1203
287	1252
316	1297
295	1064
305	1099
316	1298
355	1347
411	1445
521	1356
492	1203
520	1332
547	1414
588	1464
551	1518
499	1546
468	1529
405	1396
372	1398
432	1551
442	1730
431	1520
477	1267
494	1329
624	1367
760	1420
720	1353
793	1360
783	1406
938	1388
993	1261
898	1170
919	1171
968	1294
930	1467
1029	1334
1040	1371
922	1305
798	1278
813	1469
901	1512
1000	1478
929	1375
987	1533
1146	1540
1222	1538
1256	1632
1244	1900
1206	1442
1326	1372
1260	1431
1296	1287
1336	1179
1357	1504
1429	1381
1407	1359
1436	1537
1376	1414
1409	1411
1529	1518
1441	1557
1571	1664
1536	1444
1490	1491
1456	1351
1505	1219
1521	1482
1546	1487
1405	1488
1351	1427
1375	1488
1210	1422
1283	1294
1215	1215
1267	1462
1318	1365
1361	1493
1402	1600
1478	1625
1401	1687
1456	1752
1313	1858
1291	1860
1233	1897
1257	1723
1324	1676
1315	1654
1109	1608
1101	1498
1164	1534
1087	1393
1124	1249
1019	1424
1020	1335
1068	1570
1065	1427
1037	1389
1067	1446
989	1577
964	1583
930	1515
1005	1660
938	1396
838	1431
862	1524
956	1443
955	1566
929	1361
891	1364
784	1289
861	1365
888	1175
790	1192
733	1291
698	1145
653	1235
749	1290
737	1350
716	1200
658	1133
620	1348
599	1229
599	1208
576	1230
495	1278
487	1456
579	1133
553	1269
469	1226
523	1115
556	1153
572	1386
560	1294
442	1256
468	1314
468	1274
443	1281
462	1201
401	1176
326	1099
357	1199
332	1224
366	1087
342	1196
315	1127
317	1162
309	1111
325	1205
326	1347
293	1007
312	1031
309	1212
303	1115
291	1141
284	1017
340	1034
266	1053
270	1091
335	1077
285	1121
270	1158
276	988
277	1036
308	1115
319	1005
288	927
285	889
308	1027
245	1065
303	1202
314	1079
258	1185
278	1039
238	1084
289	1068
296	1181
296	1081
313	1036
249	1046
258	970
277	1149
267	1005
292	1101
316	1266
300	1192
259	1021
278	1005
309	1006
295	1028
277	1055
286	1034
277	952
286	1005
248	947
260	1086
273	1158
288	1068
291	1337
283	1056
314	1174
254	1123
287	1280
287	1221
326	1175
306	1148
297	1143
302	1219
297	1358
283	1054
325	1028
303	1072
272	1194
258	957
271	1029
307	1153
274	1153
325	1205
305	1105
294	1159
295	1238
263	1208
238	1157
267	1142
289	1243
277	1200
294	1185
286	1283
277	1311
289	1185
356	1143
302	1138
320	1232
350	1132
377	1210
339	1207
339	1134
384	1124
330	1078
308	1168
313	1319
316	1239
321	1249
367	1155
318	1160
315	1164
334	1152
326	1081
293	1098
324	985
332	1154
335	1256
299	1256
313	1258
309	1260
334	1201
305	1319
334	1147
355	1169
326	1048
363	1150
349	1196
393	1237
414	1192
377	1220
422	1456
416	1546
356	1386
340	1441
310	1182
405	1318
327	1284
324	1222
315	1209
314	1117
339	1218
313	985
302	1075
356	1170
308	1041
290	1203
297	1063
274	1120
299	1074
288	1137
282	1111
310	1041
256	1126
285	1019
261	1029
279	997
291	964
278	1005
278	1075
278	1132
275	1043
299	1124
332	1035
287	1037
301	1066
283	1245
290	1153
285	1284
265	1253
260	1113
314	1132
295	1057
317	1175
283	1076
315	1041
280	965
336	1051
335	1048
311	1040
310	1092
336	1194
355	1087
340	1210
327	1180
328	1257
302	1348
337	1169
365	1318
325	1494
290	1289
308	1402
301	1260
265	1300
329	1112
323	1103
326	1103
293	1001
310	1061
333	1106
332	1008
351	1136
317	1211
367	1194
337	1134
379	1153
341	1055
401	1076
333	1115
353	1166
338	1234
314	1174
339	1239
293	1210
306	1207
344	1511
311	1599
334	1324
347	1027
317	1117
329	1320
304	1200
297	1201
303	1175
295	1137
321	1212
282	1196
290	1141
353	1142
302	1155
312	1214
304	1131
336	1393
342	1223
297	1148
336	1128
334	1220
335	1301
325	1005
327	1158
341	1150
320	1463
318	1479
295	1488
297	1462
326	1502
300	1493
322	1236
320	1242
295	1107
295	950
294	894
334	1017
312	925
353	1124
347	1208
321	1327
334	1078
335	987
295	1095
332	1169
323	1075
330	1048
345	1113
332	1041
313	1033
321	1042
314	1220
358	1423
368	1231
377	1149
415	1002
394	1040
392	1063
443	994
418	1074
378	1004
388	1216
391	1370
368	1108
379	972
312	993
299	1070
337	1108
352	1063
361	941
331	929
318	1100
370	1033
353	1111
392	1071
370	923
336	899
363	1048
386	1087
427	978
367	870
376	894
404	1153
362	1164
401	1053
372	966
364	1014
356	1070
372	988
347	1046
346	1065
364	1094
356	1073
368	1024
324	1158
300	1175
362	1324
325	1315
308	1187
353	1311
399	1460
368	1230
337	1258
345	1066
334	1045
365	1030
369	1132
321	1098
361	1125
345	1128
292	1137
329	949
335	1010
332	1033
343	1099
308	1317
323	1273
323	1177
319	1149
305	1110
342	1127
351	1085
329	1060
318	966
304	1002
300	1182
348	1056
310	993
285	1070
331	931
256	1095
369	1162
330	1006
308	1081
288	1063
343	1096
310	1042
365	984
348	990
327	879
335	860
308	1122
298	1085
315	1098
293	1285
321	1120
321	1130
356	1122
337	1157
350	1206
334	1022
362	964
331	1253
378	1302
315	1352
334	1269
353	988
362	988
334	1070
320	1264
348	1187
293	1224
354	1199
307	1266
320	1174
335	1177
341	1368
311	1267
308	1178
342	1115
350	1173
320	1255
346	1352
301	1320
312	1202
313	1216
315	1326
351	1282
333	941
287	953
316	1081
284	1028
336	976
308	947
306	933
302	825
365	870
315	935
330	923
296	1081
314	1034
348	1168
306	934
313	1116
325	1072
315	1293
291	1115
330	995
357	1029
322	1163
343	1002
325	1093
323	1109
324	1250
339	1382
295	1396
374	1292
343	1094
352	971
390	1182
367	1174
364	1107
401	1145
445	961
451	1200
408	1175
399	1156
367	1004
412	1038
377	1032
350	1090
403	1076
353	1104
388	1127
384	1237
348	1079
355	1051
357	1080
327	970
354	1149
342	1019
383	1035
364	1080
357	1079
343	1181
341	1031
325	1218
384	1209
338	1166
372	1376
293	1234
314	1237
311	985
352	1061
325	1037
332	1049
333	1089
334	1239
327	1175
310	1135
352	1232
353	1212
334	1270
310	1281
355	1380
324	1305
338	1311
333	1478
362	1353
332	1227
285	1281
318	1519
321	1376
342	1328
313	1482
303	1510
350	1341
343	1210
318	1220
296	997
300	932
325	1040
295	1135
307	1048
328	1038
334	1039
319	1058
326	1204
371	1251
321	1185
313	1041
307	1059
344	1080
319	1113
301	1004
342	1129
337	1047
304	1023
300	1402
346	1236
290	1053
309	1178
311	1185
307	1095
331	1178
323	1176
304	1231
315	1017
318	1215
333	1141
277	1037
294	1180
293	1146
303	1087
285	1264
277	1153
294	1139
326	1019
313	983
385	1069
328	1087
312	1046
326	1039
295	1039
304	1060
292	925
296	1010
300	996
315	858
337	889
294	892
286	1020
288	1021
368	1178
326	1082
339	989
314	1033
304	1029
301	1213
366	1209
333	990
308	1100
274	1159
293	1000
327	1010
321	1042
316	1115
285	1151
278	1013
301	1027
323	1112
322	1085
268	1140
297	1155
309	1241
317	1210
285	1120
320	1171
312	1369
347	1528
341	1508
315	1405
320	1392
317	1474
293	1388
333	1251
311	1245
324	1169
344	1116
286	1130
352	1134
344	1108
327	1087
309	1024
294	1034
373	942
318	1127
282	1237
297	1230
324	1104
310	969
294	998
312	1053
325	1084
309	1036
336	1274
306	1066
304	1042
374	1068
329	1276
318	1140
334	1353
347	1561
323	1444
311	1190
310	1166
310	1215
301	1723
293	2790
358	3304
318	3104
289	2464
308	3072
345	3243
321	3007
314	2090
281	1963
379	5857
342	5291
317	2312
322	1657
387	5759
384	4161
366	1845
337	2674
317	4507
341	2155
296	1319
314	1243
256	1273
294	1273
310	1390
286	1532
252	1484
316	1231
285	1249
273	1311
269	1137
295	1077
309	1284
283	1219
265	1450
279	1369
294	1150
283	1260
269	1017
301	1114
265	990
254	1017
310	1111
301	1138
279	993
305	1062
316	1317
311	1227
305	1318
295	1239
303	1167
306	1169
314	1239
280	1169
333	1058
317	915
296	1086
256	1119
302	1004
266	1368
266	1402
281	1245
286	1144
317	1148
269	1140
290	1009
257	986
292	1029
262	1176
311	1091
299	1144
269	1138
268	1197
316	1273
321	1160
317	1307
301	1104
304	1164
298	1325
256	1179
271	1332
276	1163
277	1031
294	1071
298	1205
285	1174
290	1260
288	1300
295	1310
273	1097
277	1128
257	1043
257	1087
301	1186
298	1069
285	1059
279	1070
325	1196
341	1106
291	1123
343	1268
292	1141
344	1147
338	1157
322	1240
338	1282
337	1117
360	1116
300	1148
325	1179
319	1111
307	1240
299	1110
284	1111
286	1375
276	1226
280	1176
298	1156
302	1094
291	1162
283	1090
298	1235
312	1160
244	1106
303	1268
284	1120
329	1144
311	1109
266	1186
286	1128
262	1165
270	1300
300	1259
276	1261
286	1289
270	1274
294	1162
283	1111
331	1332
269	1320
294	1398
264	1274
296	1343
273	1500
279	1351
296	1323
268	1174
295	1120
306	1249
243	1175
270	1134
257	1077
288	1232
244	1157
276	1201
261	1363
225	1442
255	1392
305	1173
309	1119
289	1410
316	1480
322	1572
283	1600
271	1338
288	1242
319	1208
299	1444
335	1487
297	1387
285	1430
306	1161
300	1249
298	1305
261	1369
304	1271
263	1177
289	1186
277	1231
240	1371
276	1152
293	1217
258	1218
277	1169
299	1165
281	1146
275	1095
273	1125
231	1065
279	1018
291	1017
283	1051
296	1173
306	1125
301	996
280	1187
317	1140
348	1222
308	1200
273	1258
292	961
295	907
272	985
283	1009
322	1223
329	1265
311	1194
291	1150
263	1192
331	1144
351	1179
325	1105
353	1028
308	972
349	1128
325	1065
379	1262
383	1356
371	1465
432	1352
407	1381
397	1349
386	1296
399	1278
342	1419
384	1333
413	1257
383	1203
385	1414
452	1457
459	1443
447	1298
494	1403
567	1733
623	1718
611	1952
601	1924
678	1724
665	1723
569	1681
659	1661
677	1779
667	1568
660	1677
599	1773
614	1512
554	1333
556	1450
527	1400
526	1444
499	1432
517	1394
490	1629
490	1487
518	1484
481	1410
495	1427
456	1233
434	1347
451	1338
399	1397
378	1295
390	1382
398	1335
344	1292
338	1504
349	1591
322	1494
345	1690
340	1541
352	1310
364	1257
366	1204
329	1361
330	1483
328	1235
328	1197
300	1120
322	1136
281	1105
283	1102
261	1137
296	1201
292	1241
325	1248
249	1113
289	1258
372	1306
330	1271
334	1172
319	1236
340	1296
281	1188
351	1272
344	1150
308	1171
355	1105
293	1070
296	1360
332	1362
303	1324
317	1094
286	1176
311	1197
309	1196
365	1203
308	1242
310	1114
340	1235
309	1168
291	1351
332	1229
275	1329
287	1247
293	1146
285	1282
274	1203
295	1029
318	1063
291	1175
263	1010
284	1061
277	1111
311	1140
291	1346
291	1186
308	1157
305	1272
268	1220
307	1179
271	1249
293	1203
321	1096
281	1108
250	1023
270	1004
276	1043
331	1007
267	966
300	1106
313	1196
301	1021
277	1211
310	1278
306	1357
283	1333
284	1239
310	1138
312	1267
289	1358
260	1388
307	1282
287	1111
278	1207
305	1258
279	1132
269	1106
330	1234
270	1057
323	1089
288	1023
299	1120
269	1030
283	1174
304	1268
276	1266
281	1194
292	1123
294	1097
220	1131
294	1134
305	1176
287	1044
308	1116
256	1044
277	1107
304	1447
308	1608
299	1526
313	1378
313	1520
279	1467
325	1377
291	1305
315	1173
270	1131
318	1126
304	1120
303	1077
340	1226
318	1224
333	1293
306	1303
322	1382
303	1427
302	1257
299	1096
327	986
314	1100
296	1281
329	1275
279	1167
288	1203
293	1257
294	1171
302	1196
285	1240
258	1365
311	1460
300	1369
301	1064
325	1026
306	1052
322	1210
315	1188
322	1134
293	1022
333	1126
298	1221
307	1208
328	1335
261	1042
267	1005
279	1014
305	902
309	1066
292	1211
284	1328
281	1112
278	1286
304	1089
300	1214
296	1083
270	1092
288	1114
275	1013
271	1073
319	1074
304	1120
320	1054
305	1103
278	1208
308	1300
252	1207
282	1141
297	1146
268	1068
284	1122
263	1170
292	1149
259	1276
277	1111
291	1092
300	1122
315	1156
289	1208
298	980
247	1085
287	1512
313	1399
258	1179
276	1298
310	1414
289	1168
283	1286
283	1598
278	2074
312	1828
293	2043
316	1870
279	2352
348	4539
323	3026
263	3540
311	2804
290	1858
294	1990
303	1867
280	1562
297	1403
279	1746
296	1545
247	1510
277	1520
274	1350
285	1251
242	1197
311	1165
282	918
262	811
267	892
259	1001
306	1091
298	994
300	920
255	1067
270	1190
274	1173
279	1093
292	1168
281	1069
259	1018
281	1040
281	1017
316	1132
255	1068
301	1127
284	1087
271	1082
293	1262
277	950
312	1062
261	1199
269	1087
257	1183
288	1150
288	1135
290	1045
264	1040
273	1014
301	951
278	1128
291	964
301	1074
280	1016
280	971
293	1097
303	936
302	957
275	973
327	1054
322	1079
274	1050
249	1105
290	1048
284	1129
273	982
262	940
255	1002
298	893
306	842
279	869
255	804
299	1026
274	927
317	1019
301	962
281	934
287	1024
300	831
295	1141
291	945
302	953
267	974
282	1026
327	1012
268	1027
294	1016
279	1034
285	983
283	1274
328	1157
293	937
303	1025
293	1072
325	944
267	1026
295	1174
298	1031
301	1035
269	904
292	956
253	950
234	1076
284	1140
295	1153
293	1260
270	1160
296	1215
290	1433
269	1339
304	1269
297	1060
353	1339
309	1213
300	1107
318	1347
291	1474
290	1358
318	1268
309	1150
330	1155
257	1089
328	1111
300	1243
279	1102
334	1241
326	1139
312	1128
280	1104
297	1334
288	1323
294	1154
335	1298
326	1207
304	1351
290	1302
280	1285
282	1144
326	1187
277	1128
312	1152
296	1115
276	1175
279	1283
266	1280
239	1181
282	1255
275	1251
312	1516
247	1271
269	1308
292	1396
299	1449
272	1277
259	1121
305	1195
282	1193
329	1318
295	1209
279	1026
271	1126
294	1127
288	1318
327	1295
268	1257
279	1019
268	1261
295	1271
266	1178
307	1331
319	1080
271	1106
275	1231
315	1248
279	1249
291	1320
294	1298
305	1198
284	1376
298	1700
278	1657
269	1717
311	2010
299	2201
332	2195
275	2018
313	1835
322	1897
315	1503
278	1113
284	1233
304	1285
301	1600
294	1495
285	1463
293	1304
292	1454
320	1324
312	1374
282	1571
287	1645
307	1665
310	1639
318	1503
321	1301
343	1327
324	1341
311	1288
321	1152
296	1277
283	1195
311	1314
300	1257
237	1171
271	1031
302	1137
328	991
291	1034
307	960
276	1149
264	1036
289	1243
302	1122
300	1070
320	1078
335	1201
288	1334
329	1132
343	1137
325	1061
271	1103
311	1104
298	1311
271	972
316	1001
258	1030
286	1088
281	1102
270	1073
312	1089
250	1034
273	1286
304	1225
288	1127
288	1199
313	1137
279	1111
303	1137
303	1193
266	1230
278	1084
294	975
284	1041
267	994
311	1138
303	1125
325	985
334	1108
282	1027
290	1146
294	939
269	1081
301	1225
264	1174
266	994
272	1031
284	1141
291	1193
282	1113
257	1009
261	1213
260	1006
271	1100
277	1045
281	1182
239	1338
298	1266
293	1169
292	1020
264	1110
257	1053
303	1086
303	1107
292	1164
277	1047
271	1006
263	1018
273	992
265	1271
292	1069
258	1097
282	998
323	1107
251	1086
258	1195
304	1018
261	1084
284	1173
287	1169
231	1246
261	1214
276	1114
269	1287
247	1253
280	1141
295	1077
279	1128
261	1150
262	1088
293	1156
288	1109
276	1157
299	1130
275	1092
281	1060
299	1281
248	1028
280	1120
254	1158
295	1016
289	1089
265	1179
271	1049
267	991
253	1038
327	1019
298	1070
273	1269
293	1170
306	1138
308	1236
292	1193
266	1037
299	1189
273	1209
295	1104
284	1310
280	1138
296	1144
312	1159
259	1493
280	1290
292	1355
318	1348
308	1260
272	997
298	1177
301	1193
323	1196
267	1006
294	970
293	1278
302	1197
275	1250
307	1263
301	1265
287	1437
310	1461
294	1289
326	1290
285	1382
283	1344
310	1404
289	1441
317	1409
324	1345
302	1320
289	1212
288	1183
293	1117
311	1227
279	1159
284	1062
303	1177
315	1248
279	1251
273	1469
294	1404
275	1506
282	1165
282	1191
299	1324
264	1226
256	1234
276	1135
262	1193
270	1287
271	1346
272	1227
290	1201
278	1414
310	1265
285	1211
266	1190
252	1006
266	1162
306	1039
293	1147
269	1265
269	1189
257	1110
285	1200
297	1297
296	1284
261	1314
265	1301
302	1139
267	1205
287	1244
341	1334
314	1223
363	1193
337	1230
339	1323
354	1354
372	1197
370	1128
365	1084
425	1181
444	1163
410	1265
384	1298
377	1294
336	1304
355	1431
400	1469
391	1476
380	1269
346	1238
369	1277
378	1023
359	1100
340	1048
358	1166
396	1201
327	1045
294	1027
313	1087
312	1182
316	1094
260	1100
297	1100
262	1244
285	1324
304	1287
271	1067
284	1072
280	1165
286	1130
306	1026
296	1088
280	1070
271	1022
259	890
284	1094
255	1004
230	1148
280	1178
260	1165
290	1075
269	1009
297	1144
317	1143
310	1043
266	1091
275	1083
253	1050
292	1128
295	1237
283	1050
267	1107
301	1021
303	985
304	903
281	1023
258	1122
295	911
298	998
293	988
292	1103
280	1031
308	1110
278	1251
269	1135
311	983
320	1196
319	1101
280	1206
282	996
289	1085
290	1122
279	1178
277	1094
286	1037
295	1094
270	1257
296	1130
253	1279
289	1315
254	1290
262	1215
271	1314
292	1270
261	1312
278	1292
272	1150
267	1186
288	1142
247	1192
291	1368
279	1158
261	1111
304	1298
277	1102
264	1201
253	1197
284	1168
268	1411
263	1390
295	1341
284	1399
307	1296
292	1297
293	1256
245	1150
285	1057
281	1080
316	1188
284	1413
290	1255
303	1164
277	1147
307	1222
286	1167
272	1241
299	1166
316	1183
280	1210
274	1112
327	1132
258	1149
271	1077
302	1033
252	1101
270	1026
299	1011
288	1148
289	1136
281	1146
284	1183
257	1290
285	1088
269	1179
337	1325
302	1312
281	1224
292	1018
293	1084
312	1149
289	1110
309	1193
277	1220
275	1218
332	1074
282	1182
278	1182
258	1183
304	1089
283	1061
325	1153
306	1213
286	1038
297	998
316	1166
313	1077
309	1239
318	1129
274	1051
276	1136
312	1310
276	1162
288	1128
275	955
303	1093
321	1125
291	1127
274	1127
279	1191
266	1147
351	1121
305	1182
294	1195
323	1058
326	1076
361	1124
436	1199
410	1249
438	1260
436	1267
479	1215
517	1274
482	1294
457	1218
508	1402
493	1215
540	1437
615	1363
649	1280
642	1322
654	1509
749	1314
731	1458
766	1496
803	1488
810	1571
780	1598
838	1573
814	1581
893	1602
957	1663
958	1541
950	1778
857	1768
919	1667
906	1598
918	1638
892	1523
889	1569
811	1654
912	1409
846	1330
771	1418
853	1454
775	1511
808	1507
725	1295
709	1332
615	1370
628	1439
601	1411
613	1222
576	1391
564	1303
544	1500
572	1421
502	1201
485	1131
490	1253
486	1260
461	1323
447	1148
423	1381
379	1303
436	1262
400	1278
385	1448
395	1565
380	1463
378	1322
384	1298
364	1182
419	1356
386	1443
371	1027
359	1187
419	1215
387	1133
376	1129
381	1228
390	1285
390	1133
323	1270
347	1218
375	1031
367	1277
356	1263
360	1270
330	1294
310	1222
349	1219
290	1185
300	1166
348	1282
358	1348
347	1266
358	1170
363	1268
374	1267
322	1413
401	1394
354	1479
374	1287
390	1313
387	1417
404	1382
340	1291
337	1431
320	1304
302	1137
325	1240
375	1173
319	1182
314	1198
271	1160
303	1096
308	1185
329	1155
328	1117
319	1195
297	1244
313	1148
359	1227
266	1369
308	1297
261	1144
289	1210
289	1291
278	1122
287	1123
302	1155
340	1055
319	1086
341	1060
294	1014
292	906
357	1016
314	1081
313	1076
313	1106
305	883
332	1006
316	1070
284	1134
312	1167
314	1163
319	1185
305	1148
267	1158
328	1098
338	1032
347	1165
317	1191
308	1223
304	1357
355	1236
348	1293
371	1211
332	1274
346	1061
346	1109
357	1089
310	1230
280	1145
333	1168
314	1138
284	1218
347	1285
325	1222
312	1285
288	1381
319	1328
378	1242
409	1383
338	1249
322	1247
331	1238
364	1240
310	1135
368	1224
333	1164
350	1272
353	1176
331	1234
318	1156
332	1277
312	1242
326	1167
334	1192
351	1278
322	1191
364	1148
380	1249
390	1264
380	1200
397	1063
396	1204
345	1274
360	1341
355	1270
396	1265
379	1224
326	1347
341	1339
350	1142
321	1386
352	1259
321	1147
382	1242
349	1173
311	1160
304	1163
363	1108
341	1151
368	1217
401	1100
393	1318
381	1095
383	1188
388	1254
337	1351
350	1219
357	1299
311	1142
336	1191
292	1269
351	1340
344	1292
372	1184
329	1222
337	1122
342	1271
320	1278
368	1343
375	1436
366	1293
372	1425
380	1270
382	1228
409	1174
362	1112
365	1251
396	1349
307	1256
336	1259
314	1307
347	1242
384	1308
340	1317
395	1475
382	1451
381	1282
364	1154
389	1283
395	1555
422	1465
430	1474
395	1517
350	1427
377	1641
392	2628
404	2986
404	1825
404	2014
432	2557
383	2475
431	2245
468	1976
363	2332
412	2844
360	2797
430	2733
393	2655
345	1712
358	1346
364	1782
367	2091
316	1918
340	1653
380	1815
446	2809
413	2984
383	2724
361	2042
343	2008
359	2317
344	1748
299	1618
353	1861
351	1796
336	1517
310	1270
312	1157
284	1205
333	1095
320	1194
346	1032
312	1122
303	1178
299	903
293	799
301	1004
299	1097
315	1051
323	1112
344	1089
285	1139
310	1033
306	906
290	1150
306	1147
309	1042
261	1092
254	1154
373	1204
289	1148
282	1090
277	1125
296	999
318	1096
323	1215
290	1157
314	1336
335	1227
309	1179
271	1127
324	1092
316	1139
332	1145
329	1082
316	1139
342	1228
331	1190
314	944
292	1139
273	1231
327	1247
310	1186
314	1088
366	1073
331	1079
314	1303
340	1165
341	1284
325	1176
320	1037
312	1080
361	1219
304	1099
319	1291
306	1246
325	1287
283	1423
320	1528
361	1648
373	1482
327	1411
351	1197
346	1222
356	1169
365	1089
354	1114
319	1125
408	1167
356	1087
344	1027
317	1035
309	1097
329	1261
343	1107
300	1195
305	1095
311	1282
287	1155
311	1107
321	1305
343	1101
280	1368
295	1244
294	1146
295	1049
329	1439
346	1428
306	1365
339	1376
322	1351
332	1317
320	1117
290	1128
285	1129
288	1250
327	1265
337	1456
363	1360
310	1480
280	1671
313	1597
294	1736
294	2248
327	2585
320	2750
292	2903
316	2568
312	3124
304	3228
320	3367
332	3550
307	3166
317	2120
338	2032
304	2103
297	2396
322	2300
267	2085
310	1865
325	1717
322	1723
328	1644
293	1620
339	1769
359	1641
330	1887
353	2305
361	2932
413	3134
427	3242
423	3499
390	3782
417	3568
411	3954
453	3691
366	2737
368	2413
442	1986
387	2037
377	1837
349	1557
375	1595
315	1482
326	1355
349	1458
364	1693
346	2169
349	2377
347	2427
304	1980
320	2052
319	2005
323	1488
283	1466
293	1688
359	2592
386	3221
339	3234
370	3364
385	3026
362	2667
330	2514
332	2134
338	2278
376	2416
317	2108
334	2244
312	2263
332	2126
347	2344
279	1918
301	1965
307	2055
312	1695
333	1333
310	1245
322	1250
367	1266
322	1579
327	1627
327	1490
318	1785
285	1598
304	1558
325	1619
329	1777
348	1453
370	1593
315	1368
391	1211
430	1134
444	1215
425	1185
458	1408
482	1778
610	1810
591	1626
656	1503
648	1474
778	1578
831	1846
934	2064
1004	3391
938	3090
864	2511
938	2458
1026	2510
956	2663
967	2813
948	2763
891	1970
843	1462
802	1283
731	1252
674	1230
648	1239
632	1183
574	1150
567	1176
582	1263
560	1137
580	1068
477	1102
494	1079
522	1043
472	1010
477	1267
456	1158
447	1163
453	1076
375	1110
403	1040
391	1077
395	1145
433	1217
420	1329
396	1395
382	1240
394	1202
344	1208
331	1171
321	1243
300	1251
348	1204
353	1268
331	1234
354	1272
380	1255
330	1135
321	1272
336	1328
330	1229
351	1056
346	1164
362	1242
349	1334
402	1274
368	1350
397	1406
344	1317
363	1186
351	1219
359	1306
377	1322
385	1286
365	1272
364	1296
408	1336
492	1539
521	1897
584	1978
502	2042
596	2423
539	2877
629	3145
600	3252
658	3232
683	3579
760	3746
744	3773
715	3954
766	3490
802	3582
754	3517
719	3374
702	3183
682	2881
692	2767
690	2909
676	3039
715	2846
771	3056
695	3172
732	3227
715	3212
701	3112
714	3150
752	3433
761	3382
777	3319
648	2792
630	2698
641	2472
615	2486
560	2070
513	1836
542	1901
493	2003
472	1980
472	1878
445	1821
358	1609
429	1441
368	1501
384	1488
350	1413
359	1270
361	1407
385	1456
374	1271
349	1307
340	1345
386	1260
355	1149
348	1267
320	1427
319	1338
344	1446
350	1360
361	1201
396	1228
346	1130
326	1092
331	1186
306	1282
345	1399
286	1231
268	1147
297	1151
334	1144
314	1244
322	1136
318	1089
297	1308
316	1075
290	1001
296	1218
275	1261
305	1236
317	1269
302	1342
310	1272
337	1341
336	1478
308	1553
301	1426
293	1420
319	1711
317	1630
313	1419
297	1174
325	1249
304	1332
315	1403
293	1415
292	1298
293	1338
313	1537
322	1438
342	1389
268	1309
303	1272
286	1335
300	1229
291	1327
285	1428
277	1304
298	1358
300	1187
307	1236
268	1133
290	1325
