547	1211
546	1136
552	1016
560	983
580	1206
499	1617
505	2133
598	1906
529	1955
509	1880
535	2173
523	1825
514	1494
469	1236
542	1161
549	974
551	973
535	969
605	998
547	1173
531	1120
557	1196
619	1043
570	1062
542	965
573	1053
516	1087
502	978
443	927
487	1011
454	889
492	1075
509	967
518	970
480	1028
513	1021
537	884
490	1012
438	966
432	917
510	909
432	954
427	1173
431	946
451	882
538	779
494	900
478	942
488	998
434	974
471	978
484	919
429	1087
455	982
505	1160
474	1022
480	1039
529	924
517	1045
456	1100
524	828
514	965
515	1004
516	1079
482	988
445	921
498	1025
515	1045
487	959
502	823
508	963
519	853
458	896
549	889
505	923
528	824
463	950
452	921
538	951
493	906
492	905
491	981
454	1008
525	926
510	984
452	888
545	1041
514	1025
483	1107
488	993
455	979
529	1097
480	1058
527	1136
567	1062
643	1261
645	1121
666	999
626	1018
714	1182
707	1091
652	1016
686	1019
705	946
750	987
658	800
641	923
601	1063
532	1230
536	1117
507	850
526	1161
439	1127
517	1140
475	1204
467	1044
510	1062
466	1020
485	989
518	1128
552	1173
513	1138
453	1037
550	1035
537	1095
531	1200
505	1007
439	1010
518	900
518	1045
460	963
531	963
532	942
617	1062
569	1066
601	1186
624	1138
702	1106
739	1145
801	1057
748	1065
794	1122
912	1261
1071	1273
1075	1354
1125	1354
1105	1212
1200	1332
1236	1319
1503	1385
1554	1424
1627	1558
1899	1543
2122	1491
2542	1478
2475	1648
2665	1656
2644	1685
3192	1677
3475	1630
3577	1531
3319	1597
2932	1655
2788	1538
2778	1449
2672	1460
2411	1454
2332	1293
2530	1376
2815	1482
2685	1399
2799	1534
2964	1658
3044	1604
3292	1818
3334	1910
3374	1864
3294	1790
3549	2164
4485	2041
5286	2209
5193	2230
4584	2082
4325	1993
4717	2032
5289	2018
5189	2144
4500	2188
3946	2229
4377	2326
4689	2489
5144	2450
5327	2329
5354	2252
5564	2467
5681	2744
5669	2591
5668	2536
5563	2437
5641	2168
5258	2453
5394	2577
4945	2607
4921	2625
4993	2734
5012	2753
5026	2654
4859	2422
4467	2244
4263	2177
4376	2126
4225	2086
4223	2102
4211	2187
4143	2478
4100	2456
3534	2083
2902	1970
2842	1922
2963	2088
2434	1836
1694	1365
1238	1286
1348	1263
1503	1295
1301	1300
995	1271
796	1140
769	1179
937	1294
858	1265
712	1247
667	1014
575	896
525	921
544	903
495	977
489	1056
528	993
491	943
483	922
502	1119
512	1081
479	1184
559	1046
474	1052
503	1011
518	1007
487	1046
495	911
486	1008
540	1005
575	1006
465	1183
493	1089
518	919
485	1027
483	986
610	942
645	1019
555	1141
562	1092
535	983
657	1121
679	1062
749	964
744	995
954	1006
1150	1140
1263	1061
1247	1064
1179	967
1239	909
1292	1008
1337	1118
1274	1117
1181	1064
1124	1025
1187	1024
1149	1077
1142	1036
1067	1113
1135	1085
1157	1550
1234	1951
1244	1907
1435	2158
1405	1738
1635	2230
1816	2057
2009	1686
2100	1402
2087	1270
1984	1164
1876	1090
1901	1126
1802	1132
1732	1039
1605	1009
1564	1256
1417	1348
1354	1077
1254	1018
1318	1040
1326	993
1204	1226
1294	1247
1256	1111
1226	1153
1309	1207
957	1347
870	1176
841	1108
789	1174
654	1243
594	1087
509	911
521	999
634	1029
592	979
540	1027
540	976
479	1238
599	1303
608	1248
515	1338
528	1222
469	1231
469	1321
477	1128
493	1081
425	1101
449	1324
422	1206
465	1239
495	1489
445	1253
420	1064
454	942
492	1267
459	1124
475	1117
456	1240
453	1360
499	1413
468	1553
490	1439
455	1373
456	1430
397	1184
458	1076
441	1207
441	1351
419	1479
426	1157
419	1103
398	1288
410	1413
449	1916
484	2161
473	1943
441	1617
443	1241
531	1268
466	2398
443	2167
487	1597
514	2025
489	2048
432	1967
429	1794
417	1840
515	1578
429	1265
458	1439
473	1074
517	976
474	1121
494	1525
559	1830
451	1620
471	1299
487	1177
510	1262
518	1047
444	1140
472	1071
491	1196
470	1202
477	1140
481	1184
529	1058
468	972
487	1122
515	1035
549	1341
525	1065
577	954
510	930
548	1075
487	981
489	1169
530	1080
489	841
477	904
520	984
507	916
484	820
500	878
519	963
479	926
470	874
501	987
566	1035
462	1048
499	913
548	859
478	851
537	825
476	729
467	840
451	894
510	1017
475	949
464	1049
445	845
446	900
474	1061
500	1032
467	899
487	1054
478	1235
440	975
423	1143
474	1035
494	970
523	1113
535	1102
492	1277
462	1264
458	1330
435	1125
492	1220
529	1102
467	1114
434	1096
457	1021
468	1122
505	1144
448	1055
409	1097
493	995
452	1148
475	1156
438	1115
452	999
451	1071
474	1022
458	1045
453	1047
451	1118
436	1150
461	1306
502	1275
495	1214
495	1164
448	1308
450	1201
471	1160
459	1004
462	928
409	957
453	844
491	945
446	935
476	991
465	1068
468	949
425	954
466	877
469	1097
449	1047
488	1128
516	1012
561	1039
513	977
441	941
433	981
539	1043
537	1057
543	1107
507	1045
546	1034
495	1136
566	1013
532	1141
525	1006
543	1114
502	1120
529	1178
547	1024
631	1086
556	1107
604	987
681	915
692	863
595	906
622	941
592	822
516	913
563	1028
593	958
670	952
588	1037
585	996
539	1052
534	1026
547	1197
494	1120
538	1119
488	1106
452	1138
424	1196
411	1063
476	1280
488	1002
538	1044
517	1217
461	1049
491	1208
461	1197
486	1230
430	1356
416	1292
417	1409
486	1412
452	1321
446	1333
447	1216
511	1201
447	1288
479	1170
542	1139
521	1330
549	1165
539	1273
507	1297
548	1270
504	1305
470	1175
460	1288
455	1416
490	1376
455	1590
479	1504
437	1301
487	1197
463	1116
465	1145
526	1195
491	1226
499	1158
505	1109
496	1052
528	966
505	992
485	946
462	1003
424	956
474	1128
467	1143
457	1142
475	1062
493	1014
499	1169
484	1013
544	969
445	1026
505	1122
491	1029
551	999
488	1102
470	853
474	959
458	1032
437	1031
474	931
515	1010
527	993
437	985
446	1045
410	1039
449	980
437	1082
451	1000
474	1024
467	1057
462	1075
484	1160
436	969
433	870
454	967
494	877
449	1121
492	1201
435	1148
455	1133
422	1084
436	909
496	980
509	1097
417	1091
423	1011
399	1067
470	1082
449	1153
477	1085
435	992
396	1117
489	900
418	852
547	1154
462	1173
458	1169
449	1305
451	1335
443	1133
482	1213
515	1159
430	1122
478	1248
434	1037
418	789
424	995
438	1081
366	1046
456	1058
449	1102
490	1046
453	992
519	879
470	1122
423	1140
522	1298
413	1298
425	1474
390	1622
398	1418
423	1448
470	1611
416	1538
383	1193
439	1282
430	1052
410	1005
424	948
424	992
427	1082
409	999
401	985
414	798
439	1031
485	1114
389	1051
454	942
467	905
454	786
455	834
417	767
420	813
375	847
386	885
411	844
478	829
394	848
406	810
425	819
442	823
441	916
419	886
406	767
435	838
448	778
396	806
351	877
402	818
426	819
413	812
420	914
429	820
467	852
450	704
452	786
451	763
384	878
415	780
421	743
450	697
465	780
456	910
437	734
486	819
491	768
538	822
503	817
451	691
489	838
522	755
541	839
535	955
545	896
672	978
757	907
829	856
784	835
776	921
766	831
667	858
595	804
637	793
660	655
645	753
640	823
657	862
735	909
780	945
859	952
784	923
831	760
732	847
777	789
767	819
766	874
651	839
602	834
557	800
539	828
497	823
519	821
574	718
561	681
603	723
532	751
561	753
597	747
667	870
621	902
775	864
672	896
625	770
587	957
590	911
574	925
574	812
507	677
541	793
501	847
544	891
547	778
509	775
553	798
498	716
508	682
540	748
535	781
530	908
506	839
553	853
564	964
521	1002
486	972
531	883
523	766
505	865
477	882
489	880
498	806
469	905
490	838
497	765
491	983
470	943
460	846
409	931
411	827
420	833
409	946
423	879
430	884
420	800
423	1029
399	988
415	833
420	786
432	887
388	749
398	769
367	830
432	784
447	868
397	738
413	704
422	764
411	859
363	861
406	796
405	765
420	872
413	942
377	833
406	846
399	959
443	903
407	814
403	793
454	966
455	1074
462	1425
441	975
428	1047
380	985
442	1596
461	1377
394	1078
446	980
431	1127
420	1059
415	995
415	1030
390	1033
400	943
368	761
408	808
384	812
377	810
449	973
431	1058
434	1047
405	931
443	837
452	821
450	785
395	779
423	813
395	756
440	723
376	834
368	665
358	857
386	824
339	810
357	838
370	726
356	721
414	712
398	656
362	707
368	770
398	810
461	897
427	741
401	624
378	767
388	726
412	787
402	717
383	783
341	766
359	769
389	779
363	826
345	792
402	743
388	766
404	727
389	751
405	656
407	729
373	717
428	684
406	719
349	701
359	679
378	752
362	774
380	664
378	713
392	704
333	644
356	870
383	756
387	810
390	817
369	751
365	708
375	673
381	746
417	730
367	647
364	709
345	862
411	892
397	783
424	745
421	748
377	864
392	961
387	1195
381	1030
426	966
443	1234
437	1110
372	974
360	796
375	845
411	1118
497	1074
470	1058
487	1056
478	934
469	788
495	978
515	1122
470	1343
461	1309
451	1200
493	922
436	707
455	782
477	706
428	807
441	741
439	686
469	713
447	850
454	755
408	666
431	741
410	628
455	727
443	786
412	756
384	610
416	604
414	644
405	692
407	647
378	786
462	702
462	724
436	819
486	741
393	768
424	714
383	782
439	663
391	689
416	719
444	560
364	615
410	623
396	577
412	616
453	797
404	664
411	698
426	668
462	621
385	689
377	620
416	703
458	804
391	746
381	793
416	828
424	727
441	860
447	957
412	1019
371	967
484	1199
510	1220
416	1256
446	1692
432	1836
422	2002
453	1790
403	1433
431	1333
446	1296
389	1265
405	840
397	839
405	955
356	901
406	1042
405	1139
396	1207
373	1265
384	1117
414	1321
371	904
428	877
418	892
392	1480
409	1873
410	1418
412	1447
393	1578
398	1358
388	1167
440	1298
370	1098
338	846
382	1040
407	932
370	1066
359	1228
339	895
357	930
319	737
366	716
309	727
317	705
352	613
331	750
338	759
351	839
385	728
348	722
381	702
373	693
360	635
371	619
367	600
359	626
354	604
343	707
369	622
338	627
355	688
378	633
362	711
354	760
362	722
356	721
362	664
357	687
332	667
350	669
352	705
313	577
295	699
301	626
391	601
363	693
361	631
347	566
365	544
337	561
382	531
381	534
358	521
332	608
391	620
352	603
327	590
382	588
344	571
314	511
354	530
358	615
346	687
360	587
377	580
347	682
317	703
369	608
352	714
322	678
371	777
418	663
342	728
337	665
364	664
390	681
402	619
364	692
382	629
305	641
378	637
312	555
308	601
313	672
329	662
313	632
367	590
340	532
331	523
382	494
384	590
368	623
383	553
364	639
335	748
297	775
353	753
336	688
339	635
329	638
314	623
304	608
324	568
327	618
318	607
319	659
319	637
316	629
368	583
303	595
367	583
359	665
342	625
318	563
369	669
350	638
382	536
359	666
365	598
384	681
345	590
327	604
308	562
365	656
332	704
305	618
284	580
305	635
315	570
318	549
340	550
357	543
336	522
330	601
342	658
312	540
345	592
316	642
311	694
336	573
310	647
331	650
361	659
376	587
335	541
355	557
361	612
322	658
344	649
308	574
329	616
335	583
330	551
359	541
318	645
325	596
382	510
344	467
297	454
313	613
347	601
338	537
305	594
331	588
296	559
375	637
337	650
351	610
357	526
326	545
359	540
340	582
347	531
329	543
339	474
321	517
357	522
351	477
342	504
319	550
338	519
364	512
362	532
370	582
355	638
356	593
379	546
361	526
350	531
309	638
357	587
338	570
322	604
322	550
335	511
339	560
398	486
363	528
307	513
312	578
312	516
289	468
352	484
322	498
318	618
311	572
360	568
341	536
311	575
296	531
389	522
362	571
318	548
371	562
370	599
323	589
368	557
360	557
307	643
330	683
306	552
361	595
354	527
328	555
285	522
318	559
285	481
323	588
354	604
351	534
320	570
319	526
341	570
293	629
332	518
311	592
344	489
319	532
288	539
353	574
306	498
354	574
341	568
334	560
314	566
328	538
375	601
351	550
331	532
352	640
293	505
347	573
347	565
329	518
381	540
367	473
346	491
380	465
362	582
361	474
336	501
333	547
362	541
366	506
349	525
321	532
340	504
309	487
346	547
357	440
337	432
310	470
307	501
330	485
332	487
337	524
333	515
302	536
332	553
344	563
325	591
298	506
320	467
317	507
318	437
302	470
312	480
288	546
312	506
364	404
275	454
315	419
273	431
331	386
334	444
340	478
322	445
309	460
320	458
338	430
340	442
286	520
372	469
337	436
360	506
343	473
333	530
316	541
314	564
352	519
352	496
312	486
317	490
342	509
343	447
325	439
323	453
317	516
326	464
355	378
372	440
319	464
339	422
369	435
355	440
325	512
359	724
383	733
349	542
353	551
374	538
328	487
386	548
358	524
374	492
376	777
337	813
369	811
334	715
386	878
366	1064
370	848
321	855
354	1019
386	1034
339	807
336	993
344	1101
377	1059
364	1228
395	1197
419	1360
400	1163
390	1328
395	1765
445	1817
406	1657
337	1304
386	1411
385	1190
346	1458
398	1483
345	1314
373	1278
364	1010
365	810
387	934
389	896
327	701
400	872
371	878
341	696
394	626
395	618
367	902
412	1159
434	1294
402	1196
370	1139
405	1274
390	1074
361	1235
367	1003
337	860
399	919
363	948
365	887
345	881
365	641
362	677
361	582
356	686
400	613
426	622
411	640
490	1216
439	1034
486	788
539	868
491	747
516	737
536	874
525	715
574	724
504	568
415	548
457	507
504	707
671	807
807	837
722	727
757	647
936	815
983	829
1112	964
1007	989
894	1058
1002	849
1127	1265
1233	1531
1178	1699
1234	1946
1232	2047
1358	1760
1573	1785
1608	1799
1500	1592
1577	1909
1752	2153
2000	2421
1936	2519
1789	2510
1648	1902
1561	2100
1511	2283
1181	2747
1214	2104
1310	2007
1327	1568
1163	1700
1059	1863
1027	1849
1001	2164
889	3500
764	3531
705	4033
665	4178
785	3921
729	3377
616	3713
488	3043
500	2171
493	1944
458	1768
459	1920
442	1953
466	1758
490	1594
435	1424
414	1490
446	1471
519	1776
454	1977
467	2302
545	2462
429	1775
422	759
460	682
413	745
390	619
465	798
452	659
465	580
453	627
506	866
465	745
461	819
540	831
503	909
540	920
548	738
471	704
518	758
464	887
431	949
419	774
363	761
352	604
394	715
464	744
409	784
389	764
391	756
477	979
468	2078
458	1333
467	1828
494	887
463	859
472	1112
510	754
383	630
433	665
449	589
453	515
445	517
449	562
487	666
494	614
434	999
478	838
504	1611
460	1476
465	949
461	631
456	627
424	559
437	524
380	498
406	513
420	461
378	480
416	484
371	501
444	490
403	479
446	629
419	575
433	480
442	510
438	480
408	382
437	461
425	517
417	458
444	470
409	456
454	447
442	499
468	457
428	430
470	401
492	389
519	513
541	484
526	498
523	519
509	472
560	475
542	545
544	458
513	435
497	506
577	445
590	466
588	434
599	425
581	468
538	435
468	463
478	415
492	439
485	440
494	476
479	399
467	483
540	501
497	486
487	465
447	427
426	503
448	485
466	478
451	388
450	486
390	464
406	460
394	373
410	407
458	410
450	423
415	545
406	422
436	471
448	482
431	444
381	457
401	530
387	390
360	480
368	463
360	474
412	561
409	462
435	492
380	471
380	473
358	419
393	507
374	489
370	515
359	474
448	434
421	406
415	561
455	581
403	530
419	562
428	480
392	525
452	483
431	479
435	473
441	501
482	526
484	512
552	513
526	537
564	538
531	535
596	474
548	476
488	473
538	560
523	517
543	566
540	455
505	492
489	471
429	457
499	440
434	429
360	440
388	482
425	438
393	471
394	458
406	485
418	477
406	416
445	491
441	409
367	402
409	451
357	508
439	520
379	512
402	507
387	436
403	492
406	526
386	449
400	503
395	482
426	529
447	460
397	501
425	468
435	528
400	473
411	507
459	439
410	503
439	468
389	493
439	551
420	474
413	465
443	530
449	393
398	485
380	462
395	431
431	390
412	443
374	416
424	449
395	382
437	369
430	412
443	416
422	528
425	484
415	541
400	549
440	503
431	498
416	517
415	531
461	588
406	565
374	620
435	567
440	648
452	629
430	481
450	521
459	575
459	531
401	505
469	541
488	623
447	594
388	559
461	554
459	546
433	526
460	619
453	543
479	534
434	488
474	543
467	637
460	548
443	705
423	740
470	751
456	612
446	687
390	646
416	688
400	1213
410	963
409	662
410	836
401	674
388	658
435	789
459	697
445	735
391	638
441	538
397	604
444	547
408	531
390	563
410	516
390	572
377	604
387	660
430	774
375	733
412	609
398	581
351	646
349	716
414	644
418	669
430	731
469	961
446	848
444	921
465	739
413	855
434	876
428	895
440	810
421	690
439	595
428	719
429	720
357	585
414	639
350	578
418	585
388	618
412	602
392	612
386	558
384	565
422	541
388	519
402	562
392	513
386	489
420	442
408	566
429	514
421	502
385	554
464	670
395	816
399	755
458	1114
376	1148
410	1426
448	1667
382	726
402	1005
420	884
381	687
417	605
426	824
460	1806
452	2183
471	1672
482	2257
535	2170
471	1903
460	1225
458	762
471	617
410	730
475	883
470	720
403	767
417	600
477	667
428	628
444	624
398	599
432	593
455	555
414	539
414	456
430	498
416	552
440	520
429	480
445	506
370	535
423	575
415	525
429	488
401	531
420	562
463	593
475	492
413	519
450	714
468	677
427	596
463	675
472	979
495	1189
428	738
422	744
410	739
393	722
396	815
449	1084
415	794
407	839
437	847
410	1013
377	839
401	714
396	755
438	831
428	812
429	856
448	790
444	785
405	647
442	648
423	672
416	692
408	575
402	617
398	605
379	720
441	623
358	535
379	391
413	610
435	784
389	687
451	922
400	606
432	565
405	578
459	596
419	583
424	557
450	573
428	523
436	528
491	624
415	569
427	574
404	499
394	479
425	527
403	592
418	607
423	641
421	568
391	467
434	586
382	531
413	579
410	488
405	507
419	452
416	583
444	550
413	541
453	586
396	531
398	645
401	481
388	535
407	531
383	586
387	606
408	557
377	571
377	583
385	543
383	547
403	561
389	488
420	582
376	632
401	647
410	770
447	699
392	775
462	590
387	577
388	649
390	601
370	623
417	711
369	644
383	757
368	697
387	784
400	778
378	701
388	728
412	715
352	663
350	710
351	699
369	779
361	705
377	697
371	678
379	693
362	666
401	655
389	692
372	706
355	626
389	660
364	588
392	619
381	530
409	628
380	615
392	627
388	658
386	667
397	554
376	602
378	602
396	688
392	726
400	668
345	706
386	588
383	577
424	555
442	572
415	617
483	594
479	662
567	636
516	532
496	581
550	578
560	659
614	610
561	623
557	557
586	624
579	653
598	729
601	645
572	684
591	621
619	669
591	644
667	648
587	747
598	762
581	898
532	785
586	723
556	622
559	618
546	632
577	621
533	584
527	608
526	694
573	710
508	845
500	724
500	678
521	724
503	659
507	665
523	671
504	753
479	637
458	691
483	671
452	1582
516	1729
491	1531
484	1836
535	1591
502	1540
568	1754
550	1003
624	706
538	665
520	750
559	689
608	661
532	733
546	739
501	673
468	633
478	723
456	671
491	665
466	663
489	628
473	593
463	610
453	532
515	636
529	701
430	618
470	743
523	736
491	645
501	651
469	559
477	623
497	604
478	551
498	621
478	700
469	657
482	574
423	644
482	639
444	565
469	640
466	664
493	635
486	560
538	679
491	629
485	576
462	571
514	641
422	627
482	664
473	653
409	662
427	653
456	658
467	726
431	637
465	640
455	670
411	657
512	706
526	662
518	645
552	728
501	663
489	668
538	676
539	712
504	750
494	713
443	685
526	627
532	706
503	643
513	573
485	633
481	698
447	595
512	693
533	687
502	651
563	670
499	664
555	707
582	595
565	657
534	642
551	611
488	704
537	706
534	637
527	678
538	750
598	714
538	658
604	672
616	654
652	758
603	677
548	673
630	641
605	681
573	757
608	711
568	634
561	690
521	785
480	755
499	743
584	833
521	707
522	714
484	746
510	731
555	745
561	743
542	709
547	673
525	646
519	680
531	784
527	797
489	740
474	807
487	846
457	767
438	827
521	741
519	812
465	875
456	789
483	882
432	860
535	886
616	1146
560	1082
605	937
661	1594
846	1783
948	2256
900	1931
801	1764
910	1592
1324	2089
1398	1946
1412	1531
1203	1216
1419	1575
1903	1948
2203	1789
2298	1901
2227	1742
2297	1823
2587	1943
2867	2210
3062	2249
3190	2223
3209	2329
3302	2223
3252	1807
3172	1599
2935	1495
2920	1621
2773	1264
2736	1340
2736	1424
2564	1636
2399	1550
2669	1289
3351	1342
3555	1363
3540	1356
3393	1420
3442	1598
3984	1589
4605	2072
4970	2461
4786	2087
4967	2304
5530	2326
6154	2527
6207	2584
6136	2512
6099	2602
6398	2358
6696	1943
6555	1893
6275	1910
5867	1602
5918	1620
5799	1869
5768	1648
5528	1674
5636	1804
5458	1901
5727	2017
5760	1929
5886	1962
6051	1846
6140	1779
6503	1894
6631	1794
6662	1840
6649	1752
6584	1880
6502	2157
6360	2872
6575	3127
6345	3697
6234	4123
6273	4680
6445	4614
6727	3048
6816	3036
6645	3701
6931	3426
7398	4130
7458	5015
7507	4455
7321	3426
7247	3748
7168	3638
7800	3092
7914	3198
7452	2611
7394	3297
7876	4333
7612	4448
7387	3010
7409	3184
7527	3677
7339	2794
6836	1778
6279	1595
6633	1216
6517	1138
6564	1146
6181	1068
5637	1792
5485	1538
5473	1352
5117	1437
4450	1981
3918	1681
3881	3025
3893	3186
3878	2500
3250	988
2756	870
2636	816
2838	750
2626	767
2331	891
1807	806
1797	904
1877	875
1839	842
1692	917
1352	930
1197	797
1273	856
1247	794
1201	825
1036	839
968	879
934	860
873	922
886	933
716	1060
650	1045
654	1264
691	1355
718	1109
629	1165
597	1084
574	1019
534	986
575	1019
547	962
509	1024
540	1037
532	932
523	868
477	932
469	1081
418	911
469	950
440	907
474	899
429	868
566	906
509	1008
543	907
477	930
542	900
467	891
492	881
481	1045
489	924
491	957
495	984
491	919
478	993
528	888
492	886
478	820
447	962
538	895
534	1018
537	995
479	967
560	841
579	793
491	898
542	823
523	930
534	861
558	801
552	929
534	828
518	813
622	904
555	875
579	953
514	896
640	892
662	909
600	843
576	830
596	775
582	827
606	935
545	933
581	759
615	671
562	769
636	782
674	801
598	769
605	781
610	717
573	748
668	831
706	813
749	751
703	782
777	850
877	855
933	800
872	802
749	791
901	880
897	897
945	899
943	903
993	820
941	741
1131	806
1330	805
1364	806
1318	850
1455	880
1574	891
1609	844
1543	872
1444	975
1323	818
1135	881
1033	920
1048	914
959	801
1081	1014
1051	911
942	848
950	783
855	911
1020	911
936	780
808	856
765	910
865	813
796	836
719	816
654	899
634	890
655	823
692	850
670	954
607	890
611	911
582	970
617	929
633	967
575	781
597	887
635	917
587	918
563	812
618	854
622	859
631	722
635	939
563	881
615	795
609	714
623	871
584	872
582	871
642	857
605	942
618	933
666	787
639	777
649	786
601	853
604	897
644	893
662	829
617	903
630	818
660	761
706	854
648	795
667	953
658	843
763	777
780	834
724	859
676	911
682	793
681	718
710	863
734	911
707	1031
748	919
727	827
752	884
733	964
701	888
687	924
789	868
740	850
808	1125
743	825
725	922
724	946
826	856
745	840
732	929
736	1003
702	955
762	967
741	912
772	900
679	927
754	953
697	870
779	1788
776	1283
820	1005
777	929
782	2069
862	3798
804	3092
812	1782
817	2093
904	3607
948	3874
784	1278
743	940
760	990
718	1166
801	1173
796	1024
765	1000
811	989
819	886
812	981
773	939
790	1031
792	1157
740	1068
783	1094
818	996
878	1137
829	937
855	1062
777	1545
830	1467
783	1147
810	1001
700	1124
712	1062
680	1050
718	998
658	1371
723	1776
754	1126
691	1074
664	1274
684	1798
722	2915
787	5581
908	8596
804	7066
800	6547
871	9140
983	9423
1045	9613
813	7327
680	6224
861	8163
843	8976
888	9154
820	7388
687	5528
700	4108
727	3955
641	2351
705	2422
698	3309
738	6292
744	7418
747	6071
783	6336
709	5068
618	1650
569	1119
565	1103
544	1047
586	996
530	974
475	1001
534	833
551	882
568	893
554	999
512	881
557	988
521	877
537	972
556	1056
529	1009
619	1044
541	1065
514	925
540	1004
589	1358
541	1105
520	1154
556	1061
560	1058
576	1044
540	1133
579	1001
589	1248
528	1034
514	990
527	989
515	1109
521	1189
464	1175
443	967
529	975
513	957
498	1009
540	887
539	1025
573	1043
529	1007
571	1178
521	1055
496	885
506	1116
508	929
539	945
531	921
520	880
455	750
416	1013
505	1008
493	1019
461	1037
414	1142
473	1070
493	1018
502	1104
470	1185
471	1191
497	1193
508	1242
510	1077
495	1023
600	1036
596	1018
535	1136
561	1008
583	1145
596	1262
652	1297
631	1322
602	1210
672	1337
871	1268
975	1150
876	1227
825	1074
876	1134
917	1149
946	947
933	929
996	1002
946	1035
925	1108
1017	1224
1088	1196
1226	1248
1371	1181
1450	1321
1567	1405
1616	1408
1596	1276
1626	1279
1491	1327
1149	1218
997	1135
994	1104
940	994
927	1034
936	1069
889	978
937	1044
951	1128
939	1030
912	1124
954	1020
913	1100
987	980
1001	1075
885	1044
778	1073
801	879
810	898
819	896
661	797
754	993
681	911
657	1053
673	984
636	973
582	942
564	963
561	941
588	943
528	928
536	1016
457	1074
508	1015
507	1046
560	970
518	845
568	972
504	993
505	968
603	930
570	828
561	841
577	808
521	942
574	739
562	1002
577	1093
497	931
485	862
497	986
447	988
433	956
487	1025
486	1070
485	1095
514	1037
502	1011
482	1201
482	1024
526	899
504	827
491	814
478	960
503	893
522	822
549	821
506	832
454	876
512	959
446	952
441	982
446	874
452	966
427	957
501	881
437	906
410	976
416	1082
478	1096
423	1252
465	1181
442	887
398	893
534	1083
458	811
429	964
414	916
449	934
434	1044
438	911
413	935
470	819
425	872
489	1106
447	1105
479	1093
397	958
486	1025
443	1138
471	1354
497	1238
456	1181
434	1233
494	970
433	979
452	976
436	1015
470	1078
528	1184
466	1209
518	1062
484	1145
453	1091
509	1026
487	1155
464	1167
487	1016
441	1133
462	1002
491	1036
479	976
489	1116
454	1041
477	1076
530	1102
552	1316
517	1155
448	1196
429	1159
451	936
484	1166
532	1179
478	1190
518	1030
464	930
485	1160
465	1129
414	1077
492	1003
483	919
432	1115
438	1009
435	1052
419	1032
496	1033
520	1013
485	1142
531	940
479	1087
486	1031
419	885
477	1098
467	1004
426	1122
436	1088
436	1255
389	1168
453	952
450	1126
478	1091
436	1020
462	1211
410	1028
472	943
428	913
486	1132
442	936
436	975
438	1039
447	1008
502	1008
476	823
465	931
434	965
404	973
506	1081
456	978
452	926
533	934
563	957
497	1006
527	895
462	1086
507	1127
534	1123
487	1114
529	938
491	892
488	850
479	899
433	951
495	985
494	914
505	900
472	920
472	1008
490	927
528	991
465	990
461	930
503	855
541	927
584	950
574	1023
579	889
612	946
578	1170
529	1164
535	1010
572	1010
508	964
570	993
597	924
677	935
609	1114
661	1125
599	1076
636	1175
639	978
659	928
589	1023
600	1053
620	1124
633	947
646	1055
654	953
677	946
607	915
631	921
671	914
683	1130
669	1077
640	979
712	992
640	1133
685	1101
610	1052
603	1185
611	1061
582	898
664	1023
619	913
573	906
580	982
637	979
641	1072
632	1046
643	1262
668	1184
650	1121
702	1054
662	1030
690	860
644	984
704	954
694	844
673	913
624	838
598	835
566	889
565	925
587	960
517	786
604	926
534	961
630	971
666	908
620	864
669	941
685	928
704	849
756	986
726	967
764	1092
708	990
650	1003
643	1069
631	1039
559	942
573	865
546	865
535	872
574	850
563	939
573	1008
603	940
582	962
557	1075
562	1233
526	1220
583	1602
618	2066
595	2116
596	1829
560	2113
516	1955
516	2427
524	2081
547	1807
562	1554
552	1986
561	3330
558	4157
493	1661
499	1493
551	1705
505	1593
482	1334
554	1642
505	1648
505	1898
549	1768
519	1500
620	1836
567	1862
538	1756
556	1258
490	1125
500	1250
508	1368
470	1274
496	1279
547	1379
505	1415
532	1263
469	1268
489	1320
507	1221
472	1189
525	1139
452	1046
511	1147
519	1138
544	1094
511	1030
541	1312
486	1373
465	1352
551	1396
506	1394
544	1264
443	1279
486	1159
473	1139
525	1173
477	1176
499	1130
453	1164
479	1059
487	986
433	924
420	921
363	1006
425	1019
464	969
369	898
468	1025
443	899
509	1092
502	1057
534	1258
501	1107
450	1086
523	1170
499	1269
512	1335
486	1218
464	1423
548	1223
520	1273
502	1112
483	1050
458	1006
475	1000
473	907
548	854
537	872
470	867
471	1030
479	940
467	1009
468	1004
469	939
460	897
509	864
519	957
463	966
444	917
481	1050
457	1018
473	897
478	877
462	851
488	765
447	874
452	791
480	825
425	955
485	811
504	856
520	1026
519	1083
526	890
518	964
470	848
473	928
561	883
611	840
579	925
539	862
523	1127
536	1069
512	905
584	914
572	980
611	1051
624	1107
636	1054
637	1025
692	1154
556	1035
564	1104
540	975
551	1076
549	1035
531	1090
505	1163
477	1162
477	970
525	980
465	1036
516	1193
558	985
522	1039
525	1041
505	986
536	887
516	1038
497	1053
522	1005
504	1180
483	1043
504	917
525	960
476	982
508	943
557	1047
514	967
495	1010
526	941
526	997
493	856
496	817
506	953
548	1021
500	1024
571	839
496	910
469	875
512	815
543	877
499	865
577	982
491	1019
577	890
582	940
642	975
639	1051
759	993
1074	1154
1357	1069
1355	1104
1244	1080
1259	1143
1370	1167
1539	1157
1466	1154
1417	1163
1371	1124
1637	1165
2013	1128
2089	1192
1948	1138
1976	1202
2169	1255
2192	1113
2474	1051
2468	1131
2572	1101
2757	1006
3115	992
3430	951
3799	1080
3967	1220
3988	1138
3725	989
3375	972
3263	1073
2962	1120
2783	1014
2412	1011
2235	1099
2216	1041
2298	1263
2400	1222
2452	1299
2182	1348
2001	1499
2131	1355
2181	1307
1833	1145
1509	1063
1375	1128
1384	1131
1330	1134
1194	1071
1109	1238
846	1161
819	1053
938	1035
870	1186
689	1138
656	1108
631	1101
624	1133
668	1014
624	984
647	1118
535	1078
548	942
555	1037
510	974
508	1086
547	1112
508	1006
476	1214
495	905
483	903
520	1097
459	1074
494	997
509	942
470	853
483	800
482	919
513	906
492	868
567	859
477	909
478	970
519	971
525	942
523	1067
546	1092
485	1005
500	891
450	859
537	867
465	898
520	1051
482	1106
502	985
539	891
443	865
455	748
492	835
444	866
479	817
475	910
487	1001
500	891
449	962
459	1077
401	974
484	985
519	1026
453	1004
436	966
475	1043
533	1004
471	982
458	1005
491	1061
471	1074
458	1038
460	1051
538	1091
490	1002
473	1114
480	1160
433	1037
524	948
527	1302
479	1324
513	1393
507	1301
473	1083
450	1004
467	1098
445	989
526	1007
499	1018
467	1009
478	1003
518	1074
492	1034
458	1078
478	1300
539	1261
533	1118
489	1154
552	1118
522	1048
479	1095
543	1065
496	1032
470	1045
520	1153
494	1117
505	1126
500	1017
510	1026
438	960
444	981
473	1123
427	1232
457	1126
491	1069
445	1230
433	1012
438	1054
491	855
514	1009
492	1212
472	1119
504	1242
462	1152
500	1090
484	1023
557	988
558	1023
554	1167
546	949
497	1103
449	960
424	1000
544	951
495	959
514	794
522	800
441	1003
452	1040
444	1036
441	955
440	1080
473	937
450	882
457	866
487	913
475	1153
481	1190
533	1019
498	1142
486	903
492	965
458	1024
403	976
432	938
552	1030
515	923
486	1036
497	1008
472	935
530	911
514	1197
458	1056
507	951
473	830
463	1027
482	1017
450	976
473	970
439	986
455	1039
448	1035
396	945
452	844
477	919
455	945
469	955
511	1007
440	839
493	1025
516	886
506	1112
537	1177
505	1263
539	1123
489	1082
490	1088
472	999
487	983
564	838
523	854
570	849
550	831
459	897
550	939
430	997
509	996
520	1055
529	1058
532	1124
536	1197
506	1338
490	1260
607	1191
568	1132
533	1144
494	993
522	1016
519	982
495	1110
497	1055
543	1105
511	1083
513	1087
628	1009
507	1023
510	1048
539	936
552	884
533	838
510	963
541	972
499	983
484	1187
516	953
546	859
570	820
586	744
598	871
604	780
576	997
561	1061
553	1006
514	856
465	908
484	844
522	856
484	981
444	875
537	859
525	842
536	859
553	821
524	904
496	851
490	889
553	828
541	843
506	956
554	972
507	787
525	879
540	1158
529	1089
556	1050
464	1114
514	1042
529	999
497	1123
545	941
533	1098
443	991
498	928
544	836
561	877
510	858
493	844
504	834
494	910
539	1114
470	1073
538	1032
455	1029
487	1134
465	1013
482	933
431	1020
473	1107
531	1099
518	1122
489	1020
479	994
497	941
497	866
534	1026
474	1048
493	1052
556	955
485	999
517	1055
545	1013
498	1116
488	980
553	1001
536	1098
593	1076
527	948
525	889
471	986
529	1014
491	1112
509	1235
536	1023
532	966
540	1012
511	1123
572	1016
483	1042
559	904
519	912
501	1057
519	1035
530	1013
570	1155
481	1213
538	1070
539	1086
506	1161
566	1034
519	1056
523	945
507	997
471	1036
610	1085
530	1188
596	1104
524	935
548	1085
593	1103
542	1157
521	1118
541	1142
558	1375
627	1475
583	1013
523	1205
560	1137
619	1182
506	1234
565	1348
562	1364
539	1294
628	1319
543	1239
554	1057
562	1082
575	1027
565	1052
564	949
587	989
555	1026
509	1014
497	1124
549	1062
601	1008
599	1130
602	1175
657	1193
694	1172
746	1188
786	1361
750	1263
820	1246
852	1128
912	1112
818	1021
744	1092
750	1117
793	1130
859	1176
966	987
920	984
923	1085
930	1121
1099	1144
1190	1191
1224	1106
1302	1205
1244	1112
1192	1166
1162	1157
1312	1210
1294	1105
1148	1019
1052	1008
1082	1088
1090	981
927	1012
959	1214
935	1140
968	1194
920	1304
916	1202
997	1404
918	1275
875	1202
996	1019
989	1151
949	1011
943	1092
995	1167
909	1296
924	1223
1013	1188
1080	1208
934	1226
898	1313
926	1316
858	1324
880	1095
788	1289
824	1212
759	1178
749	1287
795	1293
760	1277
593	1233
666	1147
641	1069
601	1164
630	1152
626	1107
556	1159
627	1068
654	1079
695	1168
550	1138
589	1072
608	1158
566	1293
536	1232
592	1243
547	1011
519	1035
595	1035
620	1173
551	1184
506	1195
499	1259
547	1212
545	1110
512	1163
571	1167
517	1185
562	1233
562	1297
556	1210
487	969
494	953
612	1014
577	1066
529	954
588	962
569	1033
496	1175
470	1185
542	972
613	966
520	943
525	893
537	926
591	953
560	1021
541	1061
519	1000
525	1183
530	1189
566	1265
549	1003
549	963
599	1179
481	1283
500	1159
526	1158
547	1197
546	1491
492	1372
512	1242
536	1340
505	1419
538	1444
518	1519
509	1460
481	1454
568	1282
498	1293
484	1460
544	1502
518	1468
545	1355
532	1412
534	1157
484	1131
552	1211
511	1303
482	1410
486	1365
496	1306
492	1219
545	1288
627	1191
547	1344
558	1423
637	1252
522	1191
478	969
522	1042
502	987
563	1068
527	974
577	987
557	1168
549	1087
537	1126
544	949
498	1125
562	947
523	1065
592	1078
485	1083
514	955
530	1133
576	1025
546	1065
523	1142
588	1202
580	1084
528	1069
577	1179
477	1137
537	1143
516	1172
506	1115
594	1115
548	1203
540	1423
593	901
567	762
484	922
522	1058
501	1134
555	1139
533	1079
528	1006
492	1055
509	913
510	920
483	1076
507	1079
462	1034
487	1085
486	1149
536	1034
450	1033
523	1033
508	1187
511	1152
492	1175
454	937
534	1158
533	1124
537	1096
490	1055
480	1015
543	1018
505	1108
563	1519
547	1715
569	1637
549	1580
600	2341
552	2772
518	1923
524	1625
502	1231
504	1757
563	2101
467	1195
485	1123
472	1071
489	1121
534	1053
527	990
539	929
500	842
494	881
494	903
504	910
499	1035
531	927
518	1069
581	1153
517	1215
587	1017
512	1117
514	1145
500	1040
460	1072
472	967
448	983
468	963
501	1116
525	961
565	1075
495	1022
545	1082
539	1110
562	875
481	941
508	894
488	1061
513	1079
494	984
497	1027
502	955
449	973
442	986
507	1120
518	1091
481	928
529	1234
514	1101
452	1218
495	1035
558	1029
453	1230
552	1108
483	1207
467	1229
539	1236
483	1249
476	1137
482	1112
505	954
537	1157
483	1081
519	1100
536	933
532	966
505	1040
465	922
517	942
476	981
480	1053
585	1052
501	960
546	1095
542	1155
484	1048
469	1000
474	980
461	975
481	1053
544	1042
486	1216
467	1114
464	1052
478	1075
513	1035
484	984
481	1003
440	1053
490	1140
500	1024
543	988
484	962
460	959
480	1038
427	1090
436	1130
486	1031
416	1187
439	1056
477	1020
500	979
566	1007
530	868
477	846
475	772
500	1003
466	1075
513	1027
468	930
480	959
471	980
488	967
485	981
478	876
498	1058
534	1237
458	1093
508	957
473	1062
493	912
431	996
485	1190
487	958
494	871
480	975
475	930
473	849
529	986
517	952
514	962
496	887
533	1120
523	1074
542	1032
539	1013
543	1044
526	949
533	985
496	890
476	917
529	967
480	1031
498	956
473	983
476	963
456	984
465	944
565	994
533	974
555	966
531	1003
593	739
569	801
577	938
533	786
532	892
586	945
611	1068
592	921
548	904
516	912
433	1018
466	814
479	816
547	845
568	922
613	770
580	743
587	937
535	1027
606	1010
527	975
560	858
536	758
591	901
614	925
599	889
569	900
593	918
582	953
545	1002
518	983
493	819
561	880
573	807
523	855
530	927
506	826
524	967
533	1078
564	962
467	927
560	1082
490	1124
488	1074
515	1009
544	948
526	1044
513	1057
557	1204
534	1286
533	1318
600	1195
543	1309
548	1257
526	1332
464	1196
530	1262
526	1074
519	1057
558	1125
509	974
499	1130
532	925
514	1037
462	1143
503	1122
461	932
543	960
542	988
511	1047
501	978
500	913
481	1023
480	1070
470	1050
532	1039
505	1001
577	1034
470	1563
533	1360
592	1481
558	1303
517	1330
568	2190
541	1744
537	1536
550	1641
578	1816
540	1972
534	1836
641	2012
615	2084
580	2047
576	2101
654	1851
584	1814
589	1544
612	2837
653	2797
535	2871
590	2686
622	2556
584	2142
535	1714
487	1600
553	1552
531	1731
545	1534
544	1335
573	1433
576	1512
570	1431
555	1317
537	1333
570	1247
594	1131
594	1171
547	1069
495	1052
506	976
547	936
601	884
535	998
567	1049
537	997
595	908
553	964
566	1123
537	922
538	1094
624	1213
569	1699
548	1927
564	1821
576	1629
561	1862
520	1815
514	1649
605	1330
537	1338
604	1794
595	2410
608	2567
582	2206
548	1520
594	1393
528	1277
569	1252
571	1323
634	1180
554	1097
601	1294
600	1655
593	1639
558	1305
596	1263
654	1128
674	1163
626	1267
668	1478
643	1413
675	1388
711	1379
746	1291
697	1499
641	1201
622	1040
696	1018
726	1110
631	1108
728	1249
724	1288
737	1501
933	1302
927	1375
912	1402
866	1361
917	1315
960	1214
912	1033
879	1330
877	1480
831	1600
873	1594
941	1517
888	1448
907	1512
1026	1347
1145	1391
1221	1646
1337	2798
1365	3856
1723	2358
1938	1889
2253	2927
2020	2613
1963	2386
2459	4132
3033	4152
3340	4493
3113	4228
2912	3662
3193	3544
3346	3183
3540	3248
3214	1957
2972	2783
3100	3260
3655	4627
4033	3926
3967	3424
4174	4712
4504	3867
4732	2985
4822	2795
5174	2698
5546	2924
5991	3203
5803	2845
5283	2558
4811	2367
4280	2060
3726	1662
3277	1547
2890	1377
2459	1268
2282	1383
2208	1274
2050	1304
1770	1244
1614	1071
1708	1067
1780	1112
1934	1101
1921	1239
1769	1114
1795	1278
1977	1352
2025	1327
1793	1445
1576	1419
1566	1408
1529	1239
1503	1170
1455	1054
1391	1333
1334	1150
1319	1183
1349	1109
1412	1113
1481	1119
1690	1227
1676	1327
1581	1207
1762	1294
2148	1264
2418	1408
2461	1473
2344	1549
2458	1474
2812	1428
3168	1665
3241	1598
3137	1544
3135	1663
3309	1815
3538	2434
3635	2621
3289	2362
3096	2283
3548	2723
3993	3512
4703	4352
5010	4589
5315	4861
5716	6754
7334	9630
7788	9505
7762	9580
7379	9808
7271	9176
7330	8543
7632	7689
7312	8020
7013	8425
6862	7870
6677	6850
6165	4826
5755	3594
5425	3371
5317	3041
4953	2381
3994	1754
3819	1725
4615	2297
4861	2305
4256	1930
3428	1563
2991	1504
2863	1518
2587	1377
2136	1364
1466	1128
1057	1097
1170	1082
1326	1187
1164	908
909	1047
735	1132
763	956
858	1074
781	980
710	928
668	1002
669	1114
671	1343
724	1416
625	1450
566	1249
632	1188
602	1266
606	1197
625	1286
584	1274
569	1266
613	1139
602	1212
612	1301
581	1273
593	1398
520	1260
593	1372
605	1414
548	1502
530	1450
536	1253
588	1465
491	1448
587	1124
486	1157
547	1065
556	1172
576	1163
528	1173
608	1001
544	1081
486	1144
499	1131
531	1182
466	1304
595	1215
518	1378
500	1191
555	1120
579	1163
570	1084
628	1291
588	1311
529	1299
552	1229
492	1120
530	966
538	895
550	888
463	1039
594	1017
590	1008
507	1073
561	1039
585	1148
595	926
588	899
533	1021
599	1019
534	1177
613	943
545	1113
559	1056
622	1233
644	1105
585	1043
567	1161
543	1088
574	992
605	1009
607	1085
576	1054
552	1136
599	1140
522	988
487	960
621	1079
536	1249
584	1069
525	1197
514	1214
510	1075
548	1033
544	1100
575	1189
573	1083
551	970
603	921
556	859
539	940
610	850
589	1096
539	1043
576	1040
474	1094
536	822
606	979
530	987
550	1128
560	1045
579	1027
621	1029
589	1096
563	1079
576	1133
634	1047
573	956
521	916
600	1014
550	948
546	957
504	915
468	1069
472	1053
480	1072
506	1051
526	1212
516	977
528	863
527	1081
513	913
577	948
542	972
562	936
529	1155
520	1188
542	1120
492	972
538	1322
516	1122
457	917
529	1030
478	1214
544	1083
531	1205
543	930
525	984
558	1174
557	1001
513	1049
593	959
578	1001
570	1029
519	1066
558	949
554	1007
591	1028
605	1030
562	978
545	1049
606	979
595	1034
570	1011
603	969
624	1218
554	1043
662	1075
610	1087
572	1154
657	1110
780	1161
839	1097
839	1249
845	1104
865	1169
939	1185
964	1264
1044	1081
1082	1182
1224	1306
1609	1257
1891	1255
1905	1308
1739	1358
1910	1342
2268	1499
2796	1384
2898	1410
2532	1191
3087	1246
4300	1419
5287	1537
5333	1628
5060	1857
4745	1866
5203	2211
5832	1957
5715	1711
5547	1306
5395	1617
5617	1664
5664	1479
5064	1378
5171	1180
5276	1201
5003	1218
4418	1277
3875	1352
3546	1376
3197	1251
2767	1180
1980	1297
1508	1188
1406	1075
1528	1127
1577	1249
1356	1187
1102	1140
1054	1260
1168	989
1310	1030
1266	976
1122	866
1104	1080
1164	1060
1222	1072
1115	1005
965	904
806	1228
859	1214
797	1307
677	1265
623	1109
577	1010
597	1122
625	971
616	1125
606	1166
614	1103
580	1107
690	1298
627	1253
658	1083
612	1061
565	1011
647	1065
617	1012
603	1016
564	1191
605	1052
634	1105
646	1121
654	1260
551	1164
577	1298
583	1244
573	1210
635	1285
575	1119
500	1018
563	1281
618	1035
549	1068
556	1069
583	1027
602	888
533	902
581	1003
599	1134
654	1097
598	974
624	961
581	923
650	927
621	1179
616	1129
637	1138
633	1107
632	1142
599	1137
608	997
604	1102
611	1096
567	972
589	1093
616	1246
635	1116
577	1021
592	960
610	1162
663	1088
701	1079
591	1110
606	1099
672	1000
676	848
639	1005
617	965
640	952
644	1056
642	1254
637	1054
677	1160
607	1074
670	995
709	1015
644	1118
681	1000
683	1011
647	1003
667	925
651	1089
718	987
643	892
673	1034
614	949
632	788
656	1159
684	1174
582	1052
646	1399
616	1290
639	1049
641	1147
664	1172
680	1026
662	1096
705	1119
671	1243
609	1312
622	1143
638	1128
662	1047
638	1240
744	1204
718	1150
649	1039
645	984
698	1072
692	1031
648	1054
675	1019
633	1035
680	1200
674	1249
715	1261
653	1132
683	1132
560	1025
669	1099
650	1059
754	967
611	1094
696	1275
692	1006
616	975
653	1088
664	1105
619	1131
620	1030
634	1033
634	983
673	1036
663	1061
693	969
653	1084
689	1115
752	1099
684	1306
656	1338
737	1014
721	949
729	1166
772	1060
723	1169
720	1287
756	1016
689	936
757	1078
711	998
801	1053
740	1105
733	1054
709	1071
725	1137
742	1304
696	1184
745	1199
703	1188
768	1139
789	1233
777	1069
711	1127
736	1226
804	1132
831	1278
856	1213
850	1354
831	1239
966	1407
970	1284
1056	1474
1129	1232
1065	1108
1213	1318
1197	1208
1373	1224
1265	1039
1268	1164
1296	1124
1420	1197
1549	1069
1417	1128
1342	1273
1531	1283
1688	1434
1885	1488
1902	1656
1969	1340
2072	1285
2219	1420
2300	1575
2217	1647
2305	1449
2181	1199
2013	1321
1923	1792
1829	2222
1735	2246
1760	2637
1745	2872
1847	2542
1979	2497
2060	2664
2092	2063
2175	1698
2286	2092
2386	1954
2653	1598
2644	1557
2567	1757
2549	1446
2334	1516
2433	1467
2271	1576
2271	1668
2165	1843
2227	2491
2164	2960
2182	3375
2126	2923
2232	3222
2196	4254
2298	3967
2310	3353
1951	1941
1884	1683
1652	1303
1476	1237
1428	1298
1326	1405
1269	1383
1124	1304
1098	1161
1249	1291
1209	1312
1383	1540
1539	1316
1592	1234
1674	1104
1778	1053
1676	1155
1744	1177
1684	973
1660	1084
1483	913
1444	1040
1312	1077
1111	1141
1101	1270
934	1035
899	1039
906	868
883	1017
865	1071
896	1191
960	1250
1086	1310
1191	1130
1168	1093
1194	1048
1272	1186
1414	1119
1370	1023
1147	1125
1092	1124
984	992
930	1009
804	978
757	1110
611	1189
600	1090
601	1103
647	1000
668	1008
647	954
714	995
693	1070
654	958
682	1074
682	1018
691	1030
734	1033
697	1009
684	1083
608	1044
630	1099
526	1018
541	1106
592	1169
568	1007
515	975
477	1078
576	1175
495	1193
573	1267
557	1151
556	1013
515	1089
516	936
573	1234
581	1163
583	1083
543	1188
485	1189
518	1133
587	1176
548	1232
569	1058
550	961
510	918
505	1023
516	1116
507	1027
570	1100
519	1082
571	1172
628	923
566	1044
510	999
537	997
518	1043
597	934
535	889
568	991
520	1048
520	817
466	1144
505	1046
526	1090
542	1028
564	1002
540	960
595	858
534	974
562	1107
564	1169
617	1006
568	1052
597	1065
568	965
586	954
662	985
535	1039
590	1135
517	915
576	935
558	951
617	894
618	970
638	1013
615	1103
596	913
620	1174
632	1146
594	1085
606	904
639	1010
612	991
600	1004
571	956
611	1079
599	1051
558	943
622	1034
607	1050
619	1016
619	1071
611	1270
642	1166
679	1097
620	1280
624	1253
607	1099
654	1157
591	1066
625	1094
633	1215
647	1282
684	1341
638	1186
602	1127
633	1119
645	1099
603	961
603	1082
619	1071
633	1076
598	944
650	932
609	1179
547	1479
641	1850
631	1915
677	1834
645	2014
626	2263
659	2220
618	2406
601	2070
531	1392
575	1110
588	1204
604	1307
634	1084
615	1102
660	1103
619	1172
616	1323
638	1467
614	1455
643	1693
581	2226
538	2384
601	2571
613	3322
632	3279
650	3488
655	3183
660	3517
646	3025
636	2581
576	2299
596	2380
605	2268
581	1934
562	1979
533	2570
634	2532
627	2637
617	2527
660	2218
602	1928
549	1915
573	1964
580	2382
529	1775
593	1626
534	1621
537	1748
597	1503
503	1457
537	1107
546	1239
481	1225
510	1346
513	1469
538	1347
555	1238
550	1193
491	1113
515	1001
483	960
535	1139
533	1085
498	1117
579	1224
538	1135
541	1499
563	1561
615	1403
581	1441
533	1456
541	1475
543	1253
478	1371
569	1455
575	1400
549	1172
479	1154
500	1053
504	1061
483	1051
475	966
493	886
486	1036
506	1045
533	1019
559	1026
524	1014
459	1141
473	1012
543	1240
484	1496
532	1662
459	1406
478	1282
514	1292
493	1187
524	1193
520	1389
520	1262
460	1015
526	982
477	952
553	965
495	1061
488	992
472	1046
420	1049
441	885
523	936
484	897
474	1118
495	1150
500	1091
508	1091
456	927
514	1021
505	1092
451	1213
550	1374
523	1021
592	1335
527	1159
503	1132
498	1177
547	1083
505	1198
550	1072
547	1024
544	1052
587	1150
507	997
538	1099
519	976
574	988
552	1007
495	1104
533	1078
540	903
568	974
490	997
517	1002
518	1059
493	1113
515	1053
472	946
461	990
480	996
474	1077
527	1233
553	1171
519	1292
517	1276
490	943
579	892
600	1021
547	1139
556	966
496	1080
523	1292
528	1175
545	1210
482	1116
475	993
527	1180
548	986
523	1015
607	1153
498	1283
478	1068
532	1004
500	1182
527	1191
521	1181
512	1032
480	1080
453	1117
422	916
521	970
498	1010
430	873
479	897
514	1125
515	1120
552	1039
501	1047
439	1139
449	1147
531	1057
552	1136
501	1255
496	1293
502	1197
509	1295
511	1187
514	1130
534	1110
539	1042
476	1045
508	1015
509	1045
495	1133
506	1110
554	1256
505	1038
559	977
519	1047
488	1205
468	1017
528	1113
529	967
566	1145
469	1107
535	1091
543	1152
528	1098
507	1171
504	1006
496	1233
539	1284
525	1332
531	1148
542	1072
581	1228
518	1186
524	1189
564	1209
560	1227
559	1320
548	1169
561	1101
544	1162
499	1212
477	1045
485	1013
528	1161
534	1141
455	1142
472	1142
506	1019
568	983
591	1077
516	1148
513	1232
546	1047
525	1033
587	1091
635	1098
580	1042
563	1274
548	1299
558	1237
610	1134
543	1151
577	1122
563	1214
656	1200
569	1267
567	1189
609	1127
642	1247
554	1113
567	1026
623	1099
687	1133
714	1179
641	1189
609	1022
674	1126
744	1427
728	1477
641	1207
695	1253
845	1506
923	1391
916	1351
929	1278
862	1354
850	1493
996	1345
1165	1461
1221	1469
1164	1512
1090	1461
1324	1440
1351	1590
1431	1543
1429	1718
1524	1907
1589	1831
1993	1866
2079	2093
2068	2082
2009	2040
2075	1854
2132	2496
2077	2572
2089	2683
1876	2357
1864	2154
1699	2086
1672	2051
1603	2158
1497	2132
1521	1997
1664	1998
1681	2033
1622	2278
1363	2091
1454	2343
1295	2567
1086	2985
1101	2866
994	2828
1170	2645
1133	1971
932	1597
921	1475
908	1443
957	1700
861	1811
798	2079
729	2054
699	2152
795	2459
897	4829
761	6051
655	3531
692	4501
739	6022
787	5970
681	5814
624	4590
629	3632
592	3319
614	3387
515	2365
558	1909
547	1570
515	1371
574	1305
576	1184
484	1168
492	1056
581	1093
507	1032
540	1105
479	1039
507	1119
448	1054
476	1081
471	1026
472	1042
490	1031
568	1136
503	1134
591	1201
461	1026
537	1073
529	1111
550	1325
551	1084
467	1149
488	1191
537	1046
497	1014
545	1106
571	1248
545	1302
611	1280
532	1204
545	1254
493	1211
550	1174
593	1035
573	1058
546	1167
497	1234
506	1087
605	1173
545	1313
508	1361
503	1182
590	1357
587	1364
632	1229
491	1132
544	1285
622	1116
619	1195
627	1341
645	1340
588	1387
671	1398
762	1592
928	1667
850	1791
820	1683
744	1627
817	1571
913	1573
882	1553
939	1496
918	1369
960	1410
1020	1545
1123	1668
1157	1585
1200	1598
1084	1617
1201	1726
1280	1891
1282	1814
1212	1897
1256	1867
1279	1772
1220	2092
1348	2039
1346	2067
1267	2558
1247	2584
1185	2556
1237	2611
1294	2415
1377	2380
1320	2639
1092	2348
994	2013
1040	2256
1001	2444
966	2470
818	2647
840	2925
780	3331
830	3067
890	3278
715	3138
771	2837
791	3256
763	2977
816	3708
809	3613
707	3539
668	3538
658	2973
772	3467
664	3477
653	3344
693	2763
629	2302
595	2672
563	1853
572	1886
551	1792
591	2117
616	2653
591	3260
637	3383
634	3854
699	4858
741	4406
670	3552
622	2840
590	2915
593	2830
616	2778
549	2558
593	2338
510	2390
507	2234
584	2313
589	2790
585	2744
553	2497
582	2503
598	2932
626	2871
587	2388
500	1986
561	1545
540	1224
486	1424
534	1618
497	1375
541	1253
557	1635
514	1673
535	1652
558	1472
521	1569
569	1502
515	1410
529	1382
503	1322
578	1518
529	1687
522	1691
481	1583
541	1376
533	1448
535	1668
544	1603
547	1636
525	1339
464	1185
487	1380
470	1401
450	1282
495	1157
473	1208
515	1144
493	1348
488	1259
479	1073
559	1233
529	1148
520	1276
532	1377
562	1319
500	1365
515	1349
578	1469
597	1629
546	1318
592	1094
559	1193
536	1141
597	1798
670	1831
599	1233
614	1236
664	1881
693	3412
647	2390
598	1579
559	1594
556	1131
550	1086
547	1289
516	1170
591	1280
570	1174
607	1103
527	1031
581	1159
555	1168
558	1263
554	1079
527	1073
511	1117
508	1169
573	1173
555	1172
587	1090
588	1119
604	1060
540	1191
490	1146
521	1126
528	1259
525	1023
552	1180
573	1052
566	1102
545	1058
521	1096
503	1048
522	1134
615	1109
631	1367
628	1440
639	1258
646	1137
646	1243
640	1234
639	1225
654	1194
639	1185
564	1127
575	1200
616	1345
682	1442
661	1624
747	1848
638	1197
670	1314
624	1299
596	1269
590	1255
625	1305
571	1314
593	1194
577	1078
598	1034
677	1143
644	1234
599	1115
654	1075
567	1058
637	1089
602	1140
621	1045
525	1201
610	1160
579	1025
573	1130
606	1115
573	1028
589	977
556	1054
580	953
594	1128
599	1128
541	1024
546	1059
561	961
618	983
634	1064
635	998
571	996
592	969
560	1035
584	1129
460	1173
500	1118
550	1183
489	1180
573	1074
583	1165
593	1082
573	1070
537	880
527	1010
428	1040
506	1194
491	966
550	1093
528	1109
507	976
496	966
476	839
479	982
556	924
469	820
509	1030
543	941
521	1019
523	1214
582	1157
538	972
515	879
543	993
512	1111
529	973
575	1067
513	1027
485	1024
550	1209
491	1061
542	1088
509	1164
561	1136
545	1018
508	1120
598	1021
601	994
514	1196
516	964
505	932
579	883
516	822
561	1172
491	1000
582	1141
481	1243
553	1321
516	1266
571	1208
594	1096
548	1020
569	1046
604	1105
661	1085
648	1213
540	1205
523	1219
584	1046
666	1094
532	956
567	1071
534	1084
622	1011
591	1115
660	1307
659	1200
690	1102
694	1185
732	900
713	1078
721	1071
795	1054
768	1097
900	1231
1130	1169
1090	1029
980	980
1097	1122
1013	1118
1125	1148
1174	1140
1197	1124
1197	1044
1051	1244
977	1117
842	1100
819	1113
785	1079
731	1068
584	1157
569	1174
568	1012
574	914
673	1162
670	1261
584	1321
614	1430
496	1397
563	1267
563	1546
496	1291
538	1197
591	1142
583	1093
528	1084
500	1226
475	1195
522	1235
521	1574
554	1658
534	1602
501	1532
470	1597
527	1634
458	1570
575	2727
587	2970
563	2883
672	5916
818	7223
820	6531
724	3589
856	5178
842	6686
699	4488
733	3479
682	1513
708	1320
631	1585
570	1537
593	1463
720	1587
851	1549
833	1570
751	1609
917	1438
1032	1417
1110	1197
1040	1111
999	1204
998	1228
971	1272
982	1135
980	1156
954	1231
1063	1195
1119	1236
1394	1319
1560	1165
1685	1195
1811	1362
1802	1379
1587	1444
1526	1382
1528	1329
1627	1486
1435	1535
1231	1417
1075	1245
1055	1390
1066	1299
907	1272
947	1140
833	1282
867	1282
889	1339
983	1419
925	1205
814	1431
721	1340
722	1325
810	1483
749	1787
647	1818
608	1475
610	1464
623	1368
548	1236
508	1221
591	1219
513	1268
625	1208
568	1334
562	1270
567	1413
557	1386
479	1454
475	1348
521	1424
539	1340
439	1481
490	1759
456	1761
493	1549
546	1655
572	1371
540	1263
529	1422
475	1327
532	1249
514	1374
523	1365
546	1217
490	1254
512	1211
569	1312
594	1334
573	1370
495	1430
578	1405
548	1344
488	1514
585	1996
597	2374
575	2270
508	2337
591	2335
634	1720
482	1365
458	1314
547	1244
524	1310
539	1327
482	1396
512	1346
498	1209
561	1317
552	1454
510	1632
522	1571
528	1381
465	1319
507	1327
523	1332
510	1153
526	1168
610	2226
515	2894
540	2247
626	4598
631	2160
610	1625
678	1589
602	1477
611	1353
668	1364
615	1463
595	1549
592	1468
604	1528
529	1392
543	1194
488	1192
502	1028
501	1116
569	1217
511	1205
540	1192
557	1251
544	1082
514	1480
555	1241
614	1263
669	1422
630	1290
685	1224
695	1301
622	1168
635	1106
624	1225
607	1088
583	1086
599	1089
592	1136
608	1160
456	1087
495	1178
497	1044
512	1048
527	879
531	877
479	1047
494	1013
528	1138
531	1016
546	1234
553	1182
572	1237
529	1147
506	1370
559	1235
591	1185
562	1191
606	1018
596	1038
563	1324
582	1141
556	1095
600	1020
588	972
518	933
485	1077
542	1156
561	1031
539	1289
493	1166
510	1118
495	1213
514	1160
486	1241
491	1187
530	1043
564	1046
524	1239
470	1220
458	995
489	1010
496	1005
577	988
645	1056
522	971
595	894
545	1168
631	1111
584	1076
566	1062
606	1044
659	993
530	1072
569	1080
511	1160
549	1090
602	934
571	948
589	1010
535	907
549	859
468	954
466	983
476	1020
528	888
590	972
572	953
521	1115
524	1249
522	1221
491	1132
520	1339
411	1166
487	1304
484	1202
533	1068
618	1138
528	1064
531	1022
516	1011
510	1112
583	1245
518	1192
554	1344
519	1461
539	1195
547	1210
542	1143
531	1162
509	1079
554	1126
499	1180
508	1228
488	1142
490	1019
516	1076
513	907
561	999
540	1097
493	1127
559	1114
466	898
509	945
531	956
492	1106
602	1108
574	1133
578	1072
482	1167
574	1051
507	1046
508	1172
436	1052
503	1033
448	1118
525	931
469	967
481	1051
480	1092
472	1099
470	1100
472	1097
490	1022
510	1004
452	1078
463	1204
535	1105
543	1148
504	1035
535	983
559	1124
566	1075
550	1139
602	1041
528	934
531	931
586	888
481	996
518	902
492	874
488	1191
554	1093
547	1033
570	1108
629	1058
570	1192
553	1116
594	1064
555	1119
600	958
531	953
477	1083
546	1158
552	1289
525	1594
548	1491
505	1084
538	1016
566	970
613	1105
593	1188
641	1151
625	994
564	1003
537	1107
493	1041
580	1044
578	1239
577	1088
628	1184
554	1107
602	1039
602	940
591	1045
672	1155
705	1206
659	1239
623	1194
696	1029
660	1194
807	1119
683	1124
616	874
602	982
618	987
642	1037
605	1107
708	1112
586	933
631	977
597	1058
610	962
536	894
650	912
609	930
605	961
611	867
629	913
615	955
607	964
697	975
696	1154
642	1027
634	945
609	969
689	949
768	899
882	954
797	1113
927	1208
1009	1097
953	1120
998	1077
902	1033
874	1062
970	1021
1065	1024
1149	1304
1084	1064
1258	964
1292	986
1311	980
1266	985
1258	1151
1228	1298
1136	1065
1137	1071
892	882
919	1063
917	995
889	1054
814	986
868	906
900	986
866	1055
841	986
938	1021
888	1005
783	1026
825	988
850	955
871	915
791	949
752	1010
761	962
706	910
696	1035
665	942
625	1093
614	1051
687	1110
706	1074
730	980
785	1032
771	1061
798	1032
804	1000
773	961
786	993
802	1064
769	1039
778	998
712	904
727	1060
719	963
738	989
734	1027
712	881
614	923
607	960
601	860
608	1052
605	931
660	1065
615	970
582	1153
603	1115
600	1094
624	1097
623	1047
675	1126
650	1022
649	1076
668	1013
655	1145
752	1117
731	1045
722	1023
797	1143
874	1216
867	1314
845	1171
884	1150
1002	1027
1035	1090
1062	1177
1023	1057
988	1069
951	1079
995	907
934	974
959	1102
979	1024
1054	1134
1064	1128
1051	1036
1191	936
1313	1016
1333	1148
1285	1140
1435	1197
1492	1162
1708	1129
1741	1117
1588	1376
1414	1314
1244	1122
1087	1168
915	1079
865	955
852	1055
866	1293
841	1115
831	1164
799	1257
919	1069
904	1139
949	1186
931	1143
905	1013
911	960
907	1097
909	1199
902	1060
820	1082
770	1186
765	1207
704	1213
756	998
771	1049
742	995
703	1104
733	1237
666	1171
730	1049
771	1052
621	1044
603	1025
625	1048
611	933
504	1015
575	915
581	934
542	895
621	1036
538	985
560	1047
510	1031
518	1013
603	997
546	1006
555	1111
584	1187
495	1125
487	1143
495	1015
481	1015
454	1005
524	987
530	1047
493	955
481	1176
463	1162
515	1189
524	1170
452	976
485	856
428	997
489	1180
525	1099
485	1040
434	1009
495	975
432	1125
471	1038
511	1094
523	986
506	968
559	966
533	1187
533	1250
532	1081
507	1164
492	1131
536	1062
518	1151
493	1118
522	975
475	1099
453	1166
505	1072
498	1083
512	1204
449	1173
490	1144
469	990
513	1110
447	1153
498	927
571	932
552	1112
557	1030
513	1077
489	1039
516	1079
563	982
525	1055
514	1058
509	1055
540	919
539	957
514	813
585	804
478	909
549	978
558	1200
494	1207
545	1140
508	993
519	1153
506	1065
535	1042
498	1070
476	849
472	1040
496	891
512	991
527	1022
547	1115
532	1401
517	1609
547	1399
521	1390
551	1036
533	1278
586	1236
553	1324
523	1421
588	1441
566	1648
592	2055
601	2311
518	2274
566	2434
589	2764
508	2454
544	2348
587	1882
518	1768
527	1402
517	1515
511	1229
510	1334
515	1316
590	1700
506	1611
540	2073
564	2161
525	2308
483	2260
561	2446
519	2092
530	1992
511	1916
497	2293
457	2623
504	2126
489	2018
557	1734
512	1704
525	1821
508	1528
544	1653
553	1606
602	1568
555	1642
534	1298
523	1124
528	1148
506	1108
564	1044
517	1116
525	1058
578	1081
524	934
538	1109
541	1190
517	1025
486	1142
507	1039
557	1098
559	1015
534	1058
485	1217
469	1350
512	1396
480	1377
453	1273
524	1209
502	1090
496	1049
500	974
476	1086
517	1082
482	1258
493	1239
509	1694
549	1654
519	1869
558	2182
500	1796
457	1600
468	1388
517	1810
513	1703
525	2318
562	2615
537	2797
601	2003
560	2127
562	1745
594	1604
548	1766
546	1311
555	1217
535	1176
538	1428
515	1677
588	1562
519	1270
485	1345
537	1945
551	2035
556	2071
573	2197
584	2659
595	3180
607	3041
568	2706
496	1283
469	1094
483	1194
458	1129
518	1108
496	1073
501	981
500	984
507	1062
495	957
505	1000
482	1218
525	1185
494	1130
489	1111
519	999
503	1074
468	1055
506	953
508	901
489	997
513	1209
491	1117
549	1272
504	1265
507	1207
514	986
505	1177
543	1031
567	1196
579	1112
489	1086
508	1010
515	944
527	1042
603	1040
542	1152
520	1123
519	1070
475	1208
565	1083
521	1093
506	1020
458	1242
448	1369
532	1292
496	1290
492	1282
480	1171
484	1234
544	1239
517	1137
452	1260
531	971
535	1021
492	1126
488	1119
487	1085
553	1094
540	1204
546	1187
471	1283
482	1229
457	1219
549	1197
456	1364
484	1271
507	1408
572	1391
489	1388
508	1378
516	1328
549	1276
568	1367
558	1330
528	2346
540	1780
646	3025
483	2196
513	1516
545	1346
538	1375
567	1513
578	1449
478	1537
533	1534
527	1600
547	1610
508	1545
509	1679
531	1772
546	2208
503	1925
515	1983
526	2200
503	2052
465	2031
495	1956
564	1881
497	1835
561	1992
483	1633
489	1832
546	1829
501	1802
559	1533
525	1603
518	1311
515	1444
517	1923
610	1960
485	1711
567	1940
538	1831
629	1914
494	1939
520	1736
610	1561
573	1643
562	1612
529	1344
628	1254
577	1008
640	1126
562	1398
555	1104
598	1082
640	1254
584	1115
612	1107
619	1147
651	1152
672	1105
728	1184
718	1130
687	998
680	1089
711	1089
670	1017
724	1014
769	2002
775	1215
768	976
851	977
989	1045
1114	1182
1229	1278
1264	1026
1297	1012
1082	1132
1187	1077
1122	958
1017	1037
692	1006
676	1014
729	994
733	1119
803	1071
824	1145
896	947
912	970
967	1191
961	1121
984	1096
1152	1090
970	1120
884	1013
895	982
925	1089
965	1244
991	1062
945	1096
1010	1020
1053	858
1108	987
1069	940
1268	1009
1239	1027
1206	1150
1125	1026
1050	1018
1007	1031
878	1003
713	1124
615	1217
626	1054
644	957
590	1187
609	1145
556	1100
614	1108
567	1166
638	1035
587	1097
664	1208
666	1139
516	1011
562	1053
563	1070
608	1182
630	1184
630	1056
602	1026
616	895
656	1027
674	1011
641	1049
639	1394
657	1214
659	1187
640	1257
637	1214
649	1214
697	1122
576	1014
587	1172
640	1214
614	1091
639	1005
614	990
612	1078
651	1021
597	1059
652	1035
572	1116
670	957
638	1033
635	1128
648	1112
639	1037
605	954
651	960
632	1045
618	1016
602	988
583	955
549	887
607	913
582	1016
626	983
565	1046
597	1003
553	990
579	1044
595	945
570	867
612	952
530	986
595	939
581	976
577	886
639	963
621	941
587	937
554	944
590	970
605	1125
617	978
581	963
641	1119
564	1056
579	1139
574	1023
598	1093
644	1260
591	1171
670	1203
652	1157
675	1233
682	1715
612	1451
579	1044
644	965
602	987
562	914
677	1054
654	1107
592	1139
574	1101
525	927
623	1135
559	1084
557	1809
602	1459
628	1594
571	1116
568	999
582	957
541	1190
512	1024
544	1065
530	1021
541	1052
531	1111
518	1076
546	955
545	875
552	911
564	931
546	1025
491	966
554	986
513	915
543	1107
521	987
563	1037
545	972
505	1018
553	1111
598	1172
580	934
521	858
496	828
592	930
484	927
610	978
540	886
555	792
532	973
637	1001
550	959
540	957
481	999
487	936
520	984
542	1116
601	1026
549	961
606	1027
646	1017
566	1057
554	984
552	1147
593	1109
594	1176
558	1002
645	1074
595	1036
632	1080
565	960
566	908
590	850
607	1063
584	1132
564	1099
618	1156
511	1093
528	1101
550	1037
576	1048
581	1048
607	1059
581	1199
504	1205
583	1137
574	1273
580	1187
585	1079
554	1184
613	970
615	1045
619	1029
639	1134
630	1027
664	1009
590	989
558	913
665	1012
636	920
638	1146
672	1045
618	1024
653	956
649	938
638	954
682	996
690	820
708	948
863	1041
851	1025
869	1056
863	1059
870	1108
909	1168
1017	1102
892	1049
917	1067
968	1193
1067	1017
1150	1062
1159	1278
1155	1006
1244	1136
1337	1290
1411	1613
1457	1682
1435	1558
1264	1634
1381	1598
1367	1668
1199	1634
1118	1450
1141	1521
1254	1565
1226	1528
1265	1817
1322	1867
1362	1700
1298	1361
1459	1274
1586	1369
1581	1310
1707	1434
1788	1450
1945	1504
1958	1412
1918	1354
1910	1537
1811	1426
1845	1444
1711	1668
1701	1455
1766	1358
1716	1313
1736	1177
1764	1335
1845	1249
1914	1117
1880	1027
2065	994
2280	1145
2221	1181
2459	1038
2476	1033
2442	1106
2347	1000
2172	1172
2072	1229
1877	1149
1793	1357
1543	1110
1663	1284
1640	1097
1691	1183
1849	1160
1895	1103
2134	1190
2400	1175
2664	1334
2904	1200
2827	1230
2945	1091
2780	1071
2968	1122
2961	1120
2771	1168
2380	1133
2177	1159
2192	1116
2048	1130
1940	1247
1799	1143
1730	1086
1725	1214
1742	1272
1777	1151
1805	1251
1789	1182
1873	1286
1937	1263
1976	1268
2010	1405
1946	1071
1948	1056
1941	1155
1987	1297
1774	1132
1675	1327
1695	1435
1567	1268
1544	1225
1514	1288
1390	1110
1389	1179
1446	1108
1433	1054
1398	1064
1368	1067
1379	1071
1395	902
1420	912
1436	985
1395	1004
1118	970
1131	1100
1124	1000
1107	1121
1038	1056
1033	967
1053	887
1113	1166
1254	992
1248	1092
1047	981
1078	970
1047	838
1018	987
989	974
970	979
913	1004
772	1188
878	988
683	1040
659	909
712	923
732	841
710	1004
801	1052
831	1001
705	1021
740	1001
777	1037
787	1012
727	1083
730	1004
716	953
716	995
741	1045
652	958
684	1025
755	966
682	982
649	1037
701	1046
669	1021
697	1274
658	1087
561	1209
673	966
711	997
647	1319
693	1338
678	1152
602	1118
649	1021
611	930
608	1121
680	1001
656	967
617	1018
580	1032
597	1015
583	979
615	1036
599	985
553	1019
513	870
559	1139
529	928
551	1124
611	1300
574	1121
527	1211
569	1244
532	1272
521	1149
518	1214
579	1321
521	1277
502	1237
546	1035
474	1191
487	1039
510	1090
570	1122
469	1022
429	1011
496	1010
475	1129
509	1041
502	1106
512	1044
483	1010
541	1022
543	893
545	985
483	900
476	824
476	1024
496	809
425	835
491	924
434	1022
523	1062
484	1032
497	904
496	999
470	1061
489	1008
489	778
481	935
478	986
499	1164
481	1072
440	1037
462	1036
503	959
502	901
470	1029
504	943
509	887
469	842
470	919
453	964
506	863
522	884
471	1000
464	832
500	992
518	1020
466	1012
478	938
488	938
487	1084
483	1501
524	2195
565	2422
581	2234
530	1606
516	1516
548	2738
550	2854
475	2974
537	1384
566	1086
563	1089
563	1502
538	1124
505	928
526	1036
566	1050
588	1135
581	1024
590	1076
588	1008
640	1037
602	974
682	1028
665	987
771	963
768	853
800	869
798	813
889	856
966	962
971	978
1036	1031
777	1128
765	906
869	1027
964	1148
964	959
760	1021
710	1056
788	933
1050	852
1218	970
1155	1095
1201	1185
1387	1007
1541	1088
1639	1103
1783	1264
1759	1055
1720	1064
1730	979
1741	1185
1659	1178
1692	1191
1638	1249
1764	1230
1700	1284
1528	1219
1563	1239
1550	1061
1375	1037
1236	1150
1350	1125
1223	1236
1375	1241
1303	1093
1210	1120
1086	1128
1141	1106
1054	1051
969	1011
855	1061
777	1123
702	1186
730	994
773	1202
696	1163
671	1135
627	1198
602	1073
672	1073
665	1118
730	1173
716	1082
769	1086
700	1216
817	1075
720	1029
802	982
746	1090
819	1000
792	1118
804	1066
872	979
777	974
867	1068
847	1055
835	1066
661	1097
625	913
677	1059
578	1182
569	1147
520	1257
506	1369
568	1391
583	1523
547	1809
528	1856
535	1762
508	1417
482	1307
510	1478
515	1902
535	2034
455	2065
526	2006
548	3901
554	4511
488	5162
538	5929
505	5792
546	6405
570	7146
527	6686
519	5566
522	4287
606	5631
597	7309
578	8320
574	7019
509	4935
507	3385
473	2686
488	2708
470	2395
426	1476
441	1465
422	1271
380	1203
430	1181
428	1376
422	1251
428	1307
426	1450
437	1561
419	1443
448	2436
492	2597
410	2236
417	1961
458	1881
506	1433
480	1239
392	1114
527	1216
469	1237
472	1194
480	1154
483	1184
486	1401
448	1388
467	1212
467	1181
508	1216
494	959
465	1055
571	1168
468	1070
469	1095
508	923
468	1061
492	1088
464	1053
467	1025
511	1056
495	1300
521	1168
498	1225
452	1070
523	1086
481	1064
517	1113
485	1088
459	1086
468	1107
480	990
436	1036
487	1117
483	1092
495	1053
464	1067
484	1312
527	1050
504	1136
504	1252
501	1243
490	1238
526	1398
490	1229
519	1220
521	1243
534	1329
493	1403
521	1305
417	1241
451	1213
433	1092
428	1196
482	1101
451	931
434	998
370	894
425	1032
433	1109
458	1063
431	1079
369	1261
458	1311
474	1206
408	1134
485	984
450	1059
460	1026
439	1030
468	804
452	835
437	804
435	996
406	1069
449	1024
433	1208
430	1096
421	1262
482	1408
392	1431
426	1540
511	1147
435	1264
430	1180
454	1184
447	1075
491	985
483	873
460	1076
438	1204
447	948
474	1149
487	1344
421	1271
439	1049
456	1130
382	1079
400	1221
496	1148
458	1170
472	1242
426	1201
396	1100
430	1151
484	1191
522	1119
412	1340
431	1575
420	1146
423	1211
418	1048
457	1147
454	1055
467	985
376	1073
483	1076
451	1125
449	972
384	860
466	928
434	1220
476	1082
485	1109
458	1250
482	1595
468	1236
463	1146
440	1018
387	1022
447	1088
430	1130
449	1254
415	1136
469	1130
451	1209
483	1075
474	1120
460	1082
460	1038
434	1022
396	908
445	1024
459	985
477	1101
442	1139
483	1001
469	1191
487	1176
433	1200
468	1067
493	1091
505	1069
483	954
454	889
462	890
438	955
530	1008
500	1028
492	927
510	876
496	930
418	883
472	879
514	860
504	929
480	891
461	957
490	979
472	979
460	953
493	959
492	904
509	1080
468	1017
454	936
454	875
516	919
541	861
536	1012
509	918
523	1010
606	895
565	912
602	962
539	874
588	931
612	1007
586	1006
593	988
573	1038
567	1117
546	1008
568	978
587	1070
572	955
535	963
597	1097
599	1107
589	1080
559	908
512	944
583	822
590	931
618	1066
644	973
617	973
628	1043
649	981
697	1039
719	1141
664	889
682	998
708	1189
710	1119
672	1082
684	1074
670	1210
665	1107
684	977
640	914
655	968
718	1139
702	966
751	910
816	1019
873	1089
805	977
828	1023
905	1099
931	1062
969	1063
985	1058
989	1015
887	910
876	989
749	1058
794	998
756	980
735	904
758	913
759	938
746	862
833	1017
798	1064
876	1188
869	1050
945	963
1052	1071
1103	1086
1182	1017
1270	987
1292	927
1177	873
1076	888
1071	873
978	927
849	1052
893	1028
770	947
845	1006
823	1002
852	964
760	990
856	913
881	974
961	1041
1089	1088
1241	1146
1270	1124
1289	1017
1338	1069
1307	1076
1353	1117
1290	1068
1232	1201
1169	941
1071	1063
985	1093
990	993
984	1022
1039	1314
1089	1411
1121	1269
1126	1161
1187	1252
1218	1185
1347	1086
1411	1360
1383	1423
1428	1265
1509	1296
1469	1298
1441	1260
1332	1346
1217	1139
1254	1199
1149	1161
1150	1164
1041	1294
1040	1259
975	1207
978	1230
986	1394
1048	1353
1059	1165
1184	1266
1297	1420
1302	1390
1404	1459
1458	1563
1371	1511
1506	1409
1277	1139
1283	1111
1173	1286
1103	1459
1005	1286
914	1274
893	1189
848	1124
936	1210
869	1355
802	1147
900	1030
938	968
1023	990
1065	1035
1253	1023
1248	1143
1269	1096
1246	1077
1365	1117
1235	1125
1212	1098
1192	1047
1041	1082
1030	1239
975	1027
897	1161
867	1078
815	1174
782	1130
799	1019
804	930
869	953
911	931
902	901
1076	963
1287	868
1352	1039
1421	920
1313	1002
1377	1041
1174	913
1330	1014
1166	850
1092	896
1012	972
927	970
925	991
933	973
865	909
953	932
913	849
986	992
931	940
1042	999
1058	1074
1133	1142
1104	993
1170	1093
1174	1085
1165	1084
1212	1058
1137	1009
1060	1131
1033	1115
983	1149
990	1122
970	1396
898	1480
848	1556
874	1239
881	1196
854	1266
833	1205
966	1149
977	1044
1040	1273
1030	1295
1011	1265
983	1157
1055	1173
1012	1242
1004	953
953	1033
909	1188
870	1069
908	1126
856	1175
954	1287
798	1265
823	1208
849	1212
835	1100
837	1060
892	1204
863	1189
895	1049
925	1119
1002	1224
948	1196
921	1089
915	1156
1010	1032
906	1177
889	1226
879	1168
833	1149
797	1136
815	1024
794	1003
748	939
701	1088
731	1063
692	986
771	1007
841	1146
813	1034
822	1090
733	1151
808	1032
762	1082
745	998
719	1041
740	1031
700	1115
709	898
648	983
753	993
730	1015
739	821
706	1016
596	957
679	1479
684	1380
610	1463
631	1239
669	1006
593	906
695	966
669	1022
637	1382
728	1107
685	1005
663	1026
736	1195
686	1213
686	1112
689	1209
655	1218
632	1093
619	1171
577	1172
590	1051
613	1036
595	1160
664	1436
692	1840
639	1735
701	2172
727	2006
662	1393
784	1288
751	1260
717	1302
644	1000
681	1263
688	1528
651	1181
640	1361
655	1143
687	1325
686	1467
675	1220
677	1396
621	1337
693	991
659	1044
679	1023
633	1083
600	1073
704	1173
701	1065
702	1099
718	1161
672	997
692	1073
628	986
613	936
608	946
537	1058
572	1140
635	1068
592	854
554	955
549	987
574	1101
623	1146
609	1061
661	1013
676	893
631	1028
688	1252
634	1070
697	1042
718	1055
623	988
700	1179
613	1117
623	999
657	1072
747	1028
747	1254
776	1085
748	1023
840	955
892	1049
833	974
762	945
805	1060
936	1104
974	1020
865	1088
894	1138
926	1104
863	975
919	997
969	1056
946	1018
989	1016
1084	1082
1088	1020
1069	1042
985	1203
1041	1093
963	1264
973	1079
974	1055
874	1165
897	1067
895	1075
927	1011
923	1103
906	1072
849	1194
880	1228
881	1158
935	1307
1024	1237
998	1119
1075	1162
1039	1217
1107	1173
1086	1191
1128	1184
1023	1243
966	1293
927	1133
881	1215
860	1179
920	1175
905	1095
877	1084
819	1020
849	1190
934	1074
924	1083
857	1128
791	1143
821	1117
765	1195
873	1299
769	1175
712	1163
764	1134
679	1191
670	1189
678	1300
572	1369
615	1227
625	1134
647	1272
627	1372
562	1371
587	1634
662	1787
604	1383
616	1301
613	2064
613	1508
687	4441
893	8896
905	9302
1170	14247
875	10942
1037	11505
891	10844
794	8233
557	1678
554	1273
539	1129
562	1130
523	1096
558	1024
565	1077
547	917
526	1068
486	994
605	976
528	942
507	977
531	1026
547	939
514	1080
565	1056
567	1094
585	1186
513	1063
627	1161
489	1054
604	984
535	903
533	1008
499	1133
530	1108
541	1198
569	1025
492	1161
506	1175
534	1052
467	1093
476	1093
512	1017
499	1208
495	1093
536	1053
493	1011
521	1162
533	1153
525	1234
478	1132
449	1138
472	1107
513	1028
496	1091
442	1022
507	919
473	1056
521	1086
529	1172
481	1298
505	1117
483	1111
511	1170
514	1219
520	1105
511	1119
521	1116
509	1323
506	1192
499	1114
525	1028
577	1097
576	1211
547	1099
546	1151
591	1190
609	1092
654	1202
620	1163
550	941
527	1110
545	1119
514	1134
590	1074
532	1177
550	1016
521	1018
549	1077
529	1180
537	978
615	951
567	1184
524	1281
552	1237
563	1140
560	1582
565	1154
527	1022
557	1074
504	1112
528	1017
538	1037
551	952
551	1008
540	1017
551	906
531	815
573	947
587	1068
636	1065
643	997
606	1020
569	1037
556	1097
560	1422
614	2724
555	1579
578	1035
564	1085
577	996
592	996
542	1017
566	1065
519	902
519	934
481	998
555	1082
555	901
553	841
549	938
582	970
530	1044
520	1083
574	996
588	1064
556	1239
523	1248
486	1315
541	1516
563	2407
509	1567
520	1410
514	2076
553	1670
525	1045
543	2067
689	6672
816	10407
961	11141
754	5829
736	5575
655	4197
743	3678
680	2952
647	1874
640	1883
757	5165
651	1928
693	1610
702	1384
763	1489
771	1439
718	1203
734	1198
727	1100
672	1088
648	1321
613	1237
641	1349
694	1304
596	1242
654	1460
601	1485
585	1586
644	1521
680	1347
702	1272
675	1114
618	1152
610	1096
678	1095
701	1309
764	1290
707	1135
706	1126
713	1138
633	1024
679	955
663	1111
697	1227
639	1077
587	1212
583	1138
598	1084
633	1033
605	995
636	1124
625	853
671	1042
597	1127
612	932
685	985
702	905
739	944
697	1041
678	1213
659	1085
631	1118
638	1097
609	1021
579	1077
585	1088
659	908
590	1019
656	1025
604	968
572	1028
604	1149
582	1288
575	1345
639	1706
607	1413
556	1361
658	1090
625	972
614	1138
624	1066
588	987
615	870
580	971
571	988
537	1131
569	1164
573	1117
559	1173
578	1146
605	911
614	1083
575	1068
627	1345
663	2076
652	1798
631	1253
585	1258
601	1167
533	1198
576	1110
552	1266
652	1207
584	971
561	963
491	1091
501	1115
515	1081
542	1097
586	1274
604	1314
539	1534
652	2051
547	1261
571	1350
619	1505
615	1546
638	1315
622	1120
531	1094
574	932
514	1232
562	2419
577	2368
567	2185
508	2070
547	2010
629	1348
576	1057
561	1148
446	1043
568	1084
530	929
551	1035
545	1204
554	1228
586	1193
581	1110
567	990
583	1026
575	923
542	935
519	926
531	928
493	960
483	950
557	850
545	886
538	828
519	792
526	948
486	1041
500	864
544	1011
583	987
560	1211
576	961
554	841
587	867
592	1061
566	1276
534	1077
547	959
569	917
512	888
529	864
477	843
534	1033
575	946
523	1098
575	1180
508	1189
550	1116
507	1028
488	850
466	966
466	937
439	852
537	886
451	1024
442	998
462	908
500	1047
467	961
460	1010
452	965
464	1197
514	1059
491	1014
495	1055
488	1106
423	1160
473	1125
507	1046
480	1055
469	1095
470	994
488	900
492	1053
510	1051
478	1065
527	1064
451	1038
448	1168
515	1007
466	1002
480	1056
469	882
440	901
400	980
485	976
455	1000
452	1194
480	1194
429	1193
465	1280
494	1306
458	1442
444	1269
454	1292
410	1314
445	1336
488	1368
475	1431
424	1453
499	1797
560	1641
525	1605
495	1566
513	1946
504	1764
463	1194
478	1217
479	1548
515	1267
465	1108
475	1314
466	1296
478	1104
519	1080
524	1153
492	1123
406	1056
481	1064
495	955
550	948
540	955
580	1015
532	1023
573	1111
587	908
546	914
564	954
646	1033
629	980
620	875
644	1035
560	1126
521	1083
581	1102
640	1092
647	956
662	1273
651	981
633	1079
793	1136
867	1101
960	1000
1082	1051
1256	1171
1398	1208
1579	1203
1570	1062
1429	1128
1419	1183
1446	1097
1468	1254
1230	1155
1011	1189
1087	1368
1729	1418
2959	2056
3197	2165
2218	1740
2271	1658
2713	1937
3280	1962
3162	1872
2967	1458
3026	1392
3504	1605
3795	1501
3854	1564
3941	1580
4070	1614
4682	1828
5181	2040
5233	2042
4751	2517
4096	3282
3806	2830
3637	2420
3926	2235
3785	2210
3864	2032
4438	2170
5143	2477
5844	2859
6042	2611
5940	2524
5760	2093
5982	1732
5549	1846
5595	1874
5608	1993
5845	2208
5871	2198
5295	2197
4345	1914
4136	1861
3667	1713
3250	1785
2695	1187
2646	1223
2649	1261
2561	1374
2911	1384
2631	1391
2238	1352
2442	1453
2604	1607
3115	1709
2917	1484
2499	1423
2642	1392
2453	1369
1821	1136
1387	1024
1094	1199
975	1076
991	1148
908	1099
817	1189
697	1171
639	1174
667	1188
691	1169
628	1237
601	1086
601	1145
633	1040
733	949
714	1186
681	970
613	1045
644	1210
625	1283
612	1081
555	1194
567	1264
549	1314
566	1450
476	1298
451	1366
487	1264
499	1152
559	1103
484	1178
585	1133
573	1079
552	1444
647	1434
624	1289
583	1333
600	1275
636	1226
577	1295
580	1231
546	1077
583	1267
514	1388
489	1254
516	1166
518	1256
524	1174
574	1198
561	1305
550	1407
544	1469
587	1509
571	1438
595	1437
617	1502
528	1327
563	1258
548	1228
553	1361
575	1396
550	1428
583	1453
604	2543
576	2930
638	3119
567	3014
632	3155
683	3059
658	1914
574	1515
545	1604
532	1527
657	1472
585	1255
631	1063
552	1013
563	1297
628	1095
629	1110
677	1165
657	1383
690	1357
658	1464
730	1463
616	1997
723	2704
757	2752
717	3002
785	2553
682	1720
720	1561
644	1372
703	1398
677	1238
783	1494
737	1497
836	1561
790	1573
782	1511
837	1390
839	1331
884	1503
754	1591
872	1741
779	1822
813	2042
902	1958
784	2120
829	2161
911	2177
943	1916
917	1698
937	1679
952	1551
994	1519
992	1491
1002	1335
1061	1251
967	1358
953	1243
900	1377
948	1153
847	1333
851	1647
878	2358
908	2200
842	1715
818	1553
775	1521
832	1450
792	1835
851	2118
906	2074
956	1414
875	1201
908	1258
936	1194
909	1258
944	1314
990	1251
911	1269
866	1496
876	1757
850	1972
804	1861
765	1264
716	1103
739	1171
676	1155
691	1238
699	1179
684	1342
719	1431
772	1516
758	1661
794	1615
735	1563
698	1567
683	1369
762	1472
632	1367
652	1128
617	1128
652	1093
627	1284
638	1035
652	1233
657	1082
637	921
581	1074
651	959
612	1074
607	1112
644	1143
635	1159
562	1376
633	1234
606	1182
573	1159
638	1152
650	1111
610	1208
590	1019
671	1008
626	1029
643	1159
640	1215
581	973
602	969
660	986
579	938
571	1054
589	1069
571	1053
598	1039
616	1089
567	1106
607	1069
588	1149
593	1106
544	1139
590	1091
554	929
546	1094
612	1324
634	1100
620	1253
620	1327
566	1180
591	1094
576	995
548	1081
570	1162
593	1117
568	1170
504	1189
539	1182
611	1193
551	1095
588	1447
653	2263
627	2105
586	1528
628	1441
716	1473
609	1591
662	1482
616	1429
587	1252
597	1169
587	1174
608	1324
601	1371
584	1425
685	1492
567	1322
595	1195
583	1479
496	1619
555	1472
505	1295
528	1310
536	1269
589	1152
554	1240
579	1494
615	1488
593	1263
577	1398
628	1320
577	1329
654	1453
692	1428
651	1719
589	1695
602	1788
635	5788
764	8103
895	7526
617	2720
1032	10262
1041	11752
765	5512
735	5172
720	3548
667	2421
611	1508
628	1462
620	1147
594	1629
605	1758
722	1728
789	2167
791	2255
716	2185
758	1173
695	985
764	1196
777	1202
737	1093
800	1108
770	1041
747	908
739	1110
700	1084
750	1073
821	1219
846	1432
863	1358
798	1230
889	1145
833	1147
838	1230
866	1158
854	1096
910	1188
844	1079
900	1190
834	980
846	1134
743	987
725	1026
758	1166
758	1104
773	1030
769	1017
729	1034
778	1033
709	1042
796	1148
749	1116
809	1214
740	1145
693	1028
693	1303
725	1254
702	1255
714	1144
705	1223
677	1090
699	983
711	995
690	1071
727	1119
555	1089
703	1017
657	1056
638	1042
646	1051
681	1027
736	966
687	1227
736	1002
720	843
647	915
639	1011
673	1089
620	1115
603	1088
554	1123
581	1223
533	1120
603	1070
615	1212
534	1269
560	1133
523	1028
536	1008
593	976
495	1010
493	1077
520	1086
534	1084
511	1100
474	1058
486	1098
465	1087
511	1275
519	1290
548	1013
504	882
535	868
492	964
549	1049
520	1042
425	1115
518	1061
482	1247
458	1140
455	1145
505	1058
459	1016
565	1283
484	1227
471	1029
527	1037
537	1047
526	1147
525	1207
505	1081
466	1224
507	1109
512	1327
544	3148
536	2798
547	2385
533	3188
526	2452
561	3670
580	4267
487	1974
523	1835
516	1034
569	1181
504	1226
514	1042
459	1061
449	1155
464	1214
538	1120
453	1233
534	991
548	953
497	911
474	912
467	1068
503	1267
516	1193
495	1076
540	1062
534	1189
497	1105
504	1153
517	1309
516	982
557	1294
522	1195
571	1133
539	1066
530	1245
494	1175
468	1225
518	1347
511	1316
471	1367
525	1512
519	1298
535	1373
479	1236
525	1249
425	1362
466	1066
515	1236
498	1289
491	1116
479	1131
447	1066
485	1096
509	1304
570	1092
531	1206
492	1059
473	1031
484	1065
465	922
421	1016
453	1231
448	1206
474	1135
487	1386
514	1392
486	1546
521	1478
506	1832
549	1811
515	2072
606	3036
656	3171
625	4511
574	4803
626	4832
631	4633
609	3369
580	3292
713	3583
757	3532
799	3326
740	3458
876	3543
1495	4351
1974	3820
2026	3880
1916	3594
2058	6750
1977	7726
2343	7744
2322	9272
1791	7602
1591	6229
1877	7174
2069	6544
2450	5647
2527	3235
2649	2131
2595	1967
2602	2203
2734	2972
2689	3440
2545	3808
2690	3059
2509	4066
2553	3716
2647	3644
2551	4461
2278	4346
2214	1902
2065	3061
1886	3272
1883	2377
1755	2388
1678	2978
1493	6379
1376	7309
1158	6104
1184	3668
1070	3027
963	2735
854	1723
889	1646
1182	1787
1020	1800
712	2631
686	3199
579	3795
686	4718
660	4369
582	3507
544	2938
529	2663
495	3111
471	3291
571	5255
547	2786
546	2381
494	2698
631	4508
577	3797
556	3183
501	2151
480	2406
504	2419
534	2719
572	2389
525	1529
472	1342
498	1502
503	1438
476	1153
503	1221
500	1147
504	1036
467	1011
507	1055
538	1160
499	1192
519	1060
552	943
528	1088
515	1132
517	1207
559	1119
526	1179
496	1102
577	1130
574	991
530	1108
492	974
525	889
497	1163
489	1092
452	1035
513	1116
514	1163
462	950
460	953
498	1108
481	1187
474	1026
493	1085
545	1081
524	1088
522	1066
502	1031
569	1141
541	1077
572	1117
641	1211
621	1096
556	1188
547	1028
540	1034
589	1049
604	1155
595	942
671	1004
662	1096
785	1229
731	1308
774	1181
905	1098
833	1021
786	975
775	1054
892	1012
842	1048
813	1078
719	996
752	1023
726	1145
730	1142
675	1131
685	1205
709	1003
665	1021
701	1119
709	1114
611	1216
677	1221
774	1240
718	1209
733	1199
658	1125
590	1253
596	905
623	951
588	969
548	1089
524	1107
506	1090
529	995
523	1031
500	1238
470	1106
554	909
566	1082
578	1077
565	1140
529	1020
523	1029
509	1042
484	1044
509	1111
495	918
508	1134
504	955
550	1083
496	1278
501	1280
527	1129
529	1102
551	1230
512	1067
514	983
469	1168
499	1169
450	1074
475	1365
509	1391
504	1044
519	1071
503	1112
471	1139
475	996
520	1156
511	1076
473	1131
469	1074
462	1165
464	896
493	1031
532	1221
519	1204
502	1171
477	1230
550	1080
521	1079
477	1363
491	1455
499	1312
562	1282
503	1184
533	1198
536	1218
554	1272
548	1208
537	1304
494	1351
523	1319
561	1548
504	1396
627	1415
570	1439
562	1393
584	1264
519	1333
570	1190
632	1317
583	1476
530	1417
501	1335
627	1322
553	1135
548	1239
554	1249
567	1502
527	1495
550	1241
558	1375
557	1528
584	1476
627	1555
604	1558
631	1734
559	2113
602	2093
638	1908
646	2121
595	1820
579	1684
615	1634
574	1539
590	1423
593	1371
615	1157
587	1171
551	1295
522	1354
537	1268
590	1199
572	1132
668	1406
605	1633
675	1696
640	1508
616	1532
600	1465
612	1396
675	1422
593	1257
640	1397
649	1432
659	1305
622	1058
654	1324
684	1205
633	1361
601	1434
658	1250
623	1364
613	1320
623	1211
612	1259
651	1049
664	1247
741	1203
613	1244
688	1190
628	1334
612	1334
591	1318
608	1235
608	1154
604	1328
675	1159
682	1287
638	1119
699	1277
679	1111
640	1258
660	1326
630	1323
680	1565
708	1646
736	1890
699	1901
714	1714
699	1782
715	1709
638	1530
676	1968
653	1611
608	1577
663	1487
666	1650
664	1943
632	2318
682	2521
681	2545
669	2298
650	2028
689	1877
712	1933
698	2116
711	2066
716	1617
677	1441
730	1604
619	1547
639	1530
654	1480
695	1662
582	1615
728	1699
678	2103
733	2751
684	3164
626	3437
632	3253
655	2506
657	2534
668	2045
607	1747
691	2221
629	2370
614	2030
572	2010
523	1623
563	1611
607	1608
618	1427
572	1437
598	1421
614	1270
590	1200
567	1308
592	1421
587	1364
540	1332
580	1684
588	1644
531	1816
547	1228
490	1297
504	1308
565	1129
632	1215
580	940
556	937
567	1050
562	1134
543	1224
513	1114
581	981
564	922
524	1016
516	934
581	1069
558	1016
524	909
561	1038
552	927
524	929
553	930
465	1043
513	1070
545	935
507	993
501	1083
495	1112
493	1175
513	1348
537	1145
566	1230
561	1000
580	937
551	964
543	1006
577	1059
576	1212
577	1104
567	977
546	943
506	993
531	1008
496	1037
491	846
491	846
517	990
549	944
554	1023
511	1029
545	896
526	947
554	889
502	999
510	956
525	953
527	958
490	1132
491	1000
572	1006
515	1018
453	1206
516	997
490	1102
483	1126
503	1060
531	957
498	999
543	1027
549	1062
577	1010
554	939
574	1023
580	1394
597	1389
572	1389
531	1194
585	1050
581	1185
541	1183
498	1257
495	1219
541	1089
589	1218
536	1181
599	1329
552	1239
507	1301
539	1181
511	1317
541	1327
573	1191
563	1269
556	1104
627	1089
629	988
604	1055
649	1282
591	1208
690	1188
656	1454
684	1442
618	1462
617	1455
569	1306
513	1334
535	1149
587	1113
541	1313
510	1240
498	1202
522	1292
507	1447
519	1393
481	1368
518	1410
478	1175
565	1140
510	1293
547	1240
519	1151
503	1351
528	1271
500	1049
525	1122
529	1018
500	1113
458	1046
464	1001
532	1134
530	1088
456	954
511	1078
508	1202
558	1262
540	1385
583	1274
526	1209
574	1379
509	1423
514	1601
444	1605
490	1440
512	1295
513	1412
514	1571
491	1375
536	1328
516	1283
516	1224
537	1196
556	1382
476	1159
515	1337
515	1223
536	1295
537	1077
619	974
571	981
555	1106
553	1036
487	962
484	983
506	949
560	1008
432	1140
480	1028
487	1058
469	1067
474	1010
553	1003
529	1037
523	1036
550	964
548	979
545	1029
518	1143
566	1146
518	1033
529	973
472	1194
483	1063
500	1126
451	1053
493	1010
448	947
465	884
526	954
528	909
575	897
504	861
537	962
474	998
566	904
491	887
538	1000
484	1009
492	948
609	1049
565	1054
469	1092
499	1074
543	1032
522	937
495	945
513	1013
580	1085
474	934
516	906
523	916
498	1045
573	890
497	1014
534	1086
539	1364
535	1084
497	1024
521	1054
509	996
527	1108
504	1109
511	1047
507	1078
515	1105
498	874
443	991
425	1050
489	1020
478	1104
502	1015
485	948
514	986
488	910
484	902
462	913
515	1003
501	1068
500	954
528	872
487	1060
520	968
502	893
494	838
520	1053
494	931
491	1074
505	1148
474	1035
533	981
431	982
493	1106
492	1034
491	843
517	882
505	945
445	959
533	979
511	954
462	1050
463	1070
426	1085
534	1091
525	1173
470	1049
514	1130
498	1074
526	1065
492	1191
584	1324
633	1129
543	1046
487	1065
506	907
500	1093
480	1204
501	1051
465	891
484	911
512	920
480	1037
499	968
546	950
477	933
482	1033
523	989
488	886
473	929
482	992
465	911
482	1137
477	978
545	1019
545	1016
542	985
547	974
606	940
511	1048
517	1004
527	936
541	991
496	1201
505	1180
539	1277
498	1257
512	1184
533	1159
553	1202
590	1286
604	1315
550	1306
537	1289
552	1214
554	1168
578	1315
530	1200
508	1217
489	941
494	908
545	1053
528	1114
516	1083
454	1270
481	1095
470	953
518	986
579	1082
550	1178
533	1086
526	1032
539	993
525	1126
588	1096
533	1024
472	1028
505	1069
449	890
439	917
471	952
535	1043
487	996
509	1093
529	986
569	1082
556	971
570	979
620	1043
592	1067
546	1186
590	1072
570	939
517	1107
521	1056
510	1157
565	1175
609	1259
527	1113
554	1096
499	1329
501	1071
514	1359
541	1149
520	1138
545	1256
530	1141
543	1141
540	1150
456	1186
511	1090
523	1363
531	1076
580	1157
539	1136
631	1091
596	1168
555	1322
530	1342
513	1596
586	2029
652	1957
572	1487
653	1331
579	1276
611	1162
561	1287
554	1330
625	1323
641	1034
640	1319
640	1521
629	1544
657	1352
648	1321
744	1500
688	1153
697	1081
676	1225
660	1190
762	1284
696	1123
673	1087
728	1117
709	1015
744	1119
726	1063
757	1207
723	1250
748	1122
722	1127
797	1297
804	1400
812	1318
805	1499
834	1421
784	1192
777	1029
833	1162
879	991
1020	1259
1027	1276
1066	1136
986	1112
1028	1124
962	1262
973	1443
1012	1234
999	1228
896	1221
914	1140
927	1187
988	1318
978	1284
895	1066
922	1218
1023	1231
952	1222
952	1090
912	1334
954	1148
982	1043
992	985
1042	1049
1115	1081
1108	1150
961	1084
1043	1107
981	1089
914	1158
960	1163
959	1125
923	1131
944	1172
996	1218
974	1223
1037	1147
975	1047
916	1091
937	1111
939	1116
925	1057
974	1123
919	1053
901	1010
987	1090
965	1043
964	1169
922	1121
955	1216
969	1127
973	1262
1003	1286
1009	1246
974	1196
1026	1181
1099	1220
1111	1238
1093	1142
1093	1047
1115	1158
1095	1142
1184	1192
1179	1330
1155	1218
1108	1194
1158	1252
1090	1352
1129	1358
1255	1368
1293	1263
1283	1115
1214	1340
1379	1348
1412	1310
1586	1375
1614	1346
1551	1372
1581	1310
1804	1180
1818	1352
1740	1262
1874	1362
1868	1245
1953	1464
1886	1474
1773	1563
1682	1708
1659	1698
1622	1388
1630	1645
1669	2316
1675	2145
1733	2249
1871	1923
2097	1793
2323	1667
2449	3015
2458	3044
2609	2476
2695	2689
2608	2378
2803	2331
2565	2485
2607	2416
2341	2132
2451	1895
2314	1764
2095	1953
2184	1579
1995	1914
2083	2011
2122	1826
2060	1826
2164	1951
2325	2019
2370	2271
2510	2268
2592	2354
2774	1832
2917	2024
2964	1610
3034	1789
3235	1904
3095	1729
3091	2104
3001	2545
2724	2404
2774	2614
2642	2395
2521	2167
2465	1596
2289	1430
2334	1621
2452	1712
2508	2062
2542	2230
2583	2324
2552	2238
2723	1900
2677	1958
2690	1889
2841	1636
2859	1721
2957	1750
3007	1550
3050	1715
3115	1677
3030	1588
3027	1435
2798	1456
2813	1444
2684	1460
2668	1278
2488	1197
2437	1179
2521	1248
2543	1197
2476	1030
2582	1231
2537	1154
2797	1231
2761	1283
2892	1282
2833	1210
3002	1362
2997	1547
3077	1352
3000	1298
2927	1319
2865	1147
2953	1128
2655	1086
2584	975
2596	1050
2531	1081
2428	1127
2280	1025
2224	1291
2209	1081
2146	1233
2092	1274
2127	1181
2066	1195
2169	1922
2241	3138
2309	2994
2465	2154
2309	1669
2236	1735
2016	1182
2059	1132
2044	1152
1885	1113
1823	1285
1699	1232
1682	1155
1677	1181
1523	1422
1479	1287
1312	1204
1374	1247
1371	1310
1368	1085
1315	1181
1288	1276
1270	1169
1229	1195
1286	1216
1196	1121
1138	1038
1047	1216
1043	1237
1125	1305
1104	1107
1092	1034
983	1118
1065	1143
1026	1001
979	1072
961	1054
896	1088
815	1088
961	1141
902	1135
928	1168
874	1248
886	1358
879	1429
902	1302
916	1290
832	1373
836	1324
819	1283
857	1237
878	1143
766	1195
779	1298
825	1168
757	1336
824	1172
841	1163
801	1197
782	1193
697	1128
736	1233
734	1422
681	1519
651	1479
707	1594
784	1578
635	1342
641	1367
732	1360
714	1376
726	1259
702	1318
655	1238
736	1343
685	1380
711	1338
715	1390
734	1471
679	1306
655	1374
612	1319
651	1401
611	1306
612	1217
613	1497
656	1214
679	1378
583	1450
634	1345
631	1423
614	1409
699	1423
619	1200
527	1204
607	1399
638	1380
594	1371
596	1222
578	1272
601	1339
595	1433
590	1455
600	1406
562	1230
560	1228
585	1378
632	1210
573	1204
591	1109
593	1157
636	1130
568	1226
529	1176
578	1226
588	1740
698	2696
692	1583
569	1275
536	917
520	992
560	1094
588	993
544	989
590	980
545	1149
593	1177
595	1214
539	1124
617	1303
602	1417
604	1323
638	1396
601	1566
596	1462
526	1362
571	1321
568	1456
557	1365
503	1237
544	1193
537	1321
503	1382
484	1298
538	1284
464	1319
488	1164
459	1232
515	1216
501	1325
580	1427
503	1464
512	1543
551	1465
476	1544
503	1332
491	1395
480	1432
525	1403
532	1446
518	1508
566	1251
571	1355
595	1337
546	1232
507	982
493	1111
508	987
542	1014
507	1048
570	1239
585	1465
534	1461
560	1466
535	1346
563	1381
558	1476
520	1408
522	1208
583	1228
524	1097
584	1259
563	1283
630	1298
623	1260
597	1290
562	1354
552	1239
574	1178
614	1178
548	1119
609	1074
556	980
571	989
620	1021
592	1021
602	1004
648	896
642	982
558	912
588	931
625	1017
644	944
636	1135
601	1090
573	1064
569	1052
599	959
647	994
652	982
689	1143
627	1005
636	1001
587	953
565	1062
597	963
578	1081
607	1076
658	1041
544	997
582	932
628	1035
564	957
606	1110
607	1176
591	1006
626	1008
571	1005
641	944
615	920
557	1060
655	1034
654	1005
580	793
625	993
611	1020
637	1024
627	1144
553	889
573	889
548	879
641	954
596	1048
603	1137
568	1241
568	1022
608	973
691	1031
598	746
623	703
626	953
594	942
591	1186
561	1129
603	1025
626	1060
608	1227
617	1327
554	1063
633	1053
574	1053
609	1001
614	894
624	903
545	867
554	856
548	1032
558	877
603	1312
671	1132
666	1034
634	1330
634	1533
632	1573
588	1356
559	1189
595	1205
538	1332
596	1229
593	1477
583	1671
643	1790
637	2234
648	2169
588	1776
619	1905
644	2007
581	1978
590	2100
613	2399
726	2884
627	2494
621	1946
594	1423
646	1314
583	1140
673	1136
566	1305
537	1033
591	1115
574	1342
632	1285
633	1202
695	1595
674	2780
758	3087
677	2749
626	1937
593	1281
513	1164
566	1160
567	1582
536	1330
540	1343
605	2041
604	2108
627	1713
544	1304
560	1265
573	1268
578	1536
619	1494
619	1363
633	1402
709	1723
686	1572
634	2090
678	2332
603	1768
621	1531
661	1336
576	1410
559	1238
532	947
541	951
533	1025
595	1216
564	1143
616	1150
593	1193
562	1010
650	1056
680	1005
667	998
606	1150
550	1072
605	1251
633	1101
599	1156
531	971
627	1079
577	1029
505	1153
618	1129
559	1087
562	997
560	1119
564	1310
609	1342
639	1179
592	1113
557	1189
627	1105
553	1136
491	1117
503	1325
480	1252
504	1070
509	1048
520	1194
511	1782
629	4785
650	4947
517	1508
535	1575
498	1115
546	932
497	911
530	913
551	1024
509	1008
502	988
491	991
504	935
496	1006
515	974
479	1032
503	1297
564	2801
541	2915
562	3028
753	8501
718	8094
487	2744
578	2642
485	3061
528	3060
501	2381
512	1803
531	1553
550	1653
485	1489
547	1957
494	3319
604	4532
549	2500
510	1326
493	1183
540	1251
513	1266
476	1117
531	1167
483	1308
558	1298
517	1250
497	1122
537	1068
614	1067
621	1110
560	1054
561	984
603	1008
610	1077
599	1057
630	1221
578	1159
576	1187
556	1063
605	1150
623	1225
542	1148
557	1182
598	1143
624	1229
644	1216
638	1179
646	1041
666	1062
688	1036
646	1200
769	1325
701	1311
705	1205
653	1207
777	1068
