522	1072
513	1210
493	1123
529	1162
452	980
510	1031
456	1016
517	1005
474	878
467	834
522	923
460	875
522	978
470	817
507	816
524	937
533	931
498	958
478	1111
510	1060
524	953
548	863
506	913
501	952
501	813
465	988
567	1019
546	1089
519	951
510	965
502	927
473	1058
487	1103
480	938
437	894
461	1057
490	1024
487	1021
480	931
464	1091
510	1178
541	1079
437	1077
481	1094
488	1078
445	1034
413	802
519	910
522	923
411	1212
455	1179
487	1091
526	1307
558	1164
510	1098
440	1199
535	1042
588	1060
519	954
534	942
497	1008
489	1022
508	1090
580	1190
528	975
545	919
558	1033
572	1282
696	1222
645	1124
578	1287
649	1341
865	1429
1256	1236
1461	1195
1197	1194
915	1156
1056	1229
1113	1202
1239	1368
1068	1214
934	1184
970	1146
1120	1116
1306	1351
1233	1196
1077	1174
1066	1245
1481	1476
1619	1709
1691	1734
1499	1408
1377	1519
1452	1480
1385	1710
1664	1452
1716	1681
1772	1925
1749	1877
1638	1641
1529	1474
1417	1370
1423	1458
1452	1284
1269	1309
1247	1346
1369	1517
1383	1438
1329	1432
1127	1328
993	1457
1049	1319
1142	1385
1018	1397
1059	1411
1047	1354
1277	1439
1137	1355
1094	1283
934	1286
1030	1203
918	1086
997	1004
968	1167
856	1155
754	1045
787	1140
662	975
797	1181
755	1150
565	1016
602	1332
666	1108
637	1196
637	1107
572	1050
555	977
609	1141
627	1254
603	1039
561	958
592	934
528	933
556	943
575	865
588	808
528	811
480	853
524	757
589	863
512	1028
509	1024
477	1146
494	972
575	1021
530	1135
523	1297
555	1095
536	968
529	892
499	889
546	1071
522	995
538	874
518	997
500	862
490	903
489	861
470	893
525	863
508	813
438	814
447	870
482	953
487	826
455	958
454	818
492	912
485	971
554	680
489	951
512	834
518	839
515	922
527	887
528	914
502	873
496	947
551	799
513	906
591	805
451	921
464	786
449	781
493	802
502	802
506	946
557	1121
485	965
515	1003
540	1089
525	948
556	1045
531	1063
508	984
512	1048
487	878
557	849
507	1005
484	942
490	1021
461	950
491	857
511	907
555	1093
552	1095
498	1019
474	842
533	831
562	868
494	907
509	896
507	957
463	918
538	875
467	919
539	935
602	1024
569	900
531	861
472	847
513	887
462	883
483	889
459	958
455	969
451	984
502	993
474	1084
513	991
500	958
496	991
453	933
479	905
513	1049
434	987
472	1010
508	973
455	865
403	768
492	915
429	1085
404	1022
433	969
489	878
503	1012
474	978
484	1037
465	1045
527	1200
499	971
465	1088
484	1185
473	1185
471	1135
486	1108
545	937
504	887
484	941
497	942
503	941
479	1051
486	1131
520	1092
501	1107
494	1016
476	1185
498	1184
576	1167
490	1036
520	1085
524	1079
550	1086
470	943
483	958
501	945
469	955
543	956
519	932
502	970
489	1032
546	937
539	1052
494	885
518	892
522	920
502	947
507	923
454	813
476	996
540	951
501	1231
528	1116
522	1130
471	875
484	984
491	807
529	880
447	971
490	1011
500	998
531	1007
461	953
501	1011
478	1044
461	1001
455	1028
521	929
495	1183
469	1130
513	982
488	1122
464	1051
477	1111
475	1057
484	1109
527	972
519	903
493	969
478	865
453	1043
502	974
484	917
500	976
434	1152
427	1185
530	1186
484	1145
489	1058
471	1176
460	1128
520	1224
486	1223
525	1263
465	1093
492	1014
498	1218
512	1187
444	1317
473	1090
478	1071
460	1032
488	1199
506	1203
500	1208
464	1227
511	1238
515	1069
472	1168
495	1307
518	1114
489	1131
563	1245
504	1310
548	1262
500	1081
496	1210
492	965
496	1108
414	1105
556	1120
484	1021
490	979
486	1005
519	1044
520	1126
508	1073
581	1025
532	949
504	954
550	1214
540	1179
521	1196
570	1289
473	1014
492	1010
481	950
469	958
555	974
457	1004
455	1122
471	1236
510	1060
461	1140
445	901
481	788
499	943
515	1026
542	891
500	959
611	941
538	930
598	783
565	897
600	1028
544	793
503	891
558	1120
519	1574
586	1147
635	1160
604	1385
550	1751
592	1780
575	1151
622	2272
621	1874
579	1354
531	1159
539	990
540	1182
569	1094
592	1084
508	1099
578	1087
624	1102
545	993
603	1084
581	1082
559	1067
640	1113
570	1407
714	2578
641	1610
698	2757
779	4436
753	4531
598	3148
586	1555
593	1426
528	1433
528	1578
435	1708
558	1317
548	1083
513	1109
593	1192
562	1131
554	1178
642	1043
544	1254
621	1238
541	949
587	1065
519	1209
503	1253
528	1064
650	894
584	1042
555	1036
598	951
621	1114
526	1036
497	1171
651	1223
544	1155
579	1163
564	1137
535	1288
532	1202
545	998
597	960
504	1093
496	1097
478	1021
474	992
498	1021
502	1052
451	1092
516	1238
457	970
462	1049
443	1261
521	1081
514	1172
511	1048
478	1048
538	1022
506	1026
498	1047
575	1199
533	1201
550	1252
563	1064
529	1201
492	1070
524	1283
531	1180
519	1306
526	1154
604	1196
534	1190
572	1108
528	1051
516	1041
579	1070
568	1033
522	1092
514	1092
487	1167
543	1040
506	1219
547	1101
583	1108
529	1010
495	810
499	940
577	975
489	1093
550	1180
524	1067
485	1064
531	1077
507	1059
507	1032
514	1092
456	1060
513	998
451	863
474	1009
478	917
505	1233
503	1083
496	973
463	971
493	1037
543	1109
507	1143
531	1045
463	949
454	997
448	1052
529	1023
459	1057
544	1120
465	1057
460	1049
458	1087
491	1198
552	1206
505	1116
512	944
527	870
541	1005
475	1189
538	1111
549	1043
498	993
514	1036
470	1269
543	1146
547	1162
557	1295
597	1196
550	1310
577	1221
549	1111
524	1246
516	1138
545	1197
596	1159
526	1110
563	1192
523	1055
560	1128
620	973
580	995
531	1211
525	1134
593	1264
579	1380
497	1156
519	1129
545	1282
546	1157
551	1024
538	1080
598	1157
620	1015
572	1169
626	1112
612	1242
512	1244
519	1168
495	1177
571	946
526	955
598	961
527	1257
541	1207
472	1101
540	1144
556	962
517	1029
574	1104
597	1001
623	1228
594	1079
573	1232
603	1069
597	952
662	919
655	911
687	986
646	1070
690	966
768	991
811	1058
879	990
716	885
734	1060
735	1196
884	1054
861	1013
909	1056
1028	1092
980	1043
1086	1007
1196	1133
1032	1147
953	1035
1009	999
1087	918
1094	1032
1017	1070
1031	1054
1021	1118
1283	1130
1518	1188
1521	960
1665	1163
1813	1106
2271	1065
2711	1161
2779	1067
2987	1202
2877	1149
2843	1166
2648	1099
2482	1283
2131	1036
2170	1088
2010	1181
1881	1083
1900	1081
1838	1181
1820	1177
1811	1086
1897	1156
1964	1171
2120	1027
2214	1178
2413	1087
2708	1128
2824	1213
2793	1061
2815	1075
2947	1205
3131	1091
3482	1301
3361	1263
2978	1230
2919	1105
3123	1274
3338	1499
3389	1326
3426	1202
3422	1083
3937	1281
4674	1342
5193	1559
5433	1651
5638	1682
6610	1721
8184	2103
9675	2698
9993	2712
10140	2662
10281	3002
10627	3127
10830	2995
10699	2571
9537	2168
8715	1916
8620	1853
8490	1691
8263	1654
7994	1589
8144	1594
9044	1677
10237	1819
11477	2040
12171	2384
12810	3061
13240	3197
13760	3534
13666	3678
13946	3285
13547	3306
13272	3212
13066	3009
13094	3036
12698	2801
12297	2418
11889	2493
11999	2719
12169	2834
12061	2920
11817	2878
12067	2688
12734	2673
13434	3083
13511	3391
13497	3487
13543	3597
13527	4121
13416	4377
13262	4386
13110	4210
12900	4288
12616	4227
12274	4016
12278	3816
12040	3721
12054	3507
11643	3168
10938	3180
10645	3184
10239	3090
10668	3479
11077	3496
10447	3423
10157	3208
9757	2757
9794	2929
10192	2978
9920	2725
8773	2225
8067	1912
7957	1796
7758	1893
6963	1519
5751	1599
4724	1300
4458	1305
4646	1530
4027	1498
3216	1309
2816	1311
2553	1320
2547	1133
2636	999
2433	1153
1968	1059
1753	1060
1753	975
1788	1010
1374	1044
1220	999
1056	1121
1002	1314
1015	1171
941	1086
867	1052
864	1068
858	1077
1025	1099
965	1107
828	1039
764	1162
777	1090
733	1015
749	1099
722	1116
640	1018
636	1046
683	1199
596	1259
607	1277
629	1079
594	1094
607	1115
618	1099
573	1157
561	1091
583	903
595	1007
613	1026
607	1063
637	1034
601	984
625	1018
595	971
531	1003
541	1143
491	1145
544	1186
577	1103
638	1180
615	1286
596	1231
564	1231
553	979
590	907
557	953
581	1004
612	915
633	840
581	986
585	1047
613	1087
569	1192
485	976
525	1091
550	980
542	1003
465	972
499	1063
507	1214
548	1055
537	1051
566	1193
531	1209
566	1176
540	1180
550	924
531	1020
545	945
637	973
572	864
575	877
575	952
537	1003
577	883
571	1288
572	1065
551	1076
586	980
515	1011
511	1168
518	1129
541	1116
560	1320
484	1137
501	1047
536	1066
514	1147
481	1088
516	1105
551	983
479	933
502	950
494	815
528	929
568	961
542	1036
500	887
463	1220
548	1203
520	1152
532	1136
564	1305
591	1560
542	1577
539	1308
567	1273
540	1148
522	1137
533	1190
536	1179
563	1184
569	1344
490	1155
571	1151
572	1238
541	1179
551	1094
579	1164
560	1096
616	1117
544	1232
575	1257
600	1078
510	1087
470	1037
545	987
546	1094
559	1252
559	1254
568	1176
513	1038
537	1067
558	938
580	1080
611	994
540	1132
512	962
563	853
566	951
492	983
529	1217
559	1030
571	1253
500	1099
552	1103
532	991
524	1014
569	1039
560	876
544	986
529	1042
554	979
533	973
590	1014
589	1108
542	934
539	979
545	1004
471	945
521	1102
492	1135
605	1257
609	1118
537	1100
548	1175
563	1108
487	1044
494	926
494	1041
493	1109
512	1011
507	1065
577	1119
617	1087
534	1027
565	962
568	958
521	1116
589	1163
588	1276
517	1070
584	1162
573	1178
599	1156
562	1142
528	1038
599	971
578	938
601	996
621	1029
630	1039
632	995
667	801
671	1027
646	942
691	946
636	1121
596	1117
566	1094
560	1121
569	1139
597	1189
687	1120
580	1077
637	977
558	1024
627	1016
603	1151
541	1077
629	1104
620	1036
625	1029
651	1165
584	1176
604	1181
550	1093
582	987
616	1350
555	1330
601	1202
628	1144
635	945
673	1108
653	1579
599	1877
605	1646
581	1687
637	1813
593	2162
659	1684
562	1354
560	1374
535	1255
579	1572
572	1788
580	1871
510	1315
550	1260
512	1116
591	997
495	1032
490	1076
491	1130
498	1031
496	1070
529	1266
504	1157
530	1484
577	1940
621	1464
482	1187
534	1325
530	1509
541	1634
537	1426
590	1419
559	1263
556	1153
542	1223
506	1067
504	1053
545	1092
468	1078
485	1208
509	1127
521	1201
491	1051
521	984
491	1091
531	1222
502	1336
550	1534
557	1638
556	1534
549	1537
515	1257
547	1290
570	1609
521	1423
537	1351
505	1313
460	1245
487	1195
520	1163
439	1317
522	1552
511	1442
499	1317
562	1128
534	1191
535	1103
528	1005
534	978
524	1094
454	1234
507	1118
472	1046
504	1157
582	1221
536	1126
652	1141
816	1136
865	1161
796	1176
813	1145
839	1031
894	1142
911	1177
841	1254
824	1154
742	1197
801	1019
751	1173
822	1058
727	961
804	979
648	1039
471	1002
445	1045
480	1045
499	1139
590	1149
565	987
524	970
522	1072
533	1194
564	1086
484	920
477	1047
529	1149
539	1099
598	1094
535	1141
558	1058
508	985
512	1000
537	886
521	830
469	1135
578	1360
553	1273
518	1026
549	1068
516	1170
520	1087
497	1065
533	1115
540	1168
600	1017
578	1035
506	1077
563	926
545	944
493	1016
529	998
521	1005
490	892
541	899
547	831
565	839
587	1027
563	963
529	895
621	962
615	960
550	923
584	982
598	946
548	1076
658	1062
638	1084
621	1069
534	1136
640	1044
627	1205
661	1244
676	1426
683	1058
680	1062
673	905
665	1057
611	1104
605	1059
573	1110
604	1004
661	921
639	964
673	1040
742	1151
753	1171
752	1119
732	1155
684	1140
823	1084
775	1040
699	1039
711	1167
733	1177
694	1141
683	1038
668	1271
638	1489
731	1379
663	1192
678	1172
676	1168
600	1230
644	1352
608	1411
667	1781
689	3788
728	3624
673	3113
661	2630
670	2339
636	2291
649	2039
720	3631
703	3818
660	2537
671	2078
623	945
567	975
555	1203
606	1106
611	1193
592	1197
596	926
649	1080
679	1157
599	1042
627	1080
597	1220
619	1102
609	1252
550	1175
602	1320
607	1140
601	1012
576	1105
634	1065
626	1103
574	1106
681	1211
623	1290
624	1116
601	1080
622	1052
589	1027
685	987
600	814
652	875
600	1070
600	997
515	895
538	952
573	1035
603	935
607	749
676	710
645	918
639	843
640	764
615	802
606	769
625	972
662	975
646	893
676	890
577	846
678	856
666	954
623	882
611	854
631	900
581	847
697	951
552	969
681	991
605	1197
576	1101
625	1053
591	1005
605	1020
608	1033
604	1112
600	1218
702	1227
629	1065
607	1103
618	1126
657	1327
635	1292
579	996
602	1129
704	1108
730	1279
673	1348
729	1422
658	2014
678	1875
713	1580
668	1357
706	1111
680	1295
700	1410
674	1490
657	1401
596	1146
695	2109
628	2388
694	2849
639	1991
629	1839
606	1877
704	2411
746	2306
873	2495
686	1834
686	2399
773	1885
724	2074
746	2143
746	1624
762	1810
697	1622
720	1100
644	1169
681	1224
696	1142
700	943
703	893
723	929
685	1092
622	1232
642	1088
701	1158
738	1208
779	1103
795	1113
747	1038
772	1047
701	989
785	999
771	1149
760	1211
729	1028
735	1060
746	1153
762	1117
784	1054
756	1012
773	979
730	1023
819	963
799	973
753	1150
814	1090
786	1033
841	938
850	1076
820	1045
789	1073
788	1094
737	1192
793	1115
792	965
769	963
783	1046
832	992
741	1008
736	949
781	1027
773	1029
827	903
799	1002
792	959
829	989
873	1037
851	974
783	1020
867	1041
798	882
858	1015
820	1090
830	1018
803	1146
762	1208
783	1122
795	1198
758	1276
818	1254
795	1238
783	1169
812	1204
833	1096
765	1211
913	1133
828	1238
921	1332
870	1159
866	1065
834	1163
884	1107
855	872
844	980
835	1117
812	1146
844	1168
888	922
879	1006
777	1106
729	692
798	923
752	960
747	821
752	1069
804	1020
793	947
795	966
809	968
768	874
850	1028
826	970
828	843
853	881
829	960
804	972
873	1086
798	1025
808	982
771	1026
803	903
733	822
781	984
778	1108
727	1068
732	1148
793	1022
814	1132
869	957
825	972
784	907
879	899
929	1037
828	817
884	817
909	845
871	951
851	901
874	834
790	873
766	1132
746	1019
752	1060
741	1231
735	1195
777	1323
861	1288
763	1205
851	939
930	879
898	990
954	1037
933	1039
978	933
998	1218
928	1158
902	1073
887	1084
871	1119
780	906
755	1001
809	1074
855	1161
814	1131
789	1015
846	1005
769	1166
745	1061
729	1017
768	1057
810	1022
844	936
846	1032
830	1063
906	1036
875	1021
907	1265
853	1102
816	1051
835	1197
860	962
697	1038
802	1079
768	1185
760	1207
803	1310
707	1393
750	1073
803	1236
810	1229
866	1334
836	1374
894	1298
888	1199
875	1098
837	1224
868	1148
848	1240
805	1202
837	1450
784	1229
785	1257
698	1278
712	1334
726	1366
683	1320
727	1431
756	1481
764	1560
752	1563
803	1585
838	1773
830	1481
807	1393
945	1333
916	1395
869	1378
912	1507
841	1450
826	1444
841	1705
816	1906
742	1807
786	1892
763	1958
791	1938
689	1900
657	1803
648	1903
676	1723
730	1575
773	1794
815	1715
815	1729
784	1783
877	2029
957	1708
857	1695
858	1830
784	1845
796	2288
755	2326
860	2468
836	3285
806	3470
807	3011
769	3027
786	3797
849	5124
932	7561
1124	9103
1340	12187
1180	10481
907	6979
960	6327
924	5334
948	5618
1049	5759
999	6136
1072	5937
908	4355
871	4011
870	3791
854	3576
974	4001
855	3523
847	2921
839	3445
848	3649
994	4741
933	4763
832	3853
886	3522
877	4188
921	3916
829	3319
834	2747
808	2596
777	2457
800	2789
836	2697
754	2286
704	2308
760	2745
857	3204
768	2269
771	1774
704	1658
662	1790
708	1772
722	1708
693	1700
752	1670
779	1519
692	1565
697	1556
685	1340
720	1516
697	1237
663	1404
663	1363
660	1389
655	1525
676	1400
681	1107
598	1251
676	1154
564	1183
623	1151
604	971
670	1004
689	894
623	981
620	1123
618	1069
616	1066
616	1038
618	972
583	985
624	1197
608	1045
618	1186
699	897
700	871
655	1008
600	971
649	978
650	1018
638	1000
594	987
611	947
587	925
557	1134
600	1185
590	1159
586	963
616	1108
581	1154
550	981
588	1114
550	1022
592	1014
681	948
604	916
646	886
553	896
666	846
571	963
590	1183
610	1017
638	1031
531	993
590	1032
647	978
615	899
592	1122
636	978
655	1063
574	975
604	918
616	881
637	976
551	993
533	1010
575	1059
611	928
597	980
604	1093
565	1032
567	931
507	936
544	865
524	942
529	966
537	924
564	969
532	1034
546	944
495	986
544	1038
550	1001
522	885
513	918
560	1049
515	950
560	981
547	1034
666	940
599	1034
564	1011
536	1059
566	1072
530	946
540	1019
544	1086
621	1198
564	1163
523	1077
540	928
590	827
528	944
586	914
553	1011
606	1199
532	1047
527	1008
490	1173
584	1255
597	1043
595	1113
576	992
575	978
539	1003
562	991
580	980
558	1059
514	1013
562	1013
513	1000
566	991
506	1060
446	1051
512	1074
473	1010
460	939
519	1066
554	946
508	1056
502	1014
548	1110
552	1026
524	950
494	952
536	1005
575	977
595	1132
585	1069
575	941
578	940
479	1104
562	1005
516	1191
514	1003
543	929
557	1131
558	978
550	957
598	957
565	862
579	935
522	794
526	967
529	983
578	1081
583	1093
564	1059
587	974
551	938
529	1076
506	945
598	912
555	975
602	1075
593	1116
601	1087
561	880
583	917
597	913
598	931
602	930
562	955
631	989
623	905
568	1072
538	1044
498	953
574	954
542	1034
568	857
600	1047
607	1036
605	980
562	898
536	894
521	945
521	1030
525	1065
538	975
528	1019
590	1002
541	966
531	1015
541	998
452	997
516	1112
537	1092
523	1046
480	1131
501	893
457	907
515	1090
499	934
550	971
555	1187
545	904
534	779
478	911
485	1018
490	944
463	1080
467	1220
530	1204
561	1129
534	1014
572	1019
572	1144
583	1284
518	1033
583	1044
574	1087
589	1279
633	1594
646	3356
522	2251
521	2462
618	4373
845	8511
822	8360
772	5047
777	6256
630	3144
581	2404
512	1281
607	2969
527	1461
523	1013
537	1134
495	1160
589	1131
532	1175
530	1169
581	1650
538	1501
505	1438
570	1379
516	1321
511	1262
485	1142
493	1211
542	1175
483	1192
493	1159
514	860
544	1027
552	1027
566	1113
511	1012
500	1076
512	1084
562	1238
499	911
450	1082
494	1264
483	1324
489	1224
491	948
479	868
521	859
477	848
501	833
507	821
448	996
480	1068
484	1142
501	1127
517	999
544	1006
536	1074
523	1066
514	1133
547	973
513	1019
506	1045
561	1009
598	1026
640	1057
573	1257
555	1007
590	1084
542	1124
531	1246
473	1018
518	1101
539	1082
540	1113
566	868
573	1104
568	1254
573	1035
538	1181
605	1263
546	1160
526	996
501	1021
477	1008
514	967
501	1080
478	1077
514	1240
502	1307
459	1026
502	921
570	964
451	1074
441	1074
465	924
508	1194
484	1070
481	1062
537	894
539	1125
524	1108
490	907
482	884
478	1030
540	852
480	886
505	1002
573	994
512	968
549	976
492	973
509	931
607	993
535	950
507	984
542	1027
566	996
616	986
547	1133
523	960
528	1173
571	1101
540	1279
551	1167
577	1035
583	1067
618	988
553	1146
528	1131
558	997
575	939
581	972
602	1078
612	1247
538	1086
602	1100
618	890
673	1013
612	1238
630	1255
614	1045
720	1117
700	1070
747	994
696	1043
713	912
785	1076
825	1034
784	945
806	1125
833	947
856	1135
911	1096
955	979
906	1026
909	1042
842	1112
818	1021
790	1084
825	1100
771	1171
881	1143
791	1056
837	1192
828	1067
860	1188
859	1190
874	1184
791	1177
780	1066
808	1037
847	1120
713	1119
668	1202
652	1032
686	1038
699	931
624	939
673	1020
652	1025
689	964
631	1000
634	1122
660	1084
690	1125
641	1158
649	1078
661	1321
655	1164
665	1011
656	1089
623	1057
674	1238
616	1023
630	1086
623	1053
595	1131
575	1058
613	1123
632	1073
606	1035
500	989
566	1055
624	1204
637	1201
544	1023
647	1318
603	1126
562	922
564	1021
597	1014
574	1176
624	1206
648	1132
582	1061
588	1161
599	1070
568	1177
575	1188
568	894
582	986
593	1016
636	1097
561	947
582	907
566	963
637	1138
599	1159
633	1195
613	1028
597	904
605	1048
612	909
577	977
551	991
617	1031
599	864
574	985
612	1123
551	1078
565	928
665	1035
614	979
620	983
599	1016
626	1110
574	1010
590	1048
597	844
605	1040
634	1093
669	1117
672	914
637	919
609	925
641	1113
653	1018
667	789
635	952
603	837
607	834
652	993
694	1051
644	965
640	955
641	1101
604	991
653	902
595	878
635	915
734	1021
702	1064
681	970
624	968
667	1011
625	1029
661	1036
658	1199
730	1015
713	959
712	960
751	894
682	932
694	1073
623	1085
633	1039
666	1042
677	1212
722	1343
769	1290
730	1335
786	2339
851	3912
781	3730
821	3796
833	3262
821	3059
811	2814
790	2031
789	1275
802	1793
776	1665
755	1863
777	1179
711	1301
683	1359
764	1482
804	1637
725	1879
842	1938
727	1801
812	2087
721	1935
706	1555
685	1511
725	1648
774	1676
719	1268
659	1090
695	927
704	1020
717	1081
692	1056
690	1115
610	901
671	858
679	861
647	918
684	853
631	900
591	951
598	976
584	966
671	1012
653	1068
665	1307
783	1673
726	1654
745	1676
674	1079
680	1122
702	1277
718	2774
600	1222
674	913
647	1011
624	874
642	943
680	850
625	987
611	990
637	980
640	922
615	958
610	998
614	978
607	877
659	958
642	1039
604	919
697	948
661	1050
649	1166
595	1019
626	1113
663	1004
601	968
652	938
640	1037
621	913
649	775
633	803
641	964
632	1010
689	965
688	855
623	989
650	1080
617	1048
612	1031
557	1055
611	789
618	911
605	858
573	943
582	930
571	879
629	1132
632	1073
588	941
574	1265
587	1275
654	1285
576	1134
571	1039
608	1150
590	987
580	1112
577	1250
539	1299
543	1141
630	981
558	1151
549	1261
598	1236
575	1428
581	1306
656	1210
583	1236
565	1452
567	1380
581	1384
571	1255
582	1173
558	1234
547	981
583	1124
601	1052
548	1276
569	1277
534	1343
552	1369
585	1455
556	1622
504	1578
524	1523
586	1642
595	1846
590	1665
646	1544
622	1598
603	1495
636	1461
616	1522
632	1828
574	1603
574	1463
599	1319
623	1422
600	1520
581	1408
564	1318
516	1185
560	1326
589	1216
588	1184
534	1103
537	1312
555	1454
599	1425
597	1587
641	1527
659	1521
666	1544
664	1678
584	1287
630	1364
665	1280
658	1327
614	1254
643	1279
645	1389
664	1269
637	1220
582	1151
635	1155
672	1332
622	1378
580	1508
612	1616
653	2375
704	2133
665	1844
618	1881
658	1821
632	1810
702	1728
709	1553
664	1488
686	1465
657	1309
657	1295
654	1502
675	1475
631	1355
697	1353
705	1628
756	1493
708	1446
723	1469
683	1381
778	1646
724	1839
730	1783
713	1714
683	2170
801	2230
735	1753
711	1778
713	1835
691	1638
672	1612
725	1688
732	1703
697	1535
737	1544
713	1371
731	1360
725	1345
805	1515
772	1551
800	1591
846	1712
870	1437
753	1571
859	1742
820	1553
814	1414
899	1388
870	1316
815	1133
797	1258
811	1225
842	1141
915	1129
815	1212
907	1071
1086	1089
1124	1146
1278	1135
1113	1222
1181	1210
1187	1283
1247	1373
1184	1333
1239	1551
1223	1526
1098	1644
1156	1466
1128	1186
1194	1195
1230	1389
1166	1264
986	1163
875	1134
930	1050
979	1097
874	1164
929	997
915	1106
889	1257
993	1380
998	1280
943	1060
1057	1022
1037	1258
1006	1344
1063	1443
1013	1580
1135	1590
1030	1450
1017	1393
959	1477
933	1382
921	1311
960	1094
906	1195
915	1249
1010	1297
1036	1190
1016	1156
1092	1231
1058	1285
1113	1229
1253	1145
1190	1083
1171	1196
1127	1259
1183	1304
1145	1184
1047	1083
1064	1062
962	1083
893	1197
883	1103
956	1249
919	1225
967	1249
904	1357
1049	1294
1054	1181
1201	1499
1261	1653
1294	1517
1399	1335
1450	1276
1451	1283
1366	1441
1402	1734
1306	1923
1243	1887
1199	1669
1123	1430
1058	1240
1020	1231
953	1123
1026	1135
888	1074
944	1040
962	1234
998	1219
1060	1179
1212	1585
1274	1749
1379	1902
1386	1596
1442	1696
1462	1638
1430	1462
1294	1795
1336	1949
1199	1754
1191	1568
1112	1362
1084	1365
1048	1288
994	1242
980	1361
1015	1206
1039	1315
1127	1276
1128	1273
1201	1303
1232	1580
1277	1582
1297	1685
1225	1580
1332	1410
1228	1335
1314	1410
1254	1602
1185	1470
1165	1456
1123	1395
1104	1457
1108	1370
1082	1453
1116	1436
1116	1551
1196	1302
1121	1469
1159	1262
1150	1016
1102	1204
1198	1058
1252	1243
1216	1271
1220	1178
1146	1092
1144	1048
1133	1068
1130	1331
1019	1334
1032	1154
953	1153
899	1224
982	1266
1001	1205
1038	1211
1075	1343
1175	1159
1149	999
1186	1023
1278	1008
1314	1175
1280	1112
1186	1019
1247	991
1166	981
1086	1047
1051	1165
993	1228
943	1136
917	1102
828	1237
906	1180
915	1148
945	1057
905	1062
1017	1053
991	955
993	984
1103	1024
1195	1159
1201	1054
1217	1071
1177	1020
1102	1059
1173	1143
1118	1163
1083	1040
1046	1376
1004	1381
978	1225
995	1064
964	1049
1001	1080
960	968
938	1221
1002	1158
1081	975
975	1001
1033	1314
1081	1175
1054	1318
1115	1236
1159	1209
1181	1110
1075	1072
1037	1027
1027	992
1189	1288
1242	1146
1150	1149
1148	1203
1198	1180
1285	1036
1233	1022
1268	995
1401	991
1398	1194
1399	962
1378	1247
1302	1226
1314	1104
1344	1045
1409	993
1556	1173
1409	1202
1511	1196
1360	1124
1401	1140
1417	951
1363	1020
1435	973
1345	937
1497	874
1615	1167
1794	1090
1784	1226
1767	1241
1825	1274
1757	1328
1579	1128
1707	1249
1735	1248
1749	1152
1703	1392
1684	1354
1804	1067
1661	1118
1769	1017
1903	966
1739	1005
1758	920
1859	1061
1835	1268
1806	1231
1788	1094
1715	939
1621	1035
1495	1077
1376	1135
1339	996
1198	1040
1287	1047
1228	1275
1199	1135
1175	1146
1265	1115
1188	1175
1269	1386
1322	1215
1259	1123
1304	1037
1343	929
1262	1070
1236	995
1237	897
1120	1006
1125	1112
1141	1240
1111	1193
1127	1087
1115	1187
1038	1258
1062	1102
965	1001
1037	975
1078	828
1024	1079
998	983
1012	1032
1115	939
1127	1069
1138	1065
1064	1264
1111	1024
1011	1025
984	945
879	1021
914	1233
988	1011
913	1072
973	1057
872	1151
954	1320
930	1249
885	1039
785	1028
751	1036
710	1041
658	1061
667	1027
681	998
716	1121
800	1026
772	988
767	955
784	1012
870	1044
988	1017
996	1101
796	1047
877	1169
943	1138
1013	1182
1108	1159
1042	983
1132	1010
1200	921
1683	1120
2221	1410
2511	1661
2432	1711
3172	1731
4102	2220
4577	2437
4641	2440
4139	2212
3930	2237
4197	1978
4236	1798
4215	1784
3961	2055
4521	2171
4950	2775
4476	2841
4118	2895
4867	2865
5112	3007
4854	2792
4687	2408
4616	2105
4357	1906
3999	1948
3368	1773
3204	1608
2945	1514
2830	1500
2811	1684
2790	1661
2526	1574
2493	1598
2661	1719
3038	1615
3015	1667
3052	1715
3653	2088
3853	2191
3350	2034
3268	2131
3323	2256
3088	2040
2991	1981
2758	1637
2539	1522
2122	1516
1754	1475
1603	1425
1637	1176
1524	1398
1767	1651
1753	1380
1524	1649
1663	1427
1719	1280
1749	1295
1394	1167
1052	1153
1005	1134
1222	1440
1147	1505
985	1648
777	1766
798	1588
834	2334
939	2558
947	2631
818	2292
841	1416
845	1580
769	1332
647	1208
673	1313
667	1558
659	1903
696	2012
633	2281
539	2452
536	2385
544	2715
544	1741
534	1678
557	2306
583	3489
586	3508
586	2982
594	1579
511	1123
522	893
551	1405
446	1330
470	1138
449	861
476	979
505	870
455	878
492	900
551	965
600	1093
501	929
516	796
512	720
516	994
575	1152
578	992
535	1080
474	945
523	960
476	1072
520	1016
502	925
537	978
502	836
459	1226
499	1095
474	1148
469	961
445	890
453	1046
453	1043
513	1182
492	1090
462	1132
464	916
523	937
475	1139
498	1224
517	1454
459	1574
498	1963
591	5151
636	5800
630	4706
561	2095
574	2214
548	3568
467	2303
512	1259
493	1079
486	1176
496	1070
518	1157
516	964
433	1008
478	905
521	1007
535	880
505	808
495	935
505	1000
594	1053
598	1014
548	1014
491	958
498	1007
466	1123
492	1216
528	1165
515	1045
588	920
551	1061
538	1230
503	1140
532	2087
469	1671
517	1866
623	6202
587	3041
539	2451
561	2412
508	1849
510	1815
519	1604
518	1196
524	977
547	982
519	1094
534	1008
521	954
604	863
549	886
518	877
538	1041
620	1118
541	974
558	947
583	1048
577	1068
568	1085
638	1192
573	1416
579	1684
604	1478
681	1370
659	1445
638	1656
681	2228
747	3591
763	2569
720	1437
689	2039
739	3006
763	2338
766	1616
746	1718
771	1855
774	1431
852	1294
856	1353
932	1408
846	1200
833	1225
859	1354
905	878
895	1013
906	984
925	885
925	1099
917	1064
937	952
899	992
825	1020
862	914
920	850
910	1010
1065	1262
1020	1098
1052	1168
1084	1197
1222	1043
1272	1031
1373	854
1346	1130
1462	1130
1513	1206
1607	1097
1439	1154
1311	1008
1376	963
1465	857
1429	917
1394	909
1357	811
1319	901
1348	891
1444	937
1552	1034
1630	1079
1647	1142
1718	1025
1876	1089
1948	1179
2113	973
2200	937
2279	945
2267	974
2208	1117
2224	934
2210	922
2118	1071
2010	965
1911	969
1827	1011
1719	1007
1692	972
1732	1043
1664	901
1629	917
1654	1115
1699	1056
1737	1104
1850	1269
1921	1191
1980	1019
1881	1135
1947	1156
1830	1197
1816	1215
1771	1026
1698	1198
1649	1263
1497	1019
1416	1121
1457	1176
1445	1184
1417	1213
1362	1072
1329	1090
1265	1085
1198	1095
1229	1012
1229	1183
1209	1018
1149	1026
1201	1179
1126	966
1070	1026
1005	965
971	1065
960	978
988	1118
935	929
815	967
849	909
877	1047
870	904
894	888
814	932
761	1111
778	1096
733	1089
795	1139
760	1067
742	965
752	1029
721	992
772	938
743	1001
748	1056
715	1046
723	998
668	880
619	969
680	1008
734	948
707	1022
651	1063
624	982
676	1051
625	973
652	1071
635	1010
652	992
632	1040
693	1048
603	968
662	922
652	883
629	871
587	925
625	1025
652	879
685	994
611	995
641	988
664	1079
660	1020
684	1082
640	1122
635	1098
578	1079
580	1110
614	1007
619	912
586	1044
616	1030
538	1129
610	1098
604	1057
582	1058
638	1083
586	1037
655	1109
629	997
608	1097
636	949
654	1042
642	1060
619	1051
591	1187
636	983
643	1022
646	1117
700	1265
588	1204
597	1377
583	1364
596	1297
558	1356
569	1201
590	1662
607	2000
676	2398
598	3058
637	2889
590	2768
678	2832
649	1333
666	1016
727	853
721	1046
617	1100
558	1276
595	1258
613	1004
548	1535
546	1923
512	1524
554	1495
601	1458
583	1433
590	1705
602	1560
597	1193
569	1036
593	966
629	901
626	1007
622	975
564	1056
585	1118
510	921
559	939
534	950
555	992
580	892
555	1079
532	1255
590	1162
511	1350
559	1334
543	1358
522	1320
544	1128
546	1256
476	1019
529	898
458	851
563	944
525	839
538	1059
548	912
582	1193
556	978
552	1019
561	1005
486	1041
519	1050
590	874
578	955
546	1074
534	1013
490	1031
509	1107
484	924
502	947
469	963
502	1000
494	1102
504	1107
520	1043
492	1034
485	1048
508	1150
503	1122
535	1060
517	962
503	868
471	977
470	1050
490	1181
480	983
499	927
509	1119
528	1083
453	900
457	1060
430	1181
499	928
510	991
491	975
495	1375
457	1563
542	1743
524	1415
506	1603
564	1486
528	1423
525	1404
585	1356
596	1244
659	1502
601	1795
541	1761
570	1674
606	1869
638	1619
553	1989
621	1599
955	1405
1137	1593
1125	1919
941	1785
696	1504
680	1431
595	1786
659	3176
716	6697
719	5921
664	3719
704	6186
734	7258
998	10213
1170	8610
878	4931
717	3814
631	2517
688	2163
549	1959
539	1935
529	2155
505	1510
493	1296
527	1622
513	1499
469	1305
471	1153
501	1039
496	1008
513	1166
524	1208
539	1073
518	1150
511	1160
496	1371
487	1226
495	1210
504	1015
491	1015
472	1082
452	935
438	872
431	998
495	976
470	1013
457	1046
441	1146
467	966
435	1107
485	1099
477	1134
467	1121
476	1206
481	1083
473	1055
458	971
488	1012
429	1003
473	1193
470	992
493	1044
509	935
525	1032
528	1018
443	1065
465	799
484	933
498	1026
460	1105
447	1214
428	1210
421	1068
456	1026
486	1098
457	1094
521	1147
474	974
452	1017
478	986
516	1106
516	1064
465	998
520	1035
462	1132
506	912
449	890
480	1003
481	1081
470	992
438	951
535	1075
494	1083
509	870
516	960
538	920
532	1158
517	1027
476	1129
483	868
468	942
530	869
514	899
490	951
456	918
467	952
452	956
458	958
429	799
463	885
489	906
458	873
477	776
428	911
465	982
462	948
473	852
470	871
463	887
455	964
442	1037
479	952
466	873
451	1015
495	1047
484	1078
494	1129
533	1364
549	1548
531	1606
497	1389
537	1470
517	1403
466	1138
501	1212
488	1487
474	1393
538	1362
470	1338
523	1423
621	1200
459	1138
453	1024
480	1108
440	1033
471	1094
482	1172
447	1078
508	1001
527	1064
480	1183
492	1123
475	982
457	1135
502	966
468	971
497	880
473	876
526	864
501	989
518	1008
526	999
497	945
471	1099
469	941
474	977
551	957
522	1114
524	1058
502	1086
477	1102
475	1207
513	1383
467	1277
452	1278
494	1002
495	978
521	1093
589	1151
544	1169
553	1032
527	985
547	1103
496	1143
585	1488
652	2813
663	5283
755	7813
681	6641
513	2136
440	1331
435	1108
477	1161
420	1024
433	1210
484	1298
445	1178
482	1252
412	1012
486	964
521	864
504	1023
449	1051
525	1051
514	1054
498	889
510	926
489	1022
548	939
515	915
514	934
526	1065
469	1018
487	814
474	1086
503	1059
524	1137
476	1112
491	1046
508	931
477	968
452	961
492	1125
503	1208
530	1150
494	1076
550	1072
523	1090
463	1052
475	1112
476	1206
456	1384
473	1582
470	1599
458	1370
493	1272
450	1271
463	1022
549	1030
530	1127
522	1168
509	1054
478	1255
549	1411
544	1365
448	1049
462	1176
558	1135
534	1975
538	2241
528	2283
538	1988
502	1689
521	1384
500	1388
543	1688
601	1986
536	1874
540	1999
571	2443
566	2472
564	2921
527	3524
582	3583
571	3523
604	3112
573	2652
496	2332
484	1867
540	1822
533	1769
465	1516
474	1422
510	1171
484	1351
497	1516
497	1914
487	1929
477	1730
454	2054
540	2782
589	3770
661	4628
710	5748
658	6194
684	5178
649	4270
530	3363
505	1672
552	1588
495	1768
538	1630
499	1710
513	1470
527	1162
506	1431
493	1941
557	2597
478	2568
554	2464
477	1709
481	1290
513	1209
537	1004
541	957
526	1082
585	1052
534	1066
519	1532
518	1649
569	1499
550	1715
463	2049
501	1954
573	1998
599	1901
516	1718
495	1187
530	1129
518	1026
560	1104
572	972
548	1162
599	1031
542	915
566	930
571	993
534	890
552	982
556	1088
574	1284
583	957
500	1094
554	1045
502	928
477	980
506	1196
493	1157
525	923
507	892
534	970
500	929
563	969
519	991
590	1102
560	1055
506	1199
540	1142
528	1202
586	988
520	1143
531	1176
563	1211
534	1037
566	1156
557	1136
535	987
524	997
501	1219
513	1135
530	1133
546	1129
541	1016
586	1075
575	1049
549	1070
543	877
578	981
510	916
591	973
549	1078
603	1036
552	1232
603	1131
668	1125
641	1218
584	1249
649	1251
653	1119
617	1203
629	1098
565	945
600	1088
606	1115
577	1171
551	1201
634	979
638	1019
679	1053
754	1124
860	1050
1130	1131
1503	1150
1811	1368
1732	1235
1864	1135
1727	1250
1659	1346
1553	1388
1496	1233
1327	1065
1201	929
1233	1020
1245	1133
1231	1004
1173	975
1190	963
1314	988
1168	1080
1271	1326
1383	1293
1511	1244
1698	1093
1730	1141
1788	1065
1619	994
1393	969
1476	1121
1328	1083
1001	885
988	950
892	1157
842	990
807	974
748	1179
662	972
683	1096
657	1108
717	911
662	910
652	1179
684	1047
707	962
656	944
678	1023
663	1051
655	926
699	1198
723	1062
677	939
596	989
652	1216
675	998
672	944
715	958
705	958
699	1142
727	1120
699	1138
721	1333
720	1210
770	1084
699	1056
703	1086
705	1247
716	1048
737	952
765	1067
762	943
700	937
834	1116
862	874
1002	874
991	895
868	1004
1054	864
1136	839
1238	945
1280	931
1198	825
1387	956
1513	1014
2002	827
2459	1047
2525	1195
2544	1225
3113	1340
4125	1189
4584	1058
4337	1069
3984	1126
4445	1135
5130	1353
5668	1488
5342	1445
4841	1436
4760	1373
6266	1398
6884	1587
7407	1791
7695	1836
8673	2068
9718	2395
11137	3051
11912	3595
11752	3468
11717	3457
12237	3763
13154	3920
13104	4130
13020	4062
12759	3936
12908	3980
13495	4349
13519	4536
13295	4355
13172	4101
13541	4668
13870	5422
14246	5769
14184	5775
14035	5595
13927	5762
14380	6108
14497	6277
14375	5935
14513	6065
14145	6132
13996	6142
13621	6172
13453	6063
13381	6142
13170	5805
12567	5352
12022	5625
11675	5184
11379	5264
11153	5063
11061	4939
10538	5219
10028	5210
9705	4802
9789	4828
9734	4776
9362	5033
8901	4872
8625	4456
9191	4275
8907	4471
8197	4265
7362	3940
6711	3266
6773	3459
6497	3340
5315	2556
4286	1981
3822	1966
4220	1848
4437	2036
4081	1874
3202	1836
2698	1490
2764	1547
2942	1611
2655	1546
2140	1472
1775	1523
1787	1301
1836	1326
1615	1186
1315	1113
1042	985
1062	1092
1123	1203
1124	1617
996	1263
994	1247
998	1340
1046	1153
998	1087
884	1234
720	1049
746	953
717	1007
804	976
771	1011
727	913
662	1049
734	1151
732	1093
671	1045
641	1037
610	978
650	1061
637	1113
657	1151
586	942
572	1024
537	1212
562	907
604	1059
596	1075
582	956
526	1083
545	1039
565	1010
537	1086
535	1039
505	1125
529	955
543	1104
579	1055
518	1137
553	1057
545	1131
508	837
555	1111
570	1094
609	1047
525	1062
525	1235
465	1280
566	1305
490	1383
564	1211
544	1344
458	1101
510	1054
475	1093
517	976
517	996
530	955
521	932
468	1000
483	1021
526	1124
535	1005
479	1045
458	1024
473	1166
473	1073
506	882
558	993
545	900
504	1010
536	1031
430	1095
506	1075
512	1169
505	1142
540	1164
577	1286
492	1084
559	1169
465	1179
451	1167
546	1069
531	1167
484	1101
500	1166
536	1415
470	1243
501	1369
529	1186
541	1140
505	1023
464	1099
486	1222
498	939
495	962
542	1083
497	1098
539	1017
470	998
512	986
497	1089
507	1260
497	949
459	1128
513	1128
501	1144
532	1108
494	1058
510	1231
553	1235
487	1111
504	1103
616	986
594	1180
592	1193
570	1401
620	1355
559	1208
540	1187
604	1197
596	1264
575	1166
592	1207
574	1336
588	1040
598	1123
590	1165
620	1210
548	1152
543	1258
552	1091
564	1132
557	1058
501	1103
552	1068
555	1002
592	958
521	1227
480	1251
529	1185
549	1082
563	1167
554	1204
586	1194
491	1132
568	1200
546	1198
511	1222
572	1289
576	1312
588	1373
562	1315
580	1429
580	1358
576	1394
609	1508
640	1505
578	1437
561	1494
577	1534
628	1464
630	1471
639	1399
644	1341
632	1282
651	1309
680	1381
759	1259
771	1424
794	1371
860	1410
820	1423
893	1270
1024	1181
1163	1327
1180	1168
1283	1140
1320	1100
1359	1093
1586	1387
1668	1314
1721	1389
1801	1360
1929	1471
2211	1461
2186	1241
2044	1196
2101	1124
2198	1192
2208	1171
2366	1145
2387	1217
2185	1155
2328	1106
2458	1102
2700	1105
2841	1304
2908	1363
3193	1342
3606	1130
3960	1141
4132	1097
3922	1153
3872	1106
4246	1161
4348	1299
4281	1319
4199	1190
3890	1224
4081	1276
4525	1256
4663	1319
4642	1347
4642	1260
4962	1338
5250	1373
5495	1596
5620	1645
5586	1595
6012	1694
6045	1912
6481	1823
6561	1918
6426	1884
6422	1815
6713	1908
6939	2015
7058	2144
6844	2246
6666	1981
6642	1947
6495	1681
6303	1732
6357	1867
6358	1787
6562	1806
6760	2217
7098	2362
7395	2013
7498	2275
7712	2332
7834	2495
8155	2336
7932	2203
7435	2075
7511	1898
7963	2254
7983	2330
8104	2254
7747	2257
7780	2130
8292	2297
8764	2507
9241	2787
9191	2815
9631	2947
10150	3397
10589	3444
10763	3480
10555	3807
10731	4121
10521	3953
10552	3624
10531	3500
10381	3648
10400	3700
9605	3236
8786	2499
8028	2320
7651	1958
7573	1985
7254	2137
6968	1772
6654	1609
6667	1780
6975	1830
6934	1695
7063	1656
7675	1440
8081	1387
8051	1371
8244	1508
8435	1543
9356	1780
9686	1917
9098	1626
8584	1660
8697	1684
9445	2003
9846	2410
9693	2327
9680	2145
9556	2072
10187	2385
10891	2058
10978	2407
10277	2432
11048	2615
11993	2890
12923	3068
12773	3481
12875	3631
13095	3903
12888	3492
12677	3518
12224	3134
12246	2974
11879	3014
11244	2677
10938	2582
10750	2838
10302	3269
9871	3047
9467	2689
9224	2349
9024	2149
9117	2308
9629	2594
10267	3067
10153	3512
10088	3986
9893	4056
9945	4356
9730	4233
9416	4001
9115	3673
8255	3094
7896	2698
7624	2556
7281	2331
6484	2136
6149	3504
6036	5773
6097	3054
5832	3872
5611	2704
5308	1544
5822	1690
6422	1884
6348	2102
6036	3643
5781	3248
5718	1986
6128	1967
5974	3791
5442	1753
4650	1514
4303	1761
4345	3484
3822	1592
3418	1196
2814	1227
2511	1255
2503	1181
2439	1050
2272	1078
2198	1037
2039	1328
2228	1236
2359	1300
2559	1211
2246	1249
1956	1095
2101	1126
2137	1230
1904	1279
1613	1136
1455	1252
1345	1441
1350	1772
1286	1497
1273	1565
1196	2381
1166	2666
1164	1528
1118	1682
1054	1857
971	2652
946	2777
880	1977
946	1496
880	1437
818	1208
792	1184
908	1232
877	1188
825	1186
763	1311
733	1562
689	1966
749	2306
708	2538
766	1913
811	3053
796	2411
748	2103
825	2344
857	1947
817	1576
836	1798
969	1655
1065	1361
1117	1422
1209	1460
1316	1462
1339	1442
1039	1295
1052	1210
1008	1241
998	1163
1022	1283
1060	1289
1108	1668
1127	1987
1105	1393
1139	1280
1127	1307
1080	1337
1084	1407
971	1322
1026	1291
1138	915
1247	1078
1145	1184
1073	965
1092	1079
1046	1117
1114	1202
1080	1246
1059	1116
936	992
904	1021
902	965
908	1003
910	1012
891	933
764	896
749	1628
749	1145
715	2294
684	1755
674	1682
674	3714
753	4072
636	3463
552	2068
563	1441
596	1604
582	2150
573	2137
565	1427
574	1194
576	1143
580	1941
591	3315
633	3389
622	2612
593	1481
600	1428
608	2098
551	1204
541	887
612	1108
554	1136
600	1243
534	1454
509	1614
597	1672
557	1559
553	1547
549	1695
631	1346
685	995
647	973
629	915
619	1120
745	1170
727	1230
703	1285
636	1405
674	1644
750	1948
774	1737
714	1598
677	1355
551	1288
574	1263
664	1246
635	1512
649	1607
538	1664
589	1665
644	1747
601	2129
649	1975
698	1604
762	1809
615	2163
586	1905
576	1957
657	1458
555	1280
521	1102
492	1243
525	1142
531	1068
548	1066
543	977
540	1031
542	1201
593	1297
552	1423
570	1248
533	1242
525	1459
572	1786
570	1634
571	1499
499	1319
497	1154
472	1197
490	1113
531	1201
568	1216
456	1207
487	1005
466	1144
533	1304
547	1338
521	1276
566	1414
555	1489
508	1619
499	1685
568	1874
565	2064
512	1980
507	1932
558	2025
591	1945
564	2073
540	1665
527	1661
511	1253
522	1420
510	1377
491	1506
533	1253
516	1289
583	1617
530	1856
549	1621
527	1915
536	2187
575	1856
656	2142
623	2209
648	2046
629	1664
551	1784
536	2060
503	1696
517	1584
531	1352
482	1302
585	1450
456	1342
502	1109
560	1164
580	1115
562	1193
499	1229
552	1422
454	1583
504	1342
526	1675
473	1986
498	2012
496	1806
551	1741
573	1536
550	1620
492	1591
484	1230
561	1235
514	1382
521	1202
555	1099
532	1233
542	1231
530	1371
498	1302
604	1201
590	1306
527	1294
480	1154
532	922
540	745
509	1059
505	1093
509	988
492	1016
506	934
523	982
525	1226
516	1275
496	1355
606	1396
607	1514
596	1403
614	1600
499	1490
505	1434
559	1552
602	1407
566	1346
529	1074
580	1142
550	1219
565	1404
550	1433
545	1378
456	1126
521	1075
545	1192
550	1236
531	1294
571	1443
566	1481
557	1515
592	1576
568	1561
560	1418
578	1311
538	1268
528	1139
508	1062
512	978
488	933
475	1054
484	973
508	1202
503	985
458	1076
450	1050
525	1100
550	1391
543	1276
558	1113
471	1139
507	1170
458	1233
503	1290
481	1075
504	942
454	918
444	834
480	1004
503	938
476	1038
507	942
425	1022
442	1025
456	1161
455	980
478	943
466	939
509	1025
522	1002
504	802
515	910
454	1027
437	839
446	1021
505	1078
510	1188
516	1252
481	1356
446	1257
488	1044
474	1247
490	1291
433	1298
465	1740
507	2122
571	1806
522	1811
561	1649
530	3051
536	4448
528	5383
494	3445
527	2602
591	4246
650	3057
495	1873
533	1144
477	935
501	995
514	904
516	1165
495	1302
500	1089
493	1027
523	1386
520	1987
526	1111
539	1237
441	1025
551	999
414	1111
456	1102
434	1123
476	1172
475	1006
528	918
486	1142
485	1440
550	1352
495	1366
520	1038
558	1253
536	1280
558	926
487	982
494	782
438	909
488	853
521	834
530	1037
453	945
523	856
496	931
539	750
535	859
552	1023
524	899
498	1075
557	948
548	838
540	828
533	851
573	854
572	937
560	812
539	867
575	894
554	830
533	875
548	867
624	908
568	901
613	984
583	914
609	913
632	925
642	968
614	931
661	982
680	1063
649	1148
613	1004
641	940
642	878
710	930
733	990
737	849
751	926
747	1056
815	1073
802	1084
791	1050
777	920
809	979
817	968
800	1028
802	811
749	746
698	880
843	847
853	809
798	684
819	905
861	873
896	957
1102	844
1220	971
1244	1161
1288	1247
1428	1303
1528	1199
1420	1125
1483	1031
1504	1062
1724	1161
2041	1284
2041	1200
1968	1010
1878	1119
1821	1264
1884	1211
1895	1126
1882	1083
1742	865
2165	1204
2224	1065
2445	1194
2589	1318
2823	1380
2927	1347
2786	1259
2956	1255
3119	1194
3027	1233
2965	1218
2710	1347
2571	1305
2356	1351
2313	1234
2143	1252
1996	1379
1845	1161
1825	970
1897	1312
2051	1285
2168	1333
2282	1305
2399	1354
2508	1303
2673	1350
2551	1294
2652	1338
2769	1321
2624	1238
2509	1225
2429	1278
2270	1298
2075	1407
1957	1259
1814	1275
1734	1259
1710	1450
1589	1519
1525	1618
1538	1301
1631	1302
1829	1197
1801	1165
1765	1269
1842	1258
1904	1427
2047	1380
1881	1326
1677	1394
1526	1387
1579	1442
1473	1382
1298	1215
1338	1130
1258	1280
1179	1301
1170	1539
1055	1561
1031	1451
1013	1322
1004	1249
1114	1242
1106	1384
991	1120
1103	1199
1084	1137
1235	1078
1123	1070
1177	1211
1111	1191
1050	1065
977	1175
1069	1064
949	1214
872	1268
838	1235
826	1142
880	1163
838	1264
860	1251
832	1415
898	1263
875	1204
888	1124
965	1215
1058	989
1159	1149
1123	1122
1280	1109
1385	1150
1436	1081
1460	1176
1321	1025
1398	1180
1504	1031
1507	1020
1499	1206
1303	1008
1279	1023
1391	1221
1553	1292
1607	1163
1636	1191
1600	1050
2001	1217
2433	1316
2792	1508
2969	1458
3051	1745
3242	1715
3342	1549
3335	1749
3387	1701
3196	1797
3051	1656
2945	1567
2497	1562
2309	1248
2182	1250
2104	1303
1923	1364
1516	1209
1415	1310
1497	1157
1619	1301
1562	1381
1256	1141
1027	1196
966	1204
1107	1148
936	1165
824	963
762	963
847	872
779	948
764	1022
695	905
634	1011
644	1071
671	1198
611	1166
599	1045
617	1072
585	1083
569	1101
606	1139
545	1134
599	999
611	1177
618	1127
621	1030
569	1095
520	1093
542	1041
491	859
512	919
495	1047
514	921
509	1160
553	976
496	773
478	858
546	814
560	1047
538	1154
539	1012
564	878
520	956
519	1064
536	927
500	1053
537	1069
572	1108
555	911
544	790
608	826
509	874
503	883
536	864
490	1131
556	1019
562	943
460	962
526	918
557	823
596	892
505	987
500	935
566	1101
549	1171
524	961
511	1111
509	941
504	982
483	1216
501	1071
491	1200
472	1057
505	1189
497	1328
498	1250
551	1088
455	845
493	932
502	974
549	934
528	1005
529	917
496	841
464	1081
533	963
532	934
557	914
487	1202
541	1138
496	1075
526	1107
480	1101
492	984
496	840
519	974
492	1074
510	1004
517	947
537	970
543	1038
511	1170
493	989
503	1191
450	1326
503	1262
515	1322
507	1224
542	1476
530	1619
517	1833
530	1584
501	1427
525	1493
495	1028
523	1121
493	1208
560	1184
504	1115
519	1595
509	1220
511	1569
514	1703
475	1338
493	1824
569	1764
517	1954
538	1756
510	1903
548	2049
555	1901
472	1677
519	1654
513	1516
456	1214
463	1116
440	980
539	996
487	1004
506	911
520	1003
513	969
510	1224
406	966
449	961
461	907
489	947
432	1247
502	1133
457	1093
452	1096
463	1168
471	1182
510	1501
428	1366
505	1598
666	2489
589	1880
576	1294
513	1064
499	1266
603	1825
515	1222
524	1008
514	890
489	932
542	871
529	1004
530	872
517	800
446	965
470	896
549	1016
477	1019
521	1124
547	1039
562	989
470	1001
529	1007
474	866
470	1063
540	965
466	986
468	1025
529	1075
495	1076
523	1298
520	1221
553	1712
526	2049
515	1597
543	1727
558	1511
548	1279
536	1321
501	1512
617	1975
506	2064
522	2809
508	1973
490	1160
549	1550
550	1921
511	2830
577	2730
593	3206
599	1880
509	1828
585	2021
486	2115
504	2134
549	1585
561	1602
496	1170
487	1356
512	1573
520	1213
476	1356
512	2359
772	9784
990	10804
924	8913
770	7099
578	2570
617	3104
534	1467
458	1370
510	1385
564	2363
534	2093
516	2165
563	1942
535	2408
575	3290
628	5509
774	7388
734	5386
533	1759
488	1048
544	1072
528	1233
533	1237
477	1033
536	1103
578	1040
556	1022
499	1134
478	1179
468	1164
497	1280
466	1120
493	1047
527	1196
516	896
490	950
485	1029
436	999
452	922
491	929
460	884
514	960
506	988
476	1121
495	972
449	874
490	1055
476	966
473	843
491	974
454	840
498	869
475	848
457	938
434	1041
445	972
531	992
456	1100
524	1021
516	916
470	914
487	1082
447	947
427	951
462	838
447	964
509	1068
470	874
482	823
496	1007
502	942
520	971
479	1018
476	1007
387	1038
453	1024
429	1111
444	1132
476	948
474	992
458	920
449	897
484	1085
487	1123
502	1195
476	1044
512	1038
468	998
484	1209
545	1032
525	956
487	1047
468	932
495	851
504	873
507	1038
476	1018
470	885
506	1085
546	843
556	976
524	934
498	934
506	885
498	967
483	939
578	944
508	949
463	1045
465	993
566	998
496	931
504	1026
478	951
521	928
494	899
503	1001
521	1006
519	927
533	1130
528	982
482	896
471	923
497	1065
480	1023
549	944
496	1111
481	1174
491	1084
523	984
487	978
524	1168
558	1305
577	1251
492	1206
532	1235
479	1269
508	1226
553	1414
582	1151
500	1089
459	991
518	1009
551	900
525	935
516	975
523	1034
522	1043
508	974
508	1115
516	1252
515	1218
487	1621
528	1694
492	1567
493	1450
496	1411
529	1550
560	1477
526	1724
495	1402
527	1362
461	1174
581	1222
583	1934
528	1659
484	1478
558	1953
542	2707
514	2000
539	1897
512	1523
524	1588
577	1680
587	1661
591	1529
590	1693
545	1649
550	1612
586	1647
625	1886
550	1604
507	1544
522	1700
528	2256
625	2288
632	3156
566	2960
643	2204
564	3062
599	3619
527	1947
520	2007
516	1917
524	1668
537	1494
547	1458
472	1637
529	1446
487	1373
472	1425
505	1269
555	1215
490	1197
505	1174
507	1484
472	1492
583	1432
501	1509
570	1161
534	1265
461	1340
453	1129
496	1096
436	1153
506	1156
566	1091
531	1019
511	937
481	1180
483	1018
540	815
527	927
490	1028
475	972
508	927
529	909
524	806
483	879
512	874
529	968
551	943
492	1011
556	883
561	948
521	1087
502	1027
525	937
514	880
415	756
532	881
492	826
516	977
471	996
470	880
470	991
500	1030
522	951
529	1020
540	1027
488	862
500	879
506	789
531	861
548	934
601	758
578	1008
588	1122
588	1025
566	1129
606	1134
507	863
559	891
561	703
546	884
589	893
586	851
606	1035
635	941
655	964
691	939
724	991
613	917
629	889
647	1036
686	1089
689	1215
695	1127
766	1230
700	1272
719	1272
628	1115
649	1191
719	1413
896	1403
885	1324
747	1287
842	1387
872	1293
1105	1224
1085	1249
1158	1403
1223	1438
1473	1716
1774	2029
2218	2045
1955	1946
2103	1922
2158	1895
2139	1955
1939	1748
1918	1828
1958	1719
1693	1323
1542	1166
1441	1228
1291	1352
1285	1168
1226	1158
1169	1071
1124	1043
1032	1085
1095	1173
1095	1302
1180	1308
1223	1577
1124	1539
1230	1801
1355	1893
1247	2062
1081	2247
1127	2086
1106	2181
964	2138
859	1870
758	1417
694	1200
687	1301
619	1164
707	1186
637	973
616	916
649	1160
587	1060
588	1036
614	1094
582	1280
545	1487
596	1498
577	1641
619	1705
584	1636
602	1434
610	1256
552	1101
567	1222
511	1139
531	1163
517	965
490	963
492	843
570	1189
602	1043
573	990
536	1174
497	1073
581	1138
549	1184
583	994
494	947
500	946
549	1054
556	1085
554	874
539	838
572	825
538	895
555	916
655	787
619	831
596	941
534	812
516	842
540	896
506	845
473	738
526	824
546	872
526	1001
539	1221
553	941
502	1064
504	1146
557	1225
532	1105
577	1124
547	1077
584	1078
566	1034
548	1240
558	1267
571	1198
489	1102
447	1175
554	1156
548	1139
496	1085
470	883
525	1081
508	1027
519	1123
535	1100
511	987
558	998
533	993
485	1042
557	881
576	854
602	923
646	868
616	1015
536	864
527	827
506	876
534	925
585	997
577	895
530	943
517	869
528	885
575	1047
579	1027
608	945
543	994
551	980
520	987
589	1087
562	853
584	986
509	1097
577	1053
527	1000
484	1072
529	1335
618	1050
614	998
577	1147
518	1007
577	1006
544	1132
491	902
519	907
553	836
487	1058
508	937
501	997
490	975
522	1224
513	1089
550	1024
543	1031
508	1048
528	1335
522	1124
508	1329
517	1309
577	1465
547	1237
553	1226
558	1371
618	1273
581	1046
554	1198
557	1063
630	1149
544	1029
629	1476
676	1731
603	1441
553	1276
539	1572
623	2551
627	3099
593	2698
615	1831
538	1382
681	1995
591	1542
613	1348
615	1080
598	1059
598	1172
560	941
575	984
504	1114
585	1128
589	1172
594	946
565	912
573	1004
537	941
583	1254
551	1274
672	1367
629	1225
622	1188
575	963
579	1145
604	1137
487	1053
564	968
598	897
614	1048
624	996
737	980
710	1081
680	1157
662	1051
635	1206
613	1088
650	1292
611	1125
596	960
609	968
615	891
574	1006
604	992
647	1084
627	909
701	841
783	865
606	913
637	966
613	1047
606	866
638	1026
669	992
692	968
703	961
676	800
708	889
641	845
631	959
521	835
626	805
631	888
601	846
573	755
593	821
611	804
643	962
660	894
607	845
627	881
614	1029
667	956
678	989
721	945
661	970
633	1067
610	977
617	866
654	949
594	851
615	871
605	917
573	931
623	1140
610	1019
611	1143
643	1164
568	971
636	849
557	910
586	904
578	848
554	904
544	996
576	796
545	867
576	760
619	831
540	1061
590	1206
559	1025
552	1094
548	842
557	1163
552	1197
581	1135
603	1247
611	1138
582	1126
564	1089
594	975
510	936
508	853
558	840
540	829
503	960
544	900
569	1005
528	1102
587	1105
598	1128
554	1187
589	994
517	1068
573	984
555	923
622	1143
550	1024
513	894
661	998
598	957
558	906
597	946
531	888
539	957
555	1072
524	1049
493	885
484	959
516	838
523	1048
511	966
551	911
584	1000
579	919
639	853
562	933
616	978
500	1048
521	982
588	976
589	944
585	1041
569	947
568	1123
569	1001
566	840
526	1065
487	1069
547	1122
540	933
555	1114
547	1119
572	1211
574	1146
600	1055
613	1071
577	954
623	986
576	920
622	1021
561	941
594	774
610	955
598	969
581	1000
598	978
619	960
665	1020
619	1097
575	1228
617	1172
558	1180
520	914
583	899
535	951
585	910
560	794
511	792
565	856
501	894
547	995
475	776
543	1037
541	972
549	1036
524	1088
593	1005
559	966
534	1101
556	1196
540	1300
618	2729
712	3800
614	3332
673	2840
871	8525
977	10765
1035	9279
951	9213
794	5739
822	3130
918	5926
892	5381
857	4564
822	5996
961	5673
909	2114
883	2004
857	2175
805	2341
890	2155
826	1746
833	1994
932	2637
853	2046
915	1084
903	1085
986	1047
1085	1033
972	1051
894	920
980	993
1083	1170
1044	956
1016	887
1051	1006
1162	932
1189	1169
1329	973
1830	1118
2147	1131
2826	1358
3133	1432
3330	1550
3764	1435
3715	1568
4028	1686
4250	2033
4214	2024
4064	1901
4111	1728
3756	1609
3701	1809
3358	1644
3235	1826
3172	1878
3286	1650
2786	1552
2397	1580
2068	1401
2092	1616
2104	1345
1906	1386
1648	1092
1541	1068
1547	1054
1473	1135
1415	985
1249	1009
971	1010
972	923
973	815
847	1045
804	1095
782	1149
742	1045
812	1242
835	1140
772	1247
824	1210
798	1273
870	1353
885	1240
747	1162
678	1023
755	1250
733	1186
700	1122
760	1132
759	1244
825	1197
784	1126
795	1429
837	1294
869	1280
849	1230
909	1214
835	1111
794	1209
787	1249
880	1058
907	1295
957	1380
949	1312
989	1207
1110	1301
1173	1190
1194	1105
1118	1199
1197	1286
1089	1271
1119	1195
1199	1173
1381	1113
1213	1214
1122	1157
994	1140
981	1063
934	1085
998	1129
892	1172
819	1180
826	1121
703	1317
671	1198
638	1183
682	1316
635	1224
626	1132
588	964
581	1143
555	1390
519	1250
586	1356
584	2355
592	2223
592	1229
585	1117
591	1387
567	1190
574	1326
508	1187
568	1090
620	1079
574	1083
534	1198
592	1131
547	1481
589	1568
522	1268
592	1188
543	1002
575	1061
531	1015
581	880
572	890
519	975
553	944
491	951
517	864
567	985
518	1082
553	1075
500	1205
489	1019
502	1041
532	991
547	993
556	1312
530	1222
532	1074
526	1049
564	1008
542	1022
552	918
628	974
628	1027
576	842
594	976
654	993
583	760
654	928
598	951
586	1057
606	1036
572	1041
609	962
581	975
583	945
579	1091
653	997
619	956
594	960
591	956
660	995
581	1053
593	969
662	953
661	932
693	960
660	1029
673	875
697	888
735	815
653	850
721	873
615	872
663	1001
640	1011
646	1069
704	1036
708	957
622	1022
727	1045
771	1084
773	1112
736	1141
653	1152
745	916
775	933
748	946
689	1010
725	982
743	977
782	952
764	1036
726	1046
733	1055
699	1089
715	1090
763	1030
785	1238
717	1321
747	1035
750	896
776	1186
751	1047
797	1232
776	1232
814	1350
855	1129
845	1221
834	1214
792	1060
811	1300
839	1199
841	1055
881	1142
849	1205
836	1123
858	1069
883	1069
841	1092
819	1243
892	1137
809	1104
848	1192
867	1155
911	1032
958	1086
1028	1122
1059	1156
1173	1323
1118	1135
1100	969
1054	904
1023	1043
1061	1078
1087	1130
1108	1112
1000	1205
1021	1326
1044	1595
1152	1289
1205	1176
1176	1261
1222	1140
1350	1130
1368	1035
1343	1120
1534	911
1545	1059
1503	951
1498	965
1599	1011
1472	1048
1483	1202
1416	1625
1346	1497
1371	1448
1438	1521
1416	1429
1363	1450
1368	1879
1393	1498
1364	1470
1334	1481
1402	1258
1415	1114
1453	1209
1483	972
1629	1176
1684	1154
1672	1195
1635	1157
1606	1184
1486	1074
1481	1231
1363	1270
1290	1401
1243	1462
1409	1316
1404	1256
1308	1214
1382	1154
1445	1258
1512	1320
1629	2515
1613	2026
1652	1655
1666	1761
1669	1407
1659	1374
1586	1364
1571	1335
1486	1419
1440	1637
1398	1609
1361	1837
1277	2101
1286	2174
1285	2176
1379	1692
1423	1359
1449	1401
1447	1691
1481	1677
1594	1631
1558	1547
1721	2008
1802	2655
1776	4085
1643	3193
1565	2300
1400	2376
1294	2293
1300	1927
1235	1560
1151	1591
1120	1575
1038	1677
1021	1228
1040	1266
1129	1393
1165	1255
1128	1340
1047	1145
1122	1272
1176	1165
1214	1132
1127	1151
1065	952
1018	1046
1008	1077
1004	1180
937	1130
901	1301
899	1259
817	1144
950	1168
822	1038
801	1184
770	1178
708	1063
778	1188
731	1030
737	1058
720	1003
716	948
729	828
736	799
643	1199
680	1130
631	1236
703	1183
691	1196
607	1031
652	1080
647	935
610	961
654	1039
610	1024
654	1094
667	1142
595	1067
624	1352
629	995
617	1036
632	984
626	915
587	970
539	928
622	911
532	864
580	1035
600	953
653	870
600	1014
601	935
595	971
592	924
598	1014
531	1105
593	1015
564	1081
592	1015
574	1103
641	1081
637	1111
605	1232
616	912
546	993
587	987
580	815
658	834
562	888
617	889
580	1067
594	1119
574	1037
615	1053
588	1024
619	1102
671	1051
660	960
631	1024
645	947
689	902
702	965
665	1001
666	973
757	1032
711	1011
696	1023
712	885
742	1062
769	1076
718	914
693	1034
674	1084
707	1076
752	1244
805	939
796	1069
797	984
764	848
735	990
838	961
822	972
768	1114
741	1195
712	1061
738	1144
726	965
755	915
712	1037
716	908
723	1172
682	1185
695	1014
728	983
704	997
767	992
717	906
727	1020
661	1002
652	889
699	1025
667	1008
651	1082
659	1027
680	1089
684	1071
663	1047
640	1006
659	891
632	966
631	1047
581	1151
611	1084
595	1129
692	1056
591	1032
662	1074
639	1025
614	1227
639	1103
595	1069
664	1068
646	1075
551	1111
563	988
640	1137
682	1005
673	1106
677	1057
694	1173
600	1052
567	1132
599	1051
647	1307
717	1156
589	1051
554	1068
640	1198
623	1042
630	955
688	1030
738	882
708	945
685	979
729	944
674	1049
754	1034
730	1091
691	1228
686	1264
702	998
679	814
695	1050
679	908
713	856
659	852
639	889
608	982
591	941
633	885
671	928
634	1010
706	1042
631	997
681	823
600	987
637	1019
584	929
624	905
615	946
587	1068
580	1109
593	1027
530	922
553	955
581	1020
525	995
539	901
548	825
542	1002
584	1060
510	840
553	959
597	939
561	859
592	927
536	949
585	989
538	956
569	848
559	821
501	898
566	986
597	1099
560	1052
575	1027
547	1032
513	1084
562	1078
517	996
582	1158
593	973
590	1041
599	946
573	986
555	904
631	963
578	891
590	945
599	1000
655	1036
563	918
532	1069
566	918
608	938
583	1019
612	964
556	884
553	975
604	1044
633	846
621	861
629	999
638	1075
610	1091
630	1017
600	1023
628	973
659	950
614	1178
618	952
660	875
637	863
691	1041
689	1275
679	1052
633	1036
619	1037
634	962
665	868
567	919
592	915
613	1006
618	936
593	1034
568	1138
567	954
619	1032
578	823
686	884
650	1175
673	1055
713	969
672	869
662	1009
628	1013
659	1155
667	1083
681	1085
735	1074
772	941
836	1008
695	1067
659	1132
642	943
651	935
665	1048
656	1120
679	1096
678	951
710	1077
730	1093
768	1172
769	1129
706	1240
715	1084
620	1070
651	910
676	960
692	921
621	1038
627	961
595	1077
550	1063
567	1131
616	1183
664	1234
652	1125
593	1111
595	1094
547	1147
553	1058
453	981
538	948
503	1042
501	961
498	936
535	1046
584	1064
550	996
535	1048
543	959
530	901
547	871
556	968
557	986
580	977
591	842
573	758
587	951
566	904
575	790
565	965
540	962
613	1130
556	1008
582	992
635	933
633	891
673	914
680	1012
627	1016
635	890
629	768
608	766
635	889
606	816
620	1037
597	1006
669	1067
634	823
679	842
601	902
650	943
682	773
702	925
706	1004
643	1058
642	997
741	982
783	802
749	826
695	821
658	961
726	867
795	884
766	718
750	957
815	892
808	889
877	844
872	1032
925	813
943	839
922	953
1001	816
864	901
975	865
941	913
939	967
1025	813
1068	906
1040	879
989	885
982	791
1119	986
1147	1038
1100	859
1116	881
1205	969
1321	933
1398	900
1322	971
1261	1066
1324	885
1258	966
1341	1047
1566	925
1522	1008
1497	881
1407	833
1517	866
1581	940
1611	881
1566	849
1559	980
1573	841
1767	760
1705	987
1711	987
1834	1006
1871	1026
1987	990
2084	1133
2073	1080
2026	1005
2006	1057
2111	1072
2039	984
2091	853
2067	1060
1994	964
2050	925
2153	915
2334	897
2246	1043
2380	1041
2489	1025
2458	888
2602	1067
2590	979
2672	984
2820	1050
2985	1036
2905	1009
2779	1044
2709	1048
2633	1081
2628	1093
2592	1145
2674	1197
2915	1095
2892	1193
3065	1140
3311	1029
3157	1134
3545	1194
3464	1153
3720	1114
3738	1257
3760	1189
3505	1185
3313	1171
3245	1010
3111	1057
2930	1044
2889	1088
2777	1101
2741	1161
2645	1428
2797	1092
2962	1122
2944	1004
3433	985
3533	1046
3886	1069
3969	1347
4109	1109
4052	1249
3920	1233
3751	1180
3420	1129
3234	1197
2927	998
2810	1149
2698	1082
2634	1167
2323	1218
2194	1018
2266	965
2269	996
2269	974
2359	945
2489	942
2687	1047
3071	1139
3446	1064
3708	1195
3787	1171
3652	1028
3068	1037
2836	1049
2834	1018
2675	1042
2389	991
2231	1116
2040	929
2016	893
2033	1071
1758	945
1895	818
1732	837
1668	948
1891	997
1687	1174
1569	1167
1426	1060
1526	991
1491	971
1397	886
1254	1076
1197	841
1124	841
1113	847
1119	866
1124	854
1051	775
1053	824
1051	787
1063	954
958	1032
956	912
900	957
844	1003
871	1000
830	895
805	812
842	915
847	987
837	1089
842	1011
824	1086
810	1048
770	921
892	1013
863	1089
824	1150
862	907
907	1072
823	1062
807	981
748	938
638	1014
734	979
657	958
725	982
609	868
623	883
662	1105
671	1195
587	1063
541	863
569	976
593	1029
596	1135
596	1134
598	1036
588	1030
543	1146
594	1347
514	1234
544	1053
526	1159
573	1105
555	1085
543	1114
610	1104
647	1114
684	1194
597	988
666	1010
669	1188
694	1078
647	1051
678	1400
643	1529
689	1471
720	1415
746	1687
798	1663
726	1524
856	1454
800	1370
724	1100
587	1060
631	1051
701	1184
705	1062
708	1029
673	959
717	963
741	1035
649	1067
592	979
618	1050
621	1267
614	1361
632	1341
647	1402
575	1477
563	1165
645	1214
641	1422
708	1315
618	1617
628	1404
568	1292
596	1059
574	1041
615	1081
571	1127
625	1157
587	1065
583	1277
601	1313
561	1188
611	1054
605	1095
527	1202
520	1079
530	934
528	1064
504	1006
467	964
548	1034
550	1013
577	1045
541	984
580	1069
553	1297
576	1368
602	1457
639	1467
557	1215
533	1180
566	1180
585	1299
578	1152
579	1094
511	1263
518	1162
507	1187
575	1286
527	2007
553	1900
549	1749
564	1466
637	1215
680	1164
644	1291
699	1212
610	1170
616	1076
631	1174
594	1067
617	965
600	848
598	904
590	817
577	1104
536	966
552	1071
533	1070
578	1029
566	1092
607	1039
663	1093
642	947
699	1019
646	1230
625	1160
609	1002
623	1096
583	1108
630	1132
594	1212
560	1197
506	1349
516	1445
521	1267
515	1240
512	1364
504	1179
539	1328
518	1211
493	1174
522	989
521	1106
529	939
577	826
543	814
483	937
480	881
477	992
505	1070
517	972
539	888
508	1073
459	967
453	936
560	970
466	1023
466	889
501	1065
599	928
551	1017
555	1078
487	951
534	1136
547	1138
492	874
466	803
504	880
594	1087
525	1008
525	1111
495	1005
533	1028
536	1208
505	1123
533	985
503	977
488	951
550	912
543	1010
495	939
542	944
496	891
516	872
484	812
510	809
471	863
459	888
471	1021
455	986
510	1046
541	1123
572	986
552	1088
566	940
539	895
557	871
619	823
521	826
513	799
535	747
536	870
538	826
506	938
603	1542
671	2030
674	2797
632	2936
656	1353
598	2286
711	5861
661	3246
708	3291
663	1560
639	1198
705	1336
694	1072
730	1102
658	1284
645	1147
733	1015
722	1398
748	1295
664	1048
723	1113
690	2294
733	2435
756	3372
739	3504
732	3107
819	3915
801	4736
803	4598
812	4965
912	5127
863	3885
977	6131
844	5566
913	4926
805	3638
738	2217
751	2201
734	2328
786	3225
801	3187
764	3123
804	2579
810	2719
864	2336
803	2053
882	2952
906	3393
934	4098
933	3169
1121	5900
1033	6257
1042	3133
967	1518
937	1533
905	1052
935	1173
905	962
815	987
817	983
808	1057
813	998
769	1205
878	1278
840	1296
863	1503
888	1871
1005	1776
1040	3075
1105	3619
1147	2602
1198	1971
1240	1266
1189	1136
1220	1011
1149	1020
1073	1065
1029	992
1067	961
919	1044
872	966
961	1066
910	1021
863	1052
929	1039
958	1002
1054	962
1027	921
1007	981
1165	975
1260	987
1356	1236
1386	1275
1410	1147
1424	1000
1425	889
1386	960
1265	1315
1258	1101
1206	1049
1067	988
973	1149
880	996
987	1041
923	1030
1043	884
1038	1101
1089	964
1023	993
1194	903
1243	989
1265	1106
1388	1232
1387	1009
1400	1056
1286	966
1316	1047
1224	1136
1153	1121
1000	1144
1030	1112
960	1111
857	958
857	1016
905	1210
904	1316
918	1201
975	1243
904	1036
993	1044
1115	1216
1196	1090
1225	1151
1176	1123
1158	1054
1119	1075
1170	1129
1027	983
891	933
940	876
797	1022
803	900
792	886
824	1111
735	1064
743	1133
779	1103
807	1098
822	896
858	1031
914	1024
966	1177
1044	1177
1022	1160
1077	1229
1027	1195
1043	1368
953	1283
943	1338
845	1256
783	1222
740	1126
716	1180
689	1110
626	1201
712	1112
722	1017
694	1035
822	945
816	1115
936	1149
1052	1279
1003	1261
1012	1114
1009	1215
1009	1380
1020	1375
981	1436
813	1203
756	1244
725	1127
802	1217
743	1219
785	986
777	1098
764	970
741	987
810	995
864	963
801	962
802	1028
763	1122
791	985
803	1090
813	1153
838	985
707	967
690	966
744	913
678	1142
635	961
631	1111
614	1163
651	1193
623	966
641	980
713	938
656	1088
720	1095
668	1195
652	1163
607	1087
664	1037
568	873
606	957
599	910
613	1077
631	1220
584	1162
622	1097
621	1163
653	1283
643	1076
634	1094
604	1146
625	1110
602	1099
601	1224
653	1235
587	1344
586	1064
638	1236
615	1279
601	1424
585	1180
571	1174
522	1228
596	1395
532	1691
506	1465
520	1739
546	2026
560	2139
553	2585
533	3560
584	3219
549	3462
565	3667
574	3106
573	2853
562	1881
604	1841
583	3331
564	3481
618	5000
717	9437
931	15585
1486	21727
1399	21194
1496	20208
1377	19105
1093	17287
1068	16397
1075	15928
1034	14190
1147	14213
1081	14796
1011	13830
906	12201
919	10981
836	12032
891	12930
861	14348
996	15595
1083	17233
1002	16687
851	13986
768	11831
734	6580
678	7383
787	12241
1046	14365
1097	15629
1058	14560
692	5989
514	2801
530	2215
537	1607
568	1168
504	1008
507	956
473	972
473	1044
465	995
523	1069
493	1141
504	1146
559	1172
611	1084
534	1074
530	1044
474	980
520	1067
481	1116
539	916
521	823
505	904
546	997
469	854
449	808
460	883
568	976
570	939
546	938
565	1002
530	914
527	922
523	1163
562	972
571	1167
537	1034
479	960
578	864
514	839
495	976
561	1062
502	1049
501	990
515	1086
531	1032
500	1166
549	1033
527	1035
583	1133
570	1010
679	930
613	1007
677	1047
687	1005
736	1066
676	836
661	1045
660	988
599	751
674	1005
604	951
586	907
587	909
636	1050
616	1072
591	1144
535	1196
574	1043
589	989
586	997
651	844
576	872
647	954
612	847
649	901
668	1132
668	953
628	1083
560	1059
546	1007
550	942
586	972
578	1144
593	1057
579	1031
619	1246
608	1143
683	1116
669	904
689	898
753	938
810	1049
736	1035
773	1018
739	977
789	1022
758	1246
860	1047
847	980
881	956
898	1000
908	910
925	832
962	1031
1016	946
888	1023
879	1005
868	971
894	887
867	1158
856	1115
793	957
793	1034
730	1106
719	1025
736	1005
820	981
870	951
852	873
830	1008
925	899
860	911
878	819
1059	977
1013	938
985	800
972	937
891	934
864	984
805	867
795	1047
823	780
757	930
769	954
836	993
754	860
730	1069
738	1403
820	1153
887	1028
936	1150
916	1187
888	1134
893	1187
924	954
779	1001
765	1256
782	1534
775	1532
820	1453
756	1145
747	1223
725	1510
790	1415
707	1252
716	1182
719	1065
685	1045
650	929
614	1243
634	1231
579	1378
652	1015
601	1109
591	890
562	1061
580	1455
601	1503
593	1669
567	1454
615	1214
605	1097
584	1083
592	1041
601	982
599	1054
561	998
560	1093
607	1092
654	1190
665	1106
645	965
648	833
683	1015
706	960
784	962
724	869
628	833
572	1016
636	958
583	933
585	896
653	1019
659	1038
611	1136
585	1123
561	1030
615	980
539	819
541	987
580	967
643	1042
613	1215
525	987
505	908
520	932
576	868
612	832
546	854
574	867
571	903
588	941
640	886
544	1032
583	1049
567	1079
632	1018
582	1197
603	1464
554	1475
553	1290
585	1348
583	1454
649	1126
613	1141
573	1199
593	1335
627	1427
598	1208
646	1049
597	1117
639	1079
593	990
603	1049
567	1064
596	1211
604	1043
646	1209
581	1105
598	1132
562	1029
603	1042
555	1027
562	1047
573	1180
617	1208
567	1072
608	1107
665	965
543	792
629	852
576	1027
594	962
588	886
622	755
675	981
620	1035
655	1097
611	1085
643	1142
663	1040
709	1219
712	1173
638	1136
554	851
575	812
628	863
554	918
597	768
588	781
558	880
585	807
589	866
599	785
543	910
640	893
628	915
628	1034
651	995
582	938
588	930
588	943
608	858
606	875
610	803
592	833
614	1021
669	1200
666	1046
676	922
659	820
785	991
689	812
703	984
784	1052
751	1110
738	1039
745	962
756	956
695	1031
687	1027
763	903
774	1095
800	947
748	988
808	1071
796	1018
840	1212
957	1100
911	1107
872	1140
929	1273
886	1168
963	1025
1041	942
1001	1028
1041	872
1032	975
1035	1103
1135	1161
1060	1397
1123	1673
1140	1283
1239	1180
1270	1216
1199	1025
1164	956
1107	791
1173	938
1180	1098
1150	1003
1117	961
1076	1114
1151	1196
1253	1166
1272	853
1272	914
1290	1010
1434	990
1533	957
1539	752
1616	1004
1631	977
1629	1170
1571	1204
1541	1101
1316	897
1309	1074
1299	964
1151	1166
1144	1113
1087	844
1147	932
1205	905
1183	848
1179	1022
1280	949
1397	939
1320	1042
1428	939
1460	924
1528	969
1516	953
1564	953
1527	967
1409	1064
1218	1137
1231	977
1346	873
1188	993
1118	1055
1071	1117
1063	990
1080	961
1221	993
1167	1118
1204	1047
1186	1149
1263	1294
1280	1146
1319	1502
1340	1365
1237	1454
1195	1559
1307	1586
1246	1477
1178	1470
1179	1756
1227	2096
1179	1917
1123	1214
1027	1070
1054	1116
1020	1125
1024	1242
1095	1141
1102	1133
1064	941
1041	1050
1091	1202
1065	996
1000	1063
936	1066
896	1117
937	989
948	932
971	860
969	842
1083	841
1111	820
1223	955
1243	1083
1285	1121
1315	811
1363	858
1324	934
1295	954
1156	1030
1013	853
896	798
932	880
918	980
785	945
795	1029
859	951
831	998
896	1043
870	939
967	1226
1011	1119
1071	868
1194	814
1288	845
1417	847
1379	994
1353	880
1200	1022
1029	924
953	1092
867	845
815	966
847	868
769	977
760	968
770	982
746	1031
815	1127
819	1073
869	1042
912	958
980	956
1057	1251
1150	1140
1302	1293
1370	1365
1453	1086
1239	1074
1090	1177
922	1173
904	1079
810	1048
764	1140
791	1190
800	1180
761	1196
816	1332
862	1146
836	944
855	967
937	957
1035	1088
1086	1099
1217	1029
1242	1065
1280	906
1220	1232
1099	1172
955	1125
869	1202
848	958
876	1138
791	940
771	1015
664	1024
726	957
712	1118
764	1184
700	1180
732	1135
873	1048
952	1097
1143	1159
1280	1283
1185	1051
1323	1321
1282	1327
1082	1355
1026	1156
920	1375
793	1325
797	1395
790	1117
638	1130
657	1253
665	1201
639	1244
761	1270
666	1221
709	1233
728	1342
764	1217
800	1224
782	1090
781	902
854	918
747	958
683	878
621	762
665	847
610	924
636	931
586	930
629	1032
549	1249
576	1375
647	1188
630	1054
565	1188
591	1260
507	1166
607	1276
672	1088
594	970
599	1026
532	972
510	915
510	968
516	1185
468	982
503	864
562	952
533	937
555	988
509	994
555	975
556	973
524	1058
507	1152
651	1347
515	1140
507	1172
519	1122
493	1182
454	1068
502	1064
489	1045
399	1018
408	880
423	903
454	822
408	812
453	871
462	884
453	787
473	886
469	900
474	924
521	1011
551	1187
506	1085
476	984
505	886
490	1113
467	1073
510	943
503	1045
446	850
476	873
502	824
463	843
518	886
537	819
457	861
506	964
479	971
485	938
461	1041
471	935
512	878
556	787
507	828
408	859
484	780
452	968
406	900
483	1008
466	1006
455	1004
441	1011
502	1012
428	1031
492	1064
490	1009
507	852
486	904
500	1017
493	923
486	920
462	896
479	984
506	967
463	827
430	887
483	907
531	1101
489	1092
441	929
455	877
490	895
472	735
496	974
505	969
476	923
451	991
537	947
515	1071
469	907
425	948
515	1020
451	1138
469	1051
439	965
467	898
439	994
456	969
449	960
477	1030
481	1065
499	1254
483	1205
495	1156
481	1157
501	1055
497	1205
511	1213
503	1057
514	1188
538	1268
455	1060
551	955
552	1194
492	1056
483	854
532	948
505	1228
481	1245
499	1265
465	1092
501	1043
483	1132
514	950
503	1017
475	985
488	902
576	892
477	993
463	1232
439	1147
499	966
431	903
494	951
482	906
452	919
489	1113
486	1071
520	1121
453	883
550	1074
496	1065
471	896
533	1088
559	1009
469	1082
523	970
525	877
555	1018
510	954
508	1064
518	1036
499	1092
546	1014
506	1059
539	1050
545	1001
508	1060
507	1097
485	1182
488	1482
483	1298
511	1419
579	1349
507	1272
593	1356
562	1255
499	1130
566	1080
540	966
539	957
545	1125
511	1209
534	1120
507	1136
534	1247
489	1309
500	1100
511	1091
473	1035
510	1263
475	1232
507	1077
532	1240
497	1301
540	1328
598	1347
585	1005
576	1177
547	1289
517	1047
553	944
596	955
532	931
557	898
513	1181
510	1076
583	1092
533	1232
611	842
554	848
538	927
565	1048
594	1081
606	1002
603	935
543	887
548	912
500	983
531	988
602	851
574	1035
591	999
494	923
504	1064
506	1065
517	932
530	824
570	957
591	1095
550	1136
591	1332
534	1008
516	1006
563	1071
519	887
570	998
532	980
567	1122
547	968
517	1002
580	978
616	1099
608	976
583	908
584	1007
570	1086
503	1092
550	1059
547	928
510	1061
513	788
485	827
505	928
534	1109
493	1022
570	1061
530	975
547	865
535	870
590	947
539	972
585	1086
532	1039
536	995
457	796
489	1030
551	1003
570	1021
528	916
547	1001
459	894
521	1109
546	957
609	981
558	827
502	968
515	963
498	927
547	922
524	933
521	926
599	1152
498	1096
545	1159
593	1082
536	958
510	847
498	960
557	972
505	1184
522	1111
621	1234
504	923
565	1021
544	858
605	885
587	1031
611	973
542	1013
518	1016
505	1113
633	1099
578	1109
623	1089
599	836
543	1004
556	1060
543	1070
643	1022
554	923
517	878
560	897
514	1122
597	1204
487	1235
515	1464
512	1489
460	1356
520	1309
513	1054
563	1174
571	989
523	893
541	1087
532	1121
525	1022
587	872
536	951
615	889
587	1158
494	1100
550	970
561	1236
515	1111
536	1073
546	1181
573	1132
586	1056
558	1078
570	1228
566	1059
582	1163
597	1269
566	1289
598	1236
662	1340
684	1541
557	1556
588	1452
591	1217
705	1332
620	1192
665	1137
650	1237
631	1327
645	1600
581	1722
699	1620
630	1330
665	1394
682	1671
702	1913
677	1609
667	1636
703	1687
732	1651
660	1420
707	1127
639	931
601	858
642	1034
601	1033
721	1007
656	1043
706	1153
701	1146
664	1037
676	1033
661	1133
761	1242
706	1077
679	1145
706	1158
737	1106
725	1012
759	961
742	895
700	912
716	1056
689	1172
635	1099
641	1019
715	998
686	951
656	1080
698	1120
679	1068
574	920
708	987
687	1037
699	926
650	987
688	1054
651	1091
621	985
672	1129
673	1107
685	1100
675	999
663	989
666	892
599	929
645	909
591	896
569	937
605	1071
581	1297
602	1164
538	1188
591	1261
559	1134
534	1033
569	1115
541	1499
607	1584
606	1393
581	1568
597	1966
558	1693
592	1276
610	1082
577	1180
538	1229
565	1236
576	1315
623	1339
611	1409
532	1261
606	1260
538	1157
611	1253
618	1349
641	1313
561	1526
601	1585
664	1667
565	1740
565	1912
560	1285
544	1528
543	1187
531	1153
535	1213
532	928
571	1149
527	1226
641	1103
605	1187
582	1112
558	1054
567	950
537	1121
518	1044
580	1046
525	1172
536	945
565	1101
659	1105
524	1124
518	1187
562	958
478	1008
550	903
580	948
509	1057
467	961
578	1142
579	1121
561	960
564	951
554	958
489	1013
540	1081
576	1199
576	1305
515	1149
506	1033
556	1249
538	1160
539	1089
530	1071
508	1360
561	1333
562	1425
542	1680
624	2160
577	2100
566	1835
580	1653
530	1875
583	2222
542	2275
610	2553
598	2820
565	3233
598	3305
567	4468
590	5008
717	5440
682	5391
730	5796
760	6105
765	6430
751	6013
726	6357
680	5341
721	4879
558	4589
582	3487
609	2531
545	2476
505	2463
565	2763
563	2717
610	2530
537	2058
567	2347
592	2601
569	2915
577	2529
558	1946
618	3017
620	4020
583	4709
582	4444
594	3453
588	3155
582	3280
604	3651
604	3352
588	3040
628	3545
638	4506
618	4696
647	4932
675	5215
651	4792
679	3924
614	2997
570	2184
600	1951
564	2116
550	1745
601	1459
609	1325
525	1441
574	1407
523	1328
547	1375
619	1404
579	1494
567	1247
622	1418
591	1399
588	1092
545	1281
583	1134
541	964
591	945
545	997
457	982
526	854
522	921
446	876
449	784
494	878
499	954
516	829
553	1009
524	964
537	1060
476	1032
510	1012
505	967
585	1141
529	1133
542	1023
535	937
566	1063
473	1033
501	820
538	1057
553	965
531	907
540	955
568	1037
556	1034
534	773
535	1091
541	982
585	878
533	987
527	1050
572	1119
604	958
581	715
556	926
534	747
535	761
501	711
517	835
524	1104
522	920
492	962
497	860
512	920
554	854
543	905
573	973
549	1052
639	1056
602	983
569	1082
587	1010
516	1162
503	1161
543	1072
524	937
535	912
616	1027
583	1176
574	1086
501	1046
547	932
509	1088
570	1118
514	1285
630	1213
538	1252
559	1234
545	935
526	1029
520	940
564	1057
482	1042
584	1023
568	1042
568	1005
515	910
548	1088
655	1011
511	897
551	1024
572	948
609	1107
551	1140
568	1225
579	1004
618	958
595	1076
610	1044
621	1216
551	1107
621	1104
526	1246
579	1240
550	1394
542	1249
574	1505
541	1747
559	1787
545	1515
576	1815
600	1752
566	1493
568	1691
521	1593
595	1352
599	1389
531	1248
532	1308
583	1305
543	1424
587	1287
610	1088
565	1003
546	1094
509	1088
611	1022
610	1032
558	1114
547	1153
551	1067
565	965
571	900
565	914
575	861
562	1079
574	1182
612	1184
555	1056
565	993
604	1158
573	916
554	722
588	868
561	788
618	862
554	1053
586	1015
583	866
559	1030
603	933
562	962
555	1059
612	1039
606	903
613	1058
598	1051
604	1142
604	1018
627	966
644	893
621	982
620	1249
585	1457
645	1199
573	1223
646	1466
649	1405
634	1182
658	1104
638	1186
669	1242
651	1052
622	1193
695	1116
732	1290
683	1268
673	1058
660	1242
634	1066
746	1139
700	1226
638	1151
673	1115
648	1127
638	1078
760	1098
723	1131
730	1033
721	1086
708	1087
738	1310
817	1144
774	1055
793	1063
815	1001
847	1013
822	990
739	830
709	915
790	1011
799	1035
794	978
766	932
743	922
834	1031
858	1007
864	944
889	1172
927	1098
951	1187
973	1164
981	1158
932	1056
969	963
898	1098
890	1080
837	1104
840	1276
824	1204
886	1031
829	1039
803	1214
725	1083
783	1000
786	968
860	941
837	954
914	936
832	936
952	1060
885	1022
908	1187
888	1163
827	1321
910	1057
863	1154
820	1272
816	1053
755	1158
828	1147
761	1075
787	902
817	777
774	792
851	892
881	1057
866	976
820	880
879	1553
997	1269
1040	1202
1046	1074
1023	1023
977	955
976	968
1015	993
972	967
761	890
821	930
786	1052
747	1033
732	966
735	945
713	1017
674	1092
761	809
779	892
778	937
719	967
769	910
799	992
748	1057
799	1333
690	1180
658	1139
667	1172
737	1093
643	1076
710	958
670	998
615	732
619	803
680	879
655	708
711	824
642	1031
621	915
643	874
723	892
683	952
662	832
643	786
717	856
672	921
715	926
669	944
676	868
691	867
622	962
703	911
645	911
664	885
632	781
656	922
647	839
622	1066
610	1069
652	989
591	889
609	993
616	1002
635	1024
608	974
571	799
573	897
575	895
620	985
608	1060
644	1062
575	1000
590	930
568	848
577	1030
588	890
588	961
619	881
622	911
639	1007
602	1040
572	891
555	1146
630	1137
635	972
561	869
616	855
639	943
658	985
691	1012
511	799
550	905
566	894
568	825
516	850
596	872
581	858
529	789
568	933
529	960
573	887
521	984
532	963
630	1009
545	1034
530	1062
561	981
633	1116
563	1016
556	1021
614	917
563	1005
515	902
642	859
581	841
659	866
578	945
614	904
575	966
572	1021
560	928
521	958
547	1075
543	912
536	1077
521	932
529	825
529	935
580	1034
645	981
542	948
573	990
546	960
516	948
553	830
653	927
604	937
532	967
524	967
589	1150
583	967
562	974
540	1146
663	919
584	936
554	922
585	919
567	1085
525	934
555	676
632	856
566	930
524	787
530	782
526	766
591	746
526	883
575	936
495	890
547	852
470	987
564	1013
531	1025
493	868
522	814
515	948
465	1096
542	1163
590	1084
522	1137
635	1036
561	1026
502	1078
498	921
453	981
464	894
460	937
524	907
544	922
457	901
466	766
496	996
511	1028
570	1140
491	1205
533	1573
496	1366
493	1311
483	1256
495	1271
472	1396
506	1406
470	1339
465	1239
542	1111
537	849
579	941
503	1022
561	1186
565	1276
556	1427
543	1360
506	1111
579	1053
495	1121
523	1056
508	1131
547	1388
597	1164
511	1218
600	1231
516	1180
555	1089
527	1118
520	1182
598	1451
547	1794
490	1381
527	1285
543	1158
597	1138
518	1350
569	1226
616	1298
602	1310
576	1380
559	1314
566	1262
657	1138
716	1401
658	1220
641	1339
600	1197
608	1238
526	1227
530	1377
540	2088
818	2325
737	2320
662	1916
705	1430
811	1182
795	1143
745	1222
637	992
732	1239
643	1189
590	1149
576	1141
624	1051
592	999
632	886
649	871
603	951
604	1190
594	1077
570	1036
620	1011
526	976
540	983
620	1021
600	1084
559	937
526	1017
522	1029
495	1097
513	1056
504	971
452	1016
518	1152
496	1116
517	1310
597	1185
611	1166
550	1028
632	1111
555	1219
542	1236
533	1072
518	1272
512	1199
571	1253
603	1037
542	1248
503	1071
549	1173
561	1285
579	1228
555	1116
584	1029
488	1084
565	1153
522	1117
543	1200
573	1184
539	1193
524	1181
515	1002
585	1129
483	1140
606	1104
515	1235
537	1300
556	1154
502	1144
542	1146
475	1182
503	1161
591	1118
481	1078
573	1227
570	1057
534	1076
532	1226
594	1309
508	1109
525	1164
515	1216
530	1304
503	1549
511	1379
490	1248
562	1475
579	1324
580	1110
572	1015
540	919
581	973
535	960
545	1002
483	988
493	895
514	1029
520	1255
515	1242
483	1029
541	937
554	1067
518	1020
510	906
494	870
463	842
484	854
549	945
483	1070
556	1047
541	1055
589	990
548	791
550	837
570	925
504	989
544	855
559	714
588	777
614	961
590	903
613	967
577	968
516	900
503	801
540	925
556	818
534	888
571	888
536	947
587	969
493	850
589	862
571	851
588	963
557	780
652	862
600	934
614	924
560	983
607	1082
509	1179
544	1210
594	1323
578	1082
514	925
617	976
639	1005
644	1093
620	950
678	896
725	1075
665	974
756	1078
698	1115
673	1100
662	1035
694	1188
702	1283
705	1146
631	899
732	995
621	842
660	917
667	903
595	960
668	800
623	863
647	920
705	928
731	967
837	903
763	1050
772	1077
777	949
783	971
784	866
785	1003
756	1169
767	1023
728	881
672	899
623	1102
663	911
650	1019
686	1039
669	916
691	985
720	948
645	886
692	816
739	907
717	980
825	870
819	814
803	782
778	840
728	890
726	858
763	900
763	1037
672	876
683	817
686	891
626	1003
710	1029
689	818
692	1050
680	1132
595	1113
705	1128
727	1281
735	1127
704	933
683	921
729	903
655	791
690	929
714	813
742	841
674	909
659	789
607	893
652	1025
680	958
615	930
590	851
656	864
718	852
841	947
784	814
780	951
824	1070
735	976
652	992
639	890
647	887
633	901
573	870
520	944
479	1050
534	1050
549	913
527	1163
527	1018
489	939
528	1002
558	1053
550	1066
525	1341
539	1647
568	1797
566	1722
537	1736
562	1796
577	2053
651	1929
551	1675
506	1668
589	1634
530	2228
532	1547
563	1576
564	1739
581	1543
524	1191
552	1034
527	1268
589	2605
660	3037
667	4057
686	3795
620	2945
570	2053
628	1613
644	1389
588	1809
583	1750
565	1705
537	1888
603	2863
583	4113
662	4587
692	5487
701	7107
760	7779
827	9820
864	11644
772	10159
735	9365
724	6557
769	7335
588	3451
587	2832
576	2851
588	3953
561	3404
747	4098
621	3952
522	4131
573	3817
705	4150
676	4843
676	6396
855	8442
547	3974
592	4308
669	4524
674	6037
645	5022
637	2840
583	1761
575	2128
621	3794
602	4621
549	3853
651	3230
587	2181
607	2054
559	1965
593	2096
562	2601
579	2511
567	2707
606	2863
619	4217
632	4446
650	4695
604	4825
716	4744
759	4616
725	5774
727	5958
733	6366
663	4718
640	3684
636	3484
577	3137
621	2826
628	2106
567	1686
580	1635
549	1855
583	2385
611	3305
608	3824
708	4451
696	4636
683	4049
642	4587
658	5032
586	4754
651	3942
594	2405
496	2228
533	1754
510	1460
584	1611
498	1883
512	1648
548	1399
570	1333
599	1348
635	1411
567	1196
566	1018
536	912
542	982
616	931
652	851
614	782
600	754
650	898
620	987
585	1050
582	949
626	975
584	997
569	1060
550	1004
558	957
611	919
613	898
567	742
580	924
561	930
673	1137
606	1133
661	1295
696	1358
641	1530
683	1529
655	1465
666	1351
804	1531
913	1448
761	1490
801	1358
744	1369
860	1323
974	1452
1026	1579
1093	1931
1007	2280
1194	3108
1564	3369
1795	3411
1755	3155
1754	3238
2105	3798
2719	10039
3222	14761
3045	14694
2959	13573
3240	16205
4099	18771
5051	20355
5061	20253
5066	20335
5359	20909
6275	22193
7211	22850
7757	23107
7896	23250
8299	23487
9225	23486
9794	22726
9580	22324
9582	22505
9720	22728
9576	21946
9483	20132
8878	17641
8564	18839
8058	19555
7723	18137
7706	16359
7565	15526
7710	15411
7897	14773
7805	9488
7634	3197
7029	2006
6632	1682
6768	1769
6739	2037
6360	1975
5763	1893
5652	1751
6041	2285
5934	2126
5181	1739
4284	1498
3886	1495
3643	1315
3734	1396
3335	1215
2797	1202
2654	1071
2780	1072
3083	1185
2660	1360
2263	1295
2194	1428
1986	1245
1906	1378
1813	1252
1630	1274
1554	1227
1627	1175
1726	1326
1559	1254
1551	1193
1541	1048
1342	1061
1261	1309
1215	1133
1106	1199
1016	926
957	923
982	1070
1066	1135
855	969
917	1036
951	1090
981	969
898	1093
777	1064
818	1328
837	1523
826	1528
726	1230
824	1270
828	1137
751	1198
735	1041
771	1047
728	1054
749	1135
837	1022
799	1162
831	1089
830	999
849	1046
899	1209
867	1244
884	1234
840	1455
967	1547
894	1249
958	1082
988	1373
905	1042
773	1154
769	1317
785	1250
811	988
796	1195
829	1273
901	1149
825	1256
901	1046
842	1018
925	969
908	988
873	1049
931	1071
1012	1021
1015	1070
1055	1039
1055	1159
1025	1194
1100	1193
1061	1171
976	1062
876	1147
864	1013
980	888
861	1108
878	1019
830	955
847	970
881	945
932	1006
952	1013
936	887
979	995
1083	934
1018	849
1070	869
1068	902
1088	940
1030	959
994	1001
998	922
906	853
892	984
849	1057
910	885
918	957
784	1008
793	887
843	989
802	935
788	939
785	968
844	1069
861	1040
830	1171
866	1068
929	1043
896	961
829	950
858	921
885	926
877	1099
887	907
876	854
871	929
821	993
790	994
865	962
837	1025
744	869
760	999
723	915
811	902
810	1078
865	924
805	887
780	942
835	912
821	1165
765	1003
815	984
795	901
806	832
760	813
761	935
675	1070
724	1027
670	1006
640	1037
708	1065
699	1013
653	1046
694	956
683	1005
605	960
588	896
597	806
685	923
593	960
567	994
684	1018
660	1116
632	1428
606	1522
632	1278
647	1089
696	1242
681	1415
623	1209
577	1209
597	1337
643	1423
595	1122
614	1078
597	982
587	1006
602	1339
643	1486
615	1517
647	1264
652	1102
662	1104
642	1129
598	1099
656	1019
578	1012
638	1100
632	985
667	1075
675	1091
626	1078
600	1076
667	976
632	1183
743	1086
705	1047
642	1048
683	1083
677	1290
708	1058
668	1200
680	1531
679	2226
695	2557
755	2763
737	2781
670	2470
722	2054
641	1618
696	1185
704	2076
716	1900
713	1905
700	1604
696	1051
708	1112
740	1158
727	1169
756	1686
769	1591
783	2031
890	2454
863	3009
1041	2556
1048	2484
1011	2043
1039	1988
1209	1625
1709	1826
2141	2092
2224	2119
2202	1859
2455	1520
2929	1534
3387	1633
3634	1728
3548	1798
3719	2022
3843	2148
3611	1812
3083	1512
2914	1494
2869	1231
2518	1386
2086	1373
2079	1277
2200	1315
2310	1336
2185	1274
2113	1297
1969	1121
2047	1159
2147	1244
1994	1280
1743	1303
1593	1187
1757	1101
1764	1193
1714	1170
1833	1045
1771	930
1746	853
1721	896
1737	910
1776	1071
1846	1151
1837	1125
1807	1100
1736	973
2055	1180
2264	1101
2461	1255
2405	1076
2619	1248
2830	1390
3125	1465
3323	1582
3260	1541
3169	1560
3082	1562
3140	1461
3107	1268
2972	1335
2808	1309
2685	1247
2686	1165
2823	1177
2809	1314
2934	1248
2906	1319
3223	1318
3431	1588
3739	1653
3825	1701
4030	1430
4160	1424
4070	1573
3837	1513
3756	1513
3458	1513
3364	1450
3000	1432
2705	1335
2545	1311
2429	1250
2353	1340
2244	1267
2090	1409
2199	1230
2224	1282
2396	1225
2118	1222
1992	1411
2005	1241
2047	1228
2019	1228
1577	1120
1289	996
1105	958
1241	903
1172	859
1039	786
921	914
919	955
926	974
845	854
803	717
834	675
813	774
752	939
810	1003
738	949
667	941
694	873
630	969
630	940
658	914
622	732
635	934
658	911
683	729
685	804
627	926
674	945
730	980
626	1024
719	861
735	781
749	951
740	1039
704	857
697	936
674	975
737	992
803	944
694	1052
768	1040
771	1016
764	1086
753	932
777	1025
774	1023
775	923
838	882
837	946
836	795
907	886
821	935
917	929
884	907
935	776
926	844
877	865
910	837
878	886
885	842
859	828
860	848
936	856
979	990
923	951
1121	997
1088	1034
1130	935
1036	883
1148	897
1108	1048
1060	890
1065	874
1026	879
1000	767
942	731
893	744
891	834
827	995
812	964
777	888
804	933
834	809
876	949
898	889
983	970
980	1087
991	1140
942	959
1009	934
932	778
1001	706
893	706
945	687
862	818
863	1145
838	1036
759	999
787	974
767	759
677	786
653	888
709	642
742	803
736	809
745	822
841	904
741	922
759	830
841	1030
802	1036
816	1050
762	891
709	912
723	1122
716	1067
663	815
680	1034
731	820
694	944
717	1027
629	800
720	718
624	824
675	845
672	890
751	914
713	852
699	839
777	794
684	869
654	809
691	938
714	952
726	824
705	758
702	765
688	843
687	755
667	722
633	803
713	992
665	941
604	1029
711	861
587	1013
644	951
629	872
666	898
684	868
699	861
641	922
599	837
647	728
573	774
646	799
590	827
662	906
602	742
528	701
584	689
588	704
626	711
626	679
568	693
552	756
633	816
578	811
650	723
615	764
636	866
653	596
600	743
637	618
618	566
669	648
583	705
572	773
594	860
614	701
603	692
575	699
553	604
605	721
585	673
606	713
569	832
672	761
560	729
610	731
640	809
637	878
686	853
677	853
654	852
647	679
707	698
619	772
650	754
641	809
719	780
671	701
693	709
724	723
748	798
709	855
689	718
708	710
678	773
691	905
681	920
737	707
742	762
668	737
743	850
763	790
759	674
713	854
681	844
704	813
706	814
862	750
772	809
807	899
706	672
711	772
738	859
686	880
811	787
805	737
853	781
848	861
877	823
798	800
810	694
816	752
832	756
783	798
794	738
777	710
802	805
814	814
800	849
790	826
751	771
755	728
737	701
750	878
696	736
745	713
614	839
626	833
648	826
679	809
675	756
695	753
667	759
594	778
645	757
632	603
651	639
629	689
603	827
582	756
561	607
591	697
517	736
659	727
583	718
578	743
587	783
567	693
549	679
551	840
587	838
542	695
576	693
612	680
567	653
617	715
617	770
642	652
582	635
547	667
546	724
570	709
580	756
659	727
574	749
564	648
501	745
563	778
578	763
502	770
561	607
501	665
472	650
564	665
514	623
500	663
531	619
538	612
479	613
502	536
524	566
473	664
480	739
519	758
451	730
475	760
485	805
518	787
463	763
490	809
477	804
488	645
447	814
503	735
454	797
448	730
496	751
499	818
473	817
427	831
453	762
500	769
448	887
490	2047
497	1080
429	1274
463	2815
560	4261
541	5356
550	5191
529	4838
554	4635
524	4184
622	5715
556	5445
565	4643
554	3683
475	1470
441	959
377	1125
375	771
441	845
428	725
435	732
419	687
445	622
422	600
381	609
413	683
403	758
369	708
428	662
398	766
381	685
386	653
408	630
471	671
419	681
404	737
418	692
425	624
393	589
461	616
467	721
416	744
426	797
476	716
429	649
438	638
445	677
422	712
477	605
435	628
405	742
453	729
434	727
419	760
390	740
435	661
386	529
436	780
418	673
450	707
448	691
449	667
412	662
420	608
436	572
417	605
404	576
410	612
383	521
437	587
449	526
417	643
435	628
457	599
452	605
440	559
418	624
408	667
460	761
376	639
419	682
410	717
434	648
413	577
418	580
438	607
461	613
400	560
405	771
430	668
426	686
476	609
414	631
381	602
424	537
447	550
435	524
451	697
426	570
419	679
420	677
423	691
428	725
408	612
449	609
494	653
365	689
415	687
406	598
446	609
399	611
428	649
445	648
455	700
426	684
420	534
405	673
452	636
441	517
469	520
412	623
411	612
442	520
457	515
444	527
410	581
423	615
451	691
392	678
436	661
428	602
408	638
423	657
459	661
431	560
426	610
408	608
414	586
392	644
399	671
424	664
444	609
420	624
452	596
438	701
442	658
470	625
514	596
462	588
457	677
488	525
459	719
448	616
474	728
459	713
429	594
447	614
460	661
469	726
458	661
437	614
445	642
490	642
427	675
469	628
413	657
432	600
461	576
448	569
540	638
411	738
480	639
437	652
453	551
442	636
460	683
449	665
447	575
485	653
439	840
493	796
475	760
462	691
453	613
485	604
480	651
495	700
448	681
504	768
489	598
458	639
471	600
513	687
473	607
436	606
492	600
479	603
509	627
495	575
483	687
525	607
479	703
505	692
538	640
552	618
526	761
569	985
533	990
550	809
548	843
568	900
529	862
511	707
529	687
492	621
512	560
507	591
479	595
552	486
577	606
551	603
561	663
555	610
556	506
546	547
554	523
590	515
548	531
518	590
590	524
550	570
486	492
523	564
556	537
506	509
533	497
542	528
533	465
510	462
532	494
522	524
497	483
550	455
525	528
482	475
504	513
517	531
537	499
518	498
496	451
520	453
524	519
497	509
502	489
466	433
535	466
467	504
481	531
467	541
482	515
471	600
485	542
511	460
513	485
518	476
566	491
501	499
527	446
555	480
473	461
518	543
543	524
511	474
480	441
481	465
527	500
424	501
494	464
439	443
492	462
474	442
490	466
480	430
447	398
465	422
454	358
485	387
460	410
432	335
442	329
460	417
413	420
461	432
418	387
463	400
445	402
442	408
432	430
424	373
432	413
430	402
424	407
444	454
453	396
447	428
453	474
387	380
399	385
439	347
417	391
431	384
414	380
406	420
445	454
416	380
443	343
420	377
439	387
411	470
424	417
468	384
450	364
426	349
434	389
380	425
430	397
439	434
414	387
438	393
412	387
388	368
409	341
397	378
412	363
482	429
493	358
435	426
430	388
429	376
410	422
450	392
401	395
399	389
457	395
448	350
414	417
416	450
398	388
477	390
437	409
467	386
450	399
419	411
430	330
466	387
481	369
437	389
410	366
427	365
451	356
402	379
447	433
443	386
408	419
413	391
434	344
441	316
430	363
412	364
429	368
436	381
409	368
418	398
455	344
454	362
484	361
450	354
464	354
461	353
442	321
435	383
472	367
429	403
414	498
435	503
430	498
445	472
458	484
422	451
467	391
411	358
437	352
425	346
437	384
422	385
463	360
408	379
477	376
425	425
412	352
474	311
484	395
439	401
428	457
432	441
432	357
455	352
457	367
427	368
478	357
465	386
432	389
426	463
461	387
